0.116092466 0.0 0.0 0.0 0.0 0.001956629 0.20955265 0.0 0.0 0.0 0.0 0.0 0.055513296 0.09113284 0.0 0.0 0.0 0.0 0.0 0.0 0.0009827067 0.002409261 0.0 0.0 0.0 0.0 0.0 0.0 0.07359924 0.010740775 0.0 0.0 0.0 0.04862365 0.044574846 0.0 0.0 0.0 0.004469135 0.14293483 0.022646312 0.020937342 0.014081367 0.033375494 0.019439911 0.0 0.052099656 0.049714882 0.0 0.0 0.0 0.0 0.0 0.09644467 0.0066219294 0.029982226
0.0 0.10864928 0.0 0.0 0.0 0.031722732 0.0 0.11156546 0.0687949 0.0 0.048790947 0.0 0.010826482 0.0008147599 0.01175741 0.011205958 0.0 0.0 0.0121217035 0.0 0.0 0.0 0.0 0.039265152 0.0 0.0 0.012117234 0.047639813 0.0 0.017828314 0.03957787 0.02930841 0.0 0.0075237653 0.010365326 0.03038688 0.0 0.032875016 0.0 0.013248472 0.0 0.0 0.037051976 0.0 0.0 0.0 0.05271489 0.00967916 0.05216415 0.0 0.0 0.030076481 0.0 0.0 0.027717372 0.0
0.0 0.0 0.105719954 0.0 0.009211422 0.051357858 0.020049008 0.0 0.0 0.032701794 0.0 0.0 0.0 0.0 0.0 0.0 0.022467835 0.0 0.022417149 0.0 0.0 0.027012883 0.0 0.0 0.059620615 0.0 0.0020124668 0.030248458 0.12208149 0.0 0.00660514 0.0052174893 0.0 0.007303081 0.008967322 0.0 0.10627478 0.0 0.0 0.0 0.0 0.026649093 0.078505225 0.0 0.0 0.038262583 0.0 0.0 0.0 0.0 0.0 0.0 0.07453618 0.0040812166 0.0 0.1016155
0.0 0.0 0.0 0.0 0.0 0.0 0.0 0.033321228 0.0 0.0 0.0 0.011887878 0.0 0.0 0.033406787 0.0 0.0 0.022224203 0.0 0.0 0.0 0.05107905 0.07392099 0.068086974 0.015081645 0.0 0.03976367 0.06762668 0.0 0.0 0.0 0.0 0.027930578 0.0 0.0 0.18606226 0.0 0.0 0.0 0.0 0.14468594 0.047664214 0.0 0.0 0.0 0.0 0.0 0.0 0.0 0.0 0.0 0.053442415 0.0 0.0 0.0 0.0
0.0 0.0 0.009211421 0.0 0.0 0.0 0.0 0.021428334 0.123513676 0.0 0.0 0.1381641 0.0 0.0 0.0 0.0 0.07197218 0.0 0.062165715 0.11844611 0.0 0.0 0.0 0.0 0.017031029 0.0 0.0067112967 0.0 0.0 0.021774704 0.046725936 0.14768936 0.08667271 0.0 0.0 0.05887382 0.0 0.013135456 0.0 0.0 0.0 0.01430046 0.0059143077 0.0 0.0 0.0 0.0 0.0 0.06676208 0.0 0.01137452 0.0 0.0 0.0 0.0 0.0
0.001956629 0.031722732 0.051357858 0.0 0.0 0.0 0.0 0.0016367659 0.0 0.0 0.0 0.011839629 0.0 0.0 0.012671717 0.0 0.028963862 0.0 0.05152767 0.047759168 0.037860032 0.010693724 0.0 0.0 0.028114973 0.0018659662 0.018437915 0.0 0.0 0.01589627 0.04959397 0.01933316 0.0 0.0 0.0 0.0 0.0 0.0 0.008209355 0.0 0.012039487 0.028978169 0.03401515 0.0 0.03424623 0.0 0.0 0.0 0.0 0.0 0.097823575 0.094444446 0.038643576 0.0 0.0 0.064593635
0.20955265 0.0 0.020049008 0.0 0.0 0.0 0.0 0.00794014 0.0 0.0 0.0 0.0 0.03393003 0.018119993 0.0 0.0 0.0 0.0 0.0 0.0 0.0 0.0 0.0 0.009400772 0.0 0.06766868 0.0 0.057941414 0.062026557 0.0 0.0 0.0 0.0 0.0 0.08072877 0.0 0.022310425 0.0 0.0 0.022279209 0.06794819 0.0 0.0 0.024925375 0.0 0.0 0.0 0.0 0.0 0.029579781 0.017858904 0.0 0.013550578 0.021468949 0.0 0.105156556
0.0 0.11156546 0.0 0.033321228 0.021428334 0.0016367659 0.00794014 0.0 0.0 0.0 0.006272637 0.010304125 0.08957929 0.07022198 0.023310399 0.0 0.032631427 0.0 0.0 0.0 0.056555204 0.0 0.0 0.0 0.074730776 0.0 0.01200639 0.0 0.018757759 0.005797201 0.0 0.0 0.0 0.0039882236 0.0 0.0 0.0 0.032420136 0.019503389 0.06688622 0.0 0.0 0.009237183 0.025344212 0.08365727 0.012374414 0.11824575 0.014596317 0.032253433 0.0 0.0 0.0 0.010863047 0.024056384 0.0349563 0.0
0.0 0.0687949 0.0 0.0 0.123513676 0.0 0.0 0.0 0.0 0.0 0.027319914 0.07231813 0.026317205 0.0 0.042872645 0.042218026 0.07603801 0.0 0.010015232 0.06403965 0.057149895 0.0 0.0 0.0 0.0 0.0 0.014719042 0.0 0.0 0.036732305 0.00449511 0.11170782 0.069274195 0.0 0.0 0.025188034 0.0 0.03357868 0.004706908 0.0 0.0 0.016847383 0.09686672 0.0 0.0 0.0 0.008222942 0.0 0.047199447 0.0 0.0 0.0 0.0 0.0 0.015209386 0.0
0.0 0.0 0.032701794 0.0 0.0 0.0 0.0 0.0 0.0 0.0 0.0 0.0 0.05414452 0.09150066 0.0 0.0 0.0 0.0 0.0 0.027618462 0.08253729 0.0 0.0 0.0 0.0 0.01690923 0.061175406 0.0070553077 0.10910632 0.0 0.012445534 0.0 0.0 0.0 0.0 0.0 0.0009394844 0.06651617 3.8895665e-05 0.088153906 0.05485028 0.0 0.0 0.054203052 0.025639344 0.0 0.0 0.030506196 0.0 0.007934111 0.0 0.0 0.0 0.03547557 0.033612255 0.022632988
0.0 0.048790943 0.0 0.0 0.0 0.0 0.0 0.006272637 0.027319914 0.0 0.089137204 0.103896275 0.0 0.0 0.07770532 0.0 0.004208476 0.0 0.0 0.0 0.018978462 0.0 0.0 0.020751983 0.0 0.0 0.0 0.0 0.0 0.030802596 0.0 0.014353229 0.09417987 0.0 0.0 0.038331866 0.028030803 0.057346564 0.048074383 0.0 0.010362213 0.07024546 0.0 0.0 0.0 0.0 0.0 0.013949454 0.0 0.0 0.07542001 0.052385222 0.0 0.01299953 0.0 0.0
0.0 0.0 0.0 0.011887877 0.13816409 0.011839629 0.0 0.010304125 0.07231813 0.0 0.103896275 0.0 0.0 0.0 0.0 0.0 0.0 0.0524504 0.057651777 0.0 0.010292495 0.039370425 0.068118475 0.044062153 0.031707045 0.0 0.0 0.02466547 0.0 0.0 0.019906366 0.01686144 0.0 0.0 0.035745524 0.029085128 0.014351085 0.01532198 0.0 0.0 0.0 0.0 0.0 0.0 0.0 0.0010343188 0.0 0.0 0.0074891807 0.0 0.07748079 0.0034721505 0.053422816 0.0 0.0 0.0
0.055513296 0.010826482 0.0 0.0 0.0 0.0 0.03393003 0.0895793 0.026317205 0.05414452 0.0 0.0 0.14611703 0.004101469 0.0 0.0 0.0 0.0051198686 0.008131542 0.101782925 0.0 0.0 0.0 0.023963984 0.0 0.01944722 0.0 0.0 0.061531164 0.0 0.0 0.030156659 0.0 0.018840205 0.08352387 0.0 0.0 0.0 0.0 0.0064820615 0.0 0.0 0.0719718 0.0 0.08224231 0.0 0.0 0.006804753 0.0 0.0 0.0 0.0 0.0 0.0 0.015301169 0.0
0.09113284 0.0008147599 0.0 0.0 0.0 0.0 0.018119993 0.07022198 0.0 0.09150066 0.0 0.0 0.004101469 0.015693871 0.0 0.0 0.0 0.016912062 0.0 0.0 0.0 0.05685818 0.0093662795 0.0 0.008997251 0.14034048 0.0353775 0.0 0.04115968 0.0 0.022549836 0.0 0.0 0.06916435 0.08815204 0.0 0.04579074 0.012238449 0.0 0.0074962587 0.0 0.06551273 0.0 0.08156304 0.053551693 0.0 0.025171774 0.0 0.0 0.0 0.0 0.03191358 0.015465398 0.022212567 0.0 0.03227313
0.0 0.01175741 0.0 0.033406787 0.0 0.012671717 0.0 0.023310397 0.04287264 0.0 0.07770532 0.0 0.0 0.0 0.0 0.0 0.0 0.0 0.0 0.01773498 0.0058775158 0.0 0.016233282 0.0 0.026457617 0.0 0.027610257 0.0 0.0 0.0 0.01446598 0.038537636 0.009447734 0.0 0.040378537 0.037297133 0.0 0.01577571 0.0 0.03288425 0.004820359 0.0 0.09174963 0.0 0.0 0.0 0.0 0.07123789 0.0939233 0.0 0.024136936 0.0 0.0 0.0 0.104985096 0.0
0.0 0.011205957 0.0 0.0 0.0 0.0 0.0 0.0 0.042218026 0.0 0.0 0.0 0.0 0.0 0.0 0.0 0.0 0.0 0.014116727 0.0 0.0 0.0 0.021088906 0.057227872 0.0 0.0 0.064574994 0.054337297 0.0 0.0 0.0 0.052808 0.0 0.034754366 0.034553453 0.019055452 0.0 0.0053176368 0.009791358 0.08035424 0.081326045 0.031150378 0.02807571 0.0 0.0 0.0 0.0 0.047413386 0.0 0.0 0.0 0.022881584 0.0 0.081085615 0.01794477 0.0
0.0 0.0 0.022467835 0.0 0.071972184 0.028963862 0.0 0.032631427 0.07603802 0.0 0.004208476 0.0 0.0 0.0 0.0 0.0 0.036852553 0.12253265 0.09364317 0.009826043 0.0 0.008266523 0.032851692 0.010623166 0.025363067 0.0 0.0 0.034524437 0.0 0.028071307 0.036304034 0.018492244 0.0064320303 0.0 0.0 0.012334545 0.003587803 0.0 0.0 0.0 0.0 0.0 0.0 0.0 0.0 0.18137953 0.039340038 0.0 0.0062378994 0.0 0.025954604 0.03058948 0.09524634 0.0 0.0 0.0
0.0 0.0 0.0 0.0222242 0.0 0.0 0.0 0.0 0.0 0.0 0.0 0.0524504 0.0051198686 0.016912062 0.0 0.0 0.12253265 0.0 0.0 0.0 0.0 0.014914137 0.032866355 0.0 0.0 0.07030937 0.014134296 0.032883577 0.029411377 0.0 0.039309323 0.0 0.105200075 0.0 0.0 0.0 0.0 0.0 0.06563843 0.03701606 0.121992834 0.0 0.0 0.0 0.0 0.0 0.0 0.0 0.024761645 0.0049196985 0.044199783 0.012833102 0.023362586 0.0 0.0 0.0
0.0 0.0121217035 0.02241715 0.0 0.06216571 0.051527675 0.0 0.0 0.010015232 0.0 0.0 0.057651773 0.008131542 0.0 0.0 0.014116726 0.09364317 0.0 0.0 0.111975975 0.0 0.021548782 0.005260698 0.0 0.048987947 0.0 0.013906643 0.017888315 0.0 0.025804928 0.023409178 0.02613718 0.06972616 0.019929571 0.0 0.0033704531 0.0 0.062506765 0.0 0.0 0.0 0.0 0.0 0.0 0.0 0.03512402 0.0 0.011842821 0.079665564 0.0 0.012207093 0.0 0.023058666 0.0 0.0 0.0
0.0 0.0 0.0 0.0 0.118446104 0.047759168 0.0 0.0 0.06403965 0.027618462 0.0 0.0 0.101782925 0.0 0.017734978 0.0 0.009826042 0.0 0.11197598 0.0 0.027938906 0.0050100307 0.0 0.037484564 0.0 0.0 0.0 0.017862022 0.0 0.0 0.064739816 0.0677627 0.0 0.03644502 0.003887668 0.044749007 0.10095693 0.0 0.0 0.0 0.0 0.011312406 0.031262282 0.0 0.0 0.0 0.0 0.004380737 0.0 0.0 0.0048976974 0.008303642 0.0 0.013722624 0.0012415174 0.0
0.0009827066 0.0 0.0 0.0 0.0 0.037860036 0.0 0.056555204 0.057149895 0.08253729 0.01897846 0.010292494 0.0 0.0 0.0058775158 0.0 0.0 0.0 0.0 0.027938904 0.0 0.11259933 0.051102735 0.07469252 0.0 0.0 0.0 0.044990413 0.0 0.0 0.05639946 0.014040023 0.023279523 0.00073381374 0.0 0.021958448 0.040272105 0.0 0.007987758 0.0 0.0 0.0 0.0 0.0 0.0 0.0073847235 0.0 0.0 0.0 0.0 0.06945929 0.14861567 0.0 0.0 0.0 0.0
0.0024092607 0.0 0.027012883 0.05107905 0.0 0.010693723 0.0 0.0 0.0 0.0 0.0 0.03937042 0.0 0.05685818 0.0 0.0 0.008266522 0.014914138 0.021548783 0.005010031 0.11259933 0.034373038 0.02542312 0.0 0.07585346 0.02462151 0.0046066465 0.0 0.0 0.14281444 0.017808197 0.0 0.057918567 0.059153803 0.0 0.0 0.0 0.0050198683 0.0 0.0 0.005098132 0.0 0.0 0.03928626 0.0 0.021342294 0.024579784 0.0 0.0 0.09389723 0.0 0.0 0.0551288 0.0 0.0 0.010436736
0.0 0.0 0.0 0.07392099 0.0 0.0 0.0 0.0 0.0 0.0 0.0 0.068118475 0.0 0.00936628 0.01623328 0.021088906 0.032851692 0.032866355 0.005260698 0.0 0.05110274 0.025423123 0.011172505 0.0 0.08754618 0.0 0.0957612 0.0062376433 0.0 0.0 0.0 0.0 0.057358764 0.038719065 0.0 0.0 0.0 0.0074339183 0.094298534 0.032660104 0.01342904 0.086956106 0.034866333 0.009948201 0.035200514 0.0 0.0 0.001574775 0.030889431 0.0 0.001011982 0.0 0.036224976 0.055137586 0.0 0.04367854
0.0 0.039265152 0.0 0.06808698 0.0 0.0 0.009400772 0.0 0.0 0.0 0.020751985 0.04406215 0.023963984 0.0 0.0 0.057227876 0.010623166 0.0 0.0 0.037484564 0.07469252 0.0 0.0 0.0 0.08034803 0.0 0.0 0.0 0.0 0.021798318 0.0 0.0 0.008576073 0.044598043 0.0 0.0 0.0 0.000997499 0.08601537 0.08323122 0.0 0.0 0.030140521 0.06623966 0.03456206 0.0 0.07709228 0.0 0.037315924 0.0 0.0 0.0 0.0 0.0 0.04442897 0.0
0.0 0.0 0.059620623 0.015081646 0.017031029 0.028114974 0.0 0.074730776 0.0 0.0 0.0 0.031707045 0.0 0.008997251 0.026457615 0.0 0.025363069 0.0 0.04898795 0.0 0.0 0.07585345 0.08754618 0.08034803 0.0 0.06413181 0.0030141824 0.029279545 0.0 0.06779584 0.062583014 0.0 0.06129417 0.0 0.027788727 0.010682097 0.008944085 0.0 0.0 0.0 0.0 0.0 0.0 0.0 0.00855697 0.11308267 0.0071889698 0.0 0.022685077 0.023211233 0.0 0.024689518 0.007971947 0.01043708 0.0 0.0
0.0 0.0 0.0 0.0 0.0 0.0018659664 0.06766868 0.0 0.0 0.01690923 0.0 0.0 0.019447222 0.14034048 0.0 0.0 0.0 0.07030937 0.0 0.0 0.0 0.02462151 0.0 0.0 0.06413181 0.0 0.08115042 0.021282298 0.0 0.0 0.0 0.0034223027 0.0 0.09378194 0.053838104 0.0 0.0 0.0 0.0 0.104528 0.0 0.0 0.0 0.03243087 0.01372952 0.012281601 0.006706178 0.04078899 0.0 0.013286544 0.0 0.0 0.05351451 0.102579154 0.0 0.008232054
0.0 0.012117235 0.0020124665 0.03976367 0.0067112963 0.018437913 0.0 0.012006389 0.014719043 0.06117541 0.0 0.0 0.0 0.0353775 0.027610257 0.064574994 0.0 0.014134296 0.013906642 0.0 0.0 0.0046066465 0.0957612 0.0 0.0030141824 0.08115042 0.07277959 0.020241927 0.0 0.0 0.0 0.0 0.0 0.0 0.0 0.037988804 0.0 0.03572725 0.0087361885 0.024456974 0.04300749 0.0 0.0 0.0 0.039760593 0.0 0.006887447 0.018008519 0.0012116962 0.0 0.109587856 0.03557113 0.0 0.049539145 0.0 0.0
0.0 0.047639813 0.030248458 0.06762668 0.0 0.0 0.05794141 0.0 0.0 0.0070553077 0.0 0.024665467 0.0 0.0 0.0 0.054337297 0.03452444 0.032883577 0.017888315 0.017862022 0.044990413 0.0 0.0062376433 0.0 0.029279545 0.021282298 0.020241927 0.0 0.0 0.0026216093 0.012760219 0.023034345 0.0 0.09821513 0.011409694 0.008841515 0.0 0.008656394 0.021161612 0.0 0.0 0.0266111 0.0 0.069015935 0.011573349 0.0 0.08097578 0.071173504 0.03413176 0.0 0.0 0.0 0.0 0.073524855 0.0075757806 0.0
0.073599234 0.0 0.12208149 0.0 0.0 0.0 0.062026553 0.018757759 0.0 0.10910632 0.0 0.0 0.061531164 0.04115968 0.0 0.0 0.0 0.02941138 0.0 0.0 0.0 0.0 0.0 0.0 0.0 0.0 0.0 0.0 0.07626157 0.019935243 0.0 0.0 0.0 0.0 0.0 0.0 0.0 0.0 0.0 0.06500151 0.0 0.0 0.0 0.014956841 0.0 0.082433976 0.11465715 0.009617017 0.0 0.06508032 0.0 0.0 0.0 0.0 0.0 0.0
0.010740775 0.017828314 0.0 0.0 0.021774704 0.015896268 0.0 0.005797201 0.036732305 0.0 0.030802596 0.0 0.0 0.0 0.0 0.0 0.028071305 0.0 0.02580493 0.0 0.0 0.14281444 0.0 0.021798318 0.06779584 0.0 0.0 0.0026216093 0.019935243 0.0 0.042449318 0.0069977553 0.008715171 0.0 0.0 0.048640262 0.025424875 0.029488325 0.0 0.0 0.015112438 0.01605546 0.059407312 0.032469217 0.0 0.03508486 0.023357458 0.0 0.0 0.0 0.0 0.0 0.12119637 0.03050584 0.0 0.03244973
0.0 0.03957787 0.00660514 0.0 0.046725936 0.04959397 0.0 0.0 0.00449511 0.012445534 0.0 0.019906364 0.0 0.022549836 0.01446598 0.0 0.036304034 0.039309327 0.023409178 0.06473982 0.05639946 0.017808197 0.0 0.0 0.062583014 0.0 0.0 0.01276022 0.0 0.042449318 0.0 0.010341746 0.027382502 0.0 0.0 0.06666137 0.0 0.0 0.065651335 0.0 0.021684984 0.062096227 0.03293399 0.0 0.0019923788 0.0 0.0 0.0 0.08761808 0.0 0.019728431 0.0 0.07325533 0.0 0.0 0.00023268645
0.0 0.02930841 0.00521749 0.0 0.14768936 0.01933316 0.0 0.0 0.11170782 0.0 0.014353229 0.01686144 0.030156657 0.0 0.03853764 0.052807998 0.018492246 0.0 0.02613718 0.0677627 0.014040022 0.0 0.0 0.0 0.0 0.0034223024 0.0 0.023034345 0.0 0.0069977553 0.010341746 0.047508646 0.06872911 0.0 0.0 0.05424282 0.0 0.07951775 0.0 0.0 0.0 0.0 0.03185256 0.0 0.0 0.00309375 0.0 0.028869165 0.013857453 0.0 0.006942442 0.0 0.0 0.0 0.0010398562 0.0
0.0 0.0 0.0 0.027930578 0.08667271 0.0 0.0 0.0 0.06927419 0.0 0.09417987 0.0 0.0 0.0 0.009447734 0.0 0.0064320303 0.105200075 0.06972616 0.0 0.023279522 0.05791857 0.057358764 0.008576073 0.061294165 0.0 0.0 0.0 0.0 0.00871517 0.027382502 0.06872911 0.0 0.0 0.0 0.005795718 0.015571663 0.041828 0.0 0.0 0.0 0.0100557655 0.0 0.0 0.0 0.0 0.0 0.0 0.018435655 0.026572123 0.021409646 0.0 0.018992059 0.0 0.0 0.0
0.04862365 0.007523765 0.007303081 0.0 0.0 0.0 0.0 0.0039882236 0.0 0.0 0.0 0.0 0.018840207 0.06916435 0.0 0.034754362 0.0 0.0 0.019929571 0.036445018 0.00073381374 0.059153803 0.038719065 0.04459804 0.0 0.09378194 0.0 0.09821513 0.0 0.0 0.0 0.0 0.0 0.0 0.022933008 0.0 0.0 0.0 0.0 0.030104797 0.037017968 0.0051420922 0.0 0.015444202 0.009171354 0.027939139 0.0 0.0 0.0 0.051550046 0.049305167 0.0 0.0 0.0 0.05714311 0.006907418
0.044574846 0.010365326 0.008967322 0.0 0.0 0.0 0.08072878 0.0 0.0 0.0 0.0 0.035745524 0.08352386 0.08815204 0.040378533 0.034553453 0.0 0.0 0.0 0.0038876678 0.0 0.0 0.0 0.0 0.027788727 0.0538381 0.0 0.011409694 0.0 0.0 0.0 0.0 0.0 0.022933006 0.0 0.0 0.0 0.0 0.020737639 0.053627558 0.0 0.026089283 0.0073481062 0.1032917 0.02154611 0.0 0.04694146 0.051122524 0.0 0.0 0.0 0.0 0.0 0.070649296 0.076693684 0.0
0.0 0.03038688 0.0 0.18606226 0.058873825 0.0 0.0 0.0 0.025188034 0.0 0.038331866 0.02908513 0.0 0.0 0.03729713 0.019055454 0.012334545 0.0 0.0033704531 0.044749007 0.021958448 0.0 0.0 0.0 0.010682096 0.0 0.0379888 0.008841514 0.0 0.048640266 0.06666137 0.05424282 0.005795718 0.0 0.0 0.02709392 0.0 0.057370286 0.029136047 0.0 0.0 0.03136346 0.03271471 0.0 0.0 0.039713625 0.008479847 0.0 0.032215156 0.0 0.032272562 0.0 0.066833906 0.0 0.01551521 0.0
0.0 0.0 0.10627478 0.0 0.0 0.0 0.022310423 0.0 0.0 0.0009394844 0.028030803 0.014351085 0.0 0.045790743 0.0 0.0 0.003587803 0.0 0.0 0.10095693 0.0402721 0.0 0.0 0.0 0.008944085 0.0 0.0 0.0 0.0 0.025424877 0.0 0.0 0.015571663 0.0 0.0 0.0 0.0 0.0 0.0335101 0.03325403 0.016859846 0.056967948 0.0334971 0.08178574 0.039452966 0.0 0.0 0.0 0.078390606 0.05596415 0.0 0.0 0.029404882 0.009299383 0.07812611 0.0
0.0 0.032875016 0.0 0.0 0.013135456 0.0 0.0 0.032420136 0.03357868 0.06651617 0.057346564 0.01532198 0.0 0.012238449 0.01577571 0.0053176368 0.0 0.0 0.062506765 0.0 0.0 0.0050198683 0.0074339192 0.000997499 0.0 0.0 0.03572725 0.008656394 0.0 0.029488327 0.0 0.07951775 0.041828 0.0 0.0 0.057370286 0.0 0.0 0.086029366 0.021325247 0.016778242 0.0 0.06721196 0.0 0.0 0.024637854 0.0 0.039358493 0.03497832 0.0 0.12519869 0.03563419 0.0 0.0 0.036581874 0.029984523
0.004469135 0.0 0.0 0.0 0.0 0.008209355 0.0 0.019503389 0.004706908 3.889567e-05 0.048074383 0.0 0.0 0.0 0.0 0.009791358 0.0 0.06563842 0.0 0.0 0.007987758 0.0 0.094298534 0.086015366 0.0 0.0 0.0087361885 0.021161612 0.0 0.0 0.065651335 0.0 0.0 0.0 0.020737639 0.029136047 0.0335101 0.086029366 0.0 0.0 0.0 0.046792883 0.0 0.0 0.02392433 0.0 0.0 0.0 0.0 0.0 0.110967696 0.11344219 0.0 0.015614499 0.0 0.0
0.14293481 0.013248472 0.0 0.0 0.0 0.0 0.022279209 0.06688622 0.0 0.088153906 0.0 0.0 0.0064820615 0.0074962587 0.03288425 0.080354236 0.0 0.03701606 0.0 0.0 0.0 0.0 0.0326601 0.083231226 0.0 0.104527995 0.024456974 0.0 0.06500152 0.0 0.0 0.0 0.0 0.030104795 0.053627558 0.0 0.03325403 0.021325247 0.0 0.0 0.0 0.008020441 0.0 0.0073728133 0.08642242 0.0 0.009017197 0.0 0.0 0.0 0.0 0.0 0.0 0.0 0.0 0.069226146
0.022646312 0.0 0.0 0.14468594 0.0 0.012039488 0.0679482 0.0 0.0 0.054850277 0.010362213 0.0 0.0 0.0 0.004820359 0.081326045 0.0 0.12199284 0.0 0.0 0.0 0.0050981315 0.01342904 0.0 0.0 0.0 0.04300749 0.0 0.0 0.015112438 0.021684984 0.0 0.0 0.03701797 0.0 0.0 0.016859846 0.016778242 0.0 0.0 0.0 0.0 0.0 0.00846485 0.04903773 0.14607324 0.05228762 0.045787815 0.0 0.014619246 0.007258691 0.0 0.022466762 0.0 0.0 0.0
0.02093734 0.0 0.026649093 0.047664214 0.01430046 0.028978169 0.0 0.0 0.016847381 0.0 0.07024546 0.0 0.0 0.06551273 0.0 0.03115038 0.0 0.0 0.0 0.011312406 0.0 0.0 0.086956106 0.0 0.0 0.0 0.0 0.0266111 0.0 0.016055457 0.062096227 0.0 0.0100557655 0.005142092 0.026089283 0.03136346 0.056967948 0.0 0.046792883 0.008020442 0.0 0.0 0.039945774 0.0 0.0 0.0 0.004641518 0.012916302 0.0 0.0 0.043153044 0.0 0.0 0.0 0.08371612 0.0
0.014081367 0.037051976 0.07850522 0.0 0.0059143077 0.03401515 0.0 0.009237182 0.09686672 0.0 0.0 0.0 0.0719718 0.0 0.09174963 0.02807571 0.0 0.0 0.0 0.031262282 0.0 0.0 0.034866333 0.03014052 0.0 0.0 0.0 0.0 0.0 0.059407316 0.032933995 0.031852555 0.0 0.0 0.0073481067 0.03271471 0.0334971 0.06721196 0.0 0.0 0.0 0.03994577 0.0 0.0 0.0 0.0 0.015160854 0.0 0.0 0.0 0.03730719 0.063480325 0.0 0.0 0.0 0.0
0.033375498 0.0 0.0 0.0 0.0 0.0 0.024925375 0.02534421 0.0 0.054203052 0.0 0.0 0.0 0.08156304 0.0 0.0 0.0 0.0 0.0 0.0 0.0 0.03928626 0.009948201 0.06623966 0.0 0.03243087 0.0 0.069015935 0.014956841 0.032469217 0.0 0.0 0.0 0.015444201 0.10329169 0.0 0.08178573 0.0 0.0 0.007372813 0.00846485 0.0 0.0 0.054732703 0.0252143 0.026466958 0.0 0.0 0.0 0.089272656 0.0 0.039505053 0.0 0.033289302 0.001224279 0.055057127
0.019439913 0.0 0.0 0.0 0.0 0.03424623 0.0 0.08365727 0.0 0.025639344 0.0 0.0 0.08224231 0.053551693 0.0 0.0 0.0 0.0 0.0 0.0 0.0 0.0 0.035200514 0.03456206 0.008556969 0.01372952 0.039760593 0.01157335 0.0 0.0 0.0019923788 0.0 0.0 0.009171353 0.02154611 0.0 0.039452966 0.0 0.02392433 0.08642242 0.04903773 0.0 0.0 0.025214298 0.035668135 0.0 0.0 0.030397259 0.0 0.01574986 0.0014917793 0.004520135 0.0 0.048296254 0.12760133 0.10537922
0.0 0.0 0.038262583 0.0 0.0 0.0 0.0 0.012374414 0.0 0.0 0.0 0.0010343189 0.0 0.0 0.0 0.0 0.18137953 0.0 0.03512402 0.0 0.0073847235 0.021342296 0.0 0.0 0.11308267 0.012281601 0.0 0.0 0.082433976 0.03508486 0.0 0.00309375 0.0 0.027939139 0.0 0.039713625 0.0 0.024637854 0.0 0.0 0.14607324 0.0 0.0 0.026466956 0.0 0.0 0.005707159 0.0 0.01585678 0.013301254 0.0 0.0 0.015894383 0.0 0.0 0.011101515
0.052099656 0.05271489 0.0 0.0 0.0 0.0 0.0 0.11824575 0.008222941 0.0 0.0 0.0 0.0 0.025171774 0.0 0.0 0.039340038 0.0 0.0 0.0 0.0 0.024579782 0.0 0.07709228 0.00718897 0.0067061787 0.006887447 0.08097577 0.11465715 0.023357458 0.0 0.0 0.0 0.0 0.04694146 0.008479847 0.0 0.0 0.0 0.0090171965 0.052287616 0.004641518 0.015160853 0.0 0.0 0.005707159 0.0 0.0 0.0 0.01014537 0.0 0.022795081 0.0 0.0 0.0067116553 0.018493675
0.049714882 0.00967916 0.0 0.0 0.0 0.0 0.0 0.014596316 0.0 0.030506194 0.013949454 0.0 0.006804753 0.0 0.0712379 0.047413386 0.0 0.0 0.011842821 0.004380737 0.0 0.0 0.001574775 0.0 0.0 0.04078899 0.018008519 0.071173504 0.009617017 0.0 0.0 0.028869165 0.0 0.0 0.051122524 0.0 0.0 0.03935849 0.0 0.0 0.045787815 0.012916301 0.0 0.0 0.030397259 0.0 0.0 0.107389204 0.019346066 0.0 0.10177056 0.093134284 0.0 0.0 0.006103173 0.049826406
0.0 0.05216415 0.0 0.0 0.06676209 0.0 0.0 0.03225343 0.047199447 0.0 0.0 0.0074891816 0.0 0.0 0.0939233 0.0 0.0062378994 0.024761645 0.079665564 0.0 0.0 0.0 0.030889433 0.037315924 0.022685077 0.0 0.0012116963 0.03413176 0.0 0.0 0.087618075 0.013857453 0.018435657 0.0 0.0 0.032215156 0.078390606 0.034978315 0.0 0.0 0.0 0.0 0.0 0.0 0.0 0.01585678 0.0 0.019346064 0.028531274 0.0 0.07846792 0.039632585 0.006194755 0.0 0.005191523 0.0
0.0 0.0 0.0 0.0 0.0 0.0 0.029579781 0.0 0.0 0.007934112 0.0 0.0 0.0 0.0 0.0 0.0 0.0 0.0049196985 0.0 0.0 0.0 0.09389722 0.0 0.0 0.023211233 0.013286544 0.0 0.0 0.06508032 0.0 0.0 0.0 0.026572123 0.051550042 0.0 0.0 0.055964153 0.0 0.0 0.0 0.014619246 0.0 0.0 0.089272656 0.01574986 0.013301254 0.01014537 0.0 0.0 0.22152148 0.0 0.0 0.060564566 0.027221601 0.0 0.12972032
0.0 0.0 0.0 0.0 0.011374519 0.097823575 0.017858906 0.0 0.0 0.0 0.07542001 0.0774808 0.0 0.0 0.024136936 0.0 0.025954604 0.044199783 0.012207092 0.0048976974 0.06945929 0.0 0.001011982 0.0 0.0 0.0 0.10958785 0.0 0.0 0.0 0.019728431 0.006942442 0.021409646 0.049305167 0.0 0.032272562 0.0 0.12519869 0.110967696 0.0 0.007258691 0.043153048 0.03730719 0.0 0.0014917793 0.0 0.0 0.10177055 0.07846792 0.0 0.0 0.00014805899 0.0 0.0 0.0 0.0
0.0 0.030076481 0.0 0.053442415 0.0 0.09444445 0.0 0.0 0.0 0.0 0.052385226 0.0034721505 0.0 0.03191358 0.0 0.022881586 0.03058948 0.012833102 0.0 0.008303643 0.14861569 0.0 0.0 0.0 0.024689518 0.0 0.03557113 0.0 0.0 0.0 0.0 0.0 0.0 0.0 0.0 0.0 0.0 0.03563419 0.11344218 0.0 0.0 0.0 0.063480325 0.039505053 0.004520135 0.0 0.022795081 0.093134284 0.03963258 0.0 0.000148059 0.0 0.0 0.0 0.02435347 0.0
0.0 0.0 0.07453618 0.0 0.0 0.038643576 0.013550579 0.010863047 0.0 0.0 0.0 0.053422816 0.0 0.015465398 0.0 0.0 0.09524633 0.023362584 0.023058668 0.0 0.0 0.0551288 0.036224976 0.0 0.007971948 0.053514514 0.0 0.0 0.0 0.12119637 0.07325534 0.0 0.018992057 0.0 0.0 0.066833906 0.029404884 0.0 0.0 0.0 0.02246676 0.0 0.0 0.0 0.0 0.015894383 0.0 0.0 0.0061947554 0.06056457 0.0 0.0 0.07046455 0.0 0.0 0.0
0.09644467 0.0 0.0040812166 0.0 0.0 0.0 0.021468949 0.024056384 0.0 0.03547557 0.01299953 0.0 0.0 0.022212567 0.0 0.081085615 0.0 0.0 0.0 0.013722625 0.0 0.0 0.055137582 0.0 0.01043708 0.102579154 0.049539145 0.073524855 0.0 0.03050584 0.0 0.0 0.0 0.0 0.070649296 0.0 0.009299383 0.0 0.015614499 0.0 0.0 0.0 0.0 0.0332893 0.048296254 0.0 0.0 0.0 0.0 0.0272216 0.0 0.0 0.0 0.0 0.04780247 0.0
0.0066219294 0.027717372 0.0 0.0 0.0 0.0 0.0 0.0349563 0.015209386 0.033612255 0.0 0.0 0.015301169 0.0 0.104985096 0.01794477 0.0 0.0 0.0 0.0012415174 0.0 0.0 0.0 0.044428974 0.0 0.0 0.0 0.0075757806 0.0 0.0 0.0 0.0010398563 0.0 0.05714311 0.076693684 0.015515209 0.07812611 0.036581874 0.0 0.0 0.0 0.08371612 0.0 0.001224279 0.12760134 0.0 0.0067116558 0.006103173 0.0051915236 0.0 0.0 0.02435347 0.0 0.04780247 0.0 0.11130432
0.029982224 0.0 0.101615496 0.0 0.0 0.064593635 0.10515656 0.0 0.0 0.02263299 0.0 0.0 0.0 0.03227313 0.0 0.0 0.0 0.0 0.0 0.0 0.0 0.010436737 0.04367854 0.0 0.0 0.008232054 0.0 0.0 0.0 0.03244973 0.00023268646 0.0 0.0 0.0069074184 0.0 0.0 0.0 0.029984523 0.0 0.069226146 0.0 0.0 0.0 0.055057127 0.10537921 0.011101515 0.018493677 0.049826402 0.0 0.12972032 0.0 0.0 0.0 0.0 0.11130431 0.0
