0.0 0.040096294 0.0051039215 0.0 0.02752275 0.034081534 0.0 0.0 0.0 0.0 0.0 0.0 0.0 0.010071035 0.0 0.059356283 0.11109041 0.0043061315 0.111362584 0.018349214 0.117513336 0.0 0.0 0.0 0.08476348 0.0 0.0 0.0 0.0 0.0 0.015744569 0.0 0.0 0.005188895 0.0 0.024246747 0.0 0.08764782 0.0 0.04464687 0.0 0.08608434 0.03718998 0.0 0.0 0.0 0.08758267 0.0 0.012833013 0.030201282 0.0 0.0 0.06527169 0.0 0.0 0.0
0.04009629 0.057845727 0.05742575 0.0068024574 0.051308013 0.030531613 0.014402263 0.0 0.07930724 0.00823883 0.10876678 0.0 0.03961142 0.0274524 0.022194121 0.0 0.0 0.04356741 0.017235031 0.0 0.0 0.0 0.0 0.0 0.0 0.0 0.0 0.0 0.031860642 0.0 0.0065972707 0.025725868 0.0074079502 0.007501564 0.035900347 0.0387549 0.008832142 0.0 0.0 0.0 0.0053991643 0.0 0.0 0.0 0.0 0.06197206 0.01074484 0.019439535 0.0 0.0 0.046694618 0.013036921 0.0 0.0 0.0040112613 0.0
0.005103921 0.057425745 0.13035692 0.029351184 0.0 0.0 0.11545616 0.0 0.0 0.0 0.0055968864 0.036974125 0.0 0.0 0.08050936 0.0 0.0 0.10235882 0.056472406 0.03254618 0.0 0.020163698 0.0 0.0 0.0 0.03273792 0.0 0.008975236 0.0 0.125208 0.0337816 0.0 0.012743003 0.022812575 0.0 0.0 0.0 0.0 0.07787704 0.0 0.0 0.0 0.0 0.004425152 0.0 0.0 0.0 0.019644542 0.011405412 0.0 0.0 0.0 0.0 0.024517417 0.0 0.0
0.0 0.0068024574 0.029351184 0.093453035 0.020297853 0.0 0.0 0.0 0.006494555 0.021886477 0.0 0.10070376 0.0 0.03180582 0.025795877 0.049778048 0.0 0.10170655 0.03367108 0.0 0.0 0.018838227 0.0011493347 0.0 0.0 0.0 0.0 0.001978785 0.0 0.0 0.08344363 0.033320922 0.032897964 0.0 0.0 0.002546269 0.04616214 0.0 0.07841248 0.0 0.017449217 0.0 0.0 0.0 0.0 0.0592753 0.014357073 0.0 0.03800398 0.0 0.0673143 0.0 0.0028832078 0.0 0.00565783 0.0
0.027522748 0.051308013 0.0 0.020297855 0.0 0.0 0.0 0.0 0.013690092 0.0031501618 0.0 0.0063416273 0.0052586063 0.072869636 0.061168063 0.0 0.0 0.054884627 0.0 0.0 0.007345284 0.026062805 0.0 0.07498252 0.044325035 0.0 0.0 0.0 0.0029954826 0.06525248 0.0068975436 0.07716746 0.0 0.0 0.0 0.04924807 0.007516284 0.0 0.0 0.003363124 0.11762621 0.0 0.012939509 0.0 0.0 0.0 0.014904749 0.028493052 0.0 0.004839877 0.0 0.0 0.0 0.006400007 0.0 0.072765544
0.034081534 0.030531613 0.0 0.0 0.0 0.0 0.0020034965 0.0 0.018382872 0.0 0.0048082573 0.0 0.10613231 0.048071302 0.05829425 0.0 0.0 0.022598976 0.0 0.0 0.0 0.0 0.0 0.038806554 0.0 0.0 0.0 0.0 0.0036121383 0.0 0.0 0.0 0.0 0.008795043 0.04107021 0.059961464 0.050188046 0.0 0.0 0.021852829 0.0 0.0 0.0 0.0 0.0 0.04368289 0.0 0.0 0.0 0.0 0.0 0.083776765 0.0 0.07390103 0.0 0.04816256
0.0 0.014402263 0.115456164 0.0 0.0 0.0020034965 0.280908 0.0 0.0 0.0072048726 0.0 0.0 0.0 0.0 0.045272455 0.0 0.034912482 0.041586403 0.0 0.0 0.0 0.0 0.0 0.0 0.0 0.077620566 0.0 0.0 0.0 0.0 0.0 0.0 0.0 0.09477897 0.0 0.065173686 0.005656914 0.0 0.0 0.0 0.0 0.0 0.0 0.034680787 0.0 0.0 0.0 0.0 0.009969144 0.0 0.0 0.0 0.0 0.004258558 0.0 0.017046846
0.0 0.0 0.0 0.0 0.0 0.0 0.0 0.035793003 0.0 0.0 0.042147703 0.0 0.021399548 0.014694048 0.0 0.0 0.06811143 0.0 0.0 0.06939707 0.0 0.0 0.010393791 0.0 0.00840492 0.0146300765 0.0 0.050351936 0.044753224 0.0 0.0 0.0 0.0 0.11532664 0.042213503 0.0 0.0 0.01605674 0.010974593 0.07098082 0.0 0.12404018 0.073993675 0.009574373 0.029921127 0.007280553 0.0 0.017713748 0.0 0.06499629 0.0 0.019513657 0.048408538 0.028054573 0.017139843 0.03084651
0.0 0.079307236 0.0 0.006494555 0.013690092 0.018382872 0.0 0.0 0.03671516 0.014064086 0.0 0.0 0.0 0.07157419 0.0549811 0.0113480305 0.0 0.071835846 0.0 0.0 0.062313247 0.0 0.033355862 0.0 0.0 0.0 0.013898165 0.0 0.0 0.0 0.06653269 0.028453765 0.069706894 0.0 0.027462512 0.021888971 0.0555315 0.0 0.0 0.033314094 0.0 0.010945546 0.027900603 0.0 0.048338223 0.009189302 0.0383816 0.0147426445 0.0 0.0 0.0 0.025287021 0.010336317 0.0 0.0 0.0
0.0 0.00823883 0.0 0.021886475 0.0031501618 0.0 0.0072048726 0.0 0.014064085 0.0 0.102152206 0.0 0.0 0.0 0.012438747 0.0 0.0658862 0.0 0.0 0.030459413 0.109564014 0.0 0.0 0.0 0.0 0.0 0.0 0.0 0.0450718 0.0 0.026323115 0.0 0.0065864874 0.065414906 0.0 0.07868732 0.0 0.03420077 0.0036600071 0.040575165 0.0 0.033603758 0.0 0.0 0.008003679 0.0 0.04405384 0.036049154 0.0 0.0 0.0027634972 0.0074476562 0.034232102 0.011047737 0.023988295 0.0
0.0 0.10876678 0.0055968864 0.0 0.0 0.0048082573 0.0 0.042147703 0.0 0.102152206 0.034309357 0.0 0.025589755 0.013051737 0.113488995 0.0 0.0 0.0 0.0 0.0 0.0041898047 0.0 0.020121612 0.040910643 0.0 0.007311479 0.0 0.04233042 0.040098015 0.0 0.0 0.002257796 0.0 0.0 0.099213935 0.05150693 0.049943272 0.0 0.012556165 0.02487595 0.006230448 0.0 0.0 0.0 0.0 0.0 0.020871365 0.047008894 0.0 0.0 0.0608924 0.01181002 0.0 0.0 0.0 0.0
0.0 0.0 0.036974125 0.10070375 0.0063416273 0.0 0.0 0.0 0.0 0.0 0.0 0.007460795 0.05365695 0.052564308 0.015102726 0.047603667 0.0 0.0 0.011449301 0.0 0.0 0.0 0.0779215 0.0 0.0 0.010844022 0.026599117 0.012859955 0.0 0.0303053 0.01726567 0.0 0.050088003 0.0 0.0 0.0 0.0 0.0 0.05282491 0.0 0.08890573 0.0 0.0 0.0 0.0 0.0041444125 0.0 0.0 0.0 0.0 0.11986851 0.0 0.0 0.0 0.0 0.0
0.0 0.03961142 0.0 0.0 0.0052586067 0.10613231 0.0 0.021399548 0.0 0.0 0.025589753 0.05365695 0.0 0.010937016 0.0 0.06355243 0.0 0.0 0.0 0.055825368 0.0 0.0 0.032517243 0.023918595 0.0 0.056237463 0.0 0.02818972 0.0 0.0 0.0 0.0 0.006837996 0.0 0.009677834 0.038260527 0.0 0.012568016 0.0 0.0 0.015738077 0.0064090383 0.05713534 0.076748274 0.0 0.0 0.03679475 0.08021676 0.04296935 0.004910403 0.07428551 0.005199773 0.0 0.0 0.057853445 0.0
0.0100710355 0.0274524 0.0 0.03180582 0.072869636 0.048071306 0.0 0.014694048 0.07157419 0.0 0.013051736 0.052564308 0.010937016 0.0 0.0 0.013968065 0.0 0.0 0.04452469 0.10152711 0.03552893 0.026376655 0.10398743 0.10328329 0.0 0.0 0.16136888 0.0 0.0 0.0 0.0 0.035413958 0.00909868 0.0 0.0071679107 0.004435477 0.0 0.011263705 0.0 0.0051493314 0.0 0.0 0.013421314 0.005385772 0.035509694 0.018476095 0.0 0.055168424 0.013442715 0.0 0.014162188 0.015754377 0.0 0.0 0.0 0.0
0.0 0.02219412 0.08050936 0.025795875 0.061168067 0.058294248 0.045272455 0.0 0.0549811 0.012438748 0.11348899 0.015102727 0.0 0.0 0.0 0.0031436784 0.0 0.033309665 0.04682951 0.009459118 0.0 0.006187856 0.0 0.0 0.049872987 0.0 0.0 0.0 0.0 0.0301561 0.051753942 0.05453368 0.0 0.0 0.0 0.0 0.018033922 0.11262688 0.0 0.0 0.005129831 0.0 0.0 0.0 0.029225849 0.10154733 0.0 0.0 0.0 0.0 0.0 0.0 0.0 0.004968185 0.002276057 0.0
0.05935628 0.0 0.0 0.049778044 0.0 0.0 0.0 0.0 0.011348031 0.0 0.0 0.047603667 0.06355243 0.013968065 0.0031436784 0.0 0.0 0.0 0.0 0.017102534 0.018671362 0.0 0.0 0.0 0.0 0.026298441 0.0 0.012566486 0.0 0.0 0.1257638 0.0392243 0.08122996 0.0 0.018912258 0.0 0.0 0.0 0.0 0.00942316 0.06133704 0.0 0.0 0.0 0.0 0.0 0.0 0.044775862 0.04701375 0.009847925 0.0109340465 0.004784905 0.0 0.016269613 0.07508134 0.0
0.11109041 0.0 0.0 0.0 0.0 0.0 0.034912486 0.068111435 0.0 0.0658862 0.0 0.0 0.0 0.0 0.0 0.0 0.0 0.009993373 0.0 0.0 0.0 0.053649105 0.0 0.0 0.0 0.008166047 0.0 0.0 0.010785044 0.04779682 0.0 0.0033343008 0.0 0.0 0.026648935 0.0 0.05054811 0.0 0.0 0.0 0.041284826 0.0 0.04148237 0.017763324 0.016689578 0.0 0.039183676 0.0 0.0 0.0 0.0 0.0 0.0 0.0 0.0 0.23428355
0.0043061315 0.04356741 0.10235882 0.10170655 0.054884624 0.022598976 0.041586407 0.0 0.071835846 0.0 0.0 0.0 0.0 0.0 0.03330967 0.0 0.009993373 0.0 0.0 0.0 0.040476337 0.0 0.0 0.0 0.0 0.0033157084 0.0 0.0120072495 0.0 0.057271067 0.050234493 0.10216181 0.023463253 0.030827345 0.0 0.014856365 0.0 0.015496121 0.0 0.0 0.0 0.028059935 0.0 0.0 0.0 0.060201626 0.0 0.0 0.016351556 0.016975319 0.0 0.0 0.01932228 0.0 0.0052093146 0.0
0.111362584 0.017235031 0.056472406 0.03367108 0.0 0.0 0.0 0.0 0.0 0.0 0.0 0.011449301 0.0 0.04452469 0.04682951 0.0 0.0 0.0 0.048915848 0.0 0.0 0.0 0.0 0.0 0.0 0.028696075 0.0 0.05592373 0.0041958857 0.039208483 0.026139626 0.0 0.0 0.049853567 0.023390122 0.028956844 0.0 0.0 0.0 0.0 0.06011187 0.0 0.0 0.007880401 0.0 0.0 0.0 0.024178594 0.09788213 0.0 0.0 0.0 0.0 0.0076665385 0.011457377 0.03972231
0.018349214 0.0 0.032546185 0.0 0.0 0.0 0.0 0.06939707 0.0 0.030459413 0.0 0.0 0.055825368 0.10152711 0.009459118 0.017102534 0.0 0.0 0.0 0.0 0.0 0.006083789 0.0 0.012589933 0.0 0.013234505 0.0 0.0 0.02908675 0.0 0.0 0.0 0.0 0.019173568 0.059126858 0.0 0.0049606296 0.0 0.007997438 0.004356468 0.15772137 0.0 0.0 0.0 0.0149387885 0.0 0.0 0.0 0.0 0.0 0.02164002 0.0 0.0 0.060408954 0.0 0.122217715
0.117513336 0.0 0.0 0.0 0.007345284 0.0 0.0 0.0 0.06231325 0.109564014 0.004189805 0.0 0.0 0.035528935 0.0 0.01867136 0.0 0.040476337 0.0 0.0 0.0 0.0 0.0 0.087383404 0.0 0.0 0.002290638 0.05633146 0.0 0.0 0.056373205 0.058754656 0.0 0.0 0.0 0.011937738 0.065693595 0.0 0.0 0.0 0.03943298 0.0 0.0 0.0 0.030812418 0.0152157275 0.0 0.024493994 0.0 0.0 0.042796023 0.06967327 0.0 0.0 0.0 0.0
0.0 0.0 0.020163698 0.018838227 0.026062805 0.0 0.0 0.0 0.0 0.0 0.0 0.0 0.0 0.026376653 0.0061878567 0.0 0.053649105 0.0 0.0 0.0060837884 0.0 0.021811351 0.028274138 0.0 0.042853806 0.062394295 0.0 0.007514769 0.0 0.04185958 0.0 0.0 0.0 0.0 0.0 0.0 0.05453853 0.0 0.073025554 0.0041578785 0.029068086 0.024906661 0.014169035 0.19375886 0.0 0.030115005 0.0 0.026451455 0.0 0.019916397 0.010640875 0.0 0.052983027 0.020741642 0.0 0.0
0.0 0.0 0.0 0.0011493347 0.0 0.0 0.0 0.010393791 0.033355866 0.0 0.020121612 0.0779215 0.032517247 0.10398743 0.0 0.0 0.0 0.0 0.0 0.0 0.0 0.028274136 0.044741653 0.07912477 0.019772515 0.0 0.114115395 0.0 0.13106358 0.0 0.015401734 0.0 0.03960672 0.0 0.0 0.0 0.0 0.0 0.073067226 0.03178265 0.0 0.010567097 0.0047647064 0.0037395714 0.0 0.0 0.0 0.029670393 0.04997718 0.090785034 0.0 0.025717756 0.0 0.0 0.052419044 0.0
0.0 0.0 0.0 0.0 0.07498252 0.03880655 0.0 0.0 0.0 0.0 0.040910643 0.0 0.023918595 0.1032833 0.0 0.0 0.0 0.0 0.0 0.012589934 0.087383404 0.0 0.07912478 0.0 0.017436706 0.0 0.0 0.0 0.0 0.0 0.0 0.0 0.04229296 0.027153222 0.0 0.011120939 0.0 0.0 0.06984497 0.11143553 0.0 0.0 0.014410494 0.0 0.00895535 0.0 0.013184902 0.043855015 0.004961225 0.049501006 0.0 0.0210556 0.032735545 0.0 0.0 0.0
0.084763475 0.0 0.0 0.0 0.044325035 0.0 0.0 0.00840492 0.0 0.0 0.0 0.0 0.0 0.0 0.049872987 0.0 0.0 0.0 0.0 0.0 0.0 0.04285381 0.019772515 0.017436706 0.0 0.0 0.015570577 0.00855195 0.0 0.0 0.0 0.087131254 0.033123046 0.0 0.070916206 0.021309407 0.18496034 0.019561088 0.016761724 0.0 0.023396093 0.0 0.0 0.032162428 0.0053811907 0.031381946 0.0 0.0 0.0 0.0 0.08271141 0.0 0.0 0.0 0.0113408035 0.054958086
0.0 0.0 0.03273792 0.0 0.0 0.0 0.077620566 0.0146300765 0.0 0.0 0.007311479 0.010844022 0.056237467 0.0 0.0 0.026298441 0.008166046 0.0033157084 0.028696075 0.013234506 0.0 0.06239429 0.0 0.0 0.0 0.028547876 0.0017573783 0.0 0.06346011 0.0048499065 0.0 0.0 0.08267472 0.0295078 0.0 0.0 0.0 0.0 0.025052123 0.0030237825 0.0 0.10287286 0.010422354 0.062558316 0.07079432 0.0 0.0050268373 0.0 0.0037534889 0.09262432 0.0 0.0 0.022915777 0.11738342 0.0 0.014451168
0.0 0.0 0.0 0.0 0.0 0.0 0.0 0.0 0.013898164 0.0 0.0 0.026599117 0.0 0.16136888 0.0 0.0 0.0 0.0 0.0 0.0 0.0022906382 0.0 0.1141154 0.0 0.015570576 0.0017573782 0.0 0.027018804 0.0015516144 0.013922896 0.056940448 0.0 0.0 0.0 0.030445492 0.0015496336 0.0 0.0 0.050943755 0.010126542 0.003848956 0.0 0.0 0.03337403 0.002388064 0.0 0.0 0.06996474 0.018653164 0.07161281 0.09971469 0.06302281 0.0 0.021665148 0.06751038 0.0
0.0 0.0 0.008975236 0.0019787848 0.0 0.0 0.0 0.050351933 0.0 0.0 0.04233042 0.012859955 0.02818972 0.0 0.0 0.012566486 0.0 0.012007249 0.055923726 0.0 0.05633146 0.0075147697 0.0 0.0 0.00855195 0.0 0.027018804 0.0 0.08888407 0.0 0.012272691 0.029044002 0.027858026 0.035649892 0.072864 0.0 0.0 0.0 0.0101003 0.0 0.0 0.057826545 0.08028721 0.0 0.0 0.021589102 0.0 0.010375997 0.0 0.13994327 0.0 0.00065498234 0.056699425 0.0 0.0 0.0
0.0 0.031860646 0.0 0.0 0.0029954824 0.0036121383 0.0 0.044753224 0.0 0.0450718 0.04009802 0.0 0.0 0.0 0.0 0.0 0.010785044 0.0 0.0041958857 0.02908675 0.0 0.0 0.13106358 0.0 0.0 0.06346012 0.0015516145 0.08888407 0.0 0.0 0.0 0.0 0.0 0.0057918434 0.0 0.0 0.0 0.14948823 0.0 0.0 0.049784657 0.0 0.0 0.0 0.0 0.0 0.0 0.014276718 0.0 0.0 0.080191955 0.04600863 0.0 0.0 0.07938236 0.0
0.0 0.0 0.125208 0.0 0.065252475 0.0 0.0 0.0 0.0 0.0 0.0 0.0303053 0.0 0.0 0.0301561 0.0 0.04779682 0.05727107 0.039208483 0.0 0.0 0.041859575 0.0 0.0 0.0 0.0048499065 0.013922897 0.0 0.0 0.21144572 0.0 0.013164499 0.012222835 0.0 0.0 0.0 0.057697646 0.0 0.03738284 0.0 0.0034800328 0.05207592 0.0 0.0071410965 0.0 0.0 0.002985737 0.0 0.0 0.0 0.036005516 0.0 0.0343083 0.0 0.0 0.007967577
0.015744569 0.0065972707 0.0337816 0.083443634 0.0068975436 0.0 0.0 0.0 0.06653268 0.026323117 0.0 0.017265672 0.0 0.0 0.051753942 0.12576379 0.0 0.050234493 0.026139626 0.0 0.05637321 0.0 0.015401734 0.0 0.0 0.0 0.056940448 0.012272691 0.0 0.0 0.0 0.027491082 0.0 0.0 0.0 0.0 0.037396334 0.0 0.026476763 0.0 0.0 0.0 0.0 0.0 0.0 0.0 0.0 0.0 0.0012706731 0.0 0.11552656 0.0 0.0 0.0 0.0 0.0
0.0 0.025725868 0.0 0.033320922 0.07716746 0.0 0.0 0.0 0.028453765 0.0 0.0022577958 0.0 0.0 0.035413954 0.05453368 0.039224297 0.0033343008 0.1021618 0.0 0.0 0.058754653 0.0 0.0 0.0 0.087131254 0.0 0.0 0.029044002 0.0 0.013164499 0.02749108 0.07543501 0.023877146 0.0 0.0 0.012520659 0.0 0.0 0.06314912 0.009734698 0.010026283 0.0 0.0 0.0 0.0 0.07842361 0.0 0.0 0.10238832 0.0 0.0099571 0.0 0.0 0.021835867 0.0 0.0
0.0 0.0074079502 0.012743002 0.032897964 0.0 0.0 0.0 0.0 0.069706894 0.006586488 0.0 0.050088003 0.006837996 0.00909868 0.0 0.08122996 0.0 0.023463253 0.0 0.0 0.0 0.0 0.039606716 0.04229296 0.033123046 0.08267472 0.0 0.027858026 0.0 0.012222834 0.0 0.023877148 0.0 0.0 0.0 0.028631631 0.0 0.0 0.089602165 0.0 0.035081077 0.05059632 0.0 0.0 0.007982559 0.0 0.033529885 0.07534976 0.0 0.0 0.0 0.0 0.0 0.011780836 0.035472136 0.0
0.0051888945 0.007501564 0.022812573 0.0 0.0 0.008795043 0.09477896 0.11532664 0.0 0.065414906 0.0 0.0 0.0 0.0 0.0 0.0 0.0 0.030827343 0.049853567 0.019173568 0.0 0.0 0.0 0.02715322 0.0 0.0295078 0.0 0.035649892 0.0057918434 0.0 0.0 0.0 0.0 0.102052115 0.028333 0.0 0.0 0.08559471 0.0 0.0 0.0 0.0 0.0 0.0 0.0 0.055344135 0.0 0.0 0.0574868 0.016576225 0.0 0.0 0.0 0.09267266 0.0 0.03241984
0.0 0.035900343 0.0 0.0 0.0 0.04107021 0.0 0.042213503 0.027462512 0.0 0.09921393 0.0 0.009677834 0.007167911 0.0 0.018912258 0.026648937 0.0 0.023390124 0.05912686 0.0 0.0 0.0 0.0 0.070916206 0.0 0.030445492 0.072864 0.0 0.0 0.0 0.0 0.0 0.028333 0.10606311 0.0542157 0.0 0.011111173 0.0 0.028349862 0.0 0.057849187 0.050051928 0.0 0.012234146 0.041771185 0.071503855 0.013463659 0.0 0.0 0.0 0.009077595 0.07803733 0.059107453 0.004536531 0.0
0.024246745 0.038754895 0.0 0.0025462692 0.04924807 0.059961468 0.065173686 0.0 0.02188897 0.078687325 0.05150693 0.0 0.038260523 0.004435477 0.0 0.0 0.0 0.014856364 0.028956845 0.0 0.011937738 0.0 0.0 0.011120939 0.021309407 0.0 0.0015496337 0.0 0.0 0.0 0.0 0.012520658 0.028631631 0.0 0.054215703 0.09815742 0.072177514 0.0046913777 0.0 0.0025213573 0.0063111302 0.0 0.013017223 0.008439522 0.0 0.031505965 0.115156 0.05724092 0.04327642 0.0 0.0 0.00082712877 0.009592963 0.0 0.0 0.0
0.0 0.008832141 0.0 0.04616214 0.0075162835 0.05018805 0.005656914 0.0 0.0555315 0.0 0.049943276 0.0 0.0 0.0 0.01803392 0.0 0.050548114 0.0 0.0 0.0049606296 0.065693595 0.05453853 0.0 0.0 0.18496034 0.0 0.0 0.0 0.0 0.05769765 0.03739633 0.0 0.0 0.0 0.0 0.072177514 0.0 0.055320058 0.01553492 0.019895198 0.0 0.012148831 0.029232036 0.0 0.0 0.0 0.04038389 0.0 0.04790637 0.013497461 0.0 0.0 0.055068664 0.0 0.0 0.0
0.08764782 0.0 0.0 0.0 0.0 0.0 0.0 0.01605674 0.0 0.03420077 0.0 0.0 0.012568016 0.011263705 0.11262689 0.0 0.0 0.015496121 0.0 0.0 0.0 0.0 0.0 0.0 0.019561088 0.0 0.0 0.0 0.14948823 0.0 0.0 0.0 0.0 0.08559471 0.011111174 0.0046913777 0.05532006 0.0 0.027240701 0.006642534 0.0 0.024510449 0.018405665 0.023958698 0.036710285 0.016228717 0.031098807 0.0 0.0 0.01751968 0.0 0.021118889 0.0 0.0 0.0 0.1353014
0.0 0.0 0.07787703 0.07841248 0.0 0.0 0.0 0.010974593 0.0 0.003660007 0.012556166 0.052824907 0.0 0.0 0.0 0.0 0.0 0.0 0.0 0.007997438 0.0 0.073025554 0.07306722 0.06984497 0.016761724 0.025052125 0.050943755 0.0101003 0.0 0.03738284 0.026476765 0.06314912 0.08960216 0.0 0.0 0.0 0.015534921 0.0272407 0.0 0.014069971 0.0 0.0 0.0 0.011173837 0.02848015 0.0058090864 0.0 0.028591571 0.060359333 0.0 0.06439284 0.0 0.0 0.010985578 0.0 0.0
0.04464687 0.0 0.0 0.0 0.003363124 0.02185283 0.0 0.07098082 0.033314098 0.040575165 0.02487595 0.0 0.0 0.0051493314 0.0 0.00942316 0.0 0.0 0.0 0.004356468 0.0 0.0041578785 0.03178265 0.11143553 0.0 0.0030237827 0.010126542 0.0 0.0 0.0 0.0 0.009734698 0.0 0.0 0.02834986 0.0025213573 0.019895198 0.0066425335 0.01406997 0.0 0.025097555 0.0 0.0 0.040530216 0.15407225 0.011941754 0.0 0.05774165 0.0 0.004127897 0.03432809 0.12974969 0.0 0.0 0.07370407 0.0
0.0 0.0053991643 0.0 0.017449217 0.117626205 0.0 0.0 0.0 0.0 0.0 0.0062304474 0.08890573 0.015738077 0.0 0.0051298314 0.061337035 0.041284826 0.0 0.060111865 0.15772137 0.03943298 0.029068086 0.0 0.0 0.023396093 0.0 0.0038489557 0.0 0.049784657 0.003480033 0.0 0.010026283 0.035081077 0.0 0.0 0.0063111307 0.0 0.0 0.0 0.025097555 0.0 0.08863944 0.121986665 0.04369131 0.0 0.014274912 0.013842877 0.0 0.04380608 0.0 0.0 0.0 0.054189708 0.005213341 0.0 0.01576232
0.08608434 0.0 0.0 0.0 0.0 0.0 0.0 0.124040194 0.010945546 0.033603754 0.0 0.0 0.006409038 0.0 0.0 0.0 0.0 0.028059935 0.0 0.0 0.0 0.02490666 0.010567097 0.0 0.0 0.10287286 0.0 0.05782655 0.0 0.05207592 0.0 0.0 0.050596323 0.0 0.057849187 0.0 0.012148831 0.024510449 0.0 0.0 0.08863944 0.0 0.0 0.009527281 0.04477887 0.0 0.034967523 0.0 0.0 0.0 0.0 0.0 0.0 0.002378397 0.03421812 0.051370855
0.03718998 0.0 0.0 0.0 0.012939509 0.0 0.0 0.073993675 0.027900605 0.0 0.0 0.0 0.057135344 0.013421314 0.0 0.0 0.04148237 0.0 0.0 0.0 0.0 0.014169034 0.004764707 0.014410496 0.0 0.010422354 0.0 0.08028722 0.0 0.0 0.0 0.0 0.0 0.0 0.050051928 0.013017222 0.029232036 0.018405665 0.0 0.0 0.121986665 0.0 0.0 0.055997018 0.024922816 0.0 0.06951472 0.0 0.011968297 0.0 0.05596998 0.02558532 0.0356032 0.0 0.04959671 0.031512972
0.0 0.0 0.004425152 0.0 0.0 0.0 0.034680787 0.009574374 0.0 0.0 0.0 0.0 0.07674827 0.0053857723 0.0 0.0 0.017763326 0.0 0.007880401 0.0 0.0 0.19375885 0.0037395717 0.0 0.032162424 0.062558316 0.03337403 0.0 0.0 0.0071410965 0.0 0.0 0.0 0.0 0.0 0.008439522 0.0 0.0239587 0.011173837 0.040530216 0.04369131 0.00952728 0.055997018 0.06601352 0.0090453485 0.0 0.0 0.0 0.0 0.017197097 0.0 0.0 0.04404205 0.084731646 0.012084879 0.0058022244
0.0 0.0 0.0 0.0 0.0 0.0 0.0 0.029921127 0.048338227 0.008003679 0.0 0.0 0.0 0.035509694 0.029225849 0.0 0.016689578 0.0 0.0 0.0149387885 0.030812416 0.0 0.0 0.00895535 0.0053811907 0.07079432 0.0023880643 0.0 0.0 0.0 0.0 0.0 0.0079825595 0.0 0.012234146 0.0 0.0 0.03671029 0.02848015 0.15407224 0.0 0.04477887 0.024922816 0.009045349 0.030572362 0.0 0.0 0.0 0.030314429 0.0090527795 0.061048724 0.04091104 0.0 0.04995655 0.14454524 0.0
0.0 0.06197206 0.0 0.0592753 0.0 0.04368289 0.0 0.007280553 0.009189302 0.0 0.0 0.0041444125 0.0 0.018476095 0.10154733 0.0 0.0 0.060201626 0.0 0.0 0.015215727 0.030115005 0.0 0.0 0.031381946 0.0 0.0 0.021589102 0.0 0.0 0.0 0.07842361 0.0 0.05534414 0.041771185 0.031505965 0.0 0.016228717 0.005809086 0.011941754 0.014274911 0.0 0.0 0.0 0.0 0.0016749179 0.061353922 0.023525178 0.0 0.026210118 0.0 0.0 0.0 0.0 0.0 0.045316387
0.08758267 0.01074484 0.0 0.014357073 0.01490475 0.0 0.0 0.0 0.0383816 0.04405384 0.020871365 0.0 0.03679475 0.0 0.0 0.0 0.039183676 0.0 0.0 0.0 0.0 0.0 0.0 0.013184902 0.0 0.005026838 0.0 0.0 0.0 0.002985737 0.0 0.0 0.033529885 0.0 0.071503855 0.115155995 0.04038389 0.031098807 0.0 0.0 0.013842877 0.03496752 0.06951472 0.0 0.0 0.06135392 0.0 0.0 0.0 0.0 0.0 0.0 0.057217322 0.01736165 0.0 0.0
0.0 0.019439533 0.019644542 0.0 0.028493052 0.0 0.0 0.017713746 0.014742644 0.036049154 0.047008894 0.0 0.08021676 0.055168416 0.0 0.044775862 0.0 0.0 0.024178594 0.0 0.024493992 0.026451455 0.029670395 0.043855015 0.0 0.0 0.06996474 0.010375997 0.014276718 0.0 0.0 0.0 0.07534976 0.0 0.013463658 0.05724092 0.0 0.0 0.028591571 0.057741653 0.0 0.0 0.0 0.0 0.0 0.023525178 0.0 0.0 0.008508377 0.019136423 0.024518717 0.0809215 0.0 0.0007605752 0.090739354 0.0
0.012833013 0.0 0.011405412 0.038003977 0.0 0.0 0.009969144 0.0 0.0 0.0 0.0 0.0 0.04296935 0.013442715 0.0 0.04701375 0.0 0.016351556 0.09788213 0.0 0.0 0.0 0.049977183 0.0049612257 0.0 0.0037534889 0.018653164 0.0 0.0 0.0 0.0012706732 0.10238832 0.0 0.0574868 0.0 0.04327642 0.04790637 0.0 0.060359333 0.0 0.043806084 0.0 0.011968298 0.0 0.030314429 0.0 0.0 0.008508377 0.0 0.001521953 0.104270376 0.0 0.027179752 0.0 0.0 0.0
0.03020128 0.0 0.0 0.0 0.004839877 0.0 0.0 0.06499629 0.0 0.0 0.0 0.0 0.004910403 0.0 0.0 0.009847925 0.0 0.016975319 0.0 0.0 0.0 0.019916397 0.090785034 0.049501006 0.0 0.092624314 0.07161281 0.13994326 0.0 0.0 0.0 0.0 0.0 0.016576225 0.0 0.0 0.013497461 0.01751968 0.0 0.0041278973 0.0 0.0 0.0 0.017197097 0.009052779 0.026210118 0.0 0.019136423 0.0015219531 0.043809067 0.07330698 0.01640296 0.0 0.042625442 0.05923519 0.0
0.0 0.046694618 0.0 0.0673143 0.0 0.0 0.0 0.0 0.0 0.0027634972 0.060892403 0.11986851 0.07428551 0.014162189 0.0 0.010934047 0.0 0.0 0.0 0.02164002 0.042796023 0.0106408745 0.0 0.0 0.08271141 0.0 0.09971469 0.0 0.080191955 0.036005516 0.11552656 0.0099571 0.0 0.0 0.0 0.0 0.0 0.0 0.06439285 0.03432809 0.0 0.0 0.05596998 0.0 0.061048724 0.0 0.0 0.024518717 0.104270376 0.07330698 0.0 0.0009573183 0.012700165 0.0 0.0 0.0
0.0 0.013036921 0.0 0.0 0.0 0.083776765 0.0 0.019513657 0.025287021 0.007447656 0.01181002 0.0 0.005199773 0.015754377 0.0 0.004784905 0.0 0.0 0.0 0.0 0.06967327 0.0 0.025717756 0.021055598 0.0 0.0 0.06302281 0.0006549823 0.04600863 0.0 0.0 0.0 0.0 0.0 0.009077595 0.0008271287 0.0 0.021118889 0.0 0.12974969 0.0 0.0 0.02558532 0.0 0.04091104 0.0 0.0 0.08092149 0.0 0.016402958 0.0009573183 0.0 0.063236184 0.02354484 0.11961812 0.0
0.06527169 0.0 0.0 0.0028832078 0.0 0.0 0.0 0.04840854 0.010336316 0.034232102 0.0 0.0 0.0 0.0 0.0 0.0 0.0 0.019322282 0.0 0.0 0.0 0.052983027 0.0 0.032735545 0.0 0.022915779 0.0 0.056699425 0.0 0.0343083 0.0 0.0 0.0 0.0 0.07803733 0.009592963 0.055068664 0.0 0.0 0.0 0.054189704 0.0 0.035603195 0.04404205 0.0 0.0 0.057217322 0.0 0.027179752 0.0 0.012700165 0.063236184 0.0 0.028099757 0.0 0.14483128
0.0 0.0 0.024517417 0.0 0.006400007 0.07390103 0.0042585586 0.028054573 0.0 0.011047736 0.0 0.0 0.0 0.0 0.0049681845 0.016269613 0.0 0.0 0.0076665385 0.060408957 0.0 0.020741642 0.0 0.0 0.0 0.11738342 0.021665147 0.0 0.0 0.0 0.0 0.021835867 0.011780835 0.09267266 0.059107453 0.0 0.0 0.0 0.010985579 0.0 0.005213341 0.002378397 0.0 0.084731646 0.04995655 0.0 0.01736165 0.0007605752 0.0 0.042625442 0.0 0.02354484 0.028099757 0.13278864 0.0472118 0.014462084
0.0 0.004011261 0.0 0.00565783 0.0 0.0 0.0 0.017139845 0.0 0.023988295 0.0 0.0 0.057853445 0.0 0.0022760567 0.07508134 0.0 0.0052093146 0.011457377 0.0 0.0 0.0 0.052419044 0.0 0.0113408035 0.0 0.06751038 0.0 0.07938236 0.0 0.0 0.0 0.03547214 0.0 0.0045365305 0.0 0.0 0.0 0.0 0.07370407 0.0 0.03421812 0.049596712 0.012084879 0.14454524 0.0 0.0 0.090739354 0.0 0.059235193 0.0 0.11961812 0.0 0.0472118 0.0 0.0
0.0 0.0 0.0 0.0 0.072765544 0.048162565 0.017046846 0.030846508 0.0 0.0 0.0 0.0 0.0 0.0 0.0 0.0 0.23428355 0.0 0.03972231 0.12221772 0.0 0.0 0.0 0.0 0.054958086 0.014451166 0.0 0.0 0.0 0.007967578 0.0 0.0 0.0 0.032419838 0.0 0.0 0.0 0.13530141 0.0 0.0 0.01576232 0.051370855 0.031512972 0.0058022244 0.0 0.045316387 0.0 0.0 0.0 0.0 0.0 0.0 0.14483128 0.0144620845 0.0 0.0
