0.0 0.0072292765 0.0 0.0791352 0.014020692 0.021179086 0.03188474 0.0 0.101201534 0.098205544 0.080127425 0.0 0.1553653 0.0 0.017820925 0.0 0.061591208 0.06053253 0.0 0.014126862 0.0 0.0 0.0 0.0 0.075277604 0.026597911 0.0 0.0 0.0 0.0 0.0 0.1040349 0.006541015 0.0 0.0 0.06329342 0.0 0.07864643 0.045783576 0.0 0.0 0.0 0.0 0.0 0.0075848866 0.0 0.02111267 0.015187857 0.03118486 0.0 0.0 0.0 0.0075652804 0.0 0.0 0.0
0.007229276 0.04045936 0.012235986 0.03744831 0.03804158 0.0 0.005082913 0.0 2.7532472e-08 0.0 0.0 0.06759294 0.0 0.0 0.02567258 0.0 0.118830934 0.018745065 0.12801388 0.021865102 0.035990667 0.0 0.0 0.0 0.10583984 0.040537085 0.0 0.059373893 0.03653144 0.016678657 0.0 0.014715452 0.0 0.0 0.005717602 0.0 0.033619627 0.058661707 0.03633596 0.0 0.0 0.0 0.0 0.023379514 0.0 0.011854147 0.029620882 0.0 0.022297092 0.046289906 0.0 0.0 0.09367046 0.0 0.0 0.0
0.0 0.012235986 0.01594346 0.0 0.0 0.0 0.0 0.0 0.0 0.0 0.0 0.0 0.0 0.0 0.0 0.0 0.02338106 0.0 0.0 0.0 0.0 0.0 0.0 0.0 0.1255913 0.0 0.0 0.015313225 0.08039656 0.051145677 0.038115907 0.0 0.0 0.030168818 0.0020188019 0.0 0.020067057 0.0 0.010999277 0.0 0.0 0.0 0.0 0.0 0.0 0.027779924 0.09179862 0.0 0.0 0.07386985 0.0 0.049219854 0.113749094 0.0 0.0 0.033121154
0.07913521 0.03744831 0.0 0.0 0.0 0.0 0.0 0.0 0.0 0.0 0.0 0.14233004 0.0 0.005986941 0.0 0.049759295 0.0 0.0 0.0075741224 0.0 0.012165355 0.0 0.04447261 0.001378187 0.0 0.0 0.0 0.099062055 0.0 0.0 0.00926128 0.0 0.10570461 0.0 0.0 0.0 0.0 0.0 0.0 0.059915476 0.0030034988 0.0 0.0 0.00059741305 0.07873528 0.0 0.049093746 0.039451577 0.0 0.0 0.0 0.0 0.0 0.0 0.027624141 0.012722441
0.014020692 0.03804158 0.0 0.0 0.0015049365 0.04528448 0.0652429 0.0 0.028153101 0.0 0.0 0.07547898 0.009863538 0.0 0.0 0.013992534 0.0 0.030696329 0.067700416 0.04723301 0.013108409 0.0 0.0 0.0 0.009364642 0.0 0.0 0.0 0.02552565 0.0 0.013487427 1.2864261e-05 0.016044546 0.027404385 0.11257723 0.030795764 0.0 0.0 0.0 0.0 0.0 0.0 0.046758387 0.011171079 0.016309137 0.0 0.13565767 0.0 0.024049336 0.06893731 0.0 0.0 0.017729934 0.0 0.0 0.054162096
0.021179086 0.0 0.0 0.0 0.04528448 0.19917478 0.004221794 0.0 0.0 0.0 0.0 0.06126074 0.0 0.0 0.0 0.021585293 0.0 0.013433052 0.012387932 0.02439456 0.052194446 0.0 0.028867586 0.0 0.03926295 0.0 0.059221536 0.039021637 0.0 0.018415034 0.0 0.0 0.052187633 0.0 0.0 0.008965114 0.0 0.0 0.0 0.0 0.0 0.0 0.0056229653 0.03264383 0.0 0.0 0.0019967263 0.0 0.069680505 0.0021387204 0.011981578 0.0 0.094207644 0.012760936 0.0042395634 0.0
0.03188474 0.005082913 0.0 0.0 0.0652429 0.004221794 0.0 0.0077220122 0.004772026 0.0 0.053905655 0.0 0.0 0.013128733 0.0 0.0 0.0 0.0 0.0 0.0 0.055885077 0.0 0.035341088 0.0 0.0 0.0 0.007034882 0.032722265 0.0 0.0 0.0 0.0 0.034222603 0.0 0.0 0.0 0.0 0.007399347 0.004738592 0.0 0.0 0.0 0.0 0.00035963062 0.0 0.06701468 0.0 0.03291859 0.12208555 0.0 0.11453289 0.0 0.024631632 0.0 0.032173272 0.0
0.0 0.0 0.0 0.0 0.0 0.0 0.0077220122 0.0 0.02796723 0.026421564 0.0 0.0 0.0 0.055977605 0.020269707 0.0028725802 0.066927224 0.0 0.024047745 0.0 0.00090236176 0.02029054 0.13904372 0.0 0.0 0.10700224 0.0 0.0 0.0 0.0060411505 0.0047654063 0.040023733 0.0537823 0.0 0.0 0.011050378 0.020933365 0.117732204 0.058962192 0.0030147806 0.011299687 0.010213975 0.015966123 0.0 0.048220772 0.0 0.0 0.031370502 0.0 0.0 0.10046417 0.0 0.0 0.0 0.0015428206 0.0
0.10120154 2.753247e-08 0.0 0.0 0.028153103 0.0 0.0047720256 0.027967228 0.0 0.008582232 0.0 0.039190404 0.011495706 0.0 0.02164367 0.023782555 0.05169216 0.0 0.016967222 0.0 0.0 0.0 0.0 0.08045466 0.0 0.0 0.0 0.0 0.09013313 0.0 0.0 0.023597421 0.0 0.11289203 0.07169158 0.0 0.0 0.0 0.0 0.0 0.00778629 0.0 0.014748309 0.0 0.020973155 0.0 0.0 0.0 0.0465719 0.0 0.0 0.051016226 0.0 0.0 0.0 0.10906824
0.098205544 0.0 0.0 0.0 0.0 0.0 0.0 0.026421566 0.0085822325 0.0 0.0066700834 0.0 0.025030412 0.0 0.036669705 0.011171237 0.045566507 0.0075221453 0.0 0.0024203141 0.0 0.0 0.0026117032 0.034534227 0.0 0.11407896 0.0 0.0 0.0 0.0 0.0 0.0 0.062326204 0.0 0.11924825 0.016422058 0.018460358 0.010590279 0.04043286 0.0 0.058399256 0.0 0.0 0.011282641 0.029009134 0.0024199428 0.0 0.0 0.0 0.0 0.020365223 0.044731736 0.0 0.0 0.012172268 0.0
0.080127425 0.0 0.0 0.0 0.0 0.0 0.053905655 0.0 0.0 0.0066700834 0.0 0.0 0.0 0.0 0.0 0.053193133 0.02552162 0.03661057 0.050271742 0.0 0.0 0.0 0.0 0.0034015044 0.0 0.0 0.0 0.0 0.027583955 0.0 0.0 0.0 0.041506097 0.06853474 0.023025105 0.07154422 0.04589036 0.0 0.0 0.0 0.0 0.0619494 0.0 0.03854891 0.051406898 0.0 0.0 0.0 0.012207302 0.014712794 0.0 0.061455358 0.0 0.050882168 0.0 0.15067193
0.0 0.06759294 0.0 0.14233005 0.07547898 0.06126074 0.0 0.0 0.039190404 0.0 0.0 0.0 0.0 0.009088881 0.0 0.033187475 0.0 0.08603878 0.0 0.090927735 0.026000308 0.0 0.010618677 0.0 0.0 0.005761401 0.06194468 0.048821278 0.0 0.0 0.0049416744 0.0 0.015209401 0.0 0.0 0.04658854 0.0 0.0 0.012294138 0.0 0.0 0.0 0.0 0.014429122 0.0 0.014616557 0.0 0.041359827 0.010964172 0.0023509436 0.0 0.0 0.031613298 0.0 0.0 0.0
0.1553653 0.0 0.0 0.0 0.009863539 0.0 0.0 0.0 0.011495706 0.02503041 0.0 0.0 0.0 0.010360651 0.06797282 0.0 0.0 0.0 0.0 0.0 0.0 0.0 0.012859947 0.08216916 0.0 0.0 0.041878704 0.0 0.0 0.0 0.008994404 0.0003485263 0.01537134 0.0007722365 0.017642807 0.0 0.0 0.02353265 0.0 0.013837208 0.0 0.03279841 0.0 0.010241672 0.0 0.0 0.0 0.00929553 0.0 0.0 0.07579028 0.0 0.0 0.027222607 0.09657287 0.0
0.0 0.0 0.0 0.005986941 0.0 0.0 0.013128734 0.055977605 0.0 0.0 0.0 0.00908888 0.010360651 0.062169414 0.0 0.0 0.014345703 0.0 0.0 0.0 0.0 0.13743651 0.023798276 7.402152e-05 0.0 0.06814508 0.06274797 0.0 0.043831352 0.02406339 0.0 0.0 0.0 0.017182129 0.05016437 0.0 0.023033502 0.0 0.029949324 0.026225934 0.11103404 0.08459696 0.009817389 0.063076146 0.0 0.0 0.0 0.011539482 0.0 0.0 0.016117603 0.0 0.01123708 0.0 0.02989753 0.08407709
0.017820925 0.02567258 0.0 0.0 0.0 0.0 0.0 0.020269709 0.02164367 0.0366697 0.0 0.0 0.06797282 0.0 0.0 0.013890429 0.0 0.0 0.021043247 0.0 0.0 0.0 0.0 0.07023572 0.0 0.0 0.0 0.0 0.0 0.0 0.0 0.0 0.0 0.039164554 0.047999635 0.041061223 0.097861774 0.00019199865 0.0 0.0 0.05547483 0.0 0.10594299 0.0 0.029835092 0.0 0.02376703 0.0069325096 0.0 0.0 0.0 0.13581115 0.0 0.0052540447 0.012154408 0.0
0.0 0.0 0.0 0.0497593 0.013992534 0.021585293 0.0 0.00287258 0.023782555 0.011171237 0.053193133 0.033187475 0.0 0.0 0.013890429 0.06255823 0.0 0.0 0.0 0.027124554 0.0 0.000895561 0.088400364 0.02007706 0.010757216 0.0 0.013108277 0.0 0.0 0.0 0.0 0.0035655869 0.045526527 0.003345942 0.0 0.014446559 0.059952743 0.0 0.047230054 0.0 0.005862394 0.0 0.032749377 0.006682877 0.012155275 0.034466032 0.0 0.0 0.005487385 0.0046669417 0.050739385 0.05683094 0.0 0.0 0.0 0.0
0.061591204 0.118830934 0.02338106 0.0 0.0 0.0 0.0 0.066927224 0.05169216 0.045566507 0.02552162 0.0 0.0 0.014345704 0.0 0.0 0.0 0.0 0.0 0.0 0.0 0.0043225703 0.0 0.14285702 0.0 0.0 0.0 0.08439543 0.0 0.0 0.0 0.0 0.0 0.0 0.08414871 0.0 0.054940633 0.020365221 0.0 0.0 0.0 0.0 0.012447775 0.0 0.0 0.0 0.0 0.004175855 0.0 0.048489545 0.0 0.0012002836 0.0 0.0 0.045085046 0.008349685
0.060532533 0.018745065 0.0 0.0 0.030696329 0.013433053 0.0 0.0 0.0 0.0075221458 0.03661057 0.08603879 0.0 0.0 0.0 0.0 0.0 0.0 0.025323225 0.0 0.12270566 0.0 0.0038970315 0.0 0.0 0.01126018 0.0044240006 0.049096085 0.0 0.0 0.034740083 0.0 0.051535554 0.03277269 0.0 0.0 0.0 0.0 0.080942325 0.0 0.0 0.0 0.0 0.099258974 0.0 0.0 0.0 0.0 0.08474005 0.0 0.009093928 0.0 0.0 0.0 0.005823576 0.0103232665
0.0 0.12801388 0.0 0.007574123 0.067700416 0.012387931 0.0 0.024047745 0.016967222 0.0 0.05027174 0.0 0.0 0.0 0.021043247 0.0 0.0 0.025323225 0.0 0.009458739 0.0 0.0 0.0 0.04557471 0.0025554143 0.0 0.0 0.044667542 0.0 0.0 0.0 0.0 0.0 0.0 0.0 0.0 0.030977983 0.005013607 0.0 0.0 0.0 0.0 0.0 0.0 0.0 0.0 0.07798429 0.0 0.067927726 0.006186361 0.0 0.034466993 0.049560294 0.0 0.0 0.0
0.014126862 0.021865102 0.0 0.0 0.04723301 0.02439456 0.0 0.0 0.0 0.0024203144 0.0 0.090927735 0.0 0.0 0.0 0.027124554 0.0 0.0 0.00945874 0.09848094 0.0031770347 0.0 0.0 0.0 0.0 0.0 0.048240148 0.0014959009 0.0 0.0 0.0 0.0 0.082688704 0.0 0.0 0.020447291 0.044186164 0.0 0.0 0.038830753 0.0 0.0 0.01434919 0.0017635209 0.0 0.0 0.049370486 0.042912588 0.049661804 0.05314569 0.03303514 0.041502967 0.0 0.0 0.07078223 0.0
0.0 0.035990667 0.0 0.012165355 0.013108409 0.052194443 0.055885077 0.0009023617 0.0 0.0 0.0 0.026000308 0.0 0.0 0.0 0.0 0.0 0.12270566 0.0 0.0031770347 0.11191893 0.0 0.015094542 0.0 0.011702031 0.0 0.011285861 0.0 0.023648929 0.0 0.024364697 0.0 0.11459586 0.0 0.0 0.031865396 0.0 0.0 0.010560672 0.0 0.008025967 0.0 0.0065119877 0.02817406 0.0011650837 0.0 0.052804668 0.0052362047 0.049610365 0.073557235 0.0 0.0 0.11324848 0.0 0.049149334 0.006878344
0.0 0.0 0.0 0.0 0.0 0.0 0.0 0.020290539 0.0 0.0 0.0 0.0 0.0 0.13743651 0.0 0.000895561 0.0043225703 0.0 0.0 0.0 0.0 0.027257366 0.0 0.0 0.0 0.010418176 0.0 0.030243691 0.0 0.012963137 0.0047985828 0.0 0.0 0.007460272 0.0 0.0 0.025072014 0.0 0.067749925 0.0 0.013410836 0.0 0.0 0.037793994 0.027943892 0.0 0.0 0.049551047 0.019508457 0.19392274 0.03917946 0.0 0.009452756 0.0 0.0659296 0.0629953
0.0 0.0 0.0 0.04447261 0.0 0.028867586 0.03534109 0.13904373 0.0 0.0026117035 0.0 0.010618676 0.012859947 0.023798276 0.0 0.088400364 0.0 0.0038970318 0.0 0.0 0.015094542 0.0 0.026982706 0.04580292 0.0 0.016649734 0.04548883 0.009740381 0.019751547 0.008557704 0.0 0.0 0.0 0.010487116 0.0 0.022603914 0.0 0.0 0.0286929 0.14045443 0.028690001 0.02335535 0.07816298 0.039256368 0.0 0.0 0.006570731 0.010928764 0.0 0.019657904 0.010396852 0.08993043 0.0 0.10490462 0.015770882 0.0
0.0 0.0 0.0 0.001378187 0.0 0.0 0.0 0.0 0.08045466 0.034534227 0.0034015046 0.0 0.08216916 7.402152e-05 0.07023573 0.02007706 0.14285702 0.0 0.04557471 0.0 0.0 0.0 0.04580292 0.0 0.0 0.011577135 0.007001954 0.0 0.0 0.0 0.0 0.065286115 0.019678729 0.0050885617 0.06054849 0.015809545 0.0064137788 0.0 0.0 0.024149437 0.0719623 0.17238067 0.034794103 0.0 0.010195777 0.0 0.0 0.038964055 0.0 0.0 0.0 0.0 0.0 0.11135843 0.0 0.0
0.0752776 0.10583984 0.1255913 0.0 0.009364642 0.039262954 0.0 0.0 0.0 0.0 0.0 0.0 0.0 0.0 0.0 0.010757216 0.0 0.0 0.0025554143 0.0 0.011702031 0.0 0.0 0.0 0.0 0.0 0.01974148 0.1417383 0.0537488 0.030224996 0.0021363385 0.0 0.0 0.052822508 0.0 0.0 0.0 0.0 0.0011026304 0.0 0.0 0.0 0.004050972 0.0 0.12449181 0.012934407 0.0 0.0 0.0 0.14595018 0.0 0.0 0.001764819 0.0 0.015649846 0.049285162
0.02659791 0.04053708 0.0 0.0 0.0 0.0 0.0 0.107002236 0.0 0.11407896 0.0 0.005761401 0.0 0.06814508 0.0 0.0 0.0 0.01126018 0.0 0.0 0.0 0.010418176 0.016649734 0.011577135 0.0 0.04603877 0.014607992 0.0 0.0 0.048739877 0.0 0.0 0.0 0.015848309 0.006976965 0.0 0.08314432 0.0 0.011859435 0.023547469 0.06277008 0.069748685 0.0 0.011229113 0.1068677 0.0 0.0 0.058501463 0.0 0.019038519 0.010396418 0.0031584995 0.0 0.061337862 0.0 0.003680512
0.0 0.0 0.0 0.0 0.0 0.059221536 0.0070348824 0.0 0.0 0.0 0.0 0.061944682 0.0418787 0.06274797 0.0 0.013108277 0.0 0.0044240006 0.0 0.048240148 0.011285862 0.0 0.045488834 0.0070019546 0.01974148 0.014607992 0.13797127 0.0046279794 0.0 0.026848363 0.0 0.034786392 0.049057297 0.0 0.0 0.016439661 0.0 0.0 0.035310112 0.021776559 0.037200484 0.0 0.0 0.03220221 0.046141412 0.021446714 0.0 0.0 0.0013977172 0.05439913 0.020790027 0.027628835 0.0 0.017550683 0.047638193 0.0005214557
0.0 0.05937389 0.015313225 0.099062055 0.0 0.03902164 0.032722265 0.0 0.0 0.0 0.0 0.048821274 0.0 0.0 0.0 0.0 0.08439542 0.049096085 0.044667542 0.0014959009 0.0 0.030243693 0.009740381 0.0 0.1417383 0.0 0.00462798 0.0 0.01954419 0.103438765 0.008085835 0.0499614 0.010560294 0.025945 0.0 0.0 0.0 0.0 0.0 0.0 0.0 0.043248147 0.017437192 0.03646241 0.0 0.015265049 0.020599945 0.0 0.0 0.0 0.0 0.0 0.024576394 0.042837635 0.0 0.0
0.0 0.03653144 0.08039657 0.0 0.02552565 0.0 0.0 0.0 0.09013313 0.0 0.027583957 0.0 0.0 0.04383135 0.0 0.0 0.0 0.0 0.0 0.0 0.023648929 0.0 0.019751545 0.0 0.0537488 0.0 0.0 0.01954419 0.0 0.014536739 0.17708589 0.0 0.0 0.0 0.0 0.02613038 0.0 0.08256615 0.09055064 0.0 0.0 0.0 0.0 0.0 0.0 0.034789745 0.0 0.006443428 0.14799474 0.0 0.0 0.0 0.0 0.0 0.0058390144 0.0
0.0 0.016678656 0.051145677 0.0 0.0 0.018415034 0.0 0.006041151 0.0 0.0 0.0 0.0 0.0 0.024063392 0.0 0.0 0.0 0.0 0.0 0.0 0.0 0.012963137 0.008557704 0.0 0.030224994 0.048739877 0.026848363 0.103438765 0.014536739 0.026668321 0.0055287336 0.0 0.029065307 0.0 0.0 0.0 0.0 0.0 0.0 0.0 0.02234652 0.0 0.046891216 0.059001625 0.029979115 0.021231528 0.008284553 0.043167733 0.0 0.030265413 0.0 0.03900738 0.09347393 0.059663758 0.0 0.00958083
0.0 0.0 0.03811591 0.009261281 0.013487427 0.0 0.0 0.0047654063 0.0 0.0 0.0 0.0049416744 0.008994404 0.0 0.0 0.0 0.0 0.034740087 0.0 0.0 0.024364697 0.0047985823 0.0 0.0 0.0021363385 0.0 0.0 0.008085835 0.17708589 0.0055287336 0.0038212466 0.0 0.056547496 0.02194644 0.009649887 0.0 0.005823556 0.0 0.031376924 0.0 0.004159106 0.0 0.008911022 0.11424892 0.017258205 0.0 0.0627513 0.013984582 0.0 0.037545945 0.0 0.013165969 0.028115312 0.10502294 0.0 0.07692685
0.10403491 0.014715453 0.0 0.0 1.2864261e-05 0.0 0.0 0.040023737 0.023597421 0.0 0.0 0.0 0.0003485263 0.0 0.0 0.0035655869 0.0 0.0 0.0 0.0 0.0 0.0 0.0 0.065286115 0.0 0.0 0.034786392 0.049961396 0.0 0.0 0.0 0.019419676 0.012012362 0.051034544 0.10160739 0.05819476 0.09363731 0.0 0.0 0.0 0.0 0.0 0.0 0.0 0.019936265 0.0 0.013624787 0.0 0.06058346 0.0 0.0 0.10474897 0.0 0.012995512 0.011923117 0.0013187773
0.006541015 0.0 0.0 0.10570461 0.016044546 0.052187636 0.0342226 0.053782303 0.0 0.062326204 0.041506093 0.015209401 0.01537134 0.0 0.0 0.045526523 0.0 0.051535554 0.0 0.082688704 0.11459587 0.0 0.0 0.019678729 0.0 0.0 0.0490573 0.010560295 0.0 0.029065307 0.056547496 0.012012362 0.03427885 0.0 0.027509669 0.004852627 0.0 0.0 0.0 0.012640987 0.0 0.0060612587 0.00273052 0.0 0.011820297 0.0 0.0 0.0026532155 0.0 0.021776186 0.007869295 0.0 0.0 0.0 0.024654431 0.0
0.0 0.0 0.030168818 0.0 0.027404383 0.0 0.0 0.0 0.112892024 0.0 0.06853474 0.0 0.0007722365 0.017182129 0.039164554 0.003345942 0.0 0.032772694 0.0 0.0 0.0 0.0074602724 0.010487116 0.0050885617 0.052822508 0.015848307 0.0 0.025945 0.0 0.0 0.02194644 0.05103454 0.0 0.0 0.0 0.0 0.0 0.03413799 0.102100745 0.0 0.0 0.0 0.0 0.0 0.0 0.073019624 0.0 0.056911495 0.016168488 0.0131305205 0.035460107 0.0 0.0 0.0 0.013200414 0.0
0.0 0.005717602 0.0020188019 0.0 0.11257724 0.0 0.0 0.0 0.07169159 0.11924825 0.023025107 0.0 0.017642807 0.05016437 0.047999635 0.0 0.08414871 0.0 0.0 0.0 0.0 0.0 0.0 0.0605485 0.0 0.006976965 0.0 0.0 0.0 0.0 0.009649887 0.10160738 0.027509669 0.0 0.0 0.10602513 0.023584384 0.035379887 0.06773564 0.0 0.0 0.03868695 0.033224482 0.004389925 0.0 0.046654332 0.0 0.006732669 0.022335116 0.0 0.0019544354 0.020778444 0.0 0.0 0.0 0.0
0.06329342 0.0 0.0 0.0 0.030795766 0.008965114 0.0 0.011050378 0.0 0.016422058 0.071544215 0.04658854 0.0 0.0 0.041061223 0.014446559 0.0 0.0 0.0 0.020447291 0.031865396 0.0 0.022603914 0.015809545 0.0 0.0 0.01643966 0.0 0.02613038 0.0 0.0 0.058194764 0.004852627 0.0 0.10602513 0.0 0.047693726 0.05615321 0.0 0.0 0.0 0.0 0.0 0.0 0.07702348 0.0 0.0 0.017047472 0.0014193901 0.010579303 0.008007899 0.06380115 0.0 0.0 0.0 0.0
0.0 0.033619627 0.020067057 0.0 0.0 0.0 0.0 0.020933364 0.0 0.018460358 0.04589036 0.0 0.0 0.0230335 0.097861774 0.059952743 0.054940633 0.0 0.030977983 0.044186164 0.0 0.025072016 0.0 0.0064137788 0.0 0.08314432 0.0 0.0 0.0 0.0 0.0058235554 0.09363731 0.0 0.0 0.023584384 0.047693722 0.0 0.03145705 0.0 0.0 0.054441802 0.060154017 0.008427955 0.035655823 0.0 0.013919858 0.0 0.0 0.018633123 0.0 0.03494678 0.035561055 0.0 0.0 0.0 0.0
0.07864642 0.058661703 0.0 0.0 0.0 0.0 0.007399347 0.117732204 0.0 0.010590279 0.0 0.0 0.023532651 0.0 0.00019199865 0.0 0.020365221 0.0 0.005013607 0.0 0.0 0.0 0.0 0.0 0.0 0.0 0.0 0.0 0.08256615 0.0 0.0 0.0 0.0 0.03413799 0.035379887 0.05615321 0.03145705 0.0 0.0 0.0 0.0 0.031905446 0.0 0.0 0.0 0.0 0.049132384 0.0 0.0 0.0 0.0 0.12610014 0.0 0.012109115 0.0 0.064174406
0.045783576 0.03633596 0.010999277 0.0 0.0 0.0 0.0047385925 0.058962192 0.0 0.04043286 0.0 0.012294137 0.0 0.029949324 0.0 0.047230054 0.0 0.080942325 0.0 0.0 0.010560671 0.067749925 0.028692903 0.0 0.0011026304 0.011859435 0.035310112 0.0 0.09055064 0.0 0.031376924 0.0 0.0 0.102100745 0.067735635 0.0 0.0 0.0 0.0 0.0 0.020653877 0.0 0.02277612 0.0294234 0.004168214 0.0032830967 0.011380576 0.0 0.0 0.010152833 0.011928362 0.03197574 0.009800594 0.0 0.0 0.03497801
0.0 0.0 0.0 0.059915476 0.0 0.0 0.0 0.0030147806 0.0 0.0 0.0 0.0 0.013837208 0.026225934 0.0 0.0 0.0 0.0 0.0 0.038830757 0.0 0.0 0.14045443 0.024149438 0.0 0.023547467 0.021776559 0.0 0.0 0.0 0.0 0.0 0.012640987 0.0 0.0 0.0 0.0 0.0 0.0 0.25334796 0.0 0.0 0.0 0.00574361 0.0 0.0 0.0 0.020304002 0.016581712 0.0 0.11668386 0.0 0.0 0.02947412 0.0933256 0.0064053014
0.0 0.0 0.0 0.0030034988 0.0 0.0 0.0 0.011299687 0.0077862903 0.058399253 0.0 0.0 0.0 0.11103404 0.055474825 0.005862394 0.0 0.0 0.0 0.0 0.0080259675 0.0134108355 0.028690003 0.0719623 0.0 0.06277008 0.03720048 0.0 0.0 0.022346523 0.0041591064 0.0 0.0 0.0 0.0 0.0 0.054441806 0.0 0.020653877 0.0 0.09016683 0.0 0.014286331 0.0 0.08996436 0.062613755 0.0 0.09801203 0.0 0.009145875 0.054680623 0.0 0.0 0.0 0.058016974 0.0
0.0 0.0 0.0 0.0 0.0 0.0 0.0 0.010213975 0.0 0.0 0.0619494 0.0 0.03279841 0.08459696 0.0 0.0 0.0 0.0 0.0 0.0 0.0 0.0 0.023355348 0.17238067 0.0 0.069748685 0.0 0.043248147 0.0 0.0 0.0 0.0 0.0060612583 0.0 0.038686946 0.0 0.060154017 0.031905446 0.0 0.0 0.0 0.0 0.0 0.0 0.03257157 0.055928744 0.0 0.02543283 0.012031586 0.0 0.038895067 0.0677774 0.0 0.0 0.051283587 0.0
0.0 0.0 0.0 0.0 0.046758384 0.0056229653 0.0 0.015966123 0.01474831 0.0 0.0 0.0 0.0 0.009817389 0.10594298 0.032749373 0.012447775 0.0 0.0 0.01434919 0.0065119877 0.0 0.07816298 0.034794103 0.004050972 0.0 0.0 0.017437192 0.0 0.046891216 0.008911023 0.0 0.00273052 0.0 0.033224482 0.0 0.008427955 0.0 0.02277612 0.0 0.014286331 0.0 0.09037811 0.0 0.016196163 0.0017345793 0.0 0.034036294 0.0 0.0 0.119730145 0.0044131284 0.0 0.012753471 0.06924631 0.0
0.0 0.023379514 0.0 0.00059741305 0.011171079 0.03264383 0.00035963065 0.0 0.0 0.011282642 0.038548913 0.014429122 0.010241672 0.063076146 0.0 0.006682877 0.0 0.099258974 0.0 0.001763521 0.028174061 0.037793994 0.039256364 0.0 0.0 0.011229113 0.032202214 0.03646241 0.0 0.05900163 0.11424892 0.0 0.0 0.0 0.004389925 0.0 0.035655826 0.0 0.0294234 0.00574361 0.0 0.0 0.0 0.0 0.00060894847 0.04962175 0.031952478 0.07851256 0.0 0.0 0.060210943 0.0 0.0 0.01344859 0.032352332 0.0
0.007584887 0.0 0.0 0.078735285 0.016309138 0.0 0.0 0.048220776 0.020973155 0.029009134 0.051406894 0.0 0.0 0.0 0.029835092 0.012155275 0.0 0.0 0.0 0.0 0.0011650837 0.027943892 0.0 0.010195777 0.12449181 0.10686771 0.046141412 0.0 0.0 0.029979117 0.017258206 0.019936265 0.011820297 0.0 0.0 0.07702347 0.0 0.0 0.004168214 0.0 0.08996436 0.032571573 0.016196165 0.00060894847 0.0 0.035005502 0.0 0.0 0.005381915 0.0 0.0 0.0031069887 0.0 0.0 0.019296145 0.0
0.0 0.011854147 0.027779924 0.0 0.0 0.0 0.06701469 0.0 0.0 0.002419943 0.0 0.014616558 0.0 0.0 0.0 0.034466032 0.0 0.0 0.0 0.0 0.0 0.0 0.0 0.0 0.012934408 0.0 0.021446714 0.01526505 0.034789745 0.02123153 0.0 0.0 0.0 0.073019624 0.046654332 0.0 0.013919858 0.0 0.0032830967 0.0 0.062613755 0.055928744 0.0017345793 0.04962175 0.035005502 0.0 0.0984043 0.0 0.02035717 0.08776158 0.0 0.0 0.036188565 0.0 0.009668419 0.14825946
0.02111267 0.029620882 0.09179862 0.049093746 0.13565767 0.0019967263 0.0 0.0 0.0 0.0 0.0 0.0 0.0 0.0 0.023767028 0.0 0.0 0.0 0.07798429 0.049370483 0.052804668 0.0 0.0065707313 0.0 0.0 0.0 0.0 0.020599945 0.0 0.008284553 0.06275131 0.013624787 0.0 0.0 0.0 0.0 0.0 0.049132384 0.011380576 0.0 0.0 0.0 0.0 0.03195248 0.0 0.0984043 0.0 0.0 0.101570025 0.0 0.01592953 0.0 0.03257529 0.0 0.0 0.0
0.015187857 0.0 0.0 0.039451577 0.0 0.0 0.03291859 0.031370502 0.0 0.0 0.0 0.041359827 0.00929553 0.011539482 0.0069325096 0.0 0.004175855 0.0 0.0 0.04291259 0.0052362047 0.049551047 0.010928765 0.038964055 0.0 0.05850146 0.0 0.0 0.0064434283 0.043167733 0.013984582 0.0 0.0026532155 0.056911495 0.0067326687 0.017047472 0.0 0.0 0.0 0.020304002 0.09801203 0.02543283 0.034036294 0.07851255 0.0 0.0 0.0 0.0 0.0069457823 0.034091055 0.0 0.0 0.009210994 0.042887356 0.0 0.046035785
0.03118486 0.022297092 0.0 0.0 0.024049336 0.069680505 0.12208554 0.0 0.0465719 0.0 0.012207302 0.010964172 0.0 0.0 0.0 0.005487385 0.0 0.08474004 0.067927726 0.049661804 0.049610365 0.019508455 0.0 0.0 0.0 0.0 0.0013977172 0.0 0.14799474 0.0 0.0 0.060583457 0.0 0.016168488 0.022335116 0.00141939 0.018633125 0.0 0.0 0.016581712 0.0 0.012031587 0.0 0.0 0.005381915 0.02035717 0.10157003 0.0069457823 0.017673949 0.0 0.0 0.0033085423 0.01624438 0.0 0.01333541 0.0
0.0 0.046289906 0.07386985 0.0 0.06893732 0.0021387201 0.0 0.0 0.0 0.0 0.014712794 0.0023509436 0.0 0.0 0.0 0.0046669417 0.04848954 0.0 0.0061863605 0.05314569 0.073557235 0.19392273 0.019657906 0.0 0.14595018 0.019038519 0.05439913 0.0 0.0 0.030265413 0.037545945 0.0 0.021776186 0.013130521 0.0 0.010579303 0.0 0.0 0.010152832 0.0 0.009145875 0.0 0.0 0.0 0.0 0.08776158 0.0 0.03409106 0.0 0.0 0.0 0.0 0.054498896 0.0 0.03216315 0.0
0.0 0.0 0.0 0.0 0.0 0.011981578 0.11453289 0.100464165 0.0 0.020365225 0.0 0.0 0.07579028 0.016117603 0.0 0.05073939 0.0 0.009093929 0.0 0.03303514 0.0 0.03917946 0.010396852 0.0 0.0 0.010396419 0.02079003 0.0 0.0 0.0 0.0 0.0 0.007869295 0.035460107 0.0019544356 0.008007899 0.034946784 0.0 0.011928361 0.116683856 0.054680627 0.03889507 0.119730145 0.060210947 0.0 0.0 0.01592953 0.0 0.0 0.0 0.0 0.055222858 0.0 0.11639538 0.014263421 0.029936202
0.0 0.0 0.049219854 0.0 0.0 0.0 0.0 0.0 0.051016226 0.04473174 0.061455358 0.0 0.0 0.0 0.13581115 0.05683094 0.0012002838 0.0 0.034466993 0.041502964 0.0 0.0 0.08993043 0.0 0.0 0.0031584997 0.027628835 0.0 0.0 0.039007384 0.013165969 0.10474897 0.0 0.0 0.020778446 0.06380115 0.03556106 0.12610014 0.031975742 0.0 0.0 0.06777741 0.0044131284 0.0 0.0031069887 0.0 0.0 0.0 0.0033085425 0.0 0.05522286 0.0 0.0 0.00557167 0.0 0.0
0.007565281 0.09367046 0.1137491 0.0 0.017729934 0.094207644 0.024631632 0.0 0.0 0.0 0.0 0.031613294 0.0 0.01123708 0.0 0.0 0.0 0.0 0.049560294 0.0 0.11324848 0.009452755 0.0 0.0 0.001764819 0.0 0.0 0.024576392 0.0 0.09347393 0.028115312 0.0 0.0 0.0 0.0 0.0 0.0 0.0 0.009800594 0.0 0.0 0.0 0.0 0.0 0.0 0.036188565 0.03257529 0.009210994 0.01624438 0.054498896 0.0 0.0 0.17868948 0.0 0.0 0.0
0.0 0.0 0.0 0.0 0.0 0.012760936 0.0 0.0 0.0 0.0 0.050882168 0.0 0.027222607 0.0 0.0052540447 0.0 0.0 0.0 0.0 0.0 0.0 0.0 0.10490463 0.11135843 0.0 0.06133786 0.017550685 0.042837635 0.0 0.05966376 0.10502294 0.012995513 0.0 0.0 0.0 0.0 0.0 0.012109115 0.0 0.02947412 0.0 0.0 0.012753471 0.01344859 0.0 0.0 0.0 0.042887356 0.0 0.0 0.116395384 0.00557167 0.0 0.0 0.1015054 0.0
0.0 0.0 0.0 0.027624141 0.0 0.0042395634 0.032173272 0.0015428205 0.0 0.012172268 0.0 0.0 0.09657287 0.029897528 0.012154409 0.0 0.045085046 0.005823576 0.0 0.07078222 0.04914933 0.06592961 0.015770882 0.0 0.015649846 0.0 0.047638193 0.0 0.005839014 0.0 0.0 0.011923116 0.024654431 0.013200414 0.0 0.0 0.0 0.0 0.0 0.0933256 0.05801697 0.051283587 0.06924631 0.032352332 0.019296147 0.009668419 0.0 0.0 0.0133354105 0.03216315 0.01426342 0.0 0.0 0.101505406 0.0 0.023939194
0.0 0.0 0.033121157 0.012722441 0.054162093 0.0 0.0 0.0 0.10906824 0.0 0.15067193 0.0 0.0 0.08407709 0.0 0.0 0.008349684 0.0103232665 0.0 0.0 0.006878344 0.0629953 0.0 0.0 0.049285162 0.0036805123 0.0005214557 0.0 0.0 0.009580829 0.07692685 0.0013187773 0.0 0.0 0.0 0.0 0.0 0.0641744 0.03497801 0.0064053014 0.0 0.0 0.0 0.0 0.0 0.14825945 0.0 0.046035785 0.0 0.0 0.029936202 0.0 0.0 0.0 0.023939194 0.0
