0.0 0.061402727 0.002704329 0.09642873 0.0 0.04497415 0.0 0.0 0.0 0.008043138 0.0 0.0 0.0 0.04037954 0.0 0.038926404 0.0 0.0 0.04939439 0.01217523 0.03072437 0.0 0.08905979 0.0 0.0 0.002858411 0.044268146 0.11758087 0.0 0.0038747827 0.01554943 0.0917714 0.015890347 0.0024514848 0.0 0.0033598433 0.0014011528 0.058634646 0.008180325 0.0 0.021501794 0.0 0.025351027 0.0010156782 0.032445177 0.0 0.013692764 0.0 0.0 0.0 0.061400663 0.0 0.13039576 0.01995892 0.0 0.0
0.06140273 0.0 0.0 0.0 0.0 0.030323258 0.0 0.027290875 0.06756842 0.015509469 0.014107705 0.0 0.0 0.0 0.0 0.0 0.0 0.045792293 0.004497271 0.049128078 0.0 0.01792089 0.0 0.03245188 0.0 0.01356247 0.061382223 0.0 0.0 0.0 0.017734887 0.0 0.0 0.0 0.04445704 0.0 0.0680613 0.0 0.0056648594 0.0 0.062567264 0.0 0.0 0.0 0.0 0.010689304 0.0 0.0025739037 0.0 0.0 0.009975922 0.060867548 0.0 0.0 0.009536595 0.0
0.0027043293 0.0 0.0 0.033177596 0.050661184 0.01546138 0.0 0.054483596 0.0033410466 0.02715142 0.04013194 0.037880618 0.1297397 0.0 0.0 0.0 0.0 0.0022652794 0.0 0.051340092 0.0 0.007988407 0.0 0.013940579 0.059295367 0.04218185 0.0 0.0 0.0 0.0 0.0012374314 0.0 0.0429472 0.0021594625 0.010540577 0.0 0.03375529 0.053456746 0.0118149435 0.0 0.019697381 0.0 0.0 0.0 0.0 0.025040904 0.016569262 0.016712068 0.03253133 0.0 0.0 0.0 0.0012460204 0.0 0.0 0.0
0.09642874 0.0 0.033177596 0.0 0.0 0.016636448 0.0 0.0 0.0 0.15136155 0.013920279 0.023813233 0.0 0.0 0.08574999 0.011397834 0.0 0.0 0.12078386 0.0 0.0 0.0 0.0 0.064782344 0.0 0.0 0.0 0.0 0.018719686 0.0 0.0 0.0 0.0 0.02306059 0.04602026 0.0 0.02160381 0.013390777 0.0 0.0 0.0 0.08111854 0.0 0.0 0.0 0.0 0.047638707 0.0 0.0 0.0 0.0 0.0 0.0053127017 0.0 0.0 0.029350042
0.0 0.0 0.050661184 0.0 0.0 0.023790924 0.0026886663 0.0 0.0 0.0 0.034179382 0.15274934 0.0 0.0 0.0 0.005576383 0.0 0.0 0.043267105 0.0 0.067334056 0.020274816 0.0 0.0061129606 0.13489704 0.0 0.0 0.0 0.0 0.12684092 0.056290284 0.0 0.06143669 0.0 0.0033785673 0.0 0.0 0.020721234 0.0 0.0 0.0057862313 0.07491903 0.013621226 0.0 0.0 0.032624274 0.017383568 0.0 0.047429457 0.0 0.0 0.0 0.02306637 0.06851795 0.0 0.017545953
0.044974145 0.030323258 0.01546138 0.01663645 0.023790924 0.010939483 0.0 0.0 0.006022953 0.030629685 0.027811348 0.07703452 0.0 0.011018937 0.0065673445 0.19950126 0.0 0.036231972 0.027784988 0.0 0.028529996 0.0 0.0 0.08600122 0.0 0.0 0.034387693 0.0 0.0 0.0 0.075736985 0.0 0.009649966 0.0 0.02589783 0.07314891 0.0023237704 0.0 0.0 0.0 0.0 0.016609957 0.011251852 0.0 0.009757455 0.014356432 0.0 0.0 0.0114792725 0.0 0.0 0.0 0.0 0.0 0.021361407 0.0
0.0 0.0 0.0 0.0 0.002688666 0.0 0.0 0.06936758 0.016478555 0.0 0.0 0.0 0.09353905 0.0 0.0 0.028232971 0.0 0.0 0.0 0.0 0.0 0.08115788 0.032208227 0.0 0.004323729 0.047142357 0.019792719 0.02392603 0.0 0.0 0.0 0.0 0.028939467 0.0 0.053601988 0.006918762 0.0 0.0 0.0 0.0 0.057706658 0.009033105 0.0 0.0076958197 0.059930246 0.0 0.0 0.0027760058 0.0 0.083713196 0.0 0.11031746 0.0 0.0 0.0 0.0
0.0 0.027290875 0.054483596 0.0 0.0 0.0 0.06936758 0.0 0.0 0.0 0.0 0.0 0.0 0.0 0.0 0.015103995 0.020289939 0.0 0.017920632 0.020096479 0.0723709 0.01789572 0.05134198 0.0 0.0098305885 0.00085404154 0.0 0.03287852 0.0222266 0.07344107 0.034458425 0.014334954 0.0 0.043691 0.0 0.07291488 0.07703388 0.0 0.0 0.0 0.036182545 0.0 0.10707685 0.031155098 0.053386018 0.0 0.06677067 0.008422397 0.0 0.009431831 0.030480541 0.025474843 0.036572397 0.011223809 0.047781903 0.0
0.0 0.06756842 0.0033410466 0.0 0.0 0.006022953 0.016478555 0.0 0.0 0.06648629 0.059263308 0.0 0.0 0.0 0.032259643 0.05772722 0.0 0.01697707 0.029455245 0.01115053 0.04503788 0.0 0.0 0.0 0.0 0.0 0.0 0.0128544085 0.003389144 0.009126374 0.022623993 0.0 0.002781675 0.048028264 0.11223853 0.06675786 0.12916985 0.017498884 0.0 0.0 0.0 0.051234826 0.05420818 0.0 0.024148978 0.0 0.01566339 0.026766956 0.05642032 0.0 0.0 0.015127444 0.0 0.0 0.0 0.0
0.008043138 0.0155094685 0.02715142 0.15136155 0.0 0.030629685 0.0 0.0 0.066486284 0.0 0.0 0.0 0.0 0.0 0.0 0.028932728 0.023398746 0.0046177087 0.022459809 0.0 0.0 0.061682127 0.0 0.004563597 0.116038285 0.0 0.0 0.0 0.0058140196 0.0 0.12111469 0.06665694 0.0 0.0 0.0 0.020907283 0.026999988 0.097585574 0.0 0.0 0.0 0.0 0.05456887 0.029755518 0.0 0.0 0.0 0.0 0.0 0.0 0.0 0.0 0.08628759 0.0 0.0 0.0
0.0 0.014107705 0.04013194 0.013920279 0.034179382 0.027811347 0.0 0.0 0.059263304 0.0 0.027424928 0.0 0.0 0.020047694 0.0 0.0054191602 0.027208557 0.08917094 0.08438694 0.0 0.051712956 0.0 0.0 0.0040894016 0.018042875 0.0 0.0 0.0 0.0 0.008089567 0.07130794 0.021498643 0.0005079245 0.01247329 0.0 0.06504185 0.0 0.12822983 0.03394726 0.0 0.0 0.05385453 0.04823022 0.0 0.0 0.051494572 0.0 0.0 0.031026313 0.0 0.027416881 0.0 0.0 0.0012016371 0.0018946205 0.0
0.0 0.0 0.03788062 0.023813233 0.15274934 0.07703452 0.0 0.0 0.0 0.0 0.0 0.0 0.07408689 0.026861517 0.13136488 0.0 0.0 0.0 0.0045426213 0.0 0.027588116 0.07718957 0.0 0.0 0.0065868604 0.015137792 0.027907787 0.0 0.0 0.0 0.024330808 0.0 0.0291965 0.0 0.0 0.0 0.0 0.0 0.023392275 0.017950721 0.0 0.08546576 0.013390492 0.0 0.0 0.0 0.0 0.024841132 0.067440234 0.0 0.0 0.0 0.0 0.05372794 0.0 0.0
0.0 0.0 0.1297397 0.0 0.0 0.0 0.09353905 0.0 0.0 0.0 0.0 0.07408689 0.0 0.0 0.0 0.0 0.13717501 0.036771465 0.0 0.02854026 0.0 0.07073678 0.0 0.0 0.07117897 0.0 0.0054051834 0.0050343936 0.0 0.01681234 0.0 0.0 0.0 0.0 0.0 0.0 0.0 0.0 0.07226362 0.0 0.0 0.0 0.0 0.0 0.0 0.0 0.06426369 0.0 0.0 0.12060025 0.0 0.0 0.16576053 0.0 0.0 0.0
0.04037954 0.0 0.0 0.0 0.0 0.011018937 0.0 0.0 0.0 0.0 0.020047694 0.026861519 0.0 0.0 0.011117528 0.0 0.040076584 0.073571555 6.016663e-11 0.0412807 0.05711773 0.0 0.029052315 0.0 0.0 0.0 0.0 0.0 0.006581517 0.10652787 0.0 0.05584558 0.0 0.0 0.0 0.0 0.0 0.0 0.047616556 0.0 0.030409127 0.0 0.0 0.06531408 0.10190226 0.0246621 0.050659824 0.07761054 0.007991604 0.08329756 0.054448225 0.0 0.0 0.0 0.08555988 0.0
0.0 0.0 0.0 0.08575 0.0 0.006567344 0.0 0.0 0.032259643 0.0 0.0 0.13136488 0.0 0.011117529 0.0 0.0 0.0 0.0 0.0 0.0 0.0 0.090793535 0.0 0.0 0.0021137032 0.0051718154 0.048152987 0.0 0.0 0.044105113 0.0 0.0 0.0 0.0 0.0 0.0 0.0 0.0 0.026644718 0.06927507 0.028280746 0.002676294 0.0 0.0 0.0 0.0 0.0 0.0 0.023365544 0.02882648 0.0 0.0 0.045503452 0.005804728 0.06648598 0.12176977
0.0389264 0.0 0.0 0.011397834 0.005576383 0.19950125 0.028232971 0.015103996 0.05772722 0.028932728 0.00541916 0.0 0.0 0.0 0.0 0.0 0.0 0.016955292 0.0 0.00046213635 0.05110545 0.086970866 0.005626101 0.0 0.0 0.0 0.025958976 0.0 0.0 0.0 0.0 0.03983238 0.011545853 0.0 0.010056631 0.0 0.042043045 0.0 0.0 0.021796219 0.0 0.0 0.0 0.0 0.0 0.0068738996 0.0 0.06508281 0.024200335 0.004117412 0.0070356107 0.0 0.0031337999 0.0042759944 0.03777728 0.0
0.0 0.0 0.0 0.0 0.0 0.0 0.0 0.020289939 0.0 0.023398746 0.027208557 0.0 0.13717501 0.040076584 0.0 0.0 0.0 0.0 0.0 0.0 0.0 0.0 0.0 0.0 0.0 0.16914262 0.020597175 0.0 0.0 0.0 0.0 0.0 0.0026731938 0.059160344 0.084229484 0.00082460855 0.0 0.0 0.0 0.030352065 0.041453354 0.0 0.0 0.012466857 0.0 0.0 0.0 0.014981007 0.016124548 0.049415544 0.0050932677 0.05261792 0.0 0.014490849 0.0 0.008845341
0.0 0.045792293 0.0022652794 0.0 0.0 0.036231972 0.0 0.0 0.01697707 0.0046177087 0.08917094 0.0 0.036771465 0.073571555 0.0 0.016955292 0.0 0.0 0.0 0.0 0.0 0.0 0.0380556 0.069405384 0.1122472 0.009884684 0.010486176 0.0 0.0 0.0 0.0 0.0 0.0 0.0 0.0 0.0 0.0006953134 0.0 0.0 0.0 0.0 0.02087163 0.011941561 0.029586716 0.0 0.07107353 0.0 0.07438486 0.030513609 0.0 0.0 0.0 0.0 0.0018680363 0.0 0.0
0.049394388 0.0044972706 0.0 0.120783865 0.043267105 0.027784988 0.0 0.017920632 0.029455245 0.022459809 0.084386945 0.004542622 0.0 6.016663e-11 0.0 0.0 0.0 0.0 0.0 0.010412905 0.0 0.08174759 0.024530442 0.0 0.0021254674 0.0044941693 0.08072705 0.0 0.0 0.0 0.061949935 0.02301376 0.028693346 0.026635004 0.012149192 0.0 0.0 0.0111211 0.0 0.0 0.0 0.0 0.0 0.017532464 0.0 0.049078252 0.0 0.025140963 0.0 0.0 0.0 0.022197343 0.0 0.0 0.0 0.0041007637
0.012175229 0.049128078 0.051340096 0.0 0.0 0.0 0.0 0.02009648 0.01115053 0.0 0.0 0.0 0.028540261 0.041280698 0.0 0.00046213635 0.0 0.0 0.010412905 0.0 0.014265431 0.003008916 0.007674764 0.043718345 0.05628988 0.040352494 0.0090184 0.002172011 0.09672115 0.0 0.03899398 0.0 0.0 0.0 0.0 0.0015734555 0.0 0.0 0.0 0.0 0.030470988 0.0325873 0.04425516 0.014814034 0.0 0.022877188 0.0 0.017215665 0.021457016 0.0 0.0 0.0 0.0 0.11958719 0.0 0.06381643
0.030724369 0.0 0.0 0.0 0.067334056 0.028529996 0.0 0.072370894 0.04503788 0.0 0.05171296 0.027588116 0.0 0.05711773 0.0 0.051105447 0.0 0.0 0.0 0.014265431 0.0 0.013947358 0.08563912 0.07599197 0.0 0.021828005 0.11025076 0.0 0.0 0.0 0.0 0.0 0.0 0.0 0.048289586 0.010012306 0.0 0.012718334 0.0 0.0 0.0 0.0 0.0 0.0 0.0 0.027196128 0.0 0.0 0.015501038 0.0 0.0 0.0 0.004694396 0.0 0.0 0.0
0.0 0.017920893 0.007988407 0.0 0.020274816 0.0 0.081157885 0.01789572 0.0 0.061682124 0.0 0.07718957 0.07073679 0.0 0.09079353 0.08697087 0.0 0.0 0.0817476 0.0030089158 0.013947357 0.0 0.0 0.0 0.0 0.06439769 0.0029882973 0.0 0.0 0.01774344 0.012984178 0.0 0.02770067 0.0069291177 0.00067860563 0.0 0.024375431 0.0 0.0 0.008027175 0.0 0.0011470863 0.036614675 0.0 0.017654294 0.0 0.023463985 0.0 0.0 0.039167043 0.001206478 0.016986074 0.0 0.0020472752 0.0 0.0
0.08905979 0.0 0.0 0.0 0.0 0.0 0.032208227 0.051341977 0.0 0.0 0.0 0.0 0.0 0.029052312 0.0 0.005626101 0.0 0.038055595 0.024530442 0.007674763 0.08563912 0.0 0.0 0.038576353 0.0 0.0 0.0 0.0016298883 0.03179369 0.08932595 0.0 0.0 0.0 0.0 0.05857355 0.0 0.0 0.0 0.0 0.0 0.0 0.0 0.08961647 0.044439368 0.048295476 0.034072675 0.0 0.057355523 0.04896011 0.053960387 0.048485663 0.0 0.0 0.037393395 0.05004751 0.07991484
0.0 0.03245188 0.01394058 0.06478235 0.0061129606 0.08600122 0.0 0.0 0.0 0.004563597 0.0040894016 0.0 0.0 0.0 0.0 0.0 0.0 0.069405384 0.0 0.043718345 0.07599197 0.0 0.038576353 0.0 0.011143593 0.0 0.0 0.0 0.0 0.013148887 0.0 0.058239825 0.0 0.008991655 0.0 0.029938038 0.031743784 0.1540793 0.02891059 0.0 0.0 0.0 0.0 0.02845588 0.03824629 0.030729027 0.0 0.0 0.0 0.0 0.0951914 0.0 0.089365646 0.0 0.056638703 0.0
0.0 0.0 0.059295367 0.0 0.13489704 0.0 0.0043237293 0.0098305885 0.0 0.116038285 0.018042877 0.0065868604 0.07117897 0.0 0.0021137034 0.0 0.0 0.1122472 0.0021254674 0.05628988 0.0 0.0 0.0 0.011143593 0.0 0.026995756 0.0 0.0 0.08855393 0.0 0.030980645 0.0 0.054802254 0.0 0.0047836048 0.0 0.0 0.0 0.01766197 0.0 0.0 0.0 0.00071871345 0.0 0.0 0.029332979 0.063748725 0.0 0.037557118 0.0 0.0 0.0 0.0 0.0 0.0 0.0
0.0028584113 0.01356247 0.042181853 0.0 0.0 0.0 0.047142357 0.0008540416 0.0 0.0 0.0 0.015137792 0.0 0.0 0.005171815 0.0 0.16914262 0.009884683 0.0044941693 0.040352494 0.021828003 0.06439769 0.0 0.0 0.026995758 0.0 0.0 0.0 0.12323034 0.040980034 0.0 0.0 0.0027005111 0.08689134 0.0 0.00026473647 0.008157912 0.0 0.043951057 0.022286834 0.0 0.06892472 0.056850694 0.10715661 0.0 0.0 0.11726235 0.0 2.7356253e-05 0.042296212 0.0 0.0 0.05022077 0.0 0.0 0.058647573
0.044268146 0.06138222 0.0 0.0 0.0 0.03438769 0.019792719 0.0 0.0 0.0 0.0 0.027907789 0.005405183 0.0 0.048152987 0.025958974 0.020597175 0.010486175 0.08072705 0.009018399 0.110250756 0.0029882975 0.0 0.0 0.0 0.0 0.11052052 0.026721666 0.0 0.0 0.0 0.006453886 0.0 0.0 0.0 0.021105386 0.0 0.016812738 0.0 0.0 0.0 0.0 0.042738367 0.06461831 0.022668952 0.0 0.08665595 0.0 0.10409381 0.009371575 0.0 0.0 0.0 0.023915438 0.088303715 0.02457556
0.11758086 0.0 0.0 0.0 0.0 0.0 0.02392603 0.032878518 0.0128544085 0.0 0.0 0.0 0.0050343936 0.0 0.0 0.0 0.0 0.0 0.0 0.002172011 0.0 0.0 0.0016298883 0.0 0.0 0.0 0.026721667 0.0 0.05235205 0.0 0.0 0.11935683 0.0 0.008099557 0.014772956 0.0 0.0 2.5104492e-09 0.0 0.09774822 0.020723894 0.0 0.05690965 0.023732562 0.04283998 0.0 0.027648045 0.022771915 0.0 0.0 0.06728668 0.09916505 0.012126753 0.0 0.04639481 0.0
0.0 0.0 0.0 0.018719686 0.0 0.0 0.0 0.0222266 0.003389144 0.00581402 0.0 0.0 0.0 0.0065815174 0.0 0.0 0.0 0.0 0.0 0.09672114 0.0 0.0 0.03179369 0.0 0.08855393 0.12323034 0.0 0.052352045 0.0 0.0 0.0 0.0 0.11910443 0.0 0.0035258515 0.0 0.0 0.0016539562 0.0 0.12059771 0.10433886 0.0 0.0 0.06750174 0.01198031 0.0 0.0050244853 0.0 0.0 0.03228412 0.019756906 0.0069627305 0.0068008117 0.0 0.024918273 0.0
0.003874783 0.0 0.0 0.0 0.12684092 0.0 0.0 0.07344107 0.0091263745 0.0 0.008089567 0.0 0.01681234 0.106527865 0.04410511 0.0 0.0 0.0 0.0 0.0 0.0 0.017743442 0.08932595 0.013148887 0.0 0.040980034 0.0 0.0 0.0 0.0 0.0 0.0 0.038389873 0.0 0.0 0.0 0.0 0.04193699 0.0 0.023983601 0.041421175 0.044934656 0.022882368 0.0 0.0048982906 0.0 0.0 0.0 0.0 0.0 0.0 0.018073214 0.0 0.03489105 0.0 0.0
0.01554943 0.017734885 0.0012374313 0.0 0.056290284 0.075736985 0.0 0.03445842 0.022623993 0.12111469 0.071307935 0.024330808 0.0 0.0 0.0 0.0 0.0 0.0 0.061949935 0.03899398 0.0 0.012984178 0.0 0.0 0.030980645 0.0 0.0 0.0 0.0 0.0 0.0 0.022573804 0.0 0.031144083 0.0718845 0.023392247 0.0 0.019961564 0.0 0.0 0.0 0.0047405274 0.0 0.0 0.0 0.0 0.0 0.033408694 0.04050572 0.0 0.0 0.005244025 0.0 0.0312974 0.019543353 0.0
0.0917714 0.0 0.0 0.0 0.0 0.0 0.0 0.014334953 0.0 0.06665694 0.021498641 0.0 0.0 0.05584558 0.0 0.03983238 0.0 0.0 0.02301376 0.0 0.0 0.0 0.0 0.05823982 0.0 0.0 0.006453886 0.11935683 0.0 0.0 0.022573806 0.0 0.02937711 0.0 0.09022247 0.01403703 0.04847838 0.0 0.0 0.0 0.0 0.0 0.0 0.0 0.0 0.0 0.0 0.032894135 0.0017543464 0.0 0.0 0.14312568 0.0 0.07505385 0.020680062 0.0
0.015890347 0.0 0.042947203 0.0 0.061436687 0.009649966 0.028939469 0.0 0.0027816752 0.0 0.00050792453 0.0291965 0.0 0.0 0.0 0.011545853 0.0026731938 0.0 0.028693346 0.0 0.0 0.027700672 0.0 0.0 0.054802254 0.0027005111 0.0 0.0 0.11910443 0.038389876 0.0 0.02937711 0.0 0.037605673 0.0 0.045682084 0.0 0.0 0.0044054957 0.0 0.0 0.08042399 0.0 0.0 0.0 0.046310194 0.02732109 0.0013648814 0.029993793 0.0 0.0 0.0 0.0 0.076612644 0.0 0.12686986
0.002451485 0.0 0.0021594625 0.023060588 0.0 0.0 0.0 0.043691 0.048028264 0.0 0.01247329 0.0 0.0 0.0 0.0 0.0 0.059160348 0.0 0.026635004 0.0 0.0 0.0069291173 0.0 0.008991655 0.0 0.08689134 0.0 0.008099558 0.0 0.0 0.03114408 0.0 0.037605673 0.0 0.057007782 0.0 0.017356165 0.003352883 0.0 0.13286324 0.07189183 0.0 0.029911833 0.027660439 0.03632904 0.0 0.0 0.0 0.0 0.0 0.0 0.13243228 0.0 0.0038224454 0.0 0.0
0.0 0.04445704 0.010540577 0.046020262 0.0033785673 0.02589783 0.05360199 0.0 0.11223853 0.0 0.0 0.0 0.0 0.0 0.0 0.010056631 0.08422949 0.0 0.012149192 0.0 0.048289586 0.00067860563 0.05857356 0.0 0.004783605 0.0 0.0 0.014772956 0.0035258515 0.0 0.0718845 0.09022246 0.0 0.057007786 0.0 0.018105939 0.0 0.03579356 0.06978193 0.0 0.07016144 0.01680635 0.015110934 0.051868618 0.0022973106 0.10216534 0.033775646 0.0 0.0 0.0 0.0056328736 0.0 0.0 0.038889848 0.004987309 0.0
0.0033598435 0.0 0.0 0.0 0.0 0.07314891 0.006918762 0.07291489 0.06675786 0.020907283 0.06504185 0.0 0.0 0.0 0.0 0.0 0.0008246086 0.0 0.0 0.0015734555 0.010012307 0.0 0.0 0.02993804 0.0 0.00026473647 0.021105386 0.0 0.0 0.0 0.023392247 0.01403703 0.04568208 0.0 0.018105937 0.015951231 0.09342864 0.0 0.0 0.0 0.0058577345 0.0 0.005797705 0.0 0.0 0.040607437 0.0 0.049246356 0.0 0.0 0.06168156 0.14102113 0.0 0.001646595 0.04943205 0.0
0.0014011528 0.0680613 0.03375529 0.02160381 0.0 0.0023237702 0.0 0.07703387 0.12916985 0.026999988 0.0 0.0 0.0 0.0 0.0 0.04204305 0.0 0.0006953133 0.0 0.0 0.0 0.02437543 0.0 0.031743787 0.0 0.008157913 0.0 0.0 0.0 0.0 0.0 0.04847838 0.0 0.017356165 0.0 0.09342864 0.120611295 0.13567902 0.018147282 0.0 0.0 0.0 0.027949154 0.0 0.026530255 0.019909509 0.0 0.012379944 0.0 0.0 0.05188372 0.0 0.016008385 0.016684463 0.0 0.0
0.05863464 0.0 0.053456746 0.013390776 0.020721234 0.0 0.0 0.0 0.017498884 0.09758558 0.12822983 0.0 0.0 0.0 0.0 0.0 0.0 0.0 0.0111211 0.0 0.012718334 0.0 0.0 0.15407929 0.0 0.0 0.016812738 2.5104492e-09 0.0016539562 0.04193699 0.019961564 0.0 0.0 0.003352883 0.03579356 0.0 0.13567902 0.021682726 0.0 0.0 0.0 0.0059712958 0.0848181 0.0 0.0 0.037311558 0.0 0.007125833 0.02324668 0.0 0.0 0.015195271 0.0 0.0 0.0 0.0
0.008180326 0.0056648594 0.0118149435 0.0 0.0 0.0 0.0 0.0 0.0 0.0 0.03394726 0.023392275 0.07226362 0.047616556 0.026644718 0.0 0.0 0.0 0.0 0.0 0.0 0.0 0.0 0.028910592 0.01766197 0.043951057 0.0 0.0 0.0 0.0 0.0 0.0 0.0044054957 0.0 0.06978193 0.0 0.018147282 0.0 0.0 0.01378956 0.06611723 0.010938118 0.0 0.0 0.0 0.0 0.0 0.040245246 0.08504603 0.024041466 0.0 0.001603351 0.0 0.03507474 0.034180272 0.1776811
0.0 0.0 0.0 0.0 0.0 0.0 0.0 0.0 0.0 0.0 0.0 0.017950723 0.0 0.0 0.06927507 0.021796217 0.030352067 0.0 0.0 0.0 0.0 0.008027175 0.0 0.0 0.0 0.022286834 0.0 0.09774823 0.12059771 0.0239836 0.0 0.0 0.0 0.13286324 0.0 0.0 0.0 0.0 0.013789561 0.053642914 0.04650541 0.028578853 0.0 0.084308065 0.046570845 0.0 0.0 0.0 0.003692495 0.13452435 0.0 0.0 0.005223084 0.0 0.003622405 0.08234693
0.021501794 0.062567264 0.019697381 0.0 0.0057862317 0.0 0.057706658 0.036182545 0.0 0.0 0.0 0.0 0.0 0.030409127 0.028280748 0.0 0.041453358 0.0 0.0 0.030470986 0.0 0.0 0.0 0.0 0.0 0.0 0.0 0.020723894 0.10433886 0.04142118 0.0 0.0 0.0 0.07189183 0.07016144 0.0058577345 0.0 0.0 0.06611723 0.04650541 0.0 0.0 0.0 0.017234402 0.14315775 0.0 0.053988714 0.0 0.014390775 0.055555116 0.0 0.016631057 0.0 0.0 0.005072171 0.010502
0.0 0.0 0.0 0.08111854 0.07491904 0.016609957 0.009033106 0.0 0.051234826 0.0 0.053854525 0.08546576 0.0 0.0 0.0026762937 0.0 0.0 0.02087163 0.0 0.0325873 0.0 0.0011470863 0.0 0.0 0.0 0.06892472 0.0 0.0 0.0 0.04493466 0.004740527 0.0 0.08042399 0.0 0.01680635 0.0 0.0 0.0059712958 0.010938117 0.028578853 0.0 0.042384002 0.0 0.0 0.023770237 0.0052567273 0.04081349 0.0 0.0 0.032963302 0.0 0.004443695 0.0 0.0 0.0 0.0
0.025351025 0.0 0.0 0.0 0.013621226 0.011251851 0.0 0.10707685 0.054208178 0.05456887 0.04823022 0.013390493 0.0 0.0 0.0 0.0 0.0 0.011941561 0.0 0.044255164 0.0 0.03661468 0.08961647 0.0 0.0007187135 0.05685069 0.042738363 0.05690965 0.0 0.022882368 0.0 0.0 0.0 0.029911831 0.015110933 0.005797705 0.027949154 0.0848181 0.0 0.0 0.0 0.0 0.028644435 0.0 0.0 0.074193485 0.0 0.0 0.011136152 0.0 0.0048011607 0.032240137 0.0 0.0 0.015107011 0.0067993863
0.0010156782 0.0 0.0 0.0 0.0 0.0 0.0076958193 0.031155096 0.0 0.029755518 0.0 0.0 0.0 0.06531408 0.0 0.0 0.012466857 0.029586716 0.017532466 0.014814034 0.0 0.0 0.044439368 0.028455881 0.0 0.10715661 0.06461831 0.023732562 0.06750174 0.0 0.0 0.0 0.0 0.027660439 0.051868618 0.0 0.0 0.0 0.0 0.084308065 0.017234402 0.0 0.0 0.09222824 0.0 0.0 0.0009594896 0.013430262 0.0130776055 0.0 0.083972506 0.0065277456 0.0 0.047047455 0.05777254 0.052580915
0.032445177 0.0 0.0 0.0 0.0 0.0097574545 0.05993025 0.053386018 0.02414898 0.0 0.0 0.0 0.0 0.10190227 0.0 0.0 0.0 0.0 0.0 0.0 0.0 0.017654294 0.048295476 0.038246285 0.0 0.0 0.022668952 0.04283998 0.01198031 0.0048982906 0.0 0.0 0.0 0.036329035 0.0022973106 0.0 0.026530255 0.0 0.0 0.04657085 0.14315774 0.023770237 0.0 0.0 0.0066009886 0.0 0.0 0.0 0.0 0.0 0.050425943 0.08837544 0.0 0.11629991 0.0 0.035439834
0.0 0.010689303 0.025040902 0.0 0.032624274 0.014356431 0.0 0.0 0.0 0.0 0.051494572 0.0 0.0 0.024662102 0.0 0.0068739 0.0 0.07107353 0.049078252 0.022877188 0.027196126 0.0 0.034072675 0.030729026 0.029332977 0.0 0.0 0.0 0.0 0.0 0.0 0.0 0.046310198 0.0 0.10216534 0.040607437 0.019909509 0.037311554 0.0 0.0 0.0 0.005256727 0.07419349 0.0 0.0 0.028864827 0.0 0.0 0.01822024 0.0 0.0 0.0 0.011498828 0.040793654 0.0 0.0
0.013692764 0.0 0.016569264 0.047638703 0.017383568 0.0 0.0 0.06677067 0.01566339 0.0 0.0 0.0 0.06426369 0.050659824 0.0 0.0 0.0 0.0 0.0 0.0 0.0 0.023463985 0.0 0.0 0.06374872 0.11726235 0.08665595 0.027648047 0.0050244853 0.0 0.0 0.0 0.02732109 0.0 0.033775646 0.0 0.0 0.0 0.0 0.0 0.053988714 0.04081349 0.0 0.00095948955 0.0 0.0 0.0 0.0 0.0 0.0 0.0 0.07104628 0.0 0.0 0.0 0.0
0.0 0.0025739034 0.016712068 0.0 0.0 0.0 0.0027760058 0.008422397 0.026766956 0.0 0.0 0.024841132 0.0 0.07761054 0.0 0.06508281 0.014981007 0.07438486 0.025140963 0.017215664 0.0 0.0 0.057355527 0.0 0.0 0.0 0.0 0.022771915 0.0 0.0 0.033408694 0.032894135 0.0013648813 0.0 0.0 0.049246356 0.012379944 0.0071258326 0.040245246 0.0 0.0 0.0 0.0 0.013430263 0.0 0.0 0.0 0.0 0.038553726 0.0 0.17336921 0.0 0.08647084 0.04178485 0.0 0.015328306
0.0 0.0 0.03253133 0.0 0.047429454 0.0114792725 0.0 0.0 0.056420323 0.0 0.031026313 0.067440234 0.0 0.0079916045 0.023365544 0.024200335 0.016124548 0.030513607 0.0 0.021457016 0.015501037 0.0 0.04896011 0.0 0.037557118 2.7356255e-05 0.10409381 0.0 0.0 0.0 0.04050572 0.0017543465 0.029993791 0.0 0.0 0.0 0.0 0.023246681 0.08504603 0.003692495 0.014390775 0.0 0.011136152 0.0130776055 0.0 0.01822024 0.0 0.038553722 0.0 0.0 0.06832571 0.0 0.0 0.0 0.066643216 0.0
0.0 0.0 0.0 0.0 0.0 0.0 0.083713196 0.009431832 0.0 0.0 0.0 0.0 0.120600246 0.083297566 0.02882648 0.004117412 0.049415544 0.0 0.0 0.0 0.0 0.03916704 0.053960383 0.0 0.0 0.042296212 0.009371575 0.0 0.03228412 0.0 0.0 0.0 0.0 0.0 0.0 0.0 0.0 0.0 0.024041466 0.13452436 0.055555113 0.032963306 0.0 0.0 0.0 0.0 0.0 0.0 0.0 0.105972536 0.0 0.00040100302 0.0 0.0373301 0.013485376 0.014644455
0.06140066 0.009975922 0.0 0.0 0.0 0.0 0.0 0.030480541 0.0 0.0 0.02741688 0.0 0.0 0.054448225 0.0 0.0070356107 0.0050932677 0.0 0.0 0.0 0.0 0.0012064781 0.048485663 0.09519139 0.0 0.0 0.0 0.06728668 0.019756904 0.0 0.0 0.0 0.0 0.0 0.0056328736 0.06168156 0.051883724 0.0 0.0 0.0 0.0 0.0 0.00480116 0.083972506 0.05042594 0.0 0.0 0.17336921 0.068325706 0.0 0.0 0.0 0.0 0.0 0.04978284 0.012712489
0.0 0.06086755 0.0 0.0 0.0 0.0 0.11031747 0.02547484 0.015127444 0.0 0.0 0.0 0.0 0.0 0.0 0.0 0.052617915 0.0 0.022197342 0.0 0.0 0.016986074 0.0 0.0 0.0 0.0 0.0 0.09916505 0.006962731 0.018073212 0.0052440246 0.14312568 0.0 0.13243228 0.0 0.14102113 0.0 0.015195271 0.001603351 0.0 0.016631057 0.004443695 0.032240134 0.006527745 0.08837544 0.0 0.071046285 0.0 0.0 0.00040100302 0.0 0.0 0.0 0.030782001 0.016897498 0.010084018
0.13039576 0.0 0.0012460205 0.005312702 0.02306637 0.0 0.0 0.0365724 0.0 0.08628759 0.0 0.0 0.16576055 0.0 0.045503456 0.0031337999 0.0 0.0 0.0 0.0 0.004694396 0.0 0.0 0.089365646 0.0 0.05022077 0.0 0.012126754 0.0068008113 0.0 0.0 0.0 0.0 0.0 0.0 0.0 0.016008383 0.0 0.0 0.005223084 0.0 0.0 0.0 0.0 0.0 0.011498828 0.0 0.08647085 0.0 0.0 0.0 0.0 0.0 0.0 0.024937972 0.0
0.01995892 0.0 0.0 0.0 0.06851795 0.0 0.0 0.011223809 0.0 0.0 0.0012016371 0.05372794 0.0 0.0 0.005804728 0.004275994 0.014490848 0.0018680363 0.0 0.11958719 0.0 0.0020472754 0.037393395 0.0 0.0 0.0 0.02391544 0.0 0.0 0.03489105 0.0312974 0.07505385 0.076612644 0.0038224454 0.038889848 0.0016465951 0.016684461 0.0 0.035074737 0.0 0.0 0.0 0.0 0.047047455 0.116299905 0.040793654 0.0 0.041784845 0.0 0.0373301 0.0 0.030782001 0.0 0.0 0.019383634 0.0
0.0 0.009536595 0.0 0.0 0.0 0.021361407 0.0 0.047781903 0.0 0.0 0.0018946204 0.0 0.0 0.08555988 0.06648598 0.03777728 0.0 0.0 0.0 0.0 0.0 0.0 0.050047506 0.056638703 0.0 0.0 0.08830371 0.04639481 0.024918273 0.0 0.019543353 0.020680064 0.0 0.0 0.0049873088 0.049432047 0.0 0.0 0.034180272 0.003622405 0.005072171 0.0 0.015107012 0.057772543 0.0 0.0 0.0 0.0 0.06664321 0.013485376 0.04978284 0.016897498 0.024937972 0.019383634 0.10845428 0.0
0.0 0.0 0.0 0.029350042 0.017545953 0.0 0.0 0.0 0.0 0.0 0.0 0.0 0.0 0.0 0.12176977 0.0 0.008845341 0.0 0.0041007637 0.063816436 0.0 0.0 0.07991484 0.0 0.0 0.058647577 0.024575561 0.0 0.0 0.0 0.0 0.0 0.12686986 0.0 0.0 0.0 0.0 0.0 0.1776811 0.08234693 0.010502 0.0 0.0067993863 0.052580915 0.035439834 0.0 0.0 0.015328305 0.0 0.014644454 0.012712489 0.010084017 0.0 0.0 0.0 0.0
