0.0 0.0 0.0 0.12768039 0.0041038683 0.014574854 0.0 0.0 0.0 0.0 0.10525599 0.029763756 0.0 0.0 0.0 0.0 0.012773791 0.0273444 0.0 0.065077774 0.0 0.021611212 0.04317186 0.0 0.031967938 0.0 0.086558364 0.0 0.0 0.0 0.0 0.04260979 0.0 0.045706663 0.013706546 0.0 0.0 0.047692053 0.048066676 0.0 0.0021540672 0.0067336527 0.0 0.0 0.0 0.07750093 0.006544577 0.037322544 0.16169612 0.0 0.026810728 0.0 0.021154953 0.0 0.0 0.0
0.0 0.0 0.050071057 0.0 0.0 0.0064527313 0.0 0.0 0.0 0.0 0.0 0.0 0.0 0.022288231 0.027975412 0.021509701 0.07479018 0.0 0.0 0.0 0.028302707 0.0011259085 0.072941214 0.0 0.0 0.0 0.0 0.008723769 0.0 0.0 0.0 0.0 0.080634415 0.0 0.0 0.0 0.0 0.0 0.0051983097 0.06844585 0.0 0.0 0.0032834716 0.08858053 0.0 0.0 0.0 0.078669734 0.0 0.10062221 0.006542435 0.0 0.01428104 0.0 0.0 0.01399366
0.0 0.050071057 0.0 0.01269759 0.0 0.00088064664 0.0 0.0 0.0 0.0 0.0 0.0 0.023448355 0.09319506 0.04560877 0.013517997 0.0 0.0 0.033525255 0.0 0.0086246375 0.0009829993 0.0 0.0 0.0 0.047616728 0.0 0.037603445 0.0 0.0 0.06504029 0.0 0.07990085 0.008290826 0.035406426 0.011959393 0.0 0.0 0.029059192 0.101354055 0.0 0.0 0.057276756 0.0 0.019292464 0.0 0.0 0.036592357 0.0 0.017751636 0.037652984 0.0 0.0 0.018423483 0.0 0.0009004567
0.1276804 0.0 0.01269759 0.021844499 0.025678365 0.0 0.0 0.0 0.0 0.0 0.002641091 0.0012439309 0.09719004 0.028487727 0.0027144032 0.0 0.0 0.0 0.0 0.013462377 0.05345152 0.0 0.04495146 0.0 0.0 0.081496306 0.0 0.052691042 0.0 0.0 0.04456316 0.0 0.101032026 0.0 0.008051706 0.0 0.0 0.0 0.0 0.01631085 0.0 0.0 0.014496727 0.03342441 0.0 0.0 0.0 0.0 0.04867327 0.051472988 0.0 0.0 0.014537706 0.0 0.0 0.0
0.0041038683 0.0 0.0 0.025678365 0.0 0.043181054 0.022174463 0.0 0.06602658 0.053998742 0.0 0.014351853 0.010488074 0.0 0.021520788 0.049541615 0.0 0.0 0.0 0.018517107 0.015158443 0.0 0.078842245 0.011212068 0.0 0.0018325164 0.0 0.080088995 0.0 0.0 0.0 0.0 0.09480717 0.0 0.07240057 0.011917717 0.015567023 0.0 0.0 0.0 0.0 0.0 0.0 0.06702616 0.0 0.0 0.0 0.08090688 0.0 0.0 0.07963715 0.11230548 0.015182741 0.0 0.0 0.0
0.014574855 0.0064527313 0.00088064664 0.0 0.043181054 0.0 0.029575912 0.0 0.079162456 0.017578818 0.0 0.0 0.06320571 0.009732604 0.06715088 0.07360259 0.0 0.030877924 0.039303653 0.0 0.0 0.0 0.0 0.059632238 0.0 0.0 0.0 0.008300133 0.0 0.019077074 0.0049641035 0.075626455 0.06225423 0.0 0.01613674 0.124934286 0.0 0.028001042 0.002487483 0.0 0.0 0.007889511 0.0 0.05951818 0.0102032 0.011745759 0.016538413 0.0 0.0 0.0 0.0 0.021966359 0.00486521 0.017793786 0.0 0.0
0.0 0.0 0.0 0.0 0.022174463 0.02957591 0.0 0.0 0.0 0.0 0.10212727 0.0 0.0 0.0 0.0 0.014501093 0.009252393 0.114774436 0.03446576 0.100504234 0.017013395 0.0072230403 0.020827817 0.0 0.033351053 0.0 0.0 0.0 0.0 0.09391123 0.0 0.06793269 0.0 0.0 0.0 0.0 0.0 0.09363096 0.0 0.0 0.0 0.0 0.0 0.018053992 0.0 0.0047456347 0.0 0.018235844 0.0 0.0 0.0 0.0 0.0093678385 0.0 0.072689265 0.0
0.0 0.0 0.0 0.0 0.0 0.0 0.0 0.1646701 0.0 0.0 0.048793327 0.036243286 0.0 0.0 0.0 0.017243274 0.018869469 0.0 0.0011718328 0.04531286 0.0 0.020840805 0.0 0.008497393 0.0 0.0 0.029965235 0.094681494 0.0 0.0 0.0 0.020066539 0.0 0.09230445 0.034210365 0.0 0.13622318 0.027778346 0.011281763 0.02370505 0.009960072 0.0 0.0 0.0 0.036206983 0.072139576 0.0 0.0 0.017884247 0.0 0.0010276125 0.0074001346 0.0 0.078378744 0.068080366 0.0
0.0 0.0 0.0 0.0 0.06602658 0.079162456 0.0 0.0 0.058152538 0.0 0.0 0.0 0.0 0.0 0.007926248 0.13458116 0.0 0.0 0.004945122 0.0 0.103467815 0.0 0.05590713 0.0 0.013374179 0.0 0.0 0.04761056 0.0 0.084503986 0.0026357658 0.02830417 0.0 0.0 0.0 0.0 0.0 0.0 0.0377696 0.0026420404 0.0013066195 0.0 0.0 0.014163416 0.0 0.0 0.0023323353 0.03736198 0.12079879 0.0 0.023491971 0.0 0.055153426 0.0 0.0 0.0
0.0 0.0 0.0 0.0 0.053998742 0.017578818 0.0 0.0 0.0 0.0 0.0 0.009149799 0.0 0.0 0.0 0.009220698 0.094327405 0.0 0.0 0.0 0.0 0.04339101 0.052062232 0.0 0.0 0.0 0.11119514 0.0 0.0 0.0 0.018550605 0.0 0.00073538866 0.01506395 0.0 0.0 0.0 0.0 0.042146973 0.0 0.0 0.030365331 0.0 0.10441001 0.03613633 0.0 0.0 0.008404474 0.024152286 0.0 0.0059053265 0.0 0.0 0.07079718 0.06259012 0.0
0.10525599 0.0 0.0 0.002641091 0.0 0.0 0.10212727 0.04879333 0.0 0.0 0.025925577 0.0 0.05858625 0.0 0.011837756 0.0 0.0 0.0 0.0 0.028234651 0.017492287 0.0 0.010123994 0.032371227 0.0 0.0 0.0 0.05483209 0.0 0.0 0.0 0.0 0.044044428 0.11227404 0.042879887 0.031084273 0.10579464 0.0 0.001318525 0.045419328 0.0 0.061115112 0.0 0.018219678 0.027725 0.0 0.0 0.0 0.008734401 0.0 0.0 0.0 0.0 0.033237934 0.0 0.010652958
0.029763758 0.0 0.0 0.0012439308 0.014351853 0.0 0.0 0.036243286 0.0 0.009149799 0.0 0.0 0.0 0.1462699 0.095603615 0.013649501 0.0 0.0 0.0 0.0 0.0 0.0014540592 0.0 0.03763981 0.0 0.0070141573 0.0 0.0 0.0 0.0 0.0 0.024745174 0.03721045 0.013466538 0.080498636 0.0 0.0091551915 0.030305201 0.0 0.0 0.0 0.0 0.0 0.0 0.02985188 0.019950252 0.0 0.017357579 0.0 0.05296532 0.055769823 0.09621379 0.0 0.0 0.040770564 0.0
0.0 0.0 0.023448355 0.09719004 0.010488074 0.06320571 0.0 0.0 0.0 0.0 0.058586247 0.0 0.0 0.0 0.0 0.012781493 0.0 0.0 0.0 0.15919258 0.02366231 0.0 0.08145294 0.0 0.0 0.00997975 0.040782165 0.0 0.0 0.0 0.021023098 0.0 0.019488355 0.0 0.0 0.0 0.0 0.0073547424 0.034594007 0.0 0.0 0.0 0.0 0.0 0.0 0.046061683 0.0 0.049462155 0.047324024 0.0 0.10112128 0.0 0.0 0.0 0.04640997 0.0
0.0 0.022288233 0.09319506 0.028487727 0.0 0.009732605 0.0 0.0 0.0 0.0 0.0 0.1462699 0.0 0.0 0.0 0.0 0.11593308 0.0 0.0 0.0 0.026190458 0.06129383 0.0 0.006502525 0.067179464 0.0 0.0 0.0 0.04380325 0.0 0.0 0.015378839 0.0 0.11353626 0.0 0.026173502 0.0 0.018146494 0.053672653 0.0049471934 0.016148956 0.0653131 0.011898327 0.0 0.0 0.04757335 0.12569813 0.0 0.0029574768 0.0 0.0 0.0 0.009248295 0.088539414 0.0 0.011081095
0.0 0.027975412 0.04560877 0.0027144032 0.021520788 0.06715088 0.0 0.0 0.007926247 0.0 0.011837756 0.09560362 0.0 0.0 0.0 0.012530594 0.02548271 0.052770782 0.036373083 0.013057293 0.057577677 0.0 0.0 0.0 0.09954894 0.0 0.028683182 0.0 0.0 0.096238986 0.009528014 0.012866259 0.0 0.0 0.021730423 0.036464177 0.020876143 0.018127998 0.0127949165 0.0 0.0 0.029473653 0.019066121 0.0 0.0 0.012193674 0.0 0.011438476 0.035288047 0.0 0.0 0.0 0.12640813 0.0 0.00829305 0.0
0.0 0.021509701 0.013517997 0.0 0.049541615 0.07360258 0.014501094 0.017243275 0.13458115 0.009220697 0.0 0.013649501 0.012781493 0.0 0.012530594 0.015092372 0.029480198 0.0 0.101590216 0.0 0.004632172 0.0 0.0 0.0 0.10884375 0.0 0.0 0.0 0.0 0.011224553 0.026807394 0.009477477 0.0 0.0 0.0 0.029496167 0.0 0.042267345 0.008203154 0.0 0.0 0.05999053 0.050110184 0.018642303 0.0 0.0426036 0.11213005 0.0 0.0 0.0 0.0 0.0 0.020020107 0.010552284 0.0 0.0
0.012773791 0.07479019 0.0 0.0 0.0 0.0 0.009252393 0.018869469 0.0 0.0943274 0.0 0.0 0.0 0.115933076 0.025482712 0.029480197 0.0 0.045053065 0.041425694 0.0 0.010201839 0.0 0.0 0.015452592 0.0 0.0 0.0 0.0077903443 0.011854616 0.0 0.05151645 0.0 0.0 0.0 0.02137014 0.0 0.0 0.0 0.0 0.0 0.036582727 0.0 0.0849288 0.0 0.0 0.0 0.0 0.04019382 0.0 0.062897705 0.0 0.07287516 0.0 0.0 0.017419742 0.13916208
0.0273444 0.0 0.0 0.0 0.0 0.030877922 0.114774436 0.0 0.0 0.0 0.0 0.0 0.0 0.0 0.052770782 0.0 0.045053065 0.0 0.0 0.0 0.0 0.043994915 0.0 0.0 0.047239274 0.0 0.0 0.004599234 0.0 0.06583047 0.012992252 0.08184618 0.0 0.0 0.038353242 0.008260843 0.0 0.0 0.0 0.06857279 0.0 0.04081523 0.0 0.0 0.007701495 0.0 0.0 0.02320568 0.004370093 0.08744477 0.0151130315 0.0 0.0 0.0 0.041295387 0.0
0.0 0.0 0.033525255 0.0 0.0 0.039303653 0.03446576 0.0011718328 0.0049451217 0.0 0.0 0.0 0.0 0.0 0.036373086 0.101590216 0.04142569 0.0 0.0 0.0 0.0623286 0.024232915 0.0 0.0 0.09377528 0.012393298 0.017961785 0.0022967467 0.0 0.0836313 0.0 0.0 0.0 0.0 0.02311495 0.0 0.0 0.0 0.0 0.016833972 0.0 0.0032953902 0.0 0.028280763 0.0 0.0 0.0 0.0 0.03362975 0.033432327 0.0 0.0 0.012461904 0.0 0.0 0.0
0.065077774 0.0 0.0 0.013462377 0.018517109 0.0 0.10050423 0.04531286 0.0 0.0 0.02823465 0.0 0.15919258 0.0 0.013057293 0.0 0.0 0.0 0.0 0.05101911 0.0 0.0 0.02862829 0.01983462 0.021632602 0.0 0.020817034 0.003022968 0.0 0.0 0.0 0.021431675 0.0 0.0034141107 0.09683894 0.038580198 0.0 0.0 0.0 0.02681204 0.0 0.008604276 0.022004213 0.05519422 0.01293308 0.0 0.040749382 0.0 0.0 0.0 0.01496869 0.0 0.0 0.0 0.0 0.0049950723
0.0 0.028302709 0.0086246375 0.05345152 0.015158444 0.0 0.017013397 0.0 0.10346781 0.0 0.017492287 0.0 0.02366231 0.026190456 0.057577673 0.004632172 0.010201838 0.0 0.0623286 0.0 0.0 0.0 0.0 0.0 0.014104806 0.013334341 0.0 0.010913064 0.0 0.020017916 0.04627259 0.084567256 0.104361005 0.0 0.0 0.012415454 0.0 0.0 0.026553828 0.0 0.0 0.0 0.015909117 0.0 0.0 0.0 0.0 0.0 0.074586175 0.0067106565 0.0 0.0 0.009189277 0.07111594 0.0 0.0
0.021611214 0.0011259085 0.0009829993 0.0 0.0 0.0 0.0072230403 0.020840805 0.0 0.04339101 0.0 0.001454059 0.0 0.061293833 0.0 0.0 0.0 0.043994915 0.024232915 0.0 0.0 0.0 0.0 0.00520364 0.03027337 0.040420376 0.0 0.009398569 0.072462656 0.0 0.06267303 0.011440178 0.0 0.0 0.0098629985 0.009301591 0.0 0.0 0.0 0.0 0.0 0.0 0.0 0.070437826 0.008236217 0.0 0.0 0.014360997 0.0 0.009352332 0.0 0.005764482 0.0 0.062057238 0.03519666 0.19415301
0.04317186 0.072941214 0.0 0.044951458 0.07884225 0.0 0.020827815 0.0 0.05590713 0.05206223 0.010123995 0.0 0.08145295 0.0 0.0 0.0 0.0 0.0 0.0 0.028628292 0.0 0.0 0.05853614 0.1283146 0.0 0.00046793683 0.013767563 0.0056922166 0.0 0.0 0.0 0.0 0.069945045 0.008113086 0.010152351 0.038564302 0.04935279 0.031052068 0.023095913 0.058657784 0.0 0.006133596 0.0 0.006787181 0.037589133 0.044047754 0.03480768 0.0 0.0 0.0 0.05046161 0.06930669 0.012858376 0.0 0.012515101 0.0
0.0 0.0 0.0 0.0 0.011212068 0.05963224 0.0 0.008497393 0.0 0.0 0.03237123 0.03763981 0.0 0.006502525 0.0 0.0 0.015452592 0.0 0.0 0.01983462 0.0 0.00520364 0.1283146 0.0 0.0 0.0046717566 0.028875684 0.08695989 0.0 0.00042041347 0.0 0.0 0.008775505 0.11009 0.0 0.0 0.0 0.0 0.08075859 0.010120423 0.054971762 0.0044953013 0.0 0.010029101 0.02045581 0.0 0.0 0.06547804 0.02055303 0.009229435 0.08871578 0.0 0.0 0.0 0.02055706 0.0
0.031967934 0.0 0.0 0.0 0.0 0.0 0.033351053 0.0 0.013374179 0.0 0.0 0.0 0.0 0.067179464 0.09954894 0.10884375 0.0 0.047239274 0.09377527 0.021632604 0.014104806 0.030273369 0.0 0.0 0.0 0.0067418115 0.0 0.004715021 0.0 0.028414411 0.0 0.00019490563 0.054257423 0.0050961976 0.0 0.0 0.011977681 0.0 0.0 0.0077512264 0.06881022 0.0 0.09472157 0.005454731 0.0036393984 0.0 0.0 0.0 0.0 0.09454972 0.0 0.030773023 0.0 0.031823695 0.0 0.04830108
0.0 0.0 0.047616728 0.08149631 0.0018325165 0.0 0.0 0.0 0.0 0.0 0.0 0.0070141573 0.00997975 0.0 0.0 0.0 0.0 0.0 0.012393298 0.0 0.013334341 0.04042038 0.00046793686 0.0046717566 0.006741812 0.11230845 0.08860005 0.010893973 0.0 0.0 0.0 0.0 0.0 0.011706724 0.0 0.0 0.0 0.0 0.02221226 0.10511043 0.09240799 0.03875841 0.002057519 0.0 0.0 0.1027447 0.029771995 0.0 0.0 0.0 0.018783784 0.019837048 0.0 0.084032446 0.0 0.0
0.086558364 0.0 0.0 0.0 0.0 0.0 0.0 0.029965235 0.0 0.11119514 0.0 0.0 0.04078217 0.0 0.028683182 0.0 0.0 0.0 0.017961783 0.020817034 0.0 0.0 0.013767563 0.028875683 0.0 0.08860004 0.0 0.0 0.031331748 0.0 0.0 0.0 0.0 0.04818154 0.08285533 0.017465169 0.0 0.01734315 0.0 0.019272702 0.0 0.0 0.0 0.0 0.17169899 0.0 0.02995119 0.0 0.0 0.0 0.019862913 0.122067034 0.0 0.0 0.0 0.0
0.0 0.008723769 0.03760344 0.052691042 0.080088995 0.008300134 0.0 0.094681494 0.04761056 0.0 0.054832093 0.0 0.0 0.0 0.0 0.0 0.007790345 0.0045992346 0.0022967467 0.003022968 0.010913064 0.009398568 0.005692217 0.0869599 0.0047150212 0.010893972 0.0 0.0 0.0 0.0 0.0055457926 0.023254693 0.0 0.008020734 0.00388559 0.0 0.0007537606 0.09230424 0.053845372 0.007759829 0.0 0.0017366662 0.0 0.0 0.0 0.038922668 0.05912609 0.024149045 0.0 0.0 0.08878071 0.03869791 0.0 0.033384137 0.039676055 0.0
0.0 0.0 0.0 0.0 0.0 0.0 0.0 0.0 0.0 0.0 0.0 0.0 0.0 0.043803252 0.0 0.0 0.011854616 0.0 0.0 0.0 0.0 0.07246266 0.0 0.0 0.0 0.0 0.031331748 0.0 0.4061364 0.0 0.0 0.0 0.0 0.0 0.0 0.0 0.048718046 0.0 0.0 0.0 0.10931887 0.0 0.0 0.0 0.0 0.0 0.0 0.0 0.0 0.0068688407 0.0 0.0 0.0 0.0 0.0 0.114128865
0.0 0.0 0.0 0.0 0.0 0.019077072 0.09391122 0.0 0.08450399 0.0 0.0 0.0 0.0 0.0 0.096238986 0.011224554 0.0 0.06583048 0.08363131 0.0 0.020017916 0.0 0.0 0.00042041347 0.028414411 0.0 0.0 0.0 0.0 0.0 0.11035769 0.043122098 0.023913989 0.001814332 0.04421324 0.05201866 0.0 0.0 0.0 0.0 0.0 0.0 0.024013935 0.008698588 0.0 0.0 0.0 0.0 0.0 0.07842925 0.0 0.0 0.0030327004 0.0 0.0 0.046099514
0.0 0.0 0.06504029 0.04456316 0.0 0.004964103 0.0 0.0 0.0026357658 0.018550605 0.0 0.0 0.021023098 0.0 0.009528014 0.026807396 0.05151645 0.012992252 0.0 0.0 0.04627259 0.06267303 0.0 0.0 0.0 0.0 0.0 0.0055457926 0.0 0.11035768 0.07397571 0.036061987 0.124376826 0.0 0.0 0.03006046 0.0 0.0 0.0 0.0 0.0 0.043599952 0.0 0.09395438 0.0 0.0 0.030157369 0.0 0.03479631 0.0 0.0142661 0.0 0.09363198 0.0 0.0 0.0
0.042609792 0.0 0.0 0.0 0.0 0.075626455 0.06793269 0.02006654 0.02830417 0.0 0.0 0.024745172 0.0 0.015378839 0.012866258 0.009477477 0.0 0.08184617 0.0 0.021431677 0.084567256 0.011440178 0.0 0.0 0.00019490562 0.0 0.0 0.023254693 0.0 0.043122098 0.036061987 0.06556347 0.0 0.0082318885 0.0 0.0554751 0.0 0.013975436 0.00640373 0.020006496 0.0 0.0110196 0.060731485 0.013691241 0.011545088 0.0 0.0 0.064211875 0.031415444 0.050081477 0.0 0.0 0.052171722 0.0 0.007676689 0.0
0.0 0.080634415 0.07990086 0.101032026 0.09480717 0.062254235 0.0 0.0 0.0 0.0007353886 0.044044428 0.03721045 0.019488355 0.0 0.0 0.0 0.0 0.0 0.0 0.0 0.104361005 0.0 0.06994505 0.008775505 0.054257423 0.0 0.0 0.0 0.0 0.02391399 0.12437681 0.0 0.0 3.436636e-26 0.0 0.0 0.0 0.055632796 0.011942116 0.0 0.0 0.0056564584 0.0 0.0 0.004429814 0.0 0.062968194 0.0 0.0013939847 0.0 0.005540788 0.0 0.0027287353 0.0 0.00912142 0.0
0.045706663 0.0 0.008290827 0.0 0.0 0.0 0.0 0.09230445 0.0 0.01506395 0.11227404 0.013466538 0.0 0.11353625 0.0 0.0 0.0 0.0 0.0 0.0034141107 0.0 0.0 0.008113086 0.11009 0.005096197 0.011706724 0.04818154 0.008020734 0.0 0.001814332 0.0 0.0082318885 3.436636e-26 0.0 0.016557263 0.0 0.009657178 0.039133046 0.0 0.0 0.019250853 0.0 0.0 0.0 0.0 0.0 0.0 0.0 0.0 0.0 0.095910884 0.0 0.0 0.0 0.0 0.0
0.013706546 0.0 0.035406426 0.0080517065 0.07240057 0.01613674 0.0 0.034210365 0.0 0.0 0.04287989 0.080498636 0.0 0.0 0.021730425 0.0 0.02137014 0.038353242 0.02311495 0.09683894 0.0 0.0098629985 0.010152351 0.0 0.0 0.0 0.08285533 0.00388559 0.0 0.04421324 0.0 0.0 0.0 0.016557263 0.0 0.0 0.111186005 0.0148460865 0.024348946 0.019202787 0.049139217 0.011054627 0.0 0.0 0.0 0.0 0.0054977946 0.0 0.06855532 0.0 0.0 0.0 0.0 0.026759133 0.0830943 0.0
0.0 0.0 0.011959392 0.0 0.011917717 0.124934286 0.0 0.0 0.0 0.0 0.031084273 0.0 0.0 0.0261735 0.036464177 0.029496165 0.0 0.008260843 0.0 0.038580194 0.012415454 0.009301591 0.0385643 0.0 0.0 0.0 0.017465169 0.0 0.0 0.05201866 0.030060457 0.0554751 0.0 0.0 0.0 0.048812103 0.0 0.028400112 0.033707783 0.013229438 0.0 0.003745164 0.019525416 0.0 0.0 0.024386693 0.0 0.04979751 0.057742637 0.036184207 0.04635503 0.0 0.09961511 0.0 0.04832958 0.0
0.0 0.0 0.0 0.0 0.015567023 0.0 0.0 0.13622318 0.0 0.0 0.10579464 0.0091551915 0.0 0.0 0.020876143 0.0 0.0 0.0 0.0 0.0 0.0 0.0 0.04935279 0.0 0.011977682 0.0 0.0 0.0007537606 0.048718046 0.0 0.0 0.0 0.0 0.009657178 0.111186005 0.0 0.0 0.025641209 0.0043264558 0.062041394 0.0053059785 0.01176323 0.0 0.0 0.032983262 0.0 0.013760618 0.022761622 0.044433765 0.0 0.010647059 0.0 0.0 0.039984778 0.10000025 0.0
0.047692053 0.0 0.0 0.0 0.0 0.02800104 0.093630955 0.027778344 0.0 0.0 0.0 0.030305201 0.0073547424 0.018146494 0.018127996 0.04226735 0.0 0.0 0.0 0.0 0.0 0.0 0.031052068 0.0 0.0 0.0 0.01734315 0.09230424 0.0 0.0 0.0 0.013975435 0.055632796 0.039133046 0.014846086 0.028400108 0.02564121 0.0 0.0 0.036773495 0.0016725934 0.044975493 0.026661323 0.012518573 0.0084326165 0.0 0.0 0.034788985 0.0 0.017622972 0.0 0.028810373 0.0 0.0 0.0 0.071474776
0.048066672 0.0051983097 0.02905919 0.0 0.0 0.002487483 0.0 0.011281764 0.037769597 0.042146973 0.001318525 0.0 0.034594007 0.053672656 0.0127949165 0.008203154 0.0 0.0 0.0 0.0 0.026553828 0.0 0.023095913 0.08075858 0.0 0.02221226 0.0 0.053845372 0.0 0.0 0.0 0.0064037303 0.011942116 0.0 0.024348946 0.033707783 0.0043264558 0.0 0.0 0.0 0.08531436 0.0 0.0 0.0 0.061006393 0.0 0.003403575 0.002967141 0.0 0.0 0.034396544 0.18439443 0.0 0.0 0.00044788423 0.0
0.0 0.06844585 0.10135406 0.01631085 0.0 0.0 0.0 0.023705048 0.0026420404 0.0 0.045419328 0.0 0.0 0.0049471934 0.0 0.0 0.0 0.06857278 0.016833972 0.02681204 0.0 0.0 0.058657784 0.0101204235 0.007751227 0.10511043 0.019272702 0.0077598295 0.0 0.0 0.0 0.020006496 0.0 0.0 0.019202787 0.013229437 0.062041394 0.036773495 0.0 0.0846117 0.030691383 0.0 0.020775985 0.0116044395 0.07209949 0.046898242 0.026844209 0.004065483 0.0076760543 0.0 0.030904546 0.0 0.0 0.0 0.0 0.0
0.002154067 0.0 0.0 0.0 0.0 0.0 0.0 0.009960072 0.0013066195 0.0 0.0 0.0 0.0 0.016148956 0.0 0.0 0.036582727 0.0 0.0 0.0 0.0 0.0 0.0 0.05497176 0.06881022 0.092407994 0.0 0.0 0.109318875 0.0 0.0 0.0 0.0 0.019250851 0.049139217 0.0 0.0053059785 0.0016725933 0.085314356 0.030691385 0.0 0.0 0.0 0.0 0.10739315 0.053462766 0.0 0.0 0.0 0.0011858398 0.02771496 0.033602793 0.00025168064 0.056910936 0.0732838 0.10828711
0.0067336527 0.0 0.0 0.0 0.0 0.007889511 0.0 0.0 0.0 0.030365331 0.061115112 0.0 0.0 0.0653131 0.029473651 0.05999053 0.0 0.040815227 0.00329539 0.008604276 0.0 0.0 0.006133596 0.004495301 0.0 0.03875841 0.0 0.0017366662 0.0 0.0 0.043599952 0.011019599 0.0056564584 0.0 0.011054627 0.003745164 0.01176323 0.044975493 0.0 0.0 0.0 0.0 0.0 0.014767728 0.008226057 0.014304634 0.0 0.021614539 0.0 0.106105 0.043433055 0.029779242 0.0 0.0 0.08104318 0.051884107
0.0 0.0032834713 0.057276756 0.014496727 0.0 0.0 0.0 0.0 0.0 0.0 0.0 0.0 0.0 0.011898327 0.019066121 0.050110184 0.0849288 0.0 0.0 0.022004215 0.015909115 0.0 0.0 0.0 0.09472157 0.002057519 0.0 0.0 0.0 0.024013937 0.0 0.06073148 0.0 0.0 0.0 0.019525416 0.0 0.026661323 0.0 0.020775987 0.0 0.0 0.007480248 0.055597756 0.0 0.041164067 0.0 0.0024740752 0.0 0.0 0.08456786 0.0 0.082638234 0.0 0.0 0.0
0.0 0.08858053 0.0 0.03342441 0.06702615 0.05951819 0.018053994 0.0 0.014163416 0.10441001 0.018219678 0.0 0.0 0.0 0.0 0.018642304 0.0 0.0 0.028280763 0.055194218 0.0 0.07043782 0.006787181 0.010029102 0.0054547307 0.0 0.0 0.0 0.0 0.008698588 0.09395438 0.013691241 0.0 0.0 0.0 0.0 0.0 0.012518573 0.0 0.0116044395 0.0 0.014767729 0.055597756 0.04520792 0.0 0.07493533 0.05116814 0.06268044 0.0 0.010403219 0.023222303 0.0 0.0 0.004321403 0.0040404866 0.0
0.0 0.0 0.019292464 0.0 0.0 0.0102032 0.0 0.036206983 0.0 0.036136333 0.027725002 0.029851882 0.0 0.0 0.0 0.0 0.0 0.007701495 0.0 0.01293308 0.0 0.008236217 0.037589133 0.020455807 0.0036393986 0.0 0.17169899 0.0 0.0 0.0 0.0 0.011545088 0.004429814 0.0 0.0 0.0 0.032983262 0.008432616 0.061006393 0.07209949 0.10739315 0.008226057 0.0 0.0 0.07838179 0.0077995746 0.0 0.0 0.0 0.0 0.07121648 0.0 0.0 0.0024743332 0.043375112 0.0
0.07750093 0.0 0.0 0.0 0.0 0.011745759 0.0047456347 0.072139576 0.0 0.0 0.0 0.019950252 0.046061683 0.047573347 0.012193674 0.042603604 0.0 0.0 0.0 0.0 0.0 0.0 0.044047758 0.0 0.0 0.10274469 0.0 0.03892267 0.0 0.0 0.0 0.0 0.0 0.0 0.0 0.024386693 0.0 0.0 0.0 0.046898246 0.053462766 0.014304634 0.041164067 0.07493533 0.0077995737 0.0 0.0 0.0 0.032923143 0.0 0.0 0.0 0.02721196 0.0 0.013302011 0.059159607
0.0065445774 0.0 0.0 0.0 0.0 0.016538413 0.0 0.0 0.0023323353 0.0 0.0 0.0 0.0 0.12569812 0.0 0.11213006 0.0 0.0 0.0 0.040749382 0.0 0.0 0.03480768 0.0 0.0 0.029771993 0.02995119 0.059126094 0.0 0.0 0.03015737 0.0 0.062968194 0.0 0.0054977946 0.0 0.013760618 0.0 0.0034035747 0.026844209 0.0 0.0 0.0 0.05116814 0.0 0.0 0.0 0.0 0.010945158 0.09790128 0.12741308 0.008477919 0.0 0.0 0.027932199 0.0
0.037322544 0.078669734 0.036592357 0.0 0.08090688 0.0 0.018235844 0.0 0.037361983 0.008404473 0.0 0.017357579 0.04946216 0.0 0.011438476 0.0 0.040193822 0.02320568 0.0 0.0 0.0 0.014360998 0.0 0.06547804 0.0 0.0 0.0 0.024149047 0.0 0.0 0.0 0.064211875 0.0 0.0 0.0 0.049797513 0.022761622 0.034788985 0.002967141 0.004065483 0.0 0.02161454 0.002474075 0.06268044 0.0 0.0 0.0 0.0 0.037729148 0.0 0.03405736 0.0 0.035232347 0.0 0.0007330884 0.0
0.16169612 0.0 0.0 0.04867327 0.0 0.0 0.0 0.017884247 0.1207988 0.024152286 0.0087344 0.0 0.047324024 0.0029574768 0.035288047 0.0 0.0 0.004370093 0.03362975 0.0 0.074586175 0.0 0.0 0.02055303 0.0 0.0 0.0 0.0 0.0 0.0 0.03479631 0.031415444 0.0013939847 0.0 0.06855532 0.057742637 0.044433765 0.0 0.0 0.0076760547 0.0 0.0 0.0 0.0 0.0 0.032923143 0.010945159 0.037729148 0.0 0.0 0.0 0.0450912 0.0 0.0 0.0 0.0
0.0 0.1006222 0.017751636 0.051472988 0.0 0.0 0.0 0.0 0.0 0.0 0.0 0.05296532 0.0 0.0 0.0 0.0 0.062897705 0.087444775 0.03343233 0.0 0.006710656 0.009352332 0.0 0.009229435 0.09454972 0.0 0.0 0.0 0.006868841 0.07842925 0.0 0.05008148 0.0 0.0 0.0 0.03618421 0.0 0.01762297 0.0 0.0 0.0011858398 0.106105 0.0 0.01040322 0.0 0.0 0.09790128 0.0 0.0 0.028424662 0.0 0.0 0.10404402 0.04575318 0.0 0.0377352
0.026810728 0.0065424345 0.037652984 0.0 0.07963715 0.0 0.0 0.0010276125 0.023491971 0.0059053265 0.0 0.055769827 0.10112128 0.0 0.0 0.0 0.0 0.015113032 0.0 0.01496869 0.0 0.0 0.05046161 0.088715784 0.0 0.018783784 0.019862913 0.0887807 0.0 0.0 0.014266101 0.0 0.005540788 0.095910884 0.0 0.046355035 0.010647059 0.0 0.034396544 0.030904548 0.027714962 0.043433055 0.08456786 0.023222305 0.07121649 0.0 0.12741308 0.034057364 0.0 0.0 0.0 0.0 0.0 0.018024985 0.05419942 0.0
0.0 0.0 0.0 0.0 0.11230548 0.021966359 0.0 0.007400134 0.0 0.0 0.0 0.09621378 0.0 0.0 0.0 0.0 0.07287516 0.0 0.0 0.0 0.0 0.005764482 0.06930668 0.0 0.030773023 0.019837046 0.122067034 0.03869791 0.0 0.0 0.0 0.0 0.0 0.0 0.0 0.0 0.0 0.028810373 0.18439443 0.0 0.033602793 0.029779242 0.0 0.0 0.0 0.0 0.008477919 0.0 0.045091204 0.0 0.0 0.0 0.06316765 0.026054716 0.0 0.0
0.021154953 0.014281041 0.0 0.014537706 0.015182741 0.0048652105 0.0093678385 0.0 0.05515343 0.0 0.0 0.0 0.0 0.009248295 0.12640812 0.020020107 0.0 0.0 0.012461904 0.0 0.009189278 0.0 0.012858376 0.0 0.0 0.0 0.0 0.0 0.0 0.0030327002 0.09363198 0.05217172 0.0027287353 0.0 0.0 0.09961511 0.0 0.0 0.0 0.0 0.00025168064 0.0 0.082638234 0.0 0.0 0.027211962 0.0 0.035232347 0.0 0.10404402 0.0 0.06316765 0.0 0.0 0.0 0.0
0.0 0.0 0.01842348 0.0 0.0 0.017793786 0.0 0.07837874 0.0 0.07079718 0.033237934 0.0 0.0 0.08853942 0.0 0.010552284 0.0 0.0 0.0 0.0 0.07111594 0.06205724 0.0 0.0 0.03182369 0.08403244 0.0 0.033384137 0.0 0.0 0.0 0.0 0.0 0.0 0.02675913 0.0 0.039984778 0.0 0.0 0.0 0.056910932 0.0 0.0 0.004321403 0.0024743332 0.0 0.0 0.0 0.0 0.04575318 0.018024985 0.026054716 0.0 0.008950882 0.01214167 0.106441565
0.0 0.0 0.0 0.0 0.0 0.0 0.072689265 0.068080366 0.0 0.06259012 0.0 0.040770564 0.04640997 0.0 0.00829305 0.0 0.017419742 0.04129539 0.0 0.0 0.0 0.03519666 0.012515101 0.020557059 0.0 0.0 0.0 0.03967606 0.0 0.0 0.0 0.0076766894 0.00912142 0.0 0.0830943 0.048329577 0.10000025 0.0 0.00044788426 0.0 0.0732838 0.08104318 0.0 0.0040404866 0.04337511 0.013302011 0.027932199 0.0007330884 0.0 0.0 0.05419942 0.0 0.0 0.012141671 0.0 0.06924909
0.0 0.013993659 0.00090045674 0.0 0.0 0.0 0.0 0.0 0.0 0.0 0.010652959 0.0 0.0 0.011081095 0.0 0.0 0.13916208 0.0 0.0 0.004995072 0.0 0.19415301 0.0 0.0 0.048301082 0.0 0.0 0.0 0.114128865 0.046099514 0.0 0.0 0.0 0.0 0.0 0.0 0.0 0.071474776 0.0 0.0 0.10828711 0.051884107 0.0 0.0 0.0 0.05915961 0.0 0.0 0.0 0.037735198 0.0 0.0 0.0 0.10644156 0.06924909 0.013872779
