0.0 0.0 0.009280724 0.0 0.0 0.0 0.0 0.009454831 0.0 0.0 0.0 0.021354353 0.0 0.0 0.0 0.025819248 0.00035584107 0.0 0.0 0.0 0.0 0.0 0.037623357 0.0 0.0 0.04077617 0.07590188 0.070152365 0.0 0.0 0.0 0.0 0.022828676 0.045602556 0.0 0.0 0.0 0.0 0.11909686 0.0 0.018498056 0.0 0.0 0.0518784 0.0 0.0 0.0 0.03559396 0.04663926 0.048311386 0.10112863 0.026916014 0.0 0.06329421 0.02912963 0.010647401
0.0 0.0 0.06910044 0.0745099 0.00018422307 0.00082951697 0.07298429 0.0 0.0 0.0 0.0 0.0 0.0 0.026461625 0.0 0.017547883 0.0065921447 0.0 0.0 0.051987868 0.0 0.08168329 0.0 0.0 0.0 0.0 0.0 0.0 0.059656642 0.102119245 0.028334677 0.004810424 0.0 0.0116541935 0.0 0.0 0.0 0.0 0.026237357 0.0 0.023045726 0.0380551 0.08061472 0.049716197 0.0 0.0006014109 0.032735314 0.033206917 0.0 0.017470377 0.0 0.0 0.0479635 0.064324155 0.0 0.0
0.009280724 0.06910044 0.0 0.0 0.04246259 0.0 0.0 0.029547274 0.06801782 0.0 0.0 0.0 0.039602302 0.069205016 0.033648532 0.016572597 0.0100375535 0.0 0.0 0.0 0.0 0.04606079 0.02611188 0.02092022 0.0 0.0 0.0 0.045510605 0.06964996 0.026782656 0.0092644505 0.012762967 0.0 0.0 0.0 0.0 0.0 0.0 0.0 0.08193645 0.0860026 0.007156173 0.0 0.0 0.00946959 0.020709595 0.0 0.0 0.0 0.0 0.04604345 0.0 0.0 0.0 0.0 0.0
0.0 0.0745099 0.0 0.05737325 0.11931078 0.008861455 0.05351822 0.0 0.08261385 0.0 0.043220386 0.0061255554 0.030422108 0.026837554 0.1029112 0.0 0.0 0.0 0.106110476 0.012500378 0.010295723 0.0 0.0 0.0 0.0 0.0 0.0 0.0 0.0057032183 0.043816656 0.056213174 0.05903493 0.0 0.0 0.009862613 0.0041799974 0.0 0.0 0.0 0.0 0.0 0.016750723 0.0278236 0.0 0.0 0.0 0.054689597 0.0 0.0 0.0 0.0 0.0 0.009861392 0.0 0.0 0.0
0.0 0.00018422306 0.04246259 0.119310774 0.0 0.0032627902 0.0 0.0 0.017116044 0.0 0.020572647 0.010876289 0.0 0.0 0.0487978 0.0 0.0030507299 0.0 0.108441465 0.042227324 0.080637746 0.0 0.0 0.0 0.07387396 0.0 0.0 0.0 0.0 0.05341086 0.029181113 0.13999325 0.0 0.0 0.0 0.015278042 0.0068716025 0.03526102 0.0 0.0 0.0 0.0 0.020963943 0.03575619 0.0 0.0 0.0 0.0063356822 0.08155278 0.0 0.010611224 0.0 0.06340903 0.0 0.0 0.0
0.0 0.0008295169 0.0 0.008861454 0.0032627902 0.0 0.0 0.0 0.031158714 0.119516455 0.0 0.026873773 0.007264165 0.0 0.037632726 0.0018780633 0.0 0.0 0.0 0.005330869 0.0 0.019377388 0.0 0.043492235 0.08058573 0.0 0.037038498 0.0 0.0015115333 0.0 0.014931549 0.0 0.0 0.03628937 0.05162419 0.0 0.08261821 0.0 0.0 0.0022942252 0.021647194 0.015162765 0.0 0.10629082 0.0057476424 0.0 0.0 0.009926675 0.0 0.015321129 0.0 0.0250228 0.031221893 0.0 0.0 0.10702002
0.0 0.072984286 0.0 0.05351822 0.0 0.0 0.0 0.0 0.0 0.0 0.0 0.067159496 0.0 0.043607622 0.0 0.024874603 0.13967948 0.0 0.0 0.0 0.10649165 0.03283545 0.0 0.0 0.01249785 0.0 0.0 0.0015045877 0.01913676 0.026751831 0.009212652 0.0 0.057506595 0.0 0.0 0.0 0.0 0.0 0.0 0.0 0.02780613 0.0 0.0 0.0 0.0 0.0120927915 0.0 0.0 0.0 0.0 0.06981213 0.0 0.0 9.0833805e-07 0.04235711 0.0
0.009454831 0.0 0.029547274 0.0 0.0 0.0 0.0 0.026865598 0.0 0.019871699 0.012649339 0.0 0.0 0.0 0.0 0.03895029 0.0 0.15002508 0.0 0.0 0.014769146 0.0 0.13782349 0.01870945 0.07183213 0.03851775 0.062061835 0.112037726 0.0 0.0 0.0 0.0 0.04872325 0.0 0.0136921825 0.010659436 0.0100800255 0.021927396 0.0 0.0 0.0 0.0 0.0 0.0044375584 0.0 0.0 0.0 0.0 0.0 0.0 0.06959369 0.07840486 0.0 0.0 0.0 0.0
0.0 0.0 0.06801782 0.08261385 0.017116044 0.031158712 0.0 0.0 0.0 0.0 0.0 0.0017897956 0.043025363 0.016458781 0.021254325 0.030158432 0.03032895 0.0 0.0 0.09052462 0.0485336 0.0 0.0 0.0 0.006000186 0.063734874 0.0 0.0 0.0 0.0 0.010452531 0.0 0.015668156 0.06286366 0.024567794 0.0 0.033537716 0.0 0.0 0.0052646124 0.055453252 0.057385653 0.030001478 0.050322853 0.007117124 0.0 0.0 0.08633776 0.039179403 0.0 0.0 0.0 0.0 0.03048593 0.0 0.0033855531
0.0 0.0 0.0 0.0 0.0 0.11951645 0.0 0.019871697 0.0 0.0 0.0 0.1226985 0.0 0.0 0.0 0.027233053 0.0 0.09046019 0.0 0.0 0.025207905 0.0194676 0.036540624 0.018933667 0.008095081 0.0 0.0033171512 0.04502271 0.0 0.0037392387 0.0 0.00607098 0.078129314 0.0 0.0 0.002660857 0.0 0.0 0.031966113 0.0 0.0 0.07121341 0.07925817 0.02759923 0.0 0.00075426145 0.0 0.0 0.022968119 0.0 0.074655205 0.034812585 0.0 0.0 0.0 0.016477022
0.0 0.0 0.0 0.043220386 0.020572646 0.0 0.0 0.012649339 0.0 0.0 0.012637845 0.017368352 0.0016751797 0.0 0.0 0.080204435 0.016459847 0.011330685 0.022897488 0.103961706 0.0 0.040331442 0.022151994 0.0 0.0 0.029364344 0.0 0.0 0.0 0.0 0.0 0.062094383 0.0 0.08340837 0.0 0.0 0.03607311 0.0 0.009227097 0.0 0.016046239 0.0002938779 0.070992805 0.0 0.0 0.0 0.0 0.04650184 0.046021063 0.0 0.06351123 0.0 0.0 0.0 0.0 0.0
0.021354355 0.0 0.0 0.0061255554 0.010876289 0.026873771 0.067159496 0.0 0.0017897957 0.1226985 0.017368352 0.0 0.0 0.064125344 0.0 0.0 0.0 0.023885958 0.0 0.01236667 0.0 0.0 0.003550416 0.023172256 0.0 0.02830516 0.0010631221 0.023738913 0.0 0.0 0.0 0.0 0.0 0.0 0.0 0.0 0.023230633 0.0 0.0 0.03189007 0.04075979 0.04025208 0.0047208276 0.0 0.03543323 0.027126098 0.0 0.05475566 0.0 0.0 0.072237305 0.0 0.0 0.0 0.07315203 0.0
0.0 0.0 0.039602306 0.03042211 0.0 0.007264165 0.0 0.0 0.043025367 0.0 0.0016751796 0.0 0.0 0.018624082 0.0 0.0054174247 0.0 0.05179149 0.0019388341 0.0 0.031668313 0.0 0.022692407 0.0 0.05028716 0.0672745 0.0 0.02755182 0.0 0.0 0.073757984 0.0 0.015332712 0.0 0.0 0.0 0.0 0.0 0.055191737 0.015282253 0.0 0.0 0.047314398 0.0 0.0 0.005918563 0.0 0.024559017 0.0175085 0.093172744 0.046639618 0.0 0.13846266 0.037827134 0.045586888 0.0
0.0 0.026461624 0.06920501 0.026837554 0.0 0.0 0.043607622 0.0 0.016458781 0.0 0.0 0.064125344 0.018624082 0.0021202043 0.022316808 0.019877732 0.044160653 0.007394073 0.003109886 0.0 0.0 0.022903323 0.0 0.0 0.0854097 0.0 0.071639664 0.0 0.013525862 0.06431923 0.017392809 0.0 0.016002044 0.0 0.0 0.02328029 0.0 0.028795393 0.08999516 0.0 0.0 0.085103326 0.0 0.0009401629 0.0 0.0806808 0.0 0.0 0.0059280316 0.06644565 0.0 0.0 0.0934128 0.07440977 0.0066062864 0.0
0.0 0.0 0.033648536 0.1029112 0.0487978 0.037632726 0.0 0.0 0.021254327 0.0 0.0 0.0 0.0 0.022316808 0.07377676 0.0 0.01955077 0.0 0.018809225 0.06970946 0.04079969 0.10560678 0.023454344 0.0 0.0058665415 0.0 0.0 0.0 0.0 0.027734986 0.096574664 0.097150624 0.0 0.0 0.0 0.005588848 0.0 0.010543036 0.0 0.0 0.0 0.0 0.007243574 0.0 0.0 0.01171736 0.0 0.0 0.043597437 0.0 0.023635658 0.0 0.030155452 0.0 0.0 0.0
0.025819246 0.017547885 0.016572598 0.0 0.0 0.0018780634 0.024874605 0.03895029 0.03015843 0.027233055 0.080204435 0.0 0.0054174243 0.019877732 0.0 0.035375472 0.0 0.0 0.0 0.0 0.0 0.039265454 0.010375974 0.027182328 0.0 0.0 0.065716386 0.05790423 0.0 0.0 0.0 0.0 0.0 0.026760232 0.071053624 0.0 0.021469899 0.0 0.038535345 0.03930064 0.03643047 0.07791989 0.0662224 0.0 0.048163358 0.0007219781 0.0 0.001032675 0.0 0.008970313 0.0 0.021361522 0.0025122275 0.04567624 0.038241982 0.0
0.0003558411 0.0065921447 0.0100375535 0.0 0.0030507299 0.0 0.13967948 0.0 0.030328952 0.0 0.016459849 0.0 0.0 0.044160653 0.01955077 0.0 0.0 0.0 0.0 0.0 0.0 0.0003272598 0.0 0.0 0.0 0.00383213 0.0 0.0 0.19951136 0.0 0.0 0.0 0.0 0.013337199 0.0 0.03229161 0.0 0.0 0.0 0.023997696 0.040776797 0.0 0.051572077 0.0 0.012776078 0.18225354 0.026318967 0.015105422 0.0 0.0 0.0 0.0 0.0 0.0045834198 0.0087637575 0.0765977
0.0 0.0 0.0 0.0 0.0 0.0 0.0 0.15002508 0.0 0.09046019 0.011330686 0.023885956 0.05179149 0.007394073 0.0 0.0 0.0 0.0 0.0 0.0 0.0 0.03851333 0.0 0.0 0.0 0.039716557 0.0 0.020485928 0.09486307 0.0 0.0 0.033136334 0.0 0.069353424 0.021149628 0.0 0.013578116 0.015896628 0.0 0.007311229 0.027065728 0.0 0.045820005 0.027549462 0.0 0.0 0.0 0.0015844825 0.0 0.0 0.045287393 0.0 0.0 0.0 0.0 0.029941984
0.0 0.0 0.0 0.10611048 0.10844146 0.0 0.0 0.0 0.0 0.0 0.022897488 0.0 0.0019388341 0.003109886 0.018809225 0.0 0.0 0.0 0.0 0.0999089 0.0 0.0 0.0 0.029824227 0.014630122 0.0 0.0 0.0 0.0 0.05855955 0.04110348 0.07286285 0.0 0.0 0.011297525 0.06462255 0.0 0.0 0.0074929763 0.007041415 0.0011548093 0.0 0.077100456 0.0001926937 0.0 0.019941706 0.0 0.050448634 0.01443175 0.0 0.020936284 0.01559587 0.01341811 0.0 0.064389795 0.0
0.0 0.051987864 0.0 0.012500378 0.042227328 0.005330869 0.0 0.0 0.09052462 0.0 0.103961706 0.01236667 0.0 0.0 0.069709465 0.0 0.0 0.0 0.0999089 0.05526104 0.0 0.0 0.0 0.046043474 0.0 0.0 0.0 0.0 0.0 0.025036665 0.0990516 0.09813021 0.0 0.0 0.0 0.025222113 0.008219175 0.07455598 0.0 0.0 0.0 0.0 0.0 0.0 0.0 0.006820329 0.09674866 0.012541467 0.0 0.0 0.0 0.014402501 0.020499129 0.0 0.0 0.0
0.0 0.0 0.0 0.010295723 0.080637746 0.0 0.10649164 0.014769147 0.048533604 0.025207907 0.0 0.0 0.031668313 0.0 0.04079969 0.0 0.0 0.0 0.0 0.0 0.0 0.0 0.0 0.04544741 0.0 0.0 0.0 0.0 0.13444152 0.01074768 0.0 0.04927529 0.0 0.025767485 0.026249815 0.03558862 0.09317672 0.0 0.0 0.00916038 0.0 0.023144161 0.009046716 0.0 0.0 0.0 0.0 0.036495034 0.031687506 0.0 0.0 0.009958653 0.0 0.009943252 0.0 0.014972814
0.0 0.08168329 0.04606079 0.0 0.0 0.019377388 0.03283545 0.0 0.0 0.019467602 0.040331442 0.0 0.0 0.022903321 0.10560678 0.03926545 0.00032725977 0.038513333 0.0 0.0 0.0 0.0 0.00085569546 0.013701712 0.0 0.0 0.004232089 0.047797136 0.0 0.0 0.0 0.012073293 0.0 0.0 0.0 0.0 0.0 0.03468772 0.0 0.05485865 0.0 0.0 0.0055551394 0.0036914214 0.026615731 0.038907345 0.0 0.038447138 0.03744419 0.0 0.020191962 0.030567111 0.0 0.004044309 0.04298793 0.0
0.037623357 0.0 0.026111878 0.0 0.0 0.0 0.0 0.1378235 0.0 0.03654062 0.022151995 0.0035504159 0.022692408 0.0 0.023454344 0.010375974 0.0 0.0 0.0 0.0 0.0 0.00085569546 0.016465722 0.00025864205 0.0 0.0 0.0139508005 0.0 0.0 0.0 0.008736754 0.0 0.0 0.014989142 0.12778135 0.0058290106 0.045279946 0.0 0.0 0.058989882 0.029346086 0.038370676 0.01456375 0.017214997 0.12520742 0.0 0.0 0.035658263 0.06156242 0.016577378 0.005335328 0.038967304 0.009956871 0.019974543 0.049923122 0.059558336
0.0 0.0 0.02092022 0.0 0.0 0.04349224 0.0 0.01870945 0.0 0.018933667 0.0 0.023172256 0.0 0.0 0.0 0.027182328 0.0 0.0 0.029824229 0.046043478 0.045447405 0.013701712 0.00025864202 0.0 0.031310324 0.08431949 0.0 0.023017311 0.0 0.0 0.0 0.0 0.015243798 0.025002182 0.0 0.0 0.0 0.0 0.062398326 0.0 0.025099367 0.0 0.013016063 0.10196711 0.035022546 0.0 0.0 0.0 0.0390656 0.06678375 0.0 0.0 0.0 0.055531666 0.0 0.058878947
0.0 0.0 0.0 0.0 0.07387396 0.080585726 0.01249785 0.07183213 0.006000186 0.008095081 0.0 0.0 0.05028716 0.0854097 0.0058665415 0.0 0.0 0.0 0.014630123 0.0 0.0 0.0 0.0 0.031310324 0.0 0.022826072 0.0 0.0 0.029754221 0.0 0.0 0.0 0.0 0.010692723 0.0 0.0 0.0 0.0 0.0 0.094437435 0.05841095 0.0 0.051990148 0.029157355 0.0 0.030901019 0.0 0.09747467 0.0 0.0 0.0 0.0 0.0 0.007825726 0.11541621 0.0
0.040776175 0.0 0.0 0.0 0.0 0.0 0.0 0.03851775 0.063734874 0.0 0.029364344 0.02830516 0.0672745 0.0 0.0 0.0 0.0038321302 0.039716553 0.0 0.0 0.0 0.0 0.0 0.08431949 0.02282607 0.0 0.0 0.0 0.0 0.0 0.034932625 0.013012859 0.042417258 0.0 0.10787515 0.038873076 0.026670838 0.006673151 0.004982072 0.0032816788 0.0 0.004198333 0.0 0.0031371173 0.047442205 0.010195744 0.035114266 0.02277247 0.0 0.05800836 0.0 0.13424528 0.016203746 0.021302614 0.020113831 0.0
0.07590188 0.0 0.0 0.0 0.0 0.0370385 0.0 0.062061835 0.0 0.0033171515 0.0 0.0010631221 0.0 0.071639664 0.0 0.065716386 0.0 0.0 0.0 0.0 0.0 0.004232089 0.013950801 0.0 0.0 0.0 0.0 0.0022264277 0.004068268 0.011811249 0.0 0.0 0.0 0.0012285106 0.080116205 0.0 0.038584456 0.0 0.0 0.05143004 0.12035138 0.005308025 0.01839204 0.018443713 0.045680836 0.0 0.0 0.0 0.024392715 0.05346951 0.0030843993 0.034290325 0.00836617 0.030870667 0.015897743 0.12649964
0.070152365 0.0 0.045510605 0.0 0.0 0.0 0.0015045876 0.112037726 0.0 0.04502271 0.0 0.023738913 0.027551819 0.0 0.0 0.057904232 0.0 0.020485926 0.0 0.0 0.0 0.047797136 0.0 0.023017311 0.0 0.0 0.0022264277 0.0 0.06587789 0.0 0.0 0.0 0.028526943 0.08303739 0.0262149 0.0 0.058276538 0.0 0.0 0.0 0.007038447 0.04437176 0.0 0.0 0.063907325 0.0 0.0 0.00040367703 0.0031205595 0.08008181 0.001276426 0.036047243 0.0 0.09381257 0.019577067 0.07382567
0.0 0.059656646 0.06964996 0.005703218 0.0 0.0015115332 0.01913676 0.0 0.0 0.0 0.0 0.0 0.0 0.013525862 0.0 0.0 0.19951136 0.09486307 0.0 0.0 0.13444152 0.0 0.0 0.0 0.029754223 0.0 0.004068268 0.06587789 0.0 0.0 0.0 0.0 0.09794743 0.0 0.0 0.0 0.0 0.012205623 0.0 0.0 0.0 0.0 0.0 0.0 0.0 0.06880595 0.0 0.0 0.0 0.0 0.009011512 0.0 0.0 0.0 0.033510577 0.0
0.0 0.10211924 0.026782654 0.043816656 0.053410858 0.0 0.026751831 0.0 0.0 0.0037392385 0.0 0.0 0.0 0.06431922 0.027734986 0.0 0.0 0.0 0.05855955 0.025036665 0.01074768 0.0 0.0 0.0 0.0 0.0 0.011811249 0.0 0.0 0.0 0.020760039 0.047286347 0.0 0.009176438 0.0 0.0 0.0 0.0 0.0 0.07918969 0.02693014 0.017654132 0.0019623444 0.0 0.0 0.081367455 0.12364759 0.019762011 0.0060133073 0.0 0.0 0.0 0.059109155 0.0 0.0 0.0
0.0 0.028334677 0.0092644505 0.056213178 0.029181113 0.014931549 0.009212652 0.0 0.010452531 0.0 0.0 0.0 0.07375799 0.01739281 0.09657466 0.0 0.0 0.0 0.04110348 0.0990516 0.0 0.0 0.008736754 0.0 0.0 0.034932625 0.0 0.0 0.0 0.020760039 0.0 0.009747444 0.0 0.020217149 0.0 0.0 0.020531608 0.0 0.0055149836 0.08779858 0.025479771 0.0024249498 0.030674957 0.0 0.0 0.0 0.022799728 0.035963006 0.022154808 0.0016230136 0.0 0.0 0.08309347 0.0 0.011650673 0.0
0.0 0.004810424 0.0127629675 0.059034932 0.13999325 0.0 0.0 0.0 0.0 0.00607098 0.062094383 0.0 0.0 0.0 0.09715062 0.0 0.0 0.033136334 0.07286285 0.09813021 0.049275294 0.012073294 0.0 0.0 0.0 0.013012859 0.0 0.0 0.0 0.04728635 0.009747444 0.0 0.0 0.0 0.0 0.0 0.0 0.11645609 0.014631155 0.014707095 0.0 0.0 0.0 0.025613623 0.029174246 0.0 0.0 0.039400727 0.035242118 0.0 0.0 0.0 0.02204862 0.0 0.0 0.0
0.022828676 0.0 0.0 0.0 0.0 0.0 0.0575066 0.04872325 0.015668156 0.078129314 0.0 0.0 0.015332712 0.016002044 0.0 0.0 0.0 0.0 0.0 0.0 0.0 0.0 0.0 0.015243798 0.0 0.042417254 0.0 0.028526943 0.09794744 0.0 0.0 0.0 0.0 0.0 0.15351132 0.0066273473 0.0124841295 0.0 0.0 0.0 0.0709385 0.0038087382 0.0 0.04549171 0.08861804 0.0 0.025619054 0.0 0.0 0.0 0.0 0.050509337 0.0 0.032956697 0.0 0.11683886
0.045602556 0.011654194 0.0 0.0 0.0 0.03628937 0.0 0.0 0.06286366 0.0 0.08340837 0.0 0.0 0.0 0.0 0.026760232 0.013337199 0.06935342 0.0 0.0 0.025767485 0.0 0.014989142 0.025002182 0.010692722 0.0 0.0012285106 0.08303739 0.0 0.009176439 0.020217149 0.0 0.0 0.0 0.0 0.0 0.055917837 0.04065024 0.0 0.033139627 0.0 0.0 0.011654209 0.000785263 0.023693431 0.084107906 0.0 0.0 0.0 0.0 0.051462922 0.012881313 0.0 0.010198767 0.01719954 0.0
0.0 0.0 0.0 0.009862613 0.0 0.051624186 0.0 0.0136921825 0.024567794 0.0 0.0 0.0 0.0 0.0 0.0 0.071053624 0.0 0.021149626 0.011297525 0.0 0.026249815 0.0 0.12778135 0.0 0.0 0.10787515 0.08011621 0.0262149 0.0 0.0 0.0 0.0 0.1535113 0.0 0.0 0.020392304 0.0 0.009539329 0.013601649 0.0 0.0 0.0 0.0 0.0 0.0 0.015766209 0.0 0.06259888 0.015214754 0.0 0.027288338 0.039077975 0.0 0.0 0.011101479 0.0
0.0 0.0 0.0 0.004179998 0.015278042 0.0 0.0 0.010659435 0.0 0.002660857 0.0 0.0 0.0 0.023280289 0.0055888486 0.0 0.032291614 0.0 0.06462255 0.025222111 0.03558862 0.0 0.0058290106 0.0 0.0 0.038873073 0.0 0.0 0.0 0.0 0.0 0.0 0.0066273473 0.0 0.020392306 0.044375677 0.0 0.04400748 0.08582002 0.02119604 0.10459344 0.0 0.041710045 0.07631551 0.0 0.0 0.0 0.02582363 0.039289255 0.0 0.015204033 0.055583574 0.0 0.038702846 0.00034752663 0.010077692
0.0 0.0 0.0 0.0 0.0068716025 0.08261821 0.0 0.0100800255 0.033537712 0.0 0.036073107 0.023230633 0.0 0.0 0.0 0.021469899 0.0 0.013578116 0.0 0.008219175 0.093176715 0.0 0.045279942 0.0 0.0 0.026670838 0.03858446 0.058276538 0.0 0.0 0.02053161 0.0 0.0124841295 0.055917837 0.0 0.0 0.0 0.0016635417 0.012044312 0.0 0.0 0.0 0.05241464 0.0022098701 0.0 0.0 0.0 0.061602052 0.0 0.0 0.089619994 0.064557806 0.0 0.017567655 0.0 0.0
0.0 0.0 0.0 0.0 0.03526102 0.0 0.0 0.021927396 0.0 0.0 0.0 0.0 0.0 0.028795393 0.010543036 0.0 0.0 0.015896628 0.0 0.07455597 0.0 0.03468772 0.0 0.0 0.0 0.0066731516 0.0 0.0 0.012205623 0.0 0.0 0.11645609 0.0 0.040650237 0.009539329 0.04400748 0.0016635417 0.0 0.008921525 0.0 0.026579944 0.048345063 0.059381228 0.11499076 0.0054713166 0.0 0.0 0.0 0.02712527 0.0 0.009398699 0.0 0.0 0.0 0.0 0.038437486
0.11909685 0.026237357 0.0 0.0 0.0 0.0 0.0 0.0 0.0 0.031966113 0.009227098 0.0 0.05519174 0.08999517 0.0 0.038535345 0.0 0.0 0.007492976 0.0 0.0 0.0 0.0 0.062398326 0.0 0.004982072 0.0 0.0 0.0 0.0 0.0055149836 0.014631155 0.0 0.0 0.01360165 0.08582003 0.012044313 0.0089215245 0.027510634 0.102154784 0.08939259 0.0 0.0020961245 0.0 0.06891218 0.045421813 0.0 0.0026688806 0.0 0.0 0.017210644 0.05317823 0.0 0.00420045 0.024984526 0.0
0.0 0.0 0.08193645 0.0 0.0 0.002294225 0.0 0.0 0.0052646124 0.0 0.0 0.031890064 0.015282252 0.0 0.0 0.03930064 0.023997696 0.0073112296 0.007041415 0.0 0.00916038 0.054858655 0.058989882 0.0 0.09443743 0.0032816785 0.051430043 0.0 0.0 0.07918969 0.08779858 0.014707096 0.0 0.033139627 0.0 0.02119604 0.0 0.0 0.102154784 0.006699838 0.018548643 0.016606163 0.0 0.0 0.0 0.0 0.09527745 0.0 0.067897126 0.06823713 0.0 0.0063400283 0.045081027 0.0 0.017108662 0.003083947
0.018498056 0.023045726 0.0860026 0.0 0.0 0.021647194 0.027806127 0.0 0.05545325 0.0 0.016046239 0.04075979 0.0 0.0 0.0 0.03643047 0.0407768 0.027065728 0.0011548093 0.0 0.0 0.0 0.029346084 0.025099367 0.05841095 0.0 0.12035138 0.0070384475 0.0 0.02693014 0.025479771 0.0 0.07093849 0.0 0.0 0.10459344 0.0 0.026579944 0.08939259 0.018548643 0.0 0.0 0.0 0.0 0.0 0.0 0.03154477 0.0 0.011994738 0.0029714091 0.014177712 0.0 0.015491641 0.011455164 0.0 0.008464781
0.0 0.0380551 0.007156173 0.016750725 0.0 0.015162765 0.0 0.0 0.057385653 0.07121341 0.0002938779 0.04025208 0.0 0.085103326 0.0 0.07791989 0.0 0.0 0.0 0.0 0.02314416 0.0 0.038370676 0.0 0.0 0.0041983332 0.005308025 0.04437176 0.0 0.017654132 0.0024249498 0.0 0.0038087382 0.0 0.0 0.0 0.0 0.048345063 0.0 0.016606163 0.0 0.0 0.0 0.010526832 0.0 0.017562168 0.014519386 0.0 0.0146493595 0.0 0.09197381 0.008633054 0.0 0.0 0.13958688 0.0
0.0 0.08061472 0.0 0.0278236 0.020963944 0.0 0.0 0.0 0.03000148 0.07925817 0.070992805 0.004720828 0.047314398 0.0 0.007243574 0.0662224 0.051572077 0.04582 0.07710045 0.0 0.009046716 0.0055551394 0.014563749 0.013016064 0.05199015 0.0 0.01839204 0.0 0.0 0.0019623444 0.030674957 0.0 0.0 0.011654208 0.0 0.041710045 0.05241464 0.059381228 0.0020961245 0.0 0.0 0.0 0.0 0.0 0.0 0.048314057 0.058415845 0.0 0.0 0.0 0.0 0.0 0.03192387 0.0 0.0 0.0
0.0518784 0.049716197 0.0 0.0 0.03575619 0.10629082 0.0 0.004437558 0.050322853 0.02759923 0.0 0.0 0.0 0.0009401629 0.0 0.0 0.0 0.027549462 0.00019269371 0.0 0.0 0.0036914214 0.017214997 0.10196711 0.029157355 0.003137117 0.018443713 0.0 0.0 0.0 0.0 0.025613623 0.04549171 0.000785263 0.0 0.07631551 0.0022098704 0.11499076 0.0 0.0 0.0 0.010526832 0.0 0.0 0.012599633 0.084907 0.014081471 0.017790342 0.0 0.0 0.0 0.10995051 0.012904908 0.0 0.02675695 0.00095306255
0.0 0.0 0.00946959 0.0 0.0 0.0057476424 0.0 0.0 0.007117124 0.0 0.0 0.03543323 0.0 0.0 0.0 0.048163358 0.012776078 0.0 0.0 0.0 0.0 0.026615731 0.12520744 0.035022546 0.0 0.04744221 0.04568084 0.06390732 0.0 0.0 0.0 0.029174244 0.08861805 0.023693431 0.0 0.0 0.0 0.0054713166 0.068912186 0.0 0.0 0.0 0.0 0.012599633 0.016201567 0.0 0.0 0.0051069055 0.05338495 0.04471238 0.119105674 0.0066081295 0.017403772 0.015292794 0.0021443358 0.0
0.0 0.0006014109 0.020709597 0.0 0.0 0.0 0.0120927915 0.0 0.0 0.0007542615 0.0 0.027126098 0.005918563 0.0806808 0.0117173605 0.000721978 0.18225354 0.0 0.019941704 0.006820329 0.0 0.038907345 0.0 0.0 0.030901019 0.010195744 0.0 0.0 0.06880594 0.081367455 0.0 0.0 0.0 0.08410791 0.015766207 0.0 0.0 0.0 0.045421813 0.0 0.0 0.017562168 0.048314057 0.084906995 0.0 0.0 0.0 0.0 0.029098216 0.03379012 0.0 0.0 0.0 0.0 0.0 0.0
0.0 0.03273531 0.0 0.054689597 0.0 0.0 0.0 0.0 0.0 0.0 0.0 0.0 0.0 0.0 0.0 0.0 0.026318967 0.0 0.0 0.09674866 0.0 0.0 0.0 0.0 0.0 0.035114266 0.0 0.0 0.0 0.12364759 0.022799728 0.0 0.025619052 0.0 0.0 0.0 0.0 0.0 0.0 0.09527745 0.03154477 0.014519386 0.058415845 0.014081471 0.0 0.0 0.06896879 0.0 0.0 0.0 0.09478936 0.0 0.0 0.027678212 0.0 0.0
0.035593964 0.033206914 0.0 0.0 0.006335682 0.009926676 0.0 0.0 0.08633776 0.0 0.04650184 0.054755658 0.024559017 0.0 0.0 0.001032675 0.015105421 0.0015844825 0.05044863 0.012541468 0.036495034 0.038447138 0.035658263 0.0 0.09747467 0.02277247 0.0 0.000403677 0.0 0.019762011 0.035963006 0.039400727 0.0 0.0 0.06259888 0.02582363 0.06160205 0.0 0.0026688806 0.0 0.0 0.0 0.0 0.017790342 0.005106905 0.0 0.0 0.0 0.08019349 0.022030888 0.003998337 0.074820556 0.03524153 0.0 0.0 0.020335576
0.04663926 0.0 0.0 0.0 0.08155277 0.0 0.0 0.0 0.039179403 0.022968119 0.046021067 0.0 0.017508497 0.0059280316 0.04359744 0.0 0.0 0.0 0.01443175 0.0 0.031687506 0.03744419 0.06156242 0.0390656 0.0 0.0 0.024392715 0.0031205595 0.0 0.0060133077 0.022154808 0.035242114 0.0 0.0 0.015214754 0.03928925 0.0 0.02712527 0.0 0.06789712 0.011994737 0.0146493595 0.0 0.0 0.05338495 0.029098215 0.0 0.08019349 0.0 0.012024187 0.0 0.009099991 0.044894706 0.0 0.009206903 0.0
0.04831139 0.017470377 0.0 0.0 0.0 0.015321128 0.0 0.0 0.0 0.0 0.0 0.0 0.093172744 0.06644565 0.0 0.008970313 0.0 0.0 0.0 0.0 0.0 0.0 0.016577378 0.06678374 0.0 0.05800836 0.05346951 0.08008181 0.0 0.0 0.0016230136 0.0 0.0 0.0 0.0 0.0 0.0 0.0 0.0 0.06823713 0.0029714091 0.0 0.0 0.0 0.044712383 0.03379012 0.0 0.022030888 0.012024187 0.015356955 0.0 0.02829628 0.0 0.058823194 0.14069174 0.0
0.10112863 0.0 0.04604345 0.0 0.010611224 0.0 0.06981212 0.06959369 0.0 0.07465521 0.06351123 0.072237305 0.046639618 0.0 0.023635658 0.0 0.0 0.045287393 0.020936284 0.0 0.0 0.020191962 0.005335328 0.0 0.0 0.0 0.0030843993 0.001276426 0.009011512 0.0 0.0 0.0 0.0 0.051462922 0.02728834 0.015204033 0.089619994 0.009398698 0.017210644 0.0 0.014177713 0.09197382 0.0 0.0 0.11910568 0.0 0.09478937 0.003998337 0.0 0.0 0.0 0.007804513 0.0 0.02564794 0.0020996958 0.056303643
0.026916012 0.0 0.0 0.0 0.0 0.025022797 0.0 0.07840486 0.0 0.034812585 0.0 0.0 0.0 0.0 0.0 0.021361522 0.0 0.0 0.01559587 0.014402501 0.009958653 0.030567111 0.038967304 0.0 0.0 0.13424528 0.034290325 0.036047243 0.0 0.0 0.0 0.0 0.05050934 0.012881313 0.039077975 0.05558357 0.064557806 0.0 0.053178225 0.0063400283 0.0 0.008633054 0.0 0.10995051 0.0066081295 0.0 0.0 0.074820556 0.009099992 0.02829628 0.0078045125 0.0 0.0 0.05580814 0.0 0.07149239
0.0 0.0479635 0.0 0.009861392 0.06340904 0.031221895 0.0 0.0 0.0 0.0 0.0 0.0 0.13846268 0.09341281 0.030155452 0.0025122275 0.0 0.0 0.01341811 0.020499129 0.0 0.0 0.00995687 0.0 0.0 0.016203746 0.00836617 0.0 0.0 0.059109155 0.08309347 0.02204862 0.0 0.0 0.0 0.0 0.0 0.0 0.0 0.045081027 0.015491642 0.0 0.03192387 0.012904908 0.01740377 0.0 0.0 0.035241533 0.04489471 0.0 0.0 0.0 0.064994745 0.00051085645 0.028409062 0.0
0.06329422 0.064324155 0.0 0.0 0.0 0.0 9.0833805e-07 0.0 0.030485932 0.0 0.0 0.0 0.037827138 0.07440977 0.0 0.045676243 0.0045834198 0.0 0.0 0.0 0.0099432515 0.0040443083 0.019974543 0.05553167 0.007825726 0.021302614 0.030870667 0.09381256 0.0 0.0 0.0 0.0 0.032956697 0.010198767 0.0 0.03870284 0.017567653 0.0 0.0042004497 0.0 0.011455164 0.0 0.0 0.0 0.015292794 0.0 0.027678212 0.0 0.0 0.058823194 0.025647942 0.055808146 0.00051085645 0.0 0.014263888 0.0
0.02912963 0.0 0.0 0.0 0.0 0.0 0.04235711 0.0 0.0 0.0 0.0 0.07315202 0.045586888 0.0066062864 0.0 0.038241982 0.0087637575 0.0 0.064389795 0.0 0.0 0.042987935 0.049923126 0.0 0.11541621 0.020113831 0.015897743 0.01957707 0.033510577 0.0 0.011650673 0.0 0.0 0.01719954 0.011101479 0.00034752663 0.0 0.0 0.024984526 0.01710866 0.0 0.13958688 0.0 0.02675695 0.0021443358 0.0 0.0 0.0 0.009206903 0.14069174 0.0020996956 0.0 0.028409064 0.014263889 0.0 0.06047775
0.010647401 0.0 0.0 0.0 0.0 0.10702002 0.0 0.0 0.0033855531 0.016477022 0.0 0.0 0.0 0.0 0.0 0.0 0.076597705 0.029941984 0.0 0.0 0.014972814 0.0 0.059558336 0.05887895 0.0 0.0 0.12649962 0.07382567 0.0 0.0 0.0 0.0 0.11683885 0.0 0.0 0.010077692 0.0 0.038437486 0.0 0.003083947 0.008464781 0.0 0.0 0.0009530626 0.0 0.0 0.0 0.020335576 0.0 0.0 0.056303646 0.07149239 0.0 0.0 0.06047775 0.0
