0.0 0.009073168 1.413092e-05 0.026348809 0.0 0.034949027 0.116159655 0.009256746 0.013956358 0.0 0.0035906935 0.068020746 0.0 0.018120645 0.0 0.0 0.0 0.020071026 0.020958375 0.004573425 0.029216629 0.021697693 0.0 0.0 0.019623864 0.0 0.0 0.015522171 0.0 0.018201254 0.0042076344 0.04159228 0.0059453673 0.01559592 0.0 0.107217126 0.044822723 0.0 0.07269718 0.0010656291 0.09512717 0.025828684 0.016947476 0.015333509 0.0 0.027420811 0.0 0.0 0.029688314 0.053519588 0.0 0.00024075544 0.0 0.008425761 0.0 0.0
0.009073168 0.06052187 0.02546803 0.016596908 0.051395442 0.0 0.0 0.0 0.0102652265 0.0 0.020154225 0.0 0.0 0.0 0.046792876 0.021039853 0.0 0.0 0.07311734 0.0 0.011070953 0.0 0.0 0.0 0.009164716 0.0 0.0024831747 0.0028975 0.0 0.0 0.0 0.117793195 0.0 0.006573767 0.008635054 0.0 0.062365305 0.034017533 0.014524667 0.0 0.0057896907 0.033144362 0.04310471 0.0 0.018357709 0.11343077 0.08589101 0.008231524 0.060969282 0.0021127472 0.062542856 0.0 0.0 0.0 0.015484854 0.0
1.413092e-05 0.02546803 0.0 0.088003285 0.011878423 0.0 0.0 0.0 0.0 0.0 0.0 0.02308115 0.0 0.0069447523 0.07171041 0.09553355 0.0 0.0 0.02681141 0.0 0.06259502 0.050356314 0.010189099 0.0 0.03137565 0.023099478 0.0 0.0024922318 0.025759326 0.0 0.008838042 0.028406676 0.016173229 0.0 0.0 0.0 0.0 0.0 0.009640028 0.10260461 0.0 0.024150986 0.024048023 0.006458911 0.0 0.0 0.0 0.0046721715 0.0 0.027786687 0.002348165 0.09421053 0.0 0.007892338 0.0061650393 0.0
0.026348809 0.016596908 0.08800329 0.0 0.0 0.014511082 0.0 0.013959174 0.0 0.0 0.0 0.0 0.096107155 0.0 0.0 0.0 0.0060231467 0.0 0.0 0.0063376282 0.0 0.02057 0.0 0.0 0.0 0.0042528426 0.0045040185 0.0 0.08211526 0.0 0.0 0.0 0.013479205 0.09600974 0.018656835 0.0 0.008593667 0.0 0.0 0.054424837 0.0 0.092723176 0.041139096 0.0 0.0969624 0.018851286 0.06344996 0.0 0.0 0.04960103 0.0 0.0054830033 0.0 0.032521166 0.0 0.10967528
0.0 0.051395442 0.011878423 0.0 0.03773071 0.069625326 0.0 0.012919224 0.0 0.0 0.0 0.0 0.00089644344 0.0 0.022064006 0.020926485 0.0 0.016637515 0.0 0.0 0.17433047 0.0 0.05174233 0.014042537 0.04211711 0.0 0.04741913 0.0 0.0 0.0 0.05060536 0.027539816 0.0 0.0 0.0 0.0 0.0 0.0 0.0 0.056746915 0.0 0.0 0.0 0.06713473 0.0 0.01463417 0.06319585 0.0 0.07139709 0.0 0.0 0.0024841174 0.0 0.042620588 0.08480315 0.0
0.034949027 0.0 0.0 0.014511081 0.069625326 0.0 0.0 0.012061495 0.068044096 0.0 0.025092332 0.0 0.027450329 0.0 0.0 0.0 0.0 0.02812867 0.0 0.004113317 0.041654106 0.01683466 0.02268954 0.029165877 0.0 0.0254848 0.0 0.0 0.0 0.0 0.029289408 0.0 0.0 0.030647894 0.0 0.0 0.0 0.054422013 0.020238409 0.070454225 0.0 0.022319175 0.06527212 0.0 0.010417732 0.019590288 0.03140387 0.0 0.0 0.0 0.011140266 0.016527671 0.0 0.053036068 0.0080655515 0.0
0.11615966 0.0 0.0 0.0 0.0 0.0 0.0 0.027994523 0.0 0.058881093 0.0 0.0 0.0 0.0 0.017784566 0.0 0.0 0.0 0.0 0.0 0.0 0.0 0.0 0.044608913 0.0 0.0 0.0 0.0220278 0.060037687 0.023249058 0.0 0.0 0.0 0.04141783 0.036890995 0.0 0.124314494 0.0 0.0 0.0 0.010686319 0.0 0.0 0.0040721586 0.09446832 0.0 0.0 0.0 0.0 0.0 0.0 0.13059853 0.0 0.0 0.0 0.12251559
0.009256747 0.0 0.0 0.013959175 0.012919224 0.012061495 0.027994525 0.029581167 0.023744458 0.015180102 0.0 0.06532116 0.007204876 0.008689874 0.0 0.08719491 0.0 0.02750798 0.0 0.07907165 0.0029906244 0.0 0.022550376 0.025561118 0.0 0.0 0.019123591 0.086515866 0.0 0.004570113 0.09149022 0.027786506 0.035619605 0.0 0.0 0.063076794 0.04331859 0.0 0.08933312 0.0 0.106858544 0.0 0.0037140062 0.025221441 0.0 0.0 0.0 0.050390594 0.002607148 0.0 0.0 0.0 0.0 0.0 0.045406148 0.0
0.013956358 0.010265227 0.0 0.0 0.0 0.068044096 0.0 0.023744458 0.0 0.0050786566 0.0 0.0 0.0011037277 0.0 0.01185744 0.008929744 0.0 0.017527224 0.0 0.0 0.06120436 0.0 0.0682421 0.004214567 0.052121602 0.0053168563 0.06463997 0.0 0.0 0.0 0.0 0.007897579 0.05348467 0.0077660275 0.003638229 0.002619089 0.018537624 0.031747848 0.0024857435 0.019061238 0.0 0.0 0.0 0.05094441 0.0 0.0075168293 0.011102703 0.030788338 0.058850467 0.07422144 0.07854338 0.0027523504 0.0 0.017934777 0.077421635 0.0
0.0 0.0 0.0 0.0 0.0 0.0 0.05888109 0.015180103 0.005078657 0.08504766 0.007158687 0.00020890562 0.0 0.104165755 0.0 0.17012459 0.053984962 0.027160382 0.0 0.017295029 0.0 0.0 0.0 0.017479016 0.0 0.016982103 0.018638888 0.0 0.0 0.0 0.0 0.0 0.0 0.0 0.052115962 0.034324627 0.040763855 0.0065569356 0.011427971 0.0029720545 0.074223064 0.0 0.0 0.0 0.04886367 0.0020116207 0.0 0.030779704 0.0 0.009003437 0.0 0.0 0.0 0.0 0.06694515 0.0
0.0035906932 0.020154225 0.0 0.0 0.0 0.025092332 0.0 0.0 0.0 0.007158687 0.0 0.0 0.008341531 0.0 0.038684953 0.03317012 0.0 0.06609208 0.0 0.0 0.0 0.0056226766 0.031227011 0.017367883 0.0 0.0 0.038693227 0.0 0.0 0.0 0.0 0.0 0.0 0.0 0.042503923 0.03993353 0.019650703 0.0 0.0 0.016503105 0.0 0.0 0.0 0.0 0.099974416 0.0 0.0 0.058402214 0.0 0.10413553 0.09233798 0.0 0.0 0.029942466 0.12968375 0.0
0.06802074 0.0 0.02308115 0.0 0.0 0.0 0.0 0.06532116 0.0 0.00020890562 0.0 0.0 0.0 0.0 0.014359736 0.0 0.0 0.0 0.0 0.0 0.00662836 0.0106771 0.014444277 0.0 0.02849281 0.04988004 0.044100966 0.028799351 0.0 0.0 0.005409591 0.0 0.057444878 0.0 0.038595967 0.0 0.032758884 0.0 0.0 0.032836504 0.0 0.0 0.0046578697 0.0 0.05564412 0.0 0.0 0.0 0.0 0.11816867 0.0049145613 0.025411524 0.0 0.0 0.07138472 0.024963738
0.0 0.0 0.0 0.096107155 0.00089644344 0.02745033 0.0 0.007204876 0.0011037277 0.0 0.008341531 0.0 0.01640024 0.043518733 0.0 0.01265336 0.011278805 0.0 0.0 0.06377593 0.0 0.0 0.0 0.0 0.0 0.06393279 0.018782953 0.12148135 0.0 0.010431813 0.011601925 0.0 0.0223894 0.0 0.0 0.001468049 0.030817725 0.0 0.031958774 0.0020044611 0.10378126 0.0 0.067318216 0.0 0.0058496622 0.0 0.0 0.08563189 0.019217137 0.03620915 0.00062839256 0.0 0.005282793 0.0 0.019622503 0.0
0.018120645 0.0 0.006944752 0.0 0.0 0.0 0.0 0.008689874 0.0 0.10416576 0.0 0.0 0.043518733 0.12369587 0.0 0.0 0.015188613 0.0 0.0 0.024501689 0.0 0.03879866 0.0 0.0068204966 0.0 0.08812281 0.043273266 0.05295366 0.038654797 0.015672876 0.0027684537 0.0 0.06909218 0.0 0.026699511 0.046584375 0.0 0.0 0.028338961 0.0028190038 0.020258594 0.0012064236 0.026568402 0.099758424 0.015051928 0.0 0.0 0.017699048 0.0 0.0 0.037658077 0.03429148 0.0 0.0016773412 0.0 0.001338147
0.0 0.046792876 0.07171041 0.0 0.022064006 0.0 0.017784566 0.0 0.01185744 0.0 0.03868495 0.014359735 0.0 0.0 0.0644603 0.014865377 0.0 0.053522617 0.17026015 0.012809303 0.0 0.0 0.0015448752 0.031472333 0.0 0.0 0.0 0.0 0.020482315 0.017159568 0.024680868 0.010220497 0.020054301 0.0 0.0052459333 0.010266459 0.014613567 0.017386904 0.0 0.0145323565 0.0 0.0 0.0 0.0 0.0 0.06299467 0.119774416 0.036212873 0.040647727 0.0 0.0 0.0 0.003654604 0.0 0.0 0.0
0.0 0.021039851 0.09553354 0.0 0.020926485 0.0 0.0 0.08719491 0.008929743 0.17012458 0.03317012 0.0 0.01265336 0.0 0.014865378 0.0 0.09672174 0.0 0.0 0.016991151 0.0 0.0 0.0 0.0 0.013861593 0.0 0.028436072 0.0 0.00049253914 0.0 0.0 0.0 0.00055068266 0.0 0.06296537 0.047908414 0.0016649036 0.021012282 0.0 0.0 0.0 0.020983128 0.0 0.0 0.00084289984 0.028120313 0.027964287 0.0042261635 0.0 0.024798887 0.036938153 0.0 0.0 0.0 0.0 0.0
0.0 0.0 0.0 0.0060231467 0.0 0.0 0.0 0.0 0.0 0.053984966 0.0 0.0 0.011278805 0.015188613 0.0 0.09672174 0.0 0.0 0.0 0.01046456 0.0 0.029231979 0.08188401 0.012122064 0.0 0.032413486 0.0069101984 0.033767983 0.0 0.0276022 0.0 0.0 0.0 0.0 0.070285365 0.0 0.0 0.0 0.0 0.038239107 0.0 0.0054287477 0.0012712681 0.08207949 0.041098587 0.0 0.0 0.04082176 0.0 0.0 0.021132315 0.055709552 0.0 0.0 0.046693556 0.006642263
0.020071024 0.0 0.0 0.0 0.016637517 0.02812867 0.0 0.02750798 0.017527226 0.027160382 0.066092074 0.0 0.0 0.0 0.053522617 0.0 0.0 0.0 0.0 0.0075520803 0.036922555 0.023406085 0.14648245 0.02425751 0.0 0.0 0.032394085 0.0 0.0 0.0 0.0 0.0022514642 0.0 0.0 0.016555125 0.024444185 0.036513463 0.021996493 0.0 0.0 0.0 0.0 0.0 0.024632014 0.07624073 0.039954722 0.0 0.010621132 0.0 0.022144705 0.007412501 0.060691733 0.01077628 0.007688404 0.073491134 0.0
0.020958373 0.07311734 0.02681141 0.0 0.0 0.0 0.0 0.0 0.0 0.0 0.0 0.0 0.0 0.0 0.17026016 0.0 0.0 0.0 0.0 0.0 0.0 0.019868866 0.0 0.0 0.11218866 0.026807996 0.0 0.0070579606 0.0 0.035601176 0.0 0.0 0.0 0.12994869 0.047155228 0.0 0.033442657 0.0 0.0 0.035119604 0.0 0.06155103 0.0 0.0 0.0 0.0 0.07220203 0.0 0.014437409 0.04563158 0.0 0.010212165 0.0013663487 0.0 0.0035293147 0.025026375
0.0045734253 0.0 0.0 0.0063376282 0.0 0.004113317 0.0 0.07907165 0.0 0.017295027 0.0 0.0 0.06377593 0.024501689 0.012809302 0.016991151 0.01046456 0.0075520803 0.0 0.0 0.01286081 0.0 0.072392255 0.012476946 0.0 0.038567707 0.040199723 0.0028267526 0.0 0.0 0.0 0.0 0.021863535 0.0 0.08000026 0.014242603 0.0012202418 0.0 0.03644697 0.08729811 0.0 0.0 0.0 0.0 0.049006384 0.07260859 0.0 0.021579685 0.0 0.034862816 0.10559797 0.012635805 0.0014377004 0.0 0.0 0.0
0.02921663 0.011070952 0.06259502 0.0 0.17433047 0.041654106 0.0 0.0029906244 0.06120436 0.0 0.0 0.00662836 0.0 0.0 0.0 0.0 0.0 0.03692255 0.0 0.01286081 0.0 0.06918701 0.011377673 0.01143396 0.063864216 0.027523668 0.0 0.0 0.0 0.042880714 0.0020243116 0.035231847 0.0 0.025243852 0.010992491 0.023349686 0.007764076 0.0 0.0 0.011148253 0.0 0.03520198 0.03839141 0.0 0.0 0.038584385 0.0 0.0 0.026711002 0.0 0.0 0.018110583 0.020986589 0.016971124 0.0 0.0
0.021697693 0.0 0.050356317 0.02057 0.0 0.01683466 0.0 0.0 0.0 0.0 0.0056226766 0.0106771 0.0 0.038798664 0.0 0.0 0.029231979 0.023406083 0.019868866 0.0 0.06918701 0.09327941 0.0 0.0 0.064907454 0.011460724 0.0 0.021497028 0.0 0.07295647 0.0 0.0 0.06414846 0.06590755 0.016671643 0.0 0.0 0.0 0.01241763 0.049610827 0.0 0.0038535008 0.0114119 0.010201495 0.0 0.0 0.0 0.0 0.0 0.040769324 0.0060611707 0.0 0.0 0.0013314418 0.0 0.03614609
0.0 0.0 0.0101891 0.0 0.05174233 0.022689542 0.0 0.022550378 0.0682421 0.0 0.031227011 0.014444276 0.0 0.0 0.0015448752 0.0 0.081884004 0.14648245 0.0 0.072392255 0.011377673 0.0 0.0 0.0 0.0 0.0047152964 0.10872536 0.0 0.0 0.059401337 0.027046286 0.022054974 0.071346395 0.0 0.0 0.0 0.0 0.051040087 0.0 0.0 0.0 0.0 0.0 0.01517999 0.0 0.079583526 0.0 0.0 0.01619197 0.0 0.009291236 0.0 0.10007277 0.063056245 0.0 0.0
0.0 0.0 0.0 0.0 0.014042538 0.029165875 0.044608913 0.025561117 0.004214567 0.017479016 0.01736788 0.0 0.0 0.0068204966 0.031472333 0.0 0.012122064 0.024257509 0.0 0.012476946 0.01143396 0.0 0.0 0.0 0.0 0.0 0.06955286 0.0 0.0 0.0 0.07734922 0.041859675 0.086569175 0.0 0.0 0.066788025 0.0 0.0 0.04706049 0.02498403 0.06616842 0.0 0.0 0.03497835 0.0 0.0 0.0026492726 0.088672005 0.09936951 0.0 0.03680265 0.0 0.0043314276 0.0045272596 0.07019926 0.0
0.019623866 0.009164716 0.03137565 0.0 0.04211711 0.0 0.0 0.0 0.052121602 0.0 0.0 0.028492812 0.0 0.0 0.0 0.013861592 0.0 0.0 0.11218866 0.0 0.06386422 0.06490746 0.0 0.0 0.0 0.0 0.012770486 0.0 0.0 0.0 0.0070262337 0.0 0.0 0.06734347 0.013217515 0.0032810168 0.09113587 0.06789681 0.0 0.0 0.0 0.030758755 0.006955225 0.05207925 0.003672026 0.024439618 0.0 0.0 0.0 0.0 0.0 0.09601246 0.0 0.0 0.0 0.0
0.0 0.0 0.023099478 0.0042528426 0.0 0.025484797 0.0 0.0 0.0053168563 0.0169821 0.0 0.04988004 0.06393279 0.088122815 0.0 0.0 0.03241349 0.0 0.026807996 0.038567707 0.027523668 0.011460723 0.0047152964 0.0 0.0 0.0 0.034210734 0.05892885 0.0 0.0792013 0.043567576 0.009956307 0.12674083 0.0 0.0017231231 0.03328099 0.0 0.010629908 0.049454637 0.0 0.021362618 0.0 0.051359702 0.086190835 0.0 0.0 0.0 0.020478804 0.0 0.003793794 0.0 0.0 0.10306859 0.044781234 0.0 0.006795339
0.0 0.0024831744 0.0 0.0045040185 0.04741913 0.0 0.0 0.019123593 0.06463996 0.018638888 0.03869323 0.044100966 0.018782951 0.043273266 0.0 0.028436074 0.0069101984 0.032394085 0.0 0.040199727 0.0 0.0 0.10872536 0.06955287 0.012770486 0.03421073 0.0011103217 0.0 0.0 0.012645079 0.0 0.039928675 0.005285941 0.0 0.011743137 0.019437168 0.0 0.002924425 0.015054883 0.011239333 0.0 0.0 0.0 0.02428263 0.009104004 0.10217444 0.0 0.0042553297 0.00092970824 0.0 0.04673625 0.030189898 0.01605512 0.04420303 0.02248043 0.0
0.015522171 0.0028975 0.0024922318 0.0 0.0 0.0 0.0220278 0.086515866 0.0 0.0 0.0 0.028799351 0.12148135 0.05295366 0.0 0.0 0.033767983 0.0 0.0070579606 0.0028267528 0.0 0.021497028 0.0 0.0 0.0 0.058928847 0.0 0.09456694 0.021199489 0.022596477 0.017120862 0.0 0.0 0.0 0.0 0.0 0.038195916 0.0 0.0 0.0 0.036395002 0.067670025 0.0 0.0 0.0 0.0 0.0014275131 0.0007164996 0.0 0.0 0.010670309 0.0 0.030168388 0.12161114 0.0 0.042301618
0.0 0.0 0.025759324 0.08211526 0.0 0.0 0.06003769 0.0 0.0 0.0 0.0 0.0 0.0 0.038654797 0.020482315 0.0004925392 0.0 0.0 0.0 0.0 0.0 0.0 0.0 0.0 0.0 0.0 0.0 0.02119949 0.20596096 0.0 0.0 0.0 0.0 0.07073432 0.02407417 0.01585925 0.018016418 0.0 0.06008725 0.0050179665 0.00781938 0.12275336 0.031626128 0.0 0.009341653 0.0 0.0 0.0 0.0 0.0 0.0 0.0 0.0 0.0 0.0024711094 0.069096655
0.018201254 0.0 0.0 0.0 0.0 0.0 0.023249058 0.0045701135 0.0 0.0 0.0 0.0 0.010431813 0.015672876 0.017159566 0.0 0.027602198 0.0 0.035601173 0.0 0.04288071 0.07295647 0.059401337 0.0 0.0 0.07920131 0.012645078 0.022596477 0.0 0.0 0.0 0.0 0.0 0.010254813 0.0017845687 0.006277198 0.0013810286 0.0 0.018323014 0.1143858 0.00052106375 0.05304702 0.025816925 0.011959012 0.0041127363 0.0 0.0 0.0 0.0 0.0 0.01686188 0.007541014 0.0 0.031248102 0.005848441 0.086870894
0.0042076344 0.0 0.008838043 0.0 0.05060536 0.029289408 0.0 0.09149022 0.0 0.0 0.0 0.0054095914 0.011601925 0.0027684537 0.024680866 0.0 0.0 0.0 0.0 0.0 0.0020243116 0.0 0.027046286 0.07734922 0.0070262337 0.04356758 0.0 0.017120864 0.0 0.0 0.0 0.0047976244 0.012889662 0.0 0.036485754 0.0 0.028691178 0.0021429276 0.015072813 0.0366863 0.0 0.0 0.0 0.0 0.0 0.025123537 0.0 0.010843358 0.02536547 0.0 0.10272709 0.02312043 0.03644492 0.016648846 0.028275538 0.0
0.04159228 0.117793195 0.028406678 0.0 0.027539816 0.0 0.0 0.027786508 0.007897579 0.0 0.0 0.0 0.0 0.0 0.010220498 0.0 0.0 0.002251464 0.0 0.0 0.035231847 0.0 0.022054972 0.041859675 0.0 0.009956306 0.039928675 0.0 0.0 0.0 0.0047976244 0.020569608 0.020692134 0.0 0.026616426 0.0005785322 0.018094206 0.014058828 0.0 0.009198046 0.0 0.0 0.0 0.007907689 0.006468355 0.015353904 0.12421677 0.02234646 0.041994892 0.0 0.0 0.03762537 0.007990705 0.0465017 0.05255106 0.013498894
0.0059453677 0.0 0.01617323 0.013479206 0.0 0.0 0.0 0.035619605 0.05348467 0.0 0.0 0.057444878 0.0223894 0.06909218 0.020054303 0.0005506826 0.0 0.0 0.0 0.021863535 0.0 0.06414846 0.0713464 0.08656918 0.0 0.12674083 0.005285941 0.0 0.0 0.0 0.012889661 0.020692136 0.0 0.0 0.0070675393 0.0 0.00015048838 0.0 0.0 0.0 0.0 0.0 0.003571409 0.0 0.01308529 0.0 0.0 0.0 0.0 0.046831638 0.058926385 0.026769776 0.0 0.06507308 0.017370867 0.0
0.015595919 0.006573767 0.0 0.09600974 0.0 0.030647894 0.04141783 0.0 0.007766028 0.0 0.0 0.0 0.0 0.0 0.0 0.0 0.0 0.0 0.12994869 0.0 0.025243854 0.06590755 0.0 0.0 0.06734347 0.0 0.0 0.0 0.07073432 0.010254812 0.0 0.0 0.0 0.0 0.04515721 0.0044515794 0.07116926 0.0 0.0023021097 0.0025619657 0.0 0.009197454 0.054965816 0.0 0.013846507 0.0 0.025569756 0.013228328 0.0 0.0 0.0 0.017571744 0.0 0.0 0.04097554 0.020838836
0.0 0.008635054 0.0 0.018656835 0.0 0.0 0.03689099 0.0 0.0036382289 0.052115962 0.042503927 0.038595967 0.0 0.026699511 0.005245934 0.06296537 0.070285365 0.016555125 0.047155228 0.08000025 0.010992491 0.016671643 0.0 0.0 0.013217516 0.001723123 0.011743136 0.0 0.024074173 0.0017845687 0.036485754 0.026616428 0.0070675397 0.045157205 0.061039865 0.0068688695 0.033188067 0.025135268 0.052336946 0.0 0.057339318 0.014461719 0.015055287 0.00708754 0.035425052 0.0 0.0 0.056164093 0.05347331 0.0 0.006139046 0.0 0.032062758 0.0 0.004070452 0.0643931
0.10721713 0.0 0.0 0.0 0.0 0.0 0.0 0.06307679 0.002619089 0.03432463 0.039933525 0.0 0.0014680489 0.046584375 0.010266459 0.047908414 0.0 0.024444185 0.0 0.014242603 0.023349686 0.0 0.0 0.066788025 0.003281017 0.033280995 0.019437168 0.0 0.01585925 0.006277198 0.0 0.0005785322 0.0 0.0044515794 0.0068688695 0.0 0.0561362 0.0 0.025814937 0.0 0.08690834 0.0 0.0 0.04615146 0.055040322 0.0 0.0 0.027626796 0.065875135 0.038748845 0.0 0.0036175947 0.0 0.030064397 0.058773536 0.03058667
0.044822723 0.0623653 0.0 0.008593667 0.0 0.0 0.124314494 0.04331859 0.018537624 0.04076385 0.019650701 0.032758884 0.030817725 0.0 0.014613567 0.0016649036 0.0 0.036513463 0.03344266 0.0012202418 0.007764076 0.0 0.0 0.0 0.09113586 0.0 0.0 0.038195916 0.01801642 0.0013810286 0.028691178 0.018094206 0.00015048838 0.07116925 0.033188067 0.0561362 0.07153771 0.019677237 0.0 0.0 0.09073404 0.023413604 0.0 0.0 0.0 0.027845344 0.0 0.0 0.0 0.0018297286 0.0 0.0 0.0 0.0 0.0 0.0
0.0 0.034017533 0.0 0.0 0.0 0.054422013 0.0 0.0 0.031747848 0.006556936 0.0 0.0 0.0 0.0 0.017386902 0.021012284 0.0 0.021996494 0.0 0.0 0.0 0.0 0.051040087 0.0 0.06789682 0.010629908 0.002924425 0.0 0.0 0.0 0.0021429276 0.014058828 0.0 0.0 0.02513527 0.0 0.019677237 0.12318551 0.0 0.037943233 0.0 0.0 0.0 0.047851734 0.0 0.040280093 0.04212901 0.0946967 0.03794552 0.0 0.0 0.06515877 0.0 0.03242131 0.06859467 0.0
0.07269718 0.014524666 0.009640028 0.0 0.0 0.020238409 0.0 0.08933312 0.0024857435 0.011427972 0.0 0.0 0.03195877 0.02833896 0.0 0.0 0.0 0.0 0.0 0.03644697 0.0 0.01241763 0.0 0.047060493 0.0 0.049454637 0.0150548825 0.0 0.06008725 0.018323014 0.015072813 0.0 0.0 0.0023021097 0.052336946 0.025814937 0.0 0.0 0.08053216 0.0050961487 0.0 0.018542396 0.013673131 0.04907307 0.0 0.0 0.0 0.0 0.0 0.082954094 0.0 0.031071585 0.019828757 0.070731826 0.0 0.084437855
0.0010656291 0.0 0.10260461 0.054424837 0.056746915 0.070454225 0.0 0.0 0.019061238 0.0029720545 0.016503103 0.0328365 0.0020044611 0.0028190038 0.014532356 0.0 0.038239107 0.0 0.0351196 0.08729811 0.011148253 0.04961083 0.0 0.02498403 0.0 0.0 0.011239333 0.0 0.0050179665 0.1143858 0.036686298 0.009198046 0.0 0.0025619655 0.0 0.0 0.0 0.037943233 0.0050961487 0.0 0.0 0.11468379 0.07106907 0.007301703 0.0 0.0 0.022503 0.0 0.030779492 0.0 0.0 0.0 0.09619659 0.0 0.0 0.0025189163
0.09512717 0.0057896907 0.0 0.0 0.0 0.0 0.010686319 0.106858544 0.0 0.074223064 0.0 0.0 0.10378126 0.020258594 0.0 0.0 0.0 0.0 0.0 0.0 0.0 0.0 0.0 0.06616842 0.0 0.021362618 0.0 0.036395002 0.00781938 0.0005210637 0.0 0.0 0.0 0.0 0.057339318 0.08690835 0.09073404 0.0 0.0 0.0 0.056067444 0.0 0.021680374 0.0047018775 0.0 0.016088933 0.018545406 0.0 0.0 0.0 0.0 0.0 0.0 0.0 0.012066931 0.08186801
0.025828682 0.033144362 0.024150986 0.092723176 0.0 0.022319175 0.0 0.0 0.0 0.0 0.0 0.0 0.0 0.0012064236 0.0 0.02098313 0.005428748 0.0 0.061551027 0.0 0.035201985 0.0038535008 0.0 0.0 0.030758757 0.0 0.0 0.06767003 0.12275336 0.05304702 0.0 0.0 0.0 0.009197454 0.014461719 0.0 0.023413604 0.0 0.018542396 0.114683785 0.0 0.0 0.03991712 0.034896657 0.02434025 0.0 0.09293999 0.0 0.0 0.0 0.0 0.0 0.0 0.0 0.017073192 0.09093154
0.016947478 0.04310471 0.024048023 0.041139096 0.0 0.06527212 0.0 0.003714006 0.0 0.0 0.0 0.004657869 0.06731822 0.026568402 0.0 0.0 0.0012712682 0.0 0.0 0.0 0.038391408 0.011411899 0.0 0.0 0.0069552255 0.051359702 0.0 0.0 0.031626128 0.025816925 0.0 0.0 0.003571409 0.054965816 0.015055287 0.0 0.0 0.0 0.01367313 0.07106907 0.021680374 0.03991712 0.0 0.09258916 0.0 0.0 0.039517652 0.0 0.048468575 0.0 0.0 0.0028641426 0.0 0.023531582 0.0 0.060061958
0.015333508 0.0 0.0064589116 0.0 0.06713473 0.0 0.0040721586 0.02522144 0.05094441 0.0 0.0 0.0 0.0 0.09975843 0.0 0.0 0.08207949 0.024632014 0.0 0.0 0.0 0.010201495 0.015179989 0.034978352 0.052079253 0.086190835 0.02428263 0.0 0.0 0.011959012 0.0 0.00790769 0.0 0.0 0.00708754 0.046151455 0.0 0.047851738 0.04907307 0.007301703 0.004701877 0.034896657 0.09258916 0.0 0.0 0.0 0.0 0.0 0.0 0.0 0.0 0.00615511 0.06782093 0.0 0.0 0.0
0.0 0.018357709 0.0 0.09696239 0.0 0.010417732 0.09446832 0.0 0.0 0.048863668 0.099974416 0.055644125 0.0058496622 0.015051928 0.0 0.0008428999 0.041098587 0.076240726 0.0 0.049006388 0.0 0.0 0.0 0.0 0.003672026 0.0 0.009104004 0.0 0.009341654 0.0041127363 0.0 0.006468355 0.01308529 0.013846507 0.035425052 0.055040326 0.0 0.0 0.0 0.0 0.0 0.024340248 0.0 0.0 0.0 0.021218704 0.0020126163 0.03161063 0.0 0.05566682 0.006482103 0.0 0.018258775 0.00415519 0.0 0.0
0.027420813 0.11343076 0.0 0.018851286 0.01463417 0.019590288 0.0 0.0 0.0075168293 0.0020116207 0.0 0.0 0.0 0.0 0.06299467 0.028120313 0.0 0.039954722 0.0 0.0726086 0.038584385 0.0 0.079583526 0.0 0.024439618 0.0 0.10217443 0.0 0.0 0.0 0.025123535 0.015353905 0.0 0.0 0.0 0.0 0.027845344 0.04028009 0.0 0.0 0.016088935 0.0 0.0 0.0 0.021218704 0.0 0.0 0.044891205 0.044784926 0.0 0.0 0.0 0.0 0.0 0.03247885 0.0
0.0 0.085891 0.0 0.06344996 0.06319585 0.03140387 0.0 0.0 0.011102703 0.0 0.0 0.0 0.0 0.0 0.119774416 0.027964287 0.0 0.0 0.07220203 0.0 0.0 0.0 0.0 0.0026492726 0.0 0.0 0.0 0.0014275131 0.0 0.0 0.0 0.124216765 0.0 0.025569756 0.0 0.0 0.0 0.04212901 0.0 0.022503 0.018545406 0.09293999 0.039517652 0.0 0.0020126163 0.0 0.0 0.0 0.003829824 0.0 0.0 0.07491708 0.0 0.0 0.0 0.0
0.0 0.008231524 0.0046721715 0.0 0.0 0.0 0.0 0.050390594 0.03078834 0.030779706 0.058402214 0.0 0.08563189 0.017699048 0.036212873 0.004226164 0.04082176 0.010621133 0.0 0.021579687 0.0 0.0 0.0 0.088672 0.0 0.020478804 0.0042553297 0.0007164996 0.0 0.0 0.010843357 0.02234646 0.0 0.013228328 0.056164093 0.027626794 0.0 0.0946967 0.0 0.0 0.0 0.0 0.0 0.0 0.03161063 0.044891205 0.0 0.0 0.017408464 0.03675641 0.002901742 0.0 0.0 0.12627386 0.0061576753 0.0025922959
0.029688312 0.060969286 0.0 0.0 0.071397096 0.0 0.0 0.002607148 0.058850467 0.0 0.0 0.0 0.019217137 0.0 0.040647727 0.0 0.0 0.0 0.014437409 0.0 0.026711 0.0 0.01619197 0.09936952 0.0 0.0 0.00092970824 0.0 0.0 0.0 0.02536547 0.04199489 0.0 0.0 0.05347331 0.065875135 0.0 0.03794552 0.0 0.03077949 0.0 0.0 0.048468575 0.0 0.0 0.044784926 0.003829824 0.017408464 0.0 0.0 0.0 0.120157726 0.0 0.0 0.0 0.005027929
0.05351959 0.002112747 0.027786687 0.04960103 0.0 0.0 0.0 0.0 0.07422144 0.009003437 0.10413553 0.11816867 0.036209147 0.0 0.0 0.024798887 0.0 0.022144707 0.04563158 0.03486282 0.0 0.040769327 0.0 0.0 0.0 0.003793794 0.0 0.0 0.0 0.0 0.0 0.0 0.046831638 0.0 0.0 0.03874885 0.0018297287 0.0 0.082954094 0.0 0.0 0.0 0.0 0.0 0.05566682 0.0 0.0 0.03675641 0.0 0.0 0.0 0.000976206 0.021606602 0.0 0.0 0.0
0.0 0.062542856 0.0023481648 0.0 0.0 0.011140266 0.0 0.0 0.07854339 0.0 0.09233798 0.0049145618 0.00062839256 0.037658077 0.0 0.036938153 0.021132316 0.0074125007 0.0 0.105597965 0.0 0.0060611707 0.009291236 0.03680265 0.0 0.0 0.04673625 0.010670308 0.0 0.01686188 0.10272709 0.0 0.058926385 0.0 0.006139046 0.0 0.0 0.0 0.0 0.0 0.0 0.0 0.0 0.0 0.0064821034 0.0 0.0 0.002901742 0.0 0.0 0.105839446 0.0 0.11524349 0.082687624 0.0 0.0
0.00024075543 0.0 0.09421053 0.005483003 0.0024841172 0.016527671 0.13059855 0.0 0.0027523506 0.0 0.0 0.025411526 0.0 0.03429148 0.0 0.0 0.055709552 0.060691733 0.010212164 0.012635805 0.018110583 0.0 0.0 0.0 0.096012466 0.0 0.030189898 0.0 0.0 0.0075410143 0.023120431 0.03762537 0.026769776 0.017571744 0.0 0.0036175945 0.0 0.06515877 0.031071581 0.0 0.0 0.0 0.0028641424 0.00615511 0.0 0.0 0.07491707 0.0 0.12015773 0.0009762059 0.0 0.0 0.06600843 0.0 0.00080637465 0.008984546
0.0 0.0 0.0 0.0 0.0 0.0 0.0 0.0 0.0 0.0 0.0 0.0 0.005282793 0.0 0.003654604 0.0 0.0 0.010776281 0.0013663486 0.0014377002 0.020986589 0.0 0.10007277 0.004331428 0.0 0.1030686 0.01605512 0.03016839 0.0 0.0 0.03644492 0.007990705 0.0 0.0 0.032062754 0.0 0.0 0.0 0.019828757 0.09619659 0.0 0.0 0.0 0.06782092 0.018258775 0.0 0.0 0.0 0.0 0.021606604 0.11524349 0.06600843 0.0 0.0 0.097614296 0.0
0.008425762 0.0 0.007892338 0.03252117 0.04262059 0.053036068 0.0 0.0 0.017934777 0.0 0.029942466 0.0 0.0 0.0016773412 0.0 0.0 0.0 0.007688404 0.0 0.0 0.016971122 0.0013314419 0.063056245 0.0045272596 0.0 0.04478123 0.04420303 0.12161113 0.0 0.031248104 0.016648844 0.0465017 0.06507308 0.0 0.0 0.030064397 0.0 0.032421313 0.070731826 0.0 0.0 0.0 0.023531582 0.0 0.0041551897 0.0 0.0 0.12627386 0.0 0.0 0.082687624 0.0 0.0 0.0 0.0 0.0
0.0 0.015484853 0.0061650393 0.0 0.08480314 0.0080655515 0.0 0.045406144 0.077421635 0.06694515 0.12968375 0.07138472 0.019622503 0.0 0.0 0.0 0.046693556 0.073491134 0.0035293149 0.0 0.0 0.0 0.0 0.07019926 0.0 0.0 0.02248043 0.0 0.0024711094 0.0058484403 0.028275538 0.052551065 0.017370867 0.04097554 0.0040704524 0.05877354 0.0 0.06859467 0.0 0.0 0.012066931 0.01707319 0.0 0.0 0.0 0.032478854 0.0 0.0061576753 0.0 0.0 0.0 0.00080637465 0.097614296 0.0 0.0 0.0
0.0 0.0 0.0 0.10967528 0.0 0.0 0.122515604 0.0 0.0 0.0 0.0 0.024963738 0.0 0.001338147 0.0 0.0 0.006642263 0.0 0.025026375 0.0 0.0 0.03614609 0.0 0.0 0.0 0.0067953384 0.0 0.042301618 0.069096655 0.08687089 0.0 0.013498894 0.0 0.020838838 0.0643931 0.030586667 0.0 0.0 0.08443785 0.0025189163 0.08186801 0.09093155 0.060061958 0.0 0.0 0.0 0.0 0.0025922959 0.0050279284 0.0 0.0 0.008984546 0.0 0.0 0.0 0.0
