0.0 0.09942174 0.037115373 0.0117153255 0.0 0.0 0.0 0.13890134 0.0 0.0062823426 0.07576787 0.0 0.07232415 0.0 0.016638044 0.0 0.0 0.014853583 0.0 0.0 0.0 0.0 0.009296701 0.04084824 0.0 0.019149961 0.0 0.00017172673 0.0 0.0 0.0 0.0 0.0 0.018272175 0.03157108 0.051728476 0.0 0.0 0.0 0.028423773 0.08230472 0.0 0.0 0.0 0.101361655 0.021775816 0.0 0.057759527 0.0 0.0 0.034577254 0.08819725 0.0 0.0 0.06014186 0.0
0.09942174 0.0 0.00492766 0.0 0.0 0.0 0.035993863 0.09937837 0.0 0.0 0.0138388835 0.0032376389 0.0 0.019811893 0.0 0.0 0.004702847 0.01601763 0.034448255 0.0 0.013800221 0.0 0.047441065 0.025388783 0.0017525625 0.08103791 0.014137938 0.015255294 0.023469545 0.0 0.0 0.0 0.023820013 0.054756906 0.0 0.0 0.0 0.0 0.0 0.012420655 0.0 0.0 0.023053825 0.010142852 0.076207824 0.0 0.002600799 0.08790276 0.0 0.0 0.0 0.002760638 0.0 0.03045735 0.0 0.0
0.037115373 0.0049276603 0.0 0.0 0.0 0.0 0.0026591886 0.021566322 0.0 0.004958613 0.0 0.0 0.010350784 0.0430634 0.0 0.0 0.02119563 0.0 0.0 0.008363651 0.017898137 0.0 0.023536194 0.02188004 0.0 0.02922635 0.021959148 0.042716905 0.023225771 0.0035378193 0.0 0.0 0.0 0.038509812 0.021595117 0.0 0.024146525 0.0471135 0.0 0.040004116 0.002522075 0.0 0.0 0.036236558 0.10969853 0.0 0.008704338 0.02385779 0.0 0.021224467 0.0 0.0 0.010115513 0.018827617 0.016470902 0.17279062
0.0117153255 0.0 0.0 0.0 0.0 0.0 0.038049895 0.007960245 0.0 0.0 0.0 0.035302162 0.0 0.0 0.0 0.0 0.060548585 0.018201107 0.0140204895 0.013422795 0.08165156 0.0 0.021442026 0.0 0.039468635 0.062025197 0.07484811 0.024456494 0.044727467 0.0 0.0880278 0.0 0.02752345 0.0 0.0 0.0 0.02798317 0.0 0.16590963 0.0 0.0048650405 0.0 0.0 0.07782673 0.0 0.0 0.0 0.0 0.0 0.0 0.0 0.0 0.01774967 0.0 0.0 0.0
0.0 0.0 0.0 0.0 0.0 0.0 0.03006785 0.0055968557 0.0 0.0 0.0 0.0 0.0 0.12642351 0.0 0.06300493 0.032859966 0.0 0.0 0.0 0.0 0.0 0.11127485 0.0069896593 0.0 0.08682186 0.10113088 0.023748374 0.020694127 0.0 0.02803709 0.0 0.0 0.0 0.0 0.0 0.015022936 0.0 0.014681402 0.0028980097 0.11310536 0.0 0.0 0.026839001 0.0 0.029128281 0.0 0.02304705 0.0 0.0 0.024736831 0.0 0.0 0.05600397 0.05447713 0.0
0.0 0.0 0.0 0.0 0.0 0.0187363 0.020667378 0.0 0.0 0.0 0.0 0.011362161 0.010926048 0.09077555 0.0 0.08093263 0.02775745 0.0 0.0 0.0004711637 0.032824297 0.0 0.020168832 0.0037435924 0.070077166 0.04427602 0.1426202 0.05633805 0.0 0.03601212 0.0 0.0 0.02607651 0.0 0.0 0.0 0.012707425 0.0061397767 0.008395142 0.0 0.0 0.05675021 0.0 0.053704258 0.0 0.018736009 0.0 0.047384284 0.021217406 0.015944296 0.0 0.0 0.0 0.0 0.0 0.0
0.0 0.035993863 0.0026591884 0.038049895 0.03006785 0.020667376 0.09513791 0.006496766 0.07895757 0.008291235 0.07432253 0.0 0.0 0.0 0.0 0.05334124 0.01316212 0.022762312 0.06808021 0.020759832 0.033356097 0.0 0.0 0.020930696 0.02606432 0.0 0.0 0.0 0.0 0.0 0.011670448 0.08986731 0.0 0.0 0.0 0.07947549 0.0 0.14353475 0.0 0.0 0.0 0.013074999 0.0 0.0 0.0 0.014879835 0.11640129 0.0 0.0043442827 0.0 0.0 0.0 0.0 0.0 0.0 0.0
0.13890132 0.09937836 0.021566322 0.007960246 0.0055968557 0.0 0.0064967657 0.033510186 0.007515068 0.025892457 0.07024182 0.00527275 0.07150833 0.0 0.0 0.0 0.0 0.015451068 0.040415596 0.0 0.0 0.0 0.0 0.0 0.016717084 0.000493561 0.0 0.0 0.0026618529 0.036775533 0.0 0.0022641735 0.01516659 0.0 0.0 0.070108525 0.0 0.0 0.0 0.0 0.03451805 0.0 0.030770194 0.0 0.04181152 0.0 0.049268372 0.06377345 0.0026261567 0.024544114 0.0052455007 0.1103931 0.0059495377 0.0 0.02971961 0.0
0.0 0.0 0.0 0.0 0.0 0.0 0.07895757 0.007515068 0.053202815 0.079263955 0.02442619 0.008518703 0.0 0.053385198 0.0 0.09958936 0.0 0.050798703 0.0 0.0 0.0 0.0 0.046267025 0.021044612 0.0 0.04082883 0.044014078 0.029020773 0.10687047 0.0 0.041223522 0.0130900005 0.0 0.0 0.0 0.0 0.037090875 0.0 0.03382677 0.0 0.0 0.0 0.0 0.06758646 0.0 0.018356418 0.0 0.08528663 0.0 0.0 0.0 0.0 0.006994815 0.0 0.0 0.0
0.006282343 0.0 0.0049586133 0.0 0.0 0.0 0.008291234 0.025892455 0.079263955 0.0 0.0 0.035477176 0.029909577 0.0 0.0052984697 0.002138342 0.0 0.00852879 0.0 0.0 0.038900007 0.024024868 0.0 0.0 0.04304104 0.02556049 0.0 0.0 0.0 0.012617907 0.0 0.0010497767 0.031909123 0.13829306 0.0 0.0 0.0 0.0 0.0016107528 0.027912313 0.037638355 0.026698079 0.0114848465 0.0 0.022120018 0.0 0.115444414 0.0 0.07006326 0.053521384 0.0 0.012395718 0.01793092 0.010089375 0.038890883 0.006544098
0.07576786 0.0138388835 0.0 0.0 0.0 0.0 0.07432252 0.07024182 0.02442619 0.0 0.0 0.0 0.0 0.0 0.0 0.011426687 0.0 0.056464832 0.0 0.0 0.0 0.0 0.0 0.11857138 0.0 0.0 0.0 0.026749492 0.116916694 0.019213106 0.0 0.0 0.0 0.015908735 0.0 0.033457093 0.106269635 0.0 0.0 0.0 0.031085748 0.049429327 0.01733299 0.0 0.0025394629 0.032234803 0.033472117 0.026782483 0.0 0.0 0.0 0.0 0.0 0.03915014 0.0 0.0
0.0 0.0032376386 0.0 0.035302162 0.0 0.011362161 0.0 0.0052727493 0.008518703 0.035477176 0.0 0.0 0.03564602 0.058899045 0.0 0.0 0.018515429 0.0 0.0 0.023678007 0.0 0.026190378 0.03283425 0.035878256 0.0 0.05736332 0.006214254 0.04344087 0.07369808 0.0 0.0 0.0 0.020174073 0.0 0.052051265 0.0 0.06322398 0.0 0.0 0.082307465 0.013597284 0.0 0.0 0.043248173 0.0 0.0064849327 0.0 0.0 0.0 0.05648804 0.0 0.0 0.0 0.052969977 0.066028886 0.028233314
0.07232416 0.0 0.010350784 0.0 0.0 0.010926047 0.0 0.07150833 0.0 0.02990958 0.0 0.03564602 0.05833832 0.0 0.04143255 0.0 0.03011727 0.020229744 0.0 0.029309401 0.0 0.04168663 0.03046129 0.035156924 0.003420591 0.03280411 0.0 0.05712861 0.0 0.0014046456 0.0 0.0 0.0030010084 0.0 0.0 0.0 0.0073336447 0.0 0.02976751 0.013204731 0.049551338 0.0 0.0 0.035245858 0.022372376 0.0 0.0 0.0 0.0 0.010980777 0.07377334 0.1116759 0.0018759767 0.0 0.062170956 0.0
0.0 0.019811895 0.0430634 0.0 0.12642351 0.09077555 0.0 0.0 0.053385194 0.0 0.0 0.05889904 0.0 0.0 0.0061713327 0.0 0.0015445047 0.0075639663 0.055982947 0.016585523 0.06346636 0.009482059 0.0 0.0 0.0 0.023485588 0.0046659154 0.0 0.0 0.14989285 0.0 0.0062877066 0.049170077 0.0 0.015051779 0.018967373 0.0 0.0028466193 0.011368154 0.0 0.0 0.0 0.026034927 0.0011010153 0.03452743 0.05194497 0.0032750624 0.0 0.0 0.0468327 0.0 0.11326133 0.0216283 0.00039789453 0.0 0.0
0.016638044 0.0 0.0 0.0 0.0 0.0 0.0 0.0 0.0 0.005298469 0.0 0.0 0.04143255 0.006171332 0.057830572 0.061735794 0.0 0.0 0.0 0.0 0.0 0.0 0.04568436 0.0 0.0 0.046952486 0.1634636 0.045446597 0.0 0.0 0.0394014 0.013019791 0.0 0.012430372 0.0 0.0 0.0036180478 0.0 0.0 0.0 0.0 0.0 0.0 0.0 0.09607911 0.0 0.0 0.011451104 0.06403629 0.0 0.009340649 0.0 0.0 0.022643374 0.0 0.0
0.0 0.0 0.0 0.0 0.06300493 0.08093264 0.053341236 0.0 0.09958937 0.0021383418 0.011426687 0.0 0.0 0.0 0.061735794 0.0 0.0 0.049442295 0.059750576 0.030892298 0.051483136 0.0035233386 0.03963174 0.108144976 0.0 0.0068564983 0.015367515 0.0 0.0 0.0 0.0 0.06342958 0.0 0.012724242 0.0 0.0 0.0 0.012719785 0.0 0.0 0.0 0.0 0.016154006 0.0 0.009227717 0.024259526 0.0 0.0 0.0 0.0 0.0 0.03938107 0.007669817 0.0 0.0 0.0
0.0 0.004702847 0.021195628 0.060548585 0.032859966 0.02775745 0.01316212 0.0 0.0 0.0 0.0 0.018515429 0.03011727 0.0015445047 0.0 0.0 0.104831725 0.009708233 0.0 0.053618893 0.034674134 0.037121374 0.0028433304 0.0 0.16836278 0.0 0.0 0.0 0.0 0.0 0.0 0.029897915 0.0 0.0 0.008343553 0.0 0.0 0.092518784 0.0042603905 0.0 0.0 0.0 0.0 0.0 0.0030669717 0.020288618 0.09581349 0.0 0.025073376 0.0047377376 0.024603296 0.0017914007 0.027789492 0.0 0.0 0.0
0.014853584 0.016017633 0.0 0.018201105 0.0 0.0 0.022762312 0.015451068 0.050798703 0.00852879 0.05646483 0.0 0.020229744 0.007563967 0.0 0.04944229 0.009708233 0.14676677 0.0 0.0 0.0 0.0 0.043164294 0.0021063935 0.0 0.0042604674 0.011957227 0.0 0.0 0.0066055455 0.08043999 0.016388608 0.0 0.0 0.0 0.0 0.014514348 0.02053843 0.0 0.0 0.0 0.0 0.0 0.0 0.0 0.040527843 0.0 0.06390992 0.022549344 0.0 0.10708562 0.0008172133 0.0 0.0 0.0365894 0.0
0.0 0.034448255 0.0 0.0140204895 0.0 0.0 0.06808022 0.0404156 0.0 0.0 0.0 0.0 0.0 0.055982947 0.0 0.059750576 0.0 0.0 0.031631257 0.0 0.01385718 0.0 0.11826784 0.029279135 0.0 0.0 0.018150045 0.0 0.0 0.02832469 0.0 0.0 0.0 0.054266717 0.0 0.025322406 0.00675681 0.0 0.0 0.0 0.0 0.0 0.026098456 0.0 0.0 0.0 0.041140486 0.0 0.0 0.0 0.0 0.0 0.0 0.051273454 0.0 0.062676884
0.0 0.0 0.00836365 0.013422795 0.0 0.00047116366 0.020759834 0.0 0.0 0.0 0.0 0.023678005 0.029309401 0.016585523 0.0 0.0308923 0.053618893 0.0 0.0 0.008001399 0.0 0.0 0.0 0.0 0.0 0.0 0.16065368 0.04597408 0.0 0.0028411122 0.016962867 0.0 0.016650395 0.0 0.0 0.0 0.04227684 0.0 0.0 0.040785655 0.016396862 0.029715024 0.048043538 0.070888445 0.0 0.014606295 0.0 0.060120564 0.029045872 0.012390706 0.0 0.0 0.020359129 0.031227581 0.035520237 0.0
0.0 0.0138002215 0.017898137 0.08165156 0.0 0.0328243 0.033356093 0.0 0.0 0.038900007 0.0 0.0 0.0 0.06346636 0.0 0.051483136 0.034674134 0.0 0.01385718 0.0 0.0 0.0 0.03635412 0.0 0.0 0.011638159 0.06392662 0.016017558 0.0 0.0 0.0 0.0 0.0 0.0 0.04661993 0.0 0.078276604 0.0 0.035168413 0.034969445 0.0061351024 0.09978457 0.027710212 0.016104355 0.0 0.07596712 0.0052180695 0.006542617 0.0 0.0 0.0 0.0 0.0 0.020497752 0.0 0.0
0.0 0.0 0.0 0.0 0.0 0.0 0.0 0.0 0.0 0.024024868 0.0 0.026190378 0.041686628 0.009482058 0.0 0.0035233386 0.037121374 0.0 0.0 0.0 0.0 0.20743056 0.0 0.048081342 0.14346342 0.0 0.0 0.0 0.0 0.0 0.0 0.0 0.0 0.0 0.11196155 0.012508104 0.0 0.019060899 0.0 0.07280088 0.0 0.0 0.0 0.0 0.0 0.0 0.025716228 0.0 0.0 0.05519176 0.0 0.0 0.015592023 0.0 0.0 0.0
0.009296701 0.047441065 0.023536196 0.021442026 0.11127485 0.020168832 0.0 0.0 0.046267025 0.0 0.0 0.03283425 0.03046129 0.0 0.045684364 0.03963174 0.0028433301 0.043164298 0.11826785 0.0 0.03635412 0.0 0.0 0.007423386 0.010394442 0.0 0.0 0.0147606945 0.03856152 0.049973566 0.03262684 0.0060467105 0.023007147 0.0 0.0 0.019648544 0.0 0.0 0.020876521 0.01615224 0.05768627 0.045647904 0.06922256 0.004119364 0.0 0.05129424 0.0 0.0 0.010787888 0.001498903 0.0 0.0 0.12124094 0.08108587 0.0 0.0
0.04084824 0.025388783 0.02188004 0.0 0.006989659 0.0037435922 0.020930694 0.0 0.021044614 0.0 0.11857138 0.035878256 0.035156924 0.0 0.0 0.10814497 0.0 0.0021063935 0.029279135 0.0 0.0 0.048081342 0.007423386 0.0 0.0 0.0125062 0.009911383 0.0 0.008282141 0.0 0.008553777 0.0 0.06922102 0.032460883 0.0 0.015646989 0.0 0.0 0.0 0.0 0.061143927 0.0029228798 0.00075355027 0.021390874 0.0 0.005820674 0.007121022 0.08901261 0.05044856 0.0013798702 0.06801294 0.0 0.0 0.0 0.077542126 0.0
0.0 0.0017525625 0.0 0.039468635 0.0 0.070077166 0.026064321 0.016717084 0.0 0.04304104 0.0 0.0 0.003420591 0.0 0.0 0.0 0.16836278 0.0 0.0 0.0 0.0 0.14346342 0.010394442 0.0 0.0 0.0 0.02530811 0.0 0.0 0.0 0.060849685 0.0 0.00632505 0.0062485705 0.09154921 0.015744561 0.06743139 0.09439165 0.041274197 0.014251464 0.0 0.0 0.0 0.029020358 0.0 0.01436243 0.0 0.0062948014 0.0 0.0 0.0 0.01309466 0.018944614 0.0 0.008090031 0.0
0.019149961 0.0810379 0.029226348 0.062025197 0.08682186 0.04427602 0.0 0.000493561 0.04082883 0.02556049 0.0 0.057363324 0.032804113 0.023485588 0.046952486 0.006856498 0.0 0.0042604674 0.0 0.0 0.011638158 0.0 0.0 0.0125062 0.0 0.15233377 0.0 0.027771262 0.0 0.008000539 0.0031446381 0.04435924 0.029086316 0.0 0.0 0.012226348 0.0 0.009710504 0.010451235 0.0 0.0 0.0 0.0 0.0 0.0 0.0 0.0 0.002045543 0.046891205 0.0 0.05697028 0.0226675 0.0 0.017257856 0.025769178 0.0
0.0 0.014137937 0.021959148 0.07484811 0.10113088 0.1426202 0.0 0.0 0.044014078 0.0 0.0 0.006214254 0.0 0.0046659154 0.16346359 0.015367516 0.0 0.011957226 0.018150043 0.16065368 0.06392663 0.0 0.0 0.009911383 0.025308112 0.0 0.019428018 0.037858143 0.0 0.029968698 0.12666169 0.011706313 0.017098682 0.0 0.006135052 0.0017186443 0.015333175 0.0 0.016048245 0.00056823937 0.005611747 0.0 0.0 0.0 0.0 0.00877786 0.017389538 0.0 0.03845157 0.0 0.008814994 0.00446628 0.0 0.0 0.0 0.0
0.00017172673 0.015255293 0.042716905 0.024456494 0.023748374 0.05633805 0.0 0.0 0.029020775 0.0 0.026749492 0.04344087 0.05712861 0.0 0.0454466 0.0 0.0 0.0 0.0 0.045974076 0.016017556 0.0 0.0147606945 0.0 0.0 0.027771262 0.03785814 0.12594505 0.0 0.017593898 0.0 0.0 0.066917814 0.0 0.0 0.0 0.0 0.0 0.017776335 0.017114282 0.0 0.0 0.0 0.013529316 0.0 0.0 0.0 0.0022815692 0.0 0.070459895 0.05961018 0.032437507 0.007971576 0.0 0.022966253 0.0
0.0 0.023469545 0.023225771 0.044727463 0.020694127 0.0 0.0 0.0026618529 0.10687048 0.0 0.1169167 0.07369807 0.0 0.0 0.0 0.0 0.0 0.0 0.0 0.0 0.0 0.0 0.03856152 0.008282141 0.0 0.0 0.0 0.0 0.0 0.0 0.0 0.0748822 0.031874683 0.011217341 0.005445779 0.075434774 0.0 0.10614257 0.0 0.0068942676 0.0 0.0 0.0 0.0 0.036204338 0.0 0.022133952 0.0 0.06346644 0.0 0.02498825 0.020121567 0.0 0.0 0.0 0.0069197346
0.0 0.0 0.0035378193 0.0 0.0 0.036012117 0.0 0.036775537 0.0 0.012617907 0.019213106 0.0 0.0014046456 0.14989285 0.0 0.0 0.0 0.0066055455 0.02832469 0.0028411124 0.0 0.0 0.049973562 0.0 0.0 0.008000539 0.029968698 0.017593898 0.0 0.014866767 0.0 0.0 0.0 0.0 0.12320039 0.0 0.05634299 0.0 0.01095728 0.051797044 0.0 0.0 0.0 0.0 0.0 0.0 0.0 0.0 0.0 0.0 0.0 0.0 0.0027050707 0.034472916 0.042005733 0.0849866
0.0 0.0 0.0 0.0880278 0.02803709 0.0 0.011670448 0.0 0.041223522 0.0 0.0 0.0 0.0 0.0 0.0394014 0.0 0.0 0.08043999 0.0 0.016962865 0.0 0.0 0.032626837 0.008553777 0.060849685 0.0031446381 0.12666169 0.0 0.0 0.0 0.051220924 0.021520525 0.0 0.0 0.0 0.0 0.016874533 0.0150644155 0.025776746 0.0 0.0 0.0 0.0 0.0049191993 0.0 0.13681151 0.0 0.045646403 0.0 0.0 0.012479623 0.003593526 0.0860125 0.0 0.0041441363 0.0
0.0 0.0 0.0 0.0 0.0 0.0 0.08986731 0.0022641735 0.0130900005 0.0010497768 0.0 0.0 0.0 0.0062877066 0.01301979 0.06342958 0.029897915 0.016388606 0.0 0.0 0.0 0.0 0.0060467105 0.0 0.0 0.044359237 0.011706313 0.0 0.0748822 0.0 0.021520525 0.0 0.0 0.012252644 0.0 0.0 0.0074120825 0.0 0.010581539 0.0 0.007953098 0.17999099 0.0 0.06547269 0.0 0.0 0.029464064 0.0 0.023783047 0.0 0.0 0.0 0.05723548 0.10191743 0.0 0.0
0.0 0.023820015 0.0 0.027523449 0.0 0.02607651 0.0 0.01516659 0.0 0.031909123 0.0 0.020174073 0.0030010086 0.049170073 0.0 0.0 0.0 0.0 0.0 0.016650395 0.0 0.0 0.023007147 0.06922103 0.00632505 0.029086316 0.017098682 0.06691782 0.031874683 0.0 0.0 0.0 0.0326779 0.0 0.042125713 0.0 0.10693934 0.010560579 0.08219165 0.080197476 0.0 0.0 0.023613209 0.025743583 0.02747519 0.029072423 0.0 0.04595352 0.0 0.027862705 0.008907197 0.0 0.009717951 0.07294731 0.045544323 0.010914849
0.018272175 0.054756906 0.038509816 0.0 0.0 0.0 0.0 0.0 0.0 0.13829306 0.015908735 0.0 0.0 0.0 0.012430371 0.012724242 0.0 0.0 0.054266717 0.0 0.0 0.0 0.0 0.032460883 0.0062485705 0.0 0.0 0.0 0.011217341 0.0 0.0 0.012252645 0.0 0.13182358 0.07714332 0.06180749 0.0 0.0014998424 0.0 0.0 0.0 0.0035194769 0.0 0.0 0.0 0.0 0.08084032 0.0 0.02696379 0.0 0.0 0.031803824 0.0 0.0 0.0 0.06846466
0.03157108 0.0 0.021595117 0.0 0.0 0.0 0.0 0.0 0.0 0.0 0.0 0.05205126 0.0 0.015051778 0.0 0.0 0.008343552 0.0 0.0 0.0 0.04661993 0.11196156 0.0 0.0 0.09154921 0.0 0.0061350516 0.0 0.0054457793 0.12320039 0.0 0.0 0.04212571 0.07714331 0.0 0.0 0.0 0.024391027 0.0 0.0 0.061529562 0.012343969 0.030019397 0.0 0.0 0.0 0.09593692 0.017430289 0.08427225 0.06997047 0.0 0.0 0.08685352 0.0 0.0014207289 0.0445261
0.051728476 0.0 0.0 0.0 0.0 0.0 0.079475485 0.070108525 0.0 0.0 0.033457093 0.0 0.0 0.018967373 0.0 0.0 0.0 0.0 0.025322407 0.0 0.0 0.012508104 0.019648544 0.015646987 0.015744561 0.012226348 0.0017186443 0.0 0.075434774 0.0 0.0 0.0 0.0 0.061807495 0.0 0.0 0.06952942 0.00064792985 0.0 0.024367493 0.07148838 0.10077062 0.0 0.034853812 0.0 0.0 0.016130138 0.05474007 0.0 0.0 0.0 0.04058262 0.015327484 0.03268948 0.0 0.019474288
0.0 0.0 0.024146525 0.02798317 0.015022936 0.012707425 0.0 0.0 0.037090875 0.0 0.106269635 0.06322398 0.0073336447 0.0 0.003618048 0.0 0.0 0.0145143485 0.0067568095 0.04227684 0.078276604 0.0 0.0 0.0 0.06743139 0.0 0.015333175 0.0 0.0 0.056342993 0.016874535 0.0074120825 0.106939346 0.0 0.0 0.06952942 0.0 0.0 0.05165248 0.0 0.0127489045 0.0 0.028107075 0.013528791 0.0 0.0 0.0 0.054731376 0.13279383 0.0 0.014068493 0.0 0.012166165 0.0 0.03333997 0.0
0.0 0.0 0.0471135 0.0 0.0 0.006139777 0.14353475 0.0 0.0 0.0 0.0 0.0 0.0 0.002846619 0.0 0.012719785 0.092518784 0.02053843 0.0 0.0 0.0 0.019060899 0.0 0.0 0.094391644 0.009710504 0.0 0.0 0.10614258 0.0 0.0150644155 0.0 0.010560579 0.0014998424 0.024391027 0.00064792985 0.0 0.0 0.021967974 0.0 0.017852198 0.0840269 0.0 0.12320561 0.0 0.016898362 0.0007861036 0.025954537 0.059704255 0.0 0.0 0.0 0.030683622 0.029571775 0.0 0.0
0.0 0.0 0.0 0.16590963 0.014681403 0.008395142 0.0 0.0 0.03382677 0.0016107527 0.0 0.0 0.029767513 0.011368154 0.0 0.0 0.0042603905 0.0 0.0 0.0 0.035168413 0.0 0.020876521 0.0 0.0412742 0.010451235 0.016048245 0.017776335 0.0 0.01095728 0.025776748 0.010581539 0.082191646 0.0 0.0 0.0 0.05165248 0.021967974 0.113404095 0.04476184 0.0 0.0 0.014446387 0.0 0.0 0.012488385 0.0 0.0 0.0 0.0 0.038525056 0.0 0.042084843 0.0 0.014706455 0.0
0.028423771 0.012420656 0.040004116 0.0 0.0028980097 0.0 0.0 0.0 0.0 0.027912313 0.0 0.082307465 0.013204731 0.0 0.0 0.0 0.0 0.0 0.0 0.04078566 0.03496944 0.07280088 0.01615224 0.0 0.014251465 0.0 0.0005682394 0.017114284 0.0068942676 0.051797044 0.0 0.0 0.08019748 0.0 0.0 0.02436749 0.0 0.0 0.044761844 0.052392077 0.006485667 0.0 0.16257028 0.0 0.0 0.0 0.0 0.0 0.044258434 0.12229569 0.015298157 0.022631621 0.08089249 0.042182 0.01839399 0.015383638
0.08230472 0.0 0.002522075 0.0048650405 0.11310535 0.0 0.0 0.034518044 0.0 0.037638355 0.031085748 0.013597284 0.049551338 0.0 0.0 0.0 0.0 0.0 0.0 0.016396862 0.0061351024 0.0 0.057686273 0.061143927 0.0 0.0 0.005611747 0.0 0.0 0.0 0.0 0.007953098 0.0 0.0 0.061529562 0.07148838 0.0127489045 0.017852198 0.0 0.0064856675 0.0 0.0 0.011882193 0.0 0.0 0.010716227 0.00076225685 0.0 0.0 0.0 0.10843725 0.15805292 0.0 0.0 0.026818193 0.0
0.0 0.0 0.0 0.0 0.0 0.05675021 0.013074999 0.0 0.0 0.026698079 0.049429327 0.0 0.0 0.0 0.0 0.0 0.0 0.0 0.0 0.029715024 0.09978457 0.0 0.045647904 0.0029228798 0.0 0.0 0.0 0.0 0.0 0.0 0.0 0.179991 0.0 0.0035194769 0.012343969 0.10077063 0.0 0.0840269 0.0 0.0 0.0 0.0 0.0 0.0 0.0 0.0 0.034389112 0.0 0.094926715 0.0 0.0119759515 0.023575451 0.0 0.0 0.020895947 0.0
0.0 0.023053825 0.0 0.0 0.0 0.0 0.0 0.030770194 0.0 0.011484846 0.017332992 0.0 0.0 0.026034923 0.0 0.016154006 0.0 0.0 0.026098456 0.048043538 0.027710214 0.0 0.06922256 0.00075355027 0.0 0.0 0.0 0.0 0.0 0.0 0.0 0.0 0.02361321 0.0 0.030019397 0.0 0.028107075 0.0 0.014446388 0.16257028 0.011882193 0.0 0.0 0.0 0.054104052 0.0 0.0 0.028552989 0.0 0.0 0.12201709 0.0 0.0 0.0 0.09621443 0.0
0.0 0.010142852 0.036236558 0.07782674 0.026839003 0.053704254 0.0 0.0 0.06758646 0.0 0.0 0.04324817 0.035245858 0.0011010153 0.0 0.0 0.0 0.0 0.0 0.070888445 0.016104355 0.0 0.004119364 0.021390876 0.029020358 0.0 0.0 0.013529316 0.0 0.0 0.0049191993 0.06547269 0.025743581 0.0 0.0 0.034853812 0.013528791 0.12320562 0.0 0.0 0.0 0.0 0.0 0.0 0.0 0.0 0.0 0.0 0.056560375 0.0 0.009478722 0.04673095 0.029580653 0.0 0.021613069 0.0
0.101361655 0.07620783 0.10969853 0.0 0.0 0.0 0.0 0.04181152 0.0 0.022120018 0.0025394629 0.0 0.022372376 0.03452743 0.09607911 0.009227717 0.0030669717 0.0 0.0 0.0 0.0 0.0 0.0 0.0 0.0 0.0 0.0 0.0 0.03620434 0.0 0.0 0.0 0.027475188 0.0 0.0 0.0 0.0 0.0 0.0 0.0 0.0 0.0 0.054104052 0.0 0.106375985 0.0 0.042916384 0.0 0.0 0.05334921 0.0 0.02079511 0.0 0.0 0.0 0.119856864
0.021775814 0.0 0.0 0.0 0.02912828 0.01873601 0.014879834 0.0 0.018356416 0.0 0.032234803 0.0064849327 0.0 0.05194497 0.0 0.024259526 0.02028862 0.040527843 0.0 0.014606295 0.07596712 0.0 0.051294245 0.005820674 0.01436243 0.0 0.00877786 0.0 0.0 0.0 0.13681151 0.0 0.029072423 0.0 0.0 0.0 0.0 0.016898362 0.012488384 0.0 0.010716227 0.0 0.0 0.0 0.0 0.009219886 0.0 0.034507968 0.013316852 0.0 0.0 0.0 0.050287914 0.0 0.052100196 0.0
0.0 0.0026007993 0.008704339 0.0 0.0 0.0 0.1164013 0.049268372 0.0 0.115444414 0.033472117 0.0 0.0 0.0032750622 0.0 0.0 0.09581349 0.0 0.04114048 0.0 0.0052180695 0.025716227 0.0 0.0071210223 0.0 0.0 0.017389538 0.0 0.02213395 0.0 0.0 0.029464064 0.0 0.08084032 0.09593691 0.016130136 0.0 0.0007861036 0.0 0.0 0.0007622568 0.034389112 0.0 0.0 0.042916384 0.0 0.022932105 0.0 0.0 0.0 0.0 0.0 0.0 0.020248096 0.0 0.04518747
0.057759523 0.08790277 0.02385779 0.0 0.023047049 0.047384284 0.0 0.06377345 0.08528663 0.0 0.026782483 0.0 0.0 0.0 0.011451104 0.0 0.0 0.06390992 0.0 0.060120564 0.006542617 0.0 0.0 0.089012615 0.006294802 0.002045543 0.0 0.0022815692 0.0 0.0 0.045646403 0.0 0.04595352 0.0 0.017430289 0.054740068 0.054731373 0.025954537 0.0 0.0 0.0 0.0 0.028552987 0.0 0.0 0.034507968 0.0 0.0 0.0019392369 0.0 0.0 0.034797948 0.016769292 0.0 0.027233578 0.0
0.0 0.0 0.0 0.0 0.0 0.021217406 0.004344282 0.0026261567 0.0 0.07006326 0.0 0.0 0.0 0.0 0.06403629 0.0 0.025073376 0.022549344 0.0 0.02904587 0.0 0.0 0.010787888 0.05044856 0.0 0.04689121 0.03845157 0.0 0.06346644 0.0 0.0 0.023783047 0.0 0.02696379 0.08427225 0.0 0.13279383 0.05970425 0.0 0.044258434 0.0 0.094926715 0.0 0.056560375 0.0 0.013316851 0.0 0.0019392369 0.0 0.0042821825 0.0 0.01004796 0.0 0.0 0.0 0.0
0.0 0.0 0.021224469 0.0 0.0 0.015944298 0.0 0.024544114 0.0 0.05352138 0.0 0.05648804 0.0109807765 0.046832696 0.0 0.0 0.0047377376 0.0 0.0 0.012390706 0.0 0.055191755 0.0014989031 0.0013798702 0.0 0.0 0.0 0.070459895 0.0 0.0 0.0 0.0 0.027862707 0.0 0.06997047 0.0 0.0 0.0 0.0 0.122295685 0.0 0.0 0.0 0.0 0.05334921 0.0 0.0 0.0 0.0042821825 0.09407802 0.02488123 0.029949985 0.0 0.047027677 0.026501257 0.020517433
0.034577254 0.0 0.0 0.0 0.024736831 0.0 0.0 0.0052455007 0.0 0.0 0.0 0.0 0.07377334 0.0 0.009340649 0.0 0.024603296 0.10708562 0.0 0.0 0.0 0.0 0.0 0.06801294 0.0 0.05697028 0.008814994 0.059610184 0.02498825 0.0 0.012479624 0.0 0.008907198 0.0 0.0 0.0 0.014068492 0.0 0.038525056 0.015298156 0.10843723 0.0119759515 0.1220171 0.009478722 0.0 0.0 0.0 0.0 0.0 0.024881233 0.025421416 0.006356867 0.06676685 0.112508856 0.013721471 0.0
0.08819726 0.002760638 0.0 0.0 0.0 0.0 0.0 0.1103931 0.0 0.012395718 0.0 0.0 0.1116759 0.11326133 0.0 0.03938107 0.0017914007 0.00081721327 0.0 0.0 0.0 0.0 0.0 0.0 0.01309466 0.0226675 0.00446628 0.032437507 0.020121567 0.0 0.003593526 0.0 0.0 0.031803824 0.0 0.04058262 0.0 0.0 0.0 0.022631623 0.1580529 0.023575451 0.0 0.046730947 0.02079511 0.0 0.0 0.034797944 0.01004796 0.029949984 0.006356867 0.011827037 0.0 0.0 0.028517338 0.037358895
0.0 0.0 0.010115513 0.01774967 0.0 0.0 0.0 0.0059495377 0.0069948146 0.01793092 0.0 0.0 0.0018759766 0.021628298 0.0 0.007669817 0.02778949 0.0 0.0 0.02035913 0.0 0.015592023 0.12124095 0.0 0.018944614 0.0 0.0 0.007971576 0.0 0.0027050707 0.0860125 0.05723548 0.0097179515 0.0 0.08685352 0.015327484 0.012166165 0.030683622 0.042084843 0.08089249 0.0 0.0 0.0 0.029580653 0.0 0.050287914 0.0 0.016769292 0.0 0.0 0.06676685 0.0 0.0 0.0 0.0 0.0
0.0 0.03045735 0.018827619 0.0 0.056003973 0.0 0.0 0.0 0.0 0.010089376 0.03915014 0.052969977 0.0 0.0003978945 0.022643372 0.0 0.0 0.0 0.051273454 0.031227581 0.020497752 0.0 0.08108587 0.0 0.0 0.017257854 0.0 0.0 0.0 0.034472916 0.0 0.10191742 0.07294731 0.0 0.0 0.03268948 0.0 0.029571777 0.0 0.042181995 0.0 0.0 0.0 0.0 0.0 0.0 0.020248098 0.0 0.0 0.04702768 0.11250885 0.0 0.0 0.0 0.0 0.0
0.06014186 0.0 0.016470902 0.0 0.054477125 0.0 0.0 0.029719608 0.0 0.038890883 0.0 0.066028886 0.062170956 0.0 0.0 0.0 0.0 0.0365894 0.0 0.035520237 0.0 0.0 0.0 0.07754212 0.008090032 0.025769178 0.0 0.02296625 0.0 0.042005736 0.0041441363 0.0 0.045544323 0.0 0.0014207289 0.0 0.03333997 0.0 0.014706455 0.01839399 0.026818195 0.020895947 0.09621443 0.021613069 0.0 0.052100196 0.0 0.027233578 0.0 0.026501257 0.013721472 0.028517334 0.0 0.0 0.0 0.0
0.0 0.0 0.17279062 0.0 0.0 0.0 0.0 0.0 0.0 0.006544098 0.0 0.028233314 0.0 0.0 0.0 0.0 0.0 0.0 0.06267688 0.0 0.0 0.0 0.0 0.0 0.0 0.0 0.0 0.0 0.0069197346 0.0849866 0.0 0.0 0.010914849 0.06846466 0.0445261 0.019474287 0.0 0.0 0.0 0.015383638 0.0 0.0 0.0 0.0 0.11985686 0.0 0.045187466 0.0 0.0 0.020517435 0.0 0.037358895 0.0 0.0 0.0 0.29876682
