0.0 0.02020666 0.023264954 0.0 0.0 0.06602404 0.08758067 0.0 0.0761717 0.0 0.0 0.0 0.0 0.0 0.075156964 0.049828947 0.15064052 0.0 0.109404325 0.012115792 0.0 0.029264446 0.0 0.0 0.0 0.02975618 0.0 0.0 0.061557364 0.017950196 0.06929358 0.0031477339 0.0 0.005514114 0.0 0.0 0.023994362 0.021404346 0.0 0.0 0.0 0.06082391 0.0 0.014972629 0.0 0.0 0.017847292 0.0 0.012090874 0.0 0.0 0.0 0.0 0.044763677 0.0 0.0
0.020206658 0.0 0.029026786 0.06412337 0.0 0.0 0.0 0.0 0.07752409 0.0 0.0 0.016221661 0.026644131 0.0 0.062299073 0.0 0.0 0.0 0.005585785 0.122671925 0.011513625 0.0066920645 0.045892548 0.0 0.0 0.009493956 0.09388235 0.013951569 0.0 0.005651527 0.006570363 0.0135781225 0.09124387 0.036704436 0.01130051 0.0004874766 0.046749134 0.0 0.051360656 0.0025175824 1.835355e-08 0.0 0.0 0.0024485486 0.0 0.0 0.0 0.0075136004 0.07773699 0.0 0.0 0.0 0.015263692 0.0 0.017397841 0.0
0.023264954 0.029026786 0.0 0.0 0.0 0.0 0.009849476 0.035374098 0.004741657 0.0 0.0 0.02434867 0.004580232 0.05764243 0.0 0.0 0.0 0.015109206 0.0 0.036979042 0.0 0.04592838 0.0053856955 0.09903385 0.025764747 0.00847425 0.045097288 0.028001416 0.0 0.0 0.0 0.0 0.0 0.014882384 0.047685973 0.0 0.055503543 0.03373099 0.014786187 0.01380579 0.037895244 0.0 0.018361129 0.0 0.0 0.0 0.0 0.0 0.0 0.0 0.05392888 0.0 0.0 0.0 0.0020691808 0.0
0.0 0.06412337 0.0 0.0 0.0 0.004617258 0.0 0.0 0.0 0.0 0.0 0.07781557 0.00949613 0.003591308 0.0 0.0 0.014901222 0.0009932672 0.022072315 0.0 0.029103493 0.028526412 0.030111244 0.0 0.07538069 0.08163455 0.04928027 0.014471682 0.009612543 0.015130094 0.0 0.0 0.039592687 0.0495609 0.0 0.0 0.0 0.0 0.13180277 0.038838997 0.011843298 0.0 0.053489253 0.0 0.0 0.0 0.0 0.0034324934 0.010014007 0.10523369 0.0 0.0 0.010518914 0.0 0.001851955 0.0
0.0 0.0 0.0 0.0 0.21844529 0.0 0.0 0.0257163 0.0 0.0 0.0 0.0 0.054745607 0.0 0.0 0.0 0.0 0.0 0.02878193 0.0 0.0 0.0 0.086232156 0.0 0.0 0.051060222 0.021602627 0.0 0.0 0.0 0.0 0.009210452 0.052449457 0.0 0.0 0.015417341 0.0 0.038928308 0.023450479 0.0 0.002677974 0.0 0.0 0.0 0.0 0.011684211 0.0 0.022002041 0.0 0.0048693945 0.0370733 0.001731526 0.08876125 0.0 0.0 0.0
0.06602404 0.0 0.0 0.0046172584 0.0 0.0 0.04820499 0.095939614 0.0 0.00598743 0.0 0.031440187 0.054521617 0.00713083 0.0 0.0 0.0 0.023349153 0.0 0.0 0.0 0.0 0.020711098 0.12044263 0.0 0.028840963 0.0 0.049672376 0.0 0.0 0.0 0.0 0.0016486621 0.0 0.07099404 0.017762192 0.010015946 0.0 0.0 0.03015637 0.061985567 0.0 0.0 0.0 0.010357213 0.0023949207 0.0 0.036047954 0.0 0.0 0.014422609 0.023478191 0.0028533426 0.0 0.06067907 0.0
0.08758067 0.0 0.009849475 0.0 0.0 0.04820499 0.0 0.030590126 0.0 0.0 0.0 0.0 0.0012704849 0.030019345 0.06535653 0.0019508167 0.0 0.0068010003 0.0 0.042081337 0.03305205 0.0 0.07142869 0.056311652 0.023505786 0.0 0.014522652 0.0 0.0 0.0 0.0 0.0062914975 0.040812846 0.0 0.014898485 0.0 0.015311412 0.0 0.11461754 0.0 0.0 0.0 0.0 0.009237503 0.0 0.0 0.0 0.027362281 0.013977997 0.061507188 0.0 0.0 0.02820366 0.0 0.0 0.0
0.0 0.0 0.035374094 0.0 0.025716297 0.09593961 0.030590126 0.0 0.07285551 0.015810354 0.049368832 0.08656788 0.0 0.0 0.029555943 0.007766459 0.01912665 0.034509577 0.0 0.046398718 0.0 0.08092169 0.00084887055 0.0 0.012001397 0.0 0.020742644 0.0 0.0 0.06690451 0.058889005 0.0 0.019279826 0.0 0.0 0.028406885 0.0 0.0025257892 0.0 0.0 0.004236695 0.11348571 0.020909294 0.048900075 0.05796619 0.0 0.08762356 0.0 0.06770097 0.0 0.0 0.0 0.0 0.007115832 0.013299305 0.0
0.07617171 0.07752409 0.004741657 0.0 0.0 0.0 0.0 0.07285551 0.0 0.027208662 0.0 0.016858162 0.05318521 0.02045755 0.044608638 0.0 0.04555289 0.013370866 0.006900552 0.0 0.009556417 0.0056850105 0.008938128 0.017522477 0.030230694 0.03572538 0.05019653 0.02554135 0.031847645 0.0 0.0 0.0 0.0109198 0.1279631 0.04531337 0.051481407 0.0 0.0 0.0 0.0 0.00464097 0.0 0.0 0.0 0.017778052 0.0 0.008015533 0.0 0.0 0.02939699 0.0 0.0 0.0010159984 0.0 0.0 0.0
0.0 0.0 0.0 0.0 0.0 0.00598743 0.0 0.015810352 0.027208662 0.047409147 0.0 0.0 0.005661587 0.0083629135 0.09623123 0.009036372 0.0 0.0 0.011972601 0.0 0.0 0.020016596 0.044674903 0.007757777 0.0 0.0010993498 0.017410696 0.0425281 0.0 0.0 0.03183785 0.030196426 0.008180952 0.048628803 0.027292818 0.0024397548 0.039813943 0.0 0.0 0.00086239603 0.0 0.0 0.0 0.0 0.05046124 0.0047619 0.0 0.04044365 0.0 0.001384756 0.091805525 0.16224632 0.0 0.0 0.019087324 0.0
0.0 0.0 0.0 0.0 0.0 0.0 0.0 0.049368836 0.0 0.0 0.0 0.0 0.051957957 0.032012567 0.025846187 0.014501889 0.0 0.0 0.0 0.007493399 0.0090863025 0.0 0.17491087 0.0 0.0 0.02728799 0.07426135 0.005352978 0.0 0.0 0.0 0.0 0.0032771039 0.005737691 0.0068824803 0.0 0.0 0.0 0.026520146 0.076945364 0.0981641 0.0 0.07018657 0.0 0.013788137 0.0 0.0 0.017322566 0.0 0.018945422 0.0 0.0 0.0 0.0072929207 0.04202437 0.0
0.0 0.016221663 0.024348672 0.07781557 0.0 0.031440184 0.0 0.08656788 0.016858162 0.0 0.0 0.0 0.023930322 0.06856476 0.0 0.015969371 0.0 0.0 0.0 0.0 0.0 0.0297762 0.0 0.107564114 0.014240889 0.0 0.0 0.0 0.0 0.0 0.0 0.0 0.0 0.032354586 0.0 0.0 0.0036693728 0.0 0.08409401 0.04469575 0.050494544 0.0 0.0 0.005667935 0.0007815651 0.0 0.033637043 0.0 0.0 0.003988637 0.0 0.0 0.06261575 0.0 0.0 0.0
0.0 0.026644131 0.0045802323 0.00949613 0.054745603 0.054521613 0.0012704849 0.0 0.05318521 0.005661587 0.051957957 0.023930324 0.0 0.0 0.0 0.0187228 0.010859028 0.08325968 0.0050988784 0.03489401 0.03965768 0.03567984 0.0 0.0 0.038768403 0.0 0.028696578 0.0 0.0 0.033169825 0.10330835 0.15280743 0.042284578 0.0 0.0 0.0 0.0 0.085695885 0.0 0.0 0.0 0.0 0.0 0.03144046 0.0 0.0 0.010260241 0.0098469695 0.099030256 0.0 0.0023663612 0.0 0.057198595 0.010743152 0.0 0.0
0.0 0.0 0.05764243 0.003591308 0.0 0.0071308296 0.030019345 0.0 0.02045755 0.008362914 0.032012567 0.06856476 0.0 0.0 0.0 0.046683844 0.07629201 0.013252128 0.018962258 0.0 0.0 0.118504845 0.0 0.0 0.0347887 0.0 0.0 0.0 0.061463937 0.06247942 0.013988525 0.0011953396 0.0 0.028290767 0.014328416 0.035961732 0.016941963 0.0024115527 0.0 0.0 0.0 0.07690766 0.0 0.05767441 0.06698 0.0 0.103932306 0.0 0.037990045 0.0 0.0 0.0 0.012857584 0.060385976 0.0 0.11450912
0.075156964 0.06229907 0.0 0.0 0.0 0.0 0.06535653 0.029555945 0.04460864 0.09623123 0.025846189 0.0 0.0 0.0 0.13411295 0.017126933 0.0 0.003682174 0.0 0.0 0.0 0.0 0.0 0.06067917 0.0 0.0 0.0 0.03792911 0.018655745 0.0 0.0 0.025918214 0.035065826 0.0033478152 0.0 0.03520384 0.0 0.025664074 0.0 0.0 0.0 0.0 0.007200624 0.0 0.01496151 0.0 0.003798552 0.0048389714 0.0 0.0042513055 0.0 0.0063816393 0.02505451 0.0 0.0 0.0
0.049828943 0.0 0.0 0.0 0.0 0.0 0.0019508168 0.0077664596 0.0 0.009036372 0.01450189 0.015969371 0.018722802 0.046683844 0.01712693 0.06585514 0.0 0.0 0.02936281 0.0 0.027503321 0.0 0.021536302 0.0 0.04397992 0.029719593 0.022342995 0.016861208 0.022914615 0.0034630802 0.0 0.0 0.033309694 0.0 0.0 0.0 0.0 0.0 0.0007437196 0.01570023 0.0 0.0 0.0 0.016153106 0.043038923 0.0 0.0 0.021565164 0.0 0.042801827 0.025975436 0.0 0.0 0.049014427 0.1635428 0.0
0.15064052 0.0 0.0 0.014901221 0.0 0.0 0.0 0.01912665 0.04555289 0.0 0.0 0.0 0.010859028 0.07629201 0.0 0.0 0.0 0.06492366 0.0 0.0 0.0 0.026010342 0.0023324422 0.14076653 0.0018218538 0.00069436996 0.0 0.0049287616 0.002241082 0.0 0.0 0.0 0.0 0.0 0.018219328 0.0 0.10145597 0.03185377 0.0 0.027265333 0.0010517292 0.0 0.0 0.0 0.0 0.0 0.020781064 0.0133169405 0.0 0.0 0.0 0.08019775 0.0 0.00671773 0.0 0.035166368
0.0 0.0 0.015109207 0.0009932672 0.0 0.023349153 0.006801 0.034509577 0.013370866 0.0 0.0 0.0 0.08325968 0.013252128 0.003682174 0.0 0.06492366 0.0 0.003824655 0.0 0.002616485 0.0 0.017894533 0.036961753 0.0050495914 0.12589374 0.0 0.0 0.0 0.024568232 0.0 0.0 0.0 0.059235495 0.062016226 0.00815976 0.014236159 0.0 0.0 0.059216093 0.14103612 0.0029684287 0.041407656 0.0 0.0 0.0 0.018677898 0.0 0.0 0.0 0.0 0.0 0.0 0.0 0.0023016408 0.10578782
0.109404325 0.005585785 0.0 0.022072315 0.02878193 0.0 0.0 0.0 0.006900552 0.011972601 0.0 0.0 0.0050988784 0.018962258 0.0 0.02936281 0.0 0.003824655 0.0 0.004602597 0.017422903 0.017568432 0.014669451 0.012229632 0.086081624 0.010553115 0.10525602 0.082406774 0.0 0.0 0.0 0.0030048985 0.07450122 0.0 0.048926443 0.08396867 0.013562736 0.003115604 0.0526622 0.0 0.0 0.0 0.0 0.0 0.0 0.045734096 0.0 0.0 0.021160234 0.0 0.008765992 0.0 0.003968382 5.5903605e-05 0.0 0.0
0.012115792 0.12267192 0.036979046 0.0 0.0 0.0 0.042081337 0.046398718 0.0 0.0 0.0074933986 0.0 0.034894004 0.0 0.0 0.0 0.0 0.0 0.004602597 0.0 0.003224968 0.0 0.0090050325 0.0 0.029632395 0.06304019 0.018761197 0.010232498 0.0 0.029609174 0.0 0.0 0.04617063 0.017404703 0.009707644 0.0148085235 0.0 0.008777191 0.01717793 0.017688697 0.04065301 0.060201615 0.10435147 0.024137087 0.0 0.02543041 0.0 0.0 0.0 0.043009676 0.0 0.0 0.04416627 0.0 0.0 0.0
0.0 0.011513625 0.0 0.029103493 0.0 0.0 0.033052053 0.0 0.009556417 0.0 0.0090863025 0.0 0.03965768 0.0 0.0 0.02750332 0.0 0.0026164853 0.017422903 0.003224968 0.0 0.0 0.08627439 0.020519307 0.0 0.0 0.05276421 0.024549246 0.0 0.0 0.0 0.0 0.048112676 0.039909355 0.032940593 0.0 0.0 0.06294073 0.07935582 0.0028155113 0.04689246 0.004978773 0.006666262 0.0 0.0 0.06299766 0.0 0.03202531 0.0 0.0 0.10148216 0.0023352713 0.011503749 0.0 0.03538773 0.0
0.029264448 0.0066920645 0.04592838 0.028526412 0.0 0.0 0.0 0.08092169 0.0056850105 0.020016596 0.0 0.0297762 0.03567984 0.118504845 0.0 0.0 0.026010342 0.0 0.01756843 0.0 0.0 0.0 0.0 0.07865586 0.008247742 0.045274764 0.0 0.0 0.0 0.0 0.0026165426 0.0 0.0 0.0040765493 0.017891908 0.0 0.0246875 0.02101364 0.013857238 0.032977153 0.03077605 0.0 0.005681299 0.0078347195 0.0 0.0 0.013655254 0.04687095 0.0 0.0053864717 0.0939851 0.0 0.0 0.017236283 0.014555612 0.020477787
0.0 0.045892548 0.0053856955 0.030111244 0.08623215 0.0207111 0.07142869 0.0008488705 0.008938129 0.044674903 0.17491086 0.0 0.0 0.0 0.0 0.021536302 0.0023324422 0.017894533 0.01466945 0.0090050325 0.08627439 0.0 0.008256732 0.0 0.0 0.0 0.030667972 0.0 0.0 0.077681564 0.0010343179 0.013259577 0.035909384 0.009961146 0.0070836847 0.03133047 0.0 0.07146759 0.0 0.0 0.0 0.012697518 0.04225059 0.0 0.0 0.047501434 0.0 0.017178116 0.039508488 0.022049448 0.0 0.0 0.0 0.0 0.05204434 0.0
0.0 0.0 0.09903385 0.0 0.0 0.12044263 0.056311652 0.0 0.017522477 0.0077577773 0.0 0.107564114 0.0 0.0 0.06067917 0.0 0.14076655 0.036961753 0.012229632 0.0 0.020519307 0.07865586 0.0 0.0 0.0 0.0 0.0 0.0 0.041408647 0.0041300124 0.060088195 0.047442034 0.0 0.035925906 0.0020665713 0.0 0.0 0.0012205096 0.0 0.0 0.0 0.0 0.0 0.0 0.0026558235 0.0 0.039883625 0.0 0.03906126 0.030695662 0.0 0.0 0.022167722 0.002328269 0.0 0.025287839
0.0 0.0 0.025764745 0.07538069 0.0 0.0 0.023505786 0.012001397 0.030230695 0.0 0.0 0.014240888 0.038768403 0.0347887 0.0 0.04397992 0.0018218539 0.0050495914 0.08608163 0.029632393 0.0 0.008247742 0.0 0.0 0.02230963 0.0 0.0 0.0 0.0 0.0 0.0 0.0 0.0 0.04312771 0.021042883 0.026080133 0.031598568 0.008830587 0.055992454 0.0 0.09330788 0.063338995 0.0 0.015504649 0.0 0.025848223 0.04200931 0.02470834 0.0 0.0 0.00027335453 0.0 0.0 0.05339418 0.024442045 0.0
0.02975618 0.009493956 0.00847425 0.08163456 0.051060222 0.028840965 0.0 0.0 0.03572538 0.0010993498 0.02728799 0.0 0.0 0.0 0.0 0.029719591 0.0006943699 0.12589376 0.010553115 0.0630402 0.0 0.045274764 0.0 0.0 0.0 0.0 0.0 0.0 0.0 0.03800693 0.08630224 0.041150644 0.0 0.0 0.0038545665 0.018389264 0.020440768 0.051437605 0.0 0.0 0.0 0.0 0.0 0.06924145 0.07019855 0.023242407 0.0 0.03030001 0.06521413 0.0 0.07059911 0.0 0.0 0.0 0.008714728 0.0
0.0 0.09388236 0.045097288 0.04928027 0.021602627 0.0 0.014522652 0.020742644 0.050196525 0.017410696 0.07426136 0.0 0.028696578 0.0 0.0 0.022342993 0.0 0.0 0.10525602 0.018761197 0.05276421 0.0 0.03066797 0.0 0.0 0.0 0.0 0.0 0.0 0.11208101 0.0 0.05688427 0.048470695 0.0 0.0 0.01974146 0.0 0.0 0.0473166 0.03926759 0.0065616737 0.0 0.020034246 0.0019834207 0.0 0.043888975 0.0 0.0 0.016317634 0.00055464136 0.0 0.0 0.045966715 0.0 0.035759863 0.0
0.0 0.013951569 0.028001416 0.014471683 0.0 0.049672376 0.0 0.0 0.025541352 0.042528097 0.005352978 0.0 0.0 0.0 0.03792911 0.01686121 0.0049287616 0.0 0.082406774 0.010232498 0.024549248 0.0 0.0 0.0 0.0 0.0 0.0 0.061863452 0.043561213 0.10945454 0.05122215 0.030157132 0.009320939 0.020640459 0.0 0.013495587 0.0 0.04595375 0.0 0.0 0.0 0.018840667 0.006248051 0.029662251 0.015159788 0.0 0.04180611 9.490846e-05 0.017650194 0.0 0.0 0.0014500677 0.0 0.064798035 0.032255232 0.078773625
0.061557364 0.0 0.0 0.009612542 0.0 0.0 0.0 0.0 0.031847645 0.0 0.0 0.0 0.0 0.061463937 0.018655743 0.022914615 0.002241082 0.0 0.0 0.0 0.0 0.0 0.0 0.04140865 0.0 0.0 0.0 0.043561213 0.0 0.0 0.0 0.0492256 0.0 0.0 0.014908858 0.0 0.15161352 0.0 0.0 0.0 0.0 0.0 0.0 0.0 0.0 0.0 0.07281573 0.09197533 0.0 0.0 0.039252304 0.057727497 0.002870048 0.090800785 0.0 0.0
0.017950194 0.0056515266 0.0 0.015130095 0.0 0.0 0.0 0.06690451 0.0 0.0 0.0 0.0 0.033169825 0.06247942 0.0 0.0034630804 0.0 0.024568232 0.0 0.029609174 0.0 0.0 0.077681564 0.0041300124 0.0 0.038006935 0.11208101 0.10945454 0.0 0.0 0.0 0.0 0.0017690669 0.01681187 0.03998541 0.0 0.0 0.0 0.0 0.04289265 0.023242928 0.0 0.005924038 0.0 0.0 0.0 0.053601492 0.0 0.0 0.0012455165 0.07002699 0.0675154 0.0 0.0 0.025135398 0.0
0.06929358 0.0065703625 0.0 0.0 0.0 0.0 0.0 0.058889005 0.0 0.031837855 0.0 0.0 0.10330834 0.013988524 0.0 0.0 0.0 0.0 0.0 0.0 0.0 0.0026165426 0.001034318 0.0600882 0.0 0.08630224 0.0 0.051222153 0.0 0.0 0.0 0.0055057574 0.0 0.010936891 0.0 0.015859602 0.0 0.0 0.0036390407 0.07779295 0.06838759 0.0 0.048853744 0.006129459 0.0 0.0 0.0 0.028061872 0.0 0.0026466965 0.02123011 0.06115985 0.008574107 0.012808416 0.0 0.016041355
0.0031477339 0.0135781225 0.0 0.0 0.009210452 0.0 0.006291498 0.0 0.0 0.030196425 0.0 0.0 0.15280743 0.0011953396 0.025918214 0.0 0.0 0.0 0.0030048985 0.0 0.0 0.0 0.013259576 0.047442038 0.0 0.04115064 0.05688427 0.030157132 0.0492256 0.0 0.0055057574 0.0 0.017836388 0.0136371255 0.0052203257 0.004704866 0.0 0.0 0.0 0.08899583 0.079699725 0.0 0.06186101 0.0 0.0 0.010668223 0.029214723 0.0 0.0 0.01606944 0.0 0.011901045 0.0 0.0015196023 0.00033762245 0.0
0.0 0.09124387 0.0 0.03959269 0.052449454 0.001648662 0.040812846 0.019279826 0.0109198 0.008180953 0.0032771036 0.0 0.042284578 0.0 0.03506583 0.033309694 0.0 0.0 0.07450122 0.046170626 0.048112676 0.0 0.035909384 0.0 0.0 0.0 0.0484707 0.009320938 0.0 0.0017690668 0.0 0.01783639 0.049744796 0.0019393221 0.058254637 0.052673403 0.0 0.06125437 0.007435959 0.013147703 0.0014759129 0.012511008 0.026722327 0.0 0.009455924 0.1120129 0.0 0.046639677 0.00976778 0.0 0.0065537514 0.016231708 0.0 0.0 0.044762846 0.0
0.005514114 0.036704436 0.014882385 0.0495609 0.0 0.0 0.0 0.0 0.12796311 0.048628803 0.005737691 0.032354586 0.0 0.028290765 0.0033478152 0.0 0.0 0.059235495 0.0 0.017404703 0.03990936 0.0040765493 0.009961145 0.035925902 0.04312771 0.0 0.0 0.020640459 0.0 0.01681187 0.010936891 0.0136371255 0.0019393221 0.0 0.012713765 0.0095269205 0.07253645 0.027003573 0.014936284 0.0 0.0 0.0 0.00838692 0.018930504 0.0 0.009864205 0.0 0.0061792685 0.01110594 0.0 0.095923096 0.06602882 0.062658824 0.0 0.0 0.0
0.0 0.01130051 0.047685973 0.0 0.0 0.07099404 0.014898484 0.0 0.04531337 0.027292816 0.0068824803 0.0 0.0 0.014328416 0.0 0.0 0.018219328 0.062016226 0.048926443 0.009707643 0.03294059 0.017891908 0.007083684 0.0020665713 0.021042883 0.0038545667 0.0 0.0 0.014908858 0.03998541 0.0 0.0052203257 0.058254633 0.012713766 0.07155091 0.09724717 0.06381373 0.0 0.005253818 0.0 0.012970444 0.060398407 0.012984807 0.023186764 0.059938107 0.0 0.011190112 0.0 0.0 0.017237565 0.0 0.006388494 0.0 0.023278799 0.0076126982 0.034408193
0.0 0.0004874766 0.0 0.0 0.015417342 0.017762192 0.0 0.028406886 0.051481403 0.0024397548 0.0 0.0 0.0 0.035961732 0.03520384 0.0 0.0 0.008159761 0.08396867 0.0148085235 0.0 0.0 0.031330474 0.0 0.026080133 0.018389266 0.01974146 0.013495588 0.0 0.0 0.015859602 0.004704866 0.052673403 0.00952692 0.097247176 0.014020305 0.07517611 0.0 0.024658417 0.0 0.04380108 0.0 0.0 0.0 0.03068258 0.006109772 0.0 0.019904045 0.0 0.004920569 0.010788445 0.0005345941 0.0 0.02586821 0.0 0.0
0.023994362 0.046749134 0.05550354 0.0 0.0 0.010015946 0.015311412 0.0 0.0 0.039813947 0.0 0.0036693728 0.0 0.016941963 0.0 0.0 0.101455964 0.01423616 0.013562735 0.0 0.0 0.0246875 0.0 0.0 0.031598568 0.020440767 0.0 0.0 0.1516135 0.0 0.0 0.0 0.0 0.072536446 0.06381373 0.07517612 0.0 0.0 0.008111543 3.655498e-06 0.024561523 0.029582974 0.038562838 0.01378902 0.017840596 0.0 0.019611746 0.0 0.008373894 0.036294594 0.0 0.0 0.07184296 0.020772465 0.0 0.091182
0.021404346 0.0 0.03373099 0.0 0.03892831 0.0 0.0 0.0025257892 0.0 0.0 0.0 0.0 0.085695885 0.0024115527 0.025664072 0.0 0.03185377 0.0 0.003115604 0.00877719 0.062940724 0.02101364 0.0714676 0.0012205098 0.008830588 0.051437605 0.0 0.04595375 0.0 0.0 0.0 0.0 0.06125437 0.027003573 0.0 0.0 0.0 0.0 0.0 0.03432905 0.0834218 0.0 0.09838826 0.0 0.0 0.0 0.0 0.0 0.0 0.0 0.0 0.0 0.0 0.015655605 0.045311857 0.0
0.0 0.051360656 0.014786186 0.13180277 0.023450477 0.0 0.11461754 0.0 0.0 0.0 0.026520148 0.08409401 0.0 0.0 0.0 0.00074371963 0.0 0.0 0.0526622 0.01717793 0.07935582 0.013857238 0.0 0.0 0.055992454 0.0 0.0473166 0.0 0.0 0.0 0.0036390407 0.0 0.0074359593 0.014936283 0.005253818 0.024658417 0.008111543 0.0 0.06395209 0.0 0.0 0.08335019 0.030492216 0.0 0.0 0.0 0.035935927 0.0 0.035504032 0.0 0.00301408 0.0 0.007863583 0.0 0.0 0.0
0.0 0.0025175822 0.013805789 0.038839 0.0 0.03015637 0.0 0.0 0.0 0.00086239603 0.076945364 0.04469575 0.0 0.0 0.0 0.015700232 0.027265333 0.059216093 0.0 0.017688697 0.0028155113 0.032977153 0.0 0.0 0.0 0.0 0.03926759 0.0 0.0 0.042892646 0.07779295 0.08899583 0.013147703 0.0 0.0 0.0 3.6554982e-06 0.03432905 0.0 0.0 0.0 0.0 0.0 0.026281815 0.059609838 0.08874063 0.017148308 0.078507155 0.07032964 0.004144614 0.05780111 0.0 0.0 0.027525054 0.048520107 0.0
0.0 1.8353548e-08 0.037895244 0.011843298 0.002677974 0.061985567 0.0 0.004236695 0.00464097 0.0 0.0981641 0.05049454 0.0 0.0 0.0 0.0 0.0010517292 0.14103612 0.0 0.04065301 0.04689246 0.030776052 0.0 0.0 0.093307875 0.0 0.0065616732 0.0 0.0 0.023242928 0.06838759 0.079699725 0.0014759128 0.0 0.012970444 0.04380108 0.024561523 0.0834218 0.0 0.0 0.0 0.008649773 0.0 0.031563167 0.0 0.010898302 0.030142529 0.0 0.035140082 0.0032489826 0.001155252 0.037279475 0.015670422 0.05513227 0.004820933 0.0
0.060823906 0.0 0.0 0.0 0.0 0.0 0.0 0.1134857 0.0 0.0 0.0 0.0 0.0 0.07690766 0.0 0.0 0.0 0.0029684287 0.0 0.060201615 0.004978773 0.0 0.012697519 0.0 0.063338995 0.0 0.0 0.018840665 0.0 0.0 0.0 0.0 0.012511009 0.0 0.06039841 0.0 0.029582974 0.0 0.08335019 0.0 0.008649773 0.0 0.0 0.051967517 0.0 0.0 0.0 0.084937714 0.0 0.0 0.018228326 0.01685327 0.06161217 0.0 0.0 0.0
0.0 0.0 0.018361127 0.05348925 0.0 0.0 0.0 0.020909294 0.0 0.0 0.07018657 0.0 0.0 0.0 0.0072006234 0.0 0.0 0.04140766 0.0 0.10435147 0.0066662617 0.0056812987 0.04225059 0.0 0.0 0.0 0.020034246 0.006248051 0.0 0.005924038 0.048853744 0.06186101 0.026722327 0.00838692 0.012984807 0.0 0.038562834 0.098388255 0.030492214 0.0 0.0 0.0 0.0 0.0063916873 0.0 0.0 0.0 0.16323541 0.0 0.0044004135 0.0 0.0 0.021913238 0.0 0.002900915 0.0
0.014972628 0.0024485486 0.0 0.0 0.0 0.0 0.009237503 0.048900075 0.0 0.0 0.0 0.0056679347 0.03144046 0.05767441 0.0 0.016153106 0.0 0.0 0.0 0.024137087 0.0 0.0078347195 0.0 0.0 0.015504649 0.06924145 0.0019834205 0.029662251 0.0 0.0 0.006129459 0.0 0.0 0.018930504 0.023186764 0.0 0.01378902 0.0 0.0 0.026281813 0.031563167 0.051967513 0.006391688 0.11653674 0.047738712 0.0 0.0 0.0008068055 0.0065768673 0.043653984 0.025634492 0.063395396 0.0065371427 0.0 0.035056956 0.11060621
0.0 0.0 0.0 0.0 0.0 0.010357213 0.0 0.05796619 0.017778054 0.05046124 0.013788138 0.00078156515 0.0 0.066980004 0.014961511 0.043038923 0.0 0.0 0.0 0.0 0.0 0.0 0.0 0.0026558235 0.0 0.07019855 0.0 0.015159788 0.0 0.0 0.0 0.0 0.009455924 0.0 0.05993811 0.030682582 0.017840594 0.0 0.0 0.059609838 0.0 0.0 0.0 0.047738716 0.09266075 0.006388706 0.0 0.014927387 0.0 0.0 0.039621297 0.054414023 0.02269443 0.0 0.07864717 0.006956649
0.0 0.0 0.0 0.0 0.011684211 0.0023949204 0.0 0.0 0.0 0.0047619 0.0 0.0 0.0 0.0 0.0 0.0 0.0 0.0 0.045734093 0.025430411 0.06299766 0.0 0.047501434 0.0 0.025848225 0.023242407 0.043888975 0.0 0.0 0.0 0.0 0.010668223 0.1120129 0.009864205 0.0 0.0061097713 0.0 0.0 0.0 0.08874063 0.010898303 0.0 0.0 0.0 0.006388706 0.0 0.0 0.0 0.0 0.0 0.036875095 0.0 0.0 0.0 0.08239987 0.0
0.017847292 0.0 0.0 0.0 0.0 0.0 0.0 0.08762356 0.008015532 0.0 0.0 0.033637043 0.010260242 0.10393231 0.003798552 0.0 0.020781064 0.018677898 0.0 0.0 0.0 0.013655254 0.0 0.03988363 0.042009305 0.0 0.0 0.04180611 0.07281574 0.053601492 0.0 0.029214725 0.0 0.0 0.011190112 0.0 0.019611746 0.0 0.035935927 0.017148308 0.030142527 0.0 0.0 0.0 0.0 0.0 0.057142716 0.008475183 0.0 0.096724704 0.0 0.03693315 0.06329671 0.029033473 0.0 0.001346921
0.0 0.007513601 0.0 0.0034324932 0.022002041 0.036047954 0.027362281 0.0 0.0 0.04044365 0.017322566 0.0 0.00984697 0.0 0.0048389714 0.021565164 0.0133169405 0.0 0.0 0.0 0.03202531 0.04687095 0.017178118 0.0 0.02470834 0.030300008 0.0 9.490846e-05 0.09197534 0.0 0.028061874 0.0 0.046639677 0.0061792685 0.0 0.019904045 0.0 0.0 0.0 0.07850715 0.0 0.084937714 0.16323541 0.0008068055 0.014927387 0.0 0.008475183 0.042235173 0.0058851554 0.018273696 0.0 0.007982842 0.0012649144 0.00079134334 0.052541748 0.04754457
0.012090874 0.07773699 0.0 0.010014006 0.0 0.0 0.013977998 0.06770097 0.0 0.0 0.0 0.0 0.099030256 0.037990045 0.0 0.0 0.0 0.0 0.021160234 0.0 0.0 0.0 0.039508484 0.03906126 0.0 0.06521413 0.016317634 0.017650194 0.0 0.0 0.0 0.0 0.009767781 0.011105941 0.0 0.0 0.008373895 0.0 0.035504032 0.07032964 0.035140082 0.0 0.0 0.006576867 0.0 0.0 0.0 0.0058851554 0.0 0.0 0.035328023 0.0 0.0 0.024017857 0.03460128 0.0
0.0 0.0 0.0 0.1052337 0.004869395 0.0 0.061507184 0.0 0.029396992 0.001384756 0.018945424 0.003988637 0.0 0.0 0.0042513055 0.042801827 0.0 0.0 0.0 0.04300968 0.0 0.0053864717 0.022049448 0.030695662 0.0 0.0 0.0005546413 0.0 0.0 0.0012455165 0.0026466965 0.01606944 0.0 0.0 0.017237565 0.004920569 0.036294594 0.0 0.0 0.004144614 0.0032489826 0.0 0.0044004135 0.043653984 0.0 0.0 0.0967247 0.018273694 0.0 0.0 0.058508366 0.01799202 0.0 0.09182097 0.0063984627 0.021195237
0.0 0.0 0.053928886 0.0 0.0370733 0.014422609 0.0 0.0 0.0 0.091805525 0.0 0.0 0.0023663612 0.0 0.0 0.025975438 0.0 0.0 0.008765993 0.0 0.10148216 0.0939851 0.0 0.0 0.00027335453 0.07059911 0.0 0.0 0.039252304 0.07002699 0.02123011 0.0 0.0065537523 0.095923096 0.0 0.010788445 0.0 0.0 0.00301408 0.057801113 0.001155252 0.018228326 0.0 0.025634492 0.039621294 0.036875095 0.0 0.0 0.035328023 0.058508366 0.0 0.0 0.07108653 0.0334235 0.030354012 0.041502815
0.0 0.0 0.0 0.0 0.001731526 0.023478191 0.0 0.0 0.0 0.16224632 0.0 0.0 0.0 0.0 0.0063816397 0.0 0.08019775 0.0 0.0 0.0 0.0023352713 0.0 0.0 0.0 0.0 0.0 0.0 0.0014500677 0.057727493 0.067515396 0.061159845 0.011901046 0.016231706 0.06602881 0.0063884933 0.0005345941 0.0 0.0 0.0 0.0 0.037279475 0.01685327 0.0 0.06339539 0.054414023 0.0 0.036933154 0.007982842 0.0 0.01799202 0.0 0.0 0.01661076 0.008739384 0.011639344 0.1069884
0.0 0.015263692 0.0 0.010518914 0.088761255 0.0028533426 0.02820366 0.0 0.0010159984 0.0 0.0 0.06261575 0.0571986 0.012857583 0.02505451 0.0 0.0 0.0 0.003968382 0.04416627 0.011503748 0.0 0.0 0.02216772 0.0 0.0 0.045966715 0.0 0.002870048 0.0 0.008574108 0.0 0.0 0.06265882 0.0 0.0 0.07184296 0.0 0.007863582 0.0 0.015670424 0.06161217 0.021913238 0.0065371427 0.022694428 0.0 0.063296705 0.0012649144 0.0 0.0 0.07108653 0.01661076 0.0 0.0 0.028044479 0.03107405
0.044763677 0.0 0.0 0.0 0.0 0.0 0.0 0.007115833 0.0 0.0 0.0072929207 0.0 0.010743152 0.060385976 0.0 0.049014427 0.00671773 0.0 5.590361e-05 0.0 0.0 0.017236283 0.0 0.0023282692 0.053394184 0.0 0.0 0.06479804 0.090800785 0.0 0.012808415 0.0015196023 0.0 0.0 0.0232788 0.025868211 0.020772466 0.015655605 0.0 0.027525054 0.055132274 0.0 0.0 0.0 0.0 0.0 0.02903347 0.0007913433 0.024017857 0.09182097 0.0334235 0.008739384 0.0 0.11115407 0.06285804 0.03852027
0.0 0.017397841 0.0020691808 0.0018519548 0.0 0.06067907 0.0 0.013299305 0.0 0.019087324 0.042024367 0.0 0.0 0.0 0.0 0.16354282 0.0 0.0023016408 0.0 0.0 0.035387725 0.014555612 0.05204434 0.0 0.024442045 0.008714728 0.035759863 0.032255236 0.0 0.0251354 0.0 0.00033762245 0.044762842 0.0 0.0076126987 0.0 0.0 0.045311857 0.0 0.048520107 0.0048209336 0.0 0.0029009148 0.035056956 0.07864717 0.08239987 0.0 0.052541748 0.03460128 0.006398463 0.03035401 0.0116393445 0.028044479 0.06285804 0.0858945 0.021873815
0.0 0.0 0.0 0.0 0.0 0.0 0.0 0.0 0.0 0.0 0.0 0.0 0.0 0.11450912 0.0 0.0 0.035166368 0.10578782 0.0 0.0 0.0 0.020477789 0.0 0.025287839 0.0 0.0 0.0 0.078773625 0.0 0.0 0.016041355 0.0 0.0 0.0 0.034408193 0.0 0.091182 0.0 0.0 0.0 0.0 0.0 0.0 0.11060621 0.006956649 0.0 0.001346921 0.04754457 0.0 0.021195237 0.04150282 0.1069884 0.03107405 0.038520273 0.021873815 0.0
