0.022158144 0.056357697 0.0 0.0 0.0067630787 0.0 0.07356719 0.024657091 0.0 0.0 0.0 0.0 0.0 0.0 0.0 0.0 0.0 0.0037739247 0.0 0.0 0.0 0.0 0.0 0.0981569 0.0 0.017855253 0.030803863 0.0 0.0 0.0 0.045250136 0.0 0.0 0.0 0.059880838 0.0 0.04870427 0.00813606 0.0 0.08018019 0.16482672 0.05045176 0.0 0.0 0.0 0.0 0.023281997 0.01682244 0.0 0.0 0.0 0.00923315 0.0 0.048722018 0.09799604 0.0
0.056357697 0.0 0.0 0.0 0.0 0.0 0.009835064 0.0 0.0 0.053361584 0.0019869264 0.0 0.18029898 0.0 0.047568362 0.0 0.0 0.0 0.023439925 0.0 0.0 0.0 0.0 0.0 0.035319712 0.0 0.024075318 0.0 0.044909462 0.0 0.0 0.030066341 0.0 0.0 0.09905983 0.07497913 0.035404082 0.0 0.0061613116 0.015068983 0.026408713 0.0 0.024595432 0.0 0.0058503253 0.0 0.0010385268 0.0 0.0 0.0 0.0 0.0 0.0 0.0 0.0 0.0
0.0 0.0 0.048394356 0.008252408 0.011604416 0.0 0.0 0.0794791 0.0 0.047621798 0.10056555 0.032082055 0.0 0.0 0.043048944 0.0 0.00612773 0.0 0.0 0.021468462 0.06830096 0.0 0.0 0.0 0.0 0.0 0.0 0.0 0.0 0.0 0.0 0.0 0.0 0.020355199 0.031960156 0.05749413 0.09376733 0.050909143 0.0 0.0 0.0 0.0 0.011599674 0.0 0.03544828 0.0 0.0 0.0 0.06662243 0.0 0.0 0.02817642 0.0 0.0 0.006063154 0.0
0.0 0.0 0.008252408 0.03136476 0.0 0.0 0.0 0.0 0.0 0.0 0.0 0.012224268 0.040109735 0.028508559 0.0 0.03217339 0.08505215 0.007097157 0.05900914 0.0 0.0018743072 0.0 0.0 0.0 0.0 0.094893105 0.008146246 0.02908983 0.009934372 0.06185331 0.0 0.0 0.07580307 0.0 0.011093545 0.0 0.0040305573 0.0 0.12864454 0.008309299 0.0 0.0 0.02613543 0.0 0.10901922 0.0119633805 0.0 0.0 0.0025533827 0.10986083 0.0 0.0 0.0 0.06267315 0.0 0.0
0.0067630787 0.0 0.011604416 0.0 0.0 0.0 0.0 0.0 0.0 0.02436764 0.0 0.015962308 0.054616272 0.0 0.0034548903 0.0 0.045084808 0.0 0.13844083 0.0 0.0 0.030431319 0.0 0.0 0.0 0.0 0.0 0.032515343 0.027450243 0.024420809 0.0 0.0 0.0 0.06439933 0.005574172 0.0028115183 0.08093617 0.014258913 0.08039456 0.0 0.0 0.0 0.04990683 0.05154543 0.086515054 0.0 0.0 0.0 0.0 0.025328305 0.0 0.0 0.0 0.020050861 0.0 0.0
0.0 0.0 0.0 0.0 0.0 0.0 0.06930865 0.0 0.0 0.029297825 0.0 0.0 0.019723091 0.036701992 0.0 0.025160722 0.0 0.0 0.009872745 0.0 0.0 0.0 0.0 0.03069336 0.0 0.022873266 0.0 0.009928746 0.1427618 0.0 0.0 0.0 0.021956982 0.01807427 0.0187737 0.07251363 0.018258324 0.0 0.0 0.0 0.0 0.0021973737 0.0 0.0 0.13231465 0.0 0.009943418 0.0 0.0 0.028385216 0.0 0.08238246 0.0 0.026195973 0.0 0.1254938
0.0735672 0.009835064 0.0 0.0 0.0 0.06930865 0.0 0.11577397 0.0 0.11140721 0.00043979794 0.0 0.066049434 0.0 0.006476901 0.0 0.0 0.0 0.0 0.0 0.0 0.0 0.014766393 0.0032816296 0.028127061 0.0 0.0 0.03033283 0.0 0.022029083 0.0 0.0 0.0 0.037663493 0.08741381 0.0 0.03841403 0.0 0.0 0.0262349 0.030165778 0.0 0.0 0.0 0.092596844 0.0 0.0 0.0 0.0 0.0 0.0 0.06268132 0.0 0.036836773 0.0 0.014342105
0.024657091 0.0 0.0794791 0.0 0.0 0.0 0.11577397 0.0 0.0 0.0 0.0 0.0 0.057690285 0.029032635 0.011419153 0.0 0.0 0.0053403974 0.0 0.0 0.0 0.016544782 0.0 0.0 0.03457373 0.0 0.017323809 0.04102897 0.048092958 0.01278566 0.022711523 0.0 0.0 0.0005764725 0.047599304 0.0 0.0 0.0 0.0 0.031574335 0.09896449 0.012153447 0.0 0.08427756 0.037778784 0.017597849 0.0 0.0 0.0046232166 0.012118084 0.0 0.0 0.05256135 0.0 0.058840852 0.13394345
0.0 0.0 0.0 0.0 0.0 0.0 0.0 0.0 0.0 0.029975891 0.0 0.0 0.023187054 0.069644645 0.0 0.08296546 0.040086217 0.0 0.0068595433 0.0 0.004830054 0.0 0.0 0.0 0.010252036 0.05171921 0.0 0.016969027 0.055522706 0.0 0.0 0.0 0.03014902 0.006567426 0.009894983 0.034865145 0.0046500806 0.0 0.024234608 0.005268819 0.044614594 0.0 0.0 0.033009868 0.056383967 0.0 0.0 0.0 0.0 0.10334235 0.0 0.0 0.0 0.05242024 0.047055323 0.12777443
0.0 0.053361584 0.0476218 0.0 0.02436764 0.029297825 0.11140721 0.0 0.029975891 0.0 0.0 0.0 0.0 0.0 0.02951021 0.0 0.0 0.07786387 0.0 0.0 0.0 0.0 0.0 0.016521785 0.05337657 0.0 0.0 0.0013676024 0.0 0.0 0.055573426 0.015516986 0.0 0.0 0.0 0.0 0.0 0.028326893 0.0 0.11266638 0.018871518 0.0 0.0 0.0 0.040375687 0.0023865686 0.009437838 0.0 0.018462785 0.009423601 0.09213926 0.0 0.11727187 0.022532731 0.0 0.0
0.0 0.0019869264 0.10056555 0.0 0.0 0.0 0.0004397979 0.0 0.0 0.0 0.0 0.002110014 0.045620587 0.012475622 0.0 0.0 0.10538057 0.0 0.0 0.0 0.0 0.04548495 0.0 0.0025388766 0.009302443 0.031591617 0.016970107 0.0 0.09711036 0.0037754106 0.0 0.0 0.047383644 0.08574495 0.031224545 0.0 0.041329782 0.0 0.016864875 0.0134671405 0.0038881486 0.023080273 0.09935345 0.0 0.0490735 0.0 0.06169791 0.043027807 0.0 0.079289176 0.0063632294 0.0 0.0 0.0 0.0 0.10137402
0.0 0.0 0.032082055 0.012224268 0.015962308 0.0 0.0 0.0 0.0 0.0 0.002110014 0.031867873 0.0 0.0 0.0005618339 0.01037939 0.10618035 0.01114045 0.10014438 0.021684464 0.020804953 0.0 0.0 0.0 0.0 0.0 0.0 0.0 0.009155696 0.09786334 0.0 0.0 0.0 0.02122928 0.0 0.0 0.0 0.04508464 0.087896146 0.0 0.009521686 0.024517 0.0 0.09497302 0.031697474 0.0 0.026484445 0.0 0.057255995 0.0 0.025939276 0.0 0.009257104 0.0 0.0 0.0
0.0 0.18029897 0.0 0.040109735 0.05461627 0.01972309 0.066049434 0.057690285 0.023187056 0.0 0.045620587 0.0 0.065158226 0.0 0.042917732 0.0 0.0 0.016849592 0.0 0.0 0.0 0.0 0.0 0.08640015 0.0 0.0 0.0 0.0 0.009555937 0.0 0.0 0.0047174515 0.0 0.031148385 0.0 0.007401695 0.0 0.0 0.0 0.07556803 0.0 0.0 0.0068068416 0.0 0.0 0.08105969 0.10415981 0.009729711 0.03710226 0.0 0.0 0.0 0.0 0.0 0.0 0.0
0.0 0.0 0.0 0.028508559 0.0 0.036701992 0.0 0.029032633 0.069644645 0.0 0.012475622 0.0 0.0 0.0 0.016542125 0.03684174 0.0 0.06561664 0.0 0.029699987 0.04498126 0.0 0.15565671 0.06950544 0.0 0.0 0.026452506 0.01834329 0.0 0.0 0.0304613 0.06903569 0.0069691287 0.0 0.004108573 0.016961133 0.0 0.0 0.0 0.0 0.0025349257 0.028455915 0.0 0.01887247 0.0 0.09630903 0.0 0.12119629 0.0 0.0 0.085612915 0.016807985 0.0 0.0 0.058426023 0.0
0.0 0.047568362 0.043048944 0.0 0.00345489 0.0 0.0064769015 0.011419152 0.0 0.02951021 0.0 0.0005618339 0.04291773 0.016542125 0.094758034 0.0 0.026311003 0.0 0.022185767 0.0014851306 0.031467035 0.024536988 0.0 0.04734683 0.05973848 0.0 0.003223832 0.0 0.041025933 0.00924935 0.0 0.015570238 0.0 0.06860468 0.016029466 0.0 0.018846963 0.002542953 0.02912026 0.0 0.015238609 0.0 0.025100477 0.0 0.0 0.0 0.089492775 0.0 0.0381334 0.0 0.012004638 0.0 0.030417157 0.0 0.0 0.011387984
0.0 0.0 0.0 0.032173388 0.0 0.025160722 0.0 0.0 0.08296546 0.0 0.0 0.010379389 0.0 0.03684174 0.0 0.0 0.0 0.0 0.0 0.014738999 0.011623945 0.0076540424 0.0 0.0 0.13496251 0.00091310433 0.049941543 0.01772396 0.0 0.0 0.02037217 0.04291671 0.0 0.0 0.0 0.0 0.0 0.0 0.04170689 0.0 0.013693462 0.010477496 0.0 0.15333632 0.0 0.016903551 0.0 0.07821127 0.0 0.0 0.0 0.0 0.04311331 0.0 0.036573187 0.0
0.0 0.0 0.00612773 0.08505215 0.04508481 0.0 0.0 0.0 0.040086217 0.0 0.10538057 0.10618034 0.0 0.0 0.026311003 0.0 0.0 0.06708045 0.036219377 0.050531365 0.0 0.0 0.030281426 0.0 0.0064632455 0.0 0.0 0.0 0.0 0.0 0.0 0.024149012 0.0 0.0 0.0 0.0 0.0 0.09236187 0.052911263 0.040137995 0.0 0.0 0.0 0.0055075297 0.0 0.062528685 0.0 0.0 0.0 0.0 0.048643254 0.034309216 0.0031945468 0.004290789 0.0 0.0
0.0037739247 0.0 0.0 0.0070971567 0.0 0.0 0.0 0.0053403974 0.0 0.07786388 0.0 0.01114045 0.016849592 0.065616645 0.0 0.0 0.06708045 0.0 0.01491356 0.0 0.0 0.0 0.0 0.01313616 0.0062248874 0.10354507 0.0 0.0 0.04719335 0.0087325405 0.0 0.0 0.0 0.03898146 0.05400656 0.0 0.0 0.0 0.044141825 0.085503556 0.0 0.0 0.0286652 0.048140932 0.019469807 0.0 0.005922522 0.0 0.0 0.036294498 0.018631859 0.0 0.0 0.054390047 0.0 0.041125607
0.0 0.023439927 0.0 0.059009142 0.13844083 0.009872744 0.0 0.0 0.006859543 0.0 0.0 0.10014438 0.0 0.0 0.022185765 0.0 0.036219377 0.014913561 0.0667658 0.0155273145 0.14019583 0.0 0.0 0.0 0.012157174 0.0 0.013571397 0.0 0.0 0.0 0.049649127 0.019161865 0.05531243 0.008378935 0.0 0.025874274 0.0 0.040098134 0.054923456 0.009184611 0.0 0.0 0.062582895 0.0 0.0 0.048485707 0.07740189 0.0 0.010537406 0.020784741 0.006573461 0.0 0.02804268 0.0033519221 0.015504495 0.0
0.0 0.0 0.021468464 0.0 0.0 0.0 0.0 0.0 0.0 0.0 0.0 0.021684464 0.0 0.029699987 0.0014851307 0.014738998 0.050531365 0.0 0.0155273145 0.038467616 0.04039962 0.018743651 0.052803293 0.0 0.0 0.0 0.103161246 0.0 0.0 0.06711446 0.0 0.078260295 0.082386345 0.0 0.0 0.0 0.0 0.03911916 0.017609823 0.0 0.0 0.0 0.02831921 0.0 0.0 0.06405028 0.02459071 0.0 0.04473169 0.0 0.018104484 0.0 0.09376643 0.0 0.0 0.0
0.0 0.0 0.06830097 0.0018743073 0.0 0.0 0.0 0.0 0.0048300535 0.0 0.0 0.020804953 0.0 0.04498126 0.031467035 0.011623946 0.0 0.0 0.14019582 0.04039962 0.0 0.0 0.0 0.0 0.0 0.0 0.0 0.0 0.0 0.0 0.0 0.0 0.021350514 0.0 0.0 0.00401898 0.0 0.006812711 0.05246473 0.0 0.0 0.0 0.08962051 0.0 0.057287183 0.0 0.0 0.0 0.023222152 0.0 0.0668941 0.0 0.0 0.14569391 0.0 0.0
0.0 0.0 0.0 0.0 0.030431319 0.0 0.0 0.016544782 0.0 0.0 0.04548495 0.0 0.0 0.0 0.024536988 0.007654043 0.0 0.0 0.0 0.018743653 0.0 0.05409531 0.041730992 0.0 0.0 0.0 0.05089485 0.051320277 0.0 0.02642216 0.0 0.0 0.0 0.011871835 0.024330292 0.0 0.0 0.04614819 0.037728906 0.004319192 0.0 0.01671052 0.0 0.040699214 0.0 0.012032784 0.0 0.034035433 0.035791315 0.012095078 0.061837904 0.0050607547 0.050128836 0.0 0.0 0.0
0.0 0.0 0.0 0.0 0.0 0.0 0.014766394 0.0 0.0 0.0 0.0 0.0 0.0 0.15565671 0.0 0.0 0.03028143 0.0 0.0 0.052803293 0.0 0.041730996 0.0 0.0 0.21230757 0.08755209 0.010667796 0.07739184 0.014811695 0.057957016 0.0 0.01580139 0.07192007 0.0 0.0 0.0 0.0 0.0 0.0 0.0 0.0 0.022017965 0.015954638 0.045859806 0.0 0.0 0.0 0.07030587 0.0 0.004363874 0.0 0.0 0.05865444 0.0 0.0 0.0
0.0981569 0.0 0.0 0.0 0.0 0.030693358 0.0032816296 0.0 0.0 0.016521785 0.0025388766 0.0 0.08640015 0.069505446 0.047346834 0.0 0.0 0.013136161 0.0 0.0 0.0 0.0 0.0 0.04627066 0.0 0.0 0.0 0.051358007 0.0 0.0 0.02906869 0.0 0.0 0.0 0.033484187 0.0 0.084653854 0.0 0.0 0.0 0.14022315 0.0 0.010064365 0.04930152 0.0127868205 0.027408097 0.0 0.04664252 0.0 0.036733218 0.046986863 0.0 0.0 0.0 0.116749674 0.0
0.0 0.035319712 0.0 0.0 0.0 0.0 0.028127061 0.034573726 0.010252036 0.05337657 0.009302443 0.0 0.0 0.0 0.05973848 0.13496253 0.0064632455 0.0062248874 0.012157174 0.0 0.0 0.0 0.21230759 0.0 0.0 0.06792085 0.044742737 0.024534998 0.0 0.0 0.0 0.01669052 0.0 0.0 0.025864875 0.07035526 0.009677632 0.0 0.0 0.04556283 0.0 0.0 0.0 0.0 0.0045771995 0.032090716 0.0 0.034159236 0.0 0.0 0.029010843 0.010497962 0.0 0.0 0.0 0.0
0.017855253 0.0 0.0 0.094893105 0.0 0.022873266 0.0 0.0 0.051719215 0.0 0.031591617 0.0 0.0 0.0 0.0 0.00091310433 0.0 0.10354507 0.0 0.0 0.0 0.0 0.08755209 0.0 0.06792085 0.0 0.0 0.0024870415 0.0 0.0 0.021897525 0.0402633 0.04397458 0.0 0.0 0.0 0.0 0.0 0.0 0.05702332 0.022683432 0.016609237 0.0 0.10331105 0.0 0.019052899 0.0 0.06582044 0.028229669 0.0 0.0 0.0027981228 0.088991456 0.0 0.029302973 0.0
0.030803861 0.024075318 0.0 0.008146246 0.0 0.0 0.0 0.017323809 0.0 0.0 0.016970107 0.0 0.0 0.026452504 0.003223832 0.04994154 0.0 0.0 0.0135713965 0.103161246 0.0 0.050894845 0.010667796 0.0 0.044742737 0.0 0.049927633 0.040450864 0.0 0.020499289 0.011449245 0.030750524 0.0680246 0.024890771 0.024056364 0.004199748 0.056685213 0.061024502 0.008085812 0.0 0.0 0.100057214 0.052162785 0.016847486 0.021750756 0.0 0.030866286 0.03480252 0.0031009025 0.0 0.0 0.0 0.019714652 0.004896986 0.0 0.0
0.0 0.0 0.0 0.02908983 0.032515343 0.009928745 0.03033283 0.04102897 0.016969025 0.0013676023 0.0 0.0 0.0 0.01834329 0.0 0.01772396 0.0 0.0 0.0 0.0 0.0 0.051320277 0.07739183 0.051358007 0.024534998 0.0024870415 0.04045086 0.027135676 0.0 0.0 0.0 0.0 0.048953757 0.0 0.005877144 0.0 0.00073724467 0.0 0.0 0.06258512 0.097625986 0.035571836 0.0007078045 0.05259006 0.0 0.010002589 0.0 0.09577081 0.037234984 0.0 0.04802801 0.0 0.017819382 0.0 0.0 0.0
0.0 0.044909462 0.0 0.009934372 0.027450243 0.14276181 0.0 0.048092958 0.055522706 0.0 0.09711036 0.009155697 0.009555937 0.0 0.041025933 0.0 0.0 0.04719335 0.0 0.0 0.0 0.0 0.014811695 0.0 0.0 0.0 0.0 0.0 0.0 0.0 0.06820005 0.024067895 0.0 0.0 0.0 0.0 0.0 0.0 0.0 0.04933534 0.0 0.0 0.0 0.0 0.0 0.0 0.0 0.0 0.0 0.0 0.0 0.12944801 0.0 0.043663595 0.08866629 0.0
0.0 0.0 0.0 0.061853316 0.024420809 0.0 0.022029083 0.012785661 0.0 0.0 0.0037754106 0.09786334 0.0 0.0 0.00924935 0.0 0.0 0.00873254 0.0 0.06711446 0.0 0.02642216 0.057957016 0.0 0.0 0.0 0.020499289 0.0 0.0 0.0701347 0.009406121 0.0 0.024318956 0.0 0.0 0.067328446 0.0 0.0 0.07426835 0.012305245 0.0 0.019388627 0.0773171 0.0 0.041416764 0.0 0.0 0.0 0.0 0.0 0.0 0.0 0.03545813 0.10121204 0.01278353 0.0
0.045250136 0.0 0.0 0.0 0.0 0.0 0.0 0.022711521 0.0 0.055573422 0.0 0.0 0.0 0.0304613 0.0 0.02037217 0.0 0.0 0.049649127 0.0 0.0 0.0 0.0 0.02906869 0.0 0.021897525 0.011449245 0.0 0.06820005 0.009406121 0.0 0.0 0.0 0.113905475 0.104171745 0.037436455 0.0672594 0.0 0.005745914 0.0 0.0 0.0 0.0 0.0 0.033692166 0.019284496 0.0 0.0 0.0 0.016542874 0.0 0.18159504 0.0 0.0 0.0017720679 0.011585657
0.0 0.030066341 0.0 0.0 0.0 0.0 0.0 0.0 0.0 0.015516985 0.0 0.0 0.0047174515 0.06903569 0.015570238 0.04291671 0.02414901 0.0 0.019161865 0.078260295 0.0 0.0 0.01580139 0.0 0.01669052 0.040263303 0.030750524 0.0 0.024067897 0.0 0.0 0.0 0.0 0.04574124 0.0 0.0 0.0 0.014607286 0.14060874 0.01999928 0.0 0.0 0.103935294 0.0 0.0 0.014297311 0.02163998 0.0 0.0 0.058965214 0.058498487 0.0 0.0 0.017952804 0.0 0.0
0.0 0.0 0.0 0.07580307 0.0 0.021956982 0.0 0.0 0.030149018 0.0 0.047383644 0.0 0.0 0.0069691287 0.0 0.0 0.0 0.0 0.055312425 0.08238634 0.021350514 0.0 0.07192007 0.0 0.0 0.043974582 0.0680246 0.048953757 0.0 0.024318956 0.0 0.0 0.0066116354 0.019242883 0.03573484 0.018478613 0.0 0.050320357 0.0 0.0 0.0 0.0 0.0 0.0 0.0 0.029278712 0.0 0.017152129 0.040192913 0.0 0.13370138 0.057205465 0.0 0.02499441 0.0 0.0
0.0 0.0 0.0203552 0.0 0.06439933 0.01807427 0.03766349 0.00057647255 0.006567426 0.0 0.085744955 0.021229278 0.031148383 0.0 0.06860468 0.0 0.0 0.03898146 0.008378935 0.0 0.0 0.011871835 0.0 0.0 0.0 0.0 0.024890771 0.0 0.0 0.0 0.113905475 0.045741245 0.019242883 0.0 0.04724155 0.0 0.0 0.0 0.0 0.0062408354 0.010528782 0.035181277 0.027338807 0.0 0.0 0.0 0.0 0.0 0.07713583 0.07030029 0.0 0.0 0.033566967 0.0 0.051646713 0.0
0.05988084 0.099059835 0.031960156 0.011093545 0.005574172 0.0187737 0.08741381 0.047599304 0.009894983 0.0 0.031224545 0.0 0.0 0.0041085733 0.016029466 0.0 0.0 0.05400656 0.0 0.0 0.0 0.02433029 0.0 0.033484187 0.025864877 0.0 0.024056364 0.0058771437 0.0 0.0 0.104171745 0.0 0.03573484 0.047241546 0.0643822 0.0 0.029636767 0.0 0.0 0.04325218 0.027416933 0.02021464 0.011900001 0.0 0.0018485398 0.0 0.030873273 0.04843278 0.015569399 0.0 0.022439007 0.0 0.0 0.0 0.09959891 0.0
0.0 0.07497913 0.057494134 0.0 0.0028115185 0.07251363 0.0 0.0 0.034865145 0.0 0.0 0.0 0.007401695 0.016961131 0.0 0.0 0.0 0.0 0.025874276 0.0 0.0040189796 0.0 0.0 0.0 0.07035525 0.0 0.004199748 0.0 0.0 0.067328446 0.037436455 0.0 0.018478613 0.0 0.0 0.043392174 0.0 0.046334833 0.0 0.013386098 0.053109568 0.055846956 0.033475913 0.0 0.0 0.0 0.022948157 0.0068061696 0.0 0.015255423 0.0 0.0 0.11711469 0.025275307 0.033101108 0.0
0.04870427 0.035404086 0.09376733 0.0040305573 0.08093617 0.018258324 0.03841403 0.0 0.00465008 0.0 0.041329782 0.0 0.0 0.0 0.018846963 0.0 0.0 0.0 0.0 0.0 0.0 0.0 0.0 0.084653854 0.009677632 0.0 0.056685213 0.00073724467 0.0 0.0 0.06725941 0.0 0.0 0.0 0.029636765 0.0 0.020986635 0.0 0.0 0.005444649 0.0072480184 0.02550169 0.028148318 0.0 0.013053208 0.0 0.10105554 0.0 0.099855565 0.018305445 0.0 0.0 0.039460436 0.023444453 0.016178831 0.0
0.00813606 0.0 0.050909143 0.0 0.014258914 0.0 0.0 0.0 0.0 0.028326893 0.0 0.045084637 0.0 0.0 0.002542953 0.0 0.09236187 0.0 0.04009814 0.039119158 0.006812711 0.046148192 0.0 0.0 0.0 0.0 0.061024502 0.0 0.0 0.0 0.0 0.014607286 0.050320353 0.0 0.0 0.046334833 0.0 0.022477014 0.067752354 0.0 0.0 0.0 0.06518213 0.0 0.032044947 0.0 0.07537449 0.01949446 0.0 0.08401965 0.0 0.0 0.0 0.0 0.0 0.0
0.0 0.0061613116 0.0 0.12864454 0.080394566 0.0 0.0 0.0 0.024234606 0.0 0.016864875 0.087896146 0.0 0.0 0.02912026 0.041706886 0.052911263 0.044141825 0.054923456 0.017609823 0.05246473 0.037728906 0.0 0.0 0.0 0.0 0.008085813 0.0 0.0 0.07426834 0.005745914 0.14060874 0.0 0.0 0.0 0.0 0.0 0.067752354 0.05582065 0.0 0.0 0.021323062 0.0 0.018308053 0.0 0.05454013 0.0 0.006313577 0.078744985 0.0 0.0 0.0 0.02707334 0.0 0.0 0.0
0.08018018 0.015068983 0.0 0.008309299 0.0 0.0 0.0262349 0.031574335 0.005268819 0.11266638 0.0134671405 0.0 0.07556802 0.0 0.0 0.0 0.040137995 0.085503556 0.00918461 0.0 0.0 0.004319192 0.0 0.0 0.04556283 0.057023317 0.0 0.06258512 0.04933534 0.012305245 0.0 0.019999279 0.0 0.0062408354 0.04325218 0.013386098 0.005444649 0.0 0.0 0.0 0.007952404 0.015971074 0.0036510834 0.06269001 0.0 0.0 0.0 0.0 0.0 0.026871681 0.0 0.0 0.0 0.0 0.0 0.18350632
0.16482672 0.026408715 0.0 0.0 0.0 0.0 0.030165778 0.09896449 0.044614594 0.01887152 0.0038881483 0.009521686 0.0 0.002534926 0.015238609 0.013693462 0.0 0.0 0.0 0.0 0.0 0.0 0.0 0.14022313 0.0 0.022683432 0.0 0.097625986 0.0 0.0 0.0 0.0 0.0 0.010528782 0.027416933 0.05310957 0.007248018 0.0 0.0 0.007952403 0.0 0.006992985 0.0 0.0 0.0 0.0 0.0 0.014033138 0.021291904 0.0 0.0 0.16316031 0.0 0.0 0.012077152 0.0096787065
0.05045176 0.0 0.0 0.0 0.0 0.0021973737 0.0 0.012153447 0.0 0.0 0.023080273 0.024517002 0.0 0.028455913 0.0 0.010477495 0.0 0.0 0.0 0.0 0.0 0.01671052 0.022017967 0.0 0.0 0.016609237 0.100057214 0.03557184 0.0 0.019388625 0.0 0.0 0.0 0.03518128 0.02021464 0.055846956 0.02550169 0.0 0.021323062 0.015971074 0.006992985 0.0 0.0406597 0.0 0.060519207 0.0 0.0 0.0 0.0 0.0024000283 0.008454342 0.028783562 0.0 0.1125848 0.07830771 0.1102635
0.0 0.024595432 0.011599673 0.026135432 0.04990683 0.0 0.0 0.0 0.0 0.0 0.09935345 0.0 0.0068068416 0.0 0.025100477 0.0 0.0 0.0286652 0.062582895 0.02831921 0.08962051 0.0 0.015954638 0.010064364 0.0 0.0 0.052162785 0.0007078045 0.0 0.0773171 0.0 0.103935294 0.0 0.027338808 0.011900001 0.033475917 0.02814832 0.06518213 0.0 0.0036510832 0.0 0.0406597 0.0 0.0 0.0 0.09017914 0.0 0.0 0.04617019 0.0 0.0 0.0 0.0078096655 0.0 0.0 0.0
0.0 0.0 0.0 0.0 0.051545434 0.0 0.0 0.084277555 0.033009868 0.0 0.0 0.09497302 0.0 0.01887247 0.0 0.15333632 0.0055075297 0.04814093 0.0 0.0 0.0 0.040699214 0.045859806 0.04930152 0.0 0.10331105 0.016847484 0.05259006 0.0 0.0 0.0 0.0 0.0 0.0 0.0 0.0 0.0 0.0 0.018308053 0.06269001 0.0 0.0 0.0 0.0173082 0.0 0.0 0.0 0.002731658 0.0 0.0 0.021612305 0.03261353 0.007187034 0.0 0.0 0.0040162117
0.0 0.0058503253 0.03544828 0.10901921 0.086515054 0.13231465 0.092596844 0.037778784 0.056383967 0.040375683 0.049073495 0.031697474 0.0 0.0 0.0 0.0 0.0 0.019469805 0.0 0.0 0.057287183 0.0 0.0 0.0127868205 0.0045771995 0.0 0.021750754 0.0 0.0 0.041416764 0.033692166 0.0 0.0 0.0 0.0018485398 0.0 0.013053207 0.032044947 0.0 0.0 0.0 0.060519204 0.0 0.0 0.0037984184 0.0 0.0 0.030997802 0.04692774 0.0 0.0015010103 0.0 0.07899449 0.0 0.0 0.0
0.0 0.0 0.0 0.01196338 0.0 0.0 0.0 0.017597849 0.0 0.0023865686 0.0 0.0 0.08105969 0.09630903 0.0 0.01690355 0.062528685 0.0 0.048485707 0.06405028 0.0 0.012032783 0.0 0.027408097 0.032090712 0.019052899 0.0 0.010002589 0.0 0.0 0.019284498 0.014297312 0.02927871 0.0 0.0 0.0 0.0 0.0 0.05454013 0.0 0.0 0.0 0.09017914 0.0 0.0 0.023840163 0.0 0.0 0.0 0.0 0.017065892 0.0 0.0 0.0 0.0 0.0
0.023281997 0.0010385269 0.0 0.0 0.0 0.009943418 0.0 0.0 0.0 0.009437837 0.061697908 0.026484447 0.10415981 0.0 0.089492775 0.0 0.0 0.0059225224 0.07740189 0.02459071 0.0 0.0 0.0 0.0 0.0 0.0 0.030866286 0.0 0.0 0.0 0.0 0.02163998 0.0 0.0 0.03087327 0.022948155 0.10105554 0.07537449 0.0 0.0 0.0 0.0 0.0 0.0 0.0 0.0 0.0 0.0 0.0 0.035005055 0.012162925 0.0 0.0 0.0 0.0 0.0
0.01682244 0.0 0.0 0.0 0.0 0.0 0.0 0.0 0.0 0.0 0.043027803 0.0 0.009729711 0.1211963 0.0 0.07821127 0.0 0.0 0.0 0.0 0.0 0.034035437 0.07030588 0.046642516 0.034159236 0.06582044 0.034802523 0.09577081 0.0 0.0 0.0 0.0 0.017152129 0.0 0.04843278 0.0068061696 0.0 0.01949446 0.0063135773 0.0 0.014033138 0.0 0.0 0.002731658 0.030997802 0.0 0.0 0.0 0.0 0.04964095 0.09068857 0.0 0.0 0.0 0.0123746805 0.020931177
0.0 0.0 0.06662243 0.002553383 0.0 0.0 0.0 0.0046232166 0.0 0.018462785 0.0 0.057256 0.037102256 0.0 0.038133398 0.0 0.0 0.0 0.010537406 0.044731688 0.023222154 0.035791315 0.0 0.0 0.0 0.028229667 0.0031009025 0.037234988 0.0 0.0 0.0 0.0 0.040192913 0.07713583 0.015569399 0.0 0.09985557 0.0 0.07874499 0.0 0.021291904 0.0 0.046170194 0.0 0.046927735 0.0 0.0 0.0 0.0 0.0 0.0 0.009084998 0.0 0.035803013 0.0 0.0
0.0 0.0 0.0 0.10986082 0.025328305 0.028385215 0.0 0.012118084 0.10334235 0.009423601 0.079289176 0.0 0.0 0.0 0.0 0.0 0.0 0.036294498 0.020784743 0.0 0.0 0.012095079 0.004363874 0.036733218 0.0 0.0 0.0 0.0 0.0 0.0 0.016542876 0.058965214 0.0 0.07030029 0.0 0.015255422 0.018305445 0.08401965 0.0 0.026871681 0.0 0.002400028 0.0 0.0 0.0 0.0 0.035005055 0.04964095 0.0 0.0 0.0 0.06343466 0.0 0.0 0.036695916 0.0
0.0 0.0 0.0 0.0 0.0 0.0 0.0 0.0 0.0 0.09213926 0.0063632294 0.025939278 0.0 0.08561292 0.012004638 0.0 0.048643254 0.01863186 0.0065734615 0.018104484 0.0668941 0.061837904 0.0 0.046986867 0.029010843 0.0 0.0 0.04802801 0.0 0.0 0.0 0.058498487 0.13370138 0.0 0.022439009 0.0 0.0 0.0 0.0 0.0 0.0 0.008454341 0.0 0.021612305 0.0015010103 0.017065894 0.012162925 0.09068857 0.0 0.0 0.11650282 0.0 0.0 0.0 0.0036343462 0.0
0.009233151 0.0 0.02817642 0.0 0.0 0.08238247 0.06268131 0.0 0.0 0.0 0.0 0.0 0.0 0.016807985 0.0 0.0 0.03430922 0.0 0.0 0.0 0.0 0.0050607547 0.0 0.0 0.010497962 0.002798123 0.0 0.0 0.12944801 0.0 0.18159504 0.0 0.05720547 0.0 0.0 0.0 0.0 0.0 0.0 0.0 0.16316032 0.028783564 0.0 0.03261353 0.0 0.0 0.0 0.0 0.009084998 0.06343466 0.0 0.0 0.020948056 0.030392798 0.0 0.0
0.0 0.0 0.0 0.0 0.0 0.0 0.0 0.052561346 0.0 0.11727187 0.0 0.009257104 0.0 0.0 0.030417157 0.04311331 0.0031945468 0.0 0.02804268 0.09376643 0.0 0.050128836 0.058654442 0.0 0.0 0.088991456 0.019714652 0.01781938 0.0 0.035458133 0.0 0.0 0.0 0.03356697 0.0 0.11711469 0.039460436 0.0 0.02707334 0.0 0.0 0.0 0.007809666 0.007187034 0.07899449 0.0 0.0 0.0 0.0 0.0 0.0 0.020948056 0.0 0.0 0.0 0.0228559
0.048722018 0.0 0.0 0.06267315 0.020050861 0.026195973 0.03683677 0.0 0.052420236 0.022532731 0.0 0.0 0.0 0.0 0.0 0.0 0.0042907894 0.054390043 0.0033519221 0.0 0.14569391 0.0 0.0 0.0 0.0 0.0 0.004896986 0.0 0.043663595 0.10121204 0.0 0.017952804 0.02499441 0.0 0.0 0.025275307 0.023444453 0.0 0.0 0.0 0.0 0.11258481 0.0 0.0 0.0 0.0 0.0 0.0 0.035803013 0.0 0.0 0.0303928 0.0 0.0 0.0 0.03464689
0.09799604 0.0 0.0060631544 0.0 0.0 0.0 0.0 0.05884085 0.047055323 0.0 0.0 0.0 0.0 0.058426023 0.0 0.036573187 0.0 0.0 0.015504495 0.0 0.0 0.0 0.0 0.11674968 0.0 0.029302973 0.0 0.0 0.08866629 0.01278353 0.0017720679 0.0 0.0 0.051646713 0.099598914 0.033101108 0.016178831 0.0 0.0 0.0 0.012077152 0.07830771 0.0 0.0 0.0 0.0 0.0 0.0123746805 0.0 0.036695916 0.0036343464 0.0 0.0 0.0 0.0 0.052548677
0.0 0.0 0.0 0.0 0.0 0.1254938 0.014342104 0.13394345 0.12777443 0.0 0.10137402 0.0 0.0 0.0 0.011387984 0.0 0.0 0.041125607 0.0 0.0 0.0 0.0 0.0 0.0 0.0 0.0 0.0 0.0 0.0 0.0 0.011585657 0.0 0.0 0.0 0.0 0.0 0.0 0.0 0.0 0.18350632 0.0096787065 0.110263504 0.0 0.0040162117 0.0 0.0 0.0 0.020931177 0.0 0.0 0.0 0.0 0.022855898 0.03464689 0.052548677 0.0
