0.041507248 0.010779702 0.0 0.0 0.0669007 0.015026159 0.0 0.04766961 0.046544638 0.0 0.03001486 0.0 0.0 0.0 0.033279236 0.053174455 0.0 0.0 0.107765354 0.0 0.022101237 0.0 0.0011438769 0.13966423 0.0 0.0 0.0 0.0 0.0 0.0073994 0.0 0.14599569 0.0056357873 0.0 0.08486164 0.0 0.041652374 0.0 0.0 0.0 0.0 0.0 0.111994326 0.0 0.0 0.0 0.0 0.0 0.0 0.0 0.0048714066 0.09827999 0.011758593 0.0040550353 0.0032986074 0.0
0.010779703 0.0 0.0 0.0 0.015222338 0.0 0.0072055883 0.02013554 0.0 0.1347686 0.0 0.0021818236 0.0595127 0.037481286 0.0 0.0 0.0 0.038753953 0.026927905 0.04807534 0.0 0.0 0.0 0.0 0.008763237 0.0 0.0 0.0 0.17425826 0.0 0.0 0.0 0.0 0.085328326 0.0047362526 0.045861244 0.03658665 0.030856397 0.0 7.212505e-05 0.046906456 0.008696567 0.009183764 0.050100952 0.029120043 0.040784292 0.0 0.0 0.0029623287 0.0397957 0.0 0.0 0.0 0.002361816 0.0 0.040344168
0.0 0.0 0.05388666 0.08024256 0.1437693 0.0076162387 0.0 0.0 0.03660529 0.0 0.0 0.093221575 0.0 0.0 0.0 0.0 0.014062033 0.033659656 0.0 0.0078421235 0.0 0.0 0.0 0.0 0.138843 0.0 0.0 0.0 0.01191493 0.032876335 0.10630385 0.05843484 0.0 0.04252482 0.0 0.0 0.0 0.0018728701 0.01618676 0.0 0.0027157166 0.035467174 0.0 0.010585677 0.0 0.0041295816 0.035106946 0.0 0.039007366 0.0 0.0 0.0 0.079179555 0.009096128 0.0 0.0
0.0 0.0 0.08024255 0.0 0.0 0.0 0.0 0.027467404 0.0 0.0 0.0 0.013015278 0.04546938 0.0110104 0.0 0.0 0.05298113 0.0 0.0 0.0 0.0 0.0832876 0.020458277 0.0 0.0 0.090422235 0.0 0.043067295 0.095632635 0.018588435 0.0 0.0 0.046972536 0.08554013 0.0 0.0 0.0 0.013809694 0.022314176 0.046949428 0.0 0.053620227 0.0 0.006689587 0.010835351 0.005623197 0.0 0.0 0.0045461864 0.05340027 0.022509987 0.0 0.019791234 0.0061413017 0.0 0.06972768
0.0669007 0.015222338 0.14376928 0.0 0.0 0.0058674035 0.022086633 0.006545823 0.0 0.008555846 0.0 0.003089392 0.0 0.0 0.0 0.0 0.04533085 0.057416603 0.0 0.02734316 0.0 0.0 0.0 0.0 0.0 0.0 0.0 0.06685555 0.074136674 0.08951758 0.0 0.0 0.0 0.03949988 0.0007916515 0.0 0.0 0.019375404 0.0 0.0 0.0 0.034610216 0.0 0.0 0.0 0.12693572 0.0 0.0 0.038698617 0.046637446 0.0 0.0 0.0 0.03106093 0.0 0.0
0.01502616 0.0 0.007616238 0.0 0.005867404 0.026697448 0.0 0.023298929 0.0 0.022964029 0.0 0.030499388 0.0 0.05666006 0.0 0.0 0.0 0.03437579 0.0 0.0 0.09625203 0.0 0.00059392664 0.0 0.0 0.035495758 0.0 0.0 0.0 0.018807521 0.010753864 0.0 0.00693056 0.0130693605 0.0 0.065919794 0.0049294406 0.043655727 0.018950457 0.0417709 0.01104218 0.009615432 0.0 0.122155786 0.006486518 0.04032381 0.0029563326 0.009934455 0.0060709813 0.018595837 0.0 0.0 0.0 0.0688716 0.006179111 0.0
0.0 0.0072055883 0.0 0.0 0.022086633 0.0 0.04995933 0.023351299 0.0 0.009589926 0.0 0.0 0.0 0.05144457 0.0 0.0 0.0 0.0 0.024510155 0.0 0.0 0.0 0.035568357 0.0 0.017425455 0.0 0.0 0.0 0.030512655 0.0 0.0 0.0 0.0 0.0 0.07053689 0.026676046 0.030773861 0.06567831 0.0 0.0019184323 0.14391705 0.0 0.06656271 0.0 0.0146261575 0.022737132 0.0 0.0 0.0 3.911086e-07 0.00813922 0.01215889 0.004557742 0.0 0.0 0.0358908
0.047669604 0.020135539 0.0 0.027467404 0.006545823 0.023298929 0.023351299 0.14227341 0.010214748 0.063970745 0.0 0.0 0.0 0.030721728 0.0 0.06797162 0.0 0.0 0.02947146 0.0 0.0 0.0 0.021671638 0.06614845 0.0 0.0 0.0 0.00070294173 0.066319466 0.0 0.0 0.0 0.0 0.045897946 0.08378662 0.0 0.077210285 0.0 0.0810455 0.0 0.0 0.0 0.039128285 0.0 0.0 0.005736204 0.0 0.0 0.0 0.0 0.0 0.055878773 0.0064782845 0.0 0.0 0.040721457
0.046544638 0.0 0.03660529 0.0 0.0 0.0 0.0 0.010214748 0.07170025 0.0 0.06261516 0.0 0.015714109 0.0 0.00081018795 0.0 0.024808375 7.627351e-09 0.0 0.057010703 0.0 0.035052117 0.0 0.010329873 0.0 0.013202321 0.0 0.0 0.019326331 0.0 0.013315036 0.0051813014 0.0 0.061815903 0.0 9.504656e-08 0.0 0.09871459 0.0 0.0 0.0 0.10391117 0.0 0.04427655 0.027141744 0.093731314 0.015944716 0.0 0.056818623 0.0 0.0 0.0075596757 0.0 0.0 0.0 0.0
0.0 0.1347686 0.0 0.0 0.008555845 0.022964029 0.009589925 0.063970745 0.0 0.0 0.013849853 0.0 0.0 0.0 0.0 0.0 0.0 0.0 0.13952538 0.0272955 0.009333167 0.0 0.0 0.0 0.013198951 0.0 0.0 0.0 0.0 0.02362997 0.0 0.084021606 0.0 0.0 0.014307778 0.01696144 0.08007368 0.0 0.0 0.0 0.0 0.0 0.100762 0.0 0.0 0.0 0.0 0.0 0.020590132 0.0 0.006325293 0.108783685 0.0 0.0 0.038155504 0.0
0.03001486 0.0 0.0 0.0 0.0 0.0 0.0 0.0 0.06261516 0.013849853 0.055809245 0.0 0.0 0.0 0.0 0.030154295 0.013391558 0.0 0.0 0.0 0.061961956 0.01846272 0.0 0.0 0.0 0.0 0.010382525 0.044455577 0.0 0.05073445 0.0 0.0 0.03404948 0.0 0.0 0.0 0.0035397802 0.03648942 0.020798976 0.0 0.0 0.0 0.0 0.0 0.1128608 0.098414175 0.058270194 0.009526652 0.016427321 0.0 0.10390953 0.0 0.013743952 0.0 0.09749452 0.0
0.0 0.0021818238 0.093221575 0.013015278 0.003089392 0.030499386 0.0 0.0 0.0 0.0 0.0 0.08902219 0.0 0.0 0.0 0.0 0.016814226 0.04270164 0.0 0.0 0.010725095 0.037708588 0.0 0.0 0.13416356 0.0 0.0 0.0 0.0 0.05445267 0.013208966 0.0 0.008307783 0.0 0.0 0.0 0.0 0.042372335 0.037785344 0.0 0.0 0.049869273 0.0 0.06372248 0.0 0.028569609 0.0856239 0.0 0.024573352 0.0 0.0 0.0 0.043529596 0.0027458859 0.0 0.0
0.0 0.059512697 0.0 0.045469385 0.0 0.0 0.0 0.0 0.015714109 0.0 0.0 0.0 0.0 0.026362734 0.04858515 0.08810641 0.0 0.018913409 0.020148024 0.054641265 0.0 0.022579098 0.0 0.085529625 0.0 0.011868473 0.015040072 0.0 0.022108626 0.013147256 0.0 0.033874806 0.0 0.0 0.013156925 0.0 0.0062508164 0.0 0.0 0.0 0.057139266 0.0 0.0 0.0076053385 0.01617318 0.020135615 0.012610457 0.0 0.0 0.014329004 0.0 0.023943841 0.0 0.005080986 0.013389501 0.06095658
0.0 0.03748129 0.0 0.0110104 0.0 0.056660064 0.05144457 0.03072173 0.0 0.0 0.0 0.0 0.026362734 0.109839745 0.1516364 0.029444559 0.0 0.0 0.0 0.0054750172 0.040426075 0.09689147 0.0 0.04310084 0.0 0.07031181 0.024978938 0.0 0.0 0.017052315 0.0 0.0 0.0016312215 0.0 0.059172183 0.0 0.0 0.0 0.0 0.0073662163 0.06946909 0.0 0.0 0.0 0.0 0.0 0.0 0.0 0.0 0.0 0.0 0.030872058 0.033367604 0.016573783 0.007869778 0.07892943
0.033279233 0.0 0.0 0.0 0.0 0.0 0.0 0.0 0.00081018795 0.0 0.0 0.0 0.04858515 0.1516364 0.0 0.0 0.0 0.012367219 0.0 0.06583166 0.0 0.0 0.054277364 0.0 0.0 0.015583455 0.0 0.16144137 0.0 0.0004089365 0.0 0.0 0.03187347 0.0 0.0 0.0039457306 0.0294811 0.0022855052 0.0 0.05539215 0.01900878 0.0 0.0 0.0 0.019315528 0.0 0.0019873786 0.011579288 0.0 0.0 0.056521777 0.012318975 0.0 0.057863425 0.009471797 0.01606144
0.053174455 0.0 0.0 0.0 0.0 0.0 0.0 0.067971624 0.0 0.0 0.030154295 0.0 0.08810641 0.029444557 0.0 0.0 0.0 0.0 0.008492816 0.0117195295 0.0 0.01831645 0.0 0.0 0.0 0.059330605 0.0 0.01959164 0.021845564 0.0 0.0 0.0 0.023644185 0.06502718 0.037351165 0.0 0.04794555 0.0 0.0 0.0 0.0 0.07626589 0.0 0.0 0.02194899 0.0 0.0 0.0 0.0 0.039842606 0.0 0.01969194 0.0 0.068110384 0.0 0.051509302
0.0 0.0 0.014062033 0.05298113 0.04533085 0.0 0.0 0.0 0.024808375 0.0 0.013391558 0.016814226 0.0 0.0 0.0 0.0 0.0 0.08956159 0.0 0.0 0.0 0.0 0.023528568 0.0 0.13778377 0.035159454 0.0 0.0028040835 0.0 0.03952329 0.09476994 0.0 0.0 0.0 0.0 0.0 0.0 0.026903292 0.002763464 0.022601314 0.021355264 0.00838659 0.0 0.022685958 0.0 0.045697562 0.028805995 0.0 0.0 0.024377005 0.0 0.0 0.09764628 0.11248723 0.0 0.0
0.0 0.038753953 0.033659652 0.0 0.057416603 0.03437579 0.0 0.0 7.627351e-09 0.0 0.0 0.04270164 0.018913409 0.0 0.012367218 0.0 0.08956159 0.0 0.0015184908 0.0108190775 0.020368306 0.0 0.0 0.0 0.03045154 0.0019433872 0.0 0.0 0.0 0.0 0.097142905 0.0007294144 0.0 0.0 0.0 0.05321068 0.0 0.08871703 0.0 0.025933035 0.0 0.072129555 0.0072114374 0.0 0.006014779 0.0065732617 0.035145506 0.0 0.014729448 0.0 0.0 0.0 0.050125908 0.08458264 0.0 0.0
0.107765354 0.026927905 0.0 0.0 0.0 0.0 0.024510155 0.02947146 0.0 0.1395254 0.0 0.0 0.020148022 0.0 0.0 0.008492816 0.0 0.0015184908 0.0 0.0 0.0 0.0 0.0 0.0 0.0 0.0 0.0 0.09038001 0.15108612 0.0 0.0 0.0 0.0 0.10250238 0.0 0.027682528 0.08842305 0.0 0.0 0.0 0.0 0.005535533 0.014640879 0.024073245 0.03941618 0.017534345 0.0 0.0 0.0 0.0 0.0 0.008739101 0.0 0.0129271 0.0 0.062123634
0.0 0.04807534 0.0078421235 0.0 0.02734316 0.0 0.0 0.0 0.057010703 0.027295502 0.0 0.0 0.054641265 0.0054750172 0.06583166 0.0117195295 0.0 0.010819078 0.0 0.0 0.0 0.023809507 0.0064167795 0.0 0.0 0.009179429 0.017719625 0.0 0.0 0.0 0.016606653 0.0 0.10757282 0.06184256 0.0 0.0 0.011601303 0.05620719 0.0 0.04352242 0.0 0.0 0.0 0.06871931 0.0024411653 0.0 0.0 0.05136182 0.0 0.008473998 0.05712191 0.0 0.0 0.0 0.03125597 0.0
0.022101235 0.0 0.0 0.0 0.0 0.09625203 0.0 0.0 0.0 0.009333167 0.061961956 0.010725096 0.0 0.040426075 0.0 0.0 0.0 0.020368308 0.0 0.0 0.0 0.0 0.005259789 0.019972231 0.0 0.0 0.009307066 0.010516353 0.0 0.0 0.0857203 0.0 0.0 0.024485342 0.0 0.0011706233 0.0 0.048266027 0.0 0.059715483 0.0 0.0 0.0060810843 0.014051644 0.05362826 0.02145951 0.0 0.13290112 0.074378796 0.0306466 0.0 0.0 0.017184662 0.0 0.01895165 0.0
0.0 0.0 0.0 0.0832876 0.0 0.0 0.0 0.0 0.035052113 0.0 0.018462718 0.03770859 0.022579098 0.09689147 0.0 0.01831645 0.0 0.0 0.0 0.02380951 0.0 0.07888057 0.07717173 0.0 0.010479406 0.0 0.020290036 0.0 0.0 0.0 0.0 0.0 0.0 0.0 0.0 0.018458953 0.0 0.0 0.0 0.09282373 0.071109176 0.018304659 0.011755793 0.004460456 0.0057248604 0.0 0.0 0.0 0.0 0.08779524 0.0 0.011751127 0.0 0.06174941 0.002616986 0.0
0.001143877 0.0 0.0 0.02045828 0.0 0.00059392664 0.035568357 0.021671638 0.0 0.0 0.0 0.0 0.0 0.0 0.054277364 0.0 0.023528568 0.0 0.0 0.0064167795 0.005259789 0.077171735 0.0 0.0 0.0 0.0065048328 0.0753155 0.038030338 0.0 0.0 0.0 0.0 0.03195219 0.0 0.07626574 0.0 0.0 0.016320594 0.12210101 0.0 0.0 0.047417067 0.0 0.0 0.044177398 0.012586304 0.0926942 0.015139435 0.0 0.15111683 0.0 0.0 0.005584942 0.0 0.007613082 0.045804292
0.13966423 0.0 0.0 0.0 0.0 0.0 0.0 0.06614845 0.010329873 0.0 0.0 0.0 0.085529625 0.04310084 0.0 0.0 0.0 0.0 0.0 0.0 0.019972231 0.0 0.0 0.090895504 0.0 0.0 0.0 0.004608829 0.0 0.0 0.0068819993 0.03205421 0.0 0.0 0.068605736 0.0 0.019081578 0.0 0.0 0.0 0.0 0.0 0.0 0.0 0.07751637 0.0 0.0 0.0 0.0 0.0 0.13816576 0.089934655 0.0 0.0008628499 0.12448173 0.010850898
0.0 0.008763238 0.138843 0.0 0.0 0.0 0.017425455 0.0 0.0 0.013198951 0.0 0.13416356 0.0 0.0 0.0 0.0 0.13778377 0.030451542 0.0 0.0 0.0 0.010479406 0.0 0.0 0.076906264 0.018856568 0.0 0.0 0.019101882 0.07641313 0.031000786 0.0 0.010368433 0.007523419 0.0 0.06907679 0.0 0.037848607 0.0 0.024410678 0.0 0.037198048 0.002778875 0.0 0.0 0.0025596796 0.065996505 0.0 0.07492962 0.0 0.0 0.0 0.013177569 0.0 0.0 0.0
0.0 0.0 0.0 0.09042223 0.0 0.035495758 0.0 0.0 0.013202321 0.0 0.0 0.0 0.011868474 0.07031181 0.015583456 0.0593306 0.035159454 0.0019433873 0.0 0.009179429 0.0 0.0 0.0065048328 0.0 0.018856568 0.01691197 0.029040657 0.0 0.0 0.0 0.0 0.0045209737 0.037824098 0.0 0.08214134 0.0 0.0 0.0 0.0 0.056681745 0.011854302 0.0 0.114865236 0.0 0.0 0.0 0.0 0.05955 0.0 0.03763465 0.0509771 0.048040453 0.051633593 0.0 0.008974625 0.0
0.0 0.0 0.0 0.0 0.0 0.0 0.0 0.0 0.0 0.0 0.010382525 0.0 0.015040072 0.024978938 0.0 0.0 0.0 0.0 0.0 0.017719625 0.009307066 0.020290036 0.0753155 0.0 0.0 0.029040657 0.085112214 0.1676257 0.0 0.0 0.013688465 0.00444405 0.084558226 0.0 0.0 0.0 0.0 0.0 0.027609702 0.0 0.0 0.0 0.0 0.053669948 0.030118657 0.0 0.0 0.10431638 0.00947176 0.06029541 0.15544172 0.0 0.0 0.0 0.13303106 0.0
0.0 0.0 0.0 0.043067295 0.06685555 0.0 0.0 0.00070294173 0.0 0.0 0.04445558 0.0 0.0 0.0 0.16144137 0.01959164 0.0028040835 0.0 0.090380006 0.0 0.010516354 0.0 0.038030334 0.004608829 0.0 0.0 0.1676257 0.0 0.0 0.0 0.0 0.113922656 0.0 0.0 0.03882081 0.0 0.041591916 0.0 0.010649878 0.0 0.0 0.0 0.0 0.0 0.0 0.0 0.0 0.0 0.0 0.0 0.0070497934 0.0 0.023358984 0.0 0.0035301263 0.0
0.0 0.17425826 0.01191493 0.095632635 0.07413668 0.0 0.030512655 0.066319466 0.01932633 0.0 0.0 0.0 0.022108626 0.0 0.0 0.021845566 0.0 0.0 0.15108614 0.0 0.0 0.0 0.0 0.0 0.019101882 0.0 0.0 0.0 0.0 0.03167449 0.020564647 0.0 0.0 0.0 0.03592939 0.114489324 0.006775168 0.0 0.0 0.0 0.0064431047 0.0 0.055442486 0.0 0.0 0.0 0.0 0.0 0.0 0.0 0.0 0.0 0.015272704 0.0 0.0 0.009188323
0.0073994007 0.0 0.032876335 0.018588433 0.08951758 0.018807521 0.0 0.0 0.0 0.02362997 0.05073445 0.05445267 0.013147256 0.017052315 0.00040893647 0.0 0.03952329 0.0 0.0 0.0 0.0 0.0 0.0 0.0 0.07641313 0.0 0.0 0.0 0.031674493 0.0 0.0 0.017667625 0.0 0.0 0.0 0.06856179 0.0 0.03614857 0.049237628 0.04938064 0.0 0.077988654 0.0 0.049418725 0.002934835 0.0034631197 0.06803217 0.0 0.0 0.031128172 0.0 0.0 0.08268704 0.04802376 0.0 0.0
0.0 0.0 0.10630385 0.0 0.0 0.010753864 0.0 0.0 0.013315036 0.0 0.0 0.013208965 0.0 0.0 0.0 0.0 0.09476993 0.0971429 0.0 0.016606653 0.08572031 0.0 0.0 0.006882 0.031000787 0.0 0.013688465 0.0 0.020564647 0.0 0.0 0.0 0.0 0.0 0.0 0.0 0.0 0.013938484 0.024064546 0.019081054 0.0 0.10359002 0.009775792 0.02424441 0.0 0.04845065 0.07148737 0.0 0.03219155 0.013421273 0.0 0.0 0.10114677 0.0 0.0 0.0
0.14599569 0.0 0.058434844 0.0 0.0 0.0 0.0 0.0 0.005181301 0.084021606 0.0 0.0 0.033874806 0.0 0.0 0.0 0.0 0.0007294144 0.0 0.0 0.0 0.0 0.0 0.032054204 0.0 0.0045209737 0.00444405 0.11392265 0.0 0.017667627 0.0 0.0 0.0 0.019405155 0.0 0.0 0.0 0.0996509 0.0 0.013421037 0.0045016133 0.06761197 0.0 0.0 0.041030243 0.10580064 0.011501313 0.0 0.0 0.0 0.0 0.0 0.0 0.061282843 0.0 0.0
0.0056357873 0.0 0.0 0.046972536 0.0 0.00693056 0.0 0.0 0.0 0.0 0.03404948 0.008307783 0.0 0.0016312215 0.03187347 0.023644185 0.0 0.0 0.0 0.10757282 0.0 0.0 0.031952187 0.0 0.010368433 0.037824098 0.084558226 0.0 0.0 0.0 0.0 0.0 0.14990826 0.0 0.0 0.0 0.0 0.0 0.078488894 0.05566385 0.0 0.0 0.02458426 0.03606538 0.03863174 0.0 0.0 0.06515129 0.016185286 0.005277095 0.100741915 0.0 0.0 0.0 0.066235065 0.0
0.0 0.085328326 0.04252482 0.08554014 0.039499883 0.0130693605 0.0 0.045897946 0.061815903 0.0 0.0 0.0 0.0 0.0 0.0 0.065027185 0.0 0.0 0.10250238 0.06184256 0.024485344 0.0 0.0 0.0 0.007523419 0.0 0.0 0.0 0.0 0.0 0.0 0.019405156 0.0 0.0 0.0 0.1557946 0.025809985 0.011393406 0.0 0.0 0.0015836162 0.0026571942 0.10217598 0.0 0.0 0.027416259 0.0 0.0 0.0 0.0 0.0 0.01000454 0.0023933947 0.013801857 0.0 0.021434141
0.08486164 0.004736252 0.0 0.0 0.0007916515 0.0 0.07053689 0.08378662 0.0 0.014307778 0.0 0.0 0.013156924 0.059172176 0.0 0.037351165 0.0 0.0 0.0 0.0 0.0 0.0 0.076265745 0.068605736 0.0 0.08214134 0.0 0.03882081 0.035929393 0.0 0.0 0.0 0.0 0.0 0.0 0.0 0.01728276 0.0 0.0 0.027248863 0.053718943 0.0 0.020282459 0.004058686 0.0 0.0 0.0 0.0 0.0 0.0 0.042540714 0.09545758 0.0 0.0 0.07647873 0.048405353
0.0 0.045861244 0.0 0.0 0.0 0.065919794 0.026676046 0.0 9.504656e-08 0.016961439 0.0 0.0 0.0 0.0 0.00394573 0.0 0.0 0.053210683 0.027682526 0.0 0.0011706233 0.018458955 0.0 0.0 0.06907679 0.0 0.0 0.0 0.114489324 0.06856179 0.0 0.0 0.0 0.1557946 0.0 0.0 0.0 0.02822048 0.0 0.0 0.0 0.04853245 0.0 0.0 0.0 0.07887403 0.0 0.0 0.03532288 0.0 0.0 0.013417107 0.013600538 0.0 0.010932577 0.0
0.041652378 0.03658665 0.0 0.0 0.0 0.0049294406 0.030773861 0.077210285 0.0 0.08007367 0.0035397802 0.0 0.006250816 0.0 0.0294811 0.04794555 0.0 0.0 0.08842305 0.011601303 0.0 0.0 0.0 0.019081578 0.0 0.0 0.0 0.041591916 0.006775168 0.0 0.0 0.0 0.0 0.025809985 0.017282762 0.0 0.06462848 0.0 0.0 0.0 0.0 0.0 0.028828572 0.0 0.0 0.0 0.0 0.0 0.0 0.0 0.0 0.03395549 0.0 0.019152306 0.03286648 0.20046122
0.0 0.030856399 0.0018728701 0.013809695 0.019375404 0.04365573 0.065678306 0.0 0.09871459 0.0 0.03648942 0.04237233 0.0 0.0 0.0022855052 0.0 0.026903292 0.08871703 0.0 0.05620719 0.048266027 0.0 0.016320594 0.0 0.037848603 0.0 0.0 0.0 0.0 0.036148574 0.013938484 0.0996509 0.0 0.0113934055 0.0 0.02822048 0.0 0.09691395 0.0 0.013129137 0.0 0.0051133777 0.013687529 0.0 0.0 0.05619348 0.0 0.0 0.06220313 0.0 0.042796917 0.0 0.034227524 0.0 0.00447489 0.0
0.0 0.0 0.01618676 0.022314178 0.0 0.018950457 0.0 0.08104549 0.0 0.0 0.020798976 0.03778534 0.0 0.0 0.0 0.0 0.002763464 0.0 0.0 0.0 0.0 0.0 0.12210101 0.0 0.0 0.0 0.027609702 0.010649878 0.0 0.049237628 0.024064545 0.0 0.078488894 0.0 0.0 0.0 0.0 0.0 0.06946706 0.082026266 0.0 0.0 0.0 0.034142517 0.030649073 0.0 0.0018910234 0.06939066 0.0 0.095967874 0.05779801 0.0 0.0 0.036696274 0.0 0.0
0.0 7.212505e-05 0.0 0.046949428 0.0 0.0417709 0.0019184324 0.0 0.0 0.0 0.0 0.0 0.0 0.007366217 0.055392146 0.0 0.022601312 0.025933035 0.0 0.04352242 0.059715483 0.09282373 0.0 0.0 0.024410678 0.056681745 0.0 0.0 0.0 0.04938064 0.019081052 0.013421037 0.05566385 0.0 0.027248863 0.0 0.0 0.013129137 0.08202627 0.0 0.0 0.009020845 0.04056064 0.0 0.04732749 0.0040305275 0.03051192 0.021728884 0.0 0.038279295 0.0 0.0 0.13266723 0.007640385 0.0073473873 0.0
0.0 0.046906453 0.0027157166 0.0 0.0 0.01104218 0.14391707 0.0 0.0 0.0 0.0 0.0 0.05713927 0.069469094 0.01900878 0.0 0.021355264 0.0 0.0 0.0 0.0 0.071109176 0.0 0.0 0.0 0.011854303 0.0 0.0 0.0064431047 0.0 0.0 0.004501613 0.0 0.0015836162 0.053718943 0.0 0.0 0.0 0.0 0.0 0.13497049 0.0 0.029479666 0.0 0.0054001072 0.0 0.02532538 0.0 0.024569992 0.04936147 0.0 0.026312135 0.0333662 0.05423427 0.0 0.12980698
0.0 0.008696567 0.035467174 0.053620227 0.034610216 0.009615432 0.0 0.0 0.10391117 0.0 0.0 0.049869273 0.0 0.0 0.0 0.07626589 0.00838659 0.072129555 0.005535533 0.0 0.0 0.018304659 0.047417063 0.0 0.037198048 0.0 0.0 0.0 0.0 0.07798865 0.10359003 0.06761197 0.0 0.002657194 0.0 0.04853245 0.0 0.0051133777 0.0 0.009020845 0.0 0.0 0.025651293 0.022324491 0.0 0.10644813 0.0 0.0 0.034434132 0.0 0.0 0.0 0.019819679 0.058863137 0.0 0.0
0.11199432 0.009183764 0.0 0.0 0.0 0.0 0.066562705 0.039128285 0.0 0.100762 0.0 0.0 0.0 0.0 0.0 0.0 0.0 0.0072114374 0.014640879 0.0 0.0060810843 0.011755792 0.0 0.0 0.002778875 0.11486523 0.0 0.0 0.055442486 0.0 0.009775792 0.0 0.02458426 0.10217598 0.02028246 0.0 0.028828572 0.013687529 0.0 0.04056064 0.029479666 0.025651291 0.0 0.0 0.054429002 0.0 0.0 0.002082862 0.0 0.0 0.0 0.049499925 0.0 0.011131955 0.0 0.037585154
0.0 0.050100952 0.010585676 0.006689587 0.0 0.12215578 0.0 0.0 0.04427655 0.0 0.0 0.06372248 0.0076053385 0.0 0.0 0.0 0.022685958 0.0 0.024073245 0.06871931 0.014051644 0.004460456 0.0 0.0 0.0 0.0 0.05366995 0.0 0.0 0.04941873 0.02424441 0.0 0.03606538 0.0 0.0040586856 0.0 0.0 0.0 0.034142513 0.0 0.0 0.022324491 0.0 0.0 0.06339633 0.010905336 0.15771778 0.0 0.023401467 0.048753217 0.0 0.0 0.0 0.0 0.0 0.0
0.0 0.029120043 0.0 0.010835351 0.0 0.0064865183 0.0146261575 0.0 0.027141744 0.0 0.1128608 0.0 0.01617318 0.0 0.019315526 0.02194899 0.0 0.006014779 0.039416175 0.002441165 0.05362826 0.0057248604 0.044177394 0.07751636 0.0 0.0 0.03011866 0.0 0.0 0.002934835 0.0 0.041030243 0.038631737 0.0 0.0 0.0 0.0 0.0 0.030649075 0.04732749 0.0054001072 0.0 0.054429002 0.06339633 0.0 0.0 0.0 0.0 0.00010595933 0.0 0.04038513 0.036577377 0.012382502 0.0 0.010772935 0.0
0.0 0.04078429 0.0041295816 0.005623197 0.12693572 0.04032381 0.022737132 0.0057362034 0.093731314 0.0 0.098414175 0.028569609 0.020135615 0.0 0.0 0.0 0.04569756 0.0065732617 0.017534345 0.0 0.02145951 0.0 0.012586303 0.0 0.0025596793 0.0 0.0 0.0 0.0 0.00346312 0.04845065 0.10580064 0.0 0.027416257 0.0 0.07887404 0.0 0.056193482 0.0 0.004030527 0.0 0.10644813 0.0 0.010905336 0.0 0.0 0.02277415 0.0 0.01235435 0.0 0.0 0.0 0.0 0.01950576 0.003604196 0.0
0.0 0.0 0.035106946 0.0 0.0 0.0029563326 0.0 0.0 0.015944714 0.0 0.058270194 0.0856239 0.012610457 0.0 0.0019873786 0.0 0.028805995 0.03514551 0.0 0.0 0.0 0.0 0.09269421 0.0 0.065996505 0.0 0.0 0.0 0.0 0.06803216 0.07148737 0.011501313 0.0 0.0 0.0 0.0 0.0 0.0 0.0018910232 0.03051192 0.025325378 0.0 0.0 0.15771778 0.0 0.02277415 0.0 0.0 0.11439516 0.0 0.0 0.0 0.0 0.008457849 0.0 0.0
0.0 0.0 0.0 0.0 0.0 0.009934455 0.0 0.0 0.0 0.0 0.009526652 0.0 0.0 0.0 0.011579287 0.0 0.0 0.0 0.0 0.05136182 0.13290112 0.0 0.015139435 0.0 0.0 0.059549995 0.10431639 0.0 0.0 0.0 0.0 0.0 0.06515129 0.0 0.0 0.0 0.0 0.0 0.06939066 0.021728883 0.0 0.0 0.0020828622 0.0 0.0 0.0 0.0 0.14921035 0.065777555 0.017770758 0.0 0.0 0.0 0.0 0.1589085 0.0
0.0 0.002962329 0.039007366 0.0045461864 0.038698617 0.0060709813 0.0 0.0 0.056818623 0.020590134 0.016427323 0.02457335 0.0 0.0 0.0 0.0 0.0 0.014729448 0.0 0.0 0.074378796 0.0 0.0 0.0 0.07492962 0.0 0.00947176 0.0 0.0 0.0 0.032191552 0.0 0.016185286 0.0 0.0 0.035322875 0.0 0.06220313 0.0 0.0 0.024569992 0.034434132 0.0 0.023401467 0.00010595933 0.012354349 0.114395164 0.065777555 0.05397262 0.0 0.020288488 0.0 0.0 0.038628902 0.03879335 0.0
0.0 0.0397957 0.0 0.05340027 0.04663745 0.018595839 3.9110859e-07 0.0 0.0 0.0 0.0 0.0 0.014329004 0.0 0.0 0.039842606 0.024377005 0.0 0.0 0.008473998 0.030646602 0.08779524 0.15111683 0.0 0.0 0.037634645 0.060295414 0.0 0.0 0.03112817 0.013421274 0.0 0.005277095 0.0 0.0 0.0 0.0 0.0 0.095967874 0.0382793 0.04936147 0.0 0.0 0.048753217 0.0 0.0 0.0 0.01777076 0.0 0.0 0.021813126 0.0 0.018884651 0.0 0.0 0.0
0.0048714066 0.0 0.0 0.022509987 0.0 0.0 0.00813922 0.0 0.0 0.0063252933 0.10390953 0.0 0.0 0.0 0.056521777 0.0 0.0 0.0 0.0 0.05712191 0.0 0.0 0.0 0.13816576 0.0 0.0509771 0.15544173 0.0070497934 0.0 0.0 0.0 0.0 0.10074192 0.0 0.042540714 0.0 0.0 0.042796914 0.05779801 0.0 0.0 0.0 0.0 0.0 0.04038513 0.0 0.0 0.0 0.020288486 0.021813126 0.0 0.07790553 0.0 0.0 0.049644012 0.0
0.09827999 0.0 0.0 0.0 0.0 0.0 0.01215889 0.055878777 0.0075596757 0.10878368 0.0 0.0 0.023943843 0.03087206 0.012318975 0.019691939 0.0 0.0 0.008739101 0.0 0.0 0.011751128 0.0 0.089934655 0.0 0.048040453 0.0 0.0 0.0 0.0 0.0 0.0 0.0 0.010004539 0.09545758 0.013417107 0.03395549 0.0 0.0 0.0 0.026312133 0.0 0.049499925 0.0 0.036577377 0.0 0.0 0.0 0.0 0.0 0.07790553 0.08990327 0.0 0.021245657 0.012622994 0.016904743
0.011758593 0.0 0.07917956 0.019791234 0.0 0.0 0.0045577423 0.006478284 0.0 0.0 0.013743952 0.043529596 0.0 0.033367604 0.0 0.0 0.09764628 0.050125908 0.0 0.0 0.017184662 0.0 0.005584942 0.0 0.013177568 0.051633593 0.0 0.023358984 0.015272704 0.08268704 0.10114677 0.0 0.0 0.0023933947 0.0 0.0136005385 0.0 0.034227524 0.0 0.13266723 0.0333662 0.019819679 0.0 0.0 0.012382502 0.0 0.0 0.0 0.0 0.01888465 0.0 0.0 0.028085992 0.06339306 0.0 0.0
0.0040550358 0.002361816 0.009096128 0.0061413012 0.031060928 0.0688716 0.0 0.0 0.0 0.0 0.0 0.0027458859 0.005080986 0.016573783 0.057863425 0.068110384 0.11248723 0.08458264 0.012927101 0.0 0.0 0.06174941 0.0 0.0008628498 0.0 0.0 0.0 0.0 0.0 0.048023764 0.0 0.06128284 0.0 0.013801857 0.0 0.0 0.019152306 0.0 0.036696274 0.0076403855 0.054234274 0.05886314 0.011131955 0.0 0.0 0.01950576 0.00845785 0.0 0.038628906 0.0 0.0 0.021245657 0.063393064 0.0 0.0 0.022994904
0.0032986072 0.0 0.0 0.0 0.0 0.006179111 0.0 0.0 0.0 0.038155507 0.09749453 0.0 0.0133895 0.007869779 0.009471797 0.0 0.0 0.0 0.0 0.03125597 0.018951653 0.002616986 0.0076130815 0.12448174 0.0 0.008974625 0.13303106 0.0035301263 0.0 0.0 0.0 0.0 0.06623507 0.0 0.07647873 0.010932578 0.03286648 0.00447489 0.0 0.0073473877 0.0 0.0 0.0 0.0 0.010772935 0.003604196 0.0 0.15890852 0.038793355 0.0 0.049644012 0.012622994 0.0 0.0 0.09050651 0.0
0.0 0.040344168 0.0 0.069727674 0.0 0.0 0.0358908 0.040721457 0.0 0.0 0.0 0.0 0.06095658 0.07892943 0.01606144 0.051509302 0.0 0.0 0.062123638 0.0 0.0 0.0 0.045804296 0.010850898 0.0 0.0 0.0 0.0 0.009188323 0.0 0.0 0.0 0.0 0.021434143 0.048405353 0.0 0.20046122 0.0 0.0 0.0 0.12980697 0.0 0.037585154 0.0 0.0 0.0 0.0 0.0 0.0 0.0 0.0 0.016904743 0.0 0.022994904 0.0 0.05091991
