0.0 0.0 0.0 0.0 0.0 0.10591325 0.021707574 0.0 0.06776245 0.0 0.0040715104 0.0 0.0 0.050241765 0.0 0.0 0.10056129 0.021621633 0.0579405 0.0 0.017976843 0.0 0.0 0.0 0.0 0.09950674 0.0 0.0 0.0 0.0 0.024025124 0.016651234 0.07286815 0.0 0.03700011 0.0 0.0 0.0 0.041920237 0.041486464 0.0 0.017904814 0.03338571 0.0034595488 0.07953597 0.019429667 0.0 0.046622567 0.0067051104 0.0 0.0 0.0 0.0 0.08610511 0.0 0.0
0.0 0.0 0.09179926 0.0022864365 0.0 0.0 0.012811277 0.0 0.0 0.0 0.0 0.0 0.018335493 0.0 0.0 0.0 0.036442738 0.0 0.0 0.0 0.0 0.018374532 0.0 0.0 0.0 0.0 0.0 0.0 0.0 0.12840828 0.0 0.0 0.022223396 0.026398258 0.0 0.0 0.0 0.0 0.0 0.03282261 0.0 0.15209503 0.034544006 0.02617454 0.0 0.014453339 0.009514136 0.0 0.11639743 0.028708294 0.0 0.0 0.10967018 0.008048214 0.0 0.018241782
0.0 0.09179926 0.026540799 0.029666474 0.0545435 0.0 0.0 0.11317039 0.031963754 0.0 0.0 0.0 0.0 0.0021128368 0.0 0.0 0.0039090673 0.0032229014 0.019989554 0.0 0.0 0.0 0.0 0.01080353 0.0108385505 0.0 0.0 0.0 0.009168276 0.03873825 0.0 0.0 0.0 0.0 0.0 0.0 0.01783278 0.0 0.0 0.048730962 0.052587148 0.0 0.017687542 0.046973556 0.039921414 0.016882928 0.009577743 0.0 0.03592285 0.04513069 0.0 0.0 0.0 0.0 0.0 0.0
0.0 0.0022864367 0.029666474 0.081826456 0.05239237 0.0 0.0 0.0 0.0 0.0 0.00817866 0.0 0.0 0.0 0.0 0.0 0.0 0.0 0.014858727 0.014652548 0.0 0.0 0.0 0.0 0.031357188 0.0 0.024714435 0.0 0.0 0.09239948 0.016962875 0.06574663 0.021322206 0.0 0.019903246 0.038428035 0.10430379 0.067408495 0.0 0.0 0.0 0.006432379 0.04026474 0.0 0.0 0.0835628 0.0 0.013964208 0.046535354 0.033250716 0.0 0.004776689 0.0 0.0 0.0 0.0
0.0 0.0 0.0545435 0.052392375 0.07305389 0.0 0.11464816 0.0 0.0 0.0 0.0 0.03735469 0.0 0.0 0.0 0.018871034 0.0 0.039215717 0.0 0.033937283 0.0 0.028967751 0.0 0.0 0.059458394 0.0 0.0 0.0 0.018919606 0.06786986 0.0 0.0909681 0.0 0.0 0.0 0.0 0.0 0.035815924 0.0 0.004130889 0.0 0.05202498 0.009696348 0.0 0.0 0.031916134 0.20089157 0.0 0.0 0.0 0.0 0.0 0.07392295 0.0 0.0 0.016034609
0.10591325 0.0 0.0 0.0 0.0 0.0 0.0 0.12178228 0.0 0.03327392 0.05215111 0.0044834334 0.0 0.011252368 0.0 0.0 0.0 0.0 0.0 0.0 0.0 0.0 0.045746226 0.1285585 0.011988704 0.0 0.0 0.0749401 0.0 0.0 0.0 0.0119519625 0.0 0.0 0.024606481 0.091333605 0.022502797 0.0 0.0 0.013335037 0.076932676 0.0 0.0 0.0 0.0 0.0075050048 0.0 0.0 0.0 0.0 0.0 0.12913153 0.0 0.0 0.058137547 0.0077020023
0.021707574 0.012811276 0.0 0.0 0.11464816 0.0 0.083585784 0.0082643535 0.0 0.054792836 0.0 0.0 0.0 0.0 0.0 0.0 0.0 0.03239155 0.017758628 0.0 0.022000855 0.0 0.0 0.0 0.0 0.019475073 0.0 0.0 0.0 0.0 0.0 0.006450206 0.0018790545 0.0 0.0 0.007912266 0.068490215 0.056849085 0.0 0.13356695 0.0 0.0 0.0 0.05204684 0.0 0.0 0.0 0.0 0.086339496 0.0 0.0072631785 0.0 0.0051777503 0.0 0.023270456 0.0
0.0 0.0 0.11317039 0.0 0.0 0.12178228 0.0082643535 0.0 0.060459904 0.0 0.0 0.06582409 0.0 0.0 0.040112477 0.048094735 0.087297976 0.013431632 0.09255499 0.014004201 0.056791082 0.021245593 0.0 0.0 0.05843803 0.0788374 0.0019277395 0.0 0.0 0.0 0.0 0.0 0.027367653 0.0 0.030586291 0.0 0.0 0.0 0.09509241 0.0 0.0 0.053925067 0.0 0.0 0.0 0.0 0.0 0.0 0.0 0.0 0.010726501 0.0 0.055837486 0.13220426 0.0 0.011297665
0.06776245 0.0 0.03196375 0.0 0.0 0.0 0.0 0.0604599 0.0 0.008753392 0.0 0.0 0.11748502 0.08952791 0.0 0.0020299344 7.846528e-26 0.021307196 0.0 0.0 0.0 0.0 0.0 0.048004985 0.0 0.025823355 0.0 0.045885153 0.0 0.015643975 0.0 0.0 0.0 0.0 0.028269114 0.026757963 0.026101073 0.0 0.0 0.012945925 0.067021936 0.010408919 0.0 0.0017866783 0.061425388 0.018137101 0.04227809 0.0 0.0 0.027181493 0.0 0.080227554 0.0 0.021967014 0.016232653 0.0053961454
0.0 0.0 0.0 0.0 0.0 0.033273917 0.054792836 0.0 0.008753393 0.0 0.0 0.0020689436 0.0 0.0 0.0 0.046466734 0.08119314 0.12697165 0.16788025 0.0055256607 0.017463129 0.0 0.0 0.0 0.0 0.011292199 0.0 0.0 0.0 0.0 0.0 0.0 0.0 0.026849374 0.0 0.0 0.0 0.029453568 0.052781705 0.0 0.0 0.041752987 0.0 0.044127807 0.0 0.03657496 0.0 0.011549577 0.0 0.0 0.0 0.0 0.061121475 0.101032965 0.0 0.0
0.0040715104 0.0 0.0 0.00817866 0.0 0.052151106 0.0 0.0 0.0 0.0 0.0 0.053563405 0.0 0.047657344 0.023411032 0.07613013 0.0 0.06397217 0.0 0.0 0.0 0.0 0.0 0.0 0.0 0.0 0.0 0.036328614 0.0 0.04404901 0.0032564194 0.0 0.0 0.0 0.0 0.0041052303 0.0 0.0 0.13211302 0.0 0.0 0.0 0.0 0.0 0.0072577624 0.0 0.0 0.0 0.0 0.0 0.040303044 0.0 0.009614098 0.080221325 0.12113361 0.0
0.0 0.0 0.0 0.0 0.03735469 0.0044834334 0.0 0.06582409 0.0 0.0020689438 0.053563405 0.0 0.013257747 0.053880293 0.0 0.0 0.0 0.0 0.0 0.0 0.014346291 0.0 0.08418028 0.013623027 0.0 0.0 0.037781987 0.12536328 0.0 0.03639196 0.04170188 0.0 1.069854e-06 0.0 0.0 0.009622015 0.0 0.0 0.0 0.073067605 0.06538094 0.0 0.0 0.0 0.0039643464 0.0 0.0 0.0 0.044048738 0.016573047 0.008385251 0.013726571 0.0 0.0 0.08016942 0.0
0.0 0.018335495 0.0 0.0 0.0 0.0 0.0 0.0 0.11748501 0.0 0.0 0.0132577475 0.17809883 0.02700818 0.017442664 0.017952338 0.0 0.0 0.038457446 0.035148375 0.010443854 0.0 0.0 0.06003096 0.01991722 0.06177609 0.044421546 0.0 0.0 0.0 0.0 0.0 0.060082316 0.0 0.0 0.0 0.0 0.008384148 0.0 0.0 0.05063711 0.013800258 0.013633004 0.0 0.0 0.0 0.0 0.027474534 0.020915607 0.0 0.058217827 0.008158553 0.0 0.0028825433 0.0 0.0
0.05024177 0.0 0.0021128368 0.0 0.0 0.011252368 0.0 0.0 0.08952791 0.0 0.047657344 0.053880293 0.027008181 0.059270322 0.14211234 0.03519555 0.0 0.0 0.0 0.057189334 0.051829353 0.007536705 0.0 0.112194404 0.0 0.10327995 0.0 0.008974315 0.0 0.0 0.08518468 0.0 0.049894538 0.0041302186 0.0 0.0 0.0 0.0 0.0 0.0 0.0 0.0 0.020501884 0.0 0.0 0.0 0.0 0.0 0.0057021454 0.0 0.0 0.042709835 0.0 0.0 0.0 0.0
0.0 0.0 0.0 0.0 0.0 0.0 0.0 0.040112477 0.0 0.0 0.023411032 0.0 0.017442664 0.14211236 0.0 0.0 0.01292586 0.030803906 0.0 0.049523186 0.0 0.0 0.11170027 0.023265084 0.0 0.0 0.019316731 0.0 0.0 0.01790455 0.0 0.0 0.0 0.0 0.0 0.0 0.0052325143 0.0 0.0 0.022376914 0.010264165 0.0 0.0 0.0049225343 0.0 0.0 0.0 0.059784513 0.032500148 0.013209438 0.037212662 0.037610784 0.0 0.0 0.10011958 0.0
0.0 0.0 0.0 0.0 0.018871034 0.0 0.0 0.048094735 0.0020299344 0.046466738 0.07613013 0.0 0.01795234 0.03519555 0.0 0.067492925 0.0 0.0 0.0 0.0040345336 0.0 0.0 0.14844781 0.053610977 0.0 0.0 0.0076464955 0.036612518 0.0 0.0 0.0 0.051644027 0.034241855 0.0 0.0058006956 0.0 0.0 0.0 0.0022455424 0.022180988 0.0 0.0 0.0 0.007874382 0.019591637 0.018097837 0.0 0.04811511 0.0 0.0 0.09546773 0.0 0.0 0.0 0.05044862 0.0
0.10056129 0.036442738 0.003909067 0.0 0.0 0.0 0.0 0.087297976 7.8465276e-26 0.08119314 0.0 0.0 0.0 0.0 0.0129258605 0.0 0.0 0.0 0.0 0.0 0.0 0.0 0.01671813 0.011642617 0.0 0.0 0.0 0.0 0.061332062 0.0 0.0 0.020758681 0.0 0.009001483 0.0006009336 0.058886923 0.13430579 0.012709913 0.0 0.042453166 0.014640045 0.040040888 0.0 0.06407723 0.14005043 0.010323875 0.017009411 0.0 0.008445939 0.0 0.0 0.017260911 0.0 0.0 0.03454919 0.0
0.021621633 0.0 0.0032229014 0.0 0.039215714 0.0 0.03239155 0.013431632 0.021307196 0.12697163 0.06397217 0.0 0.0 0.0 0.030803906 0.0 0.0 0.13809416 0.0 0.0 0.0 0.0 0.0 0.0 0.018804329 0.0 0.0 0.0 0.0 0.027203653 0.0 0.1278588 0.0 0.0 0.0 0.0 0.0 0.07387741 0.0 0.0 0.0 0.0 0.0 0.033699587 0.065182194 0.07357066 0.0 0.0 0.029577412 0.025041118 0.0 0.016245803 0.0017277336 0.0 0.042804208 0.0
0.0579405 0.0 0.019989552 0.014858728 0.0 0.0 0.017758628 0.092554994 0.0 0.16788027 0.0 0.0 0.038457446 0.0 0.0 0.0 0.0 0.0 0.0 0.0 0.0 0.0 0.0 0.021973262 0.0 0.0 0.0 0.0 0.24584228 0.0 0.0 0.0 0.0 0.0 0.0 0.018598361 0.04075149 0.0 0.0 0.014443968 0.0 0.03809734 0.0 0.02767258 0.13140453 0.0 0.0 0.0 0.0 0.0 0.0 0.043900788 0.0 0.0 0.0 0.025023943
0.0 0.0 0.0 0.014652547 0.033937283 0.0 0.0 0.014004202 0.0 0.0055256602 0.0 0.0 0.035148375 0.057189338 0.049523186 0.0040345336 0.0 0.0 0.0 0.0 0.0 0.024097318 0.06390339 0.0 0.012430975 0.0025270109 0.0 0.13142714 0.0 0.0 0.03533077 0.02012347 0.0011027412 0.021485165 0.0 0.0 0.005146054 0.0 0.0 0.020253275 0.104566075 0.0 0.0 0.04182806 0.0 0.011958286 0.0 0.0 0.0 0.03268295 0.1013533 0.054553613 0.0 0.0 0.0830789 0.0
0.017976843 0.0 0.0 0.0 0.0 0.0 0.022000855 0.056791082 0.0 0.017463127 0.0 0.014346291 0.010443853 0.051829353 0.0 0.0 0.0 0.0 0.0 0.0 0.0 0.0 0.016778883 0.080910355 0.0 0.013607436 0.0 0.045388054 0.1972041 0.0 0.0 0.0 0.0 0.06970487 0.0107831815 0.0 0.046766024 0.0 0.0 0.0 0.08322234 0.0 0.0071469764 0.0 0.0 0.0 0.0 0.0 0.0 0.0 0.0 0.12546207 0.0 0.0 0.03644811 0.11054015
0.0 0.018374532 0.0 0.0 0.02896775 0.0 0.0 0.021245593 0.0 0.0 0.0 0.0 0.0 0.007536705 0.0 0.0 0.0 0.0 0.0 0.024097316 0.0 0.0 0.1525542 0.0 0.0 0.0 0.048483714 0.06846702 0.0 0.0 0.050659027 0.0 0.034132957 0.0 0.0 0.0 0.0 0.0 0.0 0.07205608 0.0 0.0 0.0 0.08496307 0.013766156 0.0 0.0 0.064218245 0.030658377 0.010281533 0.040435772 0.0 0.0 0.0 0.10632979 0.0
0.0 0.0 0.0 0.0 0.0 0.045746226 0.0 0.0 0.0 0.0 0.0 0.08418027 0.0 0.0 0.11170027 0.14844781 0.01671813 0.0 0.0 0.063903384 0.016778883 0.1525542 0.0 0.0 0.0 0.0 0.09731798 0.0 0.0 0.012126267 0.028712459 0.0 0.041437954 0.010302675 0.0 0.0 0.0 0.0 0.09598408 0.0 0.0017029572 0.0 0.037952036 0.0 0.0 0.008809879 0.0 0.0803003 0.0 0.026748022 0.0 0.0 0.009801081 0.019594718 0.0070676436 0.038184118
0.0 0.0 0.01080353 0.0 0.0 0.12855849 0.0 0.0 0.048004985 0.0 0.0 0.013623027 0.06003096 0.112194404 0.023265086 0.053610977 0.011642617 0.0 0.021973262 0.0 0.080910355 0.0 0.0 0.0 0.04198626 0.12077474 0.0 0.0 0.0 0.0 0.015038014 0.0 0.016763922 0.0 0.0 0.0 0.0 0.0097011635 0.082235985 0.0 0.0 0.0 0.0 0.01457217 0.0 0.0 0.0 0.0 0.0 0.03347595 0.05363811 0.0 0.058371738 0.029117905 0.016192531 0.0
0.0 0.0 0.010838551 0.031357188 0.059458397 0.011988704 0.0 0.058438025 0.0 0.0 0.0 0.0 0.01991722 0.0 0.0 0.0 0.0 0.018804329 0.0 0.012430975 0.0 0.0 0.0 0.04198626 0.0 0.0 0.0 0.05678614 0.08697554 0.0 0.0 0.0 0.0 0.0028607042 0.0 0.029015388 0.0075200503 0.0 0.0 0.08609221 0.060556114 0.008162346 0.0 0.07070365 0.0 0.020228552 0.08443399 0.0039012826 0.08288602 0.023155078 0.0 0.0 0.0 0.0 0.039195016 0.041072503
0.09950674 0.0 0.0 0.0 0.0 0.0 0.019475073 0.0788374 0.025823355 0.011292199 0.0 0.0 0.06177609 0.10327995 0.0 0.0 0.0 0.0 0.0 0.002527011 0.013607436 0.0 0.0 0.12077474 0.0 0.083584934 0.018548934 0.0 0.0 0.0 0.0 0.0 0.014354665 0.051408004 0.06404809 0.010755217 0.0 0.0 0.0 0.0 0.020291388 0.03735564 0.09761561 0.0 0.0 0.0 0.0 0.009491076 0.0 0.0 0.0 0.0074643353 0.0 0.0 0.0022308922 0.0
0.0 0.0 0.0 0.024714435 0.0 0.0 0.0 0.0019277395 0.0 0.0 0.0 0.037781987 0.044421546 0.0 0.01931673 0.007646495 0.0 0.0 0.0 0.0 0.0 0.048483714 0.097317986 0.0 0.0 0.018548934 0.049887706 0.05765901 0.0 0.0 0.020774653 0.0 0.046796493 0.026216723 0.11528534 0.0 0.0 0.0 0.04089177 0.006930576 0.04392371 0.0 0.024032047 0.0 0.0056961984 0.03151592 0.0 0.08082979 0.0 0.1804938 0.036833797 0.05713093 0.0 0.013204671 0.06396418 0.019802963
0.0 0.0 0.0 0.0 0.0 0.0749401 0.0 0.0 0.045885153 0.0 0.03632861 0.12536326 0.0 0.008974315 0.0 0.036612518 0.0 0.0 0.0 0.13142712 0.045388054 0.06846702 0.0 0.0 0.05678614 0.0 0.05765901 0.0 0.0 0.0 0.019301414 0.0 0.035301246 0.0 0.048526317 0.0 0.0 0.028671166 0.046187494 0.0 0.0 0.0 0.05038665 0.0 0.0 0.0 0.0 0.012336362 0.0389406 0.0 0.0 0.0 0.014114443 0.0 0.0 0.0
0.0 0.0 0.009168276 0.0 0.018919604 0.0 0.0 0.0 0.0 0.0 0.0 0.0 0.0 0.0 0.0 0.0 0.061332066 0.0 0.2458423 0.0 0.1972041 0.0 0.0 0.0 0.086975545 0.0 0.0 0.0 0.0514373 0.0 0.0 0.011125052 0.0 0.0 0.0 0.0 0.0 0.0 0.0 0.0 0.0 0.086240724 0.0 0.093744695 0.0 0.0 0.0 0.0 0.007020956 0.0 0.0 0.0 0.037016902 0.00444852 0.0 0.0
0.0 0.12840828 0.038738247 0.09239948 0.06786985 0.0 0.0 0.0 0.015643973 0.0 0.044049013 0.03639196 0.0 0.0 0.01790455 0.0 0.0 0.027203653 0.0 0.0 0.0 0.0 0.012126266 0.0 0.0 0.0 0.0 0.0 0.0 0.051067766 0.0 0.07877563 0.0 0.0 0.0 0.065941595 0.0046799523 0.08719663 0.0 0.03959102 0.0 0.0 0.010233042 0.029326024 0.0 0.05408306 0.048267845 0.0 0.05763544 0.0 0.0 0.0 0.0 0.0 0.0 0.0
0.024025122 0.0 0.0 0.016962875 0.0 0.0 0.0 0.0 0.0 0.0 0.0032564194 0.04170188 0.0 0.08518467 0.0 0.0 0.0 0.0 0.0 0.035330765 0.0 0.050659027 0.028712459 0.0150380125 0.0 0.0 0.020774653 0.019301414 0.0 0.0 0.0 0.0 0.0 0.0 0.009856448 0.010525285 0.022382896 0.0 0.0 0.0063384036 0.1951139 0.0 0.0 0.0 0.0 0.0 0.0016066224 0.0 0.039434712 0.0849105 0.0 0.027972426 0.027420023 0.04587874 0.0 0.13666902
0.016651232 0.0 0.0 0.06574662 0.0909681 0.0119519625 0.006450206 0.0 0.0 0.0 0.0 0.0 0.0 0.0 0.0 0.051644024 0.020758681 0.1278588 0.0 0.020123469 0.0 0.0 0.0 0.0 0.0 0.0 0.0 0.0 0.011125051 0.07877563 0.0 0.046219505 0.0 0.0 0.0 0.0 0.1253893 0.020333942 0.0 0.0 0.0 0.004100047 0.0 0.0 0.026091823 0.0 0.04387422 0.0 0.053052872 0.02857938 0.0 0.0019778283 0.008075169 0.0 0.0 0.011151935
0.072868146 0.022223396 0.0 0.021322206 0.0 0.0 0.0018790544 0.027367653 0.0 0.0 0.0 1.069854e-06 0.060082316 0.049894538 0.0 0.03424186 0.0 0.0 0.0 0.0011027413 0.0 0.034132957 0.041437957 0.016763922 0.0 0.014354664 0.046796497 0.035301246 0.0 0.0 0.0 0.0 0.078397594 0.037023947 0.018113548 0.009850823 0.0 0.0 0.0 0.017243255 0.033474904 0.0 0.0 0.0 0.0 0.0 0.0 0.018804375 0.0 0.05625145 0.05910818 0.038251333 0.037422556 0.046258204 0.025243653 0.08095774
0.0 0.026398256 0.0 0.0 0.0 0.0 0.0 0.0 0.0 0.026849372 0.0 0.0 0.0 0.0041302186 0.0 0.0 0.009001483 0.0 0.0 0.021485163 0.06970487 0.0 0.010302675 0.0 0.0028607042 0.051408008 0.026216723 0.0 0.0 0.0 0.0 0.0 0.037023943 0.0 0.0 0.0 0.0 0.0 0.0 0.09739571 0.0 0.017958313 0.0 0.098587 0.06540239 0.0 0.0 0.0 0.03368169 0.09850604 0.0 0.0 0.08565262 0.0 0.0 0.0
0.03700011 0.0 0.0 0.019903246 0.0 0.024606481 0.0 0.03058629 0.028269116 0.0 0.0 0.0 0.0 0.0 0.0 0.0058006956 0.0006009337 0.0 0.0 0.0 0.0107831815 0.0 0.0 0.0 0.0 0.06404809 0.11528534 0.04852632 0.0 0.0 0.0098564485 0.0 0.018113548 0.0 0.0 0.0 0.0 0.0 0.11507032 0.029179875 0.0 0.0 0.0 0.040051892 0.03174225 0.0 0.0 0.0 0.0 0.0 0.22661279 0.0 0.010486564 0.005906172 0.051721416 0.0
0.0 0.0 0.0 0.038428035 0.0 0.091333605 0.007912266 0.0 0.026757963 0.0 0.004105231 0.009622015 0.0 0.0 0.0 0.0 0.058886927 0.0 0.018598361 0.0 0.0 0.0 0.0 0.0 0.029015386 0.010755217 0.0 0.0 0.0 0.065941595 0.010525285 0.0 0.009850824 0.0 0.0 0.0 0.041225836 0.008698526 0.020620996 0.020234464 0.0 0.0 0.0 0.053033702 0.011563819 0.11685783 0.060084607 0.0058168666 0.0 0.02999776 0.008519761 0.0 0.0 0.013205995 0.0 0.024308544
0.0 0.0 0.01783278 0.1043038 0.0 0.022502797 0.068490215 0.0 0.026101073 0.0 0.0 0.0 0.0 0.0 0.005232515 0.0 0.13430579 0.0 0.04075149 0.005146054 0.046766024 0.0 0.0 0.0 0.0075200503 0.0 0.0 0.0 0.0 0.0046799523 0.022382898 0.1253893 0.0 0.0 0.0 0.041225836 0.0 0.0 0.0789617 0.0 0.0 0.115684524 0.0 0.03904563 0.018507432 0.0 0.010798093 0.0 0.0 0.0 0.0 0.0 0.13131809 0.015014926 0.0 0.0
0.0 0.0 0.0 0.067408495 0.035815928 0.0 0.05684908 0.0 0.0 0.029453568 0.0 0.0 0.008384148 0.0 0.0 0.0 0.012709912 0.07387741 0.0 0.0 0.0 0.0 0.0 0.009701164 0.0 0.0 0.0 0.028671166 0.0 0.087196626 0.0 0.020333942 0.0 0.0 0.0 0.008698526 0.0 0.09195221 0.0 0.004484047 0.0 0.0060694376 0.0 0.0044646007 0.009769185 0.16133343 0.148842 0.0 0.0 0.0 0.012510733 0.0 0.0 0.0 0.0 0.0
0.04192024 0.0 0.0 0.0 0.0 0.0 0.0 0.0950924 0.0 0.052781705 0.13211302 0.0 0.0 0.0 0.0 0.0022455424 0.0 0.0 0.0 0.0 0.0 0.0 0.09598408 0.082235985 0.0 0.0 0.04089177 0.046187494 0.0 0.0 0.0 0.0 0.0 0.0 0.11507031 0.020620996 0.0789617 0.0 0.0 0.036206376 0.03304535 0.0 0.0 0.0004369535 0.017043099 0.0 0.0 0.047034614 0.0 0.0 0.049661685 0.07390357 0.0 0.0 0.02353316 0.011109115
0.041486464 0.03282261 0.048730962 0.0 0.004130889 0.013335037 0.13356693 0.0 0.012945925 0.0 0.0 0.0730676 0.0 0.0 0.022376914 0.022180988 0.042453162 0.0 0.014443969 0.020253275 0.0 0.07205608 0.0 0.0 0.08609221 0.0 0.0069305766 0.0 0.0 0.039591026 0.006338404 0.0 0.017243255 0.09739571 0.029179875 0.020234462 0.0 0.004484047 0.036206372 0.0 0.0 0.058497 0.13146023 0.0 0.0 0.0 0.0071270424 0.0 0.07587587 0.017392578 0.0 0.0 0.015450157 0.0 0.0 0.13540314
0.0 0.0 0.052587148 0.0 0.0 0.076932676 0.0 0.0 0.067021936 0.0 0.0 0.06538094 0.050637107 0.0 0.010264165 0.0 0.014640045 0.0 0.0 0.10456608 0.08322234 0.0 0.0017029571 0.0 0.060556114 0.02029139 0.04392371 0.0 0.0 0.0 0.1951139 0.0 0.033474904 0.0 0.0 0.0 0.0 0.0 0.03304535 0.0 0.0 0.0 0.04341872 0.0 0.0 0.0 0.0 0.0174717 0.0 0.018946923 0.03777562 0.010389299 0.0 0.0 0.0 0.0
0.017904814 0.15209502 0.0 0.0064323796 0.05202498 0.0 0.0 0.053925067 0.01040892 0.041752987 0.0 0.0 0.013800257 0.0 0.0 0.0 0.040040888 0.0 0.038097337 0.0 0.0 0.0 0.0 0.0 0.008162346 0.03735564 0.0 0.0 0.086240724 0.0 0.0 0.0041000466 0.0 0.017958313 0.0 0.0 0.115684524 0.0060694376 0.0 0.058497004 0.0 0.0 0.0 0.088531695 0.005291104 0.0 0.0 0.0 0.019963022 0.05966529 0.0 0.0 0.0 0.032993224 0.0 0.0
0.03338571 0.034544006 0.017687542 0.040264737 0.009696348 0.0 0.0 0.0 0.0 0.0 0.0 0.0 0.013633003 0.020501886 0.0 0.0 0.0 0.0 0.0 0.0 0.0071469764 0.0 0.037952036 0.0 0.0 0.097615615 0.024032049 0.05038665 0.0 0.010233042 0.0 0.0 0.0 0.0 0.0 0.0 0.0 0.0 0.0 0.13146023 0.043418724 0.0 0.03405391 0.07805371 0.0 0.013005891 0.0 0.0 0.0 0.0 0.02836319 0.0 0.016852397 0.077659145 0.0126103815 0.016078921
0.0034595486 0.026174542 0.046973553 0.0 0.0 0.0 0.05204684 0.0 0.0017866783 0.044127807 0.0 0.0 0.0 0.0 0.004922534 0.007874382 0.06407723 0.033699587 0.027672581 0.04182806 0.0 0.084963076 0.0 0.014572169 0.07070364 0.0 0.0 0.0 0.09374469 0.029326024 0.0 0.0 0.0 0.098587 0.040051892 0.053033702 0.03904563 0.0044646007 0.00043695347 0.0 0.0 0.088531695 0.07805371 0.0 0.03239971 0.0 0.069876835 0.0087216105 0.0 0.0 0.0 0.0 0.021818314 0.0 0.0 0.025958456
0.07953597 0.0 0.03992141 0.0 0.0 0.0 0.0 0.0 0.061425388 0.0 0.007257763 0.0039643464 0.0 0.0 0.0 0.019591639 0.14005044 0.06518219 0.13140455 0.0 0.0 0.013766156 0.0 0.0 0.0 0.0 0.005696198 0.0 0.0 0.0 0.0 0.026091825 0.0 0.06540239 0.03174225 0.011563819 0.018507432 0.009769185 0.017043099 0.0 0.0 0.005291104 0.0 0.03239971 0.03716321 0.006146561 0.0 0.01645994 0.0 0.0 0.0 0.0 0.019173658 0.05913708 0.03178691 0.0
0.019429667 0.01445334 0.016882926 0.0835628 0.03191613 0.0075050043 0.0 0.0 0.018137101 0.036574956 0.0 0.0 0.0 0.0 0.0 0.018097835 0.010323876 0.07357066 0.0 0.011958286 0.0 0.0 0.0088098785 0.0 0.020228552 0.0 0.031515915 0.0 0.0 0.054083064 0.0 0.0 0.0 0.0 0.0 0.11685783 0.0 0.16133343 0.0 0.0 0.0 0.0 0.013005891 0.0 0.006146561 0.038398918 0.038534474 0.0 0.055084243 0.0 0.0022672424 0.0068714544 0.0 0.0 0.050922558 0.0
0.0 0.009514137 0.009577744 0.0 0.20089157 0.0 0.0 0.0 0.042278092 0.0 0.0 0.0 0.0 0.0 0.0 0.0 0.017009411 0.0 0.0 0.0 0.0 0.0 0.0 0.0 0.084433995 0.0 0.0 0.0 0.0 0.04826785 0.0016066225 0.043874215 0.0 0.0 0.0 0.060084607 0.010798092 0.148842 0.0 0.007127042 0.0 0.0 0.0 0.069876835 0.0 0.03853447 0.0 0.0 0.14006905 0.027419833 0.0 0.0 0.06154238 0.0 0.0 0.0
0.04662257 0.0 0.0 0.013964208 0.0 0.0 0.0 0.0 0.0 0.011549576 0.0 0.0 0.027474534 0.0 0.059784517 0.04811511 0.0 0.0 0.0 0.0 0.0 0.064218245 0.0803003 0.0 0.0039012828 0.009491076 0.08082979 0.012336362 0.0 0.0 0.0 0.0 0.018804375 0.0 0.0 0.005816867 0.0 0.0 0.047034614 0.0 0.0174717 0.0 0.0 0.0087216105 0.01645994 0.0 0.0 0.085043125 0.0 0.0148041025 0.09589031 0.0 0.0 0.03784696 0.08150821 0.0
0.0067051104 0.116397426 0.03592285 0.046535354 0.0 0.0 0.086339496 0.0 0.0 0.0 0.0 0.044048734 0.020915607 0.0057021454 0.032500148 0.0 0.008445939 0.029577412 0.0 0.0 0.0 0.030658377 0.0 0.0 0.08288602 0.0 0.0 0.038940597 0.0070209554 0.05763544 0.039434716 0.053052872 0.0 0.03368169 0.0 0.0 0.0 0.0 0.0 0.07587587 0.0 0.01996302 0.0 0.0 0.0 0.055084243 0.14006907 0.0 0.0943364 0.0 0.0 0.0 0.0 0.0 0.0 0.0
0.0 0.028708294 0.04513069 0.033250716 0.0 0.0 0.0 0.0 0.027181491 0.0 0.0 0.016573045 0.0 0.0 0.013209438 0.0 0.0 0.025041118 0.0 0.03268295 0.0 0.010281533 0.026748022 0.03347595 0.023155078 0.0 0.18049379 0.0 0.0 0.0 0.0849105 0.028579379 0.05625145 0.09850604 0.0 0.02999776 0.0 0.0 0.0 0.017392578 0.018946923 0.059665293 0.0 0.0 0.0 0.0 0.027419833 0.0148041025 0.0 0.0 0.0069404757 0.0 0.0 0.0 0.0 0.0019033647
0.0 0.0 0.0 0.0 0.0 0.0 0.007263179 0.0107265 0.0 0.0 0.040303044 0.008385251 0.058217827 0.0 0.037212662 0.09546773 0.0 0.0 0.0 0.1013533 0.0 0.040435772 0.0 0.05363811 0.0 0.0 0.036833797 0.0 0.0 0.0 0.0 0.0 0.059108183 0.0 0.22661278 0.008519761 0.0 0.012510734 0.049661685 0.0 0.03777562 0.0 0.02836319 0.0 0.0 0.0022672424 0.0 0.09589031 0.0 0.006940476 0.0 0.030093752 0.0 0.008962485 0.006212631 0.09990513
0.0 0.0 0.0 0.004776689 0.0 0.12913153 0.0 0.0 0.08022755 0.0 0.0 0.013726571 0.008158553 0.042709835 0.037610784 0.0 0.01726091 0.016245803 0.043900784 0.05455361 0.12546207 0.0 0.0 0.0 0.0 0.0074643353 0.05713093 0.0 0.0 0.0 0.027972424 0.0019778286 0.038251333 0.0 0.0 0.0 0.0 0.0 0.07390357 0.0 0.0103893 0.0 0.0 0.0 0.0 0.0068714544 0.0 0.0 0.0 0.0 0.030093754 0.0 0.03193029 0.06898605 0.0 0.0
0.0 0.10967018 0.0 0.0 0.07392295 0.0 0.0051777503 0.05583749 0.0 0.061121475 0.009614098 0.0 0.0 0.0 0.0 0.0 0.0 0.0017277338 0.0 0.0 0.0 0.0 0.009801081 0.058371734 0.0 0.0 0.0 0.014114443 0.037016902 0.0 0.027420023 0.00807517 0.037422556 0.08565263 0.010486564 0.0 0.1313181 0.0 0.0 0.015450157 0.0 0.0 0.016852396 0.021818314 0.01917366 0.0 0.061542388 0.0 0.0 0.0 0.0 0.031930294 0.0 0.0041225986 0.017484406 0.0
0.08610511 0.008048214 0.0 0.0 0.0 0.0 0.0 0.13220428 0.021967016 0.101032965 0.080221325 0.0 0.0028825433 0.0 0.0 0.0 0.0 0.0 0.0 0.0 0.0 0.0 0.019594718 0.029117903 0.0 0.0 0.013204671 0.0 0.00444852 0.0 0.04587874 0.0 0.046258207 0.0 0.0059061716 0.013205995 0.015014926 0.0 0.0 0.0 0.0 0.032993227 0.077659145 0.0 0.05913708 0.0 0.0 0.03784696 0.0 0.0 0.008962486 0.06898606 0.0041225986 0.0 0.0 0.0
0.0 0.0 0.0 0.0 0.0 0.058137547 0.023270456 0.0 0.016232654 0.0 0.12113361 0.08016942 0.0 0.0 0.10011958 0.05044862 0.03454919 0.042804208 0.0 0.083078906 0.03644811 0.1063298 0.0070676436 0.016192531 0.03919502 0.0022308922 0.06396417 0.0 0.0 0.0 0.0 0.0 0.025243653 0.0 0.051721416 0.0 0.0 0.0 0.02353316 0.0 0.0 0.0 0.0126103815 0.0 0.03178691 0.050922558 0.0 0.08150821 0.0 0.0 0.006212631 0.0 0.017484404 0.0 0.0 0.0
0.0 0.018241782 0.0 0.0 0.016034609 0.0077020023 0.0 0.011297665 0.0053961454 0.0 0.0 0.0 0.0 0.0 0.0 0.0 0.0 0.0 0.025023941 0.0 0.11054015 0.0 0.038184118 0.0 0.041072503 0.0 0.019802963 0.0 0.0 0.0 0.13666902 0.011151935 0.08095774 0.0 0.0 0.024308544 0.0 0.0 0.011109114 0.13540314 0.0 0.0 0.016078921 0.025958454 0.0 0.0 0.0 0.0 0.0 0.0019033648 0.09990513 0.0 0.0 0.0 0.0 0.0
