0.0 0.013128245 0.014811695 0.010255326 0.0 0.007474516 0.0 0.04161666 0.09615937 0.0 0.0 0.0 0.0 0.0 0.042569343 0.043059587 0.0 0.01803708 0.037446335 0.0 0.005002579 0.024433495 0.0 0.053568624 0.0 0.0 0.010319273 0.06825674 0.0 0.0 0.00073093525 0.120124735 0.0 0.020771094 0.0 0.018416764 0.0 0.05726667 0.0 0.0 0.053090174 0.16711673 0.06722549 0.0 0.0 0.0 0.05671054 0.0 0.02389988 0.0 0.0 0.0139037315 0.0 0.015290767 0.0 0.0
0.013128245 0.060246445 0.10939997 0.0 0.02328463 0.0 0.04394769 0.0 0.0 0.010252757 0.036125075 0.0 0.0 0.0 0.01153566 0.0 0.0 0.13590989 0.020858493 0.016057324 0.0060838624 0.0 0.0 0.0 0.0 0.05111844 0.007029085 0.0075712386 0.0 0.0 0.04722984 0.0 0.011229602 0.0 0.026503908 0.0 0.005663956 0.0 0.0 0.0 0.013443974 0.0 0.08874622 0.010784189 0.029251844 0.0 0.003598105 0.09038368 0.0 0.0 0.0 0.0 0.0 0.0 0.0 0.010657537
0.014811696 0.109399974 0.0 0.0 0.0 0.0 0.0 0.0 0.0 0.0 0.056870416 0.0 0.08449055 0.0036968994 0.0 0.0 0.0 0.0 0.0 0.0 0.0 0.0 0.0794325 0.0 0.0 0.07242832 0.0 0.0 0.0 0.0007291365 0.0 0.0 0.03241452 0.0 0.0 0.0 0.0563117 0.0 0.0 0.13366361 0.0 0.015161276 0.0 0.08988161 0.0 0.0 0.0 0.013211647 0.0 0.0 0.040459517 0.0 0.040439107 0.0 0.04432422 0.0
0.010255326 0.0 0.0 0.0 0.031494115 0.023027118 0.0 0.0 0.0 0.0 0.045906942 0.0 0.0 0.0023464437 0.0 0.0 0.0 0.009340997 0.0 0.0 0.028413326 0.021201493 0.016331581 0.0 0.061176013 0.016967354 0.024713285 0.0 0.0 0.06142544 0.0 0.0 0.036984827 0.0 0.060579967 0.0 0.018378371 0.007214555 0.02294332 0.001659591 0.016608026 0.0 0.06410858 0.02554075 0.05552998 0.12914145 0.001634115 0.16011505 0.02063484 0.0071187033 0.0 0.018048614 0.03381203 0.0 0.031692863 0.0
0.0 0.023284633 0.0 0.031494115 0.0 0.0 0.016901549 0.0 0.0 0.0 0.0 0.01941817 0.028307196 0.019315515 0.05809548 0.0 0.0 0.010488895 0.12185616 0.0 0.004837494 0.0 0.0 0.0 0.15862256 0.08642488 0.0 0.0 0.0 0.0031369405 0.019362409 0.0 0.029820561 0.0054924567 0.03520301 0.0 0.0 0.0 0.0 0.11508659 0.02311995 0.001763753 0.0 0.006531599 0.010184152 0.0 0.09117292 0.023051871 0.0 0.023541886 0.0 0.0 0.016377999 0.12846777 0.0 0.0
0.007474516 0.0 0.0 0.023027118 0.0 0.0 0.0 0.0 0.0 0.0 0.03578346 0.0 0.0 0.0 0.0 0.0 0.0064439825 0.0 0.0 0.021081973 9.0956586e-05 0.038406048 0.0640862 0.0 0.0 0.09950298 0.06597803 0.0 0.0 0.0051812795 0.076796 0.0 0.057631977 0.0 0.0 0.0 0.016777646 0.0 0.00470868 0.019150995 0.0 0.0 0.0 0.07432397 0.0017591463 0.003486107 0.0 0.030287212 0.0 0.1383015 0.09333142 0.0 0.003404693 0.0 0.09306832 0.0
0.0 0.04394769 0.0 0.0 0.016901549 0.0 0.05354785 0.0 0.0012479632 0.0 0.052435774 0.0 0.0 0.0 0.014612365 0.0 0.054749656 0.0 0.0 0.0 0.09313733 0.08094166 0.0 0.038456857 0.0 0.0 0.013024386 0.0 0.12194898 0.0 0.036137674 0.028379422 0.0 0.030420594 0.0020379075 0.0 0.0073668025 0.0 0.0 0.008697356 0.0 0.07209003 0.04039994 0.0 0.0 0.0 0.037142262 0.0 0.0 0.0 0.0 2.1186823e-08 0.05000023 0.013033261 0.0 0.0
0.04161666 0.0 0.0 0.0 0.0 0.0 0.0 0.030484917 0.0 0.0004037338 0.0 0.055399317 0.0 0.078041784 0.026601031 0.0 0.0 0.05178613 0.0 0.0 0.0 0.0 0.0 0.0087362155 0.0 0.0 0.029805157 0.009742657 0.079119936 0.0 0.0 0.0 0.0 0.08848005 0.0 0.0 0.011757148 0.0 0.003930585 0.044713207 0.050645243 0.11677692 0.017173171 0.0 0.0 0.0 0.0 0.0 0.0 0.004956478 0.0 0.09152759 0.0 0.10776145 0.030898765 0.11016974
0.09615937 0.0 0.0 0.0 0.0 0.0 0.001247963 0.0 0.0 0.10122901 0.0 0.0 0.0 0.042788547 0.0 0.0 0.0 0.0015057268 0.037370574 0.000479986 0.0 0.0 0.021708827 0.016188882 0.028130965 0.045618195 0.0 0.038942646 0.011415393 0.0 0.0 0.0005090817 0.024133887 0.0 0.051490117 0.0050135395 0.053430643 0.0 0.0 0.0 0.13710962 0.0 0.0 0.04006315 0.074045636 0.0 0.041039284 0.0 0.0023933025 0.0 0.025474556 0.0 0.022250755 0.0994855 0.00043140212 0.029668499
0.0 0.010252757 0.0 0.0 0.0 0.0 0.0 0.0004037338 0.10122901 0.068640746 0.0 0.027586758 0.0 0.010272626 0.0114734415 0.017399864 0.006621521 0.018837515 0.0 0.02648061 0.0 0.0 0.008887095 0.024811367 0.0 0.022125257 0.029314669 0.041807696 0.0 0.00050222635 0.0 0.018596487 0.0 0.058794387 0.0 0.0 0.0 0.01293938 0.0 0.0 0.039248437 0.061684247 0.043603048 0.0 0.0 0.0 0.0 0.0 0.106361076 0.0 0.0018063381 0.013987244 0.029900774 0.109863296 0.021851195 0.025386648
0.0 0.036125075 0.056870412 0.045906942 0.0 0.035783455 0.052435774 0.0 0.0 0.0 0.0 0.07132226 0.0 0.04923083 0.0 0.0 0.017600903 0.027176172 0.046606004 0.0 0.10252435 0.0 0.0 0.0 0.020557465 0.0 0.0 0.0 0.0 0.02871943 0.11791427 0.03183324 0.001453471 0.036542784 0.0 0.0 0.0 0.0 0.025189195 0.0 0.0 0.005833544 0.0 0.0 0.0 0.025365466 0.10633954 0.04827557 0.040069826 0.017970607 0.0 0.0 0.04955184 0.0 0.0 0.0
0.0 0.0 0.0 0.0 0.019418173 0.0 0.0 0.055399314 0.0 0.027586758 0.07132226 0.0 0.016868662 0.049309123 0.0 0.0 0.0314215 0.0 0.0 0.0 0.0 0.026383882 0.0 0.0 0.0045205285 0.036810637 0.0 0.0 0.02478061 0.030864557 0.0 0.0 0.026665503 0.0 0.03467203 0.0 0.028434625 0.0 0.0 0.012253541 7.4282482e-09 0.0 0.0 0.2130517 0.06729107 0.0 0.00247039 0.003454861 0.0 0.07577419 0.0 0.0 0.0 0.0047432804 0.06605299 0.0
0.0 0.0 0.08449056 0.0 0.028307196 0.0 0.0 0.0 0.0 0.0 0.0 0.01686866 0.0 0.037417002 0.0 0.0 0.0 0.112942405 0.0 0.007258371 0.03043738 0.017634708 0.0 0.044582598 0.0036061425 0.020614736 0.15035738 0.0894096 0.0 0.0 0.02867246 0.0 0.0 0.01155202 0.0 0.0013670215 0.0 0.03513998 0.0 0.06372705 0.0 0.0 0.0 0.0 0.023529142 0.0 0.0 0.0 0.0 0.014360198 0.0065445714 0.0 0.015825829 0.009888504 0.047701333 0.0
0.0 0.0 0.0036968992 0.0023464437 0.019315515 0.0 0.0 0.078041784 0.042788547 0.010272626 0.04923083 0.049309123 0.037417002 0.0 0.0 0.007621938 0.0 0.0072146337 0.0 0.012330109 0.0 0.0 0.0 0.101143464 0.0 0.0 0.0 0.0 0.0 0.049488872 0.0 0.116922654 0.0 0.0 0.0 0.11072598 0.0 0.03693622 0.011343337 0.023606855 0.0031380476 0.013959297 0.015482343 0.0 0.0 0.013422765 0.010255339 0.051794086 0.023134163 0.0 0.0 0.06580368 0.015652457 0.0 0.039067004 0.0
0.04256934 0.01153566 0.0 0.0 0.058095485 0.0 0.014612365 0.026601031 0.0 0.0114734415 0.0 0.0 0.0 0.0 0.04420198 0.0067859367 0.033037905 0.0071719163 0.0 0.0 0.0 0.0043613776 0.0 0.046890244 0.0 0.08385691 0.0 0.018797312 0.0 0.0 0.0123519525 0.0 0.0 0.005302416 0.034188017 0.01727872 0.063589804 0.0 0.0 0.0029336885 0.009095125 0.0040759617 0.0020109855 0.0 0.18441668 0.020181322 0.0 0.0 0.0 0.0 0.0 0.0 0.0 0.0 0.030838024 0.0
0.043059587 0.0 0.0 0.0 0.0 0.0 0.0 0.0 0.0 0.017399862 0.0 0.0 0.0 0.0076219384 0.0067859367 0.0 0.0 0.0 0.0 0.0 0.0062813275 0.0 0.1275097 0.042167082 0.0 0.02825143 0.085776046 0.14866772 0.0 0.0 0.0 0.0 0.0071819504 0.0 0.0 0.0 0.0 0.0 0.00053578266 0.054263134 0.0048219953 0.0 0.0 0.008499548 0.0072986702 0.0 0.0 0.0030245709 0.0074573066 0.08977476 0.11690035 0.004101119 0.0 0.016521558 0.09771743 0.0
0.0 0.0 0.0 0.0 0.0 0.006443983 0.05474966 0.0 0.0 0.006621521 0.017600905 0.0314215 0.0 0.0 0.0330379 0.0 0.21602958 0.008509919 0.0 0.0 0.06923793 0.12258073 0.0 0.0 0.0 0.0 0.011465406 0.0 0.06412568 0.08412192 0.0 0.003069237 0.0 0.05699092 0.0 0.0 0.0 0.0 0.0 0.004464216 0.0 0.0 0.08664059 0.038560957 0.0 0.01151115 0.020433333 0.0 0.0 0.012807773 0.0 0.0054544006 0.0 0.0 0.0 0.0
0.01803708 0.13590989 0.0 0.009340997 0.010488895 0.0 0.0 0.05178613 0.0015057268 0.018837515 0.027176172 0.0 0.112942405 0.0072146337 0.0071719163 0.0 0.008509919 0.05859301 0.049184732 0.0 0.0 0.0 0.0 0.0 0.0 0.0601816 0.0 0.0 0.0 0.053086314 0.0 0.0 0.040417895 0.0 0.0 0.0 0.051600605 0.0 0.0 0.0055230414 0.0 0.0 0.0 0.015582025 0.0 0.016653372 0.0 0.087469496 0.0 0.0 0.0 0.057316884 0.0 8.60101e-26 0.0 0.0
0.03744634 0.020858493 0.0 0.0 0.12185615 0.0 0.0 0.0 0.037370574 0.0 0.046606008 0.0 0.0 0.0 0.0 0.0 0.0 0.049184732 0.0 0.0 0.09415334 0.0 0.050878882 0.04728336 0.0013003894 0.0 0.0 0.0 0.0 0.0 0.10237642 0.016152285 0.06698558 0.0043329634 0.0 0.021953885 0.0 0.017990395 0.0 0.012610759 0.0 0.0 0.015897552 0.0 0.018440904 0.026998958 0.00505544 0.0 0.0 0.0 0.07012758 0.0 0.027457224 0.0 0.001116494 0.0
0.0 0.016057324 0.0 0.0 0.0 0.021081973 0.0 0.0 0.00047998596 0.02648061 0.0 0.0 0.007258371 0.012330109 0.0 0.0 0.0 0.0 0.0 0.05901812 0.0 0.0 0.020321058 0.0073587215 0.0 0.05558024 0.05908897 0.092776746 0.0 0.0 0.024904724 0.0 0.07129509 0.0 0.039316975 0.0 0.06401922 0.02701012 0.033635817 0.035686832 0.0025292204 0.0 0.0 0.0 0.02908775 0.014972211 0.0 0.037924472 0.0024428677 0.010602863 0.10594912 0.0 0.0 0.0 0.06595434 0.0
0.005002579 0.0060838624 0.0 0.028413324 0.0048374943 9.095659e-05 0.09313733 0.0 0.0 0.0 0.102524355 0.0 0.03043738 0.0 0.0 0.0062813275 0.06923793 0.0 0.09415334 0.0 0.05829717 0.0 0.0 0.0 0.0 0.009125741 0.0 0.0012220214 0.02369908 0.035396222 0.0 0.0 0.073119104 0.0 0.008380555 0.0 0.059264366 0.0 0.0 0.03139243 0.051549956 0.0 0.12244198 0.015719036 0.0 0.051417954 0.0 0.012126978 0.0 0.01669714 0.0 0.0 0.0 0.0 0.0027468079 0.0075664576
0.024433495 0.0 0.0 0.021201495 0.0 0.038406048 0.080941655 0.0 0.0 0.0 0.0 0.026383884 0.017634708 0.0 0.004361377 0.0 0.12258073 0.0 0.0 0.0 0.0 0.094962105 0.0 0.0 0.0033961958 0.074564494 0.0 0.0 0.030916292 0.014292169 0.0 0.0 0.024386486 0.02586673 0.019499375 0.0 0.01455138 0.0 0.0 0.043707564 0.021246247 0.023721358 0.04365237 0.024425851 0.009134272 0.0 0.0 0.0 0.0 0.027778873 0.0 0.025179312 0.0 0.0 0.057088207 0.04463989
0.0 0.0 0.0794325 0.01633158 0.0 0.0640862 0.0 0.0 0.021708827 0.008887095 0.0 0.0 0.0 0.0 0.0 0.1275097 0.0 0.0 0.05087888 0.020321058 0.0 0.0 0.0 0.008507433 0.022337124 0.021907546 0.027789306 0.05188751 0.0 0.026512887 0.024266336 0.0 0.020736212 0.0 0.016424797 0.034931928 0.0 0.0 0.14267148 0.0 0.0 0.0 0.0 0.0 0.0 0.0 0.002756011 0.011811072 0.056959797 0.07507059 0.057823166 0.0 0.0 0.0 0.016259067 0.010848631
0.053568624 0.0 0.0 0.0 0.0 0.0 0.038456857 0.008736216 0.01618888 0.024811367 0.0 0.0 0.044582594 0.101143464 0.046890244 0.042167082 0.0 0.0 0.04728336 0.0073587215 0.0 0.0 0.008507433 0.0 0.02672572 0.0 0.022533368 0.06281612 0.0 0.0 0.0 0.02687515 0.0 0.047152173 0.0 0.0 0.05486195 0.0 0.012910359 0.01638993 0.10185841 0.025055215 0.0 0.0 0.004592303 0.0 0.10270804 0.0 0.0 0.0 0.009966461 0.04926489 0.0 0.0 0.048315547 0.08435044
0.0 0.0 0.0 0.061176013 0.15862256 0.0 0.0 0.0 0.028130965 0.0 0.020557463 0.004520529 0.0036061427 0.0 0.0 0.0 0.0 0.0 0.0013003894 0.0 0.0 0.0033961958 0.022337126 0.026725722 0.12188206 0.0 0.0 0.0 0.0 0.0 0.0370372 0.0 0.064229816 0.0 0.042463526 0.06909437 0.0 0.028072013 0.0 0.0 0.090580374 0.0 0.0 0.008828882 0.0 0.058097996 0.0 0.0 0.0 0.0 0.009334702 0.0 0.0 0.0 0.02526151 0.0
0.0 0.051118445 0.07242832 0.016967354 0.08642488 0.09950297 0.0 0.0 0.045618195 0.022125257 0.0 0.036810637 0.020614736 0.0 0.08385692 0.02825143 0.0 0.060181595 0.0 0.055580243 0.009125741 0.074564494 0.021907546 0.0 0.0 0.0 0.0028358407 0.0 0.039242867 0.05850132 0.026347013 0.09421588 0.0 0.031661294 0.0 0.047597505 0.0 0.0 0.004014539 0.0 0.0 0.023282556 0.0 0.0 0.0 0.006309991 0.009599738 0.0 0.03309027 0.0 0.0 0.012278841 0.0 0.0 0.0 0.0373429
0.010319273 0.0070290854 0.0 0.024713285 0.0 0.06597803 0.013024386 0.02980516 0.0 0.029314667 0.0 0.0 0.1503574 0.0 0.0 0.085776046 0.011465405 0.0 0.0 0.059088968 0.0 0.0 0.027789306 0.02253337 0.0 0.0028358407 0.073183484 0.11843789 0.0 0.0 0.0 0.0 0.044144787 0.0 0.011527538 0.0 0.0 0.0 0.0 0.020751854 0.0 0.0 0.0 0.023524605 0.038111527 0.031377748 0.0 0.020037454 0.0 0.0 0.049685337 0.010896924 0.019369802 0.024013663 0.07569636 0.006505463
0.06825674 0.007571239 0.0 0.0 0.0 0.0 0.0 0.009742657 0.03894265 0.041807692 0.0 0.0 0.0894096 0.0 0.018797312 0.14866772 0.0 0.0 0.0 0.092776746 0.0012220214 0.0 0.05188751 0.06281612 0.0 0.0 0.1184379 0.0 0.0 0.0 0.0 0.0 0.0 0.0 0.040385257 0.016228842 0.001980339 0.014377743 0.0 0.0 0.0043383134 0.0 0.0 0.0 0.030272262 0.0 0.0 0.0074990676 0.0 0.0 0.0 0.098126024 0.0 0.0 0.010912471 0.0578808
0.0 0.0 0.0 0.0 0.0 0.0 0.12194898 0.079119936 0.011415392 0.0 0.0 0.024780612 0.0 0.0 0.0 0.0 0.06412568 0.0 0.0 0.0 0.023699082 0.030916294 0.0 0.0 0.0 0.039242867 0.0 0.0 0.1225747 0.0 0.0 0.0 0.010207444 0.13139117 0.0 0.0 0.0 0.0 0.0 0.003014515 0.025591113 0.05176262 0.030837758 0.017377008 0.0 0.0 0.018788232 0.0 0.0044082087 0.0 0.0 0.0 0.0071131126 0.05851973 0.0 0.08141077
0.0 0.0 0.0007291366 0.061425444 0.0031369405 0.0051812795 0.0 0.0 0.0 0.00050222635 0.02871943 0.03086456 0.0 0.049488872 0.0 0.0 0.08412193 0.053086314 0.0 0.0 0.03539622 0.014292168 0.026512887 0.0 0.0 0.05850132 0.0 0.0 0.0 0.023860812 0.0 0.0 0.0 0.0 0.0 0.0 0.037015203 0.0 0.012909001 0.059273068 0.014454737 0.0 0.03304237 0.104304045 0.0 0.031374194 0.0 0.01725079 0.0 0.07962924 0.037218157 0.0 0.0 0.062419266 0.017726973 0.00092663115
0.0007309353 0.047229845 0.0 0.0 0.019362409 0.076796 0.036137674 0.0 0.0 0.0 0.11791426 0.0 0.028672462 0.0 0.012351952 0.0 0.0 0.0 0.10237642 0.024904724 0.0 0.0 0.024266336 0.0 0.037037205 0.026347015 0.0 0.0 0.0 0.0 0.05084696 0.0 0.0857012 0.0 0.024140999 0.08258145 0.0 0.0 0.0 0.0 0.0 0.0 0.0006393446 0.0 0.0 0.06424436 0.0 0.04593443 0.0 0.010695067 0.009571953 0.0 0.0 0.0 0.0 0.0
0.12012473 0.0 0.0 0.0 0.0 0.0 0.028379422 0.0 0.00050908176 0.018596487 0.031833235 0.0 0.0 0.11692266 0.0 0.0 0.0030692369 0.0 0.016152283 0.0 0.0 0.0 0.0 0.02687515 0.0 0.09421587 0.0 0.0 0.0 0.0 0.0 0.0 0.0 0.0 0.103642225 0.0 0.019857068 0.0 0.0 0.0 0.01619723 0.0 0.0 0.08553151 0.04685845 0.010551634 0.001276426 0.053996168 0.0 0.0 0.0051100105 0.0 0.0 0.0 0.0 0.02830356
0.0 0.011229602 0.03241452 0.036984827 0.029820561 0.057631977 0.0 0.0 0.024133887 0.0 0.0014534711 0.026665501 0.0 0.0 0.0 0.0071819504 0.0 0.0404179 0.06698558 0.07129509 0.07311911 0.024386486 0.020736212 0.0 0.064229816 0.0 0.04414479 0.0 0.0102074435 0.0 0.0857012 0.0 0.07114923 0.0 0.022253409 0.012804305 0.0 0.0 0.04393798 0.0 0.022669472 0.0 0.0019262607 0.0023818295 0.0 0.036066834 0.0 0.017511675 0.05402738 0.09682414 0.0 0.0 0.029512167 0.0 0.0 0.0
0.020771094 0.0 0.0 0.0 0.0054924567 0.0 0.030420594 0.08848005 0.0 0.058794387 0.036542784 0.0 0.01155202 0.0 0.0053024157 0.0 0.056990918 0.0 0.0043329634 0.0 0.0 0.02586673 0.0 0.047152173 0.0 0.031661294 0.0 0.0 0.13139117 0.0 0.0 0.0 0.0 0.0 0.03642261 0.0 0.043314703 0.000480092 0.0 0.0025316975 0.0 0.0 0.062976815 0.0 0.0 0.0 0.0 0.0 0.0271429 0.0 0.0 0.008179579 0.074962646 0.02828053 0.0 0.04575489
0.0 0.026503908 0.0 0.060579963 0.03520301 0.0 0.0020379075 0.0 0.051490117 0.0 0.0 0.03467203 0.0 0.0 0.034188017 0.0 0.0 0.0 0.0 0.039316975 0.008380555 0.019499375 0.0164248 0.0 0.042463522 0.0 0.011527538 0.040385257 0.0 0.0 0.024140999 0.10364223 0.022253409 0.036422607 0.0 0.014578903 0.0 0.15103067 0.067141555 0.0050953566 0.0063311225 0.06528172 0.013401452 0.0 0.0 0.0 0.028304767 0.002087333 0.06434828 0.0 0.039839454 0.032461178 0.009929102 0.039668657 0.006822075 0.0
0.018416762 0.0 0.0 0.0 0.0 0.0 0.0 0.0 0.0050135395 0.0 0.0 0.0 0.0013670215 0.11072598 0.01727872 0.0 0.0 0.0 0.021953883 0.0 0.0 0.0 0.034931928 0.0 0.06909437 0.047597505 0.0 0.016228843 0.0 0.0 0.08258146 0.0 0.012804305 0.0 0.014578903 0.0 0.01361323 0.0214192 0.0 0.030653682 0.07400971 0.0 0.0 0.039139062 0.016141726 0.0 0.0 0.04780947 0.0050400468 0.0 0.10525605 0.0 0.09237783 0.010343361 0.052588467 0.008709157
0.0 0.005663956 0.0563117 0.018378371 0.0 0.016777646 0.007366802 0.0117571475 0.053430643 0.0 0.0 0.028434625 0.0 0.0 0.0635898 0.0 0.0 0.051600605 0.0 0.06401922 0.05926436 0.014551379 0.0 0.054861948 0.0 0.0 0.0 0.001980339 0.0 0.0370152 0.0 0.019857068 0.0 0.043314703 0.0 0.01361323 0.0 0.0033971404 0.014291784 0.0 0.012994718 0.04837302 0.0 0.011767556 0.033828367 0.0 0.10869699 0.0 0.03578908 0.013746124 0.0 0.015291061 0.018389514 0.03127774 0.0 0.12731351
0.05726667 0.0 0.0 0.0072145546 0.0 0.0 0.0 0.0 0.0 0.01293938 0.0 0.0 0.035139978 0.03693622 0.0 0.0 0.0 0.0 0.017990397 0.02701012 0.0 0.0 0.0 0.0 0.028072014 0.0 0.0 0.014377743 0.0 0.0 0.0 0.0 0.0 0.00048009196 0.15103067 0.021419197 0.0033971404 0.06601738 0.055026144 0.012552738 0.03836507 0.0 0.0 0.0 0.089944325 0.09173068 0.018000832 0.041415986 0.0 0.06399736 0.0 0.0 0.054188542 0.0 0.029074442 0.0
0.0 0.0 0.0 0.022943322 0.0 0.0047086794 0.0 0.0039305855 0.0 0.0 0.025189195 0.0 0.0 0.011343337 0.0 0.00053578266 0.0 0.0 0.0 0.033635817 0.0 0.0 0.14267148 0.012910359 0.0 0.004014539 0.0 0.0 0.0 0.012909001 0.0 0.0 0.043937977 0.0 0.067141555 0.0 0.014291783 0.055026144 0.0 0.0 0.03606439 0.0 0.0 0.027839048 0.08190757 0.062500805 0.0 0.0 0.0 0.0 0.17105848 0.03396498 0.028802408 0.0 0.015798157 0.0
0.0 0.0 0.1336636 0.001659591 0.1150866 0.019150997 0.008697356 0.044713207 0.0 0.0 0.0 0.012253541 0.06372705 0.023606855 0.0029336885 0.054263137 0.004464216 0.0055230414 0.012610759 0.03568683 0.031392433 0.04370757 0.0 0.01638993 0.0 0.0 0.020751854 0.0 0.0030145152 0.059273068 0.0 0.0 0.0 0.0025316975 0.0050953566 0.030653682 0.0 0.012552738 0.0 0.023323465 0.0 0.055962544 0.01679101 0.0 0.020528672 0.0 0.0 0.012624164 0.12920739 0.00034356836 0.0 0.0 0.027527578 0.0057318956 0.0 0.019822659
0.05309017 0.013443975 0.0 0.016608026 0.02311995 0.0 0.0 0.050645243 0.13710962 0.03924844 0.0 7.4282487e-09 0.0 0.0031380476 0.009095126 0.0048219953 0.0 0.0 0.0 0.0025292204 0.05154996 0.021246247 0.0 0.10185841 0.090580374 0.0 0.0 0.0043383134 0.025591113 0.014454738 0.0 0.01619723 0.022669472 0.0 0.0063311225 0.0740097 0.012994719 0.03836507 0.03606439 0.0 0.0251313 0.029010603 0.0 0.0 0.0 0.0 0.0 0.0 0.08463878 0.0 0.0 0.053247485 0.02809093 0.0 0.013353561 0.0
0.16711672 0.0 0.015161275 0.0 0.0017637529 0.0 0.07209003 0.11677693 0.0 0.061684247 0.005833544 0.0 0.0 0.013959297 0.0040759617 0.0 0.0 0.0 0.0 0.0 0.0 0.023721358 0.0 0.025055215 0.0 0.023282556 0.0 0.0 0.051762618 0.0 0.0 0.0 0.0 0.0 0.06528172 0.0 0.04837302 0.0 0.0 0.055962544 0.029010601 0.0 0.0020725713 0.0 0.08198662 0.0 0.0 0.024885343 0.0 0.0 0.0027416733 0.027049249 0.009173991 0.0 0.013085426 0.01451595
0.06722549 0.08874622 0.0 0.06410858 0.0 0.0 0.04039994 0.017173171 0.0 0.043603048 0.0 0.0 0.0 0.015482343 0.0020109855 0.0 0.08664059 0.0 0.015897552 0.0 0.12244198 0.043652367 0.0 0.0 0.0 0.0 0.0 0.0 0.030837756 0.033042375 0.0006393446 0.0 0.0019262607 0.062976815 0.013401452 0.0 0.0 0.0 0.0 0.01679101 0.0 0.0020725713 0.02535748 0.0 0.004138821 0.0 0.03835558 0.0023003775 0.043089554 0.0 0.0 0.0 0.09032923 0.012021386 0.0 0.058204312
0.0 0.010784189 0.08988161 0.025540752 0.0065315985 0.07432397 0.0 0.0 0.040063154 0.0 0.0 0.2130517 0.0 0.0 0.0 0.008499547 0.038560953 0.015582025 0.0 0.0 0.015719036 0.024425853 0.0 0.0 0.008828881 0.0 0.023524603 0.0 0.017377008 0.10430404 0.0 0.0855315 0.0023818295 0.0 0.0 0.039139062 0.011767556 0.0 0.027839048 0.0 0.0 0.0 0.0 0.0 0.0 0.0 0.0032885636 0.007090184 0.0 0.031349633 0.0 0.0 0.0 0.0 0.0 0.0
0.0 0.029251844 0.0 0.05552998 0.010184151 0.0017591463 0.0 0.0 0.074045636 0.0 0.0 0.06729107 0.023529142 0.0 0.18441667 0.0072986702 0.0 0.0 0.018440904 0.029087752 0.0 0.009134272 0.0 0.004592303 0.0 0.0 0.03811153 0.03027226 0.0 0.0 0.0 0.046858445 0.0 0.0 0.0 0.016141728 0.033828367 0.089944325 0.08190757 0.020528672 0.0 0.08198662 0.004138821 0.0 0.0 0.028257838 0.00021078353 0.0034465955 0.012338405 0.0 0.0 0.013867108 0.050978974 0.009250758 0.022399005 0.018526236
0.0 0.0 0.0 0.12914145 0.0 0.003486107 0.0 0.0 0.0 0.0 0.025365466 0.0 0.0 0.013422764 0.020181322 0.0 0.01151115 0.016653372 0.026998956 0.014972212 0.05141795 0.0 0.0 0.0 0.058098 0.006309991 0.031377744 0.0 0.0 0.031374194 0.06424435 0.010551634 0.036066834 0.0 0.0 0.0 0.0 0.091730684 0.062500805 0.0 0.0 0.0 0.0 0.0 0.02825784 0.0 0.0115886815 0.04593651 0.014342434 0.008008576 0.05647537 0.0 0.0 0.027229292 0.024021741 0.0
0.05671054 0.003598105 0.0 0.001634115 0.09117292 0.0 0.03714226 0.0 0.041039288 0.0 0.10633953 0.00247039 0.0 0.010255339 0.0 0.0 0.020433333 0.0 0.00505544 0.0 0.0 0.0 0.002756011 0.10270804 0.0 0.009599738 0.0 0.0 0.018788233 0.0 0.0 0.001276426 0.0 0.0 0.028304769 0.0 0.108697 0.018000832 0.0 0.0 0.0 0.0 0.03835558 0.0032885638 0.00021078353 0.011588682 0.0 0.052391626 0.0 0.0 0.013798797 0.0 0.0 0.0306155 0.0 0.0
0.0 0.09038367 0.013211647 0.16011505 0.023051871 0.030287212 0.0 0.0 0.0 0.0 0.04827557 0.0034548612 0.0 0.051794086 0.0 0.0030245709 0.0 0.08746949 0.0 0.03792447 0.012126978 0.0 0.011811072 0.0 0.0 0.0 0.020037454 0.007499067 0.0 0.01725079 0.045934428 0.05399617 0.017511675 0.0 0.002087333 0.04780947 0.0 0.041415982 0.0 0.012624164 0.0 0.024885343 0.0023003775 0.007090184 0.0034465953 0.04593651 0.052391626 0.0 0.053822484 0.002556577 0.037041303 0.0 0.0 0.028920567 0.0034010992 0.0
0.023899877 0.0 0.0 0.02063484 0.0 0.0 0.0 0.0 0.0023933025 0.106361076 0.040069826 0.0 0.0 0.023134163 0.0 0.0074573066 0.0 0.0 0.0 0.0024428677 0.0 0.0 0.056959793 0.0 0.0 0.03309027 0.0 0.0 0.0044082087 0.0 0.0 0.0 0.054027382 0.0271429 0.06434828 0.0050400468 0.03578908 0.0 0.0 0.12920739 0.084638774 0.0 0.043089554 0.0 0.012338405 0.014342435 0.0 0.053822484 0.0 0.0 0.026810452 0.009826051 0.004191023 0.0 0.04392292 0.0
0.0 0.0 0.0 0.0071187033 0.023541884 0.1383015 0.0 0.004956478 0.0 0.0 0.017970609 0.0757742 0.014360198 0.0 0.0 0.08977476 0.012807774 0.0 0.0 0.010602863 0.01669714 0.027778873 0.07507059 0.0 0.0 0.0 0.0 0.0 0.0 0.07962924 0.010695066 0.0 0.09682415 0.0 0.0 0.0 0.013746124 0.063997366 0.0 0.00034356836 0.0 0.0 0.0 0.031349633 0.0 0.008008576 0.0 0.002556577 0.0 0.0 0.0033473447 0.0 0.057589117 0.007647529 0.0 0.0
0.0 0.0 0.04045952 0.0 0.0 0.09333142 0.0 0.0 0.025474558 0.001806338 0.0 0.0 0.0065445714 0.0 0.0 0.116900355 0.0 0.0 0.07012758 0.10594912 0.0 0.0 0.057823166 0.00996646 0.009334703 0.0 0.049685337 0.0 0.0 0.037218157 0.009571953 0.0051100105 0.0 0.0 0.039839454 0.10525606 0.0 0.0 0.17105849 0.0 0.0 0.0027416735 0.0 0.0 0.0 0.05647537 0.013798797 0.037041303 0.026810452 0.003347345 0.0 0.01194019 0.0 0.0 0.0 0.0
0.0139037315 0.0 0.0 0.018048616 0.0 0.0 2.1186823e-08 0.09152759 0.0 0.013987244 0.0 0.0 0.0 0.065803684 0.0 0.0041011185 0.0054544006 0.057316884 0.0 0.0 0.0 0.025179312 0.0 0.049264885 0.0 0.01227884 0.010896924 0.098126024 0.0 0.0 0.0 0.0 0.0 0.008179579 0.032461178 0.0 0.015291062 0.0 0.03396498 0.0 0.05324748 0.027049249 0.0 0.0 0.013867109 0.0 0.0 0.0 0.009826051 0.0 0.01194019 0.15866593 0.0 0.0038809823 0.020327874 0.099354476
0.0 0.0 0.040439107 0.033812027 0.016377997 0.003404693 0.05000023 0.0 0.022250755 0.029900774 0.049551845 0.0 0.015825829 0.015652457 0.0 0.0 0.0 0.0 0.027457224 0.0 0.0 0.0 0.0 0.0 0.0 0.0 0.019369803 0.0 0.007113112 0.0 0.0 0.0 0.029512167 0.074962646 0.009929102 0.09237782 0.018389516 0.054188546 0.028802408 0.027527576 0.02809093 0.009173991 0.09032923 0.0 0.050978974 0.0 0.0 0.0 0.004191023 0.057589117 0.0 0.0 0.006181744 0.0 0.0 0.0
0.015290767 0.0 0.0 0.0 0.12846777 0.0 0.01303326 0.10776145 0.0994855 0.1098633 0.0 0.0047432804 0.009888504 0.0 0.0 0.016521558 0.0 8.601011e-26 0.0 0.0 0.0 0.0 0.0 0.0 0.0 0.0 0.024013663 0.0 0.05851973 0.062419266 0.0 0.0 0.0 0.02828053 0.039668657 0.010343362 0.03127774 0.0 0.0 0.0057318956 0.0 0.0 0.012021385 0.0 0.009250759 0.027229292 0.030615501 0.028920567 0.0 0.007647529 0.0 0.0038809825 0.0 0.024667302 0.0 0.03161725
0.0 0.0 0.04432422 0.03169286 0.0 0.09306832 0.0 0.030898765 0.0004314021 0.021851197 0.0 0.06605298 0.047701333 0.039067008 0.030838024 0.09771743 0.0 0.0 0.0011164941 0.065954335 0.0027468076 0.057088207 0.016259067 0.04831555 0.02526151 0.0 0.07569636 0.010912471 0.0 0.017726973 0.0 0.0 0.0 0.0 0.0068220757 0.052588467 0.0 0.029074444 0.015798157 0.0 0.01335356 0.013085426 0.0 0.0 0.022399006 0.024021741 0.0 0.003401099 0.04392292 0.0 0.0 0.020327874 0.0 0.0 0.0 0.0366545
0.0 0.010657537 0.0 0.0 0.0 0.0 0.0 0.11016974 0.029668497 0.025386648 0.0 0.0 0.0 0.0 0.0 0.0 0.0 0.0 0.0 0.0 0.007566458 0.04463989 0.010848631 0.084350444 0.0 0.0373429 0.0065054633 0.057880796 0.08141077 0.0009266311 0.0 0.02830356 0.0 0.04575489 0.0 0.008709157 0.12731351 0.0 0.0 0.01982266 0.0 0.014515949 0.05820431 0.0 0.018526237 0.0 0.0 0.0 0.0 0.0 0.0 0.099354476 0.0 0.03161725 0.0366545 0.0
