0.0471763 0.0 0.0 0.0 0.0 0.0 0.0 0.0490844 0.0 0.0 0.0 0.0 0.0 0.06616123 0.0 0.0 0.010068497 0.0 0.0 0.0 0.0 0.0 0.0 0.0 0.011574442 0.032346603 0.0 0.0 0.0 0.00960307 0.0 0.0 0.03568523 0.14287235 0.001594707 0.0 0.012001937 0.0 0.0021085674 0.025619352 0.002318879 0.0 0.0 0.0 0.0 0.0 0.0 0.0 0.0 0.0 0.15738289 0.0046414062 0.0 0.07036286 0.15358888 0.1235461
0.0 0.0 0.0 0.0 0.0 0.0 0.044035763 0.016165921 0.022636564 0.0 0.0026764672 0.0 0.032773573 0.0 0.03789589 0.042961653 0.0049837553 0.0 0.0 0.0 0.0 0.0 0.0 0.008377274 0.012393606 0.041182708 0.0 0.06361426 0.0 0.03047935 0.0 0.0 0.0 0.0 0.03192814 0.0 0.0029839808 0.01716802 0.0 0.08557146 0.0 0.0 0.0 0.056831717 0.063840665 0.0 0.0 0.09320561 0.0 0.0 0.07449587 0.034646757 0.0 0.03634859 0.0 0.0
0.0 0.0 0.0 0.01984713 0.0 0.0064160028 0.0 0.0 0.010748508 0.010026254 0.0 0.0 0.0 0.0007421415 0.0 0.0 0.0 0.0 0.03040078 0.0 0.040215317 0.017730631 0.0 0.0 0.0 0.022615066 0.022470452 0.0 0.0 0.05409899 0.12185927 0.0 0.038400028 0.0 0.0 0.0 0.0 0.0 0.0 0.06051628 0.049672794 0.0 0.0 0.027393302 0.0 0.0 0.0 0.05814284 0.20073284 0.0 0.0 0.0 0.023150943 0.0 0.0 0.0
0.0 0.0 0.01984713 0.0 0.0 0.0 0.0 0.0 0.0 0.0 0.0 0.0 0.0046610925 0.0 0.0 0.0 0.0 0.0 0.0 0.0 0.0 0.081523016 0.0 0.0 0.0 0.0 0.029910743 0.027756957 0.002235361 0.07692721 0.0213406 0.0 0.00652367 0.0 0.046315223 0.0 0.0 0.0 0.0 0.060309026 0.0 0.011243035 0.0 0.045522686 0.0 0.03296564 0.0 0.07542424 0.0 0.20633522 0.020167839 0.0 0.05494002 0.10167014 0.0 0.0
0.0 0.0 0.0 0.0 0.0 0.0 0.009493268 0.0 0.0 0.0 0.0 0.031957857 0.10129896 0.0 0.0 0.007979766 0.0 0.0 0.0 0.0 0.0 0.021701884 0.2066877 0.017036859 0.0 0.0 0.0 0.03319562 0.12940764 0.0 0.0 0.046113912 0.0 0.0 0.06306188 0.0 0.0 0.0 0.0 0.0 0.009576975 0.0043262197 0.0 0.106331006 0.0 0.040919088 0.019247964 0.0 0.025138292 0.0 0.0 0.0 0.05806582 0.0 0.0 0.0
0.0 0.0 0.0064160028 0.0 0.0 0.0 0.0 0.021482542 0.0 0.034525793 0.0 0.0 0.011660377 0.070891835 0.0 0.0 0.02237764 0.0 0.0 0.0 0.0 0.10554192 0.0066457675 0.031141168 0.0 0.03469062 0.013511356 0.05223443 0.041148324 0.018977927 0.0 0.0 0.0 0.0 0.0 0.0075506354 0.016700014 0.0 0.0 0.036660105 0.04767939 0.040691778 0.0 0.03309754 0.0 0.008607804 0.0 0.0 0.0 0.15807524 0.0 0.063234985 0.0 0.09821778 0.0 0.005398307
0.0 0.044035763 0.0 0.0 0.009493268 0.0 0.0 0.05370809 0.0068309545 0.0 0.019702578 0.0 0.007947423 0.010854371 0.005197339 0.0033674561 0.00064073264 0.0 0.02365756 0.0 0.104660094 0.0 0.017432874 0.077632554 0.0 0.0 0.09481462 0.0 0.0 0.008930268 0.0 0.0 0.0 0.0 0.100208744 0.009445118 0.0 0.0 0.0 0.0 0.07925944 0.0 0.0 0.0 0.05879181 0.0 0.005552581 0.015647808 0.0 0.0 0.0 0.030241305 0.0 0.0 0.0 0.059331484
0.049084395 0.016165921 0.0 0.0 0.0 0.02148254 0.05370809 0.05198975 0.043659385 7.154066e-09 0.0 0.0036524835 0.0 0.0 0.036795214 0.0 0.047714036 0.04474606 0.0 0.0 0.0 0.0 0.0 0.007685593 0.10088492 0.024561195 0.0 0.0 0.0 0.06714881 0.0 0.0789518 0.015386691 0.025625808 0.0 0.08677801 0.0 0.0 0.01773162 0.0 0.0 0.0 0.08715643 0.0 0.0 0.010182721 0.0 0.0 0.0 0.0 0.0 0.0 0.030780133 0.021843798 0.14763239 0.1006513
0.0 0.022636563 0.010748508 0.0 0.0 0.0 0.0068309545 0.043659385 0.06874801 0.0 0.0 0.0 0.017862672 6.108105e-05 0.007474717 0.01167968 0.0 0.0 0.0 0.0 0.0 0.0 0.060347382 0.05828451 0.0 0.0 0.0 0.0746263 0.0051086014 0.117079474 0.019981356 0.02000797 0.011179668 0.0 0.07468862 0.0 0.0 0.0 0.0 0.089361764 0.015628288 0.0 0.0006140756 0.011143197 0.0 0.06804589 0.011419749 0.015735442 0.0 0.00398818 0.0147349965 0.0 0.0429917 0.010665108 0.009421112 0.0005058399
0.0 0.0 0.010026254 0.0 0.0 0.034525793 0.0 7.1540662e-09 0.0 0.0 0.0 0.0 0.0 0.018861493 0.0 0.0 0.010636834 0.0 0.0 0.021042572 0.006162522 0.0 0.10720209 0.0 0.028190577 0.0 0.03885987 0.0067434506 0.0 0.0 0.032172605 0.01741748 0.08769429 0.09742084 0.019397581 0.0 0.0 0.0 0.0745441 0.12377554 0.0021642342 0.0 0.018432898 0.0 0.0019029658 0.0 0.0 0.034674134 0.0 0.0 0.11625614 0.0 0.0 0.06545929 0.017700251 0.033472028
0.0 0.0026764672 0.0 0.0 0.0 0.0 0.01970258 0.0 0.0 0.0 0.0 0.0 0.079757 0.12010388 0.010602786 0.0 0.036993083 0.0 0.0 0.0 0.0 0.04971984 0.0 0.0 0.0 0.0069078924 0.0 0.015224488 0.18340665 0.022378296 0.0 0.0 0.0 0.0 0.0442261 0.0 0.0 0.0 0.0 0.06961138 0.013832746 0.0 0.0036241733 0.0 0.0 0.0 0.0 0.0 0.0 0.06019894 0.0061576287 0.027852667 0.0 0.04080005 0.0 0.07144587
0.0 0.0 0.0 0.0 0.031957857 0.0 0.0 0.0036524837 0.0 0.0 0.0 0.21464527 0.0 0.0 0.0 0.0 0.0 0.0 0.03321281 0.0 0.0 0.09640467 0.0 0.0 0.018497711 0.0 0.0 0.0 0.0 0.007825088 0.0 0.0 0.0 0.0 0.030749178 0.0 0.0 0.0 0.0 0.008303225 0.017615816 0.0 0.0 0.16922677 0.0 0.070416786 0.010563611 0.0 0.05781404 0.016626552 0.0 0.0 0.06962303 0.0 0.0 0.0
0.0 0.032773573 0.0 0.0046610925 0.101298966 0.0116603775 0.007947423 0.0 0.01786267 0.0 0.079757 0.0 0.0 0.0 0.0 0.0 0.0 0.10923252 0.0012328409 0.022584615 0.05467333 0.0 0.0 0.0 0.022115935 0.0 0.031587414 0.036325295 0.0 0.0 0.0 0.0 0.14340383 0.0 0.0 0.0 0.007379507 0.031007538 0.0 0.0 0.0 0.008705283 0.05350731 0.0 0.0 0.05376542 0.0 0.0 0.013811904 0.0 0.0 0.0 0.027005963 0.0 0.0 0.0
0.06616122 0.0 0.0007421415 0.0 0.0 0.070891835 0.010854371 0.0 6.108105e-05 0.018861495 0.12010389 0.0 0.0 0.0 0.0 0.0 0.0 0.013038928 0.0 0.16351148 0.0 0.0 0.0 0.0 0.0 0.014426114 0.087281264 0.044165324 0.0 0.0 0.0 0.0 0.07430892 0.0 0.020100348 0.0 0.10404476 0.016877323 0.08180937 0.0 0.0 0.0 0.0 0.0 0.07549194 0.0 0.0 0.0 0.0 0.0 0.0 0.0 0.0 0.0 0.021869294 0.006585523
0.0 0.03789589 0.0 0.0 0.0 0.0 0.0051973388 0.036795214 0.007474717 0.0 0.010602786 0.0 0.0 0.0 0.16477257 0.04040814 0.0 0.0 0.0 0.0053966977 0.008349964 0.0 0.033884894 0.04565569 0.0 0.08238252 0.01851847 0.0 0.0 0.0 0.041337993 0.0 0.0 0.052622367 0.017135918 0.0 0.015906602 0.04801875 0.03545849 0.0 0.0 0.0 0.016686548 0.0 0.031191725 0.054390464 0.0 0.03839923 0.0 0.0 0.008368394 0.08456934 0.0 0.01622142 0.0 0.0
0.0 0.042961657 0.0 0.0 0.007979766 0.0 0.003367456 0.0 0.01167968 0.0 0.0 0.0 0.0 0.0 0.040408142 0.09002443 0.0 0.0 0.0 0.04492161 0.0 0.008092062 0.030678144 0.0 0.0 0.022548417 0.0 0.0 0.0 0.0 0.0 0.0 0.0 0.0 0.0 0.0 0.0 0.0660908 0.06012916 0.05109012 0.0 0.0 0.029954862 0.0 0.0 0.086287975 0.0 0.0 0.0 0.0 0.0 0.061526533 0.0007611646 0.048696414 0.0 0.02805088
0.010068497 0.0049837558 0.0 0.0 0.0 0.02237764 0.00064073264 0.047714036 0.0 0.010636834 0.03699308 0.0 0.0 0.0 0.0 0.0 0.0 0.0 0.0 0.0 0.01960644 0.0 0.0045233243 0.078630954 0.0 0.0 0.0 0.0 0.0 0.0010988199 0.0 0.0 0.0 0.0023745566 0.003833201 0.009473172 0.0 0.0034421494 0.01446406 0.05089675 0.17187016 0.0014728104 0.0055229985 0.035369497 0.0 0.0 0.068116836 0.08005632 0.09621851 0.0 0.0 0.032152608 0.0 0.0 0.0 0.0
0.0 0.0 0.0 0.0 0.0 0.0 0.0 0.04474606 0.0 0.0 0.0 0.0 0.10923253 0.013038927 0.0 0.0 0.0 0.0 0.0 0.0 0.0 0.045002688 0.002011725 0.009698349 0.0 0.0 0.0 0.0 0.0 0.042772014 0.0 0.0 0.05558351 0.0 0.049433075 0.0 0.011753831 0.0 0.0 0.11022209 0.034405414 0.0 0.0 0.0073976163 0.05143228 0.02616986 0.032252625 0.0961215 0.07549662 0.078478396 0.014711088 0.0 0.0 0.027235327 0.0 0.0
0.0 0.0 0.03040078 0.0 0.0 0.0 0.023657562 0.0 0.0 0.0 0.0 0.03321281 0.0012328409 0.0 0.0 0.0 0.0 0.0 0.046995834 0.0 0.0 0.0 1.29805085e-05 0.014658905 0.005142773 0.0 0.0 0.0 0.0 0.09000784 0.0 0.044624455 0.0 0.0 0.15939087 0.03887618 0.0 0.005960674 0.0 0.0 0.008704087 0.07044017 0.045626186 0.031199595 0.055061437 0.0 0.06121868 0.0 0.0 0.0 0.0 0.06406538 0.026640667 0.029894346 0.0 0.0
0.0 0.0 0.0 0.0 0.0 0.0 0.0 0.0 0.0 0.02104257 0.0 0.0 0.022584613 0.16351148 0.005396697 0.04492161 0.0 0.0 0.0 0.0 0.0 0.024281276 0.0 0.0 0.0 0.03183457 0.06181672 0.091873705 0.0 0.0 0.0 0.0 0.018661907 0.0 0.054780465 0.0030738306 0.019160613 0.0 0.014565692 0.016311945 0.09997327 0.0 0.0 0.035024732 0.0 0.029517638 0.0 0.0 0.040897947 0.02971539 0.03114406 0.039754584 0.0 0.02478131 0.0 0.0
0.0 0.0 0.040215317 0.0 0.0 0.0 0.1046601 0.0 0.0 0.0061625224 0.0 0.0 0.054673325 0.0 0.008349964 0.0 0.01960644 0.0 0.0 0.0 0.0 0.17302927 0.0 0.04149012 0.0 0.0 0.0 0.0077265943 0.039669655 0.00076062686 0.01231732 0.0 0.0 0.0 0.0060239965 0.0 0.048445802 0.0 0.0 0.028964426 0.017889561 0.057327114 0.0 0.062324002 0.012918253 0.0 0.0074465326 0.0 0.0 0.057839874 0.0 0.009386531 0.006020163 0.028443066 0.0 0.0
0.0 0.0 0.01773063 0.081523016 0.021701882 0.10554193 0.0 0.0 0.0 0.0 0.04971984 0.09640467 0.0 0.0 0.0 0.008092061 0.0 0.045002688 0.0 0.024281275 0.17302929 0.010546573 0.0062583974 0.0 0.022052761 0.0 0.054160614 0.0 0.0 0.0 0.0 0.0 0.0 0.0 0.0 0.033764165 0.0 0.024360102 0.05335766 0.0 0.0042785103 0.0 0.0 0.0 0.0 0.0 0.09158574 0.011554939 0.080213174 0.003313615 0.0 0.0 0.08302066 0.0 0.0 0.0
0.0 0.0 0.0 0.0 0.2066877 0.006645767 0.017432874 0.0 0.060347386 0.10720209 0.0 0.0 0.0 0.0 0.033884894 0.030678146 0.004523325 0.002011725 1.29805085e-05 0.0 0.0 0.0062583974 0.0 0.0 0.0 0.0 0.0 0.010100328 0.058531042 0.0 0.025363835 0.060309276 0.0 0.019281311 0.010218799 0.0 0.040205922 0.13521594 0.045028597 0.004310473 0.0 0.004406172 0.054403722 0.0 0.0 0.05575408 0.0 0.0 0.0 0.0 0.020389128 0.05007657 0.016495587 0.0 0.0 0.0
0.0 0.008377273 0.0 0.0 0.01703686 0.03114117 0.077632554 0.0076855924 0.058284506 0.0 0.0 0.0 0.0 0.0 0.04565569 0.0 0.078630954 0.009698349 0.014658905 0.0 0.04149012 0.0 0.0 0.0 0.0 0.0 0.0 0.0 0.0 0.012796759 0.0 0.15655218 0.06448282 0.063969485 0.01569409 0.046766657 0.062128857 0.06374455 0.0 0.010774904 0.0 0.0 0.12843251 0.0 0.036207784 0.0 0.0 0.0 0.0 0.0 0.03913415 0.0 0.0 0.021411983 0.026207862 0.0143704
0.011574442 0.012393607 0.0 0.0 0.0 0.0 0.0 0.100884914 0.0 0.02819058 0.0 0.01849771 0.022115933 0.0 0.0 0.0 0.0 0.0 0.005142773 0.0 0.0 0.022052761 0.0 0.0 0.05801557 0.0 0.0 0.045243334 0.21628018 0.0 0.0 0.0 0.0 0.0 0.009490369 0.0 0.0 0.0 0.0 0.002085535 0.112922624 0.0 0.0 0.17457326 0.0 0.0 0.0 0.07781231 0.049253054 0.0 0.0 0.0 0.033760164 0.0 0.0 0.0
0.032346603 0.041182708 0.022615066 0.0 0.0 0.034690622 0.0 0.024561195 0.0 0.0 0.0069078924 0.0 0.0 0.014426113 0.082382515 0.022548417 0.0 0.0 0.0 0.03183457 0.0 0.0 0.0 0.0 0.0 0.18820891 0.042142615 0.016492736 0.0 0.0 0.0 0.0 0.035635237 0.06448097 0.0 0.0 0.026355693 0.0 0.0 0.0 0.0 0.0 0.07313811 0.0 0.07055945 0.0 0.0 0.0 0.0 0.0 0.0 0.0 0.0 0.06276981 0.0 0.06952901
0.0 0.0 0.022470452 0.029910741 0.0 0.013511357 0.09481462 0.0 0.0 0.03885987 0.0 0.0 0.031587414 0.08728127 0.018518472 0.0 0.0 0.0 0.0 0.061816726 0.0 0.054160614 0.0 0.0 0.0 0.04214262 0.0 0.026633145 0.047767177 0.0 0.020817604 0.0 0.01245247 0.0 0.0 0.0 0.06474216 0.0 0.03466527 0.029276608 0.0 0.018171677 0.017128928 0.0 0.0 0.028667446 0.0 0.0 0.0 0.06579209 0.024056451 0.06048541 0.011918726 0.08454384 0.0 0.009750616
0.0 0.063614264 0.0 0.02775696 0.03319562 0.05223443 0.0 0.0 0.07462629 0.00674345 0.015224489 0.0 0.036325295 0.04416533 0.0 0.0 0.0 0.0 0.0 0.0918737 0.007726595 0.0 0.010100328 0.0 0.045243334 0.016492736 0.026633145 0.051145844 0.0 0.0 0.016280258 0.024588289 0.059369918 0.037087485 0.0 0.08018677 0.025447154 0.057605397 0.032662738 0.013696187 0.0 0.0 0.057644498 0.0 0.0 0.0 0.0 0.0 0.0 0.0 0.009170523 0.022108203 0.0 0.0 0.0071671517 0.0
0.0 0.0 0.0 0.002235361 0.12940764 0.041148324 0.0 0.0 0.0051086014 0.0 0.18340667 0.0 0.0 0.0 0.0 0.0 0.0 0.0 0.0 0.0 0.039669655 0.0 0.058531042 0.0 0.21628016 0.0 0.047767177 0.0 0.0 0.0 0.0 0.047307864 0.0 0.0 0.0 0.0 0.0 0.0073146946 0.0 0.0 0.07272997 0.0 0.0 0.0 0.0 0.011833275 0.01650657 0.009719415 0.0 0.0 0.053483628 0.0 0.038188003 0.0 0.0030958857 0.0
0.00960307 0.03047935 0.054098986 0.07692721 0.0 0.018977927 0.008930268 0.06714881 0.11707947 0.0 0.022378296 0.007825088 0.0 0.0 0.0 0.0 0.0010988199 0.04277201 0.09000784 0.0 0.00076062686 0.0 0.0 0.01279676 0.0 0.0 0.0 0.0 0.0 0.0 0.0 0.0 0.0 0.0 0.01611468 0.025159137 0.0 0.037768856 0.03841161 0.0 0.07539853 0.005958642 0.0 0.0 0.0 0.042403907 0.15290621 0.0063540265 0.05124463 0.0 0.0 0.028866878 0.024082558 0.0 0.0 0.0
0.0 0.0 0.12185926 0.021340597 0.0 0.0 0.0 0.0 0.019981356 0.03217261 0.0 0.0 0.0 0.0 0.041337993 0.0 0.0 0.0 0.0 0.0 0.012317319 0.0 0.025363835 0.0 0.0 0.0 0.020817602 0.016280256 0.0 0.0 0.12686494 0.0 0.0 0.0 0.0 0.0 0.007818799 0.014848869 0.0 0.0 0.0 0.0 0.0 0.005124963 0.0 0.12390193 0.0 0.0 0.0 0.067118585 0.07021317 0.0027752642 0.08368685 0.010858586 0.0 0.0
0.0 0.0 0.0 0.0 0.046113912 0.0 0.0 0.0789518 0.02000797 0.017417477 0.0 0.0 0.0 0.0 0.0 0.0 0.0 0.0 0.044624455 0.0 0.0 0.0 0.060309272 0.15655218 0.0 0.0 0.0 0.024588287 0.047307864 0.0 0.0 0.0 0.0 0.0 0.11047314 0.0036205135 0.05875592 0.03658614 0.0 0.018129397 0.0003803977 0.017924681 0.04985413 0.0 0.0 0.0745248 0.0082400935 0.08454798 0.0 0.0 0.0033194218 0.029685974 0.0 0.0 0.0 0.0
0.03568523 0.0 0.038400024 0.00652367 0.0 0.0 0.0 0.01538669 0.011179667 0.08769429 0.0 0.0 0.14340383 0.07430892 0.0 0.0 0.0 0.055583507 0.0 0.018661909 0.0 0.0 0.0 0.064482816 0.0 0.035635237 0.012452469 0.059369914 0.0 0.0 0.0 0.0 0.009778896 0.0 0.07395385 0.0 0.077897586 0.0 0.0 0.039737795 0.0 0.0 0.0 0.018301394 0.0 0.0 0.0 0.0 0.00019765184 0.014238208 0.041534398 0.0107700145 0.0 0.014603262 0.0053477073 0.0
0.14287235 0.0 0.0 0.0 0.0 0.0 0.0 0.025625808 0.0 0.09742084 0.0 0.0 0.0 0.0 0.052622367 0.0 0.0023745568 0.0 0.0 0.0 0.0 0.0 0.019281311 0.06396949 0.0 0.06448097 0.0 0.03708748 0.0 0.0 0.0 0.0 0.0 0.04186714 0.05109825 0.0 0.047248404 0.0 0.0 0.0 0.0 0.0 0.0 0.0 0.1098891 0.0 0.0 0.0 0.0 0.0 0.0 0.032138184 0.0 0.012011061 0.0 0.13440853
0.001594707 0.03192814 0.0 0.046315223 0.06306188 0.0 0.10020874 0.0 0.07468862 0.019397581 0.044226103 0.030749176 0.0 0.020100348 0.017135918 0.0 0.003833201 0.049433067 0.15939087 0.054780465 0.0060239965 0.0 0.0102188 0.01569409 0.009490369 0.0 0.0 0.0 0.0 0.01611468 0.0 0.11047315 0.07395385 0.051098254 0.0 0.084993675 0.029640466 0.026074385 0.052118033 0.0 0.0 0.0043707495 0.03734218 0.0 0.004510308 0.011058507 0.0 0.0 0.0 0.0 0.022692192 0.010459054 0.011191231 0.006585018 0.025222946 0.0
0.0 0.0 0.0 0.0 0.0 0.007550636 0.009445119 0.08677801 0.0 0.0 0.0 0.0 0.0 0.0 0.0 0.0 0.009473172 0.0 0.038876176 0.0030738309 0.0 0.03376417 0.0 0.046766657 0.0 0.0 0.0 0.08018677 0.0 0.025159137 0.0 0.0036205135 0.0 0.0 0.084993675 0.0 0.0 0.0 0.0 0.090972625 0.021197295 0.022709368 0.029789349 0.0 0.00873522 0.0 0.0 0.021409104 0.0 0.0 0.052107845 0.032159768 0.0 0.0 0.08585043 0.042239625
0.012001938 0.0029839808 0.0 0.0 0.0 0.016700014 0.0 0.0 0.0 0.0 0.0 0.0 0.0073795076 0.10404476 0.015906602 0.0 0.0 0.011753831 0.0 0.019160613 0.048445802 0.0 0.040205922 0.062128853 0.0 0.026355695 0.06474216 0.025447154 0.0 0.0 0.0078187995 0.058755912 0.077897586 0.047248404 0.029640466 0.0 0.0049942518 0.0 0.014364354 0.04234102 0.023103006 0.0 0.026419628 0.0 0.056077395 0.0 0.0 0.04009476 0.0 0.0 0.037435845 0.0 0.0 0.012833463 0.15809995 0.015783349
0.0 0.01716802 0.0 0.0 0.0 0.0 0.0 0.0 0.0 0.0 0.0 0.0 0.031007538 0.016877323 0.04801875 0.06609079 0.0034421491 0.0 0.005960674 0.0 0.0 0.024360102 0.13521592 0.063744545 0.0 0.0 0.0 0.0576054 0.007314694 0.037768852 0.014848869 0.036586143 0.0 0.0 0.026074385 0.0 0.0 0.0 0.0 0.08828215 0.03148913 0.0 0.0 0.044236634 0.018558202 0.03103591 0.0 0.06657419 0.0 0.028704194 0.0 0.027970107 0.0 0.0014635033 0.06397052 0.0
0.0021085674 0.0 0.0 0.0 0.0 0.0 0.0 0.01773162 0.0 0.07454411 0.0 0.0 0.0 0.08180937 0.03545849 0.06012916 0.01446406 0.0 0.0 0.014565692 0.0 0.05335766 0.045028597 0.0 0.0 0.0 0.03466527 0.03266274 0.0 0.03841161 0.0 0.0 0.0 0.0 0.052118037 0.0 0.014364353 0.0 0.0 0.09176561 0.04021819 0.0 0.0 0.09756889 0.0 0.0 0.0 0.06265929 0.0 0.09259155 0.061044767 0.0 0.0 0.0061229304 0.0 0.0
0.025619352 0.08557146 0.060516283 0.060309026 0.0 0.036660105 0.0 0.0 0.089361764 0.12377554 0.06961137 0.008303225 0.0 0.0 0.0 0.05109012 0.05089675 0.11022209 0.0 0.016311947 0.028964428 0.0 0.0043104733 0.010774904 0.002085535 0.0 0.029276606 0.013696188 0.0 0.0 0.0 0.018129395 0.039737795 0.0 0.0 0.090972625 0.04234102 0.08828215 0.09176561 0.0 0.0 0.0 0.0 0.0 0.0 0.0 0.0 0.0 0.0 0.0 0.0069585918 0.019412627 0.011547741 0.0 0.0 0.0
0.002318879 0.0 0.049672794 0.0 0.009576976 0.04767939 0.07925944 0.0 0.015628288 0.0021642344 0.013832746 0.017615816 0.0 0.0 0.0 0.0 0.17187016 0.034405414 0.008704087 0.09997327 0.01788956 0.0042785103 0.0 0.0 0.11292262 0.0 0.0 0.0 0.07272997 0.07539853 0.0 0.00038039766 0.0 0.0 0.0 0.021197295 0.023103006 0.03148913 0.040218193 0.0 0.0 0.09985265 0.0 0.0 0.0 0.0 0.07417739 0.0 0.0 0.0038313635 0.0 0.0 0.048150428 0.0 0.0 0.0
0.0 0.0 0.0 0.011243035 0.0043262197 0.040691778 0.0 0.0 0.0 0.0 0.0 0.0 0.008705283 0.0 0.0 0.0 0.0014728104 0.0 0.07044018 0.0 0.057327114 0.0 0.004406172 0.0 0.0 0.0 0.018171677 0.0 0.0 0.0059586423 0.0 0.017924681 0.0 0.0 0.0043707495 0.022709366 0.0 0.0 0.0 0.0 0.099852644 0.10855242 0.0 0.0 0.10130735 0.0 0.116184756 0.0 0.0 0.0 0.0 0.0 0.0 0.036275744 0.0 0.0122992955
0.0 0.0 0.0 0.0 0.0 0.0 0.0 0.08715643 0.0006140756 0.018432898 0.0036241733 0.0 0.05350731 0.0 0.016686548 0.029954862 0.0055229985 0.0 0.045626186 0.0 0.0 0.0 0.05440372 0.12843251 0.0 0.07313811 0.017128928 0.057644498 0.0 0.0 0.0 0.049854133 0.0 0.0 0.03734218 0.029789349 0.026419628 0.0 0.0 0.0 0.0 0.0 0.0 0.0 0.040763903 0.0 0.0 0.0 0.0 0.0 0.0 0.02525002 0.0 0.0 0.0 0.031374276
0.0 0.056831717 0.0273933 0.045522686 0.106331006 0.03309754 0.0 0.0 0.011143197 0.0 0.0 0.16922678 0.0 0.0 0.0 0.0 0.035369497 0.0073976163 0.031199595 0.035024732 0.062324 0.0 0.0 0.0 0.17457326 0.0 0.0 0.0 0.0 0.0 0.0051249634 0.0 0.018301394 0.0 0.0 0.0 0.0 0.044236634 0.09756889 0.0 0.0 0.0 0.0 0.0 0.0 0.0 0.05936588 0.0 0.06206876 0.0 0.0 0.0 0.044166747 0.0 0.0 0.0
0.0 0.06384066 0.0 0.0 0.0 0.0 0.058791813 0.0 0.0 0.0019029657 0.0 0.0 0.0 0.07549194 0.031191727 0.0 0.0 0.051432278 0.055061433 0.0 0.012918254 0.0 0.0 0.03620778 0.0 0.07055945 0.0 0.0 0.0 0.0 0.0 0.0 0.0 0.1098891 0.004510308 0.008735219 0.056077395 0.0185582 0.0 0.0 0.0 0.101307355 0.040763903 0.0 0.15554842 0.018759798 0.0 0.0 0.0 0.0 0.05275243 0.0 0.0 0.057349734 0.0 0.028652022
0.0 0.0 0.0 0.03296564 0.040919084 0.008607804 0.0 0.010182721 0.0680459 0.0 0.0 0.070416786 0.05376542 0.0 0.054390464 0.086287975 0.0 0.02616986 0.0 0.029517638 0.0 0.0 0.05575408 0.0 0.0 0.0 0.028667448 0.0 0.011833275 0.04240391 0.123901926 0.0745248 0.0 0.0 0.011058507 0.0 0.0 0.03103591 0.0 0.0 0.0 0.0 0.0 0.0 0.018759798 0.028120395 0.0 0.13555577 0.01884374 0.0 0.0 0.0 0.0 0.0 0.0 0.0
0.0 0.0 0.0 0.0 0.019247966 0.0 0.005552581 0.0 0.011419749 0.0 0.0 0.010563611 0.0 0.0 0.0 0.0 0.068116836 0.03225263 0.06121868 0.0 0.0074465326 0.09158574 0.0 0.0 0.0 0.0 0.0 0.0 0.01650657 0.15290622 0.0 0.0082400935 0.0 0.0 0.0 0.0 0.0 0.0 0.0 0.0 0.07417739 0.116184756 0.0 0.05936588 0.0 0.0 0.059720833 0.04603481 0.010409164 0.0 0.0 0.0 0.06818434 0.0 0.0 0.0
0.0 0.0932056 0.05814284 0.07542424 0.0 0.0 0.015647808 0.0 0.015735442 0.03467413 0.0 0.0 0.0 0.0 0.038399234 0.0 0.08005632 0.0961215 0.0 0.0 0.0 0.01155494 0.0 0.0 0.07781231 0.0 0.0 0.0 0.009719415 0.0063540265 0.0 0.08454798 0.0 0.0 0.0 0.021409102 0.04009476 0.066574186 0.062659286 0.0 0.0 0.0 0.0 0.0 0.0 0.13555577 0.046034813 0.0 0.0 0.0 0.0 0.00838547 0.028754203 0.0 0.0 0.0
0.0 0.0 0.20073284 0.0 0.025138292 0.0 0.0 0.0 0.0 0.0 0.0 0.057814036 0.013811905 0.0 0.0 0.0 0.09621852 0.075496614 0.0 0.040897947 0.0 0.08021317 0.0 0.0 0.049253054 0.0 0.0 0.0 0.0 0.05124463 0.0 0.0 0.00019765184 0.0 0.0 0.0 0.0 0.0 0.0 0.0 0.0 0.0 0.0 0.062068764 0.0 0.018843738 0.010409165 0.0 0.0 0.09680906 0.0 0.0 0.17941521 0.0 0.0 0.0
0.0 0.0 0.0 0.2063352 0.0 0.15807524 0.0 0.0 0.00398818 0.0 0.06019894 0.016626552 0.0 0.0 0.0 0.0 0.0 0.07847839 0.0 0.02971539 0.057839874 0.003313615 0.0 0.0 0.0 0.0 0.06579209 0.0 0.0 0.0 0.06711859 0.0 0.014238208 0.0 0.0 0.0 0.0 0.028704194 0.09259155 0.0 0.003831364 0.0 0.0 0.0 0.0 0.0 0.0 0.0 0.09680906 0.0 0.0 0.0 0.011626239 0.0 0.0 0.0
0.15738289 0.07449587 0.0 0.020167839 0.0 0.0 0.0 0.0 0.0147349965 0.11625614 0.0061576287 0.0 0.0 0.0 0.008368394 0.0 0.0 0.014711087 0.0 0.03114406 0.0 0.0 0.020389128 0.03913415 0.0 0.0 0.02405645 0.009170524 0.053483628 0.0 0.07021318 0.003319422 0.041534394 0.0 0.022692194 0.052107845 0.037435845 0.0 0.061044767 0.0069585918 0.0 0.0 0.0 0.0 0.052752435 0.0 0.0 0.0 0.0 0.0 0.0 0.102107905 0.0 0.0 0.006686482 0.0
0.004641406 0.034646757 0.0 0.0 0.0 0.06323498 0.030241303 0.0 0.0 0.0 0.027852667 0.0 0.0 0.0 0.08456934 0.061526537 0.032152608 0.0 0.06406538 0.039754584 0.009386531 0.0 0.05007657 0.0 0.0 0.0 0.060485408 0.022108203 0.0 0.028866882 0.002775264 0.029685976 0.0107700145 0.032138184 0.010459053 0.032159768 0.0 0.027970105 0.0 0.019412627 0.0 0.0 0.025250021 0.0 0.0 0.0 0.0 0.00838547 0.0 0.0 0.102107905 0.0 0.0 0.042861257 0.15680501 0.019844096
0.0 0.0 0.023150943 0.05494002 0.05806582 0.0 0.0 0.030780133 0.0429917 0.0 0.0 0.06962303 0.027005963 0.0 0.0 0.0007611646 0.0 0.0 0.026640669 0.0 0.0060201637 0.083020665 0.016495587 0.0 0.033760164 0.0 0.011918726 0.0 0.038188003 0.024082558 0.08368685 0.0 0.0 0.0 0.011191231 0.0 0.0 0.0 0.0 0.011547741 0.048150424 0.0 0.0 0.04416675 0.0 0.0 0.06818434 0.028754205 0.17941521 0.01162624 0.0 0.0 0.024748482 0.0 0.0 0.0
0.07036286 0.03634859 0.0 0.10167013 0.0 0.09821778 0.0 0.021843798 0.0106651075 0.065459296 0.040800046 0.0 0.0 0.0 0.016221419 0.048696414 0.0 0.027235325 0.029894348 0.024781309 0.028443066 0.0 0.0 0.021411983 0.0 0.06276981 0.08454384 0.0 0.0 0.0 0.010858586 0.0 0.014603263 0.012011061 0.006585018 0.0 0.012833462 0.0014635033 0.006122931 0.0 0.0 0.03627575 0.0 0.0 0.057349734 0.0 0.0 0.0 0.0 0.0 0.0 0.04286126 0.0 0.0 0.0 0.01571281
0.15358889 0.0 0.0 0.0 0.0 0.0 0.0 0.14763238 0.009421112 0.017700251 0.0 0.0 0.0 0.021869294 0.0 0.0 0.0 0.0 0.0 0.0 0.0 0.0 0.0 0.02620786 0.0 0.0 0.0 0.0071671517 0.0030958857 0.0 0.0 0.0 0.0053477073 0.0 0.025222946 0.08585044 0.15809995 0.06397052 0.0 0.0 0.0 0.0 0.0 0.0 0.0 0.0 0.0 0.0 0.0 0.0 0.006686482 0.15680501 0.0 0.0 0.04921073 0.0
0.1235461 0.0 0.0 0.0 0.0 0.005398307 0.059331484 0.1006513 0.0005058399 0.033472028 0.07144587 0.0 0.0 0.0065855235 0.0 0.028050883 0.0 0.0 0.0 0.0 0.0 0.0 0.0 0.0143704 0.0 0.06952901 0.009750617 0.0 0.0 0.0 0.0 0.0 0.0 0.13440853 0.0 0.042239625 0.015783349 0.0 0.0 0.0 0.0 0.012299295 0.031374272 0.0 0.02865202 0.0 0.0 0.0 0.0 0.0 0.0 0.019844096 0.0 0.015712809 0.0 0.14445601
