0.0 0.002828723 0.0 0.053549424 0.028775739 0.0066823927 0.0 0.0 0.023882475 0.0 0.05508249 0.0 0.0 0.057207037 0.0 0.0 0.011848946 5.4214346e-05 0.003706369 0.026285952 0.0 0.0049749925 0.06745925 0.0 0.0508959 0.010633198 0.0063861967 0.074365534 0.0 0.0 0.0 0.02295599 0.054992113 0.02753258 0.0016330497 0.0 0.0 0.070793815 0.05993757 0.04433271 0.006866798 0.0 0.0 0.004938591 0.0 0.0 0.0 0.06492594 0.0117249 0.0 0.13033278 0.0063466583 0.0 0.03419744 0.0 0.0
0.0028287228 0.0 0.012496786 0.04339857 0.0 0.0 0.0 0.0 0.0 0.07760819 0.0 0.048574563 0.0 0.014938314 0.027807007 0.0 0.034958195 0.054690793 0.025499532 0.01376701 0.0 0.039221194 0.09378495 0.0 0.0 0.0 0.0 0.0 0.07516314 0.025800506 0.0 0.0 0.0 0.017053206 0.022202892 0.0 0.0 0.0 0.05127245 0.0 0.0 0.0 0.027977599 0.0 0.02583764 0.0 0.0 0.014321417 0.0 0.0 0.0 0.0 0.0 0.022605194 0.0 0.017069818
0.0 0.012496786 0.0 0.0 0.0 0.0 0.0 0.08880085 0.0888928 0.029436747 0.0 0.0 0.0 0.020454438 0.0 0.05989711 0.00962556 0.0 0.0 0.0 0.0 0.08083236 0.0 0.03723022 0.0 0.0 0.0 0.0 0.0 0.0 0.0 0.0023377477 0.0 0.062170394 0.0 0.09654575 0.0 0.0 0.040511467 0.0 0.064368434 0.0054074633 0.0 0.0 0.0028276243 0.0 0.0 0.0 0.0 0.0 0.008053213 0.038137056 0.0 0.0 0.03325532 0.0075786933
0.05354942 0.043398567 0.0 0.0 0.0 0.005146014 0.017951746 0.034723856 0.0 0.0 0.0 0.0 0.0 0.0 0.05565766 0.0 0.026505016 0.09754236 0.06393654 0.0 0.07514301 0.014611324 0.0029360964 0.0 0.0 0.0044511813 0.0 0.0 0.102760725 0.0 0.0 0.0 0.0 0.0 0.095741086 0.017547682 0.04876336 0.0 0.056118235 0.0 0.0 0.0 0.0 0.0 0.056026723 0.0 0.033865783 0.0 0.0 0.0 0.0 0.0 0.0885808 0.0 0.0 0.0131608825
0.028775737 0.0 0.0 0.0 0.0 0.0 0.0 0.009995862 0.0 0.15064852 0.016768396 0.0 0.0 0.0 0.0 0.0 0.0 0.021986159 0.0586526 0.0 0.0 0.0 0.081964776 0.0 0.0 0.0 0.02745041 0.0 0.094398834 0.0 0.0 0.0 0.0 0.0 0.081472926 0.0 0.0 0.0 0.0 0.0 0.0 0.0 0.0 0.0 0.14666791 0.0 0.0 0.069574334 0.0 0.0 0.015814649 0.0 0.0 0.0 0.0 0.006062172
0.0066823927 0.0 0.0 0.005146014 0.0 0.032803044 0.0 0.0 0.0 0.0 0.01577743 0.0 0.0 0.0073698373 0.0 0.042156067 0.0 0.0 0.0 0.031404205 0.035332758 0.01055732 0.028765328 0.0 0.0 0.0 0.011142611 0.0 0.0 0.0015592092 0.008611345 0.06769911 0.093110844 0.0 0.0 0.023244694 0.0 0.0 0.054343723 0.0 0.0 0.0075220666 0.046763547 0.0 0.007296014 0.014406035 0.0 0.17902257 0.0 0.0024214715 0.03828644 0.0 0.0 0.0 0.021673314 0.02027057
0.0 0.0 0.0 0.017951746 0.0 0.0 0.0 0.016545517 0.0 0.0 0.0 0.0 0.021171276 0.029030493 0.0 0.0647235 0.072904326 0.0 0.0 0.0 0.0 0.05323255 0.069771565 0.0 0.0 0.0 0.0 0.043691386 0.0 0.0 0.01666273 0.0 0.0 0.06468765 0.03141701 0.027195144 0.0 0.0 0.0 0.063069426 0.10634106 0.0 0.0 0.0 0.0045616664 0.0 0.0 0.0 0.0 0.0 0.06260682 0.0 0.0 0.0 0.0 0.003331673
0.0 0.0 0.088800855 0.034723856 0.009995862 0.0 0.016545517 0.024745185 0.0 0.0046433527 0.012191023 0.010220876 0.0 0.06267194 0.0 0.0 0.07095452 0.0 0.0 0.0 0.0 0.0089791445 0.06347412 0.0 0.1354773 0.0017475794 0.0 0.0 0.0 0.0 0.0 0.0 0.101007126 0.0 0.023255585 0.0 0.026749725 0.0 0.0 0.047509503 0.06424215 0.08071082 0.0 0.0065614553 0.0 0.0071317484 0.0 0.0 0.08136482 0.018771052 0.005762004 0.018041948 0.0 0.040636677 0.0060693333 0.0
0.023882477 0.0 0.0888928 0.0 0.0 0.0 0.0 0.0 0.0 0.013456224 0.0 0.0 0.0 0.0 0.056941614 0.0 0.053927798 0.029738331 0.043207534 0.0 0.021536212 0.0 0.0 0.0 0.0 0.0 0.032955002 0.0 0.15593214 0.0 0.0 0.017026737 0.0 0.0 0.0 0.009934609 0.0347532 0.0 0.0 0.0 0.014365487 0.0 0.011043917 0.079652354 0.04561801 0.0 0.08041353 0.0 0.0 0.0 0.0 0.0 0.0 0.0 0.0 0.08459955
0.0 0.07760819 0.029436747 0.0 0.15064852 0.0 0.0 0.0046433527 0.013456224 0.0 0.15903313 0.0121229 0.0 0.0 0.0 0.0 0.036722656 0.07821784 0.018879713 0.09246188 0.0 0.0 0.01188628 0.052037463 0.12245132 0.0 0.018622663 0.0 0.0 0.0 0.0 0.04069255 0.034024715 0.012146297 0.0012805292 0.0 0.0 0.070329115 0.0 0.0 0.0 0.0 0.00067962107 0.0 0.0 0.08201574 0.0 0.0029289734 0.045483578 0.0 0.0 0.02532656 0.0 0.0 0.0 0.0
0.055082485 0.0 0.0 0.0 0.016768396 0.015777428 0.0 0.012191024 0.0 0.15903313 0.0 0.0 0.0 0.02014125 0.011139738 0.0 0.01236305 0.094536886 0.03269143 0.0 0.0 0.0 0.0025532693 0.0 0.008087342 0.048656464 0.0 0.0 0.073318765 0.0 0.0 0.0013218118 0.0 0.024616556 0.04210469 0.0119299805 0.0 0.0 0.0 0.0 0.024885833 0.0 0.0 0.031594213 0.015175443 0.11535665 0.0 0.021743642 0.017903788 0.0 0.0 0.0 0.0073626037 0.051135518 0.0 0.010704708
0.0 0.048574563 0.0 0.0 0.0 0.0 0.0 0.010220875 0.0 0.012122899 0.0 0.0 0.0 0.0 0.0317943 0.04300438 0.05639853 0.058608647 0.13543212 0.0 0.012225238 0.0019981165 0.0 0.048761126 0.0 0.0 0.010473123 0.0 0.022764757 0.0 0.032634888 0.07048254 0.0 0.027191753 0.0 0.096112736 0.07297654 0.022887899 0.099062994 0.0 0.0 0.003311753 0.0 0.0 0.0 0.0110083455 0.0 0.0 0.017381463 0.0 0.0 0.0 0.0 0.0 0.0 0.0
0.0 0.0 0.0 0.0 0.0 0.0 0.021171276 0.0 0.0 0.0 0.0 0.0 0.0 0.082546085 0.0 0.0 0.0 0.012772732 0.0 0.0 0.0 0.0 0.005429348 0.0 0.0 0.039711356 0.014253924 0.016547928 0.008502065 0.024515614 0.017730717 0.0 0.0 0.0022703998 0.1208891 0.0 0.0 0.0 0.0030690094 0.010336092 0.044853684 0.027425526 0.0 0.010627703 0.048801918 0.0 0.0 0.026360221 0.0 0.10955185 0.04572633 0.0 0.0 0.06894206 0.100770146 0.12970953
0.057207033 0.014938314 0.020454438 0.0 0.0 0.0073698373 0.02903049 0.062671944 0.0 0.0 0.020141251 0.0 0.082546085 0.05158263 0.0 0.0 0.0 0.0 0.0 0.0 0.0 0.0 0.0 0.022145497 0.0 0.15585624 0.0 0.04126764 0.0 0.0 0.0 0.0 0.0 0.0 0.020397687 0.0 0.0 0.0 0.0 0.045933317 0.013978662 0.019849056 0.0 0.041661125 0.0 0.018181732 0.0 0.0 0.0 0.17871335 0.0 0.08313256 0.02889686 0.09085386 0.050207272 0.0045005484
0.0 0.027807007 0.0 0.05565766 0.0 0.0 0.0 0.0 0.05694161 0.0 0.011139738 0.031794295 0.0 0.0 0.0 0.050236996 0.009480699 0.0 0.0 0.059860587 0.0 0.0 0.087516375 0.020152092 0.0 0.017055055 0.038371813 0.008308461 0.0 0.0 0.0581523 0.04852928 0.013939242 0.0 0.045755953 0.0 0.011791966 0.055142198 0.030605916 0.0 0.0 0.0 0.029376194 0.0 0.0 0.022491895 0.0 0.066985354 0.031593278 0.0 0.07220608 0.011428687 0.0 0.0 0.10036959 0.0
0.0 0.0 0.05989711 0.0 0.0 0.042156067 0.06472351 0.0 0.0 0.0 0.0 0.04300438 0.0 0.0 0.050236996 0.0 0.0 0.033644706 0.06432015 0.10264078 0.0 0.046858497 0.026439263 0.0 0.02003019 0.0 0.0 0.0 0.06620576 0.0 0.0 0.07134548 0.007863831 0.0 0.0 0.0 0.0 0.0 0.0 0.016383976 0.0 0.0 0.0 0.0 0.0 0.07826763 0.0 0.008117676 0.0 0.015206521 0.0 0.0 0.044808343 0.0 0.0 0.069058724
0.011848946 0.034958195 0.00962556 0.026505016 0.0 0.0 0.072904326 0.07095452 0.0539278 0.036722656 0.01236305 0.05639853 0.0 0.0 0.009480698 0.0 0.0 0.0 0.0064208093 0.0 0.0 0.084086485 0.0 0.033721846 0.0 0.0 0.0 0.0 0.06948764 0.0 0.008161618 0.008768149 0.0 0.10114324 0.0 0.018001873 0.053964555 0.028598495 0.0 0.00904419 0.0 0.0 0.059785865 0.0 0.00512305 0.0 0.001063005 0.0 0.0 0.0 0.0 0.051290452 0.0 0.0 0.0 0.0
5.421435e-05 0.054690793 0.0 0.09754235 0.021986157 0.0 0.0 0.0 0.029738331 0.07821784 0.094536886 0.05860865 0.0127727315 0.0 0.0 0.033644706 0.0 0.0 0.08313158 0.0 0.013513186 0.0 0.024273613 0.0 0.012532492 0.0 0.013640755 0.0 0.0 0.0 0.0 0.0 0.0 0.0 0.009437531 0.0 0.0 0.027661245 0.040723123 0.0 0.007770248 0.0 0.036195915 0.06538576 0.0 0.034993224 0.018561969 0.03939067 0.0 0.011601529 0.026875684 0.0046124724 0.0 0.0 0.0 0.0
0.003706369 0.025499532 0.0 0.06393654 0.058652595 0.0 0.0 0.0 0.043207534 0.018879715 0.032691434 0.13543214 0.0 0.0 0.0 0.06432014 0.0064208093 0.08313158 0.02000967 0.015570119 0.027019741 0.07651773 0.06178567 0.051290646 0.0 0.0024759797 0.005878441 0.0035058635 0.0 0.0 0.0 0.014310121 0.0 0.0027601162 0.0 0.020675411 0.04544177 0.030079847 0.0 0.0 0.0 0.0 0.0 0.0 0.0 0.0 0.0 0.004081471 0.072424985 0.0 0.035831448 0.0 0.0 0.0 0.028888917 0.0
0.026285952 0.01376701 0.0 0.0 0.0 0.031404205 0.0 0.0 0.0 0.09246188 0.0 0.0 0.0 0.0 0.059860587 0.10264078 0.0 0.0 0.015570119 0.14580576 0.09097709 0.0 0.023890764 0.010328344 0.0 0.0 0.04981432 0.0 0.0 0.0 0.0 0.03155595 0.0 0.0 0.0 0.02297382 0.010827163 0.0 0.0 0.0 0.0 0.0 0.028502043 0.0 0.03213972 0.0 0.0 0.065846935 0.035098355 0.0 0.0417557 0.0 0.0 0.0 0.0 0.0
0.0 0.0 0.0 0.07514301 0.0 0.035332758 0.0 0.0 0.021536212 0.0 0.0 0.012225238 0.0 0.0 0.0 0.0 0.0 0.013513187 0.027019743 0.09097709 0.05975359 0.07599237 0.08466016 0.0 0.0 0.0 0.04446163 0.0 0.0 0.002202226 0.07476185 0.05628702 0.0 0.0 0.0 0.017596943 0.0 0.0 0.021589143 0.0 0.0 0.0 0.031592943 0.0 0.0 0.10338878 0.0 0.053190466 0.014439045 0.0 0.017100269 0.0 0.029350342 0.00017137727 0.0 0.0
0.0049749925 0.039221194 0.08083236 0.014611324 0.0 0.01055732 0.05323255 0.0089791445 0.0 0.0 0.0 0.0019981163 0.0 0.0 0.0 0.046858493 0.08408648 0.0 0.07651773 0.0 0.07599237 0.020188482 0.0 0.0 0.0024709199 0.0 0.0 0.0 0.0 0.037950084 0.0 0.0 0.0 0.07608833 0.04019544 0.041415434 0.0 0.0 0.051640086 0.009393159 0.0 0.11493755 0.07883941 0.0 0.0 0.0 0.0023301155 0.0 0.0 0.020093812 0.0 0.0 0.0 0.006260325 0.0 0.0
0.06745925 0.09378496 0.0 0.0029360964 0.081964776 0.028765326 0.06977157 0.06347412 0.0 0.01188628 0.0025532693 0.0 0.0054293475 0.0 0.087516375 0.026439264 0.0 0.024273615 0.061785676 0.023890762 0.08466016 0.0 0.0 0.0 0.0 0.00061616674 0.020750618 0.003637068 0.010328921 0.0 0.0 0.124541596 0.025709055 0.0 0.051815644 0.0 0.05539821 0.005513902 0.0 0.0017261538 0.0 0.04566012 0.06743638 0.0046390067 0.0 0.02978946 0.015887428 0.0 0.0 0.0 0.0 0.015775122 0.039393436 0.034135517 0.0 0.0
0.0 0.0 0.03723022 0.0 0.0 0.0 0.0 0.0 0.0 0.052037466 0.0 0.048761126 0.0 0.022145497 0.020152092 0.0 0.033721846 0.0 0.051290646 0.010328344 0.0 0.0 0.0 0.0 0.0 0.0 0.025914831 0.019393086 0.008692346 0.01586012 0.0 0.0028255547 0.014060813 0.0 0.034635644 0.049925596 0.0059602433 0.01888677 0.0 0.0 0.10072036 0.06318645 0.0 0.0 0.01116947 0.0076391376 0.071939416 0.07105399 0.0 0.06438652 0.0 0.0 0.0042418255 0.06711766 0.010233536 0.09953232
0.0508959 0.0 0.0 0.0 0.0 0.0 0.0 0.1354773 0.0 0.12245133 0.008087342 0.0 0.0 0.0 0.0 0.020030191 0.0 0.012532492 0.0 0.0 0.0 0.00247092 0.0 0.0 0.0 0.0 0.006766175 0.020001678 0.015902303 0.0 0.01233078 0.0 0.0 0.01743142 0.013251387 0.0 0.12352845 0.0 0.0 0.0 0.018444326 0.0 0.05737844 0.0 0.15710346 0.0 0.0 0.0 0.0 0.0 0.013101099 0.15791169 0.0 0.0 0.0 0.014699326
0.010633197 0.0 0.0 0.0044511813 0.0 0.0 0.0 0.0017475794 0.0 0.0 0.04865646 0.0 0.039711356 0.15585624 0.017055055 0.0 0.0 0.0 0.0024759797 0.0 0.0 0.0 0.00061616674 0.0 0.0 0.20008756 0.0 0.10567098 0.0 0.0 0.0041875057 0.0 0.026612077 0.0 0.016037399 0.0 0.0 0.0 0.00433879 0.039579634 0.0 0.008101991 0.0 0.0 0.0043821163 0.0 0.0 0.003967676 0.0 0.0 0.07120707 0.036385328 0.0 0.0418647 0.049095348 0.0
0.006386197 0.0 0.0 0.0 0.027450409 0.011142611 0.0 0.0 0.032955002 0.018622661 0.0 0.010473123 0.014253924 0.0 0.038371813 0.0 0.0 0.013640755 0.0058784406 0.04981432 0.04446163 0.0 0.020750618 0.02591483 0.006766175 0.0 0.037238557 0.0 0.037094075 0.0 0.0 0.039104488 0.15565863 0.0 0.0041283653 0.008197271 0.025967468 0.0 0.03327241 0.0 0.0 0.014235665 0.022432158 0.012929578 0.0 0.021948295 0.0 0.041560866 0.036769744 0.0 0.031554904 0.0 0.07465333 0.0 0.00063258345 0.0074494225
0.074365534 0.0 0.0 0.0 0.0 0.0 0.04369138 0.0 0.0 0.0 0.0 0.0 0.01654793 0.04126764 0.008308461 0.0 0.0 0.0 0.0035058635 0.0 0.0 0.0 0.0036370677 0.019393086 0.02000168 0.10567098 0.0 0.0 0.0 0.009368676 0.0 0.00530212 0.017454697 0.05892117 0.047918517 0.0 0.0 0.0 0.0 0.08710876 0.06962195 0.0 0.0 0.16586144 0.0 0.0 0.0 0.035443325 0.0 0.050269205 0.021379514 0.02071547 0.011678821 0.054193202 0.030770687 0.039157987
0.0 0.07516314 0.0 0.102760725 0.094398834 0.0 0.0 0.0 0.15593214 0.0 0.073318765 0.022764757 0.008502066 0.0 0.0 0.06620576 0.06948764 0.0 0.0 0.0 0.0 0.0 0.010328921 0.008692346 0.015902303 0.0 0.037094075 0.0 0.0 0.0 0.106576145 0.034737416 0.0 0.0 0.0027952173 0.02974246 0.0 0.08949596 0.08323625 0.0 0.0 0.0 0.0 0.0 0.0 0.0 0.0 0.0 0.05253027 0.0 0.106444046 0.002098957 0.0 0.0 0.029181747 0.0
0.0 0.025800504 0.0 0.0 0.0 0.0015592092 0.0 0.0 0.0 0.0 0.0 0.0 0.024515616 0.0 0.0 0.0 0.0 0.0 0.0 0.0 0.002202226 0.037950087 0.0 0.01586012 0.0 0.0 0.0 0.009368676 0.0 0.093234725 0.053043276 0.0 0.0 0.0 0.0 0.05458762 0.0 0.0 0.019376898 0.12362365 0.12428176 0.032371074 0.03515983 0.0 0.012262611 0.004996837 0.03996402 0.039705303 0.0 0.0 0.0 0.0 0.0 0.0 0.07753268 0.0
0.0 0.0 0.0 0.0 0.0 0.008611345 0.01666273 0.0 0.0 0.0 0.0 0.032634888 0.017730717 0.0 0.0581523 0.0 0.008161618 0.0 0.0 0.0 0.074761845 0.0 0.0 0.0 0.01233078 0.0041875057 0.0 0.0 0.10657615 0.053043276 0.0 0.0295768 0.0 0.09032424 0.0 0.0 0.0 0.0 0.0 0.0 0.0 0.01532328 0.0 0.0 0.0 0.0 0.098045714 0.0 0.0 0.0 0.0 0.0 0.11707439 0.0 0.0 0.06290283
0.02295599 0.0 0.0023377477 0.0 0.0 0.06769912 0.0 0.0 0.017026735 0.040692553 0.0013218118 0.07048254 0.0 0.0 0.048529282 0.07134548 0.00876815 0.0 0.014310122 0.03155595 0.05628702 0.0 0.124541596 0.0028255547 0.0 0.0 0.039104488 0.0053021205 0.034737416 0.0 0.029576803 0.0 0.011569365 0.0 0.0 0.0 0.02101569 0.0 0.041590933 0.00693484 0.0 0.0 0.0 0.0 0.02792453 0.02910807 0.0 0.0 0.0 0.0 0.104527414 0.0 0.0 0.0 0.0 0.0
0.054992113 0.0 0.0 0.0 0.0 0.09311084 0.0 0.101007126 0.0 0.03402471 0.0 0.0 0.0 0.0 0.013939242 0.007863831 0.0 0.0 0.0 0.0 0.0 0.0 0.025709054 0.014060814 0.0 0.026612077 0.15565863 0.017454697 0.0 0.0 0.0 0.011569365 0.062195446 0.0 0.06586364 0.0 0.043871824 0.0 0.0 0.019935014 0.0 0.0 0.0 0.0 0.066726856 0.0 0.0 0.06418088 0.0 0.0 0.007563299 0.0 0.020502076 0.0060153836 0.05790601 0.0
0.02753258 0.017053206 0.06217039 0.0 0.0 0.0 0.06468765 0.0 0.0 0.012146297 0.024616556 0.027191753 0.0022703998 0.0 0.0 0.0 0.10114325 0.0 0.0027601162 0.0 0.0 0.07608833 0.0 0.0 0.017431421 0.0 0.0 0.05892117 0.0 0.0 0.09032424 0.0 0.0 0.0 0.0 0.0 0.0 0.013089477 0.011704863 0.0 0.0 0.117520295 0.0 0.0 0.0 0.0 0.20147704 0.0 0.023274578 0.0 0.0 0.0 0.011519204 0.0 0.0 0.0
0.0016330498 0.022202892 0.0 0.095741086 0.08147293 0.0 0.03141701 0.023255583 0.0 0.0012805292 0.04210469 0.0 0.1208891 0.020397687 0.045755953 0.0 0.0 0.009437531 0.0 0.0 0.0 0.04019544 0.051815644 0.034635644 0.0132513875 0.016037399 0.004128366 0.047918513 0.0027952173 0.0 0.0 0.0 0.06586364 0.0 0.0 0.0 0.0 0.08070807 0.0 0.055419832 0.039973576 0.0066796476 0.0 0.0 0.0 0.0 0.0 0.0 0.052983202 0.010173019 0.010461374 0.0 0.0029820623 0.046114143 0.0 0.0
0.0 0.0 0.096545756 0.017547682 0.0 0.023244696 0.027195143 0.0 0.009934609 0.0 0.0119299805 0.09611274 0.0 0.0 0.0 0.0 0.018001873 0.0 0.020675413 0.02297382 0.017596943 0.041415438 0.0 0.049925596 0.0 0.0 0.00819727 0.0 0.029742463 0.054587618 0.0 0.0 0.0 0.0 0.0 0.046876483 0.021829069 0.0066247624 0.0 0.0 0.01796982 0.012366053 0.033576574 0.0 0.047354806 0.02290892 0.10967582 0.067392305 0.07030729 0.042659674 0.0 0.0 0.048741814 0.04011116 0.0 0.030086955
0.0 0.0 0.0 0.048763365 0.0 0.0 0.0 0.026749725 0.0347532 0.0 0.0 0.072976544 0.0 0.0 0.011791966 0.0 0.053964555 0.0 0.04544177 0.010827163 0.0 0.0 0.055398215 0.0059602433 0.12352845 0.0 0.025967468 0.0 0.0 0.0 0.0 0.02101569 0.043871824 0.0 0.0 0.021829069 0.0 0.008549339 0.0 0.010898537 0.104595125 0.0009570417 0.0 0.007891233 0.0 0.0 0.095721275 0.015590287 0.09982899 0.0 0.0 0.0 0.04247389 0.015544368 0.0 0.0
0.070793815 0.0 0.0 0.0 0.0 0.0 0.0 0.0 0.0 0.07032911 0.0 0.022887899 0.0 0.0 0.055142198 0.0 0.028598497 0.027661245 0.030079847 0.0 0.0 0.0 0.0055139023 0.01888677 0.0 0.0 0.0 0.0 0.08949596 0.0 0.0 0.0 0.0 0.013089477 0.08070808 0.0066247624 0.008549338 0.0 0.0 0.0 0.0 0.0 0.04604029 0.0 0.13635017 0.018854624 0.07612259 0.015136709 0.0 0.0 0.0 0.0 0.0 0.0 0.0 0.07605547
0.059937578 0.05127245 0.040511463 0.05611824 0.0 0.054343726 0.0 0.0 0.0 0.0 0.0 0.099062994 0.0030690094 0.0 0.030605916 0.0 0.0 0.040723123 0.0 0.0 0.021589143 0.051640086 0.0 0.0 0.0 0.00433879 0.03327241 0.0 0.083236255 0.0193769 0.0 0.041590933 0.0 0.011704863 0.0 0.0 0.0 0.0 0.0 0.0 0.0 0.0 0.076384164 0.0 0.029039219 0.02277353 0.03733455 0.0 0.0 0.014451353 0.0 0.0 0.14666328 0.0 0.0 0.0
0.04433271 0.0 0.0 0.0 0.0 0.0 0.063069426 0.047509506 0.0 0.0 0.0 0.0 0.010336092 0.04593332 0.0 0.016383976 0.00904419 0.0 0.0 0.0 0.0 0.00939316 0.0017261535 0.0 0.0 0.039579634 0.0 0.08710876 0.0 0.12362365 0.0 0.00693484 0.019935014 0.0 0.055419832 0.0 0.010898536 0.0 0.0 0.0 0.09805831 0.07420506 0.0 0.062936135 0.0 0.0 0.0 0.0 0.0 0.0 0.0064167366 0.005802761 0.04682968 0.045787733 0.06212739 0.1384691
0.0068667973 0.0 0.06436844 0.0 0.0 0.0 0.10634106 0.06424215 0.014365488 0.0 0.024885833 0.0 0.044853684 0.013978663 0.0 0.0 0.0 0.0077702478 0.0 0.0 0.0 0.0 0.0 0.10072036 0.018444324 0.0 0.0 0.06962196 0.0 0.12428175 0.0 0.0 0.0 0.0 0.039973576 0.01796982 0.10459512 0.0 0.0 0.09805831 0.0 0.047964606 0.0 0.0 0.0 0.0 0.0024191225 0.0 0.0 0.06263185 0.0013959183 0.09342181 0.010772566 0.0016243999 0.0 0.0
0.0 0.0 0.0054074633 0.0 0.0 0.0075220666 0.0 0.08071082 0.0 0.0 0.0 0.003311753 0.027425526 0.019849058 0.0 0.0 0.0 0.0 0.0 0.0 0.0 0.11493755 0.045660123 0.06318646 0.0 0.008101991 0.014235665 0.0 0.0 0.032371074 0.015323279 0.0 0.0 0.1175203 0.0066796476 0.012366053 0.0009570417 0.0 0.0 0.074205056 0.047964606 0.0 0.012012953 0.0 0.021785172 0.0 0.0 0.06893822 0.0 0.0021670917 0.009372586 0.08985317 0.0 0.0 0.01806442 0.011750063
0.0 0.027977599 0.0 0.0 0.0 0.046763547 0.0 0.0 0.011043917 0.00067962107 0.0 0.0 0.0 0.0 0.029376194 0.0 0.05978586 0.036195915 0.0 0.028502043 0.031592943 0.07883941 0.06743638 0.0 0.057378445 0.0 0.022432158 0.0 0.0 0.03515983 0.0 0.0 0.0 0.0 0.0 0.033576574 0.0 0.046040293 0.07638417 0.0 0.0 0.012012953 0.0 0.0 0.0 0.02092973 0.017224154 0.0 0.027842136 0.013705311 0.077326514 0.0 0.0 0.0 0.0 0.0
0.004938591 0.0 0.0 0.0 0.0 0.0 0.0 0.0065614553 0.079652354 0.0 0.031594213 0.0 0.010627702 0.041661125 0.0 0.0 0.0 0.06538576 0.0 0.0 0.0 0.0 0.0046390067 0.0 0.0 0.0 0.012929577 0.16586143 0.0 0.0 0.0 0.0 0.0 0.0 0.0 0.0 0.007891233 0.0 0.0 0.062936135 0.0 0.0 0.0 0.054935787 0.062756866 0.0 0.0 0.007953646 0.0 0.10584162 0.06606035 0.0 0.0 0.0 0.06881479 0.0
0.0 0.02583764 0.0028276243 0.056026723 0.14666793 0.007296014 0.004561667 0.0 0.04561801 0.0 0.015175442 0.0 0.048801918 0.0 0.0 0.0 0.00512305 0.0 0.0 0.03213972 0.0 0.0 0.0 0.01116947 0.15710346 0.0043821167 0.0 0.0 0.0 0.012262612 0.0 0.02792453 0.06672686 0.0 0.0 0.047354806 0.0 0.13635015 0.029039219 0.0 0.0 0.021785172 0.0 0.062756866 0.0 0.028524002 0.0 0.0 0.06305259 0.0 0.0 0.0 0.0 0.036778174 0.0 0.0
0.0 0.0 0.0 0.0 0.0 0.014406035 0.0 0.0071317484 0.0 0.08201574 0.11535665 0.011008345 0.0 0.01818173 0.022491895 0.07826763 0.0 0.034993228 0.0 0.0 0.10338878 0.0 0.029789463 0.0076391376 0.0 0.0 0.021948295 0.0 0.0 0.004996837 0.0 0.02910807 0.0 0.0 0.0 0.02290892 0.0 0.018854622 0.02277353 0.0 0.0 0.0 0.020929728 0.0 0.028524 0.12500241 0.0 0.03879843 0.05310989 0.0 0.0 0.021445012 0.0 0.0 0.0 0.0
0.0 0.0 0.0 0.033865783 0.0 0.0 0.0 0.0 0.08041353 0.0 0.0 0.0 0.0 0.0 0.0 0.0 0.0010630051 0.018561969 0.0 0.0 0.0 0.0023301155 0.015887428 0.071939416 0.0 0.0 0.0 0.0 0.0 0.03996402 0.09804572 0.0 0.0 0.20147704 0.0 0.109675825 0.09572127 0.0761226 0.03733455 0.0 0.0024191225 0.0 0.017224154 0.0 0.0 0.0 0.0 0.010782115 0.0 0.0 0.0 0.0 0.0 0.0 0.0 0.0017871121
0.06492593 0.014321418 0.0 0.0 0.069574334 0.17902257 0.0 0.0 0.0 0.0029289736 0.021743644 0.0 0.02636022 0.0 0.066985354 0.008117676 0.0 0.039390672 0.004081471 0.065846935 0.053190466 0.0 0.0 0.07105399 0.0 0.0039676763 0.04156087 0.035443325 0.0 0.039705303 0.0 0.0 0.06418088 0.0 0.0 0.067392305 0.015590287 0.0151367085 0.0 0.0 0.0 0.06893822 0.0 0.007953646 0.0 0.038798425 0.010782115 0.0 0.0 0.000648016 0.0 0.0 0.0 0.0 0.0 0.0
0.0117249 0.0 0.0 0.0 0.0 0.0 0.0 0.08136482 0.0 0.045483578 0.01790379 0.017381463 0.0 0.0 0.031593274 0.0 0.0 0.0 0.07242499 0.03509836 0.014439045 0.0 0.0 0.0 0.0 0.0 0.036769744 0.0 0.052530274 0.0 0.0 0.0 0.0 0.02327458 0.052983202 0.07030729 0.099828996 0.0 0.0 0.0 0.0 0.0 0.027842136 0.0 0.06305259 0.053109888 0.0 0.0 0.0 0.0 0.0 0.023436362 0.0 0.0 0.0 0.031146005
0.0 0.0 0.0 0.0 0.0 0.0024214713 0.0 0.018771052 0.0 0.0 0.0 0.0 0.109551854 0.17871334 0.0 0.015206522 0.0 0.011601529 0.0 0.0 0.0 0.02009381 0.0 0.06438652 0.0 0.0 0.0 0.0502692 0.0 0.0 0.0 0.0 0.0 0.0 0.010173019 0.042659674 0.0 0.0 0.014451353 0.0 0.06263185 0.0021670917 0.01370531 0.10584163 0.0 0.0 0.0 0.000648016 0.0 0.0071104746 0.045433093 0.050018605 0.0 0.03335686 0.072247356 0.0
0.13033277 0.0 0.008053213 0.0 0.015814649 0.03828644 0.06260682 0.005762004 0.0 0.0 0.0 0.0 0.045726325 0.0 0.07220608 0.0 0.0 0.026875682 0.035831448 0.041755702 0.017100269 0.0 0.0 0.0 0.013101099 0.07120707 0.031554904 0.021379512 0.106444046 0.0 0.0 0.104527414 0.007563299 0.0 0.010461375 0.0 0.0 0.0 0.0 0.0064167366 0.0013959183 0.009372587 0.077326514 0.06606034 0.0 0.0 0.0 0.0 0.0 0.045433093 0.0 0.0 0.07783326 0.10449662 0.0 0.0654199
0.0063466583 0.0 0.03813706 0.0 0.0 0.0 0.0 0.018041948 0.0 0.02532656 0.0 0.0 0.0 0.08313255 0.011428686 0.0 0.051290452 0.004612472 0.0 0.0 0.0 0.0 0.01577512 0.0 0.15791169 0.036385328 0.0 0.02071547 0.002098957 0.0 0.0 0.0 0.0 0.0 0.0 0.0 0.0 0.0 0.0 0.005802761 0.09342182 0.08985317 0.0 0.0 0.0 0.021445012 0.0 0.0 0.023436364 0.050018605 0.0 0.0 0.049714237 0.033707224 0.0 0.08537866
0.0 0.0 0.0 0.088580795 0.0 0.0 0.0 0.0 0.0 0.0 0.0073626037 0.0 0.0 0.028896859 0.0 0.044808347 0.0 0.0 0.0 0.0 0.029350342 0.0 0.03939344 0.0042418255 0.0 0.0 0.07465333 0.011678822 0.0 0.0 0.11707439 0.0 0.020502076 0.011519204 0.0029820623 0.04874181 0.04247389 0.0 0.14666328 0.04682968 0.010772565 0.0 0.0 0.0 0.0 0.0 0.0 0.0 0.0 0.0 0.07783326 0.049714234 0.0 0.0 0.058045533 0.0
0.034197442 0.022605192 0.0 0.0 0.0 0.0 0.0 0.040636677 0.0 0.0 0.051135518 0.0 0.06894206 0.09085386 0.0 0.0 0.0 0.0 0.0 0.0 0.00017137727 0.006260325 0.034135517 0.06711766 0.0 0.041864704 0.0 0.054193206 0.0 0.0 0.0 0.0 0.0060153836 0.0 0.046114143 0.04011116 0.015544369 0.0 0.0 0.045787733 0.0016243999 0.0 0.0 0.0 0.036778174 0.0 0.0 0.0 0.0 0.03335686 0.10449662 0.033707224 0.0 0.00066744705 0.092420705 0.0
0.0 0.0 0.03325532 0.0 0.0 0.021673314 0.0 0.006069333 0.0 0.0 0.0 0.0 0.100770146 0.05020727 0.10036958 0.0 0.0 0.0 0.028888918 0.0 0.0 0.0 0.0 0.010233536 0.0 0.049095348 0.00063258345 0.030770687 0.029181749 0.07753269 0.0 0.0 0.057906006 0.0 0.0 0.0 0.0 0.0 0.0 0.06212739 0.0 0.01806442 0.0 0.0688148 0.0 0.0 0.0 0.0 0.0 0.07224736 0.0 0.0 0.058045536 0.092420705 0.0037730339 0.05002603
0.0 0.017069817 0.007578693 0.0131608825 0.006062172 0.020270567 0.003331673 0.0 0.08459955 0.0 0.010704708 0.0 0.12970953 0.0045005484 0.0 0.069058724 0.0 0.0 0.0 0.0 0.0 0.0 0.0 0.09953232 0.014699326 0.0 0.007449423 0.039157983 0.0 0.0 0.06290283 0.0 0.0 0.0 0.0 0.030086957 0.0 0.07605547 0.0 0.1384691 0.0 0.011750063 0.0 0.0 0.0 0.0 0.0017871122 0.0 0.031146005 0.0 0.0654199 0.08537866 0.0 0.0 0.05002603 0.0
