0.036608946 0.0 0.0 0.0 0.0 0.0 0.0 0.047681198 0.0 0.020622285 0.0 0.0 0.0 0.004421154 0.011206255 0.041461583 0.0 0.0 0.0 0.017507834 0.012566633 0.0 0.0351113 0.0 0.0 0.0 0.04694069 0.0 0.0 0.0 0.020783028 0.009230805 0.0 0.07473704 0.098256126 0.0 0.008036093 0.0 0.07675402 0.039577845 0.083592266 0.0 0.031804018 0.018764872 0.18474226 0.037055824 0.0 0.059196115 0.0 0.011268695 0.0021378833 0.0151621755 0.0 0.0 0.031841867 0.008645537
0.0 0.0 0.0 0.08141559 0.0 0.0 0.0 0.0 0.0 0.0 0.022014873 0.0 0.0 0.050753854 0.0 0.0 0.011230397 0.0 0.0 0.0 0.0 0.0 0.10308184 0.021390192 0.030626878 0.011433209 0.012460106 0.033968866 0.0 0.0 0.039269064 0.0 0.08050127 0.0 0.0 0.015071079 0.0 0.0 0.0 0.0 0.02080723 0.0 0.0 0.0 0.0 0.017482633 0.0 0.0 0.0 0.045431226 0.1092012 0.0 0.0 0.0 0.12846307 0.0
0.0 0.0 0.0636499 0.0 0.088349625 0.0 0.097782485 0.0 0.004397692 0.0 0.0 0.006934546 0.0 0.043839015 0.024649497 0.0 0.05541455 0.06333588 0.0 0.0 0.0 0.0 0.0 0.0 0.019110365 0.0 0.0 0.0574776 0.0043913564 0.09283041 0.039096195 0.02497907 0.0 0.0 0.0 0.051780015 0.0 0.10970904 0.0 0.0 0.0 0.051860537 0.0 0.0 0.0 0.034155097 0.013658279 0.0 0.0059014205 0.0 0.0 0.0 0.0 0.0 0.0 0.047379475
0.0 0.08141559 0.0 0.0 0.110498086 0.02745084 0.0 0.0 0.0 0.046345606 0.08490985 0.03649568 0.014483775 0.0 0.028155284 0.015853256 0.0 0.0 0.0 0.052525144 0.0 0.05147527 0.059040546 0.016563874 0.0 0.0 0.0 0.0 0.0 0.036876224 0.062260643 0.034092125 0.123938054 0.0 0.0 0.0 0.014041185 0.037216138 0.0 0.0 0.0 0.0 0.0 0.011266184 0.0 0.0024462903 0.0 0.0 0.0055450774 0.0 0.037325896 0.0 0.0 0.0 0.023104072 0.0
0.0 0.0 0.088349625 0.11049808 0.0 0.0 0.0 0.0013481945 0.018125173 0.0 0.041759815 0.07254002 0.00781506 0.0 0.0 0.015279246 0.017554795 0.0 0.002395965 0.0 0.0 0.007876628 0.0 0.06062407 0.016363492 0.0 0.0 0.0 0.0 0.083547026 0.0 0.024004458 0.0 0.0 0.0 0.06435284 0.0 0.0 0.0 0.0 0.0 0.11760393 0.0 0.0 0.008476001 0.013738809 0.11276988 0.0 0.0 0.017793043 0.0 0.0 0.0 0.0 0.0 0.070859745
0.0 0.0 0.0 0.02745084 0.0 0.0 0.0 0.0011035479 0.0 0.0 0.14276917 0.038249385 0.0 0.0 0.0 0.0 0.0 0.07720979 0.0 0.034266595 0.003015471 0.028911263 0.07404136 0.0 0.0 0.0 0.024152426 0.0 0.0 0.010622116 0.0 0.020819262 0.084593154 0.0 0.0 0.0070091705 0.051199 0.09319903 0.0 0.0 0.0 0.0 0.0 0.021815768 0.0 0.0 0.0 0.03521578 0.0 0.031540487 0.0041330657 0.0 0.039577607 0.0 0.016125012 0.0
0.0 0.0 0.097782485 0.0 0.0 0.0 0.05207501 0.0 0.0 0.0 0.0 0.0 0.0 0.03712397 0.0 0.0 0.05333902 0.0 0.002592391 0.0 0.09972132 0.0 0.0 0.0 0.019119432 0.064145066 0.0 0.0 0.018028092 0.045248076 0.0 0.0 0.0 0.0 0.0 0.0 0.0 0.0 0.0 0.0 0.07089221 0.10775528 0.0 0.0 0.0 0.043632876 0.014153998 0.0 0.0 0.023884097 0.0 0.0 0.017031625 0.054442912 0.0 0.023286352
0.047681198 0.0 0.0 0.0 0.0013481945 0.0011035479 0.0 0.040107556 0.117058285 0.0 0.022983313 0.0 0.0045686797 0.0 0.045550816 0.01897593 0.0 0.0 0.08265623 0.0 0.0 0.018514642 0.0 0.03567644 0.03070896 0.0 0.06887116 0.0 0.0 0.0 0.0 0.004541557 0.0 0.036734667 0.0 0.12557824 0.0 0.0 0.031203395 0.04824454 0.032667417 0.020954479 0.06681532 0.012111501 0.05095897 0.0 0.039611403 0.0021522797 0.0 0.0 0.0 0.07404729 0.108821094 0.029754588 0.0 0.0
0.0 0.0 0.004397692 0.0 0.018125173 0.0 0.0 0.11705829 0.09348373 0.0 0.0 0.013999655 0.0765529 0.037177205 0.0 0.02370909 0.0 0.0 0.0 0.0 0.0 0.0 0.0 0.1315822 0.0 0.0 0.0 0.0029822106 0.0 0.0 0.0 0.0 0.0 0.0 0.062714174 0.070459634 0.00042184876 0.0 0.0 0.0096326005 0.037221402 0.015535267 0.0 0.0 0.0 0.017641151 0.0 0.0 0.0 0.0 0.10314944 0.019942721 0.013422639 0.0 0.03860099 0.0
0.020622285 0.0 0.0 0.046345603 0.0 0.0 0.0 0.0 0.0 0.07046649 0.026279422 0.0 0.0 0.009304885 0.026289992 0.051970907 0.0 0.002328953 0.0 0.03518822 0.0037765938 0.018803053 0.006487864 0.0 0.0 0.0 0.0 0.0 0.0 0.029374845 0.0 0.0 0.019376202 0.0064316 0.046996754 0.0 0.0 0.0 0.24855307 0.00059923134 0.0030596373 0.022240464 0.026473084 0.030246293 0.0 0.034207936 0.010923086 0.0349603 0.032101724 0.0 0.0 0.0 0.0 0.0 0.0 0.01703416
0.0 0.022014873 0.0 0.08490985 0.041759815 0.14276917 0.0 0.022983313 0.0 0.026279423 0.0 0.03956223 0.015342601 0.0 0.007513695 0.0 0.06965889 0.0 0.015675163 0.04668802 0.0 0.052592617 0.000609956 0.0 0.032819234 0.0 0.0 0.0 0.05652641 0.10835649 0.0 0.020177834 0.01379318 0.0022997106 0.0 0.0 0.015688373 0.0 0.0 0.0 0.0 0.0 0.0 0.015668895 0.0 0.010523221 0.102266476 0.0 0.036605366 0.0 0.0 0.0 0.06426612 0.0 0.0 0.05186746
0.0 0.0 0.006934546 0.03649568 0.07254003 0.038249385 0.0 0.0 0.013999654 0.0 0.03956223 0.0 0.0072001363 0.019951351 0.0 0.0 0.0052633425 0.010664485 0.0 0.0 0.084851936 0.0 0.13892592 0.0 0.0 0.0 0.030603329 0.07486465 0.0 0.010511292 0.029478068 0.05069632 0.0 0.0 0.0 0.0 0.03559318 0.051913094 0.0 0.010325635 0.0 0.0 0.0 0.0 0.0 0.0040961313 0.0 0.012872443 0.0 0.011804512 0.06345564 0.0 0.0 0.0 0.057568327 0.0
0.0 0.0 0.0 0.014483776 0.00781506 0.0 0.0 0.0045686797 0.0765529 0.0 0.015342601 0.0072001363 0.0 0.00040866926 0.0 0.0 0.0 0.0 0.0 0.031763498 0.02836053 0.0 0.0062402035 0.0 0.0 0.0 0.120621786 0.0 0.0 0.05487848 0.042907372 0.02882423 0.0 0.0 0.0 0.0 0.0 0.0 0.104111925 0.013098467 0.035165098 0.0 0.0 0.0043082037 0.009527042 0.0 0.0 0.033545136 0.06636319 0.0 0.053477194 0.0 0.0 0.05035476 0.04387185 0.0
0.004421154 0.050753854 0.043839015 0.0 0.0 0.0 0.03712397 0.0 0.037177205 0.009304885 0.0 0.019951351 0.00040866926 0.013402965 0.06336223 0.0 0.15433381 0.0063399896 0.020849934 0.0 0.0 0.0 0.0 0.03874358 0.08373853 0.037806347 0.0 0.0 0.0 0.0 0.0 0.014037716 0.0 0.063523434 0.016330188 0.05057835 0.00030066053 0.018331064 0.0 0.03875118 0.0065593594 0.007483958 0.07367891 0.08306432 0.0 0.0 0.067998186 0.0070466464 0.031464297 0.0 0.0 0.04952519 0.0 0.07056319 0.0 0.0013265853
0.011206256 0.0 0.024649497 0.028155282 0.0 0.0 0.0 0.045550812 0.0 0.026289992 0.007513695 0.0 0.0 0.06336223 0.008758315 0.0 0.0 0.006710441 0.0 0.051413596 0.0 0.0 0.08051713 0.019261668 0.0 0.005198805 0.0 0.0 0.0 0.0 0.047191925 0.0 0.03951733 0.0 0.025623377 0.009276881 0.011810361 0.0 0.013674787 0.0 0.0 0.0 0.026515286 0.0 0.0 0.0 0.0 0.015074306 0.04847432 0.05246243 0.07295248 0.0 0.0 0.0 0.02032032 0.0
0.041461583 0.0 0.0 0.015853256 0.015279245 0.0 0.0 0.018975928 0.023709089 0.051970903 0.0 0.0 0.0 0.0 0.0 0.13214743 0.0 0.0 0.013666294 0.019983497 0.0 0.0 0.0 0.012611374 0.0 0.0 0.0 0.0 0.0 0.0 0.0 0.0 0.043181363 0.0 0.15650123 0.042909127 0.076534994 0.0 0.0 0.0 0.0 0.0 0.0 0.0 0.012678358 0.0 0.0 0.027610743 0.094993606 0.0 0.0 0.042400476 0.0 0.0 0.033270895 0.0
0.0 0.011230397 0.05541455 0.0 0.017554794 0.0 0.05333902 0.0 0.0 0.0 0.0696589 0.0052633425 0.0 0.15433381 0.0 0.0 0.035632856 0.0 0.0 0.0 0.03975561 0.020494105 0.0 0.0 0.0 0.03610555 0.020271178 0.06418213 0.0 0.038831193 0.0 0.02087434 0.010053491 0.067843825 0.0 0.0 0.0037895981 0.017960645 0.0041235904 0.0 0.006800965 0.014809361 0.0 0.0 0.0 0.040665995 0.0 0.0 0.0 0.048701223 0.017910559 0.0 0.0048551154 0.0 0.0038630273 0.06256848
0.0 0.0 0.06333588 0.0 0.0 0.0772098 0.0 0.0 0.0 0.002328953 0.0 0.010664485 0.0 0.006339989 0.006710441 0.0 0.0 0.0060990546 0.032582525 0.008433409 0.0 0.13652211 0.0 0.0 0.08021239 0.049067814 0.0 0.0 0.17134324 0.0 0.0 0.0 0.015219764 0.0 0.019905217 0.0 0.016323663 0.013509181 0.0 0.0 0.0 0.034205317 0.0 0.011757145 0.0 0.052028373 0.0 0.0 0.0 0.0 0.0 0.0 0.029837292 0.0 0.0 0.014019093
0.0 0.0 0.0 0.0 0.002395965 0.0 0.002592391 0.082656235 0.0 0.0 0.015675163 0.0 0.0 0.020849934 0.0 0.013666294 0.0 0.032582525 0.0 0.011010238 0.0 0.0 0.1672726 0.061151166 0.01032193 0.0 0.018441075 0.026914507 0.0 0.0 0.0 0.0 0.0 0.0 0.0 0.0040593846 0.0 0.0 0.0 0.0 0.0 0.0 0.0 0.0 0.0 0.039563708 0.0 0.0 0.0 0.0064235604 0.19306436 0.0 0.014219271 0.0 0.054625887 0.0
0.017507834 0.0 0.0 0.052525148 0.0 0.034266595 0.0 0.0 0.0 0.035188224 0.04668802 0.0 0.031763498 0.0 0.051413596 0.019983495 0.0 0.008433409 0.011010238 0.09640232 0.0 0.019439228 0.12565845 0.04950989 0.0 0.0135110235 0.0 0.0 0.0 0.0 0.061064888 0.0 0.034837887 0.0116034495 0.02323065 0.0 0.07441362 0.0 0.0 0.0 0.0 0.0 0.0 0.0 0.024710868 0.0 0.0 0.0 0.051531103 0.0 0.059012506 0.0 0.0 0.0 0.10450214 0.017607344
0.012566633 0.0 0.0 0.0 0.0 0.003015471 0.09972132 0.0 0.0 0.0037765934 0.0 0.08485194 0.028360529 0.0 0.0 0.0 0.03975561 0.0 0.0 0.0 0.0 0.106305815 0.0 0.0 0.0 0.0 0.0 0.013799028 0.13691208 0.042137213 0.024800166 0.0 0.0 0.040035482 0.0 0.0 0.0 0.0 0.0 0.0 0.0 0.07930991 0.0 0.0 0.0 0.0 0.13067378 0.0 0.0 0.07003943 0.0 0.0 0.0 0.0 0.0 0.13729769
0.0 0.0 0.0 0.05147527 0.007876628 0.028911263 0.0 0.018514644 0.0 0.018803054 0.05259262 0.0 0.0 0.0 0.0 0.0 0.020494105 0.13652211 0.0 0.019439228 0.10630581 0.0 0.018126652 0.0 0.03523192 0.0 0.024796162 0.0 0.0 0.004538139 0.06621675 0.02541888 0.10812453 0.0 0.0 0.0 0.021716684 0.09863818 0.0 0.0 0.0 0.012494273 0.0 0.004668333 0.0 0.037346758 0.0 0.0041965297 0.016338566 0.0 0.006221907 0.0 0.0 0.0 0.0 0.0
0.0351113 0.10308184 0.0 0.05904055 0.0 0.07404136 0.0 0.0 0.0 0.006487864 0.000609956 0.13892592 0.0062402035 0.0 0.08051713 0.0 0.0 0.0 0.16727258 0.12565845 0.0 0.018126652 0.0 0.0 0.0 0.0 0.004631213 0.0 0.0 0.0 0.0 0.0 0.0 0.0130763855 0.0 0.010790239 0.07988982 0.0 0.0060609663 0.0 0.0 0.0 0.0017181367 0.0335944 0.06780416 0.0 0.0025913757 0.08679955 0.083466485 0.0031971629 0.0 0.0 0.017895276 0.0 0.0 0.0
0.0 0.021390192 0.0 0.016563874 0.060624074 0.0 0.0 0.035676442 0.1315822 0.0 0.0 0.0 0.0 0.03874358 0.019261666 0.012611373 0.0 0.0 0.061151166 0.04950989 0.0 0.0 0.0 0.0 0.0 0.0051801754 0.038598765 0.0 0.0 0.0 0.0 0.0071769212 0.0 0.03876107 0.019379627 0.04021868 0.0 0.0 0.03039421 0.060393568 0.086144924 0.0438586 0.13573252 0.034743305 0.0 0.0 0.0 0.047123786 0.0 0.0 0.0 0.023690468 0.054281335 0.03787669 0.0 0.0
0.0 0.030626878 0.019110365 0.0 0.016363492 0.0 0.019119432 0.03070896 0.0 0.0 0.032819238 0.0 0.0 0.08373852 0.0 0.0 0.0 0.08021239 0.010321931 0.0 0.0 0.035231926 0.0 0.0 0.0 0.06997995 0.0 0.04323594 0.15511279 0.0 0.0051164757 0.0 0.0049336217 0.0 0.0 0.011635687 0.04102837 0.029135572 0.0 0.0 0.0 0.08069047 0.0 0.0 0.02339967 0.0 0.018674405 0.0 0.0 0.02456236 0.0 0.0 0.0 0.0 0.0 0.09532241
0.0 0.011433209 0.0 0.0 0.0 0.0 0.064145066 0.0 0.0 0.0 0.0 0.0 0.0 0.037806347 0.0051988056 0.0 0.036105555 0.049067814 0.0 0.013511024 0.0 0.0 0.0 0.0051801754 0.06997995 0.01651985 0.022065176 0.04388738 0.010017156 0.02444397 0.035057783 0.06148124 0.0 0.01954225 0.031200323 0.0032280341 0.019448174 0.0 0.023305915 0.058796503 0.0 0.01823384 0.04019428 0.0 0.0 0.0 0.0 0.04994312 0.04236612 0.051230192 0.0 0.018035406 0.06319439 0.090099946 0.0 0.0
0.04694069 0.012460106 0.0 0.0 0.0 0.024152424 0.0 0.06887116 0.0 0.0 0.0 0.030603329 0.120621786 0.0 0.0 0.0 0.020271178 0.0 0.018441074 0.0 0.0 0.024796162 0.004631213 0.038598765 0.0 0.022065174 0.0020167264 0.0 0.12983516 0.0 0.015542672 0.0 0.0010174317 0.043546874 0.108288445 0.019016331 0.055010125 0.03398443 0.0 0.036600307 0.01033177 0.019274538 0.0048035765 0.08554633 0.0083452985 0.0 0.022423433 0.005732787 0.0 0.006846359 0.0 0.011905686 0.0 0.06596102 0.020946262 0.059425935
0.0 0.033968862 0.057477597 0.0 0.0 0.0 0.0 0.0 0.0029822106 0.0 0.0 0.07486464 0.0 0.0 0.0 0.0 0.06418213 0.0 0.026914505 0.0 0.0137990285 0.0 0.0 0.0 0.04323594 0.043887384 0.0 0.0 0.0 0.0 0.022152996 0.00046097557 0.018058883 0.0 0.012670473 0.014831869 0.0 0.0065955725 0.06667081 0.09874081 0.0 0.0 0.0 0.028942373 0.0030620054 0.0 0.0 0.0859286 0.065823615 0.0 0.0022913227 0.0 0.09577799 0.059411995 0.018437216 0.0
0.0 0.0 0.0043913564 0.0 0.0 0.0 0.01802809 0.0 0.0 0.0 0.056526408 0.0 0.0 0.0 0.0 0.0 0.0 0.17134324 0.0 0.0 0.13691206 0.0 0.0 0.0 0.15511279 0.010017156 0.12983516 0.0 0.0 0.0 0.0058129015 0.13030854 0.0 0.0 0.0 0.0 0.0 0.0 0.019116731 0.0 0.0 0.0 0.0 0.0 0.0 0.13923104 0.0 0.0 0.0 0.0 0.0 0.0 0.0 0.0009877031 0.0 0.0
0.0 0.0 0.092830405 0.036876224 0.083547026 0.010622115 0.045248073 0.0 0.0 0.029374845 0.10835649 0.010511293 0.05487848 0.0 0.0 0.0 0.038831193 0.0 0.0 0.0 0.042137217 0.004538139 0.0 0.0 0.0 0.024443971 0.0 0.0 0.0 0.17546237 0.05694527 0.0 0.023989026 0.0 0.0 0.0 0.0 0.081418365 0.0 0.0 0.0 0.01311185 0.0 0.0 0.0 0.051939618 0.0 0.0 0.0 0.0 0.0 0.0 0.0 0.0 0.0 0.010721845
0.02078303 0.039269067 0.039096195 0.06226064 0.0 0.0 0.0 0.0 0.0 0.0 0.0 0.029478066 0.042907376 0.0 0.04719193 0.0 0.0 0.0 0.0 0.06106489 0.024800168 0.06621675 0.0 0.0 0.0051164757 0.035057787 0.015542673 0.022152996 0.0058129015 0.056945268 0.07755981 0.0024282457 0.013363893 0.0 0.0 0.0 0.0 0.0 0.0 0.0 0.0 0.004010364 0.0 0.032436777 0.005334193 0.0 0.030546704 0.011126987 0.09770983 0.088762656 0.0 0.0 0.0 0.0030132292 0.019928396 0.01633683
0.009230805 0.0 0.02497907 0.034092125 0.024004456 0.02081926 0.0 0.004541557 0.0 0.0 0.020177834 0.05069632 0.02882423 0.014037716 0.0 0.0 0.02087434 0.0 0.0 0.0 0.0 0.025418878 0.0 0.0071769217 0.0 0.061481245 0.0 0.00046097557 0.13030852 0.0 0.0024282455 0.0 0.015171219 0.0 0.0 0.018538304 0.0 0.0043507274 0.0 0.0 0.030627059 0.11312382 0.0 0.006257027 0.008751344 0.019789407 0.0 0.0 0.002228252 0.04037908 0.047551956 0.0 0.013098777 0.0 0.0 0.11542011
0.0 0.08050127 0.0 0.123938054 0.0 0.084593154 0.0 0.0 0.0 0.019376202 0.013793179 0.0 0.0 0.0 0.03951733 0.043181363 0.010053491 0.015219763 0.0 0.034837887 0.0 0.10812454 0.0 0.0 0.004933622 0.0 0.0010174317 0.018058883 0.0 0.023989026 0.013363893 0.015171219 0.0 0.037211392 0.010887413 0.0 0.09095464 0.0456422 0.0 0.00024293072 0.0 0.003828195 0.026306747 0.034250244 0.0 0.01852246 0.0 0.0 0.0 0.0 0.0 0.0 0.03879743 0.029837849 0.0 0.0
0.07473704 0.0 0.0 0.0 0.0 0.0 0.0 0.036734667 0.0 0.0064316 0.0022997106 0.0 0.0 0.063523434 0.0 0.0 0.06784382 0.0 0.0 0.0116034495 0.040035482 0.0 0.013076386 0.03876107 0.0 0.019542253 0.043546874 0.0 0.0 0.0 0.0 0.0 0.03721139 0.0 0.0 0.0 0.0018180743 0.0 0.04330506 0.012304208 0.040413976 0.009294006 0.0 0.0 0.02960887 0.0 0.012590417 0.02371005 0.0 0.0 0.045932446 0.0 0.039504252 0.020357102 0.0 0.008355501
0.098256126 0.0 0.0 0.0 0.0 0.0 0.0 0.0 0.062714174 0.046996754 0.0 0.0 0.0 0.016330188 0.025623376 0.15650125 0.0 0.019905215 0.0 0.02323065 0.0 0.0 0.0 0.019379625 0.0 0.031200323 0.10828844 0.012670472 0.0 0.0 0.0 0.0 0.010887413 0.0 0.0 0.0 0.004693776 0.0 0.060509123 0.050030254 0.008738448 0.0 0.03165874 0.0 0.0603247 0.0 0.0 0.062186047 0.0 0.0 0.063731745 0.021609187 0.0 0.05131714 0.02735566 0.0
0.0 0.015071079 0.051780015 0.0 0.06435284 0.0070091705 0.0 0.12557824 0.070459634 0.0 0.0 0.0 0.0 0.05057835 0.009276881 0.042909127 0.0 0.0 0.0040593846 0.0 0.0 0.0 0.010790239 0.04021868 0.011635686 0.0032280341 0.019016331 0.014831869 0.0 0.0 0.0 0.018538304 0.0 0.0 0.0 0.059540436 0.007610466 0.0 0.038090114 0.011956717 0.0 0.035752337 0.034404945 0.0 0.0 0.0061014285 0.0 0.0 0.0 0.0 0.025803447 0.0 0.04610719 0.021200184 0.025205309 0.05939349
0.008036094 0.0 0.0 0.014041186 0.0 0.051199 0.0 0.0 0.00042184876 0.0 0.015688375 0.03559318 0.0 0.00030066053 0.011810361 0.076535 0.0037895981 0.016323665 0.0 0.07441362 0.0 0.021716684 0.07988982 0.0 0.04102837 0.019448174 0.05501013 0.0 0.0 0.0 0.0 0.0 0.09095464 0.0018180744 0.004693776 0.007610466 0.0 0.0 0.043915648 0.05742582 0.0 0.0 0.0 0.03018005 0.009098069 0.020697333 0.0 0.043955106 0.010418752 0.043651976 0.03962842 0.0 0.037035674 0.0 0.06543909 0.0
0.0 0.0 0.10970905 0.037216138 0.0 0.09319904 0.0 0.0 0.0 0.0 0.0 0.051913098 0.0 0.018331064 0.0 0.0 0.017960645 0.013509181 0.0 0.0 0.0 0.09863818 0.0 0.0 0.029135572 0.0 0.033984426 0.006595572 0.0 0.081418365 0.0 0.004350728 0.0456422 0.0 0.0 0.0 0.0 0.0 0.020418791 0.0065690894 0.0 0.018633932 0.0 0.0 0.022901235 0.04108392 0.007265187 0.0 0.0 0.06099933 0.006280026 0.0 0.019820474 0.0 0.07298313 0.03275778
0.07675402 0.0 0.0 0.0 0.0 0.0 0.0 0.031203397 0.0 0.24855307 0.0 0.0 0.104111925 0.0 0.013674787 0.0 0.0041235904 0.0 0.0 0.0 0.0 0.0 0.006060966 0.03039421 0.0 0.023305917 0.0 0.06667082 0.019116731 0.0 0.0 0.0 0.0 0.04330506 0.06050912 0.03809011 0.043915648 0.020418791 0.0 0.00948159 0.0 0.0 0.0 0.0 0.0 0.0 0.0 0.0 0.0 0.0 0.028902072 0.14218718 0.0 0.0 0.028029012 0.0
0.039577845 0.0 0.0 0.0 0.0 0.0 0.0 0.048244536 0.0096326005 0.00059923134 0.0 0.010325635 0.013098467 0.03875118 0.0 0.0 0.0 0.0 0.0 0.0 0.0 0.0 0.0 0.060393568 0.0 0.058796506 0.03660031 0.09874081 0.0 0.0 0.0 0.0 0.0002429307 0.012304208 0.050030258 0.011956717 0.05742582 0.0065690894 0.00948159 0.051175296 0.073653564 0.0 0.03376273 0.03352525 0.0 0.0 0.0 0.03816285 0.0 0.0 0.015390524 0.12893525 0.0 0.034398995 0.022915756 0.0
0.08359227 0.02080723 0.0 0.0 0.0 0.0 0.0708922 0.032667417 0.037221402 0.0030596373 0.0 0.0 0.035165098 0.00655936 0.0 0.0 0.006800965 0.0 0.0 0.0 0.0 0.0 0.0 0.086144924 0.0 0.0 0.01033177 0.0 0.0 0.0 0.0 0.030627059 0.0 0.040413972 0.008738448 0.0 0.0 0.0 0.0 0.07365357 0.0392343 0.0 0.13556011 0.028234439 0.0076982207 0.0 0.0 0.02762711 0.0 0.0 0.0 0.094322 0.0 0.0808293 0.030266868 0.0
0.0 0.0 0.051860537 0.0 0.11760393 0.0 0.10775527 0.020954479 0.015535268 0.022240466 0.0 0.0 0.0 0.007483958 0.0 0.0 0.014809361 0.034205317 0.0 0.0 0.07930991 0.012494272 0.0 0.0438586 0.08069047 0.018233841 0.019274538 0.0 0.0 0.01311185 0.0040103635 0.11312382 0.003828195 0.009294006 0.0 0.035752337 0.0 0.018633934 0.0 0.0 0.0 0.0 0.007020771 0.002717284 0.024789335 0.0371251 0.0 0.0 0.0 0.0 0.0 0.0 0.035540324 0.0012730716 0.0 0.06301767
0.031804018 0.0 0.0 0.0 0.0 0.0 0.0 0.06681531 0.0 0.026473084 0.0 0.0 0.0 0.07367891 0.026515286 0.0 0.0 0.0 0.0 0.0 0.0 0.0 0.0017181367 0.13573253 0.0 0.040194277 0.0048035765 0.0 0.0 0.0 0.0 0.0 0.026306747 0.0 0.03165874 0.034404945 0.0 0.0 0.0 0.03376273 0.13556013 0.007020771 0.08242961 0.0 0.0 0.0 0.0 0.0 0.0 0.018528584 0.0 0.06510185 0.0 0.038752224 0.0355932 0.04410779
0.01876487 0.0 0.0 0.011266184 0.0 0.021815768 0.0 0.012111501 0.0 0.030246295 0.015668895 0.0 0.0043082037 0.08306432 0.0 0.0 0.0 0.011757145 0.0 0.0 0.0 0.004668333 0.0335944 0.0347433 0.0 0.0 0.08554633 0.028942375 0.0 0.0 0.032436777 0.0062570274 0.034250244 0.0 0.0 0.0 0.030180052 0.0 0.0 0.033525255 0.028234437 0.002717284 0.0 0.0 0.04073547 0.0 0.0 0.052254684 0.022174409 0.0 0.08662862 0.0032165647 0.0 0.04238153 0.13383162 0.0
0.18474224 0.0 0.0 0.0 0.008476001 0.0 0.0 0.050958965 0.0 0.0 0.0 0.0 0.009527041 0.0 0.0 0.012678358 0.0 0.0 0.0 0.024710868 0.0 0.0 0.06780416 0.0 0.02339967 0.0 0.0083452985 0.0030620056 0.0 0.0 0.005334193 0.008751345 0.0 0.02960887 0.060324702 0.0 0.009098068 0.022901235 0.0 0.0 0.0076982207 0.024789335 0.0 0.040735465 0.13877042 0.0 0.0 0.023357682 0.0 0.0 0.0 0.036902674 0.012767178 0.06347465 0.012768005 0.0
0.037055824 0.017482633 0.034155093 0.0024462903 0.013738809 0.0 0.043632876 0.0 0.017641153 0.034207936 0.010523221 0.004096132 0.0 0.0 0.0 0.0 0.040665995 0.052028373 0.039563708 0.0 0.0 0.037346758 0.0 0.0 0.0 0.0 0.0 0.0 0.13923104 0.05193962 0.0 0.019789407 0.01852246 0.0 0.0 0.006101428 0.020697333 0.04108392 0.0 0.0 0.0 0.037125096 0.0 0.0 0.0 0.10565779 0.16771138 0.0 0.010234168 0.0 0.0 0.0 0.04716605 0.0 0.0 0.04353349
0.0 0.0 0.013658279 0.0 0.11276988 0.0 0.014153998 0.039611403 0.0 0.010923086 0.102266476 0.0 0.0 0.067998186 0.0 0.0 0.0 0.0 0.0 0.0 0.13067378 0.0 0.002591376 0.0 0.018674405 0.0 0.022423431 0.0 0.0 0.0 0.030546702 0.0 0.0 0.012590417 0.0 0.0 0.0 0.0072651873 0.0 0.0 0.0 0.0 0.0 0.0 0.0 0.16771138 0.0 0.0 0.0 0.03211102 0.035360757 0.0 0.0062639243 0.0 0.025799274 0.0
0.059196115 0.0 0.0 0.0 0.0 0.03521578 0.0 0.0021522797 0.0 0.0349603 0.0 0.012872442 0.033545136 0.007046647 0.015074305 0.027610743 0.0 0.0 0.0 0.0 0.0 0.00419653 0.08679955 0.047123786 0.0 0.049943123 0.005732787 0.0859286 0.0 0.0 0.011126986 0.0 0.0 0.023710052 0.062186047 0.0 0.043955106 0.0 0.0 0.03816285 0.02762711 0.0 0.0 0.052254688 0.023357682 0.0 0.0 0.0 0.009745269 0.0 0.0 0.03237586 0.0 0.08069126 0.028278014 0.0
0.0 0.0 0.0059014205 0.0055450774 0.0 0.0 0.0 0.0 0.0 0.03210172 0.03660537 0.0 0.06636319 0.031464294 0.04847432 0.094993606 0.0 0.0 0.0 0.051531106 0.0 0.016338566 0.083466485 0.0 0.0 0.042366125 0.0 0.06582362 0.0 0.0 0.09770983 0.0022282517 0.0 0.0 0.0 0.0 0.010418753 0.0 0.0 0.0 0.0 0.0 0.0 0.022174409 0.0 0.010234168 0.0 0.009745268 0.06957866 0.0 0.09890741 0.026403394 0.0 0.0 0.023034927 0.0047794916
0.011268695 0.045431226 0.0 0.0 0.017793043 0.031540487 0.023884097 0.0 0.0 0.0 0.0 0.011804513 0.0 0.0 0.05246243 0.0 0.048701223 0.0 0.0064235604 0.0 0.07003943 0.0 0.003197163 0.0 0.02456236 0.051230192 0.0068463585 0.0 0.0 0.0 0.088762656 0.04037908 0.0 0.0 0.0 0.0 0.043651972 0.06099933 0.0 0.0 0.0 0.0 0.018528584 0.0 0.0 0.0 0.03211102 0.0 0.0 0.2427493 0.0 0.0 0.0 0.0 0.0 0.003199571
0.0021378836 0.10920119 0.0 0.037325893 0.0 0.0041330657 0.0 0.0 0.10314944 0.0 0.0 0.06345564 0.053477198 0.0 0.07295247 0.0 0.017910559 0.0 0.19306436 0.059012506 0.0 0.006221907 0.0 0.0 0.0 0.0 0.0 0.0022913225 0.0 0.0 0.0 0.04755196 0.0 0.045932446 0.063731745 0.025803447 0.03962842 0.006280026 0.02890207 0.015390525 0.0 0.0 0.0 0.08662862 0.0 0.0 0.035360757 0.0 0.09890741 0.0 0.0 0.0 0.0235118 0.0 0.0 0.0
0.015162175 0.0 0.0 0.0 0.0 0.0 0.0 0.07404728 0.019942721 0.0 0.0 0.0 0.0 0.049525186 0.0 0.042400476 0.0 0.0 0.0 0.0 0.0 0.0 0.0 0.023690466 0.0 0.018035404 0.011905686 0.0 0.0 0.0 0.0 0.0 0.0 0.0 0.021609185 0.0 0.0 0.0 0.14218718 0.12893525 0.094322 0.0 0.06510185 0.0032165647 0.03690267 0.0 0.0 0.03237586 0.026403395 0.0 0.0 0.0 0.0 0.0800705 0.041336797 0.0
0.0 0.0 0.0 0.0 0.0 0.039577607 0.017031625 0.10882109 0.013422639 0.0 0.06426612 0.0 0.0 0.0 0.0 0.0 0.0048551154 0.029837294 0.01421927 0.0 0.0 0.0 0.017895276 0.05428133 0.0 0.06319439 0.0 0.095777996 0.0 0.0 0.0 0.013098777 0.038797434 0.03950425 0.0 0.04610719 0.037035678 0.019820474 0.0 0.0 0.0 0.035540324 0.0 0.0 0.012767179 0.047166053 0.006263924 0.0 0.0 0.0 0.0235118 0.0 0.0 0.0 0.0 0.1005899
0.0 0.0 0.0 0.0 0.0 0.0 0.054442916 0.029754588 0.0 0.0 0.0 0.0 0.05035476 0.07056319 0.0 0.0 0.0 0.0 0.0 0.0 0.0 0.0 0.0 0.03787669 0.0 0.090099946 0.06596101 0.059412 0.0009877031 0.0 0.0030132292 0.0 0.029837847 0.0203571 0.051317137 0.021200184 0.0 0.0 0.0 0.034398995 0.0808293 0.0012730717 0.038752224 0.04238153 0.06347465 0.0 0.0 0.08069126 0.0 0.0 0.0 0.0800705 0.0 0.0 0.0632298 0.0054837465
0.031841867 0.12846309 0.0 0.023104072 0.0 0.016125012 0.0 0.0 0.038600992 0.0 0.0 0.057568327 0.043871854 0.0 0.02032032 0.033270895 0.0038630276 0.0 0.054625884 0.10450215 0.0 0.0 0.0 0.0 0.0 0.0 0.020946262 0.018437218 0.0 0.0 0.019928396 0.0 0.0 0.0 0.027355662 0.025205307 0.0654391 0.07298314 0.028029012 0.022915754 0.030266868 0.0 0.0355932 0.13383162 0.012768004 0.0 0.025799274 0.028278012 0.023034927 0.0 0.0 0.041336797 0.0 0.0632298 0.0 0.0
0.008645537 0.0 0.047379475 0.0 0.070859745 0.0 0.023286354 0.0 0.0 0.01703416 0.05186746 0.0 0.0 0.0013265852 0.0 0.0 0.06256848 0.014019093 0.0 0.017607344 0.13729769 0.0 0.0 0.0 0.09532241 0.0 0.059425935 0.0 0.0 0.010721845 0.01633683 0.1154201 0.0 0.008355501 0.0 0.05939349 0.0 0.032757785 0.0 0.0 0.0 0.06301767 0.04410779 0.0 0.0 0.043533493 0.0 0.0 0.0047794916 0.003199571 0.0 0.0 0.1005899 0.0054837465 0.0 0.0
