0.0 0.0 0.0 0.05379415 0.0 0.0 0.009776942 0.03800958 0.0 0.0 0.041519914 0.026819283 0.038371973 4.213521e-09 0.0 0.0 0.0 0.063739374 0.0 0.04502425 0.057605155 0.0 0.0 0.028295193 0.0 0.015414778 0.0 0.0 0.0 0.0 0.0 0.06326198 0.0 0.0 0.026551222 0.045952573 0.0 0.0 0.0 0.0 0.07008057 0.0 0.015951093 0.04268107 0.0 0.018358503 0.0 0.0 0.0012359194 0.0 0.054536376 0.13118123 0.0 0.0 0.111930825 0.0
0.0 0.0 0.0012791856 0.0037984443 0.0 0.041199416 0.0 0.047701556 0.018432066 0.0 0.0 0.0 0.0 0.009869433 0.0 0.039567623 0.0 0.0 0.0 0.0 0.06691183 0.045523267 0.0 0.02218826 0.009079256 0.0077127214 0.08580786 0.08747576 0.0 0.0 0.0 0.0 0.0 0.021267748 0.016631396 0.01667044 0.050598033 0.0 0.0 0.07348591 0.0 0.0 0.08082553 0.0 0.0 0.007667089 0.04230157 0.0 0.0 0.0 0.0 0.040930886 0.043302383 0.08180218 0.0 0.0057095313
0.0 0.0012791856 0.0 0.011084 0.0 0.05606187 0.010605828 0.0 0.0 0.0 0.0 0.0 0.029386131 0.0 0.0 0.088643804 0.019350389 0.0 0.0 0.0 0.021212153 0.038123306 0.0 0.0 0.10658559 0.013968983 0.022846136 0.0 0.0 0.0 0.03579981 0.0016329819 0.10655009 0.020771887 0.0 0.0 0.0 0.0 0.09172962 0.0 0.0 0.0 0.0 0.035477877 0.0 0.0 0.0 0.051468577 0.020556957 0.011004813 0.11282661 0.0 0.033309355 0.005943883 0.0 0.009969036
0.05379415 0.0037984445 0.011084 0.0 0.0 0.0 0.0 0.02366386 0.0 0.033158563 0.0 0.004091569 0.0 0.015545597 0.0 0.07053731 0.0 0.0 0.0 0.0 0.0 0.0 0.14428554 0.027906027 0.0 0.0 0.009262497 0.0077758133 0.0 0.0 0.0 0.0025233435 0.0 0.032920428 0.13363424 0.0 0.050275736 0.0 0.0 0.060032472 0.0 0.0010730813 0.0 0.02483312 0.017738491 0.031780392 0.0 0.0 0.0 0.0012457018 0.016790375 0.0028352055 0.0 0.0 0.054928496 0.0
0.0 0.0 0.0 0.0 0.0 0.010384256 0.0 0.0 0.020864923 0.0 0.0 0.0 0.0 0.02487531 0.0 0.0 0.006114732 0.0 0.0 0.0 0.029342705 0.0 0.1636805 0.015289288 0.0 0.0 0.10675468 0.0 0.0 0.0 0.0 0.0 0.0 0.050716095 0.0 0.0 0.0 0.0 0.22256818 0.011748231 0.0074638245 0.0899827 0.0 0.007693159 0.0 0.016697256 0.0031461625 0.0 0.041216854 0.0 0.0 0.0 0.0 0.0 0.04127424 0.0
0.0 0.041199416 0.05606187 0.0 0.010384256 0.0 0.0 0.0 0.05926207 0.0 0.00033114298 0.0 0.0 0.04369414 0.0107349 0.013938736 0.07062691 0.0 0.020138392 0.029853147 0.0 0.022677053 0.02136935 0.0199915 0.0013986704 0.0 0.033511 0.0 0.0 0.117345795 0.0 0.0 0.0 0.0 0.0025239037 0.004136192 0.0 0.0 0.008003042 0.0 0.0 0.047427427 0.056837343 0.012694028 0.0 0.06319941 0.0 0.0 0.08094932 0.019593632 0.040750973 0.0 0.015127353 0.036959212 0.0 0.012628648
0.009776942 0.0 0.010605829 0.0 0.0 0.0 0.0 0.0 0.0 0.0 0.0 0.0 0.0 0.045233674 0.0 0.0 0.0 0.0 0.0 0.003120037 0.108356304 0.1019201 0.025834002 0.0 0.0 0.0066083125 0.0693816 0.045301188 0.0 0.0 0.0 0.0 0.023594074 0.0 0.0034572997 0.0 0.0 0.0 0.04743037 0.027870126 0.028709061 0.0338887 0.0 0.0 0.0 0.0 0.0 0.018683493 0.060538523 0.08862342 0.10155881 0.0 0.0006087367 0.008019505 0.11185181 0.0
0.03800958 0.04770156 0.0 0.02366386 0.0 0.0 0.0 0.0 0.0 0.05935539 0.047341723 0.13293 0.08082543 0.0 0.056273527 0.0 0.0 0.058200598 0.039671034 0.003910942 0.07240906 0.006077266 0.0 0.0 0.008094373 0.01716817 0.0 0.0464181 0.03947767 0.0364809 0.046791885 0.0509605 0.0 0.0 0.0 0.022374637 0.0 0.014698786 0.0 0.0 0.04617193 0.0 0.033664715 0.066708766 0.0 0.0 0.0 0.0 0.05090621 0.0 0.0 0.009272987 0.018301923 0.0 0.026058117 0.0
0.0 0.018432064 0.0 0.0 0.020864923 0.05926207 0.0 0.0 0.0 0.05829432 0.0 0.0 0.0028745604 0.0 0.012060383 0.0 0.020449314 0.0 0.0 0.017877402 0.0 0.0035930893 0.035303857 0.0 0.0077775894 0.0 0.039345954 0.034586363 0.0 0.009377306 0.0 0.071540475 0.0 0.0 0.020677907 0.12108957 0.09130784 0.0 0.0 0.0366448 0.0 0.109980404 0.0 0.0 0.017739065 0.0 0.059597462 0.0 0.03171818 0.0 0.0 0.038159534 0.0 0.0 0.0 0.0
0.0 0.0 0.0 0.033158563 0.0 0.0 0.0 0.059355393 0.05829432 0.0 0.02408474 0.0 0.00089719566 0.0 0.032296743 0.0 0.0 0.0005618789 0.0 0.0 0.09804846 0.060994197 0.0005494589 0.0029525612 0.0 0.0 0.006925643 0.0 0.0 0.0055959513 0.030588018 0.0711562 0.0 0.0 0.0 0.0 0.0 0.030511187 0.0 0.0 0.07027828 0.0113180345 0.0052233418 0.06022948 0.005767624 0.0 0.0 0.084340334 0.089626655 0.0 0.045641724 0.088553004 0.0050581703 0.0 0.013657992 0.0
0.04151991 0.0 0.0 0.0 0.0 0.000331143 0.0 0.047341723 0.0 0.02408474 0.0 0.0 0.018130189 0.0 0.0 0.02389197 0.0 0.0 0.0007682952 0.0 0.0 0.0 0.007139659 0.0 0.0 0.0 0.0 0.05857164 0.006724329 0.0077276644 0.0011513917 0.0 0.0 0.103080094 0.081277385 0.0 0.013499805 0.0 0.0 0.017802473 0.0 0.10179767 0.0 0.0 0.08463298 0.0 0.06557889 0.013779185 0.0 0.0 0.0 0.08255407 0.0 0.04732813 0.0 0.040140487
0.026819283 0.0 0.0 0.004091569 0.0 0.0 0.0 0.13293 0.0 0.0 0.0 0.0 0.0 0.09364593 0.0 0.0 0.0 0.0 0.0 0.0 0.0 0.0 0.020096885 0.037168104 0.0 0.027815357 0.0036298719 0.0 0.0 0.007807661 0.0021094938 0.0 0.035016466 0.0 0.099595845 0.020946242 0.0067852717 0.0009177686 0.021569643 0.057096854 0.0 0.0 0.0 0.0 0.0047221724 0.0 0.0 0.055956334 0.005895677 0.0 0.06448623 0.0285624 0.0 0.020609291 0.035483684 0.043550093
0.038371973 0.0 0.029386131 0.0 0.0 0.0 0.0 0.080825426 0.0028745607 0.00089719566 0.018130187 0.0 0.12191189 0.049269855 0.0 0.0 0.0 0.0 0.0 0.0 0.0 0.0 0.012185789 0.031339757 0.0 0.048053604 0.0 0.101072654 0.00027883748 0.031255946 0.0 0.0016426955 0.0 0.0 0.029971264 0.0 0.081547566 0.0 0.0 0.009068121 0.057980455 0.0 0.0 0.012819537 0.026583474 0.04081133 0.0 0.0063110506 0.0 0.0 0.03092759 0.04997248 0.0 0.0 0.04812058 0.0
4.213521e-09 0.009869434 0.0 0.015545598 0.02487531 0.04369414 0.045233674 0.0 0.0 0.0 0.0 0.09364593 0.04926986 0.0 0.060604565 0.0 0.025544617 0.0107608745 0.0687667 0.059882402 0.0 0.027147898 0.0 0.0 0.0 0.033742018 0.0005897374 0.0 0.0 0.04059729 0.0589798 0.0 0.0 0.0 0.0 0.0 0.0 0.029060429 0.0 0.0 0.016534531 0.0 0.0 0.13937289 0.015853673 0.020450931 0.0 0.0 0.007064956 0.0 0.01741099 0.0 0.0 0.048970535 0.04700934 0.0
0.0 0.0 0.0 0.0 0.0 0.0107349 0.0 0.056273527 0.012060384 0.032296743 0.0 0.0 0.0 0.06060457 0.0 0.0 0.0 0.0 0.0 0.0 0.0 0.0 0.02454646 0.0 0.0 0.045468397 0.0 0.2094408 0.0 0.0 0.0 0.0 0.0 0.0 0.015089003 0.0 0.09100352 0.0 0.0 0.039272107 0.052266307 0.0 0.0 0.0 7.015908e-05 0.0039952314 0.0 0.0 0.0 0.0 0.0972603 0.0 0.0 0.10315414 0.024462402 0.0
0.0 0.039567623 0.088643804 0.07053731 0.0 0.013938736 0.0 0.0 0.0 0.0 0.023891969 0.0 0.0 0.0 0.0 0.0 0.052107144 0.0 0.0 0.05614005 0.100380644 0.10825025 0.052655097 0.0 0.022739623 0.0 0.036609687 0.0 0.0 0.0 0.0 0.0 0.0057536657 0.0 0.0 0.0 0.0 0.062181145 0.0 0.020671898 0.0 0.0 0.04775326 0.03065401 0.0 0.0 0.0 0.0 0.016745476 0.0 0.0 0.0 0.13447733 0.0 0.0 0.0
0.0 0.0 0.019350389 0.0 0.006114732 0.07062691 0.0 0.0 0.020449314 0.0 0.0 0.0 0.0 0.025544617 0.0 0.052107144 0.028356757 0.0 0.021520272 0.0061736233 0.009060284 0.022768084 0.0 0.07211719 0.0 0.0 0.0023648539 0.0 0.0 0.0 0.00054686127 0.006073493 0.088953115 0.029123593 0.052130107 0.08943918 0.0 0.0018602257 0.0 0.0024876655 0.0 0.033542294 0.010618039 0.0 0.0 0.03004271 0.0 0.08045996 0.050797965 0.06917297 0.0 0.0 0.0 0.0 0.0 0.0
0.06373937 0.0 0.0 0.0 0.0 0.0 0.0 0.0582006 0.0 0.0005618789 0.0 0.0 0.0 0.0107608745 0.0 0.0 0.0 0.0 0.0 0.0 0.0 0.0 0.03235503 0.15509282 0.0003328408 0.019989297 0.062542744 0.04287999 0.0 0.0 0.0 0.0 0.0 0.0 0.040436864 0.031547338 0.04571077 0.0 0.00601818 0.10940585 0.038452692 0.0 0.0 0.0 0.016858226 0.0 0.0 0.006487624 0.0 0.016601725 0.0 0.12293663 0.0 0.0 0.004774139 0.023756525
0.0 0.0 0.0 0.0 0.0 0.020138392 0.0 0.039671034 0.0 0.0 0.00076829514 0.0 0.0 0.068766706 0.0 0.0 0.021520272 0.0 0.0 0.0012629238 0.0 0.025411401 0.07133074 0.0 0.014348885 0.038446456 0.20423572 0.028936457 0.0 0.0 0.0 0.0 0.0408433 0.0 0.0 0.0 0.0 0.0 0.06072706 0.032549027 0.0 0.0 0.0 0.012081825 0.0 0.064453535 0.0 0.114674054 0.0046863654 0.0 0.030367294 0.0 0.03112577 0.0 0.014508858 0.028051976
0.04502425 0.0 0.0 0.0 0.0 0.029853147 0.003120037 0.003910942 0.017877402 0.0 0.0 0.0 0.0 0.059882406 0.0 0.05614005 0.0061736233 0.0 0.0012629238 0.02059437 0.0 0.0 0.12312097 0.086151384 0.0 0.036718532 0.0 0.028180983 0.0 0.0 0.0 0.0 0.0 0.0 0.066606805 0.015321096 0.0 0.02805111 0.04291836 0.046823148 0.097655505 0.0 0.0 0.0 0.0 0.0 0.0 0.0 0.0 0.0 0.04578822 0.003721241 0.0 0.0110512 0.0 0.0
0.05760516 0.06691184 0.021212153 0.0 0.029342705 0.0 0.108356304 0.07240906 0.0 0.09804846 0.0 0.0 0.0 0.0 0.0 0.100380644 0.009060283 0.0 0.0 0.0 0.0 0.0 0.0 0.125121 0.0 0.0043663424 0.0035097376 0.0 0.09487374 0.0 0.0 0.0 0.013896463 0.021462929 0.01827386 0.0028813493 0.0 0.0 0.0 0.0037162527 0.0 0.046329953 0.0 0.0 0.0 0.0 0.0 0.0 0.0 0.0 0.0 0.0033547196 0.0 0.0 0.0 0.0
0.0 0.04552327 0.038123306 0.0 0.0 0.022677053 0.1019201 0.006077266 0.0035930893 0.060994197 0.0 0.0 0.0 0.027147898 0.0 0.108250245 0.022768084 0.0 0.025411401 0.0 0.0 0.0 0.0036588374 0.0 0.0 0.0029479668 0.0 0.0 0.09221385 0.0 0.0 0.0 0.0 0.091892764 0.051386613 0.004229393 0.0 0.0 0.0 0.0 0.0 0.042995095 0.061825722 0.0 0.008525302 0.03186523 0.025679251 6.8000736e-05 0.0 0.036549006 0.004407207 0.0 0.0045883083 0.002763257 0.0 0.05916269
0.0 0.0 0.0 0.14428553 0.16368048 0.02136935 0.025834 0.0 0.035303853 0.0005494589 0.0071396595 0.020096885 0.012185789 0.0 0.024546461 0.052655093 0.0 0.03235503 0.07133075 0.12312097 0.0 0.0036588376 0.0 0.0 0.0 0.0076228227 0.011226695 0.0 0.0 0.014978259 0.02853611 0.039118443 0.0 0.0 0.0 0.0 0.0 0.22072269 0.023393804 0.0 0.0 0.0 0.0 0.0 0.017234938 0.038291655 0.0 0.0 0.047928143 0.0 0.0 0.0032548523 0.012512999 0.028522557 0.0 0.0
0.028295195 0.02218826 0.0 0.027906027 0.015289287 0.019991498 0.0 0.0 0.0 0.0029525612 0.0 0.037168104 0.031339757 0.0 0.0 0.0 0.07211719 0.15509282 0.0 0.086151384 0.12512098 0.0 0.0 0.0 0.012299542 0.0 0.0 0.02440407 0.0 0.07895581 0.012781646 0.010779304 0.005893689 0.016937055 0.0 0.015297089 0.0 0.0 0.0 0.0 0.018550957 0.048459195 0.047575332 0.0341504 0.0 0.0 0.12757124 0.0 0.09923866 0.0 0.0 0.0 0.049655728 0.0054226727 0.024590535 0.0
0.0 0.009079255 0.10658559 0.0 0.0 0.0013986705 0.0 0.008094372 0.0077775894 0.0 0.0 0.0 0.0 0.0 0.0 0.022739623 0.0 0.0003328408 0.014348885 0.0 0.0 0.0 0.0 0.012299541 0.028171651 0.016535928 0.0046415934 0.0 0.0 0.0 0.010524999 0.0 0.19274123 0.0 0.043550014 0.0 0.012744442 0.0 0.13095707 0.032454953 0.016436502 0.007292172 0.0 0.022245748 0.0 0.013182504 0.0 0.007021549 0.0 0.03675477 0.032521106 0.0 0.0 0.0 0.0 0.115240164
0.015414779 0.0077127214 0.013968983 0.0 0.0 0.0 0.0066083125 0.01716817 0.0 0.0 0.0 0.027815359 0.048053604 0.03374202 0.0454684 0.0 0.0 0.019989297 0.038446456 0.036718532 0.0043663424 0.0029479668 0.0076228227 0.0 0.01653593 0.19644469 0.0 0.007407554 0.0 0.020579278 0.033414904 0.0 0.0 0.0 0.0 0.020717334 0.0 0.028428786 0.004769017 0.028388849 0.0 0.024425197 0.09946118 0.062027328 0.018627431 0.0 0.0 0.009707985 0.0 0.005243853 0.033336077 0.0 0.0 0.009977098 0.0056176055 0.0
0.0 0.08580786 0.022846134 0.009262497 0.10675468 0.033511 0.0693816 0.0 0.039345954 0.006925643 0.0 0.003629872 0.0 0.0005897373 0.0 0.036609687 0.0023648536 0.06254275 0.20423572 0.0 0.0035097376 0.0 0.011226695 0.0 0.004641593 0.0 0.0 0.0 0.0 0.0032363078 0.0 0.0 0.0 0.01335038 0.0 0.021307757 0.0 0.052537005 0.0 0.0 0.0 0.012831165 0.0 0.0 0.006481922 0.046537068 0.14987038 0.0 0.034689214 0.0 0.0 0.0 0.006689094 0.0110431565 0.0 0.0
0.0 0.08747576 0.0 0.0077758133 0.0 0.0 0.045301188 0.0464181 0.03458636 0.0 0.05857164 0.0 0.101072654 0.0 0.20944081 0.0 0.0 0.04287999 0.028936455 0.028180983 0.0 0.0 0.0 0.02440407 0.0 0.007407554 0.0 0.0 0.01396396 0.0 0.0 0.0 0.0 0.009638652 0.0 0.012853748 0.0 0.05024494 0.0 0.0 0.0 0.0 0.0 0.0 0.06700389 0.0 0.009143897 0.0 0.0 0.0 0.0 0.0 0.0 0.028231744 0.0 0.06354434
0.0 0.0 0.0 0.0 0.0 0.0 0.0 0.039477665 0.0 0.0 0.006724329 0.0 0.0002788375 0.0 0.0 0.0 0.0 0.0 0.0 0.0 0.09487374 0.09221385 0.0 0.0 0.0 0.0 0.0 0.01396396 0.03617904 0.0 0.058436774 0.032673977 0.004546141 0.0 0.007371739 0.0 0.0 0.0 0.0 0.0 0.060578365 0.0 0.0 0.0 0.0 0.0 0.0 0.15918152 0.0 0.0 0.009604156 0.0 0.0 0.0 0.15673694 0.033864368
0.0 0.0 0.0 0.0 0.0 0.1173458 0.0 0.0364809 0.009377306 0.0055959513 0.007727665 0.007807661 0.03125595 0.040597286 0.0 0.0 0.0 0.0 0.0 0.0 0.0 0.0 0.01497826 0.0789558 0.0 0.020579278 0.0032363078 0.0 0.0 0.0 0.0 0.0 0.039839208 0.0 0.015550338 0.028302748 0.054151967 0.0 0.050084006 0.079817034 0.0 0.0 0.058281798 0.0 0.0 0.0 0.0 0.01270633 0.0 0.0 0.11506728 0.00806363 0.0 0.05608526 0.024876982 0.0
0.0 0.0 0.03579981 0.0 0.0 0.0 0.0 0.046791885 0.0 0.030588018 0.0011513915 0.0021094938 0.0 0.058979798 0.0 0.0 0.00054686127 0.0 0.0 0.0 0.0 0.0 0.02853611 0.012781647 0.010525 0.033414904 0.0 0.0 0.058436774 0.0 0.0 0.0 0.0 0.13704397 0.15283084 0.0045673987 0.06477496 0.00064076 0.0032720715 0.034136523 0.006210494 0.049072724 0.015927417 0.0 0.0061675864 0.0 0.0 0.0 0.0 0.029575314 0.01996965 0.044978052 0.0 0.10266549 0.0017967045 0.10489084
0.06326198 0.0 0.0016329818 0.0025233435 0.0 0.0 0.0 0.0509605 0.07154047 0.0711562 0.0 0.0 0.0016426955 0.0 0.0 0.0 0.006073493 0.0 0.0 0.0 0.0 0.0 0.039118443 0.0107793035 0.0 0.0 0.0 0.0 0.032673977 0.0 0.0 0.0 0.0 0.02125826 0.07168387 0.041571278 0.11178145 0.0 0.02655481 0.064498395 0.0 0.050753064 0.0 0.0 0.0 0.00034189806 0.12617597 0.0 0.0 0.0 0.0 0.024244968 0.0 0.0 0.0 0.052262258
0.0 0.0 0.10655009 0.0 0.0 0.0 0.023594074 0.0 0.0 0.0 0.0 0.035016466 0.0 0.0 0.0 0.0057536657 0.088953115 0.0 0.0408433 0.0 0.013896464 0.0 0.0 0.005893689 0.19274123 0.0 0.0 0.0 0.004546141 0.039839204 0.0 0.0 0.0 0.0 0.0 0.0 0.0 0.0045777094 0.00450895 0.0 0.0 0.054041848 0.034398768 0.018717427 0.0 0.019094735 0.0 0.0 0.0 0.1514289 0.0 0.0 0.11338817 0.0 0.0 0.018292287
0.0 0.021267748 0.020771885 0.032920428 0.05071609 0.0 0.0 0.0 0.0 0.0 0.103080094 0.0 0.0 0.0 0.0 0.0 0.029123591 0.0 0.0 0.0 0.021462929 0.091892764 0.0 0.016937055 0.0 0.0 0.013350381 0.009638652 0.0 0.0 0.13704397 0.02125826 0.0 0.0 0.0 0.009850408 0.0 0.0 0.0 0.0 0.0 0.012613843 0.017142424 0.0 0.0 0.06099896 0.0 0.0 0.0063661244 0.0 0.0 0.0 0.04372081 0.03929365 0.019503824 0.001607521
0.026551224 0.016631396 0.0 0.13363422 0.0 0.0025239037 0.0034573 0.0 0.020677907 0.0 0.081277385 0.09959584 0.029971266 0.0 0.015089003 0.0 0.05213011 0.040436864 0.0 0.06660681 0.01827386 0.051386613 0.0 0.0 0.043550014 0.0 0.0 0.0 0.0073717386 0.015550338 0.15283084 0.07168387 0.0 0.0 0.0 0.0 0.0 0.015603661 0.0 0.0 0.08765275 0.0 0.022509715 0.03465758 0.04473374 0.0 0.016959935 0.0 0.013719816 0.0 0.0 0.0 0.044489134 0.04674206 0.0212088 0.0
0.045952573 0.01667044 0.0 0.0 0.0 0.004136192 0.0 0.022374637 0.12108958 0.0 0.0 0.020946242 0.0 0.0 0.0 0.0 0.08943918 0.031547338 0.0 0.015321096 0.0028813493 0.0042293924 0.0 0.01529709 0.0 0.020717334 0.021307757 0.012853749 0.0 0.028302748 0.004567399 0.041571278 0.0 0.009850408 0.0 0.0 0.0 0.0 0.0 0.0 0.0119534945 0.0052993544 0.03493487 0.0 0.0 0.02828888 0.07081449 0.0 0.016605962 0.0 0.0 0.03950877 0.08531587 0.05583182 0.026154926 0.0
0.0 0.050598036 0.0 0.050275736 0.0 0.0 0.0 0.0 0.09130784 0.0 0.013499805 0.006785272 0.081547566 0.0 0.09100352 0.0 0.0 0.045710765 0.0 0.0 0.0 0.0 0.0 0.0 0.012744441 0.0 0.0 0.0 0.0 0.054151967 0.06477495 0.11178145 0.0 0.0 0.0 0.0 0.0 0.018977566 0.0 0.0 0.05881626 0.0 0.0 0.009293623 0.0 0.029553134 0.0 0.0 0.051177554 0.0 0.0 0.17275144 0.0046917084 0.0 0.0 0.0
0.0 0.0 0.0 0.0 0.0 0.0 0.0 0.014698786 0.0 0.03051119 0.0 0.0009177685 0.0 0.029060429 0.0 0.062181145 0.0018602257 0.0 0.0 0.028051108 0.0 0.0 0.2207227 0.0 0.0 0.028428787 0.052537005 0.05024494 0.0 0.0 0.00064076 0.0 0.004577709 0.0 0.015603661 0.0 0.018977566 0.0 0.019813465 0.0 0.0 0.0 0.0 0.008650786 0.0066350647 0.0 0.0 0.048064724 0.007567704 0.0022996305 0.106966205 0.025506489 0.0 0.0 0.029756887 0.0
0.0 0.0 0.09172962 0.0 0.2225682 0.008003043 0.047430374 0.0 0.0 0.0 0.0 0.021569643 0.0 0.0 0.0 0.0 0.0 0.00601818 0.060727056 0.04291836 0.0 0.0 0.023393804 0.0 0.13095708 0.0047690175 0.0 0.0 0.0 0.050084006 0.0032720715 0.02655481 0.0045089503 0.0 0.0 0.0 0.0 0.019813465 0.09554452 0.00158961 0.0 0.0 0.0 0.0 0.03314762 0.019734778 0.0 0.0 0.030563679 0.009477331 0.036075287 0.0 0.08973346 0.0 0.0 0.0
0.0 0.07348591 0.0 0.060032472 0.011748232 0.0 0.027870124 0.0 0.0366448 0.0 0.017802471 0.057096858 0.009068121 0.0 0.039272107 0.020671898 0.0024876657 0.10940585 0.032549027 0.046823148 0.0037162527 0.0 0.0 0.0 0.032454953 0.028388847 0.0 0.0 0.0 0.07981703 0.034136526 0.064498395 0.0 0.0 0.0 0.0 0.0 0.0 0.00158961 0.0 0.0 0.0037711498 0.014648179 0.0833274 0.024377847 0.12885362 0.029922726 0.0 0.035840657 0.0 0.0 0.0 0.010036068 0.054061245 0.0 0.0032172578
0.07008057 0.0 0.0 0.0 0.007463825 0.0 0.028709063 0.04617193 0.0 0.07027828 0.0 0.0 0.05798046 0.016534531 0.052266307 0.0 0.0 0.038452692 0.0 0.097655505 0.0 0.0 0.0 0.018550957 0.016436502 0.0 0.0 0.0 0.060578365 0.0 0.006210494 0.0 0.0 0.0 0.08765276 0.011953494 0.05881626 0.0 0.0 0.0 0.02309788 0.00067076884 0.011327797 0.011985573 0.08933423 0.0 0.0 0.0 0.0 0.019460997 0.011794799 0.0 0.0 0.0 0.040489957 0.05405813
0.0 0.0 0.0 0.0010730814 0.0899827 0.047427427 0.033888705 0.0 0.109980404 0.0113180345 0.10179766 0.0 0.0 0.0 0.0 0.0 0.033542294 0.0 0.0 0.0 0.046329953 0.042995095 0.0 0.04845919 0.0072921724 0.024425197 0.012831166 0.0 0.0 0.0 0.049072724 0.050753064 0.054041848 0.012613843 0.0 0.0052993544 0.0 0.0 0.0 0.0037711496 0.00067076884 0.0 0.016447833 0.0 0.0 0.0 0.0 0.0 0.10753178 0.0 0.0 0.0 0.0 0.0 0.0 0.0
0.015951093 0.08082553 0.0 0.0 0.0 0.056837343 0.0 0.033664715 0.0 0.0052233413 0.0 0.0 0.0 0.0 0.0 0.04775326 0.0106180385 0.0 0.0 0.0 0.0 0.061825722 0.0 0.047575332 0.0 0.09946118 0.0 0.0 0.0 0.058281798 0.015927417 0.0 0.034398764 0.017142426 0.022509715 0.034934867 0.0 0.0 0.0 0.0146481795 0.011327797 0.016447833 0.0 0.000989315 0.0 0.0 0.043050725 0.0 0.0 0.04424122 0.0 0.0055894814 0.014029059 0.019692296 0.0 0.109034605
0.042681072 0.0 0.035477877 0.024833119 0.007693159 0.012694028 0.0 0.066708766 0.0 0.06022948 0.0 0.0 0.012819537 0.13937289 0.0 0.03065401 0.0 0.0 0.012081825 0.0 0.0 0.0 0.0 0.0341504 0.022245748 0.06202733 0.0 0.0 0.0 0.0 0.0 0.0 0.018717427 0.0 0.034657583 0.0 0.009293623 0.008650786 0.0 0.0833274 0.011985574 0.0 0.000989315 0.0 0.0628625 0.003354611 0.0 0.057794206 0.0 0.0 0.06416585 0.028280176 0.0 0.0 0.034172095 0.018941874
0.0 0.0 0.0 0.01773849 0.0 0.0 0.0 0.0 0.017739065 0.005767624 0.08463298 0.0047221724 0.026583474 0.015853673 7.015908e-05 0.0 0.0 0.016858228 0.0 0.0 0.0 0.008525302 0.017234936 0.0 0.0 0.018627431 0.006481922 0.06700389 0.0 0.0 0.006167586 0.0 0.0 0.0 0.04473374 0.0 0.0 0.0066350643 0.03314762 0.024377849 0.08933423 0.0 0.0 0.06286249 0.053979784 0.0 0.0 0.17030245 0.018293286 0.0 0.103900746 0.0060131485 0.0 0.0 0.08424011 0.0
0.018358504 0.007667089 0.0 0.031780392 0.016697256 0.063199416 0.0 0.0 0.0 0.0 0.0 0.0 0.04081133 0.020450933 0.0039952314 0.0 0.03004271 0.0 0.06445354 0.0 0.0 0.03186523 0.03829165 0.0 0.013182504 0.0 0.046537068 0.0 0.0 0.0 0.0 0.00034189803 0.019094735 0.060998965 0.0 0.02828888 0.029553134 0.0 0.019734778 0.12885363 0.0 0.0 0.0 0.003354611 0.0 0.0 0.0 0.0013373555 0.030140333 0.0 0.0 0.041853886 0.0 0.0 0.046454273 0.0
0.0 0.04230157 0.0 0.0 0.0031461625 0.0 0.0 0.0 0.059597466 0.0 0.06557889 0.0 0.0 0.0 0.0 0.0 0.0 0.0 0.0 0.0 0.0 0.025679251 0.0 0.12757125 0.0 0.0 0.14987037 0.009143897 0.0 0.0 0.0 0.12617597 0.0 0.0 0.016959937 0.07081448 0.0 0.0 0.0 0.029922726 0.0 0.0 0.043050725 0.0 0.0 0.0 0.09457069 0.0 0.0 0.0 0.0 0.0 0.0028933054 0.0 0.002042524 0.0
0.0 0.0 0.051468577 0.0 0.0 0.0 0.018683491 0.0 0.0 0.084340334 0.013779185 0.055956338 0.0063110506 0.0 0.0 0.0 0.08045996 0.006487624 0.114674054 0.0 0.0 6.800074e-05 0.0 0.0 0.007021549 0.009707986 0.0 0.0 0.15918152 0.01270633 0.0 0.0 0.0 0.0 0.0 0.0 0.0 0.048064724 0.0 0.0 0.0 0.0 0.0 0.057794206 0.17030245 0.0013373555 0.0 0.0 0.0 0.003656693 0.0 0.0 0.08380936 0.027335849 0.0 0.036521673
0.0012359194 0.0 0.020556957 0.0 0.041216854 0.08094933 0.060538527 0.050906207 0.03171818 0.08962666 0.0 0.0058956775 0.0 0.007064956 0.0 0.016745474 0.050797965 0.0 0.004686365 0.0 0.0 0.0 0.047928143 0.09923866 0.0 0.0 0.034689214 0.0 0.0 0.0 0.0 0.0 0.0 0.0063661244 0.013719815 0.016605962 0.051177554 0.0075677037 0.03056368 0.035840657 0.0 0.107531786 0.0 0.0 0.018293286 0.030140335 0.0 0.0 0.0 0.0 0.020519072 0.0027050287 0.010880467 0.0 0.0 0.0
0.0 0.0 0.011004813 0.0012457018 0.0 0.019593632 0.08862342 0.0 0.0 0.0 0.0 0.0 0.0 0.0 0.0 0.0 0.06917297 0.016601726 0.0 0.0 0.0 0.036549006 0.0 0.0 0.036754772 0.0052438537 0.0 0.0 0.0 0.0 0.029575316 0.0 0.1514289 0.0 0.0 0.0 0.0 0.0022996305 0.009477331 0.0 0.019460997 0.0 0.04424122 0.0 0.0 0.0 0.0 0.003656693 0.0 0.13366453 0.03695903 0.0 0.09720951 0.045197383 0.042562634 0.03992664
0.05453638 0.0 0.112826616 0.016790375 0.0 0.04075097 0.101558805 0.0 0.0 0.045641724 0.0 0.06448623 0.03092759 0.017410992 0.0972603 0.0 0.0 0.0 0.030367292 0.04578822 0.0 0.004407207 0.0 0.0 0.032521106 0.033336077 0.0 0.0 0.009604156 0.11506728 0.019969651 0.0 0.0 0.0 0.0 0.0 0.0 0.106966205 0.036075287 0.0 0.011794799 0.0 0.0 0.06416585 0.103900746 0.0 0.0 0.0 0.020519072 0.036959026 0.0 0.0059529524 0.04426585 0.0 0.0 0.053826418
0.13118124 0.040930886 0.0 0.0028352055 0.0 0.0 0.0 0.009272987 0.038159534 0.088553004 0.08255407 0.028562402 0.049972475 0.0 0.0 0.0 0.0 0.12293662 0.0 0.0037212407 0.0033547196 0.0 0.0032548525 0.0 0.0 0.0 0.0 0.0 0.0 0.00806363 0.044978056 0.024244968 0.0 0.0 0.0 0.039508767 0.17275144 0.025506489 0.0 0.0 0.0 0.0 0.0055894814 0.028280178 0.006013149 0.041853886 0.0 0.0 0.0027050287 0.0 0.005952952 0.07184499 0.0 0.0 0.014286907 0.0
0.0 0.043302383 0.033309355 0.0 0.0 0.015127352 0.00060873665 0.018301923 0.0 0.0050581703 0.0 0.0 0.0 0.0 0.0 0.13447733 0.0 0.0 0.031125773 0.0 0.0 0.0045883083 0.012512999 0.049655728 0.0 0.0 0.006689094 0.0 0.0 0.0 0.0 0.0 0.11338817 0.04372081 0.04448913 0.08531587 0.0046917084 0.0 0.08973345 0.010036067 0.0 0.0 0.014029058 0.0 0.0 0.0 0.0028933054 0.08380936 0.010880466 0.09720951 0.04426585 0.0 0.0 0.0 0.0 0.056843292
0.0 0.08180219 0.0059438827 0.0 0.0 0.036959216 0.008019505 0.0 0.0 0.0 0.047328133 0.020609293 0.0 0.048970535 0.103154145 0.0 0.0 0.0 0.0 0.011051199 0.0 0.002763257 0.028522557 0.0054226727 0.0 0.009977098 0.0110431565 0.028231744 0.0 0.05608526 0.10266549 0.0 0.0 0.03929365 0.04674206 0.05583182 0.0 0.0 0.0 0.05406125 0.0 0.0 0.019692296 0.0 0.0 0.0 0.0 0.027335849 0.0 0.045197383 0.0 0.0 0.0 0.0 0.0 0.053636983
0.11193082 0.0 0.0 0.0549285 0.04127424 0.0 0.11185181 0.026058117 0.0 0.013657992 0.0 0.035483684 0.048120584 0.047009345 0.0244624 0.0 0.0 0.004774139 0.014508858 0.0 0.0 0.0 0.0 0.024590535 0.0 0.005617605 0.0 0.0 0.15673694 0.024876982 0.0017967045 0.0 0.0 0.019503824 0.0212088 0.026154926 0.0 0.029756889 0.0 0.0 0.040489953 0.0 0.0 0.0341721 0.0842401 0.046454273 0.002042524 0.0 0.0 0.04256263 0.0 0.014286906 0.0 0.0 0.0 0.048170183
0.0 0.0057095317 0.009969035 0.0 0.0 0.012628648 0.0 0.0 0.0 0.0 0.04014049 0.043550093 0.0 0.0 0.0 0.0 0.0 0.023756525 0.028051976 0.0 0.0 0.05916269 0.0 0.0 0.115240164 0.0 0.0 0.06354434 0.033864364 0.0 0.10489084 0.052262254 0.018292287 0.0016075211 0.0 0.0 0.0 0.0 0.0 0.0032172576 0.05405813 0.0 0.109034605 0.018941874 0.0 0.0 0.0 0.036521673 0.0 0.03992664 0.053826414 0.0 0.056843292 0.05363698 0.048170183 0.0
