0.0 0.07255539 0.0 0.0 0.0 0.0 0.0 0.0 0.017968094 0.06670038 0.007592395 0.0 0.025357595 0.0 0.0026829564 0.09634109 0.0 0.015121783 0.0 0.016357448 0.0 0.0 0.0 0.0 0.020076355 0.047995202 0.0877417 0.0 0.032207556 0.0 0.029276727 0.077051535 0.0 0.020962697 0.06152533 0.06721351 0.017340776 0.0 0.0107895285 0.0 0.011469775 0.10271379 0.0 0.0 0.0 0.0 0.12800708 0.0 0.0016468015 0.05740043 0.0 0.039441634 0.0 0.048523437 0.0054421676 0.02340848
0.07255539 0.0677094 0.030919861 0.027348666 0.02700566 0.011645218 0.0 0.041302864 0.049409974 0.016299479 0.10699689 0.038483944 0.0 0.0 0.032449868 0.0 0.0 0.0 0.02148776 0.0 0.0 0.0 0.062015485 0.0 0.0 0.014242316 0.050492004 0.018271748 0.0 0.013565686 0.03235765 0.009082745 0.0 0.04518279 0.0150495395 0.0 0.045099963 0.0 0.01327017 0.0 0.0 0.0 0.0 0.0 0.076024435 0.0 0.0 0.0032452897 0.0 0.0 0.036415197 0.0 0.0 0.0 0.037478093 0.0
0.0 0.030919861 0.03243743 0.0 0.0 0.0 0.037510242 0.0016581849 0.0 0.0 0.005162922 0.02273404 0.1282207 0.028302336 0.0 0.0 0.07787373 0.0 0.0 0.0 0.0 0.053133186 0.0 0.037469633 0.014552861 0.0 0.0 0.0 0.08398813 0.0 0.0 0.0 0.012076026 0.07743011 0.0 0.0 0.004981072 0.0 0.0 0.0 0.019070715 0.017137803 0.0 0.016525257 0.025316006 0.029740175 0.0 0.0 0.006096434 0.006511721 0.0 0.0 0.0 0.0 0.0 0.13560772
0.0 0.027348666 0.0 0.10019151 0.0 0.004471762 0.0058296765 0.0 0.010019329 0.0 0.0 0.080440976 0.022527898 0.0 0.0018569682 0.0 0.0249038 0.0 0.0 0.0 0.0 0.0 0.102031484 0.08002255 0.0 0.0 0.007206005 0.0 0.016154213 0.0074113514 0.008956114 0.0 0.14376979 0.030493261 0.0 0.0 0.0 0.015583227 0.0 0.0 0.0 0.0 0.0 0.016833924 2.5910025e-09 0.075883694 0.0 0.059055686 0.020304108 0.0 0.0025898675 0.0019325843 0.0077887024 0.0 0.035102475 0.0
0.0 0.02700566 0.0 0.0 0.0 0.017366912 0.0 0.0 0.0 0.0 0.004836433 0.034752663 0.0 0.0 0.0 0.0 0.18001573 0.0 0.0 0.051354423 0.0 0.0 0.06951132 0.0 0.0 0.009729409 0.0 0.0 0.0 0.0 0.0 0.0 0.12609492 0.0 0.0 0.0 0.0 0.0253645 0.0 0.028642673 0.0 0.0 0.0 0.0 0.040116243 0.10576517 0.0 0.06667433 0.04098898 0.0 0.06727766 0.0 0.0 0.0 0.06803264 0.0
0.0 0.011645218 0.0 0.004471762 0.017366914 0.0 0.0 0.0 0.0906836 0.047327902 0.111070804 0.0 0.0 0.023761153 0.0 0.0 0.0 0.015143977 0.0 0.029747745 0.0 0.0 0.02113254 0.1529847 0.0003899138 0.0 0.0463291 0.042216036 0.0 0.0015241124 0.02595346 0.008049181 0.015216062 0.0 0.0 0.02116076 0.07254622 0.07746418 0.0 0.0 0.0018514682 0.0 0.0 0.0 0.0 0.0718675 0.0 0.018327305 0.0 0.0 0.009556404 0.015087329 0.0 0.0 0.00963128 0.0
0.0 0.0 0.037510242 0.0058296765 0.0 0.0 0.0 0.0 0.0 0.007432786 0.0 0.0 0.025778776 0.04085482 0.0 0.0 0.0 0.0 0.0 0.0 0.03749836 0.0 0.061907526 0.0 0.0 0.0 0.008317868 0.0 0.0 0.0 0.0 0.003579369 0.047384284 0.0 0.030024787 0.0 0.013583741 0.0 0.14507312 0.0 0.00889332 0.0 0.0 0.025753643 0.0 0.0 0.0 0.0 0.014794923 0.0 0.2802123 0.0 0.01158564 0.0 0.0 0.0
0.0 0.041302864 0.001658185 0.0 0.0 0.0 0.0 0.0073193368 0.0787586 0.011307428 0.0 0.0 0.0 0.0 0.034556378 0.0918038 0.0 0.014028111 0.0 0.028762646 0.03817153 0.0 0.0 0.0 0.003313477 0.0 0.032098215 0.005445111 0.0 0.014167965 0.017025586 0.08308754 0.0 0.0 0.07394389 0.07983949 0.05668785 0.0 0.0 0.0 0.0 0.07216199 0.04404578 0.01761108 0.0 0.024787556 0.14174497 0.0 0.010265586 0.0 0.0 0.008571396 0.0 0.014053602 0.018820971 0.03187002
0.017968094 0.049409974 0.0 0.010019329 0.0 0.09068361 0.0 0.0787586 0.0 0.023338247 0.01655526 0.008396598 0.0 0.0 0.0 0.0 0.0 0.022371056 0.0 0.0 0.05776019 0.0 0.050364677 0.046312544 0.0 0.0 0.047729257 0.028436534 0.0 0.0027659556 0.028515598 0.0 0.084707186 0.009027934 0.044658557 0.06443952 0.0 0.0 0.0 0.036177695 0.0 0.0 0.0 0.0 0.020220827 0.05066656 0.0 0.0666435 0.0 0.0 0.043537155 0.049811643 0.0 0.0 0.03118395 0.0
0.06670038 0.016299479 0.0 0.0 0.0 0.047327906 0.0074327863 0.011307429 0.023338249 0.13689882 0.0 0.0 0.0058358153 0.012054409 0.0 0.09145318 0.0 0.019775389 0.0 0.00079292856 0.0 0.0 0.0 0.0 0.0 0.009460949 0.03696828 0.002368607 0.0 0.0 0.07762389 0.0 0.0 0.0 0.046749137 0.03271952 0.06693114 0.0 0.0 0.0 0.0 0.068493664 0.0 0.0 0.0 0.0 0.05898209 0.0 0.0 0.065609686 0.0 0.07428675 0.0 0.016376732 0.0 0.0038882948
0.007592395 0.10699688 0.0051629217 0.0 0.004836433 0.1110708 0.0 0.0 0.01655526 0.0 0.0 0.0 0.0 0.014994348 0.1157324 0.0 0.03730343 0.0 0.04497171 0.08525148 0.06256367 0.0 0.031335227 0.06605644 0.0 0.0 0.0 0.052159518 0.0 0.002371017 0.0 0.01892062 0.07351904 0.013554407 0.021271931 0.009849908 0.006142741 0.0035615298 0.0 0.0 0.0 0.017138248 0.030760085 0.0 0.008269423 0.029080156 0.0034493012 0.0 0.011989503 0.0 0.033404 0.0 0.0 0.0 0.020153157 0.0
0.0 0.038483944 0.022734039 0.08044098 0.034752667 0.0 0.0 0.0 0.008396598 0.0 0.0 0.057035323 0.0 0.017964995 0.0 0.0 0.02579514 0.0 0.0 0.020651069 0.028371384 0.0041918904 0.0850672 0.0 0.037162963 0.0 0.0 0.0 0.0 0.0630817 0.0 0.0 0.031805374 4.727287e-05 0.0 0.0 0.0 0.01928389 0.07962643 0.0 0.0 0.0 0.057720877 0.0 0.0 0.004421448 0.010609781 0.024869313 0.078132406 0.0 0.04129253 0.0 0.08861265 0.0 0.013692329 0.0
0.025357593 0.0 0.12822069 0.022527896 0.0 0.0 0.025778776 0.0 0.0 0.0058358153 0.0 0.0 0.0 0.06716398 0.05628677 0.03354387 0.034090362 0.044918396 0.0 0.0 0.033800643 0.07792012 0.0 0.0 0.02640169 0.036755685 0.0 0.008269033 0.0 0.07780011 0.0 0.0 0.009684063 0.0 0.0 0.0068771048 0.006938805 0.0 0.0 0.009335104 0.017294165 0.025145452 0.0 0.06491451 0.0 0.0 0.0 0.0 0.00439919 0.0871128 0.0 0.0053118677 0.0 0.029326823 0.0 0.027610544
0.0 0.0 0.028302338 0.0 0.0 0.023761155 0.04085482 0.0 0.0 0.012054409 0.0149943475 0.017964995 0.06716398 0.0 0.0 0.08233771 0.0 0.06706491 0.0 0.023660531 0.0036572784 0.049796056 0.0 0.0 0.04887169 0.0009909899 0.0 0.06449731 0.08321221 0.07057658 0.059821002 0.0 0.0 0.018405678 0.0014723666 0.0032269773 0.034020253 0.013549504 0.0 0.056883752 0.03984645 0.08356807 0.0 0.0 0.0 0.0 0.013337128 0.001454282 0.0 0.027621048 0.0 0.0 0.026814941 0.019034201 0.0 0.060226634
0.0026829564 0.03244987 0.0 0.0018569682 0.0 0.0 0.0 0.034556374 0.0 0.0 0.1157324 0.0 0.05628677 0.0 0.0 0.0 0.0 0.0 0.0 0.15240237 0.0 0.0 0.026338935 0.0 0.0 0.0 0.04119519 0.0 0.0 0.0 0.0 0.0058995136 0.0036459176 0.0 0.030610543 0.0 0.072742924 0.041197285 0.025245786 0.007310409 0.0 0.0 0.0 0.012506354 0.0043118605 0.023259396 0.0 0.036430348 0.016627109 0.0 0.10194179 0.038810942 0.0 0.0 0.061910037 0.0
0.09634109 0.0 0.0 0.0 0.0 0.0 0.0 0.09180379 0.0 0.09145318 0.0 0.0 0.03354387 0.08233771 0.0 0.0 0.0 0.0 0.0017716396 0.0070851184 0.0 0.0 0.0 0.03197699 0.0 0.1036754 0.0 0.041383028 0.044392124 0.0 0.0 0.0 0.0 0.0 0.044668317 0.017120775 0.015342261 0.0 0.0 0.020440556 0.016567057 0.0 0.0 0.013239064 0.027945584 0.0 0.0 0.016288146 0.0 0.0 0.031235557 0.011666075 0.0 0.00728336 0.019912332 0.043595985
0.0 0.0 0.07787373 0.0249038 0.18001573 0.0 0.0 0.0 0.0 0.0 0.03730343 0.02579514 0.034090362 0.0 0.0 0.0 0.021532351 0.0 0.07795774 0.0 0.072901614 0.0 0.0 0.02789001 0.03429263 0.0 0.0 0.0 0.0 0.0 0.0 0.10441906 0.045966092 0.0 0.0 0.0 0.0 0.047142986 0.011466736 0.0 0.016125737 0.0 0.0 0.0 0.0 0.02071874 0.0 0.0 0.03819891 0.0 0.014856737 0.0 0.11305966 0.0 0.0 0.0
0.015121783 0.0 0.0 0.0 0.0 0.015143976 0.0 0.0140281115 0.022371054 0.019775389 0.0 0.0 0.044918396 0.06706491 0.0 0.0 0.0 0.0 0.04745031 0.0 0.0 0.0 0.0 0.05661201 0.0 0.01777747 0.0 0.012882662 0.07520586 0.0041082907 0.0 0.013087213 0.034455724 0.0 0.06853662 0.06163853 0.055702146 0.03517935 0.0017527222 0.03873963 0.0 0.0 0.005173563 0.0 0.009201215 0.0 0.0 0.024064085 0.0 0.01638692 0.0 0.0828567 0.0061781155 0.02273097 0.020695766 0.01997975
0.0 0.02148776 0.0 0.0 0.0 0.0 0.0 0.0 0.0 0.0 0.04497171 0.0 0.0 0.0 0.0 0.0017716395 0.077957734 0.04745031 0.088304125 0.014866848 0.02426144 0.0 0.0 0.0 0.0 0.0 0.0 0.0 0.09867549 0.0 0.04236535 0.0 0.0 0.040309295 0.0 0.0006591337 0.054063853 0.0318279 0.024323463 0.0 0.0 0.0 0.0 0.0 0.09026745 0.022895617 0.0 0.0 0.02602526 0.0 0.010362673 0.017132604 0.0 0.0 0.0 0.0
0.016357448 0.0 0.0 0.0 0.05135442 0.029747741 0.0 0.028762646 0.0 0.00079292856 0.08525148 0.020651067 0.0 0.023660531 0.15240237 0.0070851184 0.0 0.0 0.014866848 0.011636733 0.0 0.0 0.055739984 0.0701551 0.0 0.0 0.034990586 0.007693626 0.0 0.0 0.0 0.0 0.014756433 0.0 0.0 0.0 0.0 0.018660627 0.0 0.012458359 0.017707136 0.0 0.0 0.017304495 0.02672956 0.0 0.0 0.06908476 0.0 0.0 0.06718164 0.020339217 0.0031943622 0.0 0.03525288 0.0
0.0 0.0 0.0 0.0 0.0 0.0 0.03749836 0.03817153 0.057760194 0.0 0.06256367 0.028371384 0.033800643 0.0036572781 0.0 0.0 0.07290161 0.0 0.024261437 0.0 0.021647666 0.04970431 0.005810114 0.008047046 0.0 0.0 0.0 0.0130169345 0.037227053 0.04922744 0.0017246781 0.0 0.032388624 0.030123223 0.0 0.0 0.021463897 0.025099894 0.0 0.016821092 0.0 0.049873434 0.07995366 0.0 0.0 0.04897016 0.0 0.0 0.0 0.0 0.0039828187 0.0 0.031370305 0.0 0.02441721 0.020605182
0.0 0.0 0.053133186 0.0 0.0 0.0 0.0 0.0 0.0 0.0 0.0 0.0041918904 0.07792011 0.049796056 0.0 0.0 0.0 0.0 0.0 0.0 0.04970431 0.08969725 0.00014725132 0.0 0.075055696 0.012415388 0.0 0.029958235 0.030705929 0.0 0.0 0.0 0.0 0.0 0.019413708 0.0 0.0 0.008796819 0.0056611537 0.07763999 0.01885646 0.0 0.0 0.027823294 0.0022028233 0.0 0.0 0.0 0.0 0.10714901 0.0 0.009078656 0.090877816 0.023891391 0.0 0.04855133
0.0 0.062015485 0.0 0.10203149 0.06951132 0.02113254 0.06190753 0.0 0.050364677 0.0 0.031335227 0.0850672 0.0 0.0 0.026338935 0.0 0.0 0.0 0.0 0.055739984 0.005810114 0.00014725134 0.02322892 0.0058852797 0.08274081 0.0 0.0 0.0 0.0 0.011347568 0.0 0.028404096 0.019680412 0.0 0.0 0.07382944 0.0 0.09982692 0.0 0.0 0.0 0.0 0.040917702 0.058816746 0.0 0.0 0.032798417 0.0198966 0.08201857 0.0 0.0009768333 0.0 0.0 0.012527403 0.0 0.0
0.0 0.0 0.03746963 0.08002254 0.0 0.1529847 0.0 0.0 0.046312544 0.0 0.06605644 0.0 0.0 0.0 0.0 0.03197699 0.02789001 0.05661201 0.0 0.0701551 0.008047046 0.0 0.0058852797 0.0 0.042962976 0.0376536 0.0 0.0039269156 0.0 0.030658737 0.13427593 0.015756773 0.0 0.0 0.0 0.05027707 0.0 0.0 0.0 0.0 0.03394089 0.03194336 0.026421359 0.0 0.0 0.011498785 0.046459526 0.024077544 0.013702199 0.0 0.00322886 0.0 0.0 0.0 0.01799779 0.0
0.020076355 0.0 0.014552862 0.0 0.0 0.0003899138 0.0 0.0033134767 0.0 0.0 0.0 0.03716296 0.02640169 0.048871692 0.0 0.0 0.03429263 0.0 0.0 0.0 0.0 0.0750557 0.082740806 0.042962976 0.021025896 0.0 0.0 0.009897611 0.09373417 0.0 0.0 0.0 0.023984404 0.087286666 0.0 0.0021977713 0.057047073 0.0 0.0 0.08611538 0.027406745 0.0 0.0 0.030727176 0.061982393 0.0 0.0 0.0 0.0 0.0 0.013208328 0.0 0.04050015 0.0 0.013620024 0.023138817
0.0479952 0.014242315 0.0 0.0 0.009729409 0.0 0.0 0.0 0.0 0.009460949 0.0 0.0 0.036755685 0.0009909899 0.0 0.10367541 0.0 0.01777747 0.0 0.0 0.0 0.012415388 0.0 0.0376536 0.0 0.0 0.01147384 0.022599563 0.0 0.008436711 0.0 0.0 0.0 0.0 0.124940395 0.0069100168 0.08007846 0.000612149 0.04843339 0.015020049 0.029900488 0.025896188 0.0 0.0 0.00598057 0.0 0.0 0.0 0.0 0.011439573 0.0 0.08233666 0.0 0.060665622 0.0 0.0416393
0.0877417 0.050492 0.0 0.0072060055 0.0 0.0463291 0.008317868 0.03209822 0.04772926 0.03696828 0.0 0.0 0.0 0.0 0.041195188 0.0 0.0 0.0 0.0 0.034990586 0.0 0.0 0.0 0.0 0.0 0.01147384 0.05893993 0.12151789 0.0 0.0 0.0 0.0012320544 0.0 0.002712693 0.016504344 0.06281962 0.0075475303 0.0 0.0 0.0016090835 0.0015691547 0.029527953 0.062494077 0.0 0.0 0.006609413 0.002484086 0.0071998485 0.0 0.0 0.0 0.028300827 0.029912917 0.04174791 0.033968013 0.0
0.0 0.018271748 0.0 0.0 0.0 0.042216036 0.0 0.005445111 0.028436534 0.002368607 0.052159518 0.0 0.008269032 0.06449731 0.0 0.041383028 0.0 0.012882662 0.0 0.0076936265 0.0130169345 0.029958235 0.0 0.003926915 0.009897611 0.022599563 0.12151789 0.0 0.0 0.0 0.02454702 0.012689899 0.0 0.0 0.04760767 0.0 0.0 0.0 0.018206729 0.06205103 0.014372158 0.03867645 0.0021089613 0.023925921 0.0 0.0 0.0 0.0 0.055760726 0.008488888 0.010770215 0.0 0.0 0.055175286 0.06765351 0.002362023
0.032207556 0.0 0.08398813 0.016154213 0.0 0.0 0.0 0.0 0.0 0.0 0.0 0.0 0.0 0.08321221 0.0 0.044392124 0.0 0.07520586 0.09867548 0.0 0.037227053 0.030705927 0.0 0.0 0.09373417 0.0 0.0 0.0 0.0067006447 0.0 0.0 0.037314456 0.0 0.0027306215 0.014820424 0.0 0.03578048 0.0 0.0 0.0 0.012854677 0.0 0.0 0.0 0.0 0.0 0.003956871 0.0 0.0054053594 0.09394876 0.0 0.0 0.04399262 0.10665775 0.0 0.0
0.0 0.013565686 0.0 0.0074113514 0.0 0.0015241124 0.0 0.014167965 0.0027659556 0.0 0.0023710167 0.0630817 0.07780012 0.07057658 0.0 0.0 0.0 0.0041082907 0.0 0.0 0.04922744 0.0 0.011347567 0.030658737 0.0 0.0084367115 0.0 0.0 0.0 0.0 0.0 0.0 0.02507169 0.014611046 0.0 0.0 0.0 0.0 0.012415975 0.107273586 0.027281722 0.024312722 0.0 0.027763637 0.0 0.042539347 0.0 0.028458782 0.0 0.0 0.010372526 0.0 0.06601386 0.0 0.01034728 0.0
0.029276727 0.032357648 0.0 0.008956114 0.0 0.02595346 0.0 0.017025586 0.028515598 0.07762389 0.0 0.0 0.0 0.059821002 0.0 0.0 0.0 0.0 0.04236535 0.0 0.0017246781 0.0 0.0 0.13427593 0.0 0.0 0.0 0.02454702 0.0 0.0 0.0803314 0.0 0.05896961 0.023070585 0.010315435 0.008548802 0.06348658 0.056188907 0.0 0.008316358 0.0 0.0 0.005122995 0.0036109732 0.049135607 0.0 0.0 0.01186508 0.0 0.0 0.0 0.04068725 0.013892657 0.0 0.07054332 0.0
0.077051535 0.009082745 0.0 0.0 0.0 0.008049181 0.0035793688 0.08308755 0.0 0.0 0.01892062 0.0 0.0 0.0 0.005899513 0.0 0.10441905 0.013087213 0.0 0.0 0.0 0.0 0.028404096 0.015756773 0.0 0.0 0.0012320544 0.012689899 0.037314456 0.0 0.0 0.0 0.065378115 0.004669091 0.006535625 0.0 0.018507993 0.0 0.0 0.027810482 0.0 0.0 0.0 0.037101977 0.108231135 0.0943194 0.020555114 0.0763505 0.009430551 0.0 0.0 0.010667346 0.04371108 0.0 0.027047304 0.0522977
0.0 0.0 0.012076027 0.1437698 0.12609492 0.015216062 0.047384284 0.0 0.084707186 0.0 0.07351905 0.031805374 0.009684063 0.0 0.0036459174 0.0 0.045966092 0.034455724 0.0 0.014756434 0.032388624 0.0 0.019680412 0.0 0.023984404 0.0 0.0 0.0 0.0 0.02507169 0.05896961 0.065378115 0.0 0.0018179142 0.0 0.026219636 0.0 0.027848577 0.0 0.034737535 0.0 0.0018537823 0.055000607 0.0 0.0 0.053983614 0.033810873 0.0 0.031896938 0.0 0.0 0.0 0.0181537 0.0 0.0 0.0
0.020962697 0.04518279 0.07743011 0.030493261 0.0 0.0 0.0 0.0 0.009027933 0.0 0.013554407 4.727287e-05 0.0 0.01840568 0.0 0.0 0.0 0.0 0.040309295 0.0 0.030123224 0.0 0.0 0.0 0.08728667 0.0 0.0027126933 0.0 0.0027306215 0.014611046 0.023070585 0.0046690907 0.0018179142 0.064313 0.02994581 0.019364621 0.0 0.0 0.072122484 0.037248794 0.05703538 0.01576976 0.028290186 0.0 0.0 0.017874157 0.026343646 0.0 0.0 0.012099293 0.0 0.0 0.10007156 0.0 0.0 0.0
0.06152533 0.01504954 0.0 0.0 0.0 0.0 0.030024786 0.07394389 0.044658557 0.04674914 0.02127193 0.0 0.0 0.0014723666 0.030610543 0.044668317 0.0 0.06853662 0.0 0.0 0.0 0.019413708 0.0 0.0 0.0 0.12494039 0.016504344 0.047607675 0.014820424 0.0 0.010315435 0.006535625 0.0 0.029945808 0.15025122 0.052950438 0.009723058 0.0 0.0066374694 0.0 0.076788 0.0 0.006409603 0.0 0.0 0.006261928 0.0030213313 0.0 0.0 0.0 0.0 0.0 0.0 0.1029059 0.0 0.0
0.06721351 0.0 0.0 0.0 0.0 0.021160759 0.0 0.07983949 0.06443952 0.032719523 0.009849908 0.0 0.0068771048 0.0032269773 0.0 0.017120777 0.0 0.061638527 0.0006591337 0.0 0.0 0.0 0.07382944 0.05027707 0.0021977713 0.0069100163 0.06281963 0.0 0.0 0.0 0.008548802 0.0 0.026219636 0.019364621 0.052950434 0.0 0.05011937 0.003232926 0.010941848 0.003877589 0.009206915 0.0 0.0 0.0 0.044156212 0.0 0.0 0.07421035 0.0 0.0 0.08433831 0.0 0.0 0.0 0.03192517 0.007814084
0.017340776 0.045099966 0.004981072 0.0 0.0 0.07254623 0.013583741 0.056687847 0.0 0.06693114 0.006142741 0.0 0.006938805 0.034020256 0.072742924 0.015342262 0.0 0.05570215 0.05406385 0.0 0.021463895 0.0 0.0 0.0 0.057047073 0.08007846 0.0075475303 0.0 0.035780482 0.0 0.06348658 0.018507993 0.0 0.0 0.009723059 0.05011937 0.0072190384 0.005111212 0.0 0.0 0.0033321285 0.0 0.0 0.0 0.0 0.0 0.06763953 0.0 0.012004586 0.0 0.004148699 0.019930458 0.0 0.041325647 0.028050587 0.0
0.0 0.0 0.0 0.015583226 0.025364498 0.07746418 0.0 0.0 0.0 0.0 0.0035615298 0.01928389 0.0 0.013549505 0.041197285 0.0 0.04714299 0.03517935 0.0318279 0.018660627 0.025099894 0.008796819 0.09982691 0.0 0.0 0.000612149 0.0 0.0 0.0 0.0 0.056188904 0.0 0.027848577 0.0 0.0 0.0032329257 0.005111212 0.0 0.0 0.0 0.0 0.0 0.0 0.0 0.075164236 0.0417087 0.0 0.12912495 0.0 0.0 0.012570951 0.0 0.0 0.009826175 0.11010593 0.0
0.0107895285 0.01327017 0.0 0.0 0.0 0.0 0.14507313 0.0 0.0 0.0 0.0 0.07962643 0.0 0.0 0.025245788 0.0 0.011466736 0.0017527223 0.024323463 0.0 0.0 0.0056611537 0.0 0.0 0.0 0.048433386 0.0 0.018206727 0.0 0.012415975 0.0 0.0 0.0 0.072122484 0.0066374694 0.010941848 0.0 0.0 0.0 0.043203693 0.06996762 0.0 0.03998222 0.062021095 0.018670773 0.0 0.0 0.0 0.0 0.114496335 0.0 0.0 0.040733557 0.06349381 0.01432743 0.048010092
0.0 0.0 0.0 0.0 0.028642677 0.0 0.0 0.0 0.036177695 0.0 0.0 0.0 0.009335103 0.056883752 0.007310409 0.020440556 0.0 0.038739625 0.0 0.012458359 0.016821092 0.07763999 0.0 0.0 0.08611539 0.015020049 0.0016090834 0.062051024 0.0 0.107273586 0.008316358 0.027810482 0.034737535 0.037248794 0.0 0.003877589 0.0 0.0 0.04320369 0.03361487 0.029316155 0.032534182 0.045921665 0.041306403 0.0 0.0 0.052572973 0.030890537 0.03608914 0.048521165 0.0 0.0 0.011599309 0.0 0.038869794 0.026270228
0.011469776 0.0 0.019070715 0.0 0.0 0.0018514681 0.00889332 0.0 0.0 0.0 0.0 0.0 0.017294163 0.03984645 0.0 0.016567057 0.016125735 0.0 0.0 0.017707137 0.0 0.018856458 0.0 0.03394089 0.027406745 0.029900488 0.0015691547 0.014372158 0.012854677 0.02728172 0.0 0.0 0.0 0.057035383 0.076788 0.009206914 0.0033321285 0.0 0.06996762 0.029316155 0.10699906 0.0 0.0 0.025629217 0.043459624 0.0 0.0 0.0 0.0 0.058229174 0.0 0.060941763 0.0 0.00683887 0.042402484 0.040896945
0.10271379 0.0 0.017137803 0.0 0.0 0.0 0.0 0.07216198 0.0 0.06849367 0.017138248 0.0 0.02514545 0.08356807 0.0 0.0 0.0 0.0 0.0 0.0 0.049873438 0.0 0.0 0.03194336 0.0 0.025896188 0.029527953 0.03867645 0.0 0.024312722 0.0 0.0 0.0018537822 0.01576976 0.0 0.0 0.0 0.0 0.0 0.032534182 0.0 0.0 0.0 0.005056404 0.081917375 0.0 0.0 0.0 0.0 0.0 0.09468497 0.07703985 0.026670257 0.0 0.00499473 0.0
0.0 0.0 0.0 0.0 0.0 0.0 0.0 0.04404578 0.0 0.0 0.030760087 0.057720877 0.0 0.0 0.0 0.0 0.0 0.0051735635 0.0 0.0 0.079953656 0.0 0.0409177 0.026421359 0.0 0.0 0.06249408 0.002108961 0.0 0.0 0.0051229945 0.0 0.055000607 0.028290188 0.0064096036 0.0 0.0 0.0 0.039982215 0.045921665 0.0 0.0 0.0 0.010533572 0.050000925 0.019785462 0.0 0.025984561 0.0 0.0 0.111022614 0.0 0.0 0.0 0.043891594 0.0
0.0 0.0 0.016525257 0.016833922 0.0 0.0 0.025753643 0.01761108 0.0 0.0 0.0 0.0 0.06491451 0.0 0.012506354 0.013239063 0.0 0.0 0.0 0.017304495 0.0 0.027823294 0.058816746 0.0 0.030727174 0.0 0.0 0.02392592 0.0 0.027763637 0.0036109732 0.037101977 0.0 0.0 0.0 0.0 0.0 0.0 0.062021095 0.0413064 0.025629215 0.0050564036 0.010533572 0.04123877 0.030758085 0.0 0.0 0.02621109 0.0 0.13879451 0.032892574 0.0 0.06300629 0.0 0.01830153 0.029050319
0.0 0.076024435 0.025316004 2.5910025e-09 0.040116243 0.0 0.0 0.0 0.02022083 0.0 0.008269422 0.0 0.0 0.0 0.00431186 0.027945584 0.0 0.009201215 0.09026745 0.02672956 0.0 0.0022028233 0.0 0.0 0.061982393 0.00598057 0.0 0.0 0.0 0.0 0.04913561 0.108231135 0.0 0.0 0.0 0.04415621 0.0 0.07516424 0.018670773 0.0 0.043459624 0.081917375 0.050000925 0.030758085 0.0 0.0 0.0 0.0 0.035242565 0.0472461 0.0 0.0 0.027739916 0.057290334 0.0 0.0
0.0 0.0 0.029740173 0.075883694 0.10576518 0.071867496 0.0 0.024787558 0.05066656 0.0 0.029080156 0.004421448 0.0 0.0 0.023259394 0.0 0.02071874 0.0 0.022895617 0.0 0.048970163 0.0 0.0 0.011498786 0.0 0.0 0.006609413 0.0 0.0 0.042539347 0.0 0.0943194 0.05398361 0.017874157 0.0062619285 0.0 0.0 0.0417087 0.0 0.0 0.0 0.0 0.019785464 0.0 0.0 0.052846648 0.06260652 0.0 0.051729664 0.0 0.0 0.0 0.01023391 0.0 0.018184958 0.0
0.12800707 0.0 0.0 0.0 0.0 0.0 0.0 0.14174499 0.0 0.05898209 0.0034493012 0.010609782 0.0 0.013337128 0.0 0.0 0.0 0.0 0.0 0.0 0.0 0.0 0.03279842 0.046459526 0.0 0.0 0.002484086 0.0 0.003956871 0.0 0.0 0.020555114 0.033810873 0.026343647 0.0030213313 0.0 0.06763953 0.0 0.0 0.052572973 0.0 0.0 0.0 0.0 0.0 0.06260652 0.0 0.0 0.0 0.0 0.02821518 0.097293906 0.020432537 0.0 0.0 0.0
0.0 0.00324529 0.0 0.059055686 0.06667433 0.018327305 0.0 0.0 0.0666435 0.0 0.0 0.024869312 0.0 0.001454282 0.03643035 0.016288146 0.0 0.024064086 0.0 0.06908476 0.0 0.0 0.019896599 0.024077544 0.0 0.0 0.0071998485 0.0 0.0 0.028458782 0.011865079 0.0763505 0.0 0.0 0.0 0.07421035 0.0 0.12912497 0.0 0.030890537 0.0 0.0 0.025984561 0.02621109 0.0 0.0 0.0 0.036487482 0.009881407 0.0 0.0 0.0 0.03424688 0.028649935 0.027411269 0.0
0.0016468016 0.0 0.0060964334 0.02030411 0.04098898 0.0 0.014794923 0.010265586 0.0 0.0 0.011989503 0.078132406 0.00439919 0.0 0.016627109 0.0 0.03819891 0.0 0.02602526 0.0 0.0 0.0 0.08201857 0.0137022 0.0 0.0 0.0 0.055760723 0.005405359 0.0 0.0 0.009430552 0.03189694 0.0 0.0 0.0 0.012004586 0.0 0.0 0.036089145 0.0 0.0 0.0 0.0 0.03524256 0.051729664 0.0 0.009881406 0.029808285 0.0 0.06671894 0.0 0.020535855 0.0 0.039835803 0.016435113
0.05740043 0.0 0.0065117204 0.0 0.0 0.0 0.0 0.0 0.0 0.06560968 0.0 0.0 0.08711279 0.027621044 0.0 0.0 0.0 0.01638692 0.0 0.0 0.0 0.10714902 0.0 0.0 0.0 0.011439572 0.0 0.008488888 0.09394876 0.0 0.0 0.0 0.0 0.012099293 0.0 0.0 0.0 0.0 0.114496335 0.048521165 0.05822918 0.0 0.0 0.13879451 0.0472461 0.0 0.0 0.0 0.0 0.025913518 0.0 0.0091305 0.044826314 0.0017144425 0.036318213 0.10655545
0.0 0.036415197 0.0 0.0025898675 0.06727766 0.009556404 0.2802123 0.0 0.043537155 0.0 0.033404004 0.04129253 0.0 0.0 0.10194178 0.031235557 0.014856738 0.0 0.010362674 0.06718164 0.003982818 0.0 0.0009768333 0.0032288602 0.013208328 0.0 0.0 0.010770215 0.0 0.010372525 0.0 0.0 0.0 0.0 0.0 0.08433831 0.004148699 0.012570951 0.0 0.0 0.0 0.09468497 0.11102262 0.032892574 0.0 0.0 0.028215177 0.0 0.06671894 0.0 0.0 0.0 0.0 0.0 0.0 0.043216176
0.039441634 0.0 0.0 0.0019325842 0.0 0.01508733 0.0 0.008571397 0.049811643 0.074286744 0.0 0.0 0.0053118677 0.0 0.038810942 0.011666075 0.0 0.08285671 0.017132604 0.020339215 0.0 0.009078657 0.0 0.0 0.0 0.082336664 0.028300827 0.0 0.0 0.0 0.04068725 0.010667346 0.0 0.0 0.0 0.0 0.019930458 0.0 0.0 0.0 0.060941763 0.077039845 0.0 0.0 0.0 0.0 0.097293906 0.0 0.0 0.0091305 0.0 0.098238505 0.0 0.058755923 0.007776495 0.026312174
0.0 0.0 0.0 0.007788703 0.0 0.0 0.01158564 0.0 0.0 0.0 0.0 0.08861266 0.0 0.026814941 0.0 0.0 0.11305966 0.006178116 0.0 0.0031943624 0.0313703 0.09087782 0.0 0.0 0.040500145 0.0 0.029912917 0.0 0.043992624 0.06601386 0.013892656 0.043711085 0.0181537 0.10007156 0.0 0.0 0.0 0.0 0.040733557 0.01159931 0.0 0.026670257 0.0 0.06300629 0.027739914 0.010233909 0.02043254 0.034246877 0.020535855 0.044826314 0.0 0.0 0.038293667 0.026791804 0.0 0.055312842
0.04852344 0.0 0.0 0.0 0.0 0.0 0.0 0.014053602 0.0 0.016376732 0.0 0.0 0.02932682 0.019034201 0.0 0.00728336 0.0 0.02273097 0.0 0.0 0.0 0.023891393 0.012527403 0.0 0.0 0.060665622 0.04174791 0.055175286 0.10665775 0.0 0.0 0.0 0.0 0.0 0.1029059 0.0 0.041325644 0.009826175 0.06349382 0.0 0.0068388702 0.0 0.0 0.0 0.057290338 0.0 0.0 0.028649935 0.0 0.0017144426 0.0 0.058755923 0.026791802 0.0 0.0019446 0.06332634
0.0054421676 0.037478097 0.0 0.035102475 0.06803264 0.009631279 0.0 0.018820971 0.031183952 0.0 0.020153157 0.013692328 0.0 0.0 0.061910037 0.019912332 0.0 0.020695766 0.0 0.03525288 0.02441721 0.0 0.0 0.01799779 0.013620024 0.0 0.033968013 0.06765351 0.0 0.01034728 0.07054332 0.027047304 0.0 0.0 0.0 0.03192517 0.028050588 0.110105924 0.014327431 0.0388698 0.042402484 0.00499473 0.043891598 0.01830153 0.0 0.018184958 0.0 0.027411269 0.0398358 0.036318216 0.0 0.007776495 0.0 0.0019446 0.05738609 0.0
0.02340848 0.0 0.13560772 0.0 0.0 0.0 0.0 0.03187002 0.0 0.0038882948 0.0 0.0 0.027610544 0.06022663 0.0 0.043595985 0.0 0.019979749 0.0 0.0 0.020605182 0.048551332 0.0 0.0 0.023138817 0.0416393 0.0 0.002362023 0.0 0.0 0.0 0.0522977 0.0 0.0 0.0 0.007814084 0.0 0.0 0.04801009 0.02627023 0.040896945 0.0 0.0 0.029050319 0.0 0.0 0.0 0.0 0.016435113 0.10655545 0.043216176 0.026312172 0.055312842 0.063326344 0.0 0.0
