0.13194801 0.0 0.0034887933 0.023407804 0.0 0.023527533 0.029266544 0.11946927 0.0 0.0 0.0 0.0 0.046760548 0.0 0.027718103 0.045710307 0.0 0.058285646 0.0 0.0 0.0 0.06195695 0.0 0.003975818 0.0067230226 0.0 0.0 0.03040515 0.0 0.008790906 0.041815985 0.005042312 0.043845493 0.0 0.0 0.0 0.0 0.055920087 0.0 0.025021488 0.0 0.0 0.0 0.0 0.080293775 0.0 0.1206985 0.014163138 0.0 0.0 0.0 0.0 0.0010786225 0.0 0.0 0.0
0.0 0.0 0.0 0.0 0.0 0.0079119755 0.0 0.0 0.0 0.0 0.06179686 0.0 0.0 0.0 0.0 0.0 0.005667344 0.0 0.0 0.022011725 0.0 0.031458743 0.003019358 0.0 0.0441422 0.0 0.026264172 0.0 0.013593412 0.058094066 0.0 0.0 0.1759144 0.03644178 0.0 0.0 0.017935991 0.0 0.039084222 0.06001824 0.0 0.0 0.07773931 0.055829078 0.0 0.014535184 0.0 0.0 0.0 0.04079923 0.10751255 0.0 0.0094583435 0.022921909 0.057771936 0.0
0.003488793 0.0 0.0 0.0 0.0545455 0.0 0.03816091 0.0 0.07099601 0.0 0.017930523 0.021623887 0.0 0.0 0.0 0.0 0.0 0.01732714 0.022781247 0.0 0.045611307 0.0 0.0 0.016730273 0.0 0.0 0.0 0.0 0.13634183 0.045898866 0.0 0.0 0.0 0.022488743 0.0 0.027537316 0.027736958 0.0 0.0 0.0 0.024248498 0.051207166 0.03794089 0.0 0.0 0.0 0.050345562 0.0 0.003815513 0.0 0.0 0.0278147 0.05144378 0.030015565 0.0 0.0
0.023407804 0.0 0.0 0.0 0.0481367 0.05792767 0.0 0.0 0.10964908 0.0 0.036891267 0.0 0.0 0.0 0.0 0.061953284 0.0 0.0 0.0 0.06461985 0.09797132 0.0 0.0 0.0 0.0 0.0 0.1719633 0.0 0.00062529877 0.009522401 0.0 0.0 0.0 0.023083804 0.0 0.05279519 0.0 0.008947023 0.038356233 0.0 0.0 0.0 0.01839224 0.0 0.0 0.020798894 0.0 0.0 0.0 0.0 0.0 0.014091202 0.0 0.0076862024 0.07500235 0.0
0.0 0.0 0.0545455 0.0481367 0.07058308 0.009702109 0.06515869 0.0 0.0 0.0 0.0 0.0 0.0 0.0 0.0 0.02041634 0.08886282 0.057384275 0.0 0.0 0.075247176 0.0 0.0 0.0 0.12713413 0.008036905 0.045210365 0.0 0.0061678505 0.006003272 0.0 0.0 0.0 0.0 0.0 0.018312197 0.045865744 0.0 0.03274766 0.011901967 0.0028642232 0.1377228 0.0 0.0 0.0 0.0 0.0 0.0 0.08464964 0.0 0.0 0.0 0.017398896 0.026520452 0.0 0.031511754
0.023527533 0.0079119755 0.0 0.05792767 0.009702108 0.0 0.0 0.0 0.10243759 0.055705875 0.0133884745 0.0 0.0 0.0 0.033114746 0.048164263 0.0 0.010700924 0.0 0.04793656 0.034527108 0.0 0.0 0.037262823 0.0 0.007406023 0.08394452 0.0 0.0 0.0 0.0 0.0 0.0 0.031108823 0.032063205 0.079310015 0.15275331 0.048305772 0.0 0.0 0.004049539 0.0 0.0 0.0 0.0 0.02442285 0.0 0.0 0.0 0.025764095 0.0 0.050315287 0.0 0.0 0.03541828 0.006803616
0.029266544 0.0 0.038160905 0.0 0.06515869 0.0 0.0 0.0 0.0 0.0 0.1146186 0.062110744 0.0 0.0 0.0 0.023930756 0.019969098 0.0 0.0 0.0 0.019425366 0.0 0.0 0.0 0.07668835 0.0 0.04322272 0.0 0.0 0.02974476 0.03090986 0.0 0.0 0.03240007 0.0 0.0 0.02027985 0.0 0.03698306 0.035223946 0.0 0.0 0.0 0.020247769 0.003451068 0.03745048 0.0 0.0 0.099514745 0.0 0.012600591 0.0 0.040171664 0.030447436 0.034956302 0.0
0.11946926 0.0 0.0 0.0 0.0 0.0 0.0 0.1373251 0.0 0.009305786 0.0 0.0 0.1143624 0.013650704 0.0 0.0 0.0 0.0 0.0 0.0 0.0 0.0 0.052331198 0.04099354 0.0 0.041482512 0.0 0.09204491 0.004012073 0.0 0.034370363 0.0 0.07296615 0.0 0.04505775 0.0 0.037666377 0.0 0.028217234 0.02509524 0.05016661 0.0 0.0 0.027102146 0.06429176 0.0 0.0 0.03287977 0.0 0.0 0.032574687 0.0 0.0 0.027551364 0.0 0.025491728
0.0 0.0 0.07099601 0.10964908 0.0 0.1024376 0.0 0.0 0.0 0.0 0.0 0.0 0.0 0.011125578 0.0871788 0.0239724 0.086209275 0.029913787 0.0 0.025860853 0.0 0.08043533 0.0 0.0 0.070767745 0.057724994 0.0 0.0 0.0 0.022577895 0.0 0.0 0.0 0.022492442 0.0 0.0 0.0 0.0 0.11387082 0.0055759395 0.0 0.06486005 0.0 0.0 0.0 0.0 0.0 0.0 0.010815836 0.011828144 0.0 0.0 0.06724511 0.00828264 0.0 0.0
0.0 0.0 0.0 0.0 0.0 0.055705875 0.0 0.009305786 0.0 0.029616054 0.0 0.0 0.0026331185 0.016294144 0.022723705 0.025614241 0.0 0.049401246 0.0 0.0 0.0 0.02901427 0.055559646 0.01438753 0.01107147 0.05193666 0.0020444852 0.12183617 0.0 0.0 0.0 0.0 0.052483883 0.0038296853 0.0 0.0 0.0036297373 0.0 0.025307676 0.020735633 0.039637506 0.0 0.0 0.12621473 0.047813334 0.08345822 0.0 0.013883622 0.0 0.06278724 0.0 0.014288195 0.0 0.0 0.006879744 0.0
0.0 0.06179686 0.017930524 0.036891267 0.0 0.0133884745 0.1146186 0.0 0.0 0.0 0.0 0.0 0.009662798 0.0 0.0 0.0 0.006636313 0.061607115 0.0 0.01261967 0.0 0.08114954 0.0 0.0 0.0 0.01005703 0.0 0.030000757 0.07789252 0.0 0.0 0.0 0.0 0.05958049 0.0 0.00645354 0.0 0.0 0.0 0.0 0.012001271 0.11986853 0.02479053 0.0 0.0 0.026464922 0.0 0.0 0.0 0.0 0.0 0.016858574 0.0 0.10681774 0.0 0.10818224
0.0 0.0 0.021623887 0.0 0.0 0.0 0.062110744 0.0 0.0 0.0 0.0 0.062541746 0.0 0.026371077 0.0 0.14690685 0.060237378 0.0 0.0 0.0 0.057275653 0.0 0.0 0.0 0.03608657 0.007883481 0.0 0.0027357712 0.010577344 0.025922414 0.0 0.0 0.0 0.082652524 0.0 0.0 0.04000875 0.0047302563 0.03076483 0.09303877 0.039394017 0.0 0.0 0.06630873 0.0 0.0 0.0003601787 0.0 0.0 0.01708627 0.0 0.0 0.0 0.09634423 0.0 0.0
0.046760548 0.0 0.0 0.0 0.0 0.0 0.0 0.1143624 0.0 0.0026331185 0.009662799 0.0 0.0 0.07779247 0.0 0.0 0.0 0.0 0.0 0.0 0.0 0.0 0.09014535 0.11576834 0.0 0.0 0.012932223 0.05636354 0.0 0.0 0.0 0.0 0.0 0.0 0.0 0.0 0.022855496 0.0 0.0 0.075306214 0.0158984 0.0 0.0 0.00543379 0.03174458 0.0014978624 0.0 0.061146475 0.0072745327 0.0 0.032972824 0.08790092 0.0 0.0 0.101434305 0.0
0.0 0.0 0.0 0.0 0.0 0.0 0.0 0.013650704 0.011125578 0.016294144 0.0 0.026371077 0.07779247 0.027294802 0.042465135 0.005069546 0.0 0.0 0.032990314 0.031143906 0.05582212 0.0 0.07578092 0.029836621 0.011126514 0.0037036422 0.029894779 0.0 0.0 0.0 0.04397936 0.045662507 0.0 0.0 0.0 0.0 0.0 0.040958103 0.0 0.01269196 0.04978708 0.0 0.0 0.0 0.034251764 0.029430037 0.0 0.11592605 0.019881668 0.0 0.020603552 0.018552538 0.038325947 0.0 0.004788392 0.0
0.027718103 0.0 0.0 0.0 0.0 0.033114746 0.0 0.0 0.08717879 0.022723703 0.0 0.0 0.0 0.042465135 0.0 0.042626143 0.0 0.0 0.0 0.0011817405 0.0 0.0 0.06635121 0.012979571 0.0 0.0 0.0 0.0 0.0 0.0 0.0 0.052325923 0.0 0.0040037604 0.0 0.0 0.07649143 0.0 0.03156524 0.10024153 0.0061022835 0.0 0.04417412 0.035400372 0.005934763 0.040921863 0.0 0.006812722 0.0 0.0 0.025078554 0.0 0.0 0.0 0.054471914 0.0
0.045710307 0.0 0.0 0.061953288 0.02041634 0.04816426 0.023930756 0.0 0.023972401 0.025614241 0.0 0.14690687 0.0 0.005069546 0.042626143 0.0030226433 0.0 0.0 0.0 0.06439845 0.0 0.044450566 0.0 0.0 0.091188334 0.0 0.0 0.0 0.0 0.0 0.0 0.0 0.02969054 0.014724353 0.0 0.0 0.0051314216 0.019975474 0.0 0.06969263 0.0 0.0 0.0 0.010203257 0.0 0.03752866 0.0 0.0 0.0005953966 0.0 0.0 0.0 0.021693284 0.0 0.0 0.0
0.0 0.005667344 0.0 0.0 0.08886282 0.0 0.019969098 0.0 0.086209275 0.0 0.006636313 0.060237378 0.0 0.0 0.0 0.0 0.04143063 0.0 0.0 0.012103857 0.04597461 0.0 0.0 0.0 0.0808132 0.0 0.0 0.0 0.07928301 0.015020236 0.0 0.046085108 0.0 0.03206734 0.0057914313 0.0 0.0 0.018398916 0.0 0.007813743 0.0 0.008979817 0.06278749 0.0 0.01281372 0.0 0.0 0.0 0.0 0.0 0.0 0.03861997 0.055999074 0.035389896 0.0 0.0
0.058285646 0.0 0.01732714 0.0 0.05738428 0.010700925 0.0 0.0 0.029913789 0.049401246 0.061607115 0.0 0.0 0.0 0.0 0.0 0.0 0.01795224 0.0 0.04475712 0.051864475 0.0 0.0 0.055833705 0.01964754 0.0 0.04135654 0.004367593 0.0 0.0 0.0 0.050667636 0.0 0.057844814 0.024532719 0.020300282 0.05271403 0.0 0.054877017 0.0 0.0 0.0073740995 0.0 0.0 0.0 0.022108193 0.0 0.0 0.041235495 0.0 0.0 0.05846669 0.0131087825 0.0 0.013637798 0.0
0.0 0.0 0.022781245 0.0 0.0 0.0 0.0 0.0 0.0 0.0 0.0 0.0 0.0 0.032990314 0.0 0.0 0.0 0.0 0.0 0.0 0.0 0.0 0.0 0.0 0.050933048 0.0 0.0 0.0 0.18215501 0.008896865 0.0 0.0 0.0 0.13531715 0.0 0.0 0.0 0.0 0.018565267 0.04880962 0.0 0.051763885 0.10107155 0.0 0.0 0.0 0.03193383 0.0 0.0 0.0 0.0 0.0 0.0 0.118148796 0.0 0.045628756
0.0 0.022011725 0.0 0.064619854 0.0 0.04793656 0.0 0.0 0.025860853 0.0 0.01261967 0.0 0.0 0.031143904 0.0011817405 0.06439845 0.012103856 0.044757117 0.0 0.0 0.06782077 0.0013222047 0.0 0.0 0.07480297 0.0 0.073257536 0.0 0.0 0.0 0.0 0.0 0.056280695 0.028511815 0.0 0.050275262 0.0 0.0 0.081593886 0.0022796716 0.036199085 0.0 0.0 0.0 0.016401002 0.0 0.0 0.0 0.06091024 0.015427996 0.0 0.007783989 0.04147859 0.007893579 0.013261878 0.0025901792
0.0 0.0 0.045611307 0.09797132 0.075247176 0.034527104 0.019425366 0.0 0.0 0.0 0.0 0.057275653 0.0 0.055822115 0.0 0.0 0.045974605 0.051864475 0.0 0.067820765 0.0 0.0 0.0 0.0 0.030859532 0.0 0.0 0.0 0.0 0.066246696 0.0 0.0 0.02521965 0.029634029 0.0 0.095625445 0.0 0.0 0.050804965 0.043578576 0.0 0.043983743 0.05587027 0.0108989915 0.0 0.01398261 0.0 0.0 0.0027902992 0.009189646 0.0 0.046487946 0.0 0.0 0.023942633 0.0028356914
0.061956953 0.031458747 0.0 0.0 0.0 0.0 0.0 0.0 0.08043533 0.02901427 0.08114955 0.0 0.0 0.0 0.0 0.04445057 0.0 0.0 0.0 0.0013222047 0.0 0.0 0.0007522709 0.13380437 0.0 0.0 0.0 0.0 0.0 0.041112866 0.0 0.0 0.0 0.0 0.10494637 0.013435825 0.07331361 0.038807858 0.0 0.012433568 0.0 0.0 0.0 0.0 0.0 0.0 0.0 0.008324643 0.0 0.0 0.056311347 0.14227027 0.0 0.0 0.050552055 0.0
0.0 0.003019358 0.0 0.0 0.0 0.0 0.0 0.052331198 0.0 0.055559646 0.0 0.0 0.09014536 0.07578092 0.06635121 0.0 0.0 0.0 0.0 0.0 0.0 0.0007522709 0.0 0.014144228 0.0 0.06617417 0.0075231856 0.0 0.0 0.0 0.0 0.0 0.0 0.0 0.10866975 0.040952258 0.0 0.0 0.0 0.0 0.17902862 0.0 0.0 0.0036545312 0.064382195 0.00949506 0.0 0.014881293 0.0 0.017734587 0.0 0.06382204 0.0 0.0 0.0027253318 0.071257696
0.003975818 0.0 0.016730273 0.0 0.0 0.037262823 0.0 0.040993538 0.0 0.01438753 0.0 0.0 0.11576835 0.029836621 0.012979571 0.0 0.0 0.05583371 0.0 0.0 0.0 0.13380438 0.014144228 0.00028317675 0.02866287 0.0 0.0 0.16262195 0.0 0.0 0.0073199207 0.0 0.05646988 0.0 0.0 0.0 0.019556189 0.0 0.04310437 0.010124193 0.0029205442 0.0 0.0 0.0 0.022164369 0.13606767 0.005964056 0.0 0.0 0.0 0.0 0.0 0.0 0.0 0.0 0.0
0.0067230226 0.0441422 0.0 0.0 0.12713413 0.0 0.07668835 0.0 0.070767745 0.01107147 0.0 0.036086574 0.0 0.0111265145 0.0 0.091188334 0.0808132 0.019647542 0.050933048 0.07480297 0.030859528 0.0 0.0 0.02866287 0.0 0.0 0.005047819 0.0 0.056043714 0.011941216 0.0 0.056211915 0.006109462 0.08550843 0.0 0.0 0.0 0.0 0.022079919 0.0 0.0 0.004830333 0.036323864 0.0 0.0028696724 0.02624637 0.0 0.013473334 0.007312024 0.011922863 0.0 0.022104152 0.004729859 0.0 0.0 0.0
0.0 0.0 0.0 0.0 0.008036905 0.0074060224 0.0 0.041482512 0.057724994 0.051936664 0.010057029 0.007883481 0.0 0.0037036422 0.0 0.0 0.0 0.0 0.0 0.0 0.0 0.0 0.06617417 0.0 0.0 0.0 0.0 0.0 0.0 0.0393183 0.018690899 0.065167114 0.0 0.0 0.054456607 0.0 0.009947666 0.054534677 0.0 0.032061227 0.012343418 0.0 0.0 0.037863377 0.045189522 0.0 0.0 0.09958696 0.06438718 0.0 0.08271405 0.020139856 0.0 0.0 0.0 0.0
0.0 0.02626417 0.0 0.17196329 0.045210365 0.08394452 0.04322272 0.0 0.0 0.0020444852 0.0 0.0 0.012932223 0.029894777 0.0 0.0 0.0 0.04135654 0.0 0.073257536 0.0 0.0 0.007523186 0.0 0.005047819 0.0 0.06854145 0.0 0.0 0.0 0.08088126 0.032638412 0.009071672 0.0 0.0 0.04128564 0.0 0.056503326 0.024617227 0.0 0.010057025 0.0 0.0 0.0 0.0 0.05375603 0.0024476126 0.0 0.122245125 0.0 0.0 0.0 0.04125294 0.0 0.0033343523 0.0
0.030405153 0.0 0.0 0.0 0.0 0.0 0.0 0.09204491 0.0 0.12183618 0.030000757 0.0027357715 0.05636354 0.0 0.0 0.0 0.0 0.004367593 0.0 0.0 0.0 0.0 0.0 0.16262195 0.0 0.0 0.0 0.0 0.0 0.0 0.0 0.0 0.0 0.0 0.022689043 0.040684193 0.039122548 0.014201512 0.0 0.0 0.026280755 0.0 0.00016490441 0.0 0.081625104 0.019307652 0.0 0.02424718 0.0 0.0 0.019321619 0.04759192 0.07746596 0.0 0.018360347 0.0
0.0 0.013593411 0.13634183 0.00062529877 0.006167851 0.0 0.0 0.0040120734 0.0 0.0 0.07789253 0.010577345 0.0 0.0 0.0 0.0 0.07928301 0.0 0.18215501 0.0 0.0 0.0 0.0 0.0 0.056043718 0.0 0.0 0.0 0.0 0.009468317 0.0100618 0.0036049176 0.0 0.0 0.0 0.0 0.0 0.0 0.0 0.0 0.0 0.0 0.071264975 0.0 0.0 0.015369162 0.3258462 0.0 0.0 0.018600043 0.0 0.0 0.0055784616 0.0232252 0.0 0.0
0.008790906 0.058094066 0.045898866 0.009522401 0.006003272 0.0 0.02974476 0.0 0.022577895 0.0 0.0 0.025922414 0.0 0.0 0.0 0.0 0.015020236 0.0 0.008896865 0.0 0.066246696 0.041112863 0.0 0.0 0.011941216 0.0393183 0.0 0.0 0.009468317 0.05876483 0.0 0.051427092 0.0 0.0 0.003200112 0.012078649 0.0 0.0 0.0043619294 0.012789492 0.0 0.052524365 0.07973853 0.020360718 0.0 0.025012951 0.062646456 0.0 0.0 0.0 0.0 0.015867492 0.09006746 0.076731145 0.0 0.0
0.04181599 0.0 0.0 0.0 0.0 0.0 0.030909862 0.034370363 0.0 0.0 0.0 0.0 0.0 0.04397936 0.0 0.0 0.0 0.0 0.0 0.0 0.0 0.0 0.0 0.007319921 0.0 0.018690899 0.08088126 0.0 0.0100618 0.0 0.0 0.0 0.0 0.05584155 0.16370997 0.05679832 0.004270148 0.0 0.0 0.04629115 0.07356549 0.0 0.0 0.0 0.017592778 0.0 0.0 0.0 0.0 0.031034648 0.021213338 0.042308893 0.019062445 0.051172096 0.02113093 0.16376153
0.0050423117 0.0 0.0 0.0 0.0 0.0 0.0 0.0 0.0 0.0 0.0 0.0 0.0 0.04566251 0.052325923 0.0 0.046085108 0.05066764 0.0 0.0 0.0 0.0 0.0 0.0 0.056211915 0.06516711 0.032638412 0.0 0.0036049173 0.051427092 0.0 0.0 0.0659667 0.020226223 0.0 0.072163574 0.033569746 0.0 0.031530086 0.0070244805 0.0 0.08589418 1.7737848e-05 0.17006879 0.0 0.0 0.0011263354 0.0 0.0 0.06197255 0.0 0.0 0.027076941 0.06489468 0.021012234 0.020509414
0.043845493 0.1759144 0.0 0.0 0.0 0.0 0.0 0.07296614 0.0 0.052483883 0.0 0.0 0.0 0.0 0.0 0.02969054 0.0 0.0 0.0 0.056280695 0.02521965 0.0 0.0 0.05646988 0.0061094626 0.0 0.009071673 0.0 0.0 0.0 0.0 0.065966696 0.031946406 0.0 0.056392074 0.06554879 0.0015119485 0.0 0.061773956 0.0067496793 0.03728995 0.0 0.0 0.0143744685 0.0 0.0 0.0 0.0 0.0 0.0 0.017215403 0.06026989 0.03179308 0.004358838 0.011835847 0.0
0.0 0.03644178 0.022488743 0.023083802 0.0 0.03110882 0.03240007 0.0 0.022492442 0.0038296853 0.059580486 0.08265253 0.0 0.0 0.00400376 0.014724354 0.03206734 0.057844814 0.13531715 0.028511815 0.02963403 0.0 0.0 0.0 0.08550842 0.0 0.0 0.0 0.0 0.0 0.055841554 0.020226223 0.0 0.0 0.0 0.0 0.0 0.005775716 0.010536778 0.0 0.0 0.0 0.028719354 0.0 0.0 0.03499433 0.046445943 0.0 0.08241849 0.0 0.0 0.0 0.0 0.0 0.007702309 0.0
0.0 0.0 0.0 0.0 0.0 0.032063205 0.0 0.04505775 0.0 0.0 0.0 0.0 0.0 0.0 0.0 0.0 0.0057914313 0.024532719 0.0 0.0 0.0 0.104946375 0.10866976 0.0 0.0 0.054456603 0.0 0.022689043 0.0 0.003200112 0.16370998 0.0 0.056392074 0.0 0.0 0.0 0.0 0.055534124 0.0 0.0 0.0134395715 0.0 0.0 0.10548801 0.008094241 0.012568604 0.011141241 0.06502917 0.019865466 0.0 0.042784818 0.0 0.0 0.0003676925 0.034100406 0.0048906743
0.0 0.0 0.027537314 0.05279519 0.018312199 0.079310015 0.0 0.0 0.0 0.0 0.0064535397 0.0 0.0 0.0 0.0 0.0 0.0 0.020300282 0.0 0.050275262 0.09562545 0.013435825 0.040952258 0.0 0.0 0.0 0.04128564 0.040684193 0.0 0.012078649 0.05679832 0.072163574 0.06554879 0.0 0.0 0.045807112 0.0 0.047876325 0.04213156 0.0018593713 0.0 0.0 0.0 0.0 0.0 0.046093058 0.0 0.015431135 0.07488223 0.0 0.02716204 0.0032374938 0.0 0.0 0.0468821 0.0
0.0 0.017935993 0.027736958 0.0 0.045865744 0.15275331 0.02027985 0.037666377 0.0 0.0036297373 0.0 0.04000875 0.022855496 0.0 0.07649142 0.005131422 0.0 0.05271403 0.0 0.0 0.0 0.07331361 0.0 0.019556189 0.0 0.009947666 0.0 0.039122548 0.0 0.0 0.0042701475 0.033569742 0.0015119484 0.0 0.0 0.0 0.0 0.021967852 0.009262002 0.0 0.0 0.006303875 0.0 0.01573591 0.0327441 0.07749102 0.07291004 0.0 0.0 0.017950544 0.0 0.0 0.0 0.0 0.0 0.0
0.055920087 0.0 0.0 0.008947022 0.0 0.048305772 0.0 0.0 0.0 0.0 0.0 0.0047302563 0.0 0.040958107 0.0 0.019975474 0.018398914 0.0 0.0 0.0 0.0 0.038807858 0.0 0.0 0.0 0.054534677 0.056503326 0.014201512 0.0 0.0 0.0 0.0 0.0 0.0057757157 0.055534124 0.047876325 0.021967852 0.0 0.0739986 0.0 0.04004906 0.021525703 0.0 0.012718189 0.0 0.0 0.0 0.0 0.0 0.0 0.0 0.08774819 0.0 0.07545185 0.038185515 0.0
0.0 0.03908422 0.0 0.038356237 0.03274766 0.0 0.03698306 0.028217234 0.11387082 0.025307678 0.0 0.03076483 0.0 0.0 0.03156524 0.0 0.0 0.054877017 0.018565267 0.081593886 0.050804965 0.0 0.0 0.043104365 0.022079919 0.0 0.024617227 0.0 0.0 0.0043619294 0.0 0.031530082 0.061773956 0.010536778 0.0 0.04213156 0.009262001 0.0739986 0.0 0.0 0.0 0.0 0.056904465 0.007490839 0.0 0.027846254 0.0 0.0 0.06505667 0.0 0.0 0.0061568324 0.021154135 0.0 0.029788082 0.0
0.02502149 0.060018245 0.0 0.0 0.011901967 0.0 0.035223942 0.02509524 0.00557594 0.02073563 0.0 0.093038775 0.075306214 0.01269196 0.10024153 0.06969263 0.007813742 0.0 0.04880962 0.0022796716 0.043578576 0.012433569 0.0 0.010124193 0.0 0.032061227 0.0 0.0 0.0 0.012789491 0.04629115 0.0070244805 0.006749679 0.0 0.0 0.0018593713 0.0 0.0 0.0 0.0 0.012776254 0.0 0.0309607 0.0 0.09897306 0.0 0.0 0.085325666 0.0 0.056143254 0.00495565 0.020437213 0.0 0.0 0.0 0.005930701
0.0 0.0 0.024248498 0.0 0.0028642232 0.004049539 0.0 0.05016661 0.0 0.039637506 0.012001271 0.039394017 0.015898403 0.04978708 0.0061022835 0.0 0.0 0.0 0.0 0.036199085 0.0 0.0 0.17902863 0.0029205442 0.0 0.012343417 0.010057025 0.026280753 0.0 0.0 0.07356549 0.0 0.03728995 0.0 0.0134395715 0.0 0.0 0.040049065 0.0 0.012776254 0.0 0.0 0.0 0.0 0.03613806 0.008021742 0.0 0.10472013 0.0 0.0 0.13947836 0.037591208 0.0 0.0 0.1098162 0.0
0.0 0.0 0.051207166 0.0 0.1377228 0.0 0.0 0.0 0.06486005 0.0 0.11986854 0.0 0.0 0.0 0.0 0.0 0.008979817 0.0073741 0.051763885 0.0 0.043983743 0.0 0.0 0.0 0.004830333 0.0 0.0 0.0 0.0 0.05252436 0.0 0.08589418 0.0 0.0 0.0 0.0 0.0063038743 0.021525702 0.0 0.0 0.0 0.0 0.095729075 0.0 0.0 0.0051009096 0.0 0.0 0.0435812 0.0 0.043971922 0.031497944 0.0 0.0 0.056490984 0.0
0.0 0.077739306 0.037940886 0.018392242 0.0 0.0 0.0 0.0 0.0 0.0 0.02479053 0.0 0.0 0.0 0.04417412 0.0 0.06278749 0.0 0.10107156 0.0 0.05587027 0.0 0.0 0.0 0.036323864 0.0 0.0 0.00016490441 0.071264975 0.07973853 0.0 1.773785e-05 0.0 0.028719354 0.0 0.0 0.0 0.0 0.056904465 0.030960698 0.0 0.09572908 0.037463315 0.0 0.0 0.0 0.023836875 0.0 0.0 0.097276814 0.0 0.0 0.026661612 0.028148558 0.0 0.0047934707
0.0 0.055829078 0.0 0.0 0.0 0.0 0.020247767 0.027102146 0.0 0.12621473 0.0 0.06630873 0.00543379 0.0 0.035400372 0.010203256 0.0 0.0 0.0 0.0 0.010898991 0.0 0.0036545312 0.0 0.0 0.037863377 0.0 0.0 0.0 0.020360716 0.0 0.17006877 0.014374468 0.0 0.10548801 0.0 0.01573591 0.012718189 0.007490839 0.0 0.0 0.0 0.0 0.10291709 0.0 0.0 0.0 0.0049196673 0.0 0.04601584 0.007865066 0.0 0.0 0.043583356 0.008802106 0.0
0.080293775 0.0 0.0 0.0 0.0 0.0 0.0034510677 0.06429176 0.0 0.047813334 0.0 0.0 0.03174458 0.03425177 0.005934763 0.0 0.01281372 0.0 0.0 0.016401002 0.0 0.0 0.064382195 0.022164369 0.0028696724 0.045189526 0.0 0.081625104 0.0 0.0 0.017592777 0.0 0.0 0.0 0.008094242 0.0 0.032744095 0.0 0.0 0.09897306 0.03613806 0.0 0.0 0.0 0.09590948 0.0392305 0.0 0.022314878 0.0 0.023970673 0.0 0.040748835 0.0 0.03885921 0.009542043 0.029208219
0.0 0.014535185 0.0 0.020798894 0.0 0.024422852 0.037450477 0.0 0.0 0.083458215 0.026464922 0.0 0.0014978624 0.029430037 0.040921863 0.037528664 0.0 0.022108193 0.0 0.0 0.01398261 0.0 0.009495061 0.13606769 0.026246373 0.0 0.05375603 0.019307654 0.015369162 0.025012951 0.0 0.0 0.0 0.03499433 0.012568604 0.046093058 0.07749102 0.0 0.027846253 0.0 0.008021742 0.0051009096 0.0 0.0 0.0392305 0.0 0.0 0.0 0.0 0.001735297 0.0 0.105204664 0.0 0.0 0.0 0.0
0.120698504 0.0 0.050345566 0.0 0.0 0.0 0.0 0.0 0.0 0.0 0.0 0.00036017873 0.0 0.0 0.0 0.0 0.0 0.0 0.031933825 0.0 0.0 0.0 0.0 0.0059640557 0.0 0.0 0.0024476128 0.0 0.3258462 0.062646456 0.0 0.0011263354 0.0 0.046445943 0.0111412415 0.0 0.07291004 0.0 0.0 0.0 0.0 0.0 0.023836875 0.0 0.0 0.0 0.0 0.0 0.0 0.035910975 0.0 0.02904849 0.0 0.0 0.009668605 0.0
0.014163138 0.0 0.0 0.0 0.0 0.0 0.0 0.03287977 0.0 0.013883622 0.0 0.0 0.06114648 0.11592605 0.006812722 0.0 0.0 0.0 0.0 0.0 0.0 0.008324644 0.014881293 0.0 0.013473334 0.09958696 0.0 0.02424718 0.0 0.0 0.0 0.0 0.0 0.0 0.06502917 0.015431135 0.0 0.0 0.0 0.08532567 0.10472013 0.0 0.0 0.0049196673 0.022314878 0.0 0.0 0.032709792 0.0 0.0 0.0 0.041221388 0.0 0.051264055 0.016944565 0.12255005
0.0 0.0 0.003815513 0.0 0.08464964 0.0 0.09951474 0.0 0.0108158365 0.0 0.0 0.0 0.007274532 0.019881668 0.0 0.0005953966 0.0 0.0412355 0.0 0.060910244 0.0027902992 0.0 0.0 0.0 0.007312024 0.06438718 0.12224512 0.0 0.0 0.0 0.0 0.0 0.0 0.08241848 0.019865464 0.07488223 0.0 0.0 0.06505666 0.0 0.0 0.043581203 0.0 0.0 0.0 0.0 0.0 0.0 0.0 0.03952455 0.0 0.0 0.03407651 0.036799114 0.0 0.0
0.0 0.04079923 0.0 0.0 0.0 0.025764095 0.0 0.0 0.011828144 0.06278724 0.0 0.017086267 0.0 0.0 0.0 0.0 0.0 0.0 0.0 0.015427997 0.009189646 0.0 0.017734587 0.0 0.011922863 0.0 0.0 0.0 0.018600043 0.0 0.031034647 0.06197255 0.0 0.0 0.0 0.0 0.017950544 0.0 0.0 0.056143254 0.0 0.0 0.097276814 0.04601584 0.023970673 0.001735297 0.035910975 0.0 0.039524555 0.0 0.063737534 0.0 0.16061884 0.0 0.0 0.0
0.0 0.107512556 0.0 0.0 0.0 0.0 0.012600591 0.032574687 0.0 0.0 0.0 0.0 0.032972824 0.020603554 0.025078554 0.0 0.0 0.0 0.0 0.0 0.0 0.056311347 0.0 0.0 0.0 0.08271404 0.0 0.019321619 0.0 0.0 0.021213338 0.0 0.017215403 0.0 0.042784818 0.02716204 0.0 0.0 0.0 0.00495565 0.13947836 0.043971926 0.0 0.007865066 0.0 0.0 0.0 0.0 0.0 0.063737534 0.0 0.0 0.02824975 0.024685048 0.0 0.26569444
0.0 0.0 0.027814697 0.014091202 0.0 0.050315283 0.0 0.0 0.0 0.014288196 0.016858576 0.0 0.08790092 0.018552538 0.0 0.0 0.038619973 0.058466695 0.0 0.0077839885 0.046487946 0.14227027 0.06382204 0.0 0.022104153 0.020139856 0.0 0.047591925 0.0 0.015867492 0.042308893 0.0 0.060269892 0.0 0.0 0.0032374938 0.0 0.08774819 0.0061568324 0.020437215 0.03759121 0.031497944 0.0 0.0 0.040748835 0.10520466 0.02904849 0.041221388 0.0 0.0 0.0 0.0 0.0 0.0 0.0 0.0022871527
0.0010786224 0.0094583435 0.05144378 0.0 0.017398896 0.0 0.040171664 0.0 0.06724511 0.0 0.0 0.0 0.0 0.03832595 0.0 0.021693284 0.055999074 0.0131087825 0.0 0.04147859 0.0 0.0 0.0 0.0 0.004729859 0.0 0.041252937 0.07746596 0.0055784616 0.09006746 0.019062445 0.027076941 0.03179308 0.0 0.0 0.0 0.0 0.0 0.021154135 0.0 0.0 0.0 0.026661614 0.0 0.0 0.0 0.0 0.0 0.03407651 0.16061883 0.02824975 0.0 0.13834853 0.0 0.0029064799 0.0
0.0 0.02292191 0.030015564 0.007686203 0.026520452 0.0 0.030447436 0.027551366 0.00828264 0.0 0.106817745 0.096344225 0.0 0.0 0.0 0.0 0.035389896 0.0 0.11814879 0.007893579 0.0 0.0 0.0 0.0 0.0 0.0 0.0 0.0 0.0232252 0.076731145 0.051172096 0.06489468 0.0043588374 0.0 0.0003676925 0.0 0.0 0.07545186 0.0 0.0 0.0 0.0 0.028148558 0.043583356 0.03885921 0.0 0.0 0.051264055 0.036799114 0.0 0.024685048 0.0 0.0 0.0 0.0 0.0
0.0 0.057771932 0.0 0.07500235 0.0 0.03541828 0.034956302 0.0 0.0 0.006879744 0.0 0.0 0.101434305 0.004788392 0.05447191 0.0 0.0 0.013637797 0.0 0.013261878 0.023942634 0.05055205 0.0027253318 0.0 0.0 0.0 0.003334352 0.018360347 0.0 0.0 0.02113093 0.021012234 0.011835847 0.0077023096 0.034100406 0.0468821 0.0 0.038185515 0.029788079 0.0 0.1098162 0.05649098 0.0 0.008802106 0.009542043 0.0 0.0096686045 0.016944565 0.0 0.0 0.0 0.0 0.0029064799 0.0 0.07551701 0.013899082
0.0 0.0 0.0 0.0 0.031511754 0.0068036155 0.0 0.025491726 0.0 0.0 0.10818224 0.0 0.0 0.0 0.0 0.0 0.0 0.0 0.045628756 0.0025901794 0.0028356914 0.0 0.071257696 0.0 0.0 0.0 0.0 0.0 0.0 0.0 0.16376153 0.020509413 0.0 0.0 0.0048906743 0.0 0.0 0.0 0.0 0.0059307003 0.0 0.0 0.0047934707 0.0 0.029208219 0.0 0.0 0.12255005 0.0 0.0 0.26569444 0.0022871527 0.0 0.0 0.013899082 0.0
