0.0 0.0 0.00017385026 0.12045495 0.0 0.0 0.0 0.0 0.0 0.0 0.05877075 0.0 0.025543781 0.0 0.0 0.0 0.058679167 0.0 0.0 0.0 0.0 0.0 0.0 0.0 0.0 0.07694842 0.0 0.0 0.027253056 0.0 0.0 0.0 0.008577053 0.0 0.0 0.0 0.09096972 0.018709429 0.0 0.0153251095 0.050648857 0.012170768 0.121038854 0.0 0.012981299 0.1346038 0.0 0.0 0.0 0.0 0.0 0.0 0.0 0.0 0.045530893 0.1494155
0.0 0.0 0.008014842 0.0 0.08151857 0.025166169 0.0 0.0 0.03436293 0.0 0.037025847 0.028320575 0.0 0.0 0.041353386 0.0 0.0 0.03441005 0.0 0.017040104 0.012158532 0.0 0.0998372 0.057365526 0.037522145 0.0 0.007410984 0.017591912 0.0 0.0 0.031710513 0.0061149183 0.0 0.0 0.024127828 0.076155774 0.0007050455 0.061630916 0.03701032 0.0 0.016760705 0.0 0.0 0.0 0.02268651 0.0 0.0 0.019206066 0.091564596 0.0 0.01052566 0.0 0.007313608 0.0 0.024956884 0.0
0.00017385028 0.008014842 0.0 0.0 0.026225718 0.0 0.0 0.016288511 0.0 0.0705966 0.04944748 0.0 0.0 0.0 0.0 0.0 0.0 0.025950473 0.023071947 0.0 0.0 0.0 0.024894347 0.080782905 0.0 0.0 0.055198807 0.0 0.0 0.0 0.0 0.06803719 0.0 0.0025863633 0.08525066 0.017177511 0.016801886 0.042224232 0.0 0.0 0.0 0.0 0.0 0.0 0.03148551 0.0 0.012999283 0.07035579 0.0 0.0 0.015680814 0.13179594 0.0 0.0 0.0057849414 0.0
0.120454945 0.0 0.0 0.0 0.01731876 0.0 0.017166376 0.15249394 0.008766404 0.036581986 0.0 0.0 0.0 0.0 0.0078055416 0.0 0.0 0.014254713 0.009469911 0.006542584 0.0 0.0 0.0 0.12766573 0.0 0.0 0.0055612833 0.0 0.0 0.0 0.0 0.0288009 0.003932279 0.0 0.067009166 0.094971195 0.036773976 0.012399436 0.0 0.0 0.0 0.0 0.0 0.0 0.0023715645 0.0 0.020120312 0.022421217 0.0 0.0 0.0 0.12534638 0.0 0.029718516 0.0 0.0
0.0 0.08151857 0.026225718 0.017318761 0.0 0.0 0.0020923507 0.0 0.0 0.0 0.0 0.0 0.0 0.0 0.03429995 0.051838882 0.0 0.04171076 0.0 0.09696155 0.114466645 0.0 0.06730262 0.0 0.03823937 0.0 0.0075779282 0.006108928 0.0 0.0 0.0 0.053279866 0.0 0.010523189 0.0 0.022927094 0.0 0.024242386 0.014766976 0.0 0.0 0.0 0.0 0.027224984 0.0 0.0 0.0 0.07328994 0.03309348 0.08035484 0.0 0.0 0.07856735 0.12073467 0.0 0.0
0.0 0.025166169 0.0 0.0 0.0 0.0 0.022989187 0.0 0.012927217 0.0 0.0 0.011821449 0.038813528 0.0 0.047485545 0.04272856 0.0035145464 0.034676284 0.0 0.064729415 0.0 0.0 0.0 0.087698124 0.0 0.0 0.013040507 0.056426186 0.0 0.025404297 0.0 0.07325063 0.0 0.0 0.059744313 0.0708948 0.0 0.0 0.0 0.024174828 0.0 0.0 0.0 0.0 0.0 0.0 0.0 0.012451297 0.0 0.0 0.016101245 0.106222756 0.012827031 0.027797576 0.0 0.0
0.0 0.0 0.0 0.017166376 0.0020923507 0.02298919 0.0 0.0 0.0 0.0 0.0 0.014907524 0.0 0.05578396 0.0 0.0031928779 0.0 0.02992603 0.0 0.0 0.0 0.02003906 0.054968696 0.0 0.0528467 0.039597966 0.0 0.0 0.0025000165 0.0 0.012059676 0.0 0.029331805 0.0 0.051368475 0.0 0.0 0.0 0.061181024 0.014163256 0.018882904 0.0 0.0 0.011520499 0.010665624 0.048083823 0.0 0.023414107 0.0 0.017437788 0.10183071 0.0 0.08406792 0.0 0.029538024 0.0
0.0 0.0 0.016288511 0.15249395 0.0 0.0 0.0 0.015772922 0.0 0.034429185 0.052325975 0.0 0.04149547 0.0077710846 0.0 0.0 0.021807486 0.0 0.0 0.0 0.0 0.03588575 0.0 0.022123734 0.0 0.040072568 0.0 0.0 0.010529763 0.0 0.0 0.0 0.019225879 0.0 0.0057997876 0.0 0.053702172 0.108898886 0.0 0.0 0.07190721 0.014614035 0.10147058 0.0 0.0 0.05164405 0.0 0.0 0.12418178 0.0 0.0 0.0016197343 0.017817438 0.0 0.0 0.094490364
0.0 0.034362927 0.0 0.008766404 0.0 0.012927217 0.0 0.0 0.09274633 0.0 0.0 0.0 0.020759108 0.0 0.0 0.015192591 0.0 0.1011827 0.0 0.0 0.101147 0.023936704 0.026168639 0.07285824 0.0 0.0 0.0 0.022902867 0.0 0.02158484 0.0 0.016808156 0.09982596 0.0 0.0 0.06696794 0.0 0.0 0.0 0.0 0.0 0.0 0.0 0.0 0.0 0.0031866746 0.0 0.11772549 0.04206903 4.3071323e-05 0.0 0.0071520125 0.0 0.0089513315 0.0 0.0
0.0 0.0 0.0705966 0.036581986 0.0 0.0 0.0 0.03442919 0.0 0.0 0.0320482 0.0 0.015918687 0.0 0.0 0.0 0.0 0.0 0.0 0.0 0.0 0.037781112 0.0 0.0 0.0 0.07639585 0.0 0.0 0.0 0.0 0.015498415 0.0 0.0051789815 0.0 0.0 0.0 0.08705643 0.046384256 0.024489438 0.05175885 0.029549224 0.0 0.014982954 0.0 0.048772052 0.11889416 0.0 0.0 0.0 0.066699736 0.0 0.0020693298 0.0 0.0 0.005517884 0.111042164
0.05877075 0.037025847 0.04944748 0.0 0.0 0.0 0.0 0.052325975 0.0 0.0320482 0.0 0.0 0.008365252 0.013016941 0.0 0.022022862 0.022204699 0.023109298 0.0 0.0 0.009994422 0.01182904 0.037950307 0.027610041 0.0 0.0 0.0 0.040766947 0.0 0.0 0.0 0.0 0.0 0.0 0.011606868 0.0 0.11594221 0.0 0.0 0.0 0.0 0.0 0.0 0.00825112 0.013941251 0.005592447 0.0 0.036254216 0.0 0.08080769 0.0 0.027473668 0.0 0.136477 0.014872508 0.003947384
0.0 0.028320575 0.0 0.0 0.0 0.011821449 0.014907524 0.0 0.0 0.0 0.0 0.0 0.0 0.0 0.011131847 0.0 0.02906583 0.0 0.0 0.0476478 0.0 0.0 0.0384923 0.0 0.035371654 0.059083816 0.0 0.025701635 0.01157181 0.018422356 0.0 0.044668816 0.0 0.09084287 0.08318791 0.0 0.0 0.0 0.0 0.013863708 0.0 0.0 0.0 0.046576712 0.0 0.0 0.0136509 0.030338572 0.0 0.033525586 0.0 0.0 0.008518741 0.032929037 0.010897664 0.0
0.025543781 0.0 0.0 0.0 0.0 0.038813524 0.0 0.04149547 0.020759108 0.015918685 0.008365253 0.0 0.0 0.0708717 0.0 0.0057299794 0.0 0.0 0.0 0.0 0.0 0.026004745 0.0 0.010860711 0.0 0.0144868875 0.055400327 0.1295999 0.0 0.0 0.054290112 0.0038445636 0.0 0.0 0.0 0.0 0.0 0.015569594 0.010603212 0.04834815 0.031801946 0.0 0.0 0.0064501213 0.0 0.010641126 0.0 0.0 0.0 0.0 0.05394894 0.09478601 0.0 0.0 0.11900283 0.0
0.0 0.0 0.0 0.0 0.0 0.0 0.055783965 0.0077710846 0.0 0.0 0.013016941 0.0 0.0708717 0.0 0.0 0.0 0.07076769 0.0 0.0 0.0 0.09128939 0.026201315 0.0 0.0 0.024750415 0.005242975 0.060149476 0.008880322 0.059943154 0.093128376 0.044118404 0.0 0.04880013 0.051244814 0.0032417956 0.0 0.03205421 0.0 0.019224547 0.03493539 0.01980004 0.15771545 0.028213646 0.05353305 0.015245418 0.0 0.049618844 0.0 0.0022301502 0.0 0.01897788 0.0 0.0 0.0 0.030690044 0.029075278
0.0 0.041353386 0.0 0.0078055416 0.034299955 0.047485545 0.0 0.0 0.0 0.0 0.0 0.011131846 0.0 0.0 0.010461067 0.022064796 0.0 0.0 0.024378872 0.0 0.013845136 0.0 0.0 0.0 0.07735001 0.0 0.0 0.0 0.0 0.022438854 0.0 0.1216546 0.036931317 0.028195128 0.0 0.0 0.0 0.018527491 0.02289689 0.0 0.0 0.0 0.03250026 0.0 0.0 0.021280725 0.065468885 0.0 0.07763443 0.0 0.0054591377 0.0 0.07900847 0.0 0.0 0.0
0.0 0.0 0.0 0.0 0.05183888 0.042728554 0.0031928779 0.0 0.015192591 0.0 0.02202286 0.0 0.0057299794 0.0 0.022064794 0.0 0.0 0.0 0.0 0.0 0.030807022 0.0 0.05191904 0.0 0.008860429 0.0078600105 0.0 0.07436296 0.0 0.023667227 0.1318045 0.02981806 0.013034868 0.011786442 0.0 0.056030307 0.02476915 0.050769396 0.0 0.006169701 0.0 0.015650392 0.0 0.0 0.0 0.03185765 0.0 0.0 0.03372255 0.0 0.023789626 0.015008926 0.041136395 0.006780263 0.0 0.0
0.058679167 0.0 0.0 0.0 0.0 0.0035145462 0.0 0.021807484 0.0 0.0 0.022204699 0.029065829 0.0 0.07076769 0.0 0.0 0.0 0.009763477 0.001637251 0.05217369 0.0 0.0 0.07595569 0.045932237 0.0 0.0 0.06944681 0.063722335 0.0 0.0 0.0 0.0 0.0 0.0 0.14920445 0.0 0.0 0.0 0.0 0.0 0.0 0.0 0.0 0.058563925 0.0 0.0015296886 0.0 0.0 0.0 0.0 0.043709334 0.030790787 0.03289943 0.010731643 0.0 0.0
0.0 0.034410045 0.025950475 0.014254714 0.04171076 0.034676284 0.02992603 0.0 0.1011827 0.0 0.023109298 0.0 0.0 0.0 0.0 0.0 0.009763477 0.0 0.0064794486 0.06629838 0.0984894 0.0 0.04668509 0.0 0.0 0.0 0.0 0.0 0.0 0.03083905 0.010762165 0.053702477 0.06552371 0.0 0.0056354087 0.006548335 0.0 0.0 0.0 0.0 0.0 0.0 0.0 0.027723545 0.0 0.0 0.0 0.029580016 0.019302538 0.019525846 0.0 0.0 0.0 0.0019750528 0.0 0.0
0.0 0.0 0.023071947 0.009469911 0.0 0.0 0.0 0.0 0.0 0.0 0.0 0.0 0.0 0.0 0.024378872 0.0 0.001637251 0.0064794486 0.0 0.026149094 0.03832396 0.017802529 0.055126235 0.0 0.02975802 0.015315393 0.0 0.004534739 0.0 0.011313592 0.004611845 0.0 0.0 0.0 0.0 0.0 0.0 0.0 0.14703871 0.0 0.0 0.0 0.0 0.013115561 0.112150915 0.0 0.007520772 0.078741774 0.0 0.16660625 0.0016090416 0.0 0.10555063 0.0 0.0 0.0
0.0 0.017040104 0.0 0.006542584 0.09696155 0.06472941 0.0 0.0 0.0 0.0 0.0 0.0476478 0.0 0.0 0.0 0.0 0.052173693 0.06629838 0.026149094 0.0 0.084914185 0.02517814 0.05454173 0.0 0.13728599 0.0 0.0 0.0 0.0 0.026293391 0.012260566 0.0 0.016192934 0.0061558653 0.0 0.0 0.0 0.025278715 0.0931278 0.0071039083 0.0 0.0 0.0 0.0 0.0 0.030286727 0.013084309 0.0 0.022462627 0.0 0.060027234 0.0 0.06381512 0.029946515 0.0 0.0
0.0 0.012158531 0.0 0.0 0.114466645 0.0 0.0 0.0 0.101147 0.0 0.009994422 0.0 0.0 0.09128939 0.013845136 0.03080702 0.0 0.09848941 0.038323957 0.084914185 0.046645906 0.0 0.0 0.0 0.0534101 0.0 0.0 0.00435367 0.0 0.034580827 0.0 0.066480845 0.0 0.0 0.0 0.014484426 0.0 0.0 0.0 0.0 0.0 0.0 0.0162459 0.038730137 0.0 0.0 0.09807697 0.0 0.0 0.0 0.0 0.0 0.021169432 0.027704775 0.00084991346 0.0
0.0 0.0 0.0 0.0 0.0 0.0 0.02003906 0.035885748 0.023936704 0.037781112 0.011829039 0.0 0.026004747 0.026201313 0.0 0.0 0.0 0.0 0.01780253 0.02517814 0.0 0.0 0.018213114 0.08357084 0.0 0.030376507 0.114886224 0.031592686 0.001684748 0.0 0.0 0.0 0.0 0.04472346 0.06602684 0.0 0.0 0.0 0.0 0.012205191 0.025100099 0.0 0.0 0.0 0.0 0.0 0.03375537 0.022492912 0.0 0.0 0.021287905 0.09588448 0.0 0.09142426 0.0 0.027026828
0.0 0.09983721 0.024894347 0.0 0.06730262 0.0 0.054968692 0.0 0.026168639 0.0 0.037950307 0.0384923 0.0 0.0 0.0 0.051919036 0.07595568 0.04668509 0.055126235 0.05454173 0.0 0.018213114 0.020346655 0.019537438 0.0076759844 0.0 0.0 0.00832375 0.0072305184 0.08200228 0.024878802 0.008012929 0.047578353 0.04664121 0.0019276427 0.0 0.029202651 0.020291876 0.01568558 0.0 0.0 0.04842756 0.0 0.032480687 0.0 0.0 0.0 0.043341532 0.06642155 0.0 0.051541585 0.0 0.0 0.0 0.0 0.0
0.0 0.057365526 0.0807829 0.12766573 0.0 0.087698124 0.0 0.022123734 0.07285824 0.0 0.027610041 0.0 0.01086071 0.0 0.0 0.0 0.04593224 0.0 0.0 0.0 0.0 0.08357083 0.019537436 0.0 0.0 0.0 0.0 0.0 0.0 0.0 0.0 0.0 0.01359159 0.0 0.0 0.0 0.029462148 0.07575359 0.0014886783 0.031956006 0.06409295 0.115700535 0.13852361 0.0 0.0 0.0 0.0 0.0 0.03812956 0.011296263 0.0 0.0 0.0 0.009346947 0.06379925 0.0
0.0 0.037522145 0.0 0.0 0.038239367 0.0 0.0528467 0.0 0.0 0.0 0.0 0.035371654 0.0 0.024750417 0.07735001 0.008860429 0.0 0.0 0.02975802 0.13728598 0.053410098 0.0 0.0076759844 0.0 0.024236292 0.0 0.0 0.0 0.0 0.02157137 0.0 0.123221174 0.008027103 0.013588518 0.0 0.019668559 0.0 0.0 0.0050193435 0.0 0.037756436 0.0015321395 0.020427743 0.03336129 0.0 0.0 0.10507806 0.0 0.018791644 0.0 0.0 0.0 0.08525783 0.033167064 0.025440557 0.0
0.07694843 0.0 0.0 0.0 0.0 0.0 0.039597966 0.040072568 0.0 0.07639585 0.0 0.059083816 0.014486887 0.0052429745 0.0 0.0078600105 0.0 0.0 0.015315394 0.0 0.0 0.030376507 0.0 0.0 0.0 0.06971355 0.0061550243 0.0 0.15403634 0.0 0.0 0.0 0.0 0.06557469 0.055000857 0.0 0.04821524 0.0 0.0 0.024523662 0.017156135 0.041182145 0.0064270743 0.0 0.016414719 0.0 0.01806569 0.0 0.0 0.0 0.0 0.029618736 0.010741587 0.04957174 0.06866044 0.023930533
0.0 0.0074109836 0.055198807 0.0055612833 0.007577928 0.013040507 0.0 0.0 0.0 0.0 0.0 0.0 0.055400327 0.06014948 0.0 0.0 0.0694468 0.0 0.0 0.0 0.0 0.11488623 0.0 0.0 0.0 0.0061550243 0.01935359 0.0 0.0 0.05097135 0.09538994 0.0 0.09705656 0.011521456 0.0 0.019787585 0.0 0.0 0.026245017 0.027302025 0.03214451 0.0 0.027160589 0.023658542 0.0 0.0 0.015383701 0.057039108 0.019810047 0.096934214 0.0126452595 0.0 0.0 0.050950807 0.0 0.0
0.0 0.017591912 0.0 0.0 0.006108928 0.056426186 0.0 0.0 0.022902867 0.0 0.040766947 0.025701635 0.1295999 0.008880322 0.0 0.07436296 0.063722335 0.0 0.004534739 0.0 0.00435367 0.031592686 0.00832375 0.0 0.0 0.0 0.0 0.0 0.0 0.1226696 0.076806195 0.0 0.021355124 0.0 0.0 0.0 0.035993222 0.0 0.0 0.0 0.02761459 0.08234522 0.075467825 0.009912619 0.0 0.08571601 0.0 0.0 0.0 0.0 0.044544913 0.0 7.76684e-06 0.023353184 0.037121657 0.0012783228
0.02725306 0.0 0.0 0.0 0.0 0.0 0.0025000165 0.010529763 0.0 0.0 0.0 0.01157181 0.0 0.05994315 0.0 0.0 0.0 0.0 0.0 0.0 0.0 0.001684748 0.007230518 0.0 0.0 0.15403634 0.0 0.0 0.0 0.0 0.0 0.0 0.0 0.0 0.07487193 0.0 0.0 0.0 0.0 0.05879035 0.21769153 0.0 0.0 0.0 0.0 0.007602742 0.0 0.0 0.0 0.034404304 0.006347169 0.0 0.0 0.016380932 0.08441209 0.065819226
0.0 0.0 0.0 0.0 0.0 0.025404297 0.0 0.0 0.021584842 0.0 0.0 0.018422358 0.0 0.093128376 0.022438854 0.023667227 0.0 0.03083905 0.011313592 0.026293391 0.034580823 0.0 0.08200228 0.0 0.021571368 0.0 0.05097135 0.12266961 0.0 0.0 0.0 0.07075278 0.013826094 0.0 0.007448303 0.0 0.0 0.0042300797 0.06902589 0.03924165 0.0 0.0 0.0 0.0 0.0 0.012527646 0.0 0.0 0.0 0.0 0.062383305 0.0 0.0015092082 0.0 0.039190065 0.0
0.0 0.031710517 0.0 0.0 0.0 0.0 0.0120596755 0.0 0.0 0.015498415 0.0 0.0 0.054290112 0.044118404 0.0 0.1318045 0.0 0.010762166 0.004611845 0.012260567 0.0 0.0 0.024878802 0.0 0.0 0.0 0.09538994 0.076806195 0.0 0.0 0.007571048 0.007871239 0.02126951 0.020862158 0.0041557844 0.0 0.028139297 0.0 0.0 0.0 0.0 0.0 0.0 0.014549606 0.0759296 0.0 0.0 0.049075883 0.0 0.014139845 0.0807154 0.0 0.0 0.02753776 0.034653373 0.0
0.0 0.0061149183 0.06803719 0.028800897 0.053279866 0.07325063 0.0 0.0 0.016808156 0.0 0.0 0.04466882 0.0038445636 0.0 0.1216546 0.029818062 0.0 0.053702477 0.0 0.0 0.066480845 0.0 0.008012929 0.0 0.12322117 0.0 0.0 0.0 0.0 0.07075278 0.0078712385 0.0 0.077357195 0.0 0.0 0.067975186 0.0 0.0 0.029452898 0.0 0.0 0.012360605 0.0051194197 0.0 0.0 0.024007441 0.05557186 0.0 0.06156037 0.050152324 0.0 0.0 0.08794687 0.0 0.0 0.0
0.008577053 0.0 0.0 0.003932279 0.0 0.0 0.029331805 0.019225877 0.09982596 0.005178982 0.0 0.0 0.0 0.04880013 0.03693132 0.013034867 0.0 0.06552371 0.0 0.016192935 0.0 0.0 0.047578357 0.01359159 0.008027104 0.0 0.09705656 0.021355124 0.0 0.013826094 0.02126951 0.0773572 0.0 0.024304543 0.021405244 0.09004367 0.0 0.0 0.0 0.015909322 0.0 0.0 0.0 0.0 0.0 0.0 0.04801901 0.048028607 0.0 0.0 0.0 0.0076929573 0.0 0.005637205 0.012378266 0.0
0.0 0.0 0.0025863633 0.0 0.01052319 0.0 0.0 0.0 0.0 0.0 0.0 0.090842865 0.0 0.051244814 0.028195128 0.011786443 0.0 0.0 0.0 0.0061558653 0.0 0.044723455 0.046641205 0.0 0.013588519 0.06557469 0.011521456 0.0 0.0 0.0 0.020862158 0.0 0.024304543 0.0 0.0 0.0 0.0 0.0 0.05177773 0.0066069337 0.0 0.0 0.028142158 0.0 0.041791826 0.06913131 0.0 0.030203233 0.061311517 0.005678037 0.0 0.0 0.10904432 0.0 0.06044905 0.0
0.0 0.024127828 0.08525066 0.067009166 0.0 0.059744313 0.05136847 0.0057997876 0.0 0.0 0.011606868 0.083187915 0.0 0.0032417956 0.0 0.0 0.14920443 0.0056354087 0.0 0.0 0.0 0.06602684 0.0019276427 0.0 0.0 0.055000853 0.0 0.0 0.07487193 0.0074483026 0.0041557844 0.0 0.021405244 0.0 0.0 0.0 0.05030234 0.0 0.0 0.0081289755 0.0116014825 0.013697424 0.02861225 0.0034945935 0.03044169 0.03291099 0.0 0.0 0.0 0.08526238 0.0 0.0 0.014814962 0.0 0.0 0.092018284
0.0 0.076155774 0.017177513 0.094971195 0.022927094 0.07089479 0.0 0.0 0.066967934 0.0 0.0 0.0 0.0 0.0 0.0 0.056030307 0.0 0.006548335 0.0 0.0 0.014484425 0.0 0.0 0.0 0.019668557 0.0 0.019787587 0.0 0.0 0.0 0.0 0.06797519 0.09004367 0.0 0.0 0.0 0.0 0.022558218 0.0018675026 0.009025516 0.04822983 0.015736649 0.02297163 0.0 0.0 0.0 0.0 0.006103173 0.07469769 0.0018237118 0.0 0.0029666133 0.02100485 0.0038431664 0.005165288 0.030443944
0.09096972 0.0007050454 0.016801886 0.036773976 0.0 0.0 0.0 0.053702172 0.0 0.08705643 0.11594221 0.0 0.0 0.032054212 0.0 0.024769148 0.0 0.0 0.0 0.0 0.0 0.0 0.029202651 0.029462148 0.0 0.048215237 0.0 0.035993222 0.0 0.0 0.028139295 0.0 0.0 0.0 0.05030234 0.0 0.08442101 0.07832879 0.0 0.0 0.0763799 0.0 0.0 0.0 0.075888425 0.0 0.0 0.0 0.014356838 0.0 0.020516315 0.0 0.0 0.0 0.0507803 0.062645786
0.018709429 0.06163092 0.042224232 0.012399436 0.024242386 0.0 0.0 0.10889889 0.0 0.04638426 0.0 0.0 0.015569594 0.0 0.018527491 0.0507694 0.0 0.0 0.0 0.025278714 0.0 0.0 0.020291876 0.07575359 0.0 0.0 0.0 0.0 0.0 0.0042300797 0.0 0.0 0.0 0.0 0.0 0.022558218 0.07832878 0.037226323 0.0 0.0 0.0 0.0 0.0 0.0 0.07345898 0.0 0.02496546 0.060388684 0.0 0.0023451603 0.0050868993 0.04894156 0.0 0.0 0.0 0.021699503
0.0 0.03701032 0.0 0.0 0.014766975 0.0 0.061181024 0.0 0.0 0.024489438 0.0 0.0 0.010603212 0.019224547 0.02289689 0.0 0.0 0.0 0.14703871 0.0931278 0.0 0.0 0.01568558 0.0014886783 0.0050193435 0.0 0.026245017 0.0 0.0 0.0690259 0.0 0.029452898 0.0 0.05177773 0.0 0.0018675026 0.0 0.0 0.0 0.0 0.0 0.0 0.0 0.07750023 0.0 0.0 0.1517546 0.011874274 0.0 0.02277094 0.0 0.03514567 0.025850195 0.0 0.0 0.0
0.0153251095 0.0 0.0 0.0 0.0 0.024174828 0.014163256 0.0 0.0 0.051758856 0.0 0.013863708 0.04834815 0.03493539 0.0 0.006169701 0.0 0.0 0.0 0.0071039083 0.0 0.012205191 0.0 0.031956006 0.0 0.024523662 0.027302025 0.0 0.058790352 0.03924165 0.0 0.0 0.01590932 0.0066069337 0.0081289755 0.009025515 0.0 0.0 0.0 0.0 0.006457894 0.09785808 0.041220237 0.06184824 0.0005530583 0.0 0.0074261096 0.020928726 0.009228486 0.0 0.06789616 0.13383086 0.0 0.0 0.040087443 0.020971537
0.050648853 0.016760705 0.0 0.0 0.0 0.0 0.018882904 0.0719072 0.0 0.029549224 0.0 0.0 0.031801946 0.01980004 0.0 0.0 0.0 0.0 0.0 0.0 0.0 0.025100099 0.0 0.06409294 0.037756436 0.017156135 0.032144513 0.027614592 0.21769153 0.0 0.0 0.0 0.0 0.0 0.0116014825 0.04822983 0.07637991 0.0 0.0 0.006457894 0.0 0.03493087 0.06464559 0.0 0.0 0.0 0.0 0.0 0.0 0.0 0.006653275 0.0 0.0 0.0 0.0 0.0692996
0.012170768 0.0 0.0 0.0 0.0 0.0 0.0 0.014614034 0.0 0.0 0.0 0.0 0.0 0.15771545 0.0 0.01565039 0.0 0.0 0.0 0.0 0.0 0.0 0.04842756 0.115700535 0.0015321395 0.041182145 0.0 0.08234522 0.0 0.0 0.0 0.012360605 0.0 0.0 0.013697424 0.015736649 0.0 0.0 0.0 0.09785808 0.034930866 0.0 0.0 0.0 0.040015783 0.0031235153 0.0 0.0 0.0 0.0 0.12281776 0.026070688 0.0 0.0 0.0 0.0
0.121038854 0.0 0.0 0.0 0.0 0.0 0.0 0.10147059 0.0 0.014982955 0.0 0.0 0.0 0.028213646 0.03250026 0.0 0.0 0.0 0.0 0.0 0.0162459 0.0 0.0 0.1385236 0.020427743 0.0064270743 0.027160589 0.075467825 0.0 0.0 0.0 0.0051194197 0.0 0.028142156 0.028612252 0.022971632 0.0 0.0 0.0 0.04122024 0.06464558 0.0 0.0 0.0 0.049842693 0.0 0.0 0.037043497 0.0 0.0 0.016067686 0.037748177 0.0 0.0 0.0 0.0
0.0 0.0 0.0 0.0 0.027224982 0.0 0.011520498 0.0 0.0 0.0 0.00825112 0.046576716 0.0064501213 0.05353305 0.0 0.0 0.058563925 0.027723543 0.013115561 0.0 0.038730137 0.0 0.032480687 0.0 0.033361293 0.0 0.023658542 0.00991262 0.0 0.0 0.014549605 0.0 0.0 0.0 0.0034945935 0.0 0.0 0.0 0.07750023 0.06184824 0.0 0.0 0.0 0.16095589 0.0 0.0 0.0 0.0 0.03384255 0.0 0.084409654 0.0 0.14465567 0.039232865 0.0 0.0
0.012981299 0.022686511 0.031485505 0.0023715645 0.0 0.0 0.010665624 0.0 0.0 0.048772056 0.013941252 0.0 0.0 0.015245419 0.0 0.0 0.0 0.0 0.112150915 0.0 0.0 0.0 0.0 0.0 0.0 0.016414719 0.0 0.0 0.0 0.0 0.0759296 0.0 0.0 0.041791826 0.030441688 0.0 0.07588843 0.07345898 0.0 0.0005530583 0.0 0.040015783 0.049842693 0.0 0.0 0.004063686 0.0 0.011779245 0.0 0.0 0.0 0.0 0.0 0.0 0.0 0.22340786
0.13460378 0.0 0.0 0.0 0.0 0.0 0.04808382 0.05164405 0.0031866746 0.11889417 0.005592447 0.0 0.010641126 0.0 0.021280725 0.03185765 0.0015296886 0.0 0.0 0.030286726 0.0 0.0 0.0 0.0 0.0 0.0 0.0 0.08571602 0.007602742 0.012527646 0.0 0.024007441 0.0 0.06913131 0.03291099 0.0 0.0 0.0 0.0 0.0 0.0 0.0031235153 0.0 0.0 0.004063686 0.0 0.034624934 0.011039881 0.0 0.0 0.0 0.057990033 0.0 0.10701091 0.0 0.017392509
0.0 0.0 0.012999283 0.02012031 0.0 0.0 0.0 0.0 0.0 0.0 0.0 0.0136509 0.0 0.049618844 0.06546888 0.0 0.0 0.0 0.0075207716 0.013084309 0.09807697 0.03375537 0.0 0.0 0.10507806 0.018065687 0.0153837 0.0 0.0 0.0 0.0 0.055571858 0.04801901 0.0 0.0 0.0 0.0 0.02496546 0.15175462 0.00742611 0.0 0.0 0.0 0.0 0.0 0.034624938 0.0 0.019949695 0.017432366 0.010309986 0.039176375 0.0 0.053703748 0.0 0.008165934 0.0
0.0 0.019206066 0.070355795 0.022421217 0.07328994 0.012451297 0.023414107 0.0 0.11772549 0.0 0.03625422 0.030338572 0.0 0.0 0.0 0.0 0.0 0.029580018 0.078741774 0.0 0.0 0.022492912 0.043341532 0.0 0.0 0.0 0.057039108 0.0 0.0 0.0 0.049075883 0.0 0.048028607 0.03020323 0.0 0.006103173 0.0 0.060388684 0.011874274 0.020928726 0.0 0.0 0.037043493 0.0 0.011779245 0.011039881 0.019949697 0.034023978 0.07416587 0.0 0.010389039 0.0 0.0 0.0006862974 0.010391958 0.0
0.0 0.091564596 0.0 0.0 0.03309348 0.0 0.0 0.124181785 0.04206903 0.0 0.0 0.0 0.0 0.0022301502 0.07763444 0.03372255 0.0 0.019302538 0.0 0.022462627 0.0 0.0 0.06642155 0.03812956 0.018791644 0.0 0.019810047 0.0 0.0 0.0 0.0 0.06156037 0.0 0.06131152 0.0 0.07469768 0.014356838 0.0 0.0 0.009228486 0.0 0.0 0.0 0.03384255 0.0 0.0 0.017432366 0.07416587 0.0 0.0 0.019735571 0.0 0.0 0.0065101814 0.0 0.0
0.0 0.0 0.0 0.0 0.08035484 0.0 0.017437786 0.0 4.3071323e-05 0.066699736 0.08080769 0.033525586 0.0 0.0 0.0 0.0 0.0 0.019525846 0.16660623 0.0 0.0 0.0 0.0 0.011296263 0.0 0.0 0.096934214 0.0 0.034404304 0.0 0.014139844 0.050152324 0.0 0.005678037 0.08526238 0.0018237118 0.0 0.0023451603 0.022770938 0.0 0.0 0.0 0.0 0.0 0.0 0.0 0.010309986 0.0 0.0 0.0 0.06895296 0.008443046 0.0 0.007292926 0.0 0.01733801
0.0 0.010525659 0.015680816 0.0 0.0 0.016101245 0.10183071 0.0 0.0 0.0 0.0 0.0 0.05394894 0.01897788 0.005459138 0.023789626 0.043709334 0.0 0.0016090416 0.060027238 0.0 0.021287907 0.05154159 0.0 0.0 0.0 0.012645259 0.044544913 0.0063471696 0.0623833 0.0807154 0.0 0.0 0.0 0.0 0.0 0.020516317 0.0050868997 0.0 0.06789616 0.0066532744 0.12281776 0.016067686 0.084409654 0.0 0.0 0.03917637 0.01038904 0.019735573 0.06895297 0.0063430863 0.0027861458 0.0 0.0712715 0.0 0.0024243742
0.0 0.0 0.13179594 0.12534638 0.0 0.10622275 0.0 0.0016197342 0.0071520125 0.0020693298 0.027473668 0.0 0.09478601 0.0 0.0 0.015008926 0.030790787 0.0 0.0 0.0 0.0 0.09588448 0.0 0.0 0.0 0.029618736 0.0 0.0 0.0 0.0 0.0 0.0 0.007692957 0.0 0.0 0.0029666133 0.0 0.048941564 0.03514567 0.13383086 0.0 0.026070686 0.037748177 0.0 0.0 0.057990033 0.0 0.0 0.0 0.008443046 0.0027861458 0.05136784 0.0 0.0 0.0042505492 0.026730396
0.0 0.007313608 0.0 0.0 0.07856735 0.012827031 0.08406792 0.017817438 0.0 0.0 0.0 0.008518741 0.0 0.0 0.07900846 0.041136395 0.032899424 0.0 0.105550624 0.06381511 0.021169432 0.0 0.0 0.0 0.08525783 0.010741587 0.0 7.76684e-06 0.0 0.0015092082 0.0 0.08794687 0.0 0.10904431 0.014814961 0.021004848 0.0 0.0 0.025850194 0.0 0.0 0.0 0.0 0.14465567 0.0 0.0 0.053703748 0.0 0.0 0.0 0.0 0.0 0.0 0.0016126753 0.0 0.0
0.0 0.0 0.0 0.029718515 0.12073467 0.027797576 0.0 0.0 0.008951332 0.0 0.136477 0.032929037 0.0 0.0 0.0 0.006780263 0.010731643 0.0019750528 0.0 0.029946515 0.027704775 0.091424264 0.0 0.009346947 0.033167064 0.049571738 0.050950807 0.023353184 0.016380934 0.0 0.02753776 0.0 0.005637205 0.0 0.0 0.0038431664 0.0 0.0 0.0 0.0 0.0 0.0 0.0 0.03923287 0.0 0.10701091 0.0 0.0006862974 0.006510182 0.0072929254 0.071271494 0.0 0.0016126753 0.0 0.021408364 0.0
0.045530893 0.024956884 0.005784942 0.0 0.0 0.0 0.029538024 0.0 0.0 0.0055178837 0.014872508 0.010897664 0.11900283 0.030690044 0.0 0.0 0.0 0.0 0.0 0.0 0.00084991346 0.0 0.0 0.06379925 0.025440559 0.06866044 0.0 0.037121657 0.08441209 0.03919006 0.034653373 0.0 0.012378267 0.06044905 0.0 0.005165288 0.050780296 0.0 0.0 0.040087443 0.0 0.0 0.0 0.0 0.0 0.0 0.008165934 0.010391958 0.0 0.0 0.0 0.0042505492 0.0 0.021408364 0.026645362 0.058954675
0.1494155 0.0 0.0 0.0 0.0 0.0 0.0 0.094490364 0.0 0.111042164 0.003947384 0.0 0.0 0.029075278 0.0 0.0 0.0 0.0 0.0 0.0 0.0 0.027026828 0.0 0.0 0.0 0.023930533 0.0 0.0012783228 0.06581922 0.0 0.0 0.0 0.0 0.0 0.092018284 0.030443946 0.062645786 0.021699503 0.0 0.020971537 0.0692996 0.0 0.0 0.0 0.22340786 0.017392509 0.0 0.0 0.0 0.01733801 0.002424374 0.026730398 0.0 0.0 0.058954675 0.060554616
