0.0 0.026348276 0.0 0.0 0.0 0.03274092 0.010740195 0.0 0.10538105 0.0 0.0 0.0013487579 0.0 0.10309054 0.0 0.08470961 0.10590793 0.07820094 0.0 0.0 0.005535368 0.0 0.07788242 0.0058774804 0.06752138 0.0025953327 0.0 0.02604591 0.0 0.0 0.0 0.01576356 0.0 0.0 0.0 0.0 0.0 0.0 0.0 0.03680455 0.046056364 0.08133282 0.0 0.042605348 0.0 0.0 0.0 0.0 0.004572157 0.10838762 0.0 0.0 0.04773391 0.0 0.0 0.06059434
0.026348276 0.0 0.0 0.007999485 0.0 0.0 0.0 0.0 0.0 0.0 0.0 0.072720975 0.0 0.0 0.05944905 0.0013069289 0.0 0.030199626 0.0 0.0 0.0 0.05125827 0.0 0.0 0.0236319 0.032101944 0.008312154 0.007372673 0.12272775 0.011060469 0.0 0.0 0.0 0.019568535 0.020546198 0.0025902502 0.0031648867 0.03312208 0.070258744 0.00665545 0.019725379 0.07898155 0.006751035 0.048556454 0.029923076 0.0 0.0 0.0 0.012140474 0.10925536 0.0 0.0 0.039791208 0.0 0.0 0.0
0.0 0.0 0.09904852 0.023715425 0.0 0.0 0.0 0.0 0.0 0.0 0.0 0.0 0.0 0.0 0.0 0.029301915 0.004809122 0.004230949 0.01663392 0.051284444 0.0 0.06067396 0.0 0.0 0.01650587 0.09919895 0.024894118 0.007519238 0.0 0.034366105 0.016271822 0.0 0.008379108 0.011498994 0.0 0.0 0.0 0.0 0.14164229 0.0 0.0 0.0 0.010011409 0.012686136 0.033887908 0.07701023 0.013122274 0.023930123 0.05682266 0.0 0.020207232 0.0 0.1075415 0.017809272 1.351e-26 0.009225428
0.0 0.007999485 0.023715427 0.0475468 0.0 0.0 0.0 0.0 0.0 0.0 0.12725359 0.042642716 0.0 0.0 0.06164975 0.0 0.0 0.025655288 0.0058591296 0.009118608 0.0 0.0 0.002204712 0.05549993 0.0034061158 0.0 0.027072076 0.01937928 0.0 0.0 0.020465206 0.0 0.0 0.032225072 0.11036 0.0 0.06522716 0.06253621 0.010299581 0.0 0.0 0.0 0.0 0.0 0.033388924 0.004054972 0.0034823264 0.012997753 0.0 0.0 0.07630808 0.030906007 0.0 0.0 0.072744526 0.0
0.0 0.0 0.0 0.0 0.037708387 0.0 0.0 0.0 0.010518205 0.0 0.06609786 0.0 0.0 0.0 0.013636088 0.0 0.0 0.0 0.02206646 0.07340876 0.0 0.0 0.0 0.0 0.020059388 0.0 0.00929087 0.0 0.0 0.0 0.09646854 0.0 0.0 0.0 0.06724118 0.07424736 0.0 0.033935808 0.10577646 0.0 0.0 0.026222257 0.017950598 0.0 0.05319422 0.031060014 0.0 0.0018109098 0.0 0.0 0.024103604 0.07450702 0.0 0.0032875584 0.04760497 0.0
0.032740917 0.0 0.0 0.0 0.0 0.0011671628 0.032707363 0.0819497 0.0 0.0 0.026957266 0.011813765 0.0792732 0.020905418 0.0 0.015176806 0.0 0.0 0.0 0.016684258 0.0 0.0 0.0 0.0 0.0 0.074815825 0.0 0.0 0.11158643 0.012081622 0.0 0.0 0.0 0.04605028 0.045202803 0.002682681 0.11482224 0.0 0.0 0.0 0.0 0.0 0.0 0.0 0.051832702 0.0 0.00121046 0.0 0.0 0.0 0.051421467 0.030519005 0.0 0.02075162 0.0 0.0
0.010740196 0.0 0.0 0.0 0.0 0.032707363 0.0 0.0 0.0 0.0 0.0 0.0 0.015279903 0.05640187 0.0020411632 0.0044138404 0.0 0.0 0.0 0.0 0.0070382305 0.05712382 0.035903282 0.0 0.0 0.08308695 0.0 0.0 0.0 0.041590117 0.0 0.0 0.16363637 0.028104026 0.0 0.0 0.0 0.0 0.028284417 0.0 0.011789181 0.0 0.0 0.1383305 0.045952052 0.019448752 0.0 0.046154875 0.0 0.0059255543 0.009788738 0.0 0.022659395 0.028993158 0.0 0.0
0.0 0.0 0.0 0.0 0.0 0.0819497 0.0 0.0 0.041761957 0.004272728 0.0 0.0 0.007612945 0.11689549 0.0 0.074161015 0.088221475 0.07715296 0.0 0.0 0.0 0.0 0.105483145 0.0 0.03715601 0.02021642 0.0 0.02718123 0.0 0.030582275 0.0 0.003967066 0.0 0.0 0.0 0.0 0.0 0.0 0.0 0.12164168 0.089979246 0.0 0.0 0.029918732 0.0 0.0 0.0 0.0 0.10934375 0.030643597 0.0 0.0 0.0 0.0 0.049504828 0.10190331
0.10538104 0.0 0.0 0.0 0.010518205 0.0 0.0 0.041761953 0.0 0.0 0.0 0.0 0.00722596 0.037896007 0.0032987986 0.0 0.0 0.0 0.0 0.0 0.016409677 0.0 0.0 0.0 0.004461127 0.045929138 0.033416416 0.07292281 0.07828465 0.0 0.0 0.0 0.0 0.0 0.090955354 0.042660777 0.0 0.0 0.0 0.01386078 0.0585636 0.0 0.0 0.0 0.08547673 0.009275351 0.0 0.0 0.0 0.0 0.006780195 0.10546624 0.0 0.07872148 0.015061021 0.0
0.0 0.0 0.0 0.0 0.0 0.0 0.0 0.004272728 0.0 0.0 0.0 0.0 0.0 0.046983715 0.0 0.0 0.08293187 0.0 0.0 0.0 0.0 0.0 0.084343486 0.0 0.0121091325 0.0 0.0 0.014881577 0.0 0.0 0.0 0.0 0.0 0.0 0.040333405 0.0 0.0 0.0 0.0 0.026216388 0.12491175 0.0 0.0 0.030575039 0.0 0.0 0.0 0.0 0.0 0.17045665 0.045872215 0.0118387155 0.0 0.025696214 0.01115047 0.14773205
0.0 0.0 0.0 0.12725359 0.06609786 0.026957266 0.0 0.0 0.0 0.0 0.0 0.0 0.0 0.0 0.0 0.0 0.00774205 0.009896404 0.02005969 0.06907612 0.08795245 0.0 0.0 0.0 0.018573927 0.0 0.024497198 0.0041622315 0.0 0.066133164 0.037892204 0.18610498 0.0084573375 0.0 0.0 0.05792612 0.008672438 0.0 0.016967617 0.01166578 0.010054832 0.038738526 0.005961211 0.019800924 0.0 0.026177887 0.0 0.0 0.0 0.0 0.0 0.0 0.03338518 0.0 0.038927957 0.0
0.001348758 0.07272098 0.0 0.042642713 0.0 0.011813765 0.0 0.0 0.0 0.0 0.0 0.03140471 0.0 0.0 0.107567586 0.11372085 0.0 0.0 0.0 0.0 0.0 0.12125116 0.0 0.0 0.0 0.10323873 0.052546415 0.0 0.0 0.03036842 0.0 0.025569761 0.0 0.06668513 0.024172895 0.0 0.009673992 0.0 0.0 0.029828979 0.0 0.0 0.0060265646 0.0 0.013078196 0.015970733 0.009125298 0.0 0.0 0.0 0.057968363 0.0 0.0 0.0 0.0011606865 0.0
0.0 0.0 0.0 0.0 0.0 0.07927321 0.015279903 0.007612944 0.00722596 0.0 0.0 0.0 0.0 0.053190928 0.057922244 0.025093189 0.017634317 0.0 0.017552933 0.043525267 0.026337529 0.0 0.1020226 0.0 0.0 0.0 0.109694615 0.059137724 0.0 0.0 0.0 0.0 0.0 0.0 0.0 0.033166897 0.0 0.0 0.0 0.06813033 0.0 0.0 0.0 0.0 0.0 0.020074302 0.0 0.0 0.0 0.01793604 0.0012112187 0.028035343 0.0 0.0 0.03688862 0.0
0.10309054 0.0 0.0 0.0 0.0 0.020905418 0.05640187 0.11689548 0.037896007 0.046983715 0.0 0.0 0.053190928 0.073335275 0.0 0.0 0.024018295 0.0 0.0 0.0 0.0 0.0 0.01968229 0.07565281 0.0 0.0 0.0 0.022376446 0.0 0.0 0.0 0.0 0.0 0.0 0.0054316726 0.022012057 0.04664788 0.00786465 0.0 0.07644714 0.040132295 0.0 0.0 0.0 0.05018158 0.0 0.0044852966 0.072703004 0.0 0.0 0.016077008 0.034082722 0.008887391 0.0 0.0 0.0
0.0 0.05944905 0.0 0.06164975 0.013636088 0.0 0.0020411632 0.0 0.0032987986 0.0 0.0 0.107567586 0.057922244 0.0 0.027855778 0.048573107 0.0 0.0 0.0 0.108451135 0.0 0.082162455 0.0 0.0 0.016393013 0.014777179 0.062165383 0.0 0.0 0.0061135446 0.0 0.0 0.0 0.026895937 0.0 0.017171033 0.0 0.006047361 0.0 0.0 0.016055042 0.068225324 0.007248402 0.0 0.0 0.0 0.0 0.0 0.0 0.0065694097 0.0 0.0 0.0 0.082485154 0.0 0.0
0.08470961 0.0013069288 0.029301912 0.0 0.0 0.015176807 0.004413841 0.074161015 0.0 0.0 0.0 0.11372086 0.025093189 0.0 0.048573107 0.070404075 0.0 0.007899132 0.016750664 0.0 0.0 0.054189283 0.04585179 0.0 0.0 0.03920503 0.05503892 0.09422862 0.020789798 0.01070373 0.0 0.0 0.0 0.05913789 0.0125938 0.0 0.0 0.0 0.0 0.03346657 0.0 0.0 0.0 0.035203114 0.0 0.0 0.0 0.0 0.0 0.0 0.025969682 0.0028464335 0.01587879 0.0 0.038420536 0.0
0.10590794 0.0 0.0048091225 0.0 0.0 0.0 0.0 0.08822147 0.0 0.08293187 0.00774205 0.0 0.017634317 0.024018295 0.0 0.0 0.0 0.0 0.0 0.0 0.0 0.0 0.023525279 0.056245424 0.005720519 0.14039871 0.0 0.040938754 0.0 0.0 0.0 0.0 0.0 0.024670305 0.0 0.0 0.0 0.0 0.0 0.0 0.0029942922 0.0 0.0 0.007245564 0.08704378 0.050359305 0.0 0.02401421 0.0 0.0102000395 0.038882505 0.07418609 0.0 0.004153548 0.0 0.0071716844
0.07820094 0.030199628 0.004230949 0.02565529 0.0 0.0 0.0 0.07715296 0.0 0.0 0.009896404 0.0 0.0 0.0 0.0 0.007899132 0.0 0.0 0.055746216 0.012083396 0.00051175867 0.0 0.0 0.020357847 0.0 0.0044141114 0.0 0.020126073 0.0 0.00037239163 0.0 0.0 0.0 0.0 0.026711361 0.027717033 0.059172653 0.0 0.0 0.0 0.0 0.0 0.051811814 0.0 0.14081904 0.0 0.011957018 0.0 0.0 0.0 0.025877181 0.055110656 0.0 0.075348444 0.0 0.0
0.0 0.0 0.01663392 0.0058591296 0.022066463 0.0 0.0 0.0 0.0 0.0 0.02005969 0.0 0.017552933 0.0 0.0 0.016750665 0.0 0.055746216 0.0 0.06248235 0.015317249 0.0 0.0013634157 0.0 0.035796955 0.0106741395 0.080727264 0.0 0.0 0.089337975 0.053017624 0.0 0.11011557 0.0 0.0 0.0 0.0 0.03396087 0.0 0.015379451 0.0 0.0 0.0 0.019302193 0.0 0.03330419 0.0 0.0 0.018112186 0.0 0.08966935 0.0 0.0 0.0 0.09860624 0.0
0.0 0.0 0.051284447 0.009118608 0.07340876 0.016684256 0.0 0.0 0.0 0.0 0.06907613 0.0 0.04352527 0.0 0.108451135 0.0 0.0 0.012083396 0.062482353 0.0645073 0.04605455 0.0 0.0 0.0 0.0 0.0 0.010859392 0.0 0.030386485 0.0 0.06643621 0.01659298 0.014515873 0.0 0.035429243 0.0 0.024557414 0.0 0.0054431534 0.0 0.0 0.0 0.025346043 0.0 0.024581486 0.022421973 0.031167991 0.056565337 0.0 0.0 0.059404958 0.0 0.0 0.032860715 0.0 0.0
0.005535368 0.0 0.0 0.0 0.0 0.0 0.007038231 0.0 0.016409677 0.0 0.08795246 0.0 0.026337529 0.0 0.0 0.0 0.0 0.00051175867 0.015317249 0.04605455 0.0814792 0.0 0.0 0.0 0.0 0.0 0.0 0.0 0.0 0.009089557 0.032572698 0.0 0.0 0.0 0.020160675 0.01339826 0.086551875 0.009036391 0.0 0.0 0.0 0.0 0.071519725 0.0 0.07020603 0.041276004 0.01541522 0.013195548 0.010342256 0.0 0.10994756 0.058896493 0.044561733 0.0 0.030614719 0.0
0.0 0.05125827 0.060673967 0.0 0.0 0.0 0.057123825 0.0 0.0 0.0 0.0 0.12125116 0.0 0.0 0.082162455 0.054189283 0.0 0.0 0.0 0.0 0.0 0.076231375 0.0 0.013147065 0.028375152 0.04078204 0.004038298 0.0 0.0 0.04547056 0.0 0.0 0.0 0.069929935 0.0 0.0 0.0 0.0019795385 0.0 0.0 0.0 0.0 0.03750156 0.018386964 0.0028252327 0.061212048 0.0022651202 0.0064116507 0.019075258 0.0 0.013955268 0.0 0.046486385 0.0092088785 0.0 0.077406935
0.07788242 0.0 0.0 0.002204712 0.0 0.0 0.035903286 0.105483145 0.0 0.08434349 0.0 0.0 0.1020226 0.01968229 0.0 0.045851793 0.023525279 0.0 0.0013634157 0.0 0.0 0.0 0.0 0.023292584 0.019831 0.0 0.0 0.06980248 0.0 0.0 0.0 0.0 0.0 0.0 0.01668232 0.0 0.18257536 0.0 0.0 0.00935559 0.0044601914 0.0 0.0 0.0053465813 0.0 0.0 0.055097997 0.0 0.0 0.017969273 0.0 0.013864201 0.0 0.0 0.00921642 0.05727087
0.0058774804 0.0 0.0 0.05549993 0.0 0.0 0.0 0.0 0.0 0.0 0.0 0.0 0.0 0.075652815 0.0 0.0 0.056245428 0.020357847 0.0 0.0 0.0 0.0131470645 0.023292584 0.0 0.013426536 0.0 0.0022583068 0.022895383 0.16283204 0.028783264 0.0 0.0 0.0 0.004045512 0.01581158 0.0 0.0 0.0 0.0 0.067012735 0.152155 0.011871744 0.01517343 0.14294322 0.0 0.0 0.0 0.0 0.0 0.04753055 0.0 0.032840136 0.0027403885 0.057295665 0.0 0.11124189
0.067521386 0.0236319 0.016505871 0.0034061158 0.020059388 0.0 0.0 0.037156012 0.0044611264 0.0121091325 0.018573927 0.0 0.0 0.0 0.016393013 0.0 0.005720519 0.0 0.035796955 0.0 0.0 0.02837515 0.019831 0.013426536 0.0 0.013609453 0.0 0.0 0.04678053 0.0 0.0 0.0 0.0 0.071838535 0.10071952 0.0 0.011986575 0.019998062 0.012723551 0.0 0.0 0.020017266 0.039253425 0.0 0.14300235 0.0906776 0.0 0.03549241 0.0 0.0 0.029477285 0.084206164 0.0 0.0 0.0 0.0
0.0025953327 0.032101944 0.09919895 0.0 0.0 0.07481582 0.08308695 0.02021642 0.04592914 0.0 0.0 0.10323873 0.0 0.0 0.014777178 0.03920503 0.14039871 0.0044141114 0.0106741395 0.0 0.0 0.04078204 0.0 0.0 0.013609453 0.0 0.038416225 0.0 0.0 0.017734773 0.0 0.008926501 0.0 0.0 0.0 0.006306227 0.0 0.034321416 0.0 0.007115203 0.0 0.030387083 0.011669271 0.0 0.0 0.0 0.045712665 0.0 0.008812165 0.0 0.0 0.0 0.049297813 0.007176772 0.0 0.0
0.0 0.008312154 0.024894118 0.027072074 0.009290869 0.0 0.0 0.0 0.033416416 0.0 0.0244972 0.052546415 0.10969462 0.0 0.062165387 0.05503892 0.0 0.0 0.080727264 0.010859392 0.0 0.004038298 0.0 0.0022583066 0.0 0.038416225 0.05789519 0.0030152546 0.0 0.045085225 0.029264195 0.0 0.025332695 0.0 0.0 0.0 0.058005363 0.022022463 0.0 0.05627865 0.0056310943 0.0 0.02930839 0.0 0.002904601 0.0 0.032413088 0.004891316 0.00816239 0.0 0.00668489 0.0 0.05762682 0.052309543 0.060181804 0.0
0.02604591 0.0073726736 0.007519238 0.019379279 0.0 0.0 0.0 0.02718123 0.07292281 0.014881577 0.0041622315 0.0 0.059137724 0.022376446 0.0 0.09422862 0.04093875 0.020126073 0.0 0.0 0.0 0.0 0.06980247 0.022895383 0.0 0.0 0.0030152544 0.016149333 0.0 0.0 0.012454847 0.03008032 0.0 0.0 0.0 0.0 0.060194768 0.0064632725 0.0 0.0 0.0 0.029677255 0.0 0.016465897 0.0 0.0 0.101928875 0.003613758 0.049198914 0.012248737 0.0 0.0 0.030895306 0.0 0.008697735 0.022300461
0.0 0.12272775 0.0 0.0 0.0 0.11158643 0.0 0.0 0.07828465 0.0 0.0 0.0 0.0 0.0 0.0 0.020789796 0.0 0.0 0.0 0.030386487 0.0 0.0 0.0 0.16283204 0.04678053 0.0 0.0 0.0 0.006125079 0.0 0.0 0.07005081 0.06750281 0.00027120818 0.005995007 0.06254302 0.0 0.059082698 0.0 0.0 0.0 0.0 0.021735167 0.0 0.0 0.0 0.0 0.003514975 0.0 0.028556142 0.0 0.0 0.0 0.0 0.0 0.0059468052
0.0 0.011060469 0.0343661 0.0 0.0 0.012081622 0.041590117 0.030582275 0.0 0.0 0.066133164 0.03036842 0.0 0.0 0.006113544 0.01070373 0.0 0.00037239163 0.08933798 0.0 0.0090895565 0.045470566 0.0 0.028783266 0.0 0.017734773 0.045085225 0.0 0.0 0.08443276 0.048769653 0.0 0.009723687 0.060126282 0.0041894037 0.022450201 0.0 0.0 0.0 0.01751959 0.0 0.0048841755 0.076313466 0.0 0.058521345 0.08147166 0.0 0.023088828 0.0 0.0 0.0 0.0 0.0 0.057905633 0.0 0.0
0.0 0.0 0.016271822 0.020465206 0.09646854 0.0 0.0 0.0 0.0 0.0 0.037892204 0.0 0.0 0.0 0.0 0.0 0.0 0.0 0.053017627 0.0664362 0.032572698 0.0 0.0 0.0 0.0 0.0 0.029264195 0.012454848 0.0 0.048769653 0.043363262 0.06825352 0.029304972 0.020676255 0.007184351 0.033896044 0.020849783 0.08249967 0.07666993 0.0 0.0 0.0 0.07555774 0.0 0.010426843 0.041560933 0.0 0.0034316138 0.0 0.0 0.058208954 0.061979312 0.0 0.0 0.017829783 0.0
0.01576356 0.0 0.0 0.0 0.0 0.0 0.0 0.0039670654 0.0 0.0 0.18610498 0.025569763 0.0 0.0 0.0 0.0 0.0 0.0 0.0 0.01659298 0.0 0.0 0.0 0.0 0.0 0.008926501 0.0 0.03008032 0.07005082 0.0 0.06825352 0.0 0.0 0.039918587 0.08941244 0.0 0.064389415 0.012077587 0.0 0.0 0.0 0.028446749 0.030964198 0.0028571917 0.08507117 0.017540986 0.0 0.0008105802 0.0 0.0 0.0016692389 0.052363332 0.0 0.018162478 0.0 0.0
0.0 0.0 0.008379109 0.0 0.0 0.0 0.16363637 0.0 0.0 0.0 0.0084573375 0.0 0.0 0.0 0.0 0.0 0.0 0.0 0.11011557 0.014515873 0.0 0.0 0.0 0.0 0.0 0.0 0.025332695 0.0 0.06750281 0.009723686 0.029304974 0.0 0.0 0.0 0.0 0.0 0.08114397 0.0 0.0 0.0 0.0 0.0 0.027540006 0.0 0.0 0.026642082 0.17904496 0.0022589997 0.05354189 0.0 0.0 0.0 0.0 0.06416086 0.0 0.0
0.0 0.019568535 0.011498994 0.032225072 0.0 0.04605028 0.028104026 0.0 0.0 0.0 0.0 0.06668513 0.0 0.0 0.026895938 0.059137885 0.024670305 0.0 0.0 0.0 0.0 0.069929935 0.0 0.0040455125 0.07183854 0.0 0.0 0.0 0.00027120818 0.06012628 0.020676257 0.039918587 0.0 0.0 0.0 0.0 0.0 0.027127365 0.074433856 0.0 0.042779773 0.060500424 0.010935941 0.0 0.0043148138 0.050249368 0.0 0.0 0.04080752 0.015999762 0.0 0.0 0.014068316 0.0 0.0 0.0028789807
0.0 0.020546198 0.0 0.11036 0.06724118 0.045202803 0.0 0.0 0.090955354 0.040333405 0.0 0.024172895 0.0 0.0054316726 0.0 0.0125938 0.0 0.02671136 0.0 0.035429243 0.020160675 0.0 0.01668232 0.015811581 0.10071952 0.0 0.0 0.0 0.0059950077 0.0041894033 0.0071843513 0.08941244 0.0 0.0 0.0 0.08766511 0.0 0.056420084 0.002949854 0.0 0.024352154 0.07534846 0.0 0.017785238 0.0 0.035186354 0.0 0.00966609 0.022150286 0.0 0.0 0.0 0.0 0.0 0.0 0.03307189
0.0 0.0025902502 0.0 0.0 0.07424736 0.0026826807 0.0 0.0 0.042660777 0.0 0.05792612 0.0 0.033166897 0.022012057 0.017171033 0.0 0.0 0.027717033 0.0 0.0 0.01339826 0.0 0.0 0.0 0.0 0.0063062273 0.0 0.0 0.06254302 0.022450201 0.03389604 0.0 0.0 0.0 0.0876651 0.05987412 0.009368164 0.07004942 0.0 0.0 0.017353082 0.05044049 0.072957374 0.06304747 0.051594947 0.03454852 0.0 0.0 0.0017629428 0.0 0.0 0.024065481 0.0 0.0042854557 0.0 0.0
0.0 0.0031648867 0.0 0.06522716 0.0 0.11482223 0.0 0.0 0.0 0.0 0.008672439 0.009673992 0.0 0.04664788 0.0 0.0 0.0 0.059172656 0.0 0.024557414 0.08655187 0.0 0.18257536 0.0 0.011986575 0.0 0.058005366 0.060194768 0.0 0.0 0.020849783 0.064389415 0.08114396 0.0 0.0 0.009368164 0.023863576 0.032059915 0.0 0.0 0.038905673 0.0 0.008336786 0.041288786 0.0 0.00659534 0.0 0.0 0.03742897 0.0 0.048873745 0.0 0.0 0.0 0.020092303 0.0
0.0 0.03312208 0.0 0.06253621 0.033935808 0.0 0.0 0.0 0.0 0.0 0.0 0.0 0.0 0.00786465 0.006047361 0.0 0.0 0.0 0.033960875 0.0 0.009036391 0.0019795385 0.0 0.0 0.01999806 0.034321416 0.022022463 0.006463273 0.0590827 0.0 0.08249966 0.012077587 0.0 0.027127367 0.05642008 0.07004942 0.032059915 0.0 0.027737351 0.0 0.014712159 0.05949514 0.060359776 0.0 0.0 0.028129414 0.021967197 0.0 0.0 0.0 0.0 0.05773307 0.0 0.12544006 0.0 0.0
0.0 0.070258744 0.14164229 0.01029958 0.10577645 0.0 0.028284417 0.0 0.0 0.0 0.016967617 0.0 0.0 0.0 0.0 0.0 0.0 0.0 0.0 0.005443153 0.0 0.0 0.0 0.0 0.01272355 0.0 0.0 0.0 0.0 0.0 0.07666993 0.0 0.0 0.07443386 0.002949854 0.0 0.0 0.027737351 0.045689583 0.055350944 0.0 0.0641846 0.0 0.0 0.0 0.048853274 0.037801992 0.07588081 0.042379156 0.0 0.0 0.0 0.017285734 0.033668455 0.0 0.0
0.03680455 0.00665545 0.0 0.0 0.0 0.0 0.0 0.12164168 0.01386078 0.02621639 0.01166578 0.029828977 0.06813033 0.07644713 0.0 0.03346657 0.0 0.0 0.01537945 0.0 0.0 0.0 0.009355591 0.06701274 0.0 0.007115203 0.056278653 0.0 0.0 0.01751959 0.0 0.0 0.0 0.0 0.0 0.0 0.0 0.0 0.055350944 0.072376795 0.030091338 0.0 0.0 0.0 0.0 0.0 0.004198971 0.043309104 0.0 0.0 0.0 0.047372095 0.0 0.0 0.0 0.010532839
0.046056364 0.019725379 0.0 0.0 0.0 0.0 0.011789182 0.089979246 0.058563605 0.12491175 0.010054832 0.0 0.0 0.040132295 0.016055042 0.0 0.0029942924 0.0 0.0 0.0 0.0 0.0 0.0044601914 0.152155 0.0 0.0 0.0056310943 0.0 0.0 0.0 0.0 0.0 0.0 0.042779777 0.024352154 0.017353082 0.038905676 0.014712159 0.0 0.03009134 0.028404713 0.0 0.018265868 0.0 0.0027481685 0.0 0.045906376 0.04050496 0.0062781298 0.0 0.0 0.030034233 0.0 0.0 0.0 0.0
0.08133282 0.07898155 0.0 0.0 0.026222257 0.0 0.0 0.0 0.0 0.0 0.03873853 0.0 0.0 0.0 0.06822532 0.0 0.0 0.0 0.0 0.0 0.0 0.0 0.0 0.011871744 0.020017266 0.030387081 0.0 0.029677255 0.0 0.0048841755 0.0 0.028446747 0.0 0.060500424 0.07534846 0.05044049 0.0 0.05949514 0.06418459 0.0 0.0 0.0 0.07231126 0.052048914 0.0 0.0 0.0 0.030702576 0.015936056 0.0 0.020394566 0.054039143 0.0 0.0 0.0 0.0
0.0 0.006751035 0.010011409 0.0 0.017950596 0.0 0.0 0.0 0.0 0.0 0.005961211 0.0060265646 0.0 0.0 0.007248402 0.0 0.0 0.051811814 0.0 0.025346043 0.071519725 0.03750156 0.0 0.01517343 0.03925343 0.011669272 0.02930839 0.0 0.021735169 0.076313466 0.07555774 0.030964198 0.027540008 0.010935941 0.0 0.07295738 0.008336785 0.060359776 0.0 0.0 0.018265868 0.07231126 0.0 0.03237927 0.0 0.0 0.0 0.0 0.026907984 0.0 0.00561873 0.022718664 0.035937313 0.046596687 0.0 0.0
0.042605348 0.048556454 0.012686136 0.0 0.0 0.0 0.13833052 0.02991873 0.0 0.030575039 0.019800924 0.0 0.0 0.0 0.0 0.035203114 0.007245564 0.0 0.019302195 0.0 0.0 0.018386964 0.0053465813 0.1429432 0.0 0.0 0.0 0.016465897 0.0 0.0 0.0 0.0028571917 0.0 0.0 0.017785238 0.063047476 0.041288782 0.0 0.0 0.0 0.0 0.052048914 0.03237927 0.0 0.0 0.05651928 0.05076012 0.047778524 0.0 0.0 0.0 0.001329167 0.04134136 0.0010393849 0.0 0.017751435
0.0 0.029923074 0.033887908 0.033388924 0.05319422 0.051832702 0.04595205 0.0 0.08547673 0.0 0.0 0.013078195 0.0 0.05018158 0.0 0.0 0.08704378 0.14081903 0.0 0.024581488 0.07020603 0.0028252327 0.0 0.0 0.14300235 0.0 0.0029046012 0.0 0.0 0.05852135 0.010426843 0.08507117 0.0 0.0043148138 0.0 0.051594947 0.0 0.0 0.0 0.0 0.0027481685 0.0 0.0 0.0 0.0 0.0 0.022662887 0.009476395 0.06357985 0.06724587 0.0 0.0 0.0 0.0 0.0 0.0
0.0 0.0 0.07701023 0.004054972 0.03106001 0.0 0.019448752 0.0 0.009275351 0.0 0.026177887 0.015970733 0.020074302 0.0 0.0 0.0 0.05035931 0.0 0.03330419 0.022421975 0.041276004 0.061212048 0.0 0.0 0.090677604 0.0 0.0 0.0 0.0 0.08147166 0.041560933 0.017540986 0.026642082 0.050249368 0.035186354 0.034548517 0.00659534 0.028129416 0.04885327 0.0 0.0 0.0 0.0 0.05651928 0.0 0.0 0.0 0.0 0.014181517 0.0027357517 0.0 0.0 0.16283336 0.03257238 0.0 0.0
0.0 0.0 0.013122274 0.0034823266 0.0 0.00121046 0.0 0.0 0.0 0.0 0.0 0.009125297 0.0 0.0044852966 0.0 0.0 0.0 0.011957018 0.0 0.031167993 0.015415219 0.0022651202 0.055098 0.0 0.0 0.045712665 0.032413088 0.101928875 0.0 0.0 0.0 0.0 0.17904498 0.0 0.0 0.0 0.0 0.021967197 0.037801992 0.004198971 0.045906376 0.0 0.0 0.05076012 0.022662887 0.0 0.0 0.018656312 0.05788496 0.014152876 0.1670477 0.048646133 0.0029377993 0.0 0.033289507 0.0
0.0 0.0 0.023930125 0.012997753 0.00181091 0.0 0.046154875 0.0 0.0 0.0 0.0 0.0 0.0 0.072703 0.0 0.0 0.02401421 0.0 0.0 0.056565333 0.013195547 0.0064116507 0.0 0.0 0.03549241 0.0 0.004891316 0.003613758 0.0035149753 0.023088828 0.0034316138 0.0008105802 0.0022589995 0.0 0.00966609 0.0 0.0 0.0 0.07588082 0.043309104 0.040504962 0.030702576 0.0 0.047778524 0.009476395 0.0 0.018656312 0.120403886 0.0 0.16150568 0.05465196 0.0 0.06255158 0.0 0.08428252 0.0
0.004572157 0.012140474 0.05682266 0.0 0.0 0.0 0.0 0.10934375 0.0 0.0 0.0 0.0 0.0 0.0 0.0 0.0 0.0 0.0 0.018112184 0.0 0.010342256 0.01907526 0.0 0.0 0.0 0.008812165 0.00816239 0.049198914 0.0 0.0 0.0 0.0 0.05354189 0.04080752 0.022150286 0.0017629428 0.037428975 0.0 0.04237916 0.0 0.0062781298 0.015936056 0.026907984 0.0 0.06357985 0.014181517 0.057884958 0.0 0.0 0.0 0.04386985 0.069165885 0.0 0.0 0.062636085 0.0
0.10838762 0.109255366 0.0 0.0 0.0 0.0 0.0059255543 0.030643597 0.0 0.17045665 0.0 0.0 0.017936042 0.0 0.0065694097 0.0 0.0102000395 0.0 0.0 0.0 0.0 0.0 0.017969275 0.047530547 0.0 0.0 0.0 0.012248737 0.028556142 0.0 0.0 0.0 0.0 0.015999762 0.0 0.0 0.0 0.0 0.0 0.0 0.0 0.0 0.0 0.0 0.06724588 0.0027357517 0.014152876 0.16150568 0.0 0.0 0.0 0.027982699 0.0 0.0 0.0 0.05060459
0.0 0.0 0.020207232 0.07630808 0.024103606 0.051421463 0.009788738 0.0 0.0067801955 0.045872215 0.0 0.057968363 0.0012112187 0.016077008 0.0 0.025969682 0.038882505 0.02587718 0.08966935 0.05940496 0.10994756 0.013955267 0.0 0.0 0.029477285 0.0 0.00668489 0.0 0.0 0.0 0.05820895 0.0016692389 0.0 0.0 0.0 0.0 0.048873745 0.0 0.0 0.0 0.0 0.020394567 0.00561873 0.0 0.0 0.0 0.1670477 0.05465196 0.04386985 0.0 0.013676134 0.0 0.043708995 0.0 0.06992015 0.0
0.0 0.0 0.0 0.03090601 0.07450703 0.030519005 0.0 0.0 0.10546624 0.0118387155 0.0 0.0 0.028035345 0.034082722 0.0 0.0028464335 0.07418609 0.055110656 0.0 0.0 0.05889649 0.0 0.0138642 0.032840136 0.084206164 0.0 0.0 0.0 0.0 0.0 0.061979312 0.052363332 0.0 0.0 0.0 0.024065481 0.0 0.05773307 0.0 0.047372095 0.030034231 0.054039143 0.022718664 0.001329167 0.0 0.0 0.048646133 0.0 0.06916588 0.027982699 0.0 0.036530323 0.0 0.016498707 0.0 0.00305007
0.04773391 0.03979121 0.107541494 0.0 0.0 0.0 0.022659395 0.0 0.0 0.0 0.033385184 0.0 0.0 0.008887391 0.0 0.015878791 0.0 0.0 0.0 0.0 0.04456173 0.046486385 0.0 0.0027403887 0.0 0.049297813 0.05762682 0.030895306 0.0 0.0 0.0 0.0 0.0 0.014068315 0.0 0.0 0.0 0.0 0.017285734 0.0 0.0 0.0 0.035937313 0.04134136 0.0 0.16283336 0.0029377993 0.06255158 0.0 0.0 0.043708995 0.0 0.0 0.0 0.0 0.0
0.0 0.0 0.017809272 0.0 0.0032875584 0.020751622 0.028993158 0.0 0.07872148 0.025696214 0.0 0.0 0.0 0.0 0.08248515 0.0 0.004153548 0.07534844 0.0 0.032860715 0.0 0.0092088785 0.0 0.057295665 0.0 0.007176772 0.052309543 0.0 0.0 0.057905633 0.0 0.01816248 0.06416086 0.0 0.0 0.0042854557 0.0 0.12544006 0.03366846 0.0 0.0 0.0 0.04659669 0.0010393849 0.0 0.03257238 0.0 0.0 0.0 0.0 0.0 0.016498707 0.0 0.0 0.0 0.017778197
0.0 0.0 1.351e-26 0.072744526 0.04760497 0.0 0.0 0.049504828 0.015061021 0.01115047 0.038927957 0.0011606866 0.036888625 0.0 0.0 0.038420536 0.0 0.0 0.09860624 0.0 0.030614723 0.0 0.00921642 0.0 0.0 0.0 0.060181808 0.008697735 0.0 0.0 0.017829783 0.0 0.0 0.0 0.0 0.0 0.020092305 0.0 0.0 0.0 0.0 0.0 0.0 0.0 0.0 0.0 0.033289507 0.08428252 0.062636085 0.0 0.06992015 0.0 0.0 0.0 0.12986971 0.0
0.060594343 0.0 0.009225428 0.0 0.0 0.0 0.0 0.101903304 0.0 0.14773203 0.0 0.0 0.0 0.0 0.0 0.0 0.0071716844 0.0 0.0 0.0 0.0 0.077406935 0.05727087 0.1112419 0.0 0.0 0.0 0.022300461 0.005946805 0.0 0.0 0.0 0.0 0.0028789807 0.033071887 0.0 0.0 0.0 0.0 0.01053284 0.0 0.0 0.0 0.017751435 0.0 0.0 0.0 0.0 0.0 0.05060459 0.0 0.00305007 0.0 0.017778197 0.0 0.10862739
