0.0 0.0 0.0 0.03449999 0.0 0.04218221 0.05182029 0.0 0.000738427 0.07326064 0.027436903 0.0023942483 0.0031304401 0.0 0.0 0.072523005 0.049247663 0.0 0.0 0.010457062 0.0 0.0 0.0016687934 0.119898655 0.0 0.01928165 0.0 0.0 0.05584767 0.0008773282 0.0 0.0 0.09828264 0.08246117 0.074292585 0.0 0.0 0.0015292094 0.0325065 0.0 0.058592606 0.038200963 0.0 0.0 0.061012026 0.0 0.0 0.0 0.0 0.0 0.0 0.023244686 0.029173138 0.053493463 0.0 0.0
0.0 0.024085656 0.05586184 0.05060297 0.037295546 0.018713161 0.0 0.0 0.0385146 0.0 0.0 0.048768673 0.0 0.011620304 0.0 0.03727361 0.00517878 0.039780956 0.14613783 0.007771106 0.041988466 0.040214673 0.0 0.0 0.0564873 0.0 0.0 0.0 0.0 0.04970678 0.0028710838 0.04868461 0.037642855 0.0 0.0 0.0 0.0 0.011441752 0.0 0.0 0.0 0.024002422 0.057338748 0.0 0.0 0.0 0.07030127 0.0 0.0 0.0 0.0 0.0 0.06527973 0.0 0.0 0.023134984
0.0 0.05586184 0.0 0.0 0.19287911 0.0 0.0 0.0 0.0 0.0 0.017955313 0.059870113 0.017236648 0.0 0.0 0.0 0.0 0.0 0.0 0.0 0.0 0.0 0.10304903 0.0053000962 0.09889737 0.011359941 0.038240276 0.0 0.0 0.0 0.038220346 0.048703905 0.014503392 0.0 0.0 0.06835015 0.0 0.010084838 0.0 0.0 0.0 0.0 0.0 0.009601771 0.0 0.006857627 0.0 0.0 0.0 0.0 0.072332576 0.0026156653 0.041800566 0.0 0.0 0.0
0.034499995 0.05060297 0.0 0.0 0.0 0.0 0.0 0.0050389078 0.0 0.026485113 0.016560115 0.0 0.0072500394 0.019796275 0.0 0.02583118 0.0 0.0 0.030107828 0.018530264 0.008927796 0.0219383 0.0 0.0 0.0 0.0 0.0 0.002646861 0.0 0.13552535 0.050881628 0.0 0.0 0.0 0.0 0.09384545 0.0 0.046779092 0.0 0.022191728 0.0 0.028881285 0.016415372 0.022640249 0.0 0.0 0.071496524 0.027431868 0.028300785 0.0 0.01833886 0.004732193 0.0 0.0 0.035318557 0.0017712528
0.0 0.037295546 0.19287911 0.0 0.0 0.0 0.0 0.0 0.0 0.042056795 0.0 0.0 0.083754994 0.043909654 0.034907825 0.0 0.0 0.0 0.14678499 0.0 0.0034554303 0.02878806 0.0 0.0 0.122251034 0.0 0.0 0.0 0.0 0.0021616966 0.0 0.010994912 0.006248745 0.009742821 0.0 0.0 0.0041024294 0.0 0.0 0.019515527 0.0 0.031433117 0.0 0.0041293106 0.0 0.0 0.08447186 0.0 0.013204824 0.0 0.0 0.0 0.0015564342 0.066115744 0.0 0.0
0.04218221 0.018713161 0.0 0.0 0.0 0.0 0.025262617 0.096140064 0.0 0.007967421 0.0 0.0 0.11877221 0.057543043 0.005250619 0.0 0.0 0.12354879 0.0 0.0 0.0 0.0 0.01504559 0.0 0.0 0.0 0.01635364 0.04819258 0.006561746 0.0 0.0028404917 0.0 0.0 0.0 0.0 0.0 0.069497496 0.0026850118 0.0 0.05919814 0.0 0.0108383875 0.0 0.0 0.0 0.0 0.0 0.0 0.0008709398 0.0 0.05559684 0.039800256 0.0 0.00079817616 0.07695066 0.0
0.05182029 0.0 0.0 0.0 0.0 0.025262617 0.0 0.042200036 0.0 0.03140295 0.0 0.0 0.093323834 0.0 0.0 0.068233795 0.0 0.0 0.0 0.046369214 0.0 0.0 0.09594629 0.047432512 0.0 0.023388054 0.07375895 0.0 0.0 0.006165808 0.0 0.0 0.0 0.0 0.026290802 0.015956184 0.021510769 0.0 0.0038069563 0.0 0.0 0.0 0.025477806 0.0 0.017159048 0.0 0.0 0.06298269 0.0 0.0 0.06487239 0.008071568 0.0 0.0 0.05413753 0.0
0.0 0.0 0.0 0.0050389078 0.0 0.096140064 0.042200036 0.0 0.009471006 0.0 0.0 0.03598025 0.025175348 0.037408397 0.0 0.0 0.052609798 0.0012927103 0.0 0.043301184 0.0 0.0 0.043682285 0.0016579188 0.017879365 0.007050597 0.0 0.0 0.0 0.0 0.0 0.0 0.072157666 0.019214528 0.11047065 0.0 0.0 0.025572866 0.040168736 0.0 0.06337159 0.0 0.011892789 0.0 0.053474523 0.036361575 0.0 0.0 0.0 0.0 0.0 0.0 0.0417164 0.051394965 0.0 0.0
0.000738427 0.0385146 0.0 0.0 0.0 0.0 0.0 0.009471006 0.04174416 0.0017654676 0.0 0.0 0.003417369 0.111658856 0.010320445 0.0 0.0 0.0 0.0 0.0 0.0 0.0 0.10608551 0.0 0.0 0.0 0.04470835 0.012980235 0.0 0.0 0.0 0.042890944 0.017798254 0.0 0.06434629 0.005528812 0.0 0.0 0.0 0.0 0.0 0.0 0.0 0.0 0.0 0.0 0.0 0.14180604 0.023268152 0.0 0.12079983 0.0 0.0 0.0 0.14798844 0.0
0.073260635 0.0 0.0 0.026485113 0.042056795 0.00796742 0.031402953 0.0 0.0017654676 0.10849409 0.01681851 0.0 0.013780812 0.011162972 0.0 0.036390297 0.0026621202 0.0 0.0 0.045744278 0.03383015 0.0 0.0 0.14702688 0.021123655 0.0 0.0029671246 0.0 0.0 0.0 0.0 0.0 0.106479175 0.0 0.03439018 0.0120843295 0.00684558 0.03482119 0.0 0.0 0.028518327 0.0 0.011274983 0.0 0.0 0.0 0.0 0.0 0.0 0.0 0.0 0.06573383 0.023593133 0.01953997 0.0 0.0
0.027436903 0.0 0.01795531 0.016560115 0.0 0.0 0.0 0.0 0.0 0.01681851 0.0 0.0 0.05155967 0.054759327 0.0 0.037341308 0.0 0.006768294 0.0 0.0 0.0 0.0 0.0 0.0 0.0 0.08030617 1.32459945e-05 0.08744284 0.0012132247 0.015858041 0.0 0.009402192 0.024364583 0.05018472 0.0 0.0078627765 0.0033479289 0.0 0.00058166496 0.008039437 0.102041125 0.0 0.01356383 0.06274111 0.01072013 0.0 0.033404794 0.052809004 0.0 0.015688583 0.0 0.0 0.0 0.15661907 0.030028652 0.055812076
0.0023942485 0.048768673 0.059870113 0.0 0.0 0.0 0.0 0.035980247 0.0 0.0 0.0 0.11810815 0.07129732 0.0 0.0010803812 0.0 0.0 0.0 0.0 0.039934 0.020320358 0.13699718 0.0 0.0 0.007822314 0.0 0.0025155465 0.0016363413 0.07716847 0.057062116 0.036634684 0.0015006716 0.0 0.020292442 0.0 0.04367238 0.04945059 0.0 0.0 0.0 0.0 0.02449018 0.0 0.024379168 0.0 0.03847685 0.0061407504 0.0 0.0 0.03713279 0.0 0.012014425 0.0 0.0037793685 0.0 0.035948813
0.0031304401 0.0 0.017236648 0.0072500394 0.083754994 0.11877221 0.09332384 0.025175348 0.003417369 0.013780811 0.051559668 0.07129732 0.0019109494 0.0 0.0 0.017567223 0.016348029 0.05976408 0.023647431 0.03073461 0.075825274 0.027874295 0.0 0.0100867255 0.013351344 0.0 0.0 0.0 0.0 0.01640438 0.0 0.0062113437 0.004525388 0.06554181 0.0 0.0463598 0.0 0.012468337 0.0 0.0 0.0 0.007133552 0.014321674 0.0 0.0 0.022057056 0.0393459 0.0 0.078875095 0.0 0.0 0.0 0.039510358 0.0 0.0 0.0
0.0 0.011620304 0.0 0.019796275 0.043909654 0.05754304 0.0 0.0374084 0.111658856 0.011162972 0.05475933 0.0 0.0 0.0 0.009861789 0.025083866 0.04951001 0.04969181 0.016259829 0.0 0.0 0.0 0.005998797 0.071934834 0.004463113 0.0 0.0 0.0 0.0 0.010881672 0.05592617 0.051439647 0.0 0.013096275 0.0 0.06449034 0.0 0.08490205 0.036478046 0.0004850094 0.0 0.0 0.024116397 0.0 0.0 0.058922723 0.026001358 0.00047810463 0.05198394 0.024411287 0.0 0.020935006 0.02508397 0.0 0.0 0.0
0.0 0.0 0.0 0.0 0.034907825 0.005250619 0.0 0.0 0.010320445 0.0 0.0 0.0010803812 0.0 0.009861789 0.0 0.0 0.0 0.0080693355 0.0 0.044438135 0.010928644 0.0 0.080585495 0.020555168 0.035041787 0.0 0.10548708 0.0 0.0 0.0 0.017400019 0.040386066 0.054357603 0.0 0.0 0.0 0.0 0.0 0.11738545 0.011555999 0.0 0.0 0.0 0.029307082 0.009386143 0.0 0.0 0.08902906 0.0 0.0380263 0.12466203 0.023334455 0.03544223 0.0 0.069892004 0.0
0.072523 0.037273612 0.0 0.025831178 0.0 0.0 0.068233795 0.0 0.0 0.0363903 0.037341308 0.0 0.017567223 0.025083866 0.0 0.0 0.0021493074 0.021159682 0.022420697 0.02393053 0.027585892 0.0 0.0 0.0 0.0 0.0 0.0 0.0 0.0 0.04602759 0.0 0.09211431 0.0 0.0 0.012732449 0.0 0.0 0.073063605 0.06348361 0.057876837 0.00033840365 0.0 0.057253487 0.0016876808 0.0 0.038774543 0.020585576 0.0 0.005972597 0.0 0.0 0.011728999 0.0 0.03046362 0.0 0.0
0.049247663 0.00517878 0.0 0.0 0.0 0.0 0.0 0.052609798 0.0 0.0026621202 0.0 0.0 0.01634803 0.04951001 0.0 0.0021493076 0.0 0.0 0.0 0.0134932315 0.0 0.031846303 0.0 0.0 0.0 0.0 0.0009864279 0.09615764 0.0 0.014905319 0.0 0.0 0.0 0.036828134 0.0 0.009690029 0.100849986 0.010375546 0.0 0.00050261896 0.0 0.0 0.0 0.011420249 0.0906024 0.0 0.0 0.0 0.0 0.0 0.030158944 0.07042658 0.0 0.0 0.11379814 0.069140196
0.0 0.039780956 0.0 0.0 0.0 0.12354879 0.0 0.0012927103 0.0 0.0 0.0067682937 0.0 0.059764083 0.04969181 0.0080693355 0.021159682 0.0 0.0 0.0022417265 0.0 0.00033322212 0.0 0.0022945295 0.0 0.048830613 0.0 0.022168297 0.011874083 0.0 0.0 0.0 0.015081706 0.024978766 0.0021000337 0.0 0.02728223 0.04863952 0.03809142 0.03430518 0.0 0.0049920003 0.0 0.0 0.19891351 0.012306005 0.0 0.0 0.0 0.0 0.0058709173 0.03824131 0.0 0.0 0.0 0.0 0.0
0.0 0.14613785 0.0 0.030107828 0.14678498 0.0 0.0 0.0 0.0 0.0 0.0 0.0 0.023647431 0.016259827 0.0 0.022420697 0.0 0.0022417265 0.044856735 0.017248677 0.060619786 0.0 0.0 0.0 0.110603556 0.0 0.005100378 0.0 0.0 0.0 0.047468472 0.06645399 0.009057867 0.0 0.0 0.013829678 0.0 0.0 0.016786195 0.0 0.009214883 0.0007761266 0.0 0.0 0.0 0.0 0.036442984 0.0 0.049085274 0.0 0.025651287 0.03233839 0.024540558 0.0 0.0 0.0
0.010457063 0.0077711064 0.0 0.018530264 0.0 0.0 0.046369214 0.043301184 0.0 0.045744274 0.0 0.039934 0.030734608 0.0 0.044438135 0.02393053 0.0134932315 0.0 0.017248677 0.0 0.053174857 0.037952833 0.0 0.0 0.0 0.011735191 0.01176751 0.04607695 0.016688 0.0 0.053152405 0.038473845 0.0 0.004347273 0.0 0.0 0.0 0.07204167 0.031261522 0.030989924 0.0 0.0 0.0318647 0.049880218 0.0 0.057000034 0.09201229 0.03334528 0.0 0.0 0.0 0.015090682 0.0015330069 0.0 0.0049569034 0.0
0.0 0.041988466 0.0 0.008927795 0.0034554303 0.0 0.0 0.0 0.0 0.03383015 0.0 0.02032036 0.075825274 0.0 0.010928644 0.02758589 0.0 0.00033322212 0.060619783 0.05317486 0.0 0.0 0.0 0.0 0.0 0.0 0.092918545 0.009576119 0.0 0.04598506 0.03572972 0.01970952 0.0 0.0 0.0 0.0 0.0 0.0023001689 0.0035107175 0.01647126 0.0 0.0 0.0 0.033788778 0.0 0.0 0.0158983 0.0 0.044318646 0.0 0.10381167 0.0037132187 0.0 0.0 0.04906895 0.0
0.0 0.040214673 0.0 0.0219383 0.02878806 0.0 0.0 0.0 0.0 0.0 0.0 0.13699718 0.027874295 0.0 0.0 0.0 0.031846303 0.0 0.0 0.037952833 0.0 0.020557601 0.0 0.0 0.022840472 0.062966675 0.0030082124 0.0 0.0 0.06482804 0.025672836 0.0 0.0 0.0 0.0 0.044687 0.0 0.030212836 0.05067914 7.951554e-09 0.0 0.012192538 0.036680616 0.14324051 0.0 0.0 0.0 0.0 0.03493482 0.02160182 0.0 0.0 0.0 0.0 0.011641838 0.038266767
0.0016687934 0.0 0.10304903 0.0 0.0 0.015045591 0.09594629 0.04368229 0.10608551 0.0 0.0 0.0 0.0 0.005998797 0.0805855 0.0 0.0 0.0022945295 0.0 0.0 0.0 0.0 0.0 0.0 0.0 0.0074225296 0.0 0.014135382 0.099006005 0.012004332 0.0 0.05237589 0.04961115 0.03574358 0.03797592 0.0 0.0023668916 0.0 0.0 0.14307763 0.026877252 0.013468897 0.0 0.0 0.0 0.070769005 0.02727328 0.036454353 0.01578418 0.0 0.0 0.016821723 0.0 0.042719156 0.017091587 0.0
0.119898655 0.0 0.0053000962 0.0 0.0 0.0 0.047432512 0.0016579189 0.0 0.14702688 0.0 0.0 0.0100867255 0.07193484 0.020555168 0.0 0.0 0.0 0.0 0.0 0.0 0.0 0.0 0.027420573 0.0 0.010999047 0.0 0.012873032 0.0 0.0 0.0 0.0 0.036777306 0.0 0.02905924 0.0 0.0 0.0 0.0 0.012193292 0.05391291 0.0 0.0 0.0 0.13197356 0.0 0.0 0.0 0.0 0.0 0.0 0.06913467 0.0 0.086236335 0.004837901 0.0
0.0 0.0564873 0.09889737 0.0 0.122251034 0.0 0.0 0.017879365 0.0 0.021123655 0.0 0.007822314 0.013351344 0.004463113 0.035041787 0.0 0.0 0.048830613 0.110603556 0.0 0.0 0.022840472 0.0 0.0 0.0 0.0 0.019872937 0.011040638 0.0 0.0 0.05725587 0.020156754 0.028883273 0.0 0.0 0.119548805 0.08027374 0.0 0.003130316 0.0 0.0 0.094452396 0.0 0.022781411 0.0 0.0 0.0051293205 0.0 0.0 0.0 0.0 0.0 0.01928169 0.0 0.0040749386 0.0
0.01928165 0.0 0.011359941 0.0 0.0 0.0 0.023388056 0.007050597 0.0 0.0 0.08030617 0.0 0.0 0.0 0.0 0.0 0.0 0.0 0.0 0.011735191 0.0 0.062966675 0.0074225296 0.010999046 0.0 0.014360432 0.002130131 0.035261225 0.0 0.0 0.0 0.0 0.0360535 0.05805611 0.055887982 0.0 0.0 0.0036464978 0.09634496 0.025584098 0.046792578 0.0 0.030551592 0.0 0.059823032 0.058245733 0.0 0.0 0.0 0.16057749 0.011258872 0.023314888 0.0 0.0 0.0 0.0
0.0 0.0 0.038240276 0.0 0.0 0.01635364 0.07375895 0.0 0.04470835 0.0029671246 1.32459945e-05 0.0025155465 0.0 0.0 0.10548708 0.0 0.0009864279 0.022168297 0.005100378 0.01176751 0.09291855 0.0030082127 0.0 0.0 0.019872937 0.0021301308 0.0 0.0 0.0 0.0 0.0 0.08126575 0.0026703693 0.0063843452 0.0 0.0 0.038481917 0.12707855 0.012690472 0.0 0.0 0.0 0.0 0.0 0.0 0.13203876 0.034853045 0.023404364 0.11000123 0.0 0.0 0.023392912 0.014635064 0.0 0.02271834 0.0
0.0 0.0 0.0 0.002646861 0.0 0.048192576 0.0 0.0 0.012980235 0.0 0.08744284 0.0016363413 0.0 0.0 0.0 0.0 0.09615765 0.0118740825 0.0 0.04607695 0.009576119 0.0 0.014135382 0.012873033 0.011040638 0.035261225 0.0 0.0 0.0 0.037518222 0.0 0.018034516 0.073431194 0.0042648125 0.0 0.0 0.0 0.06848696 0.03748569 0.0 0.016483959 0.0 0.13320057 0.0 0.036380358 0.07007359 0.0 0.0 0.0073388433 0.0020234054 8.890349e-26 0.03391237 0.029520025 0.012009666 0.0 0.0
0.05584767 0.0 0.0 0.0 0.0 0.006561746 0.0 0.0 0.0 0.0 0.0012132247 0.07716847 0.0 0.0 0.0 0.0 0.0 0.0 0.0 0.016688 0.0 0.0 0.09900601 0.0 0.0 0.0 0.0 0.0 0.0 0.0 0.0 0.0 0.0 0.0 0.087079205 0.014893302 0.007315528 0.0 0.17832017 0.0 0.0 0.0 0.03567377 0.029997028 0.11391911 0.0 0.0 0.0 0.0 0.025131067 0.1292641 0.0 0.0077027422 0.0 0.0 0.0
0.0008773283 0.04970678 0.0 0.13552536 0.0021616966 0.0 0.006165808 0.0 0.0 0.0 0.015858041 0.057062116 0.01640438 0.010881671 0.0 0.04602759 0.014905319 0.0 0.0 0.0 0.04598506 0.06482804 0.012004331 0.0 0.0 0.0 0.0 0.037518222 0.0 0.0 0.056115925 0.0 0.0 0.0 0.0 0.0 0.0 0.0 0.023064746 0.05429477 0.0 0.04268152 0.008961414 0.0398569 0.0 0.0 0.0 0.007276838 0.014422614 0.031574775 0.02373451 0.002775936 0.019107433 0.02783151 0.0030702653 0.0
0.0 0.0028710838 0.038220346 0.05088163 0.0 0.0028404915 0.0 0.0 0.0 0.0 0.0 0.036634684 0.0 0.05592617 0.017400017 0.0 0.0 0.0 0.047468472 0.053152405 0.03572972 0.025672836 0.0 0.0 0.05725587 0.0 0.0 0.0 0.0 0.056115925 0.0 0.007605986 0.040959902 0.0 0.0 0.05079852 0.0 0.056234732 0.0 0.024836818 0.0 0.012260132 0.0 0.0 0.0 0.0 0.095266 0.0 0.0 0.035957664 0.0 0.0076228436 0.0153267495 0.0 0.11678739 0.0
0.0 0.04868461 0.048703905 0.0 0.010994911 0.0 0.0 0.0 0.042890944 0.0 0.009402192 0.0015006717 0.0062113437 0.051439647 0.040386066 0.0921143 0.0 0.015081706 0.066453986 0.038473845 0.019709518 0.0 0.052375894 0.0 0.020156754 0.0 0.08126574 0.018034516 0.0 0.0 0.007605986 0.03607265 0.005454031 0.0 0.0 0.004146034 0.026830228 0.015075209 0.0 0.0 0.0 0.0 0.0 0.030814875 0.0 0.022874024 0.011908897 0.102017544 0.006283509 0.0 0.038601816 0.0 0.0034921968 0.0 0.05488352 0.0
0.09828265 0.03764285 0.014503392 0.0 0.0062487456 0.0 0.0 0.072157666 0.017798254 0.106479175 0.024364583 0.0 0.004525388 0.0 0.054357603 0.0 0.0 0.024978768 0.009057867 0.0 0.0 0.0 0.049611147 0.036777306 0.028883273 0.0360535 0.0026703693 0.073431194 0.0 0.0 0.0409599 0.005454031 0.0 0.011490586 0.013057289 0.014779184 0.09016232 0.057808243 0.0028970148 0.007982132 0.0 0.0 0.01329615 0.004948116 0.013305146 0.0 0.008274298 0.0070907194 0.0 0.0 0.017618245 0.0642691 0.0 0.0 0.0 0.0
0.08246117 0.0 0.0 0.0 0.00974282 0.0 0.0 0.019214528 0.0 0.0 0.05018472 0.02029244 0.06554181 0.013096275 0.0 0.0 0.03682813 0.0021000337 0.0 0.0043472736 0.0 0.0 0.03574358 0.0 0.0 0.058056105 0.0063843452 0.0042648125 0.0 0.0 0.0 0.0 0.011490587 0.0 0.027047949 0.0 0.060841877 0.0 0.004694263 0.0 0.0 0.0 0.0 0.04630341 0.057965472 0.0 0.0 0.040569346 0.006071366 0.07415571 0.037435275 0.1434357 0.019891594 0.0 0.0041158185 0.0
0.074292585 0.0 0.0 0.0 0.0 0.0 0.026290804 0.110470645 0.0643463 0.03439018 0.0 0.0 0.0 0.0 0.0 0.012732449 0.0 0.0 0.0 0.0 0.0 0.0 0.037975915 0.02905924 0.0 0.055887982 0.0 0.0 0.087079205 0.0 0.0 0.0 0.013057289 0.027047949 0.16723281 0.0 0.015561977 0.0 0.0 0.0 0.07161055 0.010183251 0.00439465 0.0 0.0 0.0 0.0 0.0 0.0 0.0 0.0 0.02201238 0.0 0.060969677 0.017207313 0.060730252
0.0 0.0 0.06835015 0.09384545 0.0 0.0 0.015956184 0.0 0.005528812 0.0120843295 0.007862777 0.04367238 0.046359804 0.06449034 0.0 0.0 0.009690029 0.027282232 0.013829677 0.0 0.0 0.044687 0.0 0.0 0.11954881 0.0 0.0 0.0 0.014893302 0.0 0.05079852 0.004146034 0.014779185 0.0 0.0 0.047109414 0.02791487 0.0 0.0 0.0 0.0 0.010437815 0.030787842 0.0 0.0 0.023287375 0.028749347 0.0 0.06661436 0.04127385 0.0 0.0 0.0 0.019774187 0.0 0.0
0.0 0.0 0.0 0.0 0.00410243 0.069497496 0.02151077 0.0 0.0 0.0068455804 0.0033479286 0.049450587 0.0 0.0 0.0 0.0 0.10084998 0.04863952 0.0 0.0 0.0 0.0 0.0023668914 0.0 0.08027374 0.0 0.038481917 0.0 0.007315528 0.0 0.0 0.026830228 0.09016232 0.060841877 0.015561978 0.02791487 0.0 0.016757501 0.016908303 0.0 0.045113154 0.0852761 0.03679542 0.017388897 0.025752025 0.0 0.040866785 0.0 0.0067436937 0.0 0.0 0.002352995 0.06178416 0.059627585 0.0 0.0
0.0015292094 0.011441752 0.010084838 0.046779092 0.0 0.0026850116 0.0 0.025572866 0.0 0.034821186 0.0 0.0 0.012468337 0.08490205 0.0 0.073063605 0.010375546 0.038091425 0.0 0.072041675 0.002300169 0.030212836 0.0 0.0 0.0 0.003646498 0.12707855 0.06848695 0.0 0.0 0.056234732 0.015075208 0.057808243 0.0 0.0 0.0 0.016757503 0.0 0.0 0.03428703 0.0073727886 0.0 0.0 0.06301337 0.004796798 0.0 0.0 0.090014234 0.0 0.0 0.024412574 0.0 0.0 0.015511867 0.056742482 0.003619967
0.0325065 0.0 0.0 0.0 0.0 0.0 0.0038069563 0.040168736 0.0 0.0 0.00058166496 0.0 0.0 0.03647805 0.117385454 0.06348361 0.0 0.034305185 0.016786197 0.031261522 0.0035107175 0.05067914 0.0 0.0 0.003130316 0.096344955 0.012690473 0.03748569 0.17832017 0.023064746 0.0 0.0 0.0028970148 0.004694263 0.0 0.0 0.016908303 0.0 0.0 0.008817613 0.0 0.0 0.0 0.0 0.0 0.0 0.0 0.046926804 0.043644927 0.04708452 0.0 0.0034267083 0.0 0.0 0.007297215 0.06521778
0.0 0.0 0.0 0.022191728 0.019515527 0.05919814 0.0 0.0 0.0 0.0 0.008039437 0.0 0.0 0.00048500937 0.011555998 0.057876833 0.00050261896 0.0 0.0 0.030989923 0.01647126 7.951554e-09 0.14307761 0.012193292 0.0 0.025584096 0.0 0.0 0.0 0.05429477 0.024836818 0.0 0.007982133 0.0 0.0 0.0 0.0 0.03428703 0.008817612 0.12971169 0.0 0.004024197 0.01758392 0.0 0.0 0.0 0.0 0.0 0.035105675 0.050567348 0.102472 0.020916568 0.09789478 0.019351484 0.0 0.0
0.058592606 0.0 0.0 0.0 0.0 0.0 0.0 0.06337159 0.0 0.028518327 0.10204112 0.0 0.0 0.0 0.0 0.00033840368 0.0 0.0049920008 0.009214884 0.0 0.0 0.0 0.02687725 0.05391291 0.0 0.04679258 0.0 0.016483959 0.0 0.0 0.0 0.0 0.0 0.0 0.07161055 0.0 0.045113154 0.0073727886 0.0 0.0 0.0 0.0 0.022074949 0.0 0.15574928 0.021447835 0.0 0.001513795 0.03571667 0.022643011 0.00432654 0.09884308 0.029395526 0.0 0.025221286 0.03560521
0.038200963 0.02400242 0.0 0.028881283 0.031433117 0.0108383875 0.0 0.0 0.0 0.0 0.0 0.024490181 0.0071335514 0.0 0.0 0.0 0.0 0.0 0.0007761266 0.0 0.0 0.012192538 0.013468897 0.0 0.09445239 0.0 0.0 0.0 0.0 0.04268152 0.0122601325 0.0 0.0 0.0 0.0101832505 0.0104378145 0.0852761 0.0 0.0 0.004024197 0.0 0.108181216 0.0 0.0 0.0 0.0 0.0 0.0 0.0 0.17080316 0.0 0.0 0.122556485 0.0 0.014331299 0.0
0.0 0.057338744 0.0 0.016415372 0.0 0.0 0.025477806 0.01189279 0.0 0.011274983 0.01356383 0.0 0.014321674 0.024116397 0.0 0.05725349 0.0 0.0 0.0 0.0318647 0.0 0.036680616 0.0 0.0 0.0 0.030551592 0.0 0.13320059 0.03567377 0.008961414 0.0 0.0 0.01329615 0.0 0.0043946505 0.030787842 0.036795422 0.0 0.0 0.017583918 0.02207495 0.0 0.0 0.015940232 0.100638434 0.0 0.0 0.0 0.008404615 0.093601346 0.0 0.06408487 0.0007005228 0.012777691 0.010653267 0.014875515
0.0 0.0 0.009601771 0.022640249 0.0041293106 0.0 0.0 0.0 0.0 0.0 0.06274111 0.024379168 0.0 0.0 0.029307082 0.0016876808 0.011420249 0.19891351 0.0 0.04988022 0.033788778 0.14324051 0.0 0.0 0.022781411 0.0 0.0 0.0 0.029997027 0.0398569 0.0 0.030814877 0.0049481154 0.04630341 0.0 0.0 0.017388897 0.06301337 0.0 0.0 0.0 0.0 0.015940232 0.015495423 0.01134505 0.0 0.00823375 0.0 0.00968272 0.003661205 0.0 0.0 0.009220907 0.0 0.0 0.099440694
0.061012022 0.0 0.0 0.0 0.0 0.0 0.017159048 0.05347452 0.0 0.0 0.01072013 0.0 0.0 0.0 0.009386142 0.0 0.0906024 0.012306005 0.0 0.0 0.0 0.0 0.0 0.13197358 0.0 0.059823032 0.0 0.036380358 0.11391912 0.0 0.0 0.0 0.013305146 0.057965472 0.0 0.0 0.025752025 0.0047967974 0.0 0.0 0.15574928 0.0 0.100638434 0.01134505 0.06003098 0.0 0.0 0.0 0.0 0.013155914 0.0 0.040498953 0.0 0.0 0.0 0.073590435
0.0 0.0 0.0068576275 0.0 0.0 0.0 0.0 0.036361575 0.0 0.0 0.0 0.03847685 0.022057056 0.058922723 0.0 0.038774543 0.0 0.0 0.0 0.05700003 0.0 0.0 0.070769005 0.0 0.0 0.058245733 0.13203874 0.0700736 0.0 0.0 0.0 0.022874024 0.0 0.0 0.0 0.023287375 0.0 0.0 0.0 0.0 0.021447835 0.0 0.0 0.0 0.0 0.0 0.0 0.02530986 0.0 0.0 0.0 0.0 0.0 0.068432 0.10850098 0.0
0.0 0.07030127 0.0 0.07149653 0.08447186 0.0 0.0 0.0 0.0 0.0 0.033404794 0.0061407504 0.039345905 0.026001358 0.0 0.020585576 0.0 0.0 0.036442984 0.09201229 0.015898298 0.0 0.02727328 0.0 0.00512932 0.0 0.034853045 0.0 0.0 0.0 0.095266 0.011908897 0.008274298 0.0 0.0 0.028749347 0.040866785 0.0 0.0 0.0 0.0 0.0 0.0 0.008233749 0.0 0.0 0.0 0.055238716 0.08663693 0.0 0.010566756 0.0 0.029786322 0.0 0.021231651 0.0
0.0 0.0 0.0 0.027431868 0.0 0.0 0.0629827 0.0 0.14180604 0.0 0.052809004 0.0 0.0 0.00047810463 0.08902906 0.0 0.0 0.0 0.0 0.03334528 0.0 0.0 0.036454353 0.0 0.0 0.0 0.023404362 0.0 0.0 0.007276838 0.0 0.102017544 0.007090719 0.040569346 0.0 0.0 0.0 0.090014234 0.046926804 0.0 0.001513795 0.0 0.0 0.0 0.0 0.02530986 0.05523872 0.058420174 0.031114168 0.0 0.0 0.0 0.0 0.0 0.0 0.0
0.0 0.0 0.0 0.028300785 0.013204825 0.0008709398 0.0 0.0 0.023268152 0.0 0.0 0.0 0.078875095 0.05198394 0.0 0.0059725973 0.0 0.0 0.04908527 0.0 0.044318646 0.034934815 0.01578418 0.0 0.0 0.0 0.11000123 0.007338843 0.0 0.014422614 0.0 0.006283509 0.0 0.006071366 0.0 0.06661437 0.0067436937 0.0 0.043644927 0.035105675 0.03571667 0.0 0.008404615 0.00968272 0.0 0.0 0.08663692 0.031114165 0.014464103 0.02717115 0.058481492 0.0 0.008245335 0.0 0.07607453 0.0
0.0 0.0 0.0 0.0 0.0 0.0 0.0 0.0 0.0 0.0 0.015688583 0.037132792 0.0 0.024411287 0.0380263 0.0 0.0 0.005870918 0.0 0.0 0.0 0.021601819 0.0 0.0 0.0 0.16057748 0.0 0.0020234054 0.025131065 0.031574775 0.035957668 0.0 0.0 0.0741557 0.0 0.04127385 0.0 0.0 0.047084518 0.050567348 0.022643011 0.17080314 0.093601346 0.0036612053 0.013155914 0.0 0.0 0.0 0.027171148 0.0 0.0 0.005912013 0.0 0.0 0.0 0.087005995
0.0 0.0 0.072332576 0.018338857 0.0 0.055596836 0.06487239 0.0 0.12079983 0.0 0.0 0.0 0.0 0.0 0.12466203 0.0 0.030158944 0.03824131 0.025651285 0.0 0.10381167 0.0 0.0 0.0 0.0 0.011258873 0.0 8.890349e-26 0.1292641 0.02373451 0.0 0.038601816 0.017618246 0.037435275 0.0 0.0 0.0 0.024412576 0.0 0.10247199 0.00432654 0.0 0.0 0.0 0.0 0.0 0.010566756 0.0 0.058481492 0.0 0.0 0.0 0.0 0.04061932 0.0 0.10127911
0.023244686 0.0 0.0026156653 0.0047321934 0.0 0.039800256 0.008071567 0.0 0.0 0.06573383 0.0 0.012014425 0.0 0.020935005 0.023334455 0.011728999 0.07042659 0.0 0.03233839 0.015090682 0.0037132187 0.0 0.016821723 0.06913467 0.0 0.023314888 0.023392912 0.033912376 0.0 0.002775936 0.0076228436 0.0 0.06426911 0.14343569 0.02201238 0.0 0.0023529953 0.0 0.003426708 0.020916568 0.09884308 0.0 0.064084865 0.0 0.040498953 0.0 0.0 0.0 0.0 0.005912013 0.0 0.0 0.0 0.02433821 0.011776795 0.0
0.02917314 0.06527973 0.041800566 0.0 0.0015564343 0.0 0.0 0.0417164 0.0 0.023593133 0.0 0.0 0.039510358 0.025083972 0.035442226 0.0 0.0 0.0 0.02454056 0.0015330068 0.0 0.0 0.0 0.0 0.01928169 0.0 0.014635064 0.029520025 0.0077027422 0.019107431 0.0153267495 0.0034921968 0.0 0.019891594 0.0 0.0 0.06178416 0.0 0.0 0.09789478 0.029395526 0.122556485 0.0007005228 0.009220907 0.0 0.0 0.02978632 0.0 0.008245335 0.0 0.0 0.0 0.08098902 0.06995883 0.020938717 0.123309955
0.053493463 0.0 0.0 0.0 0.06611574 0.00079817616 0.0 0.051394965 0.0 0.01953997 0.15661906 0.0037793685 0.0 0.0 0.0 0.030463617 0.0 0.0 0.0 0.0 0.0 0.0 0.04271916 0.086236335 0.0 0.0 0.0 0.012009666 0.0 0.02783151 0.0 0.0 0.0 0.0 0.060969677 0.019774187 0.05962759 0.015511867 0.0 0.019351486 0.0 0.0 0.012777691 0.0 0.0 0.068432 0.0 0.0 0.0 0.0 0.04061932 0.024338208 0.06995883 0.0 0.005375711 0.0
0.0 0.0 0.0 0.035318557 0.0 0.07695066 0.054137535 0.0 0.14798844 0.0 0.030028652 0.0 0.0 0.0 0.069892004 0.0 0.11379814 0.0 0.0 0.0049569034 0.049068954 0.011641838 0.017091587 0.004837901 0.0040749386 0.0 0.022718342 0.0 0.0 0.0030702653 0.11678738 0.05488352 0.0 0.0041158185 0.017207313 0.0 0.0 0.056742486 0.007297215 0.0 0.025221286 0.014331298 0.010653267 0.0 0.0 0.10850098 0.02123165 0.0 0.07607453 0.0 0.0 0.011776795 0.020938717 0.005375711 0.0 0.0
0.0 0.023134984 0.0 0.0017712527 0.0 0.0 0.0 0.0 0.0 0.0 0.055812076 0.035948817 0.0 0.0 0.0 0.0 0.069140196 0.0 0.0 0.0 0.0 0.038266767 0.0 0.0 0.0 0.0 0.0 0.0 0.0 0.0 0.0 0.0 0.0 0.0 0.060730256 0.0 0.0 0.0036199668 0.065217786 0.0 0.035605215 0.0 0.014875515 0.099440694 0.073590435 0.0 0.0 0.0 0.0 0.087005995 0.10127911 0.0 0.12330995 0.0 0.0 0.0
