0.0 0.0 0.0 0.0 0.0762471 0.11591745 0.025088811 0.057182673 0.06554537 0.0 0.19653347 0.027400771 0.0 0.013872673 0.0 0.040661853 0.0 0.0 0.037864756 0.061772738 0.0 0.0 0.0 0.03481221 0.031086663 0.0 0.0076822825 0.04643672 0.043623947 0.07461475 0.0 0.13260093 0.0 0.0 0.0 0.002052158 0.0 0.05532977 0.0 0.0 0.0 0.0138362115 0.0 0.0 0.0 0.0 0.022452254 0.012237981 0.0 0.0 0.029344577 0.0 0.019144962 0.0 0.04246783 0.0
0.0 0.0 0.0 0.0 0.0 0.0 0.0 0.0 0.008778557 0.025962776 0.0 0.0 0.0 0.008473501 0.0 0.0 0.0 0.0 0.0 0.0 0.0 0.0 0.12603301 0.09588041 0.0 0.0 0.0 0.13897674 0.0 0.0 0.0 0.0 0.05701712 0.0 0.0 0.0 0.0 0.0 0.0 4.3175956e-09 0.0 0.0 0.03389543 0.0 0.0 0.007099813 0.0 0.06669885 0.0 0.02540808 0.0 0.07002027 0.0 0.01665899 0.018165424 0.0
0.0 0.0 0.0 0.0 0.0 0.05082292 0.0 0.0 0.0 0.0 0.0 0.055858664 0.052077465 0.0061728307 0.0 0.015302086 0.08289936 0.0 0.0 0.03895625 0.0 0.08921313 0.0 0.0 0.006106392 0.045420468 0.009791591 0.0063441102 0.0 0.0 0.0 0.0 0.07317809 0.0 0.00019375754 0.0 0.0 0.0 0.0 0.0 0.0 0.014052377 0.12543269 0.003740586 0.0 0.0 0.0 0.0 0.0 0.12046754 0.0 0.005222796 0.08895568 0.076344214 0.0 0.0
0.0 0.0 0.0 0.17266141 0.0 0.0 0.0 0.0 0.020341972 0.0 0.008584043 0.0 0.0 0.047119673 0.0 0.0 0.06586954 0.045799036 0.0 0.0 0.021212285 0.0 0.022483377 0.0 0.0040618987 0.0 0.079566106 0.0 0.0 0.0 0.008935535 0.004030775 0.053185813 0.0 0.03048681 0.0 0.0 0.0028102554 0.0 0.0 0.035931222 0.0 0.037366103 0.011401853 0.011623314 0.08937457 0.0 0.0 0.048446886 0.08175364 0.0 0.0 0.017248675 0.0 0.024498094 0.0
0.076247096 0.0 0.0 0.0 0.0 0.0 0.06377979 0.0 0.0 0.0032145726 0.0 0.0 0.013790427 0.02529699 0.0 0.0 0.05201625 0.033692345 0.0 0.0 0.0 0.044843115 0.0 0.01458294 0.0 0.0 0.0 0.0 0.05809199 0.0 0.0 0.0 0.0 0.050554857 0.03846476 0.0 0.0 0.0 0.0 0.0 0.0 0.0 0.0 0.0 0.034794215 0.0 0.0 0.0 0.004318047 0.0 0.0 0.059039086 0.026481306 0.010072293 0.0 0.31206957
0.11591745 0.0 0.05082292 0.0 0.0 0.0 0.0 0.01767806 0.0 0.06890538 0.0 0.0 0.0 0.050496485 0.06822752 0.0 0.0015554606 0.0 0.007804194 0.0 0.0 0.0 0.0 0.061812874 0.011279964 0.03369127 0.0 0.014259233 0.0 0.0 0.021125266 0.0 0.0 0.022096567 0.0 0.0015332877 0.05560668 0.0 0.0 0.05766559 0.0 0.032954164 0.0 0.004086037 0.03238241 0.0 0.0 0.0 0.0 0.019826224 0.0 0.05677779 0.032687534 0.026174206 0.0 0.06990294
0.025088813 0.0 0.0 0.0 0.06377979 0.0 0.04807084 0.014819565 0.0 0.0 0.0 0.0 0.0 0.0 0.0 0.0 0.0 0.0 0.0 0.0 0.0 0.0 0.0 0.16587713 0.0 0.0 0.0 0.0 0.0 0.009846799 0.0 0.0 0.0 0.0 0.021919396 0.0 0.04691337 0.0 0.0 0.0 0.0 0.0 0.03416989 0.0 0.0 0.0 0.0 0.0 0.0 0.0 0.0 0.21723771 0.09294586 0.04446081 0.0 0.0
0.057182673 0.0 0.0 0.0 0.0 0.017678058 0.014819566 0.0 0.0 0.0 0.01613175 0.014218166 0.0 0.01083812 0.0 0.0 0.0 0.0 0.0 0.0 0.0 0.0 0.0 0.022144904 0.0 0.0011029245 0.011381461 0.11556318 0.22769763 0.0015270278 0.0 0.0 0.0 0.0 0.039117523 0.0021536045 0.0 0.0 0.050601818 0.0 0.009066212 0.04498588 0.0 0.08781028 0.048772544 0.0 0.0382876 0.03143048 0.0 0.0 0.04931536 0.0 0.0 0.0020489243 0.013797931 0.04503023
0.06554537 0.008778557 0.0 0.020341972 0.0 0.0 0.0 0.0 0.0 0.07869294 0.0 0.0 0.0 0.07607852 0.0 0.008310578 0.0 0.023702692 0.0 0.0 0.0 0.0 0.0 0.08386083 0.0 0.014620061 0.0 0.026727512 0.0 0.0 0.012546144 0.0 0.0 0.0 0.1191892 0.0 0.0 0.0004336162 0.0 0.0 0.08258316 0.00020617597 0.0 0.07852802 0.044313412 0.06555357 0.0 0.0 0.0 0.0 0.0 0.0052035255 0.0 0.015270452 0.0073059625 0.06713916
0.0 0.025962774 0.0 0.0 0.0032145726 0.06890538 0.0 0.0 0.07869294 0.0 0.0 0.025963064 0.0 0.112348735 0.0 0.08866881 0.0 0.0 0.0 0.07445501 0.0 0.031067174 0.0 0.0 0.0 0.05186642 0.024010943 0.09176457 0.0 0.047119636 0.0 0.103211746 0.0028902292 0.0 0.0 0.0015347669 0.0 0.08081784 0.018281864 0.0 0.0 0.0 0.0 0.04767461 0.0 0.029393885 0.0 0.033273004 0.017385378 0.0 0.0 0.0 0.0 0.0 0.04619232 0.0
0.19653346 0.0 0.0 0.008584044 0.0 0.0 0.0 0.01613175 0.0 0.0 0.0 0.0 0.0 0.1416231 0.0 0.0 0.0 0.026963048 0.0 0.0 0.0 0.0 0.0 0.0 0.0 0.116811864 0.0 0.0075046234 0.0 0.011800033 0.0 0.0 0.0 0.0 0.0 0.0 0.0 0.0088600265 0.0 0.021970937 0.077882364 0.0 0.0 0.02429475 0.021479884 0.0 0.0 1.9878893e-05 0.0 0.0 0.0 0.0 0.0 0.0 0.0 0.10853109
0.027400773 0.0 0.055858664 0.0 0.0 0.0 0.0 0.0142181665 0.0 0.025963064 0.0 0.0 0.0 0.023747534 0.0 0.0 0.0 0.0 0.0 0.0 0.0137157645 0.037389394 0.01760873 0.04986292 0.0010821978 0.06464036 0.0 0.061844803 0.0 0.0 0.0 0.012591496 0.023766158 0.01167901 0.052812774 0.055343382 0.02850156 0.0 0.0 0.1504683 0.0339291 0.0 0.0 0.0 0.023850512 0.0 0.0 0.0035375045 0.0 0.051094983 0.0 0.01822304 0.015113894 0.087366775 0.005755822 0.0
0.0 0.0 0.052077465 0.0 0.013790427 0.0 0.0 0.0 0.0 0.0 0.0 0.0 0.0 0.0 0.0 0.0 0.0 0.0 0.0858735 0.055684008 0.0 0.0 0.0 0.023030011 0.08640789 0.0 0.0 0.0 0.15266149 0.07456061 0.0 0.0 0.0013730517 0.0 0.030413967 0.049516674 0.0 0.016432403 0.016109802 0.0 0.006583107 0.05626019 0.04967828 0.0 0.0 0.09095397 0.120160095 0.0 0.0072689014 0.0 0.0 0.0 0.030674856 0.0 0.0 0.060928293
0.013872673 0.008473501 0.006172831 0.047119677 0.02529699 0.05049648 0.0 0.01083812 0.07607853 0.112348735 0.14162311 0.023747532 0.0 0.0 0.019804932 0.0 0.0 0.0 0.024618486 0.022572553 0.0 0.0 0.0 0.0 0.016878264 0.0 0.0 0.0036355106 0.050861903 0.08172272 0.036955666 0.010771187 0.0057896366 0.0 0.027169855 0.0110558495 0.040605716 0.043573577 0.03540198 0.0 0.0 0.016826916 0.005108761 0.055555977 0.0 0.073170386 0.0 0.0 0.020403521 0.0 0.03836631 0.0 0.0 0.0 0.0 0.0
0.0 0.0 0.0 0.0 0.0 0.068227515 0.0 0.0 0.0 0.0 0.0 0.0 0.0 0.019804932 0.0 0.0 0.059424717 0.0 0.023552898 0.026378743 0.11772429 0.0 0.0 0.0 0.0072562345 0.018249245 0.0058230096 0.0 0.0 0.0 0.029728862 0.0 0.08385499 0.0056201876 0.0 0.0 0.0 0.068666555 0.01975156 0.0042933947 0.0 0.045431595 0.01081 0.029726826 0.0 0.00992877 0.0 0.032748964 0.0 0.045770574 0.0087891 0.02249268 0.08064593 0.0139868995 0.0 0.0
0.040661853 0.0 0.015302085 0.0 0.0 0.0 0.0 0.0 0.008310578 0.08866881 0.0 0.0 0.0 0.0 0.0 0.14955741 0.0 0.0 0.0 0.010825936 0.010760762 0.0 0.100727096 0.0 0.0 0.0 0.04864208 0.026981989 0.0 0.0 0.0 0.0070266933 0.0 0.0 0.0 0.0 0.0 0.0 0.017478213 0.0 0.0305098 0.0 0.0 0.0 0.0 0.03124745 0.0 0.100308694 0.011509669 0.015321189 0.123182274 0.008328067 0.0 0.0 0.07719193 0.0
0.0 0.0 0.08289936 0.06586954 0.05201625 0.0015554606 0.0 0.0 0.0 0.0 0.0 0.0 0.0 0.0 0.05942471 0.0 0.0 0.0 0.02498286 0.0 0.067934945 0.0 0.105473675 0.0 0.0 0.0 0.07913475 0.0 0.0 0.0 0.0 0.0 0.026030546 0.015180104 0.0 0.0 0.0 0.02634317 0.0 0.11293595 0.0028180648 0.034304578 0.04435961 0.0 0.0 0.0 0.0 0.0 0.0 0.013433483 0.023573166 0.0 0.092615254 0.018928204 0.03608602 0.0
0.0 0.0 0.0 0.045799036 0.03369235 0.0 0.0 0.0 0.023702692 0.0 0.026963048 0.0 0.0 0.0 0.0 0.0 0.0 0.12167802 0.06626897 0.0 0.1039978 0.02789131 0.0 0.0 0.0 0.0 0.0062724864 0.0 0.0 0.0 0.043969646 0.08130234 0.0 0.0 0.005314845 0.0 0.0 0.086187914 0.0 0.0 0.0057739094 0.0 0.0 0.0 0.0 0.122931264 0.0 0.0 0.070140354 0.010964272 0.0 0.0 0.029638022 0.0 0.0 0.0
0.03786476 0.0 0.0 0.0 0.0 0.007804194 0.0 0.0 0.0 0.0 0.0 0.0 0.08587351 0.024618488 0.023552898 0.0 0.02498286 0.066268966 0.014646218 0.0 0.0 0.0 0.0 0.044760764 0.01505574 0.0695832 0.0 0.0 0.023953436 0.0 0.026981773 0.0 0.0 0.0 0.0 0.0 0.0 0.0 0.0 0.008439853 0.0 0.0 0.11587403 0.0 0.063712955 0.02589863 0.029175634 0.0051220027 0.0 0.0 0.0 0.068929695 0.023929086 0.010190933 0.0 0.039804425
0.06177274 0.0 0.03895625 0.0 0.0 0.0 0.0 0.0 0.0 0.07445501 0.0 0.0 0.055684015 0.02257255 0.026378743 0.010825936 0.0 0.0 0.0 0.0 0.0 0.0 0.00912699 0.0064175986 0.048105918 0.14368747 0.0 0.0 0.0 0.0 0.0 0.0 0.030011598 0.024573505 0.029405853 0.0 0.0 0.0 0.0 0.027802588 0.068804786 0.0108919535 0.0 0.03386087 0.0 0.0 0.0 0.0 0.0018622514 0.0 0.025476927 0.025142329 0.0 0.057167098 0.0 0.0414849
0.0 0.0 0.0 0.021212285 0.0 0.0 0.0 0.0 0.0 0.0 0.0 0.013715764 0.0 0.0 0.11772431 0.010760763 0.067934945 0.103997804 0.0 0.0 0.054124136 0.024362812 0.0 0.0 0.024848912 0.0 0.0 0.0 0.0 0.0 0.041764256 0.0 0.12944806 0.014612157 0.0 0.0 0.0 0.0 0.0052892175 0.078097075 0.0043569803 0.0 0.021679103 0.0 0.0 0.04861293 0.024828024 0.0 0.0 0.061833814 0.009328655 0.0 0.1148254 0.09339009 0.0022840984 0.0
0.0 0.0 0.08921313 0.0 0.044843115 0.0 0.0 0.0 0.0 0.031067174 0.0 0.037389394 0.0 0.0 0.0 0.0 0.0 0.02789131 0.0 0.0 0.024362814 0.07571122 0.0 0.0 0.12885755 0.0 0.0 0.0 0.0 0.0483664 0.015172254 0.0 0.04001942 0.06423427 0.0 0.0 0.014517973 0.01264393 0.0 0.0036180017 0.007844753 0.044101276 0.09780174 0.0 0.0 0.0 0.0 0.0 0.0 0.025678651 0.0 0.0 0.063762195 0.07131893 0.0 0.0
0.0 0.12603301 0.0 0.022483379 0.0 0.0 0.0 0.0 0.0 0.0 0.0 0.01760873 0.0 0.0 0.0 0.100727096 0.105473675 0.0 0.0 0.00912699 0.0 0.0 0.0 0.0 0.023120519 0.0 0.020123512 0.0 0.0 0.0 0.14969881 0.04940152 0.0 0.016880535 0.0011953488 0.14576373 0.0 0.038502015 0.05123836 0.0 0.018277455 0.023016088 0.0 0.07504768 0.0 0.0 0.001782637 0.0 0.13698854 0.0 2.8168753e-08 0.0 0.0 0.0 0.0 0.047753204
0.03481221 0.09588042 0.0 0.0 0.01458294 0.061812878 0.16587713 0.022144904 0.08386084 0.0 0.0 0.04986292 0.023030011 0.0 0.0 0.0 0.0 0.0 0.044760764 0.006417599 0.0 0.0 0.0 0.0 0.0 0.0 0.013423373 0.014024993 0.06644905 0.052115563 0.0 0.026672537 0.0 0.04947199 0.00058681483 0.036576234 0.0 0.05450322 0.090750135 0.0 0.0 0.0071755573 0.0 0.018478844 0.0 0.023100998 0.02774563 0.0 0.031013643 0.0 0.0 0.0 0.0 0.0 0.0 0.032521315
0.031086665 0.0 0.006106392 0.0040618987 0.0 0.011279964 0.0 0.0 0.0 0.0 0.0 0.0010821978 0.08640789 0.016878264 0.007256234 0.0 0.0 0.0 0.01505574 0.048105918 0.024848912 0.12885754 0.023120519 0.0 0.0 0.0058677685 0.0 0.008864552 0.012801099 0.0 0.0054139527 0.0 0.10103986 0.0 0.0 0.0 0.07205802 0.0 0.0 0.052704506 0.026339846 0.0 0.021512443 0.03820691 0.06496157 0.0 0.0 0.0 0.0 0.08698699 0.0 0.0017695328 0.008792094 0.03021453 0.03573241 0.0
0.0 0.0 0.045420468 0.0 0.0 0.03369127 0.0 0.0011029246 0.014620061 0.051866416 0.116811864 0.06464036 0.0 0.0 0.018249245 0.0 0.0 0.0 0.0695832 0.14368749 0.0 0.0 0.0 0.0 0.005867768 0.0 0.016080296 0.0 0.0 0.0 0.008047611 0.007344629 0.007501745 0.040787257 0.0 0.065058544 0.08579798 0.041668765 0.040003575 0.0070055425 0.0 0.0 0.0 0.0 0.0 0.022576448 0.0 0.06749544 0.030557662 0.0 0.0 0.0 0.0 0.0 0.012051525 0.0
0.007682282 0.0 0.00979159 0.07956611 0.0 0.0 0.0 0.011381461 0.0 0.024010943 0.0 0.0 0.0 0.0 0.0058230096 0.048642077 0.07913475 0.0062724864 0.0 0.0 0.0 0.0 0.020123512 0.013423373 0.0 0.016080294 0.0 0.0 0.0 0.0 0.0 0.0 0.0 0.09316889 0.05469772 0.06661708 0.0 0.012923757 0.0 0.0 0.14515617 0.035566896 0.04691767 0.0112199355 0.0 0.020614944 0.0 0.038081635 0.093638614 0.0 0.043667488 0.012148942 0.0 0.0 0.009062695 0.0
0.04643672 0.13897672 0.0063441102 0.0 0.0 0.014259233 0.0 0.11556318 0.026727512 0.09176457 0.0075046234 0.061844803 0.0 0.0036355106 0.0 0.026981987 0.0 0.0 0.0 0.0 0.0 0.0 0.0 0.014024994 0.008864552 0.0 0.0 0.048453502 0.0121385995 0.05095311 0.0 0.045621272 0.0 0.035108633 0.0 0.13789512 0.083776124 0.040720783 0.011262559 0.0 0.0 0.046798266 0.0 0.0 0.0 0.0 0.0 0.029835716 0.0 0.0 0.0 0.00879617 0.0 0.0 0.0 0.0
0.043623947 0.0 0.0 0.0 0.058091987 0.0 0.0 0.22769764 0.0 0.0 0.0 0.0 0.15266149 0.050861903 0.0 0.0 0.0 0.0 0.023953436 0.0 0.0 0.0 0.0 0.066449046 0.012801099 0.0 0.0 0.0121385995 0.15759222 0.0 0.0 0.0 0.0 0.0 0.040301237 0.0 0.015221468 0.0 0.0 0.0 0.0 0.0 0.0 0.0 0.039785292 0.0 0.029590268 0.0 0.0 0.0 0.0 0.073696 0.0 0.006375523 0.0 0.0044518947
0.07461475 0.0 0.0 0.0 0.0 0.0 0.009846799 0.0015270278 0.0 0.047119636 0.011800033 0.0 0.07456061 0.08172273 0.0 0.0 0.0 0.0 0.0 0.0 0.0 0.048366398 0.0 0.052115567 0.0 0.0 0.0 0.050953113 0.0 0.0 0.0 0.0014977825 0.0 0.0 0.010703111 0.0 0.06755479 0.002304109 0.0 0.031349547 0.047107622 0.0 0.0 0.0 0.0836835 0.0 0.0 0.0 0.0 0.030727558 0.0 0.07262312 0.043388356 0.0 0.0 0.012945982
0.0 0.0 0.0 0.008935534 0.0 0.021125266 0.0 0.0 0.012546144 0.0 0.0 0.0 0.0 0.036955666 0.029728862 0.0 0.0 0.04396965 0.026981773 0.0 0.041764256 0.015172255 0.14969881 0.0 0.0054139523 0.008047611 0.0 0.0 0.0 0.0 0.0 0.0 0.0 0.0 0.022828715 0.0431132 0.0 0.021716446 0.0 0.02782224 0.02850353 0.0 0.0 0.012993853 0.022464067 0.028447524 0.0 0.019030118 0.013961615 0.01846569 0.17354257 0.0691496 0.0 0.0 0.07271104 0.0
0.13260093 0.0 0.0 0.004030775 0.0 0.0 0.0 0.0 0.0 0.103211746 0.0 0.012591497 0.0 0.010771187 0.0 0.007026693 0.0 0.08130234 0.0 0.0 0.0 0.0 0.049401525 0.026672537 0.0 0.007344629 0.0 0.045621272 0.0 0.0014977825 0.0 0.0 0.0 0.025145456 0.091555 0.0076048737 0.0088588 0.009882047 0.0 0.007265902 0.013878889 0.0 0.017545918 0.017399259 0.043198157 0.06995796 0.0 0.0 0.018368173 0.0 0.0 0.041518982 0.0 0.0 0.0 0.0
0.0 0.05701712 0.07317809 0.053185813 0.0 0.0 0.0 0.0 0.0 0.0028902292 0.0 0.023766158 0.0013730517 0.0057896366 0.08385499 0.0 0.026030546 0.0 0.0 0.030011598 0.12944806 0.04001942 0.0 0.0 0.10103986 0.0075017456 0.0 0.0 0.0 0.0 0.0 0.0 0.015036728 0.06917395 0.01731535 0.0 0.0 0.0 0.0 0.0 0.038347688 0.0 0.0 0.020625675 0.0 0.010845463 0.0 0.0 0.056805234 0.12855297 0.0 0.0 0.0 0.046331283 0.005731144 0.0
0.0 0.0 0.0 0.0 0.05055486 0.022096567 0.0 0.0 0.0 0.0 0.0 0.011679009 0.0 0.0 0.0056201876 0.0 0.015180105 0.0 0.0 0.024573503 0.014612156 0.06423427 0.016880536 0.04947199 0.0 0.040787257 0.093168885 0.035108633 0.0 0.0 0.0 0.025145456 0.06917395 0.0 0.0 0.0 0.006922946 0.014783073 0.0 0.042120855 0.0 0.047102306 0.053868122 0.0 0.0073694205 0.0 0.0 0.0 0.0 0.0 0.018795809 0.01717577 0.056476478 0.07093827 0.01202072 0.0
0.0 0.0 0.00019375756 0.03048681 0.038464762 0.0 0.021919396 0.039117523 0.1191892 0.0 0.0 0.052812774 0.030413967 0.027169855 0.0 0.0 0.0 0.005314845 0.0 0.029405853 0.0 0.0 0.0011953488 0.00058681483 0.0 0.0 0.05469772 0.0 0.040301237 0.010703111 0.022828713 0.091555 0.01731535 0.0 0.0 0.028101804 0.0 0.04509214 0.0959967 0.0 0.0 0.0 0.0 0.028507624 0.0 0.0 0.04186321 0.07066433 0.020718584 0.0 0.049617574 0.0 0.0 0.0 0.022577502 0.0
0.002052158 0.0 0.0 0.0 0.0 0.0015332876 0.0 0.0021536048 0.0 0.0015347669 0.0 0.055343382 0.04951667 0.01105585 0.0 0.0 0.0 0.0 0.0 0.0 0.0 0.0 0.14576373 0.036576234 0.0 0.065058544 0.06661708 0.1378951 0.0 0.0 0.0431132 0.0076048737 0.0 0.0 0.028101804 0.0 0.0 0.041403607 0.0 0.05433447 0.0 0.0 0.0 0.015037982 0.010065124 0.06997418 0.0 0.0 0.0 0.0 0.0466563 0.0 0.0 0.0014933916 0.020403534 0.0
0.0 0.0 0.0 0.0 0.0 0.055606678 0.046913367 0.0 0.0 0.0 0.0 0.02850156 0.0 0.040605716 0.0 0.0 0.0 0.0 0.0 0.0 0.0 0.014517973 0.0 0.0 0.072058015 0.08579798 0.0 0.083776124 0.015221467 0.06755479 0.0 0.0088588 0.0 0.006922946 0.0 0.0 0.0 0.009739756 0.048266374 0.0 0.0 0.14519502 0.0047225496 0.0055559617 0.0 0.0 0.16008979 0.011584537 0.0 0.0 0.0 0.0 0.0 0.011543908 0.006511026 0.02197829
0.05532977 0.0 0.0 0.0028102556 0.0 0.0 0.0 0.0 0.00043361622 0.08081785 0.008860027 0.0 0.016432403 0.04357358 0.068666555 0.0 0.026343172 0.08618792 0.0 0.0 0.0 0.01264393 0.03850202 0.054503225 0.0 0.04166877 0.012923757 0.040720783 0.0 0.002304109 0.021716448 0.009882047 0.0 0.014783073 0.04509214 0.041403607 0.009739756 0.08874711 0.0 0.0 0.023817606 0.0 0.0 0.0 0.0 0.07910667 0.0 0.0 0.0 0.017117376 0.0 0.0 0.0 0.0 0.0 0.0
0.0 0.0 0.0 0.0 0.0 0.0 0.0 0.050601818 0.0 0.018281866 0.0 0.0 0.016109802 0.03540198 0.01975156 0.017478215 0.0 0.0 0.0 0.0 0.0052892175 0.0 0.051238358 0.090750135 0.0 0.040003575 0.0 0.011262559 0.0 0.0 0.0 0.0 0.0 0.0 0.0959967 0.0 0.048266374 0.0 0.0 0.08578704 0.023064444 0.0 0.0 0.03119513 0.073783234 0.0 0.0 0.011945029 0.0 0.007793651 0.067694336 0.026241321 0.015745943 0.035584208 0.07383257 0.03540666
0.0 4.317596e-09 0.0 0.0 0.0 0.05766559 0.0 0.0 0.0 0.0 0.021970937 0.1504683 0.0 0.0 0.0042933943 0.0 0.11293595 0.0 0.008439852 0.027802588 0.078097075 0.003618002 0.0 0.0 0.05270451 0.007005542 0.0 0.0 0.0 0.031349547 0.02782224 0.0072659026 0.0 0.042120855 0.0 0.05433447 0.0 0.0 0.08578705 0.0 0.0 0.11943935 0.0 0.021063669 0.0 0.026112072 0.0 0.011924937 0.02700936 0.025721392 0.007949224 0.0 0.0 0.0070955222 0.0 0.0
0.0 0.0 0.0 0.035931222 0.0 0.0 0.0 0.009066211 0.08258316 0.0 0.077882364 0.0339291 0.006583107 0.0 0.0 0.0305098 0.0028180648 0.0057739094 0.0 0.068804786 0.0043569803 0.007844753 0.018277455 0.0 0.026339846 0.0 0.14515617 0.0 0.0 0.047107622 0.02850353 0.013878891 0.038347688 0.0 0.0 0.0 0.0 0.023817606 0.023064446 0.0 0.0 0.0 0.0 0.017442605 0.0 0.006386949 0.0059230584 0.07284922 0.043723565 0.0113566145 0.006744789 0.0 0.024071692 0.010968932 0.12520906 0.0
0.013836212 0.0 0.014052377 0.0 0.0 0.032954164 0.0 0.04498588 0.00020617597 0.0 0.0 0.0 0.05626019 0.016826915 0.0454316 0.0 0.03430458 0.0 0.0 0.010891954 0.0 0.04410127 0.023016086 0.007175557 0.0 0.0 0.035566892 0.046798266 0.0 0.0 0.0 0.0 0.0 0.047102306 0.0 0.0 0.14519502 0.0 0.0 0.119439356 0.0 0.0 0.07886685 0.0035445094 0.08017562 0.0 0.0116197085 0.0 0.0 0.030887045 0.0 0.0 0.0 0.06535842 0.0 0.008759104
0.0 0.03389543 0.1254327 0.037366103 0.0 0.0 0.03416989 0.0 0.0 0.0 0.0 0.0 0.049678277 0.005108761 0.01081 0.0 0.04435961 0.0 0.11587403 0.0 0.021679102 0.097801745 0.0 0.0 0.021512443 0.0 0.04691767 0.0 0.0 0.0 0.0 0.01754592 0.0 0.053868122 0.0 0.0 0.0047225496 0.0 0.0 0.0 0.0 0.078866854 0.0 0.0 0.0 0.0 0.11165611 0.0 0.03891329 0.05691297 0.0 0.021954717 0.006758738 0.037815373 0.0 0.0
0.0 0.0 0.003740586 0.011401853 0.0 0.004086037 0.0 0.08781028 0.07852802 0.04767461 0.02429475 0.0 0.0 0.055555977 0.029726828 0.0 0.0 0.0 0.0 0.03386087 0.0 0.0 0.07504767 0.018478844 0.03820691 0.0 0.0112199355 0.0 0.0 0.0 0.012993853 0.017399259 0.020625675 0.0 0.028507624 0.015037982 0.0055559617 0.0 0.031195128 0.021063669 0.017442605 0.0035445096 0.0 0.008375235 0.0 0.030661162 0.0 0.022997538 0.008820029 0.0 0.12626235 0.0113182375 0.0 0.026483662 0.059646964 0.0
0.0 0.0 0.0 0.011623314 0.034794215 0.03238241 0.0 0.048772547 0.044313412 0.0 0.021479884 0.023850512 0.0 0.0 0.0 0.0 0.0 0.0 0.063712955 0.0 0.0 0.0 0.0 0.0 0.06496157 0.0 0.0 0.0 0.03978529 0.0836835 0.022464067 0.043198153 0.0 0.0073694205 0.0 0.010065123 0.0 0.0 0.07378324 0.0 0.0 0.080175616 0.0 0.0 0.0 0.0 0.06059205 0.10082085 0.086060755 0.0 0.0 0.0 0.0 0.0 0.029650666 0.023987703
0.0 0.007099814 0.0 0.08937457 0.0 0.0 0.0 0.0 0.065553576 0.029393885 0.0 0.0 0.09095397 0.073170386 0.00992877 0.03124745 0.0 0.12293126 0.02589863 0.0 0.048612934 0.0 0.0 0.023101 0.0 0.022576448 0.020614944 0.0 0.0 0.0 0.028447524 0.06995796 0.010845463 0.0 0.0 0.06997418 0.0 0.079106666 0.0 0.026112072 0.006386949 0.0 0.0 0.030661162 0.0 0.0 0.011138768 0.0 0.005628154 0.0 0.0 0.0 0.009792548 0.0014637101 0.034768615 0.0
0.022452254 0.0 0.0 0.0 0.0 0.0 0.0 0.038287602 0.0 0.0 0.0 0.0 0.1201601 0.0 0.0 0.0 0.0 0.0 0.029175634 0.0 0.024828024 0.0 0.001782637 0.02774563 0.0 0.0 0.0 0.0 0.02959027 0.0 0.0 0.0 0.0 0.0 0.04186321 0.0 0.16008979 0.0 0.0 0.0 0.0059230584 0.011619708 0.11165611 0.0 0.06059205 0.011138769 0.0 0.0 0.0 0.007584433 0.0 0.17971727 0.012326928 0.04900184 0.0 0.0
0.012237981 0.06669885 0.0 0.0 0.0 0.0 0.0 0.031430475 0.0 0.033273004 1.9878895e-05 0.0035375045 0.0 0.0 0.032748964 0.100308694 0.0 0.0 0.005122002 0.0 0.0 0.0 0.0 0.0 0.0 0.06749544 0.038081635 0.029835714 0.0 0.0 0.01903012 0.0 0.0 0.0 0.07066433 0.0 0.011584537 0.0 0.011945029 0.011924937 0.07284923 0.0 0.0 0.022997538 0.10082085 0.0 0.0 0.026508434 0.0 0.0 0.06750665 0.043198317 0.0 0.0 0.06097955 0.0016010088
0.0 0.0 0.0 0.048446886 0.004318047 0.0 0.0 0.0 0.0 0.017385378 0.0 0.0 0.0072689014 0.020403521 0.0 0.011509669 0.0 0.07014035 0.0 0.0018622513 0.0 0.0 0.13698854 0.031013642 0.0 0.030557662 0.093638614 0.0 0.0 0.0 0.013961615 0.018368173 0.05680523 0.0 0.020718584 0.0 0.0 0.0 0.0 0.02700936 0.04372356 0.0 0.03891329 0.00882003 0.086060755 0.005628154 0.0 0.0 0.00484046 0.013895449 0.0832599 0.033899896 0.0 0.040944137 0.07774765 0.0
0.0 0.02540808 0.12046755 0.08175364 0.0 0.019826224 0.0 0.0 0.0 0.0 0.0 0.051094986 0.0 0.0 0.04577057 0.015321189 0.013433483 0.010964273 0.0 0.0 0.061833814 0.025678653 0.0 0.0 0.086986996 0.0 0.0 0.0 0.0 0.030727558 0.01846569 0.0 0.12855297 0.0 0.0 0.0 0.0 0.017117374 0.007793651 0.025721392 0.0113566145 0.030887047 0.05691297 0.0 0.0 0.0 0.007584433 0.0 0.013895449 0.0 0.0 0.0 0.07978634 0.017896438 0.0 0.0
0.029344577 0.0 0.0 0.0 0.0 0.0 0.0 0.04931536 0.0 0.0 0.0 0.0 0.0 0.03836631 0.0087891 0.12318227 0.023573166 0.0 0.0 0.025476925 0.009328656 0.0 2.8168753e-08 0.0 0.0 0.0 0.043667488 0.0 0.0 0.0 0.17354257 0.0 0.0 0.018795809 0.049617574 0.046656296 0.0 0.0 0.067694336 0.007949224 0.006744789 0.0 0.0 0.12626235 0.0 0.0 0.0 0.06750665 0.0832599 0.0 0.005599971 0.0 0.0 0.0 0.12826891 0.0
0.0 0.07002027 0.005222796 0.0 0.059039082 0.05677779 0.2172377 0.0 0.0052035255 0.0 0.0 0.018223038 0.0 0.0 0.02249268 0.008328067 0.0 0.0 0.0689297 0.025142329 0.0 0.0 0.0 0.0 0.0017695328 0.0 0.012148942 0.00879617 0.073696 0.07262312 0.069149606 0.041518982 0.0 0.01717577 0.0 0.0 0.0 0.0 0.026241321 0.0 0.0 0.0 0.021954717 0.0113182375 0.0 0.0 0.17971727 0.04319832 0.033899896 0.0 0.0 0.0 0.0 0.0 0.0 0.011254305
0.019144962 0.0 0.088955685 0.017248675 0.026481308 0.032687534 0.09294585 0.0 0.0 0.0 0.0 0.015113894 0.030674856 0.0 0.08064593 0.0 0.092615254 0.02963802 0.023929086 0.0 0.1148254 0.063762195 0.0 0.0 0.008792095 0.0 0.0 0.0 0.0 0.043388356 0.0 0.0 0.0 0.056476474 0.0 0.0 0.0 0.0 0.015745945 0.0 0.02407169 0.0 0.006758738 0.0 0.0 0.009792548 0.012326928 0.0 0.0 0.07978634 0.0 0.0 0.0 0.05373878 0.0 0.0
0.0 0.01665899 0.07634422 0.0 0.010072293 0.026174208 0.044460807 0.002048924 0.015270452 0.0 0.0 0.087366775 0.0 0.0 0.013986899 0.0 0.018928204 0.0 0.010190933 0.0571671 0.09339009 0.071318924 0.0 0.0 0.030214531 0.0 0.0 0.0 0.0063755224 0.0 0.0 0.0 0.046331286 0.07093827 0.0 0.0014933915 0.011543908 0.0 0.035584208 0.0070955222 0.010968932 0.06535842 0.037815373 0.026483662 0.0 0.0014637101 0.049001835 0.0 0.040944137 0.017896436 0.0 0.0 0.05373878 0.037635118 0.0 0.0
0.042467833 0.018165424 0.0 0.024498094 0.0 0.0 0.0 0.01379793 0.0073059625 0.04619232 0.0 0.005755822 0.0 0.0 0.0 0.077191934 0.03608602 0.0 0.0 0.0 0.0022840984 0.0 0.0 0.0 0.035732407 0.0120515255 0.009062695 0.0 0.0 0.0 0.07271104 0.0 0.0057311435 0.01202072 0.022577502 0.020403534 0.006511026 0.0 0.07383258 0.0 0.12520906 0.0 0.0 0.059646968 0.029650666 0.034768615 0.0 0.060979545 0.07774765 0.0 0.1282689 0.0 0.0 0.0 0.0 0.0
0.0 0.0 0.0 0.0 0.31206957 0.06990294 0.0 0.04503023 0.06713916 0.0 0.10853109 0.0 0.060928293 0.0 0.0 0.0 0.0 0.0 0.03980443 0.041484896 0.0 0.0 0.047753204 0.032521315 0.0 0.0 0.0 0.0 0.0044518947 0.012945982 0.0 0.0 0.0 0.0 0.0 0.0 0.021978289 0.0 0.03540666 0.0 0.0 0.008759104 0.0 0.0 0.023987703 0.0 0.0 0.0016010088 0.0 0.0 0.0 0.011254306 0.0 0.0 0.0 0.0
