0.0 0.0 0.0 0.0050989636 0.01590913 0.0 0.0 0.0047938405 0.0072614 0.0 0.025186561 0.0 0.0 0.0068001254 0.06792073 0.08648016 0.006213716 0.0 0.040126305 0.10644689 0.0 0.0 0.0 0.0 0.078427546 0.11975554 0.0 0.0 0.0 0.006508603 0.0 0.02389725 0.031924274 0.0 0.0 0.0 0.0 0.008119672 0.061918445 0.0 0.0 0.003830794 0.016465604 0.08366098 0.0 0.076791935 0.027686996 0.008967722 0.07074066 0.0 0.011953536 0.0 0.0 0.0 0.034733005 0.0
0.0 0.04849698 0.010432347 0.027626757 0.0 0.01400006 0.0 0.017621603 0.0 0.0 0.0 0.02797211 0.0043525756 0.0075747273 0.0086857295 0.0 0.14024894 0.0 0.022781393 0.0 0.018636022 0.06529474 0.0 0.0 0.0 0.0 0.0 0.0 0.086376354 0.03098099 0.0 0.018009149 0.0 0.09469802 0.0 0.0 0.0030520998 0.0 0.0 0.09132837 0.011530718 0.022208521 0.06284389 0.0180687 0.0 0.0 0.0 0.0 0.0 0.0 0.0 0.0 0.06020201 0.031415742 0.0 0.04722237
0.0 0.010432347 0.0 0.0 0.0 0.0364837 0.0522103 0.0 0.0 0.041875325 0.0 0.0 0.0 0.0 0.038806465 0.010598397 0.025950909 0.0 0.0 0.0 0.044431254 0.037490197 0.0 0.0 0.0 0.0 0.0 0.0 0.075523585 0.09559782 0.02599009 0.033319175 0.0 0.0 0.014266277 0.042413905 0.012508857 0.0 0.0 0.07957832 0.0 0.0 0.0 0.026107198 0.009115881 0.0 0.0 0.0 0.0 0.0 0.0 0.0 0.0 0.00991582 0.0 0.02020671
0.0050989636 0.027626755 0.0 0.0 0.0 0.018512068 0.07584093 0.0 0.0 0.0 0.0 0.003939515 0.0 0.06676755 0.0 0.0 0.018398555 0.0 0.0 0.0 0.08990858 0.034305245 0.035586573 0.020704826 0.0 0.0 0.023725957 0.0 0.0 0.022372885 0.036238525 0.0 0.0 0.05249514 0.0 0.13590069 0.0 0.0 0.0 0.00014660625 0.0149652865 0.0 0.0 0.0063270084 0.049334377 0.0 0.0 0.0 0.0 0.030487418 0.0 0.03195366 0.06773449 0.03944197 0.0 0.04654784
0.01590913 0.0 0.0 0.0 0.0 0.0 0.106721625 0.0 0.0 0.0 0.0 0.04046603 0.019529834 0.0 0.0 0.0 0.071887806 0.0066519184 0.0 0.0 0.0926844 0.0 0.0 0.0 0.02424245 0.0 0.0 0.0 0.05581198 0.038365215 0.031404257 0.0 0.0 0.06640855 0.027991848 0.045685608 0.0 0.0 0.0 0.030364316 0.05576004 0.0 0.0 0.0 0.010043378 0.0 0.0 0.0 0.0 0.0028859822 0.0 0.036261078 0.04711812 0.05197111 0.0 0.073873974
0.0 0.014000059 0.0364837 0.018512068 0.0 0.0 0.0 0.0 0.0012062311 0.0074080024 0.092917055 0.0654092 0.0 0.028407028 0.0 0.0 0.02410406 0.012835099 0.019325538 0.0 0.10382197 0.0 0.016880395 0.026329443 0.0 0.0 0.017498534 0.0 0.0 0.0 0.06342074 0.0 0.039405063 0.0 0.02104324 0.030375728 0.062184792 0.0 0.009230112 0.010931544 0.0 0.0 0.0 0.0 0.040886194 0.0 0.0 0.06080987 0.0 0.0038751531 0.013185367 0.033492863 0.010640553 0.0 0.027148504 0.0
0.0 0.0 0.0522103 0.07584093 0.10672162 0.0 0.0 0.0 0.092113055 0.0 0.075447254 0.0 0.0 0.0 0.0 0.0 0.0 0.028354581 0.0 0.0 0.0 0.0 0.008503941 0.0 0.0 0.0 0.02318682 0.0 0.0 0.038824346 0.0840714 0.067609735 0.0 0.0 0.0 0.041976653 0.017226193 0.12022107 0.05730364 0.0 0.0 0.0 0.0 0.052518036 0.0007277417 0.0 0.0 0.032465167 0.022302208 0.0 0.047327716 0.0 0.0 0.0 0.0 0.0
0.0047938405 0.017621603 0.0 0.0 0.0 0.0 0.0 0.08459659 0.0 0.019400287 0.0 0.017084472 0.020784149 0.0 0.07029842 0.0 0.0 0.0 0.0 0.10095892 0.0 0.0 0.0 0.0 0.0 0.12930433 0.0 0.0 0.0 0.0 0.0 0.0 0.0 0.0 0.0030912305 0.0 0.04645784 0.056375843 0.041678503 0.0 0.050365735 0.039636333 0.019232385 0.033306576 0.0 0.0 0.070716545 0.025731651 0.016571833 0.0 0.09788518 0.050500352 0.0 0.0 0.026061138 0.04924825
0.0072614 0.0 0.0 0.0 0.0 0.0012062312 0.092113055 0.0 0.0 0.0 0.0 0.016499124 0.047305573 0.0 0.0 0.0 0.18313779 0.090256274 0.0 0.0 0.012353243 0.0 0.0 0.070769764 0.048125707 0.0 0.0 0.0 0.0 0.014495285 0.022834215 0.016629703 0.0 0.05175619 0.021673607 0.0 0.0 0.0 0.0 0.0 0.052802775 0.0 0.0 0.0 0.0 0.0 0.03712827 0.0 0.0 0.0 0.0 0.0 0.09156572 0.04059268 0.0 0.0
0.0 0.0 0.041875325 0.0 0.0 0.007408002 0.0 0.019400287 0.0 0.0 0.0 0.0 0.20039448 0.0 0.03566562 0.02126385 0.0 0.0 0.039764855 0.03891544 0.00984591 0.0 0.0 0.0 0.0 0.048647862 0.0 0.0 0.0 0.012237552 0.0 0.05690276 0.0 0.0 0.0 0.0059467964 0.0 0.012882859 0.099536985 0.0 0.0128146345 0.17512347 0.0 0.0 0.0 0.0 0.13173172 0.0 0.122140616 0.0 0.0045390027 0.0 0.0 0.0 0.0 0.0
0.025186561 0.0 0.0 0.0 0.0 0.092917055 0.075447254 0.0 0.0 0.0 0.024539892 0.045722116 0.035933744 0.0 0.0 0.0 0.033047758 0.0 0.0 0.0 0.0 0.034357123 0.0 0.0 0.08091594 0.0 0.0 0.0 0.0 0.021247132 0.0 0.0 0.0 0.0 0.0144528635 0.0 0.0 0.0 0.0005081827 0.0 0.06414269 0.0 0.0 0.0 0.06904043 0.096321784 0.0055370424 0.0 0.0 0.0038421673 0.00013899505 0.0 0.14215648 0.06909831 0.0 0.015927156
0.0 0.02797211 0.0 0.003939515 0.040466033 0.0654092 0.0 0.017084472 0.016499123 0.0 0.045722116 0.1004529 0.0 0.034422897 0.0 0.0 0.0 0.0 0.0 0.0 0.09470907 0.0 0.023927197 0.08419262 0.0 0.0 0.025231786 0.019330911 0.0 0.00056732964 0.025339404 0.052902468 0.0 0.0 0.07336053 0.0 0.0 0.010752429 0.028893441 0.01997212 0.012199415 0.0 0.0 0.0 0.0 0.0 0.0 0.0 0.0 0.035522178 0.0 0.01459081 0.0 0.0 0.0 0.0
0.0 0.0043525756 0.0 0.0 0.019529834 0.0 0.0 0.020784147 0.047305577 0.20039447 0.035933748 0.0 0.0 0.0 0.0 0.0 0.0 0.0022094478 0.0 0.0 0.0 0.026522519 0.0 0.0 0.0 0.0 0.0 0.0 0.014833513 0.0 0.0 0.0 0.0037482127 0.015498621 0.07972607 0.022039998 0.1355729 0.057270266 0.0 0.0 0.0 0.0 0.015894894 0.0 0.08211314 0.0 0.0 0.012104334 0.0 0.0 0.0 0.0295108 0.0 0.0 0.0 0.0012433069
0.0068001254 0.0075747273 0.0 0.06676755 0.0 0.028407028 0.0 0.0 0.0 0.0 0.0 0.034422897 0.0 0.0 0.0 0.018784553 0.0 0.021595413 0.0 0.021935022 0.001678529 0.01062131 0.026997257 0.0 0.15143317 0.0 0.0 0.00947974 0.0 0.0 0.0314237 0.090012155 0.09207825 0.0 0.0 0.0 0.0 0.0 0.10255075 0.0 0.0 0.0 0.05853386 0.047630712 0.0 0.06413068 0.08137125 0.0 0.034606483 0.0 0.0 0.0 0.041721486 0.0 0.0 0.0
0.06792072 0.008685729 0.03880647 0.0 0.0 0.0 0.0 0.07029842 0.0 0.03566562 0.0 0.0 0.0 0.0 0.0 0.0 0.0 0.0 0.0 0.0 0.0 0.0 0.0 0.00672714 0.0 0.0 0.0 0.0 0.20262426 0.0 0.0 0.0 0.0 0.07299577 0.0 0.0 0.06715174 0.0 0.0 0.023891222 0.037895184 0.0 0.0 0.04030648 0.0 0.0 0.0 0.0 0.0 0.0 0.0 0.017953137 0.0 0.0 0.0 0.16688652
0.08648016 0.0 0.010598397 0.0 0.0 0.0 0.0 0.0 0.0 0.021263853 0.0 0.0 0.0 0.018784553 0.0 0.0 0.0 0.0 0.0 0.0 0.0 0.08131257 0.0 0.0 0.014481115 0.0 0.0 0.01877909 0.11103954 0.0 0.0 0.0 0.0 0.019626109 0.013942953 0.0 0.05619177 0.0 0.0057041803 0.0 0.036392942 0.001487474 0.021687794 0.04024425 0.091457255 0.0 0.0 0.0 0.0 0.03326465 0.0 0.03491132 0.01940075 0.057590205 0.0 0.075126305
0.006213716 0.14024895 0.025950909 0.018398555 0.071887806 0.02410406 0.0 0.0 0.18313779 0.0 0.033047758 0.0 0.0 0.0 0.0 0.0 0.0 0.0 0.0 0.0 0.0041121817 0.0 0.017345859 0.0 0.0 0.0 0.0 0.0 0.0 0.0 0.07892068 0.109056346 0.057456184 0.0 0.025553882 0.05767973 0.009053498 0.057154898 0.0 0.0 0.0 0.023195 0.010907509 0.0 0.013206903 0.0 0.0 0.0 0.0 0.01082175 0.0 0.0 0.0 0.0 0.0 0.0
0.0 0.0 0.0 0.0 0.0066519184 0.012835098 0.028354581 0.0 0.09025628 0.0 0.0 0.0 0.0022094478 0.021595413 0.0 0.0 0.0 0.0 0.0 0.0 0.028475462 0.0 0.0 0.032933988 0.0 0.0 0.014456705 0.0 0.012625501 0.057026647 0.060738113 0.0 0.01519285 0.0 0.0 0.18062617 0.0055744313 0.0 0.0 0.03740603 0.03286 0.0 0.0 0.0 0.056274213 0.0 0.0 0.033822212 0.0 0.026860192 0.0 0.0 0.000515179 0.0 0.0 0.0
0.0401263 0.022781393 0.0 0.0 0.0 0.019325538 0.0 0.0 0.0 0.039764855 0.0 0.0 0.0 0.0 0.0 0.0 0.0 0.0 0.0 0.0 0.0 0.0 0.00631078 0.22221647 0.0 0.0 0.0 0.0 0.05003787 0.046992157 0.0 0.0 0.0 0.0 0.06278499 0.048591312 0.056985717 0.0 0.0 0.018736882 0.058285132 0.0 0.0 0.0 0.0 0.0 0.0 0.0 0.016037328 0.0 0.0 0.013809422 0.0 0.0 0.0 0.040780406
0.10644689 0.0 0.0 0.0 0.0 0.0 0.0 0.10095891 0.0 0.03891544 0.0 0.0 0.0 0.021935023 0.0 0.0 0.0 0.0 0.0 0.0 0.0 0.0 0.03486401 0.046901606 0.0 0.0042547523 0.0 0.04235049 0.0 0.0 0.0 0.0 0.0 0.009004853 0.08167539 0.044701807 0.07793614 0.0 0.0 0.032096263 0.030445313 0.01965054 0.0 0.0 0.11283982 0.0 0.0 0.038604904 0.0 0.027656976 0.0 0.06336864 0.0 0.0 0.0 0.04317018
0.0 0.01863602 0.044431254 0.089908585 0.0926844 0.10382196 0.0 0.0 0.012353242 0.009845909 0.0 0.09470907 0.0 0.001678529 0.0 0.0 0.0041121817 0.028475463 0.0 0.0 0.18503731 0.0 0.046560314 0.0 0.0 0.0 0.059506875 0.0 0.0 0.031143066 0.08130997 0.03045505 0.009265326 0.0 0.0 0.001916887 0.0053393366 0.0146224005 0.0 0.0014815496 0.0 0.01256981 0.0 0.013436077 0.0 0.00816073 0.0 0.025663206 0.0 0.0070650177 0.00663529 0.0 0.022511348 0.0 0.0 0.0
0.0 0.06529474 0.0374902 0.034305245 0.0 0.0 0.0 0.0 0.0 0.0 0.034357127 0.0 0.026522517 0.01062131 0.0 0.08131257 0.0 0.0 0.0 0.0 0.0 0.009972324 0.03400668 0.0 0.0 0.03769918 0.10991423 0.0064050877 0.0 0.0 0.029269515 0.053556684 0.0 0.040731117 0.0045974567 0.0 0.008717678 0.021895576 0.0 0.062220648 0.0 0.0 0.019717138 0.093377836 0.07477984 0.0 0.0 0.09634828 0.0 0.007073052 0.033671584 0.0 0.0 0.0 0.019536033 0.0
0.0 0.0 0.0 0.03558657 0.0 0.016880395 0.008503941 0.0 0.0 0.0 0.0 0.023927197 0.0 0.026997257 0.0 0.0 0.017345859 0.0 0.00631078 0.03486401 0.046560314 0.03400668 0.06203269 0.0 0.11056314 0.0 0.03968714 0.059657037 0.0 0.0 0.013478118 0.0039241505 0.049896955 0.0 0.0 0.0 0.0 0.0 0.08278892 0.0 0.0072157537 0.0 0.0 0.0 0.0 0.0752755 0.0006981417 0.07778058 0.055620734 0.009659646 0.03822089 0.0 0.08577797 0.030503571 0.08670482 0.0
0.0 0.0 0.0 0.020704828 0.0 0.026329441 0.0 0.0 0.070769764 0.0 0.0 0.08419262 0.0 0.0 0.00672714 0.0 0.0 0.032933988 0.22221649 0.046901602 0.0 0.0 0.0 0.014715471 0.057223085 0.020219166 0.0 0.0 0.0 0.004124597 0.0106005985 0.033195186 0.0 0.09512208 0.0 0.0 0.0 0.06109243 0.0041164677 0.0 0.0 0.0355344 0.0 0.0 0.0 0.11166255 0.1225521 0.016125197 0.11547998 0.0 0.0 0.0 0.02035635 0.006636129 0.022094557 0.0
0.078427546 0.0 0.0 0.0 0.02424245 0.0 0.0 0.0 0.048125707 0.0 0.08091594 0.0 0.0 0.15143318 0.0 0.014481115 0.0 0.0 0.0 0.0 0.0 0.0 0.11056314 0.05722308 0.0 0.0 0.0 0.03995387 0.0 0.033660598 0.0 0.026260374 0.053625353 0.0 0.05048182 0.022990044 0.0 0.0 0.0 0.09102717 0.003876398 0.0 0.0 0.0 0.0072541707 0.0 0.0 0.0 0.0 0.07229785 0.031110264 0.06795919 0.0 0.0 0.0 0.0
0.119755544 0.0 0.0 0.0 0.0 0.0 0.0 0.12930433 0.0 0.04864786 0.0 0.0 0.0 0.0 0.0 0.0 0.0 0.0 0.0 0.0042547523 0.0 0.03769918 0.0 0.020219168 0.0 0.12400549 0.1038948 0.009399137 0.04144708 0.0 0.0 0.0 0.0 0.0 0.02784819 0.00233162 0.0 0.0 0.03847627 0.018188471 0.024928845 0.0 0.0137171 0.0 0.0 0.0 0.0 0.018684814 0.0 0.031102242 0.012717373 0.024974188 0.0 0.0 0.05918473 0.055969108
0.0 0.0 0.0 0.023725957 0.0 0.017498534 0.023186821 0.0 0.0 0.0 0.0 0.025231784 0.0 0.0 0.0 0.0 0.0 0.014456705 0.0 0.0 0.05950687 0.10991423 0.039687146 0.0 0.0 0.10389481 0.0 0.0380338 0.0 0.0 0.0030367998 0.0 0.06337624 0.104356855 0.0 0.010852421 0.0013180992 0.0 0.0 0.01413657 0.0 0.0 0.011856407 0.0 0.048916798 0.09248054 0.0 0.0 0.003921557 0.047853798 0.0 0.038266104 0.06658788 0.050652005 0.07169606 0.0
0.0 0.0 0.0 0.0 0.0 0.0 0.0 0.0 0.0 0.0 0.0 0.019330911 0.0 0.00947974 0.0 0.01877909 0.0 0.0 0.0 0.04235049 0.0 0.0064050877 0.05965704 0.0 0.03995387 0.009399137 0.0380338 0.0 0.0 0.0 0.0 0.0 0.049713504 0.0 0.0 0.0 0.0 0.0 0.19491646 0.03724809 0.0 0.0 0.0 0.013924654 0.0 0.04032319 0.0 0.030796615 0.00091842905 0.05455333 0.12808535 0.0 0.013677689 0.0 0.101539955 0.000121459976
0.0 0.086376354 0.075523585 0.0 0.055811983 0.0 0.0 0.0 0.0 0.0 0.0 0.0 0.014833513 0.0 0.20262428 0.11103954 0.0 0.0126255015 0.05003787 0.0 0.0 0.0 0.0 0.0 0.0 0.04144708 0.0 0.0 0.0 0.01557493 0.0 0.118873216 0.0 0.0 0.006151836 0.0 0.0 0.032290537 0.0 0.021785531 0.0 0.013525379 0.050161663 0.08608857 0.0 0.0 0.011712197 0.033815168 0.0 0.0 0.0 0.0 0.0 0.0 0.0 0.0041466476
0.006508603 0.03098099 0.095597826 0.022372883 0.038365215 0.0 0.038824346 0.0 0.014495284 0.012237553 0.021247134 0.00056732964 0.0 0.0 0.0 0.0 0.0 0.05702665 0.046992157 0.0 0.031143066 0.0 0.0 0.0041245967 0.033660594 0.0 0.0 0.0 0.01557493 0.12579498 0.032443184 0.01568957 0.0 0.0 0.056073505 0.12878093 0.0 0.032731626 0.007537092 0.018823585 0.0 0.0 0.039473783 0.0591892 0.0 0.0 0.0062193763 0.0 0.01086387 0.0 0.0 0.0 0.0 0.0 0.0 0.04371472
0.0 0.0 0.02599009 0.036238525 0.031404257 0.06342074 0.0840714 0.0 0.022834215 0.0 0.0 0.025339404 0.0 0.0314237 0.0 0.0 0.07892068 0.060738117 0.0 0.0 0.08130997 0.029269515 0.013478117 0.0106005985 0.0 0.0 0.0030367998 0.0 0.0 0.032443184 0.069081016 0.031926796 0.022639474 0.0 0.011989819 0.030649828 0.02182614 0.0 0.0 0.0 0.0 0.0 0.023343598 0.0 0.0 0.0 0.0 0.0 0.0 0.0 0.0 0.0 0.057247825 0.020440023 0.015359682 0.00074810453
0.02389725 0.018009149 0.033319175 0.0 0.0 0.0 0.067609735 0.0 0.016629703 0.056902755 0.0 0.052902464 0.0 0.09001216 0.0 0.0 0.10905635 0.0 0.0 0.0 0.030455047 0.053556684 0.0039241505 0.03319519 0.026260374 0.0 0.0 0.0 0.11887323 0.01568957 0.0319268 0.0 0.06440277 0.0 0.0 0.020033969 0.0 0.0 0.0 0.018677713 0.012191921 0.016099634 0.0 0.014842911 0.0 0.0 0.0 0.0 0.0 0.01941061 0.0 0.011299838 0.08816096 0.017326823 0.0 0.03803656
0.031924274 0.0 0.0 0.0 0.0 0.039405067 0.0 0.0 0.0 0.0 0.0 0.0 0.0037482127 0.09207826 0.0 0.0 0.057456188 0.01519285 0.0 0.0 0.009265327 0.0 0.049896955 0.0 0.05362535 0.0 0.06337625 0.049713504 0.0 0.0 0.022639474 0.06440277 0.03785451 0.0 0.0 0.0 0.0 0.0 0.0 0.037213076 0.10806229 0.0 0.0 0.0 0.0 0.0 0.0 0.007488772 0.0 0.11331804 0.008124872 0.0 0.007896532 0.0 0.021554673 0.0
0.0 0.09469803 0.0 0.05249514 0.066408545 0.0 0.0 0.0 0.05175619 0.0 0.0 0.0 0.015498621 0.0 0.07299577 0.019626109 0.0 0.0 0.0 0.009004853 0.0 0.040731117 0.0 0.09512208 0.0 0.0 0.10435685 0.0 0.0 0.0 0.0 0.0 0.0 0.014003323 0.04073113 0.0 0.04516847 0.026613139 0.0 0.0 0.0 0.03692057 0.029932717 0.0 0.0 0.0 0.0 0.008241259 0.057184473 0.0 0.0 0.009830309 0.0 0.0 0.0 0.0
0.0 0.0 0.014266277 0.0 0.02799185 0.021043241 0.0 0.0030912305 0.021673607 0.0 0.014452863 0.07336053 0.07972607 0.0 0.0 0.013942953 0.025553882 0.0 0.06278499 0.08167539 0.0 0.0045974567 0.0 0.0 0.05048182 0.02784819 0.0 0.0 0.006151836 0.056073505 0.011989818 0.0 0.0 0.040731132 0.0 0.0 0.0 0.049779695 0.0 0.019536143 0.017649613 0.090864785 0.0 0.026435943 0.0 0.034060024 0.1516855 0.034385875 0.06656273 0.0 0.0 0.0 0.0 0.055456627 0.0015174074 0.020501394
0.0 0.0 0.042413905 0.13590068 0.045685608 0.030375728 0.041976657 0.0 0.0 0.0059467964 0.0 0.0 0.022039998 0.0 0.0 0.0 0.057679728 0.18062618 0.048591316 0.044701807 0.0019168868 0.0 0.0 0.0 0.022990044 0.00233162 0.010852421 0.0 0.0 0.12878095 0.030649826 0.020033969 0.0 0.0 0.0 0.0 0.041499354 0.0 0.028349603 0.0 0.01686829 0.011808799 0.0 0.0056546484 0.0 0.0 0.0 0.0 0.025630556 0.0 0.0 0.0 0.04736871 0.0 0.0 0.0
0.0 0.0030520998 0.012508856 0.0 0.0 0.062184796 0.017226193 0.04645784 0.0 0.0 0.0 0.0 0.1355729 0.0 0.06715174 0.056191765 0.009053498 0.0055744313 0.05698572 0.07793614 0.0053393366 0.008717678 0.0 0.0 0.0 0.0 0.0013180991 0.0 0.0 0.0 0.02182614 0.0 0.0 0.04516847 0.0 0.041499354 0.0 0.0 0.016398452 0.0 0.0 0.0 0.024252068 0.0 0.0 0.020148758 0.04690326 0.030534534 0.089135 0.0 0.0 0.015956208 0.0 0.036520276 0.08287097 0.045218818
0.008119672 0.0 0.0 0.0 0.0 0.0 0.12022107 0.056375846 0.0 0.012882859 0.0 0.010752429 0.057270262 0.0 0.0 0.0 0.057154898 0.0 0.0 0.0 0.0146224005 0.021895576 0.0 0.06109243 0.0 0.0 0.0 0.0 0.032290537 0.032731626 0.0 0.0 0.0 0.02661314 0.049779695 0.0 0.0 0.0 0.0 0.032185543 0.015918775 0.0 0.0 0.017108668 0.0 0.0 0.0 0.0 0.0 0.0 0.0 0.02249509 0.03125727 0.086762756 0.0 0.14016613
0.061918445 0.0 0.0 0.0 0.0 0.009230112 0.05730364 0.041678503 0.0 0.09953699 0.0005081827 0.028893443 0.0 0.10255075 0.0 0.005704181 0.0 0.0 0.0 0.0 0.0 0.0 0.08278892 0.0041164677 0.0 0.038476273 0.0 0.19491646 0.0 0.007537092 0.0 0.0 0.0 0.0 0.0 0.028349604 0.016398452 0.0 0.0 0.017500129 0.0 0.0 0.0 0.0 0.0964798 0.0 0.0 0.0 0.0 0.0 0.020481959 0.041483328 0.0 0.0016220126 0.023646878 0.028490333
0.0 0.09132836 0.07957832 0.00014660625 0.030364316 0.010931544 0.0 0.0 0.0 0.0 0.0 0.01997212 0.0 0.0 0.023891222 0.0 0.0 0.03740603 0.018736882 0.032096263 0.0014815496 0.06222065 0.0 0.0 0.09102717 0.018188471 0.014136569 0.037248086 0.021785531 0.018823585 0.0 0.018677713 0.03721308 0.0 0.019536141 0.0 0.0 0.032185543 0.017500127 0.0 0.0 0.025993649 0.10899574 0.0 0.0039774636 0.028606955 0.04681922 0.0 0.0114737945 0.07088998 0.0 0.0 0.06188975 0.071327314 0.0080202315 0.04071328
0.0 0.011530719 0.0 0.014965286 0.05576004 0.0 0.0 0.050365735 0.05280278 0.0128146345 0.06414269 0.012199415 0.0 0.0 0.037895184 0.036392942 0.0 0.032859996 0.058285132 0.030445315 0.0 0.0 0.007215753 0.0 0.003876398 0.024928845 0.0 0.0 0.0 0.0 0.0 0.012191921 0.10806228 0.0 0.017649613 0.01686829 0.0 0.015918775 0.0 0.0 0.0 0.0 0.12192375 0.0 0.0 0.0 0.027306372 0.015641952 0.032492854 0.018338777 0.10542961 0.050244655 0.0 0.0 0.07310723 0.0
0.0038307942 0.022208523 0.0 0.0 0.0 0.0 0.0 0.039636336 0.0 0.17512345 0.0 0.0 0.0 0.0 0.0 0.0014874738 0.023195 0.0 0.0 0.019650541 0.01256981 0.0 0.0 0.0355344 0.0 0.0 0.0 0.0 0.013525379 0.0 0.0 0.016099634 0.0 0.036920566 0.090864785 0.011808799 0.0 0.0 0.0 0.025993649 0.0 0.0 0.008090608 0.17731898 0.006382952 0.0 0.0 0.013687471 0.0 0.016336951 0.0 0.0 0.0 0.0 0.03188715 0.100735255
0.016465604 0.06284389 0.0 0.0 0.0 0.0 0.0 0.019232383 0.0 0.0 0.0 0.0 0.015894894 0.05853386 0.0 0.021687794 0.010907509 0.0 0.0 0.0 0.0 0.019717136 0.0 0.0 0.0 0.013717099 0.011856407 0.0 0.050161663 0.039473783 0.023343598 0.0 0.0 0.029932717 0.0 0.0 0.02425207 0.0 0.0 0.108995736 0.12192375 0.008090607 0.0 0.032705415 0.0 0.0 0.0 0.0018043929 0.01376138 0.00143561 0.0 0.09979527 0.0 0.0 0.007245839 0.034921475
0.083660975 0.0180687 0.026107198 0.0063270084 0.0 0.0 0.052518036 0.03330658 0.0 0.0 0.0 0.0 0.0 0.04763071 0.040306482 0.04024425 0.0 0.0 0.0 0.0 0.013436077 0.093377836 0.0 0.0 0.0 0.0 0.0 0.013924655 0.08608857 0.059189204 0.0 0.01484291 0.0 0.0 0.026435945 0.0056546484 0.0 0.017108668 0.0 0.0 0.0 0.17731898 0.032705415 0.0 0.0 0.0 0.0 0.0 0.0 0.0 0.0 0.0 0.0 0.01877193 0.0 0.0
0.0 0.0 0.009115881 0.049334377 0.010043378 0.040886194 0.0007277417 0.0 0.0 0.0 0.069040425 0.0 0.08211314 0.0 0.0 0.091457255 0.013206903 0.056274213 0.0 0.11283982 0.0 0.07477984 0.0 0.0 0.007254171 0.0 0.048916798 0.0 0.0 0.0 0.0 0.0 0.0 0.0 0.0 0.0 0.0 0.0 0.0964798 0.003977463 0.0 0.0063829515 0.0 0.0 0.0 0.030782625 0.07362212 0.071486846 0.072243065 0.050340243 0.0 0.0 0.0 0.0 0.05169124 0.0
0.076791935 0.0 0.0 0.0 0.0 0.0 0.0 0.0 0.0 0.0 0.096321784 0.0 0.0 0.06413068 0.0 0.0 0.0 0.0 0.0 0.0 0.00816073 0.0 0.07527551 0.11166255 0.0 0.0 0.09248054 0.040323187 0.0 0.0 0.0 0.0 0.0 0.0 0.03406002 0.0 0.02014876 0.0 0.0 0.028606955 0.0 0.0 0.0 0.0 0.030782625 0.039283503 0.0 0.0 0.0 0.0 0.012337728 0.0 0.038572162 0.0 0.029620148 0.0
0.027686998 0.0 0.0 0.0 0.0 0.0 0.0 0.070716545 0.03712827 0.1317317 0.005537042 0.0 0.0 0.081371255 0.0 0.0 0.0 0.0 0.0 0.0 0.0 0.0 0.0006981417 0.12255209 0.0 0.0 0.0 0.0 0.011712197 0.0062193763 0.0 0.0 0.0 0.0 0.15168552 0.0 0.046903264 0.0 0.0 0.04681922 0.027306372 0.0 0.0 0.0 0.07362212 0.0 0.0 0.0 0.0 0.0 0.005659108 0.0 0.0 0.011702737 0.008522723 0.00039535863
0.008967722 0.0 0.0 0.0 0.0 0.06080987 0.032465167 0.025731651 0.0 0.0 0.0 0.0 0.012104335 0.0 0.0 0.0 0.0 0.033822212 0.0 0.038604908 0.025663208 0.09634828 0.07778058 0.016125198 0.0 0.018684814 0.0 0.030796615 0.033815168 0.0 0.0 0.0 0.0074887723 0.008241259 0.034385875 0.0 0.030534534 0.0 0.0 0.0 0.01564195 0.013687471 0.0018043928 0.0 0.07148685 0.0 0.0 0.020190688 0.0 0.06928305 0.012799574 0.028775629 0.0 0.13849396 0.0 0.039719384
0.07074067 0.0 0.0 0.0 0.0 0.0 0.022302207 0.016571833 0.0 0.12214062 0.0 0.0 0.0 0.034606483 0.0 0.0 0.0 0.0 0.01603733 0.0 0.0 0.0 0.055620737 0.11547998 0.0 0.0 0.003921557 0.0009184291 0.0 0.01086387 0.0 0.0 0.0 0.057184473 0.06656273 0.025630558 0.089135 0.0 0.0 0.0114737945 0.032492854 0.0 0.01376138 0.0 0.072243065 0.0 0.0 0.0 0.0 0.009733329 0.013596732 0.05846436 0.0 0.0014069014 0.0 0.0123942755
0.0 0.0 0.0 0.030487416 0.0028859822 0.003875153 0.0 0.0 0.0 0.0 0.0038421673 0.035522178 0.0 0.0 0.0 0.03326465 0.01082175 0.026860192 0.0 0.027656976 0.0070650172 0.0070730513 0.009659645 0.0 0.07229785 0.03110224 0.047853798 0.05455333 0.0 0.0 0.0 0.01941061 0.11331804 0.0 0.0 0.0 0.0 0.0 0.0 0.07088999 0.018338777 0.016336953 0.00143561 0.0 0.05034024 0.0 0.0 0.06928305 0.009733329 0.10378974 0.102795415 0.0 0.0 0.0 0.029620562 0.0
0.011953536 0.0 0.0 0.0 0.0 0.013185367 0.04732772 0.097885184 0.0 0.0045390027 0.00013899505 0.0 0.0 0.0 0.0 0.0 0.0 0.0 0.0 0.0 0.00663529 0.033671588 0.03822089 0.0 0.031110266 0.012717373 0.0 0.12808535 0.0 0.0 0.0 0.0 0.008124872 0.0 0.0 0.0 0.0 0.0 0.020481959 0.0 0.10542961 0.0 0.0 0.0 0.0 0.0123377275 0.005659108 0.012799574 0.013596732 0.102795415 0.009579867 0.17620122 0.021108864 0.075765446 0.022813579 0.0
0.0 0.0 0.0 0.03195366 0.036261078 0.033492863 0.0 0.050500352 0.0 0.0 0.0 0.014590809 0.0295108 0.0 0.017953139 0.034911323 0.0 0.0 0.013809422 0.06336865 0.0 0.0 0.0 0.0 0.06795919 0.024974188 0.038266104 0.0 0.0 0.0 0.0 0.011299838 0.0 0.00983031 0.0 0.0 0.015956208 0.02249509 0.041483328 0.0 0.050244655 0.0 0.099795274 0.0 0.0 0.0 0.0 0.028775629 0.05846436 0.0 0.17620122 0.019794194 0.0 0.011004048 0.0 0.0
0.0 0.060202014 0.0 0.067734495 0.04711812 0.010640553 0.0 0.0 0.09156572 0.0 0.14215647 0.0 0.0 0.04172148 0.0 0.01940075 0.0 0.000515179 0.0 0.0 0.022511348 0.0 0.08577796 0.02035635 0.0 0.0 0.06658787 0.013677688 0.0 0.0 0.05724783 0.08816096 0.007896532 0.0 0.0 0.047368705 0.0 0.03125727 0.0 0.061889745 0.0 0.0 0.0 0.0 0.0 0.038572162 0.0 0.0 0.0 0.0 0.021108864 0.0 0.0 0.0 0.0 0.0
0.0 0.031415742 0.00991582 0.039441966 0.051971115 0.0 0.0 0.0 0.04059268 0.0 0.06909831 0.0 0.0 0.0 0.0 0.057590205 0.0 0.0 0.0 0.0 0.0 0.0 0.03050357 0.006636129 0.0 0.0 0.050652005 0.0 0.0 0.0 0.020440023 0.017326823 0.0 0.0 0.055456627 0.0 0.036520276 0.08676276 0.0016220126 0.071327314 0.0 0.0 0.0 0.01877193 0.0 0.0 0.011702737 0.13849396 0.0014069014 0.0 0.075765446 0.0110040475 0.0 0.008111704 0.014712945 0.0
0.03473301 0.0 0.0 0.0 0.0 0.027148504 0.0 0.026061136 0.0 0.0 0.0 0.0 0.0 0.0 0.0 0.0 0.0 0.0 0.0 0.0 0.0 0.019536033 0.08670482 0.022094557 0.0 0.059184726 0.07169606 0.101539955 0.0 0.0 0.015359683 0.0 0.021554673 0.0 0.0015174074 0.0 0.08287097 0.0 0.02364688 0.0080202315 0.07310723 0.03188715 0.007245839 0.0 0.05169124 0.029620146 0.008522723 0.0 0.0 0.029620564 0.022813579 0.0 0.0 0.014712945 0.117888704 0.053366248
0.0 0.04722237 0.02020671 0.046547845 0.073873974 0.0 0.0 0.049248252 0.0 0.0 0.015927156 0.0 0.0012433069 0.0 0.16688652 0.075126305 0.0 0.0 0.04078041 0.04317018 0.0 0.0 0.0 0.0 0.0 0.05596911 0.0 0.00012145998 0.0041466476 0.043714717 0.0007481045 0.03803656 0.0 0.0 0.020501392 0.0 0.045218818 0.14016613 0.028490335 0.04071328 0.0 0.100735255 0.034921475 0.0 0.0 0.0 0.00039535863 0.039719384 0.0123942755 0.0 0.0 0.0 0.0 0.0 0.053366244 0.0
