0.0 0.0 0.0 0.0 0.035345204 0.025154645 0.0 0.0754263 0.0065269447 0.0 0.0 0.0 0.11382817 0.0 0.0 0.0 0.0 0.0 0.0 0.0 0.0022694722 0.0 0.0 0.0 0.0 0.0 0.0 0.0 0.043791085 0.0 0.0 0.0 0.0 0.0 0.16536698 0.026976317 0.0 0.0 0.0 0.0 0.06319372 0.025001138 0.05369999 0.0 0.0 0.0 0.0 0.0 0.004632643 0.023247827 0.016926019 0.04006304 0.0 0.049721047 0.10795694 0.08619413
0.0 0.0 0.0495439 0.033605084 0.0 0.04555454 0.0 0.0 0.0 0.0 0.0 0.04934848 0.0 0.0 0.0 0.0 0.0 0.0 0.0 0.05896438 0.05681868 0.0099137155 0.031369884 0.013551357 0.0 0.0041029924 0.08028535 0.045730088 0.0 0.014280261 0.02021336 0.0 0.0 0.0 0.0 0.02333599 0.0 0.032727566 0.026792174 0.04073359 0.019489538 0.0 0.023484046 0.019192258 0.04249914 0.013427431 0.0 0.0 0.023203436 0.008760198 0.0 0.0 0.0 0.07291248 0.02534174 0.0
0.0 0.0495439 0.0583027 0.024972739 0.013665583 0.0 0.0 0.0 0.043077 0.009250216 0.0 0.088784 0.0 0.025031444 0.061766796 0.0 0.012238255 0.027810989 0.013557209 0.006434078 0.07747662 0.080386035 0.0 0.004487519 0.029890228 0.0 0.0 0.016118316 0.0 0.05681582 0.04796956 0.0679999 0.002596847 0.058744892 0.012603944 0.0 0.0 0.04023928 0.008042002 0.0 0.0 0.0 0.0 0.0 0.0 0.0058069117 0.12179892 0.0 0.024936741 0.0 0.0 0.0 0.031230267 0.030003617 0.0 0.0
0.0 0.033605088 0.024972739 0.04833633 0.010215756 0.043496214 0.0 0.0 0.0 0.0 0.0043521547 0.0056159217 0.0 0.011664552 0.022055643 0.023314906 0.03242324 0.059081167 0.09604613 0.025345258 0.018906305 0.039397597 0.018811334 0.0 0.03405335 0.04932949 0.09257955 0.024807183 0.0 0.0052858214 0.084030606 0.031125043 0.0 0.017125275 0.0 0.0 0.0 0.014899306 0.053085875 0.0062590544 0.0 0.0 0.062879756 0.046539478 0.0 0.03357731 0.0 0.0 0.009047395 0.0 0.0 0.0 0.0 0.0 0.012325234 0.0
0.035345204 0.0 0.013665584 0.010215755 0.015208677 0.0 0.060658507 0.0 0.026601799 0.09949982 0.008303562 0.017314686 0.0 0.0 0.0 0.0141020585 0.029863184 0.06793743 0.06974446 0.0 0.0 0.019633347 0.01651559 0.03247141 0.0 0.0 0.0 0.086606376 0.0 0.0 0.0 0.0 0.0 0.061184634 0.029949542 0.015430609 0.049462784 0.0 0.01739552 0.0 0.0 0.0 0.05022573 0.0224747 0.04288499 0.03358565 0.03573187 0.0 0.0 0.0 0.0 0.0 0.0 0.0 0.0 0.015002056
0.025154645 0.04555454 0.0 0.043496214 0.0 0.0 0.0 0.0 0.058112487 0.043469477 0.076765984 0.00056146545 0.0 0.0 0.016970303 0.0 0.0061325724 0.0 0.00836646 0.0 0.0 0.0 0.022176212 0.16435488 0.0 0.0 0.0 0.07289739 0.0 0.0020245933 0.016332787 0.014609054 0.0 0.03481334 0.0 0.0885201 0.0 0.0 0.0 0.0 0.0 0.0 0.032527015 0.0 0.0 0.012089804 0.0 0.0 0.013617947 0.0 0.0 0.0 0.0 0.0 0.004192763 0.0
0.0 0.0 0.0 0.0 0.060658507 0.0 0.0 0.033002164 0.07091789 0.057486236 0.007912293 0.0 0.0 0.0146634225 0.0 0.007143683 0.0 0.0 0.0 0.024593031 0.014660058 0.0 0.022476727 0.032815237 0.0 0.0 0.08712235 0.01331317 0.0 0.0 0.0 0.0394334 0.0 0.0 0.0065836143 0.0 0.0 0.09473983 0.004302472 0.0 0.0032637627 0.0 0.029279055 0.0 0.0 0.0 0.0 0.0 0.0 0.0 0.117340006 0.0 0.0 0.0 0.06208182 0.0
0.0754263 0.0 0.0 0.0 0.0 0.0 0.033002164 0.045531124 0.0 0.0 0.0 0.0 0.0 0.0 0.0 0.0 0.0 0.0 0.0 0.0 0.0 0.0 0.0 0.05701569 0.0 0.0 0.0 0.0 0.06085161 0.027829459 0.0 0.0 0.0 0.009693222 0.11125595 0.032295264 0.054298792 0.0097553 0.0 0.0 0.10584844 0.07371738 0.0 0.0 0.0 0.0 0.0 0.0 0.0 0.047114868 0.0 0.03424135 0.02496259 0.0 0.0 0.17941457
0.0065269447 0.0 0.043076996 0.0 0.026601799 0.058112483 0.07091789 0.0 0.003992293 0.0 0.034814678 0.020498462 0.0 0.0 0.0 0.0 0.0 0.025049565 0.0555188 0.0 0.088749915 0.023062259 0.008324394 0.005185149 0.05405614 0.0 0.032311756 0.0 0.0 0.0 0.0 0.05386675 0.03143593 0.042239305 0.00021451668 0.0 0.0 0.034345623 0.030651625 0.017396495 0.0 0.0 0.04734531 0.0 0.028832842 0.053298596 0.013022121 0.010022486 0.0 0.0045553427 0.0 0.0 0.051201425 0.0 0.040279 0.0
0.0 0.0 0.009250215 0.0 0.09949983 0.043469477 0.057486236 0.0 0.0 0.028932454 0.00157679 0.0 0.09062515 0.0 0.0 0.0 0.023659632 0.0 0.0 0.0 0.035419915 0.0 0.0 0.0 0.0 0.0 0.0 0.0008055566 0.07484985 0.03990809 0.0 0.0 0.0073993993 0.020918865 0.066483736 0.031003667 0.0739486 0.0 0.0 0.0 0.0 0.0 0.031133173 0.0 0.0 0.009182119 0.020459304 0.0 0.0 0.15625198 0.0 0.0 0.0 0.042213563 0.0 0.06557498
0.0 0.0 0.0 0.0043521547 0.008303563 0.076765984 0.007912293 0.0 0.034814678 0.0015767899 0.10863646 0.0 0.0 0.0 0.0 0.016863948 0.022276 0.004956939 0.025209658 0.0 0.021225723 0.0 0.022131579 0.0 0.0 0.0 0.0 0.06302524 0.0 0.0 0.052208535 0.0 0.031731054 0.0 0.008090065 0.11101117 0.0 0.0 0.0053697615 0.046678636 0.0 0.0 0.03640457 0.014619106 0.0 0.0128928125 0.016111476 0.0 0.007769618 0.0 0.049314845 0.0 0.0 0.028960044 0.13305454 0.0
0.0 0.04934848 0.088784 0.005615922 0.017314686 0.0005614654 0.0 0.0 0.020498462 0.0 0.0 0.052557144 0.0 0.0 0.0 0.0 0.053896837 0.024713151 0.0 0.07544225 0.02277948 0.024150087 0.0 0.0 0.019210452 0.0 0.0 0.0 0.0 0.07450664 0.103944845 0.063672304 0.0 0.0 0.0 0.006149893 0.0 0.047494687 0.031091584 0.0057483437 0.0 0.0 0.0 0.034672055 0.0 0.0 0.08372577 0.044033274 0.04672108 0.0 0.021110538 0.0 0.0 0.023179602 0.0 0.0
0.11382817 0.0 0.0 0.0 0.0 0.0 0.0 0.0 0.0 0.09062515 0.0 0.0 0.0 0.047421556 0.0 0.0 0.0 0.0042959126 0.0 0.0 0.0 0.0 0.0 0.21912983 0.0 0.0 0.0064906287 0.08190368 0.0 0.0 0.0 0.0 0.0 0.027702985 0.0132905515 0.0 0.06737992 0.0 0.0 0.0 0.0 0.016896456 0.0 0.0028845682 0.033447452 0.0 0.0 0.0 0.0 0.0 0.051258683 0.08865771 0.0 0.001784692 0.016708272 0.016485453
0.0 0.0 0.025031444 0.011664553 0.0 0.0 0.0146634225 0.0 0.0 0.0 0.0 0.0 0.047421552 0.0 0.0 0.011862484 0.0 0.049505413 0.02185158 0.045043092 0.0 0.0 0.0 0.0 0.0059953644 0.073228106 0.0 0.043001376 0.0042799166 0.012644166 0.0 0.0 0.072338834 0.0618469 0.0 0.0 0.020660248 0.0 0.07432354 0.0 0.08729637 0.096956395 0.0 0.0 0.06262007 0.040328536 0.0 0.03236446 0.0 0.036548927 0.0 0.0 0.0 0.0 0.0 0.0
0.0 0.0 0.0617668 0.02205564 0.0 0.016970301 0.0 0.0 0.0 0.0 0.0 0.0 0.0 0.0 0.0 0.0 0.06252793 0.048762806 0.0327839 0.019045215 0.016883932 0.0 0.0 0.0 0.14077537 0.0 0.061485276 0.0 0.0 0.024676962 0.021161713 0.0028442547 0.0 0.0 0.0 0.0 0.0 0.0 0.039174262 0.0 0.0 0.0 0.0 0.056946814 0.0 0.07839508 0.032241836 0.027387261 0.020085951 0.0 0.020192789 0.0 0.21964939 0.0 0.0 0.0
0.0 0.0 0.0 0.023314908 0.014102059 0.0 0.0071436823 0.0 0.0 0.0 0.016863946 0.0 0.0 0.011862485 0.0 0.0 0.0018063629 0.016748449 0.0067445813 0.0 0.035450768 0.008528908 0.0 0.0 0.17726366 0.015852818 0.013465713 0.0 0.0 0.0 0.0 0.11493182 0.024364023 0.0 0.0 0.009168721 0.0 0.04537985 0.04644959 0.011522472 0.0 0.0 0.02989357 0.0 0.0 0.09981426 0.060157537 0.0 0.052658513 0.0 0.0031681254 0.0 0.07611732 0.0071446397 0.0 0.0
0.0 0.0 0.012238255 0.03242324 0.029863182 0.006132573 0.0 0.0 0.0 0.023659632 0.022276 0.053896833 0.0 0.0 0.06252794 0.0018063629 0.015105152 0.0 0.0 0.078447185 0.036542457 0.0 0.040370937 0.0037096995 0.0 0.0 0.021039227 0.016734665 0.0 0.0 0.07478965 0.12624796 0.026342915 0.0 0.0 0.018049136 0.0 0.07377931 0.09802354 0.0 0.0 0.0 0.0 0.0 0.0 0.0 0.0 0.0035403525 0.010855464 0.0 0.08309089 0.0 0.022429792 0.023449 0.0 0.0
0.0 0.0 0.02781099 0.059081167 0.06793743 0.0 0.0 0.0 0.025049567 0.0 0.0049569383 0.024713151 0.0042959126 0.049505413 0.048762806 0.01674845 0.0 0.048521124 0.0146949645 0.012300738 0.080990344 0.027133005 0.024201967 0.0 0.020615792 0.010531258 0.0 0.048416443 0.0 0.0 0.06516974 0.0 0.0064758942 0.0 0.0 0.011008229 0.0 0.0 0.0044044317 0.0659471 0.0 0.0 0.0 0.0 0.0 0.0 0.009332263 0.0 0.0912216 0.0 0.049984965 0.0 0.056552123 0.01595511 0.031103669 0.0
0.0 0.0 0.013557209 0.09604613 0.06974447 0.008366459 0.0 0.0 0.0555188 0.0 0.025209658 0.0 0.0 0.02185158 0.032783903 0.0067445813 0.0 0.0146949645 0.021461029 0.034667965 0.05012334 0.04693287 0.062410228 0.0 0.0 0.0 0.0 0.0 0.0 0.040176228 0.1414553 0.02838082 0.0 0.0 0.0 0.026352782 0.0 0.071455784 0.0 0.0 0.00861468 0.0 0.030623212 0.0 0.0 0.011959705 0.0 0.0 0.0 0.0 0.0 0.0 0.0052629453 0.0 0.030617338 0.0
0.0 0.058964375 0.006434078 0.025345258 0.0 0.0 0.024593033 0.0 0.0 0.0 0.0 0.07544225 0.0 0.045043092 0.019045215 0.0 0.078447185 0.012300738 0.03466797 0.0 0.0 0.064508244 0.0 0.0021701965 0.0 0.048442345 0.0 0.017757922 0.0 0.05101049 0.0043528215 0.0 0.029304305 0.06647469 0.0 0.0 0.0 0.0 0.038206846 0.050255142 0.0 0.0 0.0073312903 0.027629934 0.0 0.052888736 0.0 0.0039169705 0.062342394 0.01885464 0.0 0.0 0.0 0.022759596 0.015281611 0.0
0.0022694722 0.05681868 0.07747662 0.018906305 0.0 0.0 0.014660058 0.0 0.08874992 0.035419915 0.02122572 0.02277948 0.0 0.0 0.016883932 0.035450768 0.036542457 0.08099034 0.05012334 0.0 0.0 0.015548376 0.0 0.0018976195 0.019544715 0.0 0.0 0.01108724 0.0 0.01477305 0.057495996 0.0 0.0 0.022837648 0.0 0.05746884 0.0 0.0 0.017714562 0.0 0.0 0.0 0.016151836 0.053105265 0.0 0.0 0.016631769 0.0 0.011324495 0.0 0.0 0.0 0.0 0.003783276 0.0 0.0
0.0 0.0099137155 0.080386035 0.039397594 0.019633347 0.0 0.0 0.0 0.023062259 0.0 0.0 0.024150087 0.0 0.0 0.0 0.008528908 0.0 0.027133005 0.046932865 0.064508244 0.015548376 0.0 0.0 0.0 0.0 0.0 0.0 0.02089462 0.07949945 0.03125304 0.069995165 0.061047636 0.011434724 0.059160613 0.0 0.0 0.0 0.03378747 0.009795032 0.023887912 0.0 0.003969166 0.0 0.0 0.0 0.0 0.070609465 0.043525793 0.019313527 0.0 0.0 0.0 0.047502503 0.0 0.0 0.0
0.0 0.031369884 0.0 0.018811334 0.01651559 0.022176212 0.022476729 0.0 0.008324394 0.0 0.022131577 0.0 0.0 0.0 0.0 0.0 0.04037094 0.024201969 0.06241023 0.0 0.0 0.0 0.0 0.0 0.10525725 0.049683582 0.0 0.024613464 0.0 0.0 0.0008619207 0.016138801 0.055005845 0.0026868666 0.003101512 0.011002249 0.0 0.0 0.028575059 0.14491922 0.0 0.0443311 0.00363576 0.075827 0.0 0.026022086 0.0 0.0045164935 0.040002823 0.0 0.0 0.0 0.057030287 0.02668882 0.0 0.0
0.0 0.013551357 0.0044875196 0.0 0.03247141 0.16435488 0.032815233 0.057015695 0.0051851487 0.0 0.0 0.0 0.21912983 0.0 0.0 0.0 0.0037096993 0.0 0.0 0.0021701963 0.0018976195 0.0 0.0 0.0 0.028416345 0.0 0.0 0.0 0.0 0.0 0.0 0.0 0.0 0.0 0.0016067305 0.0 0.02095913 0.0 0.0 0.0 0.041305866 0.104356386 0.0410854 0.0 0.0 0.0 0.019417709 0.0 0.0 0.026070243 0.0 0.0 0.041792996 0.048298478 0.041530687 0.01792903
0.0 0.0 0.029890232 0.03405335 0.0 0.0 0.0 0.0 0.054056138 0.0 0.0 0.01921045 0.0 0.0059953644 0.14077535 0.17726368 0.0 0.02061579 0.0 0.0 0.019544715 0.0 0.10525726 0.028416347 0.0 0.05463591 0.08554981 0.10022089 0.0 0.0 0.0666822 0.074322976 0.0 0.0 0.0 0.0 0.0 0.0119009875 0.001563125 0.015443856 0.0 0.0 0.0 0.0 0.0 0.005168792 0.0 0.03956904 0.0 0.0 0.013105702 0.0 0.0 0.004933446 0.0 0.0
0.0 0.0041029924 0.0 0.04932949 0.0 0.0 0.0 0.0 0.0 0.0 0.0 0.0 0.0 0.073228106 0.0 0.01585282 0.0 0.010531258 0.0 0.048442345 0.0 0.0 0.04968358 0.0 0.05463591 0.05545154 0.08787706 0.070131205 0.0 0.026646001 0.0 0.020348718 0.010241743 0.0 0.0 0.0 0.0 0.0 0.014778218 0.013863705 0.054598786 0.0 0.0 0.038391676 0.0 0.03213566 0.0 0.0 0.038665727 0.075263724 0.056431275 0.023150036 0.020723563 0.010218865 0.0 0.0
0.0 0.08028534 0.0 0.09257955 0.0 0.0 0.08712234 0.0 0.032311752 0.0 0.0 0.0 0.006490629 0.0 0.061485272 0.013465713 0.021039227 0.0 0.0 0.0 0.0 0.0 0.0 0.0 0.08554981 0.08787706 0.0 0.04820749 0.0 0.0073868013 0.0 0.0 0.0 0.052056227 0.0 0.03764165 0.0 0.0 0.0 0.083223425 0.0 0.0 0.011680859 0.06642036 0.0191772 0.011549866 0.0 0.0 0.013846893 0.0 0.0 0.0 0.0 0.04887132 0.0 0.0
0.0 0.045730088 0.016118316 0.024807185 0.086606376 0.07289739 0.01331317 0.0 0.0 0.0008055566 0.06302524 0.0 0.08190368 0.043001376 0.0 0.0 0.016734665 0.048416443 0.0 0.017757924 0.011087241 0.020894622 0.024613464 0.0 0.10022089 0.07013121 0.04820749 0.028117068 0.008880612 0.0 0.0 0.0 0.04376323 0.0 0.0 0.01890338 0.0 0.0 0.02585275 0.0 0.0 0.05234204 0.0 0.014434455 0.0 0.028437788 0.0 0.010095993 0.019515388 0.07079361 0.013542151 0.0 0.0 0.0 0.0 0.016316574
0.043791085 0.0 0.0 0.0 0.0 0.0 0.0 0.06085161 0.0 0.074849844 0.0 0.0 0.0 0.004279916 0.0 0.0 0.0 0.0 0.0 0.0 0.0 0.07949945 0.0 0.0 0.0 0.0 0.0 0.0088806115 0.23555863 0.0 0.0 0.0 0.0 0.0 0.0 0.0 0.0 0.052934837 0.0 0.0 0.024512315 0.012737931 0.0 0.0 0.0 0.0 0.0 0.0 0.0 0.0 0.009014822 0.14693926 0.0 0.07838612 0.0 0.07347913
0.0 0.0142802615 0.056815825 0.005285821 0.0 0.0020245933 0.0 0.027829459 0.0 0.03990809 0.0 0.07450665 0.0 0.012644166 0.024676964 0.0 0.0 0.0 0.040176224 0.051010493 0.014773049 0.031253044 0.0 0.0 0.0 0.026646001 0.0073868018 0.0 0.0 0.1563456 0.02285535 0.05960216 0.042133138 0.028855039 0.0 0.0 0.0 0.013076528 0.019209659 0.0 0.0 0.0 0.0 0.022921003 0.01824176 0.0 0.08180743 0.03043992 0.046084404 0.003305268 0.0 0.0 0.0039020518 0.0 0.0 0.0
0.0 0.02021336 0.04796956 0.084030606 0.0 0.016332788 0.0 0.0 0.0 0.0 0.052208535 0.103944845 0.0 0.0 0.02116171 0.0 0.07478965 0.06516974 0.1414553 0.0043528215 0.057495996 0.069995165 0.00086192077 0.0 0.0666822 0.0 0.0 0.0 0.0 0.02285535 0.049605567 0.0078981295 0.0 0.017090539 0.0 0.0 0.0 0.0 0.017622082 0.043690655 0.0 0.0 0.0 0.07702604 0.0 0.0033308088 0.06123988 0.016947495 0.028163604 0.0 0.0 0.0 0.0 0.0 0.0 0.0
0.0 0.0 0.0679999 0.031125043 0.0 0.014609053 0.0394334 0.0 0.05386675 0.0 0.0 0.063672304 0.0 0.0 0.0028442547 0.114931814 0.12624796 0.0 0.02838082 0.0 0.0 0.061047632 0.016138803 0.0 0.07432297 0.020348718 0.0 0.0 0.0 0.059602167 0.0078981295 0.0 0.0 0.016602753 0.0 0.0 0.0 0.031771984 0.038395878 0.011704157 0.0 0.0 0.028276213 0.05992991 0.0 0.0 0.0 0.001116778 0.012606559 0.01614806 0.0 0.0 0.0 0.0 0.0 0.0
0.0 0.0 0.002596847 0.0 0.0 0.0 0.0 0.0 0.03143593 0.0073993998 0.031731054 0.0 0.0 0.07233883 0.0 0.024364023 0.026342915 0.0064758942 0.0 0.029304305 0.0 0.011434725 0.05500584 0.0 0.0 0.010241743 0.0 0.04376323 0.0 0.04213314 0.0 0.0 0.0 0.04298431 0.0 0.027234022 0.026661174 0.008400974 0.03384501 0.0066317176 0.01871311 0.0 0.0 0.043136336 0.14331608 0.01802026 0.0 0.13278209 0.07665696 0.0 0.0 0.0 0.0 0.025743565 0.023594564 0.0
0.0 0.0 0.058744892 0.017125273 0.06118463 0.03481334 0.0 0.009693222 0.042239305 0.020918865 0.0 0.0 0.027702985 0.061846893 0.0 0.0 0.0 0.0 0.0 0.06647469 0.022837648 0.059160613 0.0026868666 0.0 0.0 0.0 0.052056227 0.0 0.0 0.02885504 0.017090539 0.01660275 0.04298431 0.013567254 0.0 0.0 0.0 0.0 0.0 0.0 0.044857614 0.086372264 0.061770953 0.0 0.0 0.0 0.022706894 0.0 0.018545946 0.016233731 0.0 0.0 0.067407705 0.011008968 0.0159165 0.0
0.16536696 0.0 0.012603944 0.0 0.029949542 0.0 0.006583614 0.111255944 0.00021451668 0.06648373 0.008090065 0.0 0.013290552 0.0 0.0 0.0 0.0 0.0 0.0 0.0 0.0 0.0 0.003101512 0.0016067305 0.0 0.0 0.0 0.0 0.0 0.0 0.0 0.0 0.0 0.0 0.08337064 0.0 0.1295443 0.006136764 0.0 0.0 0.03979173 0.030948348 0.0 0.0 0.0 0.0 0.0 0.0 0.0 0.055271782 0.011956514 0.10262399 0.0 0.04157797 0.06544058 0.087804034
0.026976315 0.02333599 0.0 0.0 0.015430607 0.0885201 0.0 0.032295268 0.0 0.031003669 0.11101117 0.006149893 0.0 0.0 0.0 0.009168721 0.018049136 0.011008229 0.02635278 0.0 0.05746884 0.0 0.01100225 0.0 0.0 0.0 0.03764165 0.018903382 0.0 0.0 0.0 0.0 0.027234022 0.0 0.0 0.09658712 0.11230515 0.014949509 0.0 0.0 0.0 0.0062179053 0.01882427 0.0063562053 0.019938204 0.0 0.0044429204 0.0 0.0 0.0 0.11874903 0.009258856 0.0 0.0 0.018004239 0.0
0.0 0.0 0.0 0.0 0.049462784 0.0 0.0 0.054298796 0.0 0.0739486 0.0 0.0 0.06737992 0.020660248 0.0 0.0 0.0 0.0 0.0 0.0 0.0 0.0 0.0 0.02095913 0.0 0.0 0.0 0.0 0.0 0.0 0.0 0.0 0.026661176 0.0 0.1295443 0.11230515 0.05055267 0.0 0.0 0.0 0.07753159 0.023668194 0.06603324 0.0 0.0 0.0 0.0 0.0 0.0 0.008864223 0.03317114 0.07686245 0.0 0.07313924 0.042988315 0.06303067
0.0 0.032727566 0.04023928 0.014899306 0.0 0.0 0.09473983 0.009755301 0.03434562 0.0 0.0 0.047494687 0.0 0.0 0.0 0.045379847 0.07377931 0.0 0.071455784 0.0 0.0 0.033787467 0.0 0.0 0.011900987 0.0 0.0 0.0 0.052934837 0.013076528 0.0 0.031771984 0.008400974 0.0 0.006136764 0.01494951 0.0 0.0 0.037980344 0.0 0.0022315201 0.0 0.10215889 0.008586408 0.0 0.0 0.06167085 0.0015721131 0.0047435537 0.0 0.0 0.0 0.044270013 0.0 0.0 0.0
0.0 0.026792174 0.008042002 0.05308588 0.01739552 0.0 0.004302472 0.0 0.030651625 0.0 0.0053697615 0.031091584 0.0 0.07432354 0.039174262 0.04644959 0.09802354 0.004404432 0.0 0.03820685 0.01771456 0.009795032 0.028575059 0.0 0.001563125 0.014778217 0.0 0.02585275 0.0 0.019209657 0.017622082 0.038395878 0.033845015 0.0 0.0 0.0 0.0 0.037980344 0.0 0.0593194 0.040417887 0.0 0.0 0.0641358 0.0 0.016048526 0.0 0.0 0.057081796 0.0 0.0 0.0 0.048456617 0.06399832 0.0 0.0
0.0 0.04073359 0.0 0.0062590544 0.0 0.0 0.0 0.0 0.017396493 0.0 0.046678636 0.0057483437 0.0 0.0 0.0 0.011522472 0.0 0.0659471 0.0 0.050255142 0.0 0.023887912 0.14491922 0.0 0.015443856 0.013863704 0.083223425 0.0 0.0 0.0 0.043690655 0.011704157 0.006631717 0.0 0.0 0.0 0.0 0.0 0.059319396 0.0 0.0 0.0 0.0018242553 0.0 0.05557317 0.14368919 0.0 0.111296795 0.003875489 0.06086718 0.036585357 0.0 0.0 0.0 0.026655914 0.01050768
0.06319372 0.019489538 0.0 0.0 0.0 0.0 0.0032637627 0.10584844 0.0 0.0 0.0 0.0 0.0 0.08729637 0.0 0.0 0.0 0.0 0.008614681 0.0 0.0 0.0 0.0 0.041305866 0.0 0.05459879 0.0 0.0 0.024512317 0.0 0.0 0.0 0.01871311 0.04485761 0.03979173 0.0 0.07753159 0.00223152 0.040417887 0.0 0.060521007 0.032770578 0.0 0.0 0.10352639 0.0 0.0008520932 0.03229531 0.0 0.008284875 0.00015706534 0.00847338 0.0 0.067207076 0.0 0.11340332
0.025001137 0.0 0.0 0.0 0.0 0.0 0.0 0.07371738 0.0 0.0 0.0 0.0 0.016896456 0.09695639 0.0 0.0 0.0 0.0 0.0 0.0 0.0 0.0039691664 0.0443311 0.10435639 0.0 0.0 0.0 0.052342035 0.012737932 0.0 0.0 0.0 0.0 0.086372264 0.030948348 0.006217905 0.023668196 0.0 0.0 0.0 0.032770578 0.03278116 0.014798872 0.0 0.050191216 0.0 0.0 0.011810993 0.0 0.0 0.003775073 0.13385564 0.0 0.007158227 0.030495921 0.036182422
0.053699985 0.023484046 0.0 0.062879756 0.05022573 0.03252702 0.029279055 0.0 0.047345307 0.031133173 0.036404565 0.0 0.0 0.0 0.0 0.029893572 0.0 0.0 0.030623212 0.00733129 0.016151836 0.0 0.0036357597 0.0410854 0.0 0.0 0.01168086 0.0 0.0 0.0 0.0 0.02827621 0.0 0.061770946 0.0 0.01882427 0.06603324 0.10215889 0.0 0.0018242553 0.0 0.014798872 0.02247964 0.02261636 0.0 0.020521296 0.07392767 0.0 0.0 0.0 0.0 0.020698126 0.0 0.0 0.0 0.0
0.0 0.019192258 0.0 0.046539478 0.0224747 0.0 0.0 0.0 0.0 0.0 0.0146191055 0.034672055 0.0028845682 0.0 0.056946818 0.0 0.0 0.0 0.0 0.027629934 0.053105265 0.0 0.075827 0.0 0.0 0.038391676 0.06642036 0.014434456 0.0 0.022921005 0.07702604 0.059929915 0.043136336 0.0 0.0 0.0063562053 0.0 0.008586408 0.06413579 0.0 0.0 0.0 0.02261636 0.0 0.0 0.035147604 0.0 0.056717366 0.027686922 0.0 0.12156848 0.0 0.005566101 0.0 0.023378808 0.0
0.0 0.04249914 0.0 0.0 0.04288499 0.0 0.0 0.0 0.02883284 0.0 0.0 0.0 0.033447452 0.062620066 0.0 0.0 0.0 0.0 0.0 0.0 0.0 0.0 0.0 0.0 0.0 0.0 0.019177198 0.0 0.0 0.01824176 0.0 0.0 0.14331608 0.0 0.0 0.019938204 0.0 0.0 0.0 0.055573173 0.1035264 0.050191216 0.0 0.0 0.0 0.0 0.0 0.02473385 0.0 0.016397318 0.06953913 0.09848546 0.0 0.053391684 0.12748247 0.011257847
0.0 0.013427431 0.0058069117 0.03357731 0.03358565 0.012089804 0.0 0.0 0.053298593 0.009182119 0.0128928125 0.0 0.0 0.040328532 0.078395076 0.09981426 0.0 0.0 0.011959704 0.052888736 0.0 0.0 0.026022086 0.0 0.005168792 0.032135665 0.011549865 0.02843779 0.0 0.0 0.0033308088 0.0 0.01802026 0.0 0.0 0.0 0.0 0.0 0.016048526 0.14368919 0.0 0.0 0.020521296 0.035147604 0.0 0.0 0.0 0.03952459 0.0 0.0 0.048619412 0.0 0.0 0.0 0.05297747 0.0
0.0 0.0 0.12179892 0.0 0.03573187 0.0 0.0 0.0 0.01302212 0.020459302 0.016111476 0.08372577 0.0 0.0 0.032241836 0.060157534 0.0 0.009332264 0.0 0.0 0.016631769 0.07060946 0.0 0.019417709 0.0 0.0 0.0 0.0 0.0 0.08180743 0.061239883 0.0 0.0 0.022706894 0.0 0.0044429204 0.0 0.06167085 0.0 0.0 0.00085209316 0.0 0.07392767 0.0 0.0 0.0 0.0 0.0 0.041363485 0.0 0.0 0.0 0.043890636 0.0 0.0 0.0
0.0 0.0 0.0 0.0 0.0 0.0 0.0 0.0 0.010022486 0.0 0.0 0.044033274 0.0 0.03236446 0.027387261 0.0 0.0035403522 0.0 0.0 0.0039169705 0.0 0.043525796 0.0045164935 0.0 0.03956904 0.0 0.0 0.010095993 0.0 0.03043992 0.016947495 0.001116778 0.13278207 0.0 0.0 0.0 0.0 0.0015721133 0.0 0.111296795 0.032295305 0.011810993 0.0 0.056717362 0.024733849 0.03952459 0.0 0.0 0.018293131 0.08461418 0.06509949 0.0 0.0 0.0052261814 0.0 0.01083963
0.004632643 0.023203436 0.024936741 0.009047395 0.0 0.013617947 0.0 0.0 0.0 0.0 0.0077696177 0.046721082 0.0 0.0 0.020085951 0.052658513 0.010855463 0.0912216 0.0 0.062342394 0.011324495 0.019313527 0.040002823 0.0 0.0 0.038665727 0.013846893 0.019515386 0.0 0.046084404 0.028163604 0.012606559 0.07665695 0.018545944 0.0 0.0 0.0 0.004743553 0.057081796 0.003875489 0.0 0.0 0.0 0.02768692 0.0 0.0 0.041363485 0.018293131 0.022965506 0.0048040557 0.023810538 0.0 0.0 0.0 0.083750024 0.0
0.023247827 0.008760198 0.0 0.0 0.0 0.0 0.0 0.04711487 0.0045553427 0.15625197 0.0 0.0 0.0 0.036548927 0.0 0.0 0.0 0.0 0.0 0.018854642 0.0 0.0 0.0 0.026070243 0.0 0.07526373 0.0 0.07079361 0.0 0.0033052678 0.0 0.01614806 0.0 0.016233731 0.055271782 0.0 0.008864223 0.0 0.0 0.060867187 0.008284875 0.0 0.0 0.0 0.01639732 0.0 0.0 0.08461418 0.004804055 0.0 0.013254237 0.14144112 0.0 0.04257152 0.061150633 0.0
0.016926017 0.0 0.0 0.0 0.0 0.0 0.117340006 0.0 0.0 0.0 0.04931485 0.02111054 0.051258683 0.0 0.020192789 0.0031681254 0.08309089 0.04998496 0.0 0.0 0.0 0.0 0.0 0.0 0.013105702 0.056431275 0.0 0.013542151 0.009014823 0.0 0.0 0.0 0.0 0.0 0.011956514 0.11874902 0.03317114 0.0 0.0 0.03658536 0.00015706534 0.0037750727 0.0 0.12156847 0.06953913 0.048619412 0.0 0.06509949 0.023810538 0.013254236 0.0 0.0055498043 0.0 0.0 0.0 0.030928776
0.04006304 0.0 0.0 0.0 0.0 0.0 0.0 0.03424135 0.0 0.0 0.0 0.0 0.08865771 0.0 0.0 0.0 0.0 0.0 0.0 0.0 0.0 0.0 0.0 0.0 0.0 0.023150036 0.0 0.0 0.14693926 0.0 0.0 0.0 0.0 0.0 0.10262399 0.009258856 0.076862454 0.0 0.0 0.0 0.00847338 0.13385566 0.020698126 0.0 0.09848547 0.0 0.0 0.0 0.0 0.14144112 0.0055498043 0.009907081 0.0 0.0 0.0 0.14011563
0.0 0.0 0.031230267 0.0 0.0 0.0 0.0 0.024962591 0.05120142 0.0 0.0 0.0 0.0 0.0 0.21964939 0.07611733 0.02242979 0.05655212 0.0052629453 0.0 0.0 0.047502503 0.057030287 0.041792996 0.0 0.02072356 0.0 0.0 0.0 0.0039020518 0.0 0.0 0.0 0.067407705 0.0 0.0 0.0 0.044270013 0.048456617 0.0 0.0 0.0 0.0 0.0055661006 0.0 0.0 0.043890636 0.0 0.0 0.0 0.0 0.0 0.0 0.0 0.0 0.0
0.049721047 0.07291248 0.030003617 0.0 0.0 0.0 0.0 0.0 0.0 0.042213563 0.028960044 0.023179602 0.001784692 0.0 0.0 0.0071446397 0.023449002 0.01595511 0.0 0.022759596 0.003783276 0.0 0.02668882 0.048298478 0.0049334466 0.010218864 0.04887132 0.0 0.07838613 0.0 0.0 0.0 0.025743565 0.011008968 0.041577972 0.0 0.07313924 0.0 0.06399832 0.0 0.067207076 0.007158227 0.0 0.0 0.053391684 0.0 0.0 0.005226181 0.0 0.04257152 0.0 0.0 0.0 0.0 0.0 0.07021256
0.10795694 0.02534174 0.0 0.012325234 0.0 0.004192763 0.06208182 0.0 0.040278997 0.0 0.13305452 0.0 0.016708273 0.0 0.0 0.0 0.0 0.03110367 0.030617338 0.015281611 0.0 0.0 0.0 0.041530687 0.0 0.0 0.0 0.0 0.0 0.0 0.0 0.0 0.023594564 0.015916502 0.06544058 0.018004239 0.042988315 0.0 0.0 0.026655914 0.0 0.03049592 0.0 0.02337881 0.12748247 0.05297747 0.0 0.0 0.083750024 0.06115063 0.0 0.0 0.0 0.0 0.0 0.0
0.08619413 0.0 0.0 0.0 0.015002055 0.0 0.0 0.17941457 0.0 0.06557498 0.0 0.0 0.01648545 0.0 0.0 0.0 0.0 0.0 0.0 0.0 0.0 0.0 0.0 0.01792903 0.0 0.0 0.0 0.016316574 0.07347913 0.0 0.0 0.0 0.0 0.0 0.08780404 0.0 0.06303067 0.0 0.0 0.01050768 0.11340332 0.036182422 0.0 0.0 0.011257847 0.0 0.0 0.01083963 0.0 0.0 0.030928778 0.14011563 0.0 0.07021255 0.0 0.0
