0.09154416 0.0 0.040463965 0.0 0.0 0.0 0.0 0.05005857 0.013010324 0.15868059 0.0 0.0 0.050675854 0.0 0.0 0.0 0.0 0.0 0.0 0.0 0.0 0.0 0.0 0.024597688 0.0 0.0 0.0 0.0 0.052954227 0.0 0.0 0.0 0.0 0.0 0.018078586 0.0 0.15903993 0.0044192784 0.0 0.0 0.0 0.0 0.0 0.019246504 0.12526828 0.0 0.0 0.101468034 0.0 0.0 0.08234795 0.05825753 0.0 0.0024124696 0.07376007 0.0
0.0 0.0 0.021853937 0.02401897 0.0 0.0 0.009687718 0.0 0.0 0.0 0.0 0.0 0.03605685 0.02910296 0.026665397 0.0 0.04594855 0.04751505 0.0 0.0 0.019972455 0.0342964 0.0 0.027257847 0.0 0.005824065 0.03599913 0.0 0.0 0.02130212 0.0 0.0 0.026699392 0.0 0.0 0.0 0.0 0.0 0.006595325 0.036992744 0.0050511267 0.017813992 0.1021748 0.02083682 0.0 0.0 0.0 0.0 0.060164496 0.09093037 0.0 0.0 0.0 0.11247603 0.0 0.12779653
0.040463965 0.021853937 0.0 0.0 0.014390501 0.0 0.035011858 0.018255394 0.0 0.0 0.0 0.0 0.04926125 0.014763122 0.0 0.0560334 0.035024468 0.0 0.0 0.010191603 0.030585615 0.08585201 0.013491349 0.0058530946 0.03654778 0.011474792 0.031232364 0.0 0.0 0.0 0.0 0.060343973 0.0 0.0 0.028930843 0.0 0.0 0.0038929235 0.0 0.0 0.03212566 0.0 0.017902186 0.0 0.0 0.05042071 0.019019814 0.0 0.054357015 0.0032973469 0.02241549 0.00818646 0.0041494183 0.012291067 0.017136248 0.0021893848
0.0 0.024018971 0.0 0.0 0.0 0.0 0.0 0.0 0.0 0.0 0.0 0.0 0.078236885 0.0 0.020266915 0.045070916 0.0 0.0 0.0 0.044144835 0.0 0.029690769 0.0 0.023625452 0.0 0.021103531 0.14905202 0.034257703 0.0 0.0 0.0 0.0 0.0 0.0 0.088449985 0.08353386 0.0 0.0 0.0 0.09782564 0.05032511 0.0 0.0 0.0 0.0 0.0 0.0 0.0 0.006498112 0.039789297 0.0 0.0 0.0 0.0 0.014958497 0.02930545
0.0 0.0 0.0143905 0.0 0.0 0.0 0.0 0.0 0.0 0.0 0.0 0.10254486 0.049543902 0.0 0.009549447 0.0 0.0 0.007027379 0.0 0.10280922 0.0 0.0 0.0 0.04448666 0.007813809 0.0 0.022997046 0.027812768 0.0 0.023077453 0.0 0.0 0.0 0.0 0.0020493972 0.0 0.0 0.0 0.010939606 0.077544615 0.0995041 0.016857216 0.0 0.09344613 0.0 0.0 0.0 0.0 0.095701315 0.006165272 0.0 0.012263284 0.039549846 0.028961552 0.0 0.0
0.0 0.0 0.0 0.0 0.0 0.0 0.0 0.034205213 0.0 0.0 0.0 0.0 0.06806131 0.0031093673 0.0 0.0025634544 0.0 0.0 0.0 0.0 0.0 0.0 0.0 0.038635213 0.0 0.0 0.06911836 0.065037474 0.0 0.0 0.0 0.0 0.0 0.04507274 0.05771147 0.1407205 0.0 0.0 0.0 0.10758081 0.008756797 0.0 0.080750905 0.0 0.0020954825 0.0 0.0 0.0 0.045724418 0.0 0.025142636 0.016067674 0.0 0.0 0.007903552 0.0
0.0 0.009687718 0.035011858 0.0 0.0 0.0 0.0 0.0 0.0 0.0 0.0 0.0 0.0 0.06808597 0.014866303 0.0 0.072426684 0.0 0.07997235 0.0 0.0140983695 0.10189957 0.0 0.0 0.02274 0.07738635 0.0 0.0 0.009962826 0.04537944 0.02977279 0.0 0.02502037 0.0022209191 0.0 0.0 0.0 0.0 0.024656083 0.005537802 0.041295234 0.0 0.03849337 0.08460518 0.0 0.0 0.0 0.0 0.0 0.06338383 0.0 0.0 0.015019886 0.048493482 0.0 0.012488719
0.05005857 0.0 0.018255394 0.0 0.0 0.034205213 0.0 0.102782026 0.01787789 0.044148497 0.0 0.0 0.015819013 0.044950094 0.0 0.0 0.0 0.0 0.014839889 0.0 0.0 0.0 0.022441164 0.071418755 0.0 0.0121369185 0.0 0.0 0.0 0.021946238 0.0 0.0 0.0 0.0 0.058306865 0.0 0.062058177 0.106821075 0.028033452 0.0 0.0 0.0 0.048754267 0.0 0.038366307 0.0 0.0 0.03131518 0.0 0.0 0.0 0.045658335 0.0 0.004366904 0.040647775 0.0
0.013010324 0.0 0.0 0.0 0.0 0.0 0.0 0.017877888 0.0 0.0 0.0 0.0 0.07430061 0.0 0.0 0.078611836 0.0 0.0 0.0 0.051354725 0.0 0.0 0.0 0.10434182 0.004266616 0.106190406 0.0 0.11174499 0.0029531554 0.0 0.0 0.0 0.0 0.0 0.089761436 0.011829843 0.02372414 0.028993322 0.0 0.004060881 0.040176593 0.0 0.0 0.029852025 0.0 0.0 0.0 0.0 0.0 0.0 0.0 0.039209455 0.0 0.010946268 0.0 0.032369226
0.15868059 0.0 0.0 0.0 0.0 0.0 0.0 0.044148497 0.0 0.0 0.0 0.0 0.033382393 0.040098254 0.0 0.0 0.0 0.0 0.0 0.0 0.0 0.0 0.034320183 0.02494021 0.0 0.009104101 0.0 0.003466817 0.008376997 0.0 0.0 0.0 0.0 0.0 0.052174233 0.0 0.05894577 0.0 0.0 0.059014533 0.0 0.0 0.0 0.020431196 0.06805933 0.0 0.0 0.027800955 0.0 0.0 0.13284534 0.052865162 0.0 0.0 0.06988602 0.0
0.0 0.0 0.0 0.0 0.0 0.0 0.0 0.0 0.0 0.0 0.0 0.0 0.004965025 0.0 0.009363448 0.062034596 0.0 0.0 0.0 0.08692332 0.0 0.0 0.002671812 0.009300993 0.022527747 0.094787724 0.12284575 0.0 0.0 0.011789368 0.0 0.0 0.0 0.0 0.05776272 0.0 0.0 0.0 0.021133443 0.11170831 0.06758175 0.012125182 0.0 0.0 0.0 0.0 0.0 0.0106634535 0.1351998 0.0 0.02809226 0.0 0.012828862 0.038669832 0.0032212227 0.0048243348
0.0 0.0 0.0 0.0 0.10254486 0.0 0.0 0.0 0.0 0.0 0.0 0.042603225 0.0 0.0 0.0 0.0 0.023058606 0.031641766 0.0 0.0403252 0.0 0.037273716 0.06813485 0.0 0.06556444 0.0 0.0 0.039651696 0.0 0.0 0.022600168 0.0 0.06147439 0.0 0.0 0.0 0.0 0.0 0.029832276 0.049097884 0.06384722 0.0 0.02466939 0.08537736 0.0 0.026703851 0.0 0.0 0.00953577 0.0 0.0 0.0 0.06340668 0.015622417 0.039162688 0.0
0.050675854 0.036056854 0.04926125 0.078236885 0.049543902 0.06806131 0.0 0.015819013 0.07430061 0.033382393 0.0049650245 0.0 0.04436591 0.0 0.0 0.013371552 0.041895125 0.054749444 0.011573792 0.0 0.03332444 0.0 0.0 0.0 0.0 0.0 0.0 0.0 0.0 0.0 0.07984749 0.07782557 0.004917497 0.0 0.0 0.080043316 0.0 0.021685297 0.023598393 0.0009787893 0.0 0.0 0.0 0.0 0.0 0.029286683 0.0 0.045837373 0.013948594 0.0 0.0 0.0072922762 0.0 0.0 0.025432002 0.0
0.0 0.029102959 0.0147631215 0.0 0.0 0.0031093673 0.06808597 0.044950094 0.0 0.040098257 0.0 0.0 0.0 0.0 0.0 0.0 0.043632608 0.0024866725 0.0 0.0 0.0 0.020563336 0.005993204 0.0069075893 0.055844825 0.02256843 0.0 0.0 0.10278813 0.16048822 0.0 0.0 0.0061569745 0.0 0.0 0.0028365552 0.0 0.0 0.0026579932 0.0 0.0 0.099488765 0.059895445 0.0 0.08641495 0.028168967 0.12270714 0.004038131 0.0 0.06042667 0.0 0.004130144 0.0 0.018937148 0.0055370023 0.10530029
0.0 0.026665397 0.0 0.020266915 0.009549448 0.0 0.014866303 0.0 0.0 0.0 0.009363448 0.0 0.0 0.0 0.12730311 0.089871295 0.0 0.016169198 0.0 0.044539697 0.08428374 0.0 0.0 0.0 0.0 0.0 0.02342627 0.0 0.0 0.019689463 0.14566945 0.0 0.0 0.0 0.0 0.020223955 0.0 0.0 0.0077316333 0.036374778 0.0 0.0 0.03893103 0.0 0.0 0.033349555 0.0 0.056075722 0.04696415 0.0 0.04202052 0.0 0.0 0.0 0.0 0.0
0.0 0.0 0.056033403 0.045070916 0.0 0.0025634542 0.0 0.0 0.078611836 0.0 0.062034596 0.0 0.013371552 0.0 0.08987129 0.0 0.0 0.04625253 0.0 0.035051823 0.0764382 0.0 0.046312813 0.0 0.0 0.009918658 0.04571446 0.0 0.0 0.016584827 0.0 0.021915682 0.013161968 0.0 0.020361144 0.033962734 0.0 0.017505065 0.057616733 0.028293986 0.0 0.0 0.0 0.012647213 0.0031414987 0.09274463 0.0 0.019938514 0.015049472 0.0 0.043348856 0.032038957 0.03619325 0.0 0.022319902 0.0
0.0 0.045948546 0.03502447 0.0 0.0 0.0 0.07242668 0.0 0.0 0.0 0.0 0.023058604 0.04189513 0.043632604 0.0 0.0 0.0 0.054459848 0.012279076 0.0 0.0 0.034717474 0.0 0.0 0.0 0.116605684 0.0 0.0 0.0 0.0 0.0 0.0 0.0 0.0 0.023757113 0.0135167595 0.0 0.0 0.0 0.02347171 0.009078299 0.0 0.0 0.13910343 0.046911422 0.0 0.0 0.0 0.010285621 0.0 0.0 0.0 0.05243697 0.0 0.0 0.0
0.0 0.047515053 0.0 0.0 0.0070273783 0.0 0.0 0.0 0.0 0.0 0.0 0.031641766 0.054749444 0.0024866725 0.016169196 0.046252526 0.054459848 0.0 0.0 0.030168658 0.035767663 0.0 0.0 0.0 0.041810934 0.062226605 0.034925263 0.0 0.0 0.0 0.0 0.045582782 0.036722966 0.03719094 0.0 0.0 0.0 0.0 0.0 0.030380534 0.06744943 0.0 0.019216338 0.09462304 0.0069916504 0.024102436 0.016123211 0.0045965617 0.043495003 0.0 0.0 0.0 0.0 0.04533098 0.0 0.0
0.0 0.0 0.0 0.0 0.0 0.0 0.07997236 0.014839889 0.0 0.0 0.0 0.0 0.011573792 0.0 0.0 0.0 0.012279076 0.0 0.0 0.0 0.0 0.0 0.0 0.013136373 0.0 0.03754057 0.0 0.0 0.18573064 0.06476369 0.0 0.0 0.0 0.1681459 0.015728923 0.020480737 0.0 0.0 0.0 0.05336871 0.018319951 0.0 0.02541802 0.021309646 0.0 0.0 0.0 0.0 0.0 0.14393656 0.0 0.0 0.0 0.032575194 0.0 0.15060835
0.0 0.0 0.010191602 0.044144835 0.10280922 0.0 0.0 0.0 0.051354725 0.0 0.086923316 0.040325202 0.0 0.0 0.044539694 0.035051826 0.0 0.03016866 0.0 0.0 0.019337222 0.0013592613 0.07271717 0.0 0.0 0.0 0.04746383 0.0 0.0 0.0 0.0006610015 0.08987847 0.012410291 0.0 0.010819094 0.017961143 0.0 0.07914164 0.032284744 0.0070015253 0.036335256 0.028061308 0.02756197 0.0 0.0 0.07855406 0.0 0.0 0.023430187 0.0 0.0071075903 0.0 0.031120542 0.0 0.004162953 0.0
0.0 0.019972455 0.030585617 0.0 0.0 0.0 0.0140983695 0.0 0.0 0.0 0.0 0.0 0.03332444 0.0 0.08428373 0.0764382 0.0 0.035767663 0.0 0.019337222 0.06373888 0.0 0.0056768158 0.0 0.009035124 0.044400305 0.11603305 0.023297986 0.0 0.0 0.0 0.04137847 0.009873931 0.15899512 0.0 0.022337832 0.0 0.0 0.034560136 0.020680195 0.0 0.0 0.03164644 0.022801945 0.0 0.0 0.0 0.0 0.022178037 0.0 0.0021213645 0.0 0.0062532956 0.0 0.0 0.0
0.0 0.0342964 0.08585201 0.02969077 0.0 0.0 0.10189957 0.0 0.0 0.0 0.0 0.037273716 0.0 0.020563338 0.0 0.0 0.034717474 0.0 0.0 0.0013592613 0.0 0.18596582 0.0041844333 0.0 0.10019178 0.009003392 0.0 0.0 0.0 0.038927283 0.069799244 0.0 0.032994747 0.0 0.0 0.0 0.0 0.0 0.0078006284 0.0 0.0 0.010979777 0.0 0.0 0.0 0.0029500655 0.0 0.0 0.0 0.05320899 0.0 0.0 0.14544486 0.0 0.0 0.0
0.0 0.0 0.013491349 0.0 0.0 0.0 0.0 0.022441164 0.0 0.034320183 0.002671812 0.06813486 0.0 0.0059932047 0.0 0.04631281 0.0 0.0 0.0 0.07271717 0.0056768158 0.0041844337 0.1053906 0.0 0.0 0.07421153 0.05089061 0.05833677 0.0 0.031684402 0.03383122 0.015444928 0.02026652 0.0 0.026803996 0.0 0.017614812 0.0 0.002510698 0.0 0.036658414 0.004016545 0.0 0.03142835 0.0 0.0 0.0037866787 0.0702317 0.02855486 0.0 0.03660806 0.055708706 0.0 0.036792457 0.06630999 0.034091365
0.024597686 0.027257845 0.0058530946 0.023625452 0.04448666 0.038635213 0.0 0.071418755 0.10434182 0.024940211 0.009300993 0.0 0.0 0.006907589 0.0 0.0 0.0 0.0 0.013136373 0.0 0.0 0.0 0.0 0.113703236 0.0 0.0 0.0 0.0 0.0 0.034921467 0.0 0.0 0.0 0.0 0.093769886 0.0 0.105807 0.0 0.0 0.0 0.0 0.0 0.062329765 0.0 0.0 0.0 0.026905037 0.064499944 0.005911991 0.0 0.0074045025 0.14269553 0.0 0.044354852 0.0 0.0
0.0 0.0 0.03654778 0.0 0.007813809 0.0 0.02274 0.0 0.004266616 0.0 0.022527747 0.06556444 0.0 0.055844825 0.0 0.0 0.0 0.041810934 0.0 0.0 0.009035124 0.10019177 0.0 0.0 0.0 0.02971556 0.005376401 0.049983945 0.0 0.0 0.0 0.022408845 0.1113175 0.0 0.0 0.025394285 0.0 0.0 0.03770425 0.022128727 0.13615678 0.0 0.0 0.0 0.0 0.011507274 0.0 0.0 0.05951909 0.03753551 0.0 0.0 0.11567612 0.0 0.0 0.0
0.0 0.005824065 0.011474792 0.021103531 0.0 0.0 0.07738635 0.0121369185 0.106190406 0.009104102 0.094787724 0.0 0.0 0.02256843 0.0 0.009918658 0.11660569 0.0622266 0.037540574 0.0 0.044400305 0.009003392 0.07421154 0.0 0.02971556 0.0 0.0022703211 0.0016007952 0.0 0.0026433163 0.019767398 0.020476138 0.05366697 0.0 0.0 0.031324618 0.0 0.0007850145 0.037517417 0.017064916 0.0 0.0054903957 0.0 0.023430971 0.0 0.098006815 0.0 0.0 0.048554514 0.0 0.035570476 0.0 0.0 0.021108475 0.0 0.0
0.0 0.03599913 0.031232364 0.14905202 0.022997046 0.069118366 0.0 0.0 0.0 0.0 0.12284573 0.0 0.0 0.0 0.02342627 0.04571446 0.0 0.03492526 0.0 0.04746383 0.11603305 0.0 0.05089061 0.0 0.0053764004 0.002270321 0.018185314 0.003901122 0.0106469635 0.043195676 0.033966742 0.03788466 0.0 0.0 0.003867182 0.0 0.0 0.09937862 0.0 0.0 0.0026745351 0.021636976 0.0 0.0 0.0 0.0486198 0.06200299 0.0 0.05737719 0.0 0.013928447 0.0029593417 0.0 0.0 0.02216016 0.0
0.0 0.0 0.0 0.034257703 0.02781277 0.06503747 0.0 0.0 0.11174499 0.0034668169 0.0 0.039651692 0.0 0.0 0.0 0.0 0.0 0.0 0.0 0.0 0.023297986 0.0 0.058336772 0.0 0.049983945 0.0016007952 0.0039011221 0.0 0.0 0.026095383 0.010901993 0.0 0.033917036 0.0 0.0 0.0 0.0 0.016549496 0.11951047 0.0 0.0 0.0 0.0 0.009455609 0.0 0.0030742772 0.0 0.015753549 0.010676324 0.022077814 0.20151243 0.0 0.0038711668 0.0038821131 0.042071722 0.0
0.052954227 0.0 0.0 0.0 0.0 0.0 0.009962827 0.0 0.0029531554 0.008376998 0.0 0.0 0.0 0.10278813 0.0 0.0 0.0 0.0 0.18573062 0.0 0.0 0.0 0.0 0.0 0.0 0.0 0.0106469635 0.0 0.0 0.0 0.0 0.0 0.0967325 0.0 0.0 0.0 0.044779744 0.0 0.03245509 0.0 0.0 0.0 0.0 0.0 0.17991132 0.0 0.0 0.018569866 0.0 0.0 0.0 0.0 0.0 0.0 0.0 0.0
0.0 0.021302119 0.0 0.0 0.023077453 0.0 0.045379438 0.021946238 0.0 0.0 0.011789368 0.0 0.0 0.16048822 0.019689461 0.016584827 0.0 0.0 0.06476369 0.0 0.0 0.038927283 0.031684402 0.034921467 0.0 0.0026433163 0.043195672 0.026095383 0.0 0.0 0.0 0.0 0.0 0.0064882543 0.08144908 0.0 0.03813576 0.0 0.0062182155 0.0015578542 0.034353685 0.012863198 0.02224293 0.0 0.0 0.0 0.0 0.0 0.0 0.0 0.0 0.003949455 0.0 0.01872985 0.0 0.0
0.0 0.0 0.0 0.0 0.0 0.0 0.02977279 0.0 0.0 0.0 0.0 0.022600168 0.0798475 0.0 0.14566946 0.0 0.0 0.0 0.0 0.0006610015 0.0 0.069799244 0.033831224 0.0 0.0 0.0197674 0.03396674 0.010901993 0.0 0.0 0.06749949 0.0 0.04367631 0.028456446 0.0038283567 0.08594142 0.0 0.0 0.0 0.08463197 0.03565479 0.0 0.0 0.010159602 0.0 0.0 0.0 0.0 0.040514022 0.0 0.0 0.0 0.0 0.0 0.0 0.09600575
0.0 0.0 0.060343977 0.0 0.0 0.0 0.0 0.0 0.0 0.0 0.0 0.0 0.077825576 0.0 0.0 0.021915682 0.0 0.04558278 0.0 0.08987848 0.04137847 0.0 0.01544493 0.0 0.022408847 0.020476138 0.037884656 0.0 0.0 0.0 0.0 0.0 0.0073688426 0.0 0.029745908 0.016024128 0.0 0.0 0.06140848 0.03157687 0.124832265 0.0 0.0067546023 0.08135926 0.0 0.0 0.006521959 0.00014681001 0.0 0.0 0.0 0.04664923 0.0 0.0 0.024569444 0.0141107505
0.0 0.026699392 0.0 0.0 0.0 0.0 0.025020372 0.0 0.0 0.0 0.0 0.06147439 0.004917497 0.0061569745 0.0 0.0131619675 0.0 0.03672296 0.0 0.012410291 0.009873931 0.032994747 0.020266518 0.0 0.11131751 0.053666964 0.0 0.033917036 0.0967325 0.0 0.04367631 0.007368842 0.0 0.08982906 0.0 0.0 0.0 0.0 0.0 0.030057617 0.0 0.10495375 0.017487166 0.040907197 0.0 0.011360415 0.06562361 0.0 0.0035034197 0.057625316 0.0 0.0 0.047405925 0.070311196 0.0 0.091689795
0.0 0.0 0.0 0.0 0.0 0.045072738 0.002220919 0.0 0.0 0.0 0.0 0.0 0.0 0.0 0.0 0.0 0.0 0.037190937 0.16814588 0.0 0.15899514 0.0 0.0 0.0 0.0 0.0 0.0 0.0 0.0 0.0064882543 0.028456446 0.0 0.08982906 0.0 0.0 0.009444523 0.0 0.0 0.12536834 0.0 0.0 0.0 0.024037529 0.016271777 0.0 0.0 0.0 0.016112538 0.0075329067 0.0 0.055099167 0.0 0.026511464 0.0 0.0 0.0
0.018078584 0.0 0.028930843 0.088449985 0.0020493972 0.057711467 0.0 0.05830686 0.08976143 0.052174233 0.05776272 0.0 0.0 0.0 0.0 0.020361144 0.023757113 0.0 0.015728923 0.010819094 0.0 0.0 0.026803996 0.093769886 0.0 0.0 0.003867182 0.0 0.0 0.08144908 0.0038283567 0.029745908 0.0 0.0 0.0 0.013224472 0.15058032 0.15104243 0.0 0.0 0.0 0.0 0.043755896 0.0 0.0 0.003945049 0.004277206 0.0 0.0 0.0 0.0 0.01453807 0.006270987 0.021099484 0.026710287 0.0
0.0 0.0 0.0 0.08353387 0.0 0.1407205 0.0 0.0 0.011829843 0.0 0.0 0.0 0.080043316 0.0028365552 0.020223955 0.033962738 0.0135167595 0.0 0.020480735 0.017961143 0.022337832 0.0 0.0 0.0 0.025394285 0.031324618 0.0 0.0 0.0 0.0 0.08594143 0.016024128 0.0 0.009444524 0.013224471 0.0 0.0 0.0 0.0 0.0 0.022654798 0.047634464 0.0 0.022085123 0.0 0.0 0.13866039 0.0 0.050473183 0.0 0.0 0.0 0.0 0.12858376 0.0 0.007297842
0.15903993 0.0 0.0 0.0 0.0 0.0 0.0 0.062058177 0.02372414 0.05894577 0.0 0.0 0.0 0.0 0.0 0.0 0.0 0.0 0.0 0.0 0.0 0.0 0.017614812 0.10580701 0.0 0.0 0.0 0.0 0.044779744 0.038135763 0.0 0.0 0.0 0.0 0.1505803 0.0 0.06981024 0.014466458 0.0 0.015914604 0.0 0.0 0.0 0.0 0.01929816 0.0 0.0 0.025711192 0.0 0.0 0.0 0.13647182 0.0 0.023395086 0.0 0.0
0.0044192784 0.0 0.0038929235 0.0 0.0 0.0 0.0 0.106821075 0.028993322 0.0 0.0 0.0 0.021685297 0.0 0.0 0.017505065 0.0 0.0 0.0 0.07914164 0.0 0.0 0.0 0.0 0.0 0.0007850145 0.09937863 0.016549496 0.0 0.0 0.0 0.0 0.0 0.0 0.15104243 0.0 0.014466459 0.0 0.0 0.071362935 0.032998838 0.0 0.0 0.037806455 0.0 0.0 0.0 0.0 0.052122995 0.0 0.009651046 0.049238827 0.0 0.011143502 0.0 0.0
0.0 0.006595325 0.0 0.0 0.010939606 0.0 0.024656083 0.028033454 0.0 0.0 0.021133443 0.029832276 0.023598392 0.0026579932 0.0077316337 0.057616733 0.0 0.0 0.0 0.032284744 0.034560136 0.0078006284 0.002510698 0.0 0.037704248 0.037517417 0.0 0.11951048 0.032455087 0.006218215 0.0 0.061408482 0.0 0.12536834 0.0 0.0 0.0 0.0 0.0 0.0 0.07292582 0.016508369 0.0 0.018574085 0.0 0.0 0.050706767 0.0 0.0 0.028686741 0.0 0.0 0.04031634 0.0 0.0 0.049908713
0.0 0.036992744 0.0 0.09782564 0.077544615 0.1075808 0.005537802 0.0 0.004060881 0.05901453 0.111708306 0.04909789 0.0009787893 0.0 0.036374778 0.028293986 0.02347171 0.03038053 0.053368714 0.007001525 0.020680195 0.0 0.0 0.0 0.022128725 0.017064914 0.0 0.0 0.0 0.0015578541 0.08463197 0.031576872 0.030057617 0.0 0.0 0.0 0.015914604 0.071362935 0.0 0.0 0.0 0.005139037 0.014937537 0.0 0.0 0.052860815 0.0 0.01151412 0.0052950154 0.0 0.04216392 0.0 0.03477917 0.0 0.0 0.0
0.0 0.0050511267 0.03212566 0.05032511 0.099504106 0.008756797 0.041295234 0.0 0.040176593 0.0 0.06758175 0.06384722 0.0 0.0 0.0 0.0 0.009078299 0.06744943 0.018319951 0.036335252 0.0 0.0 0.036658414 0.0 0.13615678 0.0 0.0026745351 0.0 0.0 0.034353685 0.03565479 0.12483227 0.0 0.0 0.0 0.022654798 0.0 0.032998838 0.07292582 0.0 0.0187452 0.0 0.009032561 0.0 0.0 0.08564181 0.0575828 0.007228264 0.0090822615 0.0 0.00768861 0.0 0.015719656 0.0 0.04314306 0.0
0.0 0.017813992 0.0 0.0 0.016857216 0.0 0.0 0.0 0.0 0.0 0.012125182 0.0 0.0 0.099488765 0.0 0.0 0.0 0.0 0.0 0.028061306 0.0 0.010979777 0.004016545 0.0 0.0 0.0054903957 0.021636976 0.0 0.0 0.012863198 0.0 0.0 0.10495376 0.0 0.0 0.047634464 0.0 0.0 0.016508367 0.0051390366 0.0 0.0 0.0065250327 0.074247 0.0 0.0 0.0 0.0285454 0.0 0.034683805 0.014570633 0.0 0.14644085 0.0 0.0 0.0
0.0 0.1021748 0.017902184 0.0 0.0 0.080750905 0.03849337 0.048754267 0.0 0.0 0.0 0.024669392 0.0 0.05989544 0.03893103 0.0 0.0 0.019216338 0.025418023 0.02756197 0.03164644 0.0 0.0 0.062329765 0.0 0.0 0.0 0.0 0.0 0.022242932 0.0 0.0067546023 0.017487166 0.024037529 0.043755896 0.0 0.0 0.0 0.0 0.014937538 0.009032562 0.0065250327 0.0 0.0 0.0058463807 0.05888532 0.0 0.0 0.0058030803 0.0 0.0 0.0 0.041306622 0.0 0.0 0.0
0.019246502 0.020836819 0.0 0.0 0.09344613 0.0 0.08460517 0.0 0.029852025 0.020431196 0.0 0.08537736 0.0 0.0 0.0 0.012647213 0.13910341 0.09462303 0.021309644 0.0 0.022801945 0.0 0.03142835 0.0 0.0 0.023430971 0.0 0.00945561 0.0 0.0 0.010159601 0.08135927 0.040907197 0.016271777 0.0 0.022085123 0.0 0.037806455 0.018574087 0.0 0.0 0.074247 0.0 0.0 0.0 0.0 0.0 0.0 0.0 0.0 0.0 0.0 0.015311645 0.03975714 0.0 0.0
0.12526828 0.0 0.0 0.0 0.0 0.0020954823 0.0 0.038366307 0.0 0.06805933 0.0 0.0 0.0 0.08641494 0.0 0.0031414987 0.04691142 0.006991651 0.0 0.0 0.0 0.0 0.0 0.0 0.0 0.0 0.0 0.0 0.17991132 0.0 0.0 0.0 0.0 0.0 0.0 0.0 0.01929816 0.0 0.0 0.0 0.0 0.0 0.0058463807 0.0 0.0 0.0 0.0 0.004209197 0.0 0.19123644 0.019673627 0.0 0.0 0.0 0.045914825 0.113615416
0.0 0.0 0.05042071 0.0 0.0 0.0 0.0 0.0 0.0 0.0 0.0 0.026703851 0.029286683 0.028168967 0.033349555 0.09274463 0.0 0.024102436 0.0 0.07855406 0.0 0.0029500655 0.0 0.0 0.011507274 0.09800681 0.0486198 0.0030742774 0.0 0.0 0.0 0.0 0.011360415 0.0 0.0039450494 0.0 0.0 0.0 0.0 0.05286082 0.08564181 0.0 0.05888532 0.0 0.0 0.0 0.0 0.0 0.07771648 0.0 0.0 0.0 0.007578394 0.0 0.0 0.031684935
0.0 0.0 0.019019814 0.0 0.0 0.0 0.0 0.0 0.0 0.0 0.0 0.0 0.0 0.12270715 0.0 0.0 0.0 0.016123211 0.0 0.0 0.0 0.0 0.0037866787 0.026905036 0.0 0.0 0.062002987 0.0 0.0 0.0 0.0 0.006521959 0.06562361 0.0 0.004277206 0.13866039 0.0 0.0 0.05070677 0.0 0.057582803 0.0 0.0 0.0 0.0 0.0 0.0 0.0 0.008406883 0.031978898 0.0 0.0 0.11523418 0.0 0.0 0.0
0.10146803 0.0 0.0 0.0 0.0 0.0 0.0 0.031315185 0.0 0.027800957 0.010663453 0.0 0.045837373 0.004038131 0.056075722 0.019938514 0.0 0.0045965617 0.0 0.0 0.0 0.0 0.0702317 0.06449994 0.0 0.0 0.0 0.015753549 0.018569864 0.0 0.0 0.00014681001 0.0 0.016112538 0.0 0.0 0.02571119 0.0 0.0 0.01151412 0.007228264 0.028545398 0.0 0.0 0.0042091976 0.0 0.0 0.054090563 0.0 0.0 0.09655762 0.09640389 0.0 0.065718696 0.105881736 0.020859543
0.0 0.0601645 0.054357015 0.006498112 0.095701315 0.045724418 0.0 0.0 0.0 0.0 0.1351998 0.009535769 0.013948594 0.0 0.04696415 0.015049472 0.010285621 0.043495003 0.0 0.023430187 0.022178037 0.0 0.02855486 0.005911991 0.059519093 0.048554517 0.05737719 0.010676324 0.0 0.0 0.040514022 0.0 0.0035034197 0.007532907 0.0 0.050473183 0.0 0.052122995 0.0 0.005295016 0.0090822615 0.0 0.0058030803 0.0 0.0 0.07771648 0.008406883 0.0 0.0 0.0 0.019837275 0.0 0.0 0.0 0.006248992 0.0
0.0 0.09093037 0.0032973469 0.0397893 0.006165272 0.0 0.06338383 0.0 0.0 0.0 0.0 0.0 0.0 0.06042667 0.0 0.0 0.0 0.0 0.14393656 0.0 0.0 0.053208992 0.0 0.0 0.03753551 0.0 0.0 0.022077814 0.0 0.0 0.0 0.0 0.057625316 0.0 0.0 0.0 0.0 0.0 0.028686743 0.0 0.0 0.03468381 0.0 0.0 0.19123644 0.0 0.031978898 0.0 0.0 0.0 0.0 0.0 0.0705431 0.0 0.0 0.0
0.08234795 0.0 0.02241549 0.0 0.0 0.025142638 0.0 0.0 0.0 0.13284534 0.028092258 0.0 0.0 0.0 0.04202052 0.043348856 0.0 0.0 0.0 0.0071075903 0.0021213645 0.0 0.036608063 0.007404502 0.0 0.035570476 0.013928447 0.20151243 0.0 0.0 0.0 0.0 0.0 0.055099167 0.0 0.0 0.0 0.009651046 0.0 0.04216392 0.0076886094 0.014570632 0.0 0.0 0.019673627 0.0 0.0 0.096557625 0.019837277 0.0 0.015214145 0.058772545 0.0 0.0 0.08717343 0.056631837
0.058257535 0.0 0.00818646 0.0 0.012263284 0.016067674 0.0 0.045658335 0.03920946 0.052865162 0.0 0.0 0.0072922767 0.004130144 0.0 0.032038957 0.0 0.0 0.0 0.0 0.0 0.0 0.055708706 0.14269553 0.0 0.0 0.0029593417 0.0 0.0 0.0039494545 0.0 0.04664923 0.0 0.0 0.01453807 0.0 0.13647182 0.049238827 0.0 0.0 0.0 0.0 0.0 0.0 0.0 0.0 0.0 0.09640389 0.0 0.0 0.05877255 0.09825399 0.0 0.033187155 0.07823871 0.0
0.0 0.0 0.0041494183 0.0 0.039549846 0.0 0.015019886 0.0 0.0 0.0 0.012828862 0.06340668 0.0 0.0 0.0 0.036193255 0.05243697 0.0 0.0 0.031120546 0.006253296 0.14544487 0.0 0.0 0.11567612 0.0 0.0 0.0038711666 0.0 0.0 0.0 0.0 0.047405925 0.026511464 0.006270987 0.0 0.0 0.0 0.04031634 0.03477917 0.015719656 0.14644083 0.041306622 0.015311644 0.0 0.0075783944 0.11523418 0.0 0.0 0.070543095 0.0 0.0 0.0 0.017418483 0.0 0.0
0.0024124696 0.11247603 0.012291068 0.0 0.028961552 0.0 0.048493482 0.004366904 0.010946268 0.0 0.038669832 0.015622418 0.0 0.018937148 0.0 0.0 0.0 0.04533098 0.032575194 0.0 0.0 0.0 0.03679246 0.044354852 0.0 0.021108475 0.0 0.003882113 0.0 0.01872985 0.0 0.0 0.070311196 0.0 0.021099485 0.12858377 0.023395086 0.011143503 0.0 0.0 0.0 0.0 0.0 0.03975714 0.0 0.0 0.0 0.065718696 0.0 0.0 0.0 0.033187155 0.017418485 0.0 0.0 0.0
0.07376007 0.0 0.017136246 0.014958496 0.0 0.007903552 0.0 0.040647775 0.0 0.06988602 0.0032212227 0.03916269 0.025432002 0.0055370023 0.0 0.0223199 0.0 0.0 0.0 0.004162953 0.0 0.0 0.06630999 0.0 0.0 0.0 0.02216016 0.042071722 0.0 0.0 0.0 0.024569442 0.0 0.0 0.026710287 0.0 0.0 0.0 0.0 0.0 0.04314306 0.0 0.0 0.0 0.045914825 0.0 0.0 0.10588174 0.006248992 0.0 0.08717343 0.07823871 0.0 0.0 0.12131408 0.0
0.0 0.12779653 0.0021893848 0.029305449 0.0 0.0 0.01248872 0.0 0.032369226 0.0 0.004824335 0.0 0.0 0.10530029 0.0 0.0 0.0 0.0 0.15060835 0.0 0.0 0.0 0.034091365 0.0 0.0 0.0 0.0 0.0 0.0 0.0 0.09600575 0.014110751 0.091689795 0.0 0.0 0.0072978423 0.0 0.0 0.049908716 0.0 0.0 0.0 0.0 0.0 0.113615416 0.031684935 0.0 0.020859543 0.0 0.0 0.056631837 0.0 0.0 0.0 0.0 0.0
