0.0514839 0.0 0.0 0.0 0.0 0.0 0.0 0.11028617 0.0 0.035256054 0.042943995 0.0049988236 0.13731033 0.026694426 0.0 0.049818978 0.0 0.029615432 0.0 0.05406308 0.0 0.0 0.0040646084 0.0825492 0.0 0.005965308 0.0 0.0 0.0 0.0 0.0 0.0 0.0 0.0037547445 0.0 0.0 0.013288269 0.0 0.0 0.023238398 0.0 0.048613656 0.016359318 0.0 0.05886335 0.01852104 0.018861463 0.025801532 0.0 0.0 0.045093462 0.026971035 0.0 0.0 0.09203008 0.0
0.0 0.0 0.0 0.014837709 0.01665539 0.049092162 0.0 0.0 0.0 0.0 0.0 0.01819964 0.0 0.0 0.0 0.0 0.024289986 0.014381393 0.0 0.036944665 0.003509365 0.0 0.055208977 0.0 0.045503493 0.0 0.055729166 0.0 0.0 0.0 0.021489218 0.0 0.11141863 0.0 0.0018824406 0.0 0.0 0.0329829 0.055995118 0.0 0.05343909 0.0 0.019787915 0.0040984894 0.00045062738 0.02058162 0.0 0.018427953 0.034140788 0.0 0.031158987 0.005941245 0.034866385 0.0 0.18809044 0.0
0.0 0.0 0.0 0.0076435683 0.012199534 0.0 0.012766574 0.0 0.0 0.0 0.003993191 0.041534465 0.0 0.028005464 0.0058323904 0.0 0.0533392 0.0 0.10079942 0.0 0.041871645 0.011703347 0.0 0.007066526 0.0766248 0.05880796 0.031922914 0.0 0.0 0.19305499 0.0 0.0252586 0.0 0.0 0.0 0.004980906 0.0 0.0 0.0 0.0 0.0019619593 0.0 0.0 0.038178254 0.0017962229 0.0 0.0 0.0009867896 0.0 0.023983674 0.0 0.0 0.054994673 0.01827313 0.0 0.0
0.0 0.014837711 0.007643569 0.0 0.0 0.0 0.0797319 0.0 0.0 0.0 0.0 0.042806145 0.0 0.0 0.0 0.0 0.018847331 0.0 0.03075057 0.0 0.05230315 0.085849285 0.007711422 0.0 0.088972755 0.0 0.0037767186 0.006069623 0.043139692 0.09216456 0.0 0.046550855 0.047566514 0.0 0.0 0.03154461 0.0 0.028466353 0.021388 0.0 0.09284297 0.0 0.015709179 0.033373896 7.44366e-05 0.0 0.040526245 0.021596592 0.0 0.0 0.0 0.0 0.007920345 0.054380957 0.0 0.0568691
0.0 0.01665539 0.012199534 0.0 0.0 0.011278066 0.106486954 0.0 0.0 0.03978299 0.0004677796 0.0 0.0 0.0 0.012302701 0.0 0.0 0.009904275 0.05278528 0.0 0.035790198 0.0 0.0 0.0 0.015376556 0.03366681 0.07740905 0.04680215 0.0 0.026151557 0.0 0.0 0.068499036 0.0 0.0 0.053696945 0.0019387953 0.0 0.017428892 0.0 0.13745531 0.0 0.0 0.04265301 0.05387665 0.0 0.0 0.0 0.0340977 0.0 0.0 0.0015393889 0.0 0.0 0.015649552 0.100232415
0.0 0.049092162 0.0 0.0 0.011278066 0.045737036 0.039078552 0.0 0.0 0.0 0.0 0.06335563 0.010150318 0.023513813 0.025604222 0.0 0.0064177183 0.0 0.13495149 0.0 0.0 0.03723817 0.0 0.0 0.011670107 0.0 0.056921754 0.0 0.060676407 0.0 0.0 0.0 0.0 0.030532267 0.03224587 0.0 0.0 0.04198334 0.008574626 0.0 0.011661153 0.0 0.0 0.028994635 0.0 0.0 0.0 0.08607406 0.0 0.0 0.0 0.0 0.0056712097 0.060909368 0.0 0.024711104
0.0 0.0 0.012766574 0.0797319 0.10648695 0.039078556 0.0 0.0 0.0 0.0 0.024574386 0.036968905 0.0 0.013436474 0.06794292 0.0031240364 0.057634294 0.01800121 0.0 0.023054255 0.01943416 0.035503242 0.007435292 0.0 0.026991062 0.0 0.0 0.0 0.0 0.0 0.012766817 0.0 0.01940587 0.0 0.0 0.0 0.0 0.0 0.031066159 0.0 0.0 0.0 0.0 0.008752814 0.0 0.09052799 0.0 0.0 0.0 0.0 0.0 0.0 0.15396738 0.0 0.0 0.0
0.11028617 0.0 0.0 0.0 0.0 0.0 0.0 0.0 0.014217633 0.0 0.08334346 0.0 0.08930667 0.0 0.0 0.0695917 0.0046823123 0.002252575 0.0 0.021053655 0.0 0.004691267 0.0 0.16454099 0.0 0.0 0.0 0.00039945683 0.0 0.0 0.035581496 0.0 0.0 0.041839775 0.058370136 0.044410232 0.080785215 0.0 0.0 0.063242696 0.0 0.04974817 0.052323263 0.0 0.0017238957 0.059640642 0.0 0.0 0.0 0.0 0.017396333 0.11883355 0.0 0.0 0.009680608 0.0
0.0 0.0 0.0 0.0 0.0 0.0 0.0 0.014217633 0.050786316 0.0 0.0 0.0 0.0 0.0 0.028687445 0.0 0.0 0.0 0.08070238 0.0 0.014638223 0.0 0.011783205 0.0 0.059659116 0.0 0.027237037 0.042106766 0.0 0.04659907 0.0 0.10121668 0.052225653 0.019468822 0.020334676 0.12594339 0.014451932 0.028965138 0.006700163 0.0 0.055985507 0.0 0.024266269 0.0 0.0 0.0 0.0 0.0 0.07491233 0.0 0.0464278 0.02751289 0.0 0.0 0.0 0.0076157404
0.035256054 0.0 0.0 0.0 0.039782993 0.0 0.0 0.0 0.0 0.0 0.0 0.0 0.15789604 0.014125262 0.0 0.0 0.0 0.07536969 0.0 0.0 0.0 0.04436808 0.0 0.09007121 0.0 0.0 0.0 0.0 0.0 0.0 0.0 0.0 0.0 0.0 0.0 0.0 0.0 0.0 0.0 0.09581897 0.0048098424 0.09266884 0.025310531 0.0 0.0 0.0 0.031996023 0.0 0.0 0.045564074 0.0 0.008659422 0.0035578096 0.02159745 0.08618829 0.03081275
0.042944 0.0 0.003993191 0.0 0.0004677796 0.0 0.024574384 0.08334346 0.0 0.0 0.0 0.0 0.0 0.034614798 0.0 0.0 0.0 0.0 0.0 0.0 0.017911183 0.01449346 0.006848347 0.00862083 0.006662108 0.079027146 0.01067539 0.0 0.0 0.0 0.0 0.0 0.04728699 0.062434044 0.019296493 0.08872209 0.006988631 0.0 0.0 0.04948182 0.12468933 0.0 0.0 0.018942276 0.0 0.0 0.0 0.0 0.0 0.005026576 0.0 0.0 0.0 0.07837549 0.046753086 0.0
0.0049988236 0.01819964 0.041534465 0.042806145 0.0 0.06335563 0.036968905 0.0 0.0 0.0 0.0 0.0 0.0 0.05852671 0.0 0.0 0.026047153 0.0 0.069065295 0.0 0.013398874 0.004918028 0.02747376 0.0 0.03916895 0.0 0.090673834 0.06912157 0.007428598 0.0 0.0 0.0 0.0 0.0 0.0 0.0 0.0 0.13359722 0.0 0.0 0.023546332 0.0 0.0 0.10265657 0.0 0.0 0.0 0.050168637 0.0 0.0 0.0 0.0 0.0 0.0 0.008348268 0.0
0.13731033 0.0 0.0 0.0 0.0 0.010150318 0.0 0.08930666 0.0 0.15789604 0.0 0.0 0.03357926 0.020170057 0.024997538 0.0 0.0 0.0 0.0 0.0 0.0 0.0 0.0 0.0 0.0 0.051009584 0.01059622 0.015994253 0.007784265 0.0 0.022663109 0.0074053616 0.0 0.0 0.051713333 0.0 0.12143493 0.0 0.0 0.0 0.0 0.0 0.009284067 0.0 0.029832456 0.0 0.013699501 0.02425756 0.0 0.015782822 0.0 0.023859475 0.0 0.0033469964 0.056381717 0.04137273
0.026694426 0.0 0.028005466 0.0 0.0 0.023513813 0.013436474 0.0 0.0 0.014125263 0.034614798 0.05852671 0.020170057 0.0 0.040015247 0.02417145 0.0 0.009330761 0.0 0.015196469 0.057470083 0.018598575 0.0 0.0 0.0 0.020523356 0.0 0.03526821 0.033469703 0.0 0.04612747 0.030333938 0.0045014825 0.06075228 0.0 0.0 0.059913073 0.0 0.0 0.06972764 0.0 0.009688218 0.0 0.002437851 0.0041391714 0.038020354 0.0111576915 0.0 0.0 0.13169481 0.041641228 0.0 0.0 0.091217585 0.0 0.01895064
0.0 0.0 0.0058323904 0.0 0.012302701 0.025604222 0.067942925 0.0 0.028687444 0.0 0.0 0.0 0.024997538 0.040015247 0.121272705 0.051605202 0.0 0.018329607 0.021888157 0.0 0.024737902 0.0 0.015246987 0.0 0.0 0.04391095 0.0 0.004989566 0.09324765 0.04125317 0.09432483 0.0 0.002411966 0.050638746 0.0 0.0 0.011621298 0.0 0.0 0.022128215 0.0 0.0330315 0.0037092976 0.0 0.0 0.0 0.018090898 0.026993578 0.0 0.0 0.0 0.0 0.039127506 0.0 0.0 0.02020145
0.04981898 0.0 0.0 0.0 0.0 0.0 0.0031240361 0.0695917 0.0 0.0 0.0 0.0 0.0 0.024171447 0.051605202 0.08892877 0.0 0.0 0.0 0.0 0.0 0.0 0.07401441 0.08556137 0.0 0.025412146 0.0041618515 0.017573114 0.0070043486 0.0 0.0 0.0 0.0 0.0 0.049300417 0.0095504075 0.062849835 0.0 0.0 0.013970456 0.009623974 0.0 0.021776995 0.015719619 0.016425924 0.0 0.0 0.0 0.0 0.0 0.0 0.024866203 0.0 0.06876912 0.019299334 0.039234083
0.0 0.024289986 0.0533392 0.018847333 0.0 0.0064177183 0.05763429 0.0046823123 0.0 0.0 0.0 0.026047153 0.0 0.0 0.0 0.0 0.044443622 0.0046062516 0.0 0.0 0.029436912 0.006536494 0.0 0.0 0.03200226 0.053011626 0.027658856 0.0 0.06711138 0.051637396 0.0 0.0 0.040691644 0.0 0.0 0.0459458 0.0023024697 0.011287768 0.024325246 0.0 0.0 0.0 0.0 0.042831007 0.0 0.0 0.10638545 0.023660662 0.02332995 0.016864559 0.0 0.0 0.06774456 0.0 0.0037255662 0.016627172
0.029615432 0.014381394 0.0 0.0 0.009904274 0.0 0.018001208 0.002252575 0.0 0.07536969 0.0 0.0 0.0 0.009330761 0.018329607 0.0 0.0046062516 0.0 0.0 0.0 0.0 0.04809981 0.0 0.0 0.0124018425 0.08170315 0.0 0.0 0.0 0.0 0.0 0.0 0.0 0.097088315 0.07007862 0.042109177 0.065257266 0.0 0.0 0.0 0.022705771 0.0 0.02541747 0.10221638 0.0 0.0 0.0 0.0062388736 0.0 0.0 0.0 0.037388857 0.0 0.004787335 0.0 0.051268667
0.0 0.0 0.10079943 0.030750569 0.05278528 0.1349515 0.0 0.0 0.08070238 0.0 0.0 0.0690653 0.0 0.0 0.021888157 0.0 0.0 0.0 0.0 0.0 0.061013546 0.024834314 0.016744938 0.0 0.12876055 0.0 0.008770889 0.0 0.0 0.028323399 0.009561388 0.03319584 0.03893514 0.0 0.0 0.018040761 0.0 0.0 0.0 0.0 0.0 0.0 0.0 0.0 0.0 0.0 0.010440637 0.034814693 0.0281543 0.0 0.0021841677 0.0 0.024581363 0.0 0.021319086 0.022553023
0.05406308 0.036944665 0.0 0.0 0.0 0.0 0.023054253 0.021053655 0.0 0.0 0.0 0.0 0.0 0.015196469 0.0 0.0 0.0 0.0 0.0 0.0 0.0 0.0 0.0 0.102712505 0.0 0.029859494 0.04428532 0.0 0.019249426 0.0 0.0 0.0 0.0 0.0 0.13464165 0.018760063 0.10463919 0.0 0.0 0.0 0.07748249 0.0 0.031457074 0.0 0.007656815 0.0 0.0 0.0 0.0037853583 0.0 0.0 0.072068706 0.0 0.025655596 0.0 0.07986475
0.0 0.003509365 0.041871645 0.05230315 0.035790194 0.0 0.01943416 0.0 0.014638223 0.0 0.01791118 0.013398874 0.0 0.057470083 0.024737902 0.0 0.029436914 0.0 0.061013553 0.0 0.06441482 0.0048944796 0.049496822 0.0 0.04749908 0.008468009 0.046651524 0.0 0.0 0.04000343 0.03930561 0.04576117 0.028542737 0.0 0.0043301512 0.0 0.0 0.02921304 0.019897776 0.0 0.06318695 0.0 0.028112462 0.07659533 0.0 0.0 0.0 0.027264176 0.022993125 0.0 0.0 0.0 0.0 0.0 0.0 0.0
0.0 0.0 0.011703348 0.08584929 0.0 0.037238173 0.03550324 0.004691267 0.0 0.04436808 0.014493459 0.004918028 0.0 0.018598573 0.0 0.0 0.006536494 0.048099812 0.024834316 0.0 0.0048944796 0.0 0.048505094 0.0 0.0 0.056534532 0.037634496 0.0426029 0.0 0.017130286 0.048617434 0.0 0.0 0.010549249 0.04258581 0.0 0.078722045 0.090003826 0.0 0.0 0.0 0.0 0.0 0.062652856 0.041424576 0.0 0.040602587 0.06351896 0.04207734 0.0 0.0 0.0 0.0 0.0 0.044542577 0.0
0.0040646084 0.055208977 0.0 0.0077114226 0.0 0.0 0.0074352915 0.0 0.011783206 0.0 0.0068483474 0.027473759 0.0 0.0 0.015246987 0.07401441 0.0 0.0 0.01674494 0.0 0.04949682 0.048505094 0.0 0.0 0.0 0.018010203 0.032851074 0.030945826 0.02127262 0.0 0.060851224 0.0581891 0.0016721875 0.030216692 0.0 0.017460328 0.005715961 0.01605008 0.100647055 0.03903041 0.0 0.0 0.043374818 0.0 0.0 0.0 0.0 0.0 0.058779012 0.039258294 0.0 0.0048734955 0.0 0.09439868 0.0 0.09666097
0.08254919 0.0 0.0070665255 0.0 0.0 0.0 0.0 0.16454099 0.0 0.090071216 0.00862083 0.0 0.0 0.0 0.0 0.08556137 0.0 0.0 0.0 0.102712505 0.0 0.0 0.0 0.0 0.0 0.0 0.0 0.0 0.0011701249 0.0 0.0 0.0 0.044116113 0.0 0.0 0.07948605 0.025431551 0.0 0.0 0.04382345 0.011800982 0.11646166 0.10493876 0.0 0.021177597 0.0 0.0 0.0 0.0 0.0 0.0 0.026889084 0.0 0.0 0.022278026 0.0
0.0 0.045503493 0.0766248 0.088972755 0.015376556 0.011670107 0.02699106 0.0 0.059659116 0.0 0.0066621085 0.03916895 0.0 0.0 0.0 0.0 0.03200226 0.0124018425 0.12876056 0.0 0.04749908 0.0 0.0 0.0 0.033298332 0.0 0.0075421217 0.0 0.025150774 0.05930315 0.0 0.039870143 0.0 0.0 0.0 0.032033086 0.0 0.062240943 0.0 0.0 0.0144067 0.0 0.013062128 0.047002524 0.0 0.0 0.012196415 0.0 0.11939148 0.0 0.0 0.0 0.042348657 0.0 0.0 0.0
0.005965308 0.0 0.05880796 0.0 0.03366681 0.0 0.0 0.0 0.0 0.0 0.079027146 0.0 0.051009584 0.020523354 0.043910947 0.025412148 0.053011622 0.08170315 0.0 0.029859494 0.008468009 0.056534536 0.018010205 0.0 0.0 0.0 0.020608822 0.021829901 0.038576316 0.0 0.079587325 0.0 0.0 0.07990532 0.0 0.0 0.01759246 0.0 0.02143216 0.042787913 0.0 0.0423303 0.0 0.024220692 0.0 0.08009549 0.052000724 0.0 0.012192446 0.10540581 0.0 0.0 0.0 0.0079586655 0.0 0.0
0.0 0.055729166 0.03192291 0.0037767186 0.07740905 0.05692175 0.0 0.0 0.027237035 0.0 0.01067539 0.09067384 0.01059622 0.0 0.0 0.0041618515 0.027658856 0.0 0.008770889 0.04428532 0.046651524 0.037634496 0.032851078 0.0 0.007542121 0.020608822 0.07978787 0.0 0.0 0.012546891 0.042365152 0.017027533 0.007916877 0.0 0.0 0.0 0.0 0.061326858 0.086495094 0.0 0.053997967 0.0 0.0 0.025598008 0.021220256 0.0067072655 0.0 0.01877877 0.101938665 0.0 0.016007068 0.0 0.0 0.003910624 0.00028751875 0.0
0.0 0.0 0.0 0.006069623 0.04680215 0.0 0.0 0.00039945683 0.042106763 0.0 0.0 0.06912156 0.015994254 0.03526821 0.0049895663 0.017573113 0.0 0.0 0.0 0.0 0.0 0.0426029 0.030945824 0.0 0.0 0.021829901 0.0 0.0 0.0072334674 0.0 0.0536703 0.0 0.0 0.032728057 0.0 0.034151386 0.0 0.0019909332 0.022456976 0.05662518 0.0 0.010592279 0.01770538 0.0 0.0 0.119355604 0.0077396976 0.020242225 0.0 0.075263344 0.014509163 0.013270566 0.0 0.039067555 0.0 0.04393542
0.0 0.0 0.0 0.04313969 0.0 0.06067641 0.0 0.0 0.0 0.0 0.0 0.007428598 0.007784265 0.033469703 0.09324766 0.0070043486 0.06711139 0.0 0.0 0.019249424 0.0 0.0 0.02127262 0.0011701247 0.025150776 0.038576316 0.0 0.0072334674 0.0 0.0 0.020945627 0.0 0.0 0.0 0.0 0.0 0.0 0.0 0.0 0.03297184 0.0 0.0 0.0 0.003729126 0.020898033 0.0 0.19669212 0.06697976 0.0 0.0 0.0 0.0 0.1512603 0.0 0.0 0.0
0.0 0.0 0.19305499 0.09216456 0.026151557 0.0 0.0 0.0 0.04659907 0.0 0.0 0.0 0.0 0.0 0.04125317 0.0 0.051637396 0.0 0.028323399 0.0 0.04000343 0.017130284 0.0 0.0 0.05930315 0.0 0.012546891 0.0 0.0 0.13154104 0.0 0.044697195 0.0 0.0 0.0 0.01934254 0.0063574445 0.0 0.0 0.0 0.0 0.0 0.0 0.012865534 0.0 0.0 0.021828467 0.0 0.0 0.0 0.0 0.0 0.029995713 0.0 0.0 0.0
0.0 0.021489218 0.0 0.0 0.0 0.0 0.012766817 0.0355815 0.0 0.0 0.0 0.0 0.022663109 0.04612747 0.09432482 0.0 0.0 0.0 0.009561388 0.0 0.039305612 0.048617434 0.060851227 0.0 0.0 0.079587325 0.042365152 0.053670295 0.020945627 0.0 0.029555587 0.025633039 0.013962872 0.0 0.0 0.0 0.026167734 0.0 0.05279103 0.0 0.0 0.0 0.0 0.021859867 0.002931336 0.0 0.0 0.0 0.069426894 0.0068731066 0.0 0.0025814353 0.0 0.039638497 0.015612884 0.011567009
0.0 0.0 0.0252586 0.04655085 0.0 0.0 0.0 0.0 0.10121668 0.0 0.0 0.0 0.0074053616 0.03033394 0.0 0.0 0.0 0.0 0.033195842 0.0 0.045761168 0.0 0.058189105 0.0 0.039870143 0.0 0.017027535 0.0 0.0 0.0446972 0.025633039 0.061619654 0.10298468 0.0 0.0 0.026616596 0.0 0.0 0.122425914 0.002049922 0.033041615 0.0 0.0 0.0 0.0 0.017685356 0.0 0.022143207 0.06919004 0.0 0.0032321704 0.0 0.016984612 0.011993702 0.0 0.0
0.0 0.111418635 0.0 0.047566514 0.068499036 0.0 0.01940587 0.0 0.052225653 0.0 0.04728699 0.0 0.0 0.0045014825 0.002411966 0.0 0.040691644 0.0 0.03893514 0.0 0.028542735 0.0 0.0016721875 0.044116113 0.0 0.0 0.007916877 0.0 0.0 0.0 0.013962873 0.102984674 0.0 0.0 0.02152961 0.07280951 0.0 0.09319412 0.0 0.010251796 0.077141464 0.0 0.018619664 0.053557836 0.0 0.0 0.009521536 0.0 0.0 0.0 0.0 0.0 0.0 0.035567272 0.0 0.0
0.0037547445 0.0 0.0 0.0 0.0 0.030532267 0.0 0.04183977 0.019468822 0.0 0.062434044 0.0 0.0 0.06075228 0.05063875 0.0 0.0 0.097088315 0.0 0.0 0.0 0.01054925 0.030216692 0.0 0.0 0.07990532 0.0 0.032728057 0.0 0.0 0.0 0.0 0.0 0.0 0.0 0.039650753 0.0036813172 0.0 0.0 0.024956776 0.0 0.0 0.0108748535 0.0 0.01612402 0.0 0.0 0.103892766 0.0 0.0 0.05028039 0.0 0.0 0.030698318 0.051208265 0.0
0.0 0.0018824408 0.0 0.0 0.0 0.03224587 0.0 0.058370136 0.020334676 0.0 0.019296493 0.0 0.051713333 0.0 0.0 0.049300417 0.0 0.07007862 0.0 0.13464165 0.004330151 0.04258581 0.0 0.0 0.0 0.0 0.0 0.0 0.0 0.0 0.0 0.0 0.02152961 0.0 0.0 0.023864612 0.0 0.0 0.0 0.0014592087 0.0 0.22360894 0.00885246 0.0 0.0 0.06912439 0.0 0.0 0.0 0.0020397769 0.0 0.060094673 0.024888748 0.0092281215 0.0 0.01379652
0.0 0.0 0.0049809054 0.03154461 0.053696945 0.0 0.0 0.044410236 0.1259434 0.0 0.08872209 0.0 0.0 0.0 0.0 0.0095504075 0.045945805 0.042109173 0.018040761 0.018760065 0.0 0.0 0.017460328 0.07948605 0.032033086 0.0 0.0 0.034151386 0.0 0.019342538 0.0 0.026616596 0.07280951 0.03965075 0.023864612 0.04156584 0.031228868 0.0 0.0 0.0 0.0 0.0 0.1158705 0.0 0.0016762394 0.00530493 0.013113201 0.0 0.0 0.0 0.0 0.016791552 0.0 0.0 0.038041133 0.0
0.013288269 0.0 0.0 0.0 0.0019387953 0.0 0.0 0.080785215 0.014451933 0.0 0.006988631 0.0 0.12143493 0.059913073 0.011621298 0.062849835 0.0023024697 0.06525726 0.0 0.104639195 0.0 0.078722045 0.005715961 0.025431553 0.0 0.01759246 0.0 0.0 0.0 0.0063574445 0.026167732 0.0 0.0 0.0036813174 0.0 0.031228866 0.0 0.0 0.0 0.057205155 0.0 0.0 0.014060274 0.0 0.0 0.050056357 0.0 0.0 0.0 0.0 0.0 0.055596378 0.0046406635 0.01801397 0.053450793 0.017187348
0.0 0.0329829 0.0 0.028466353 0.0 0.04198334 0.0 0.0 0.028965136 0.0 0.0 0.13359721 0.0 0.0 0.0 0.0 0.011287768 0.0 0.0 0.0 0.029213043 0.090003826 0.016050082 0.0 0.062240943 0.0 0.061326854 0.0019909334 0.0 0.0 0.0 0.0 0.09319411 0.0 0.0 0.0 0.0 0.0 0.13069898 0.0 0.0002825432 0.0 0.0 0.0 0.0 0.0 0.0 0.014124644 0.07583644 0.0 0.0038082686 0.0 0.07912403 0.020083046 0.016323728 0.0
0.0 0.055995118 0.0 0.021388 0.017428892 0.008574626 0.031066159 0.0 0.006700163 0.0 0.0 0.0 0.0 0.0 0.0 0.0 0.024325246 0.0 0.0 0.0 0.019897778 0.0 0.100647055 0.0 0.0 0.021432158 0.086495094 0.022456978 0.0 0.0 0.05279103 0.12242591 0.0 0.0 0.0 0.0 0.0 0.13069898 0.04273948 0.048424438 0.016359484 0.0 0.0 0.049398966 0.0 0.0 0.0 0.0 0.0 0.0 0.0 0.0 0.071438886 0.0 0.0 0.0
0.0232384 0.0 0.0 0.0 0.0 0.0 0.0 0.06324269 0.0 0.095818974 0.04948182 0.0 0.0 0.06972764 0.022128213 0.013970456 0.0 0.0 0.0 0.0 0.0 0.0 0.03903041 0.043823447 0.0 0.04278791 0.0 0.05662518 0.03297184 0.0 0.0 0.002049922 0.010251796 0.024956774 0.0014592085 0.0 0.05720515 0.0 0.048424438 0.063333854 0.021123847 0.0 0.0 0.0 0.05011451 0.0457693 0.0 0.0 0.0 0.074528724 0.10787983 0.06698987 0.0 0.0053900755 0.0 0.029505525
0.0 0.05343909 0.0019619593 0.09284296 0.13745531 0.011661153 0.0 0.0 0.05598551 0.004809842 0.12468934 0.023546332 0.0 0.0 0.0 0.009623975 0.0 0.022705771 0.0 0.077482484 0.06318695 0.0 0.0 0.011800982 0.0144067 0.0 0.05399797 0.0 0.0 0.0 0.0 0.033041615 0.077141464 0.0 0.0 0.0 0.0 0.0002825432 0.016359482 0.021123847 0.0 0.0 0.0 0.0 0.0 0.035946082 0.006612547 0.0 0.03835875 0.0 0.08721542 0.0 0.002060898 0.0 0.0 0.0
0.048613656 0.0 0.0 0.0 0.0 0.0 0.0 0.049748167 0.0 0.09266884 0.0 0.0 0.0 0.009688219 0.0330315 0.0 0.0 0.0 0.0 0.0 0.0 0.0 0.0 0.11646166 0.0 0.0423303 0.0 0.010592279 0.0 0.0 0.0 0.0 0.0 0.0 0.22360896 0.0 0.0 0.0 0.0 0.0 0.0 0.0 0.009522428 0.006946078 0.028910026 0.0 0.0 0.035252146 0.0 0.0 0.03870895 0.13646045 0.0 0.0 0.045896817 0.0
0.01635932 0.019787915 0.0 0.015709179 0.0 0.0 0.0 0.052323263 0.024266269 0.025310531 0.0 0.0 0.009284067 0.0 0.0037092976 0.021776995 0.0 0.025417468 0.0 0.031457074 0.028112462 0.0 0.043374818 0.10493876 0.013062128 0.0 0.0 0.01770538 0.0 0.0 0.0 0.0 0.018619664 0.0108748535 0.00885246 0.11587049 0.014060274 0.0 0.0 0.0 0.0 0.009522427 0.0 0.0 0.039331462 0.045232337 0.067644455 0.043457218 0.0 0.0 0.028959684 0.00315803 0.041750886 0.0 0.0 0.0
0.0 0.0040984894 0.038178254 0.033373896 0.04265301 0.028994637 0.008752813 0.0 0.0 0.0 0.018942276 0.102656566 0.0 0.002437851 0.0 0.015719619 0.042831007 0.102216385 0.0 0.0 0.07659533 0.062652856 0.0 0.0 0.047002524 0.024220692 0.02559801 0.0 0.0037291262 0.012865533 0.021859866 0.0 0.05355784 0.0 0.0 0.0 0.0 0.0 0.049398966 0.0 0.0 0.0069460776 0.0 0.040046576 0.0 0.0 0.026810128 0.0 0.083947465 0.11661942 0.0 0.0 0.089099966 0.0 0.0 0.008463774
0.05886335 0.00045062738 0.0017962229 7.443659e-05 0.05387665 0.0 0.0 0.0017238955 0.0 0.0 0.0 0.0 0.029832456 0.0041391714 0.0 0.016425924 0.0 0.0 0.0 0.0076568145 0.0 0.041424572 0.0 0.021177595 0.0 0.0 0.021220256 0.0 0.020898035 0.0 0.002931336 0.0 0.0 0.01612402 0.0 0.0016762395 0.0 0.0 0.0 0.05011451 0.0 0.028910028 0.039331462 0.0 0.0 0.0 0.0345632 0.0 0.03577957 0.07200035 0.0 0.018795911 0.018625533 0.029781496 0.015793594 0.09689499
0.01852104 0.02058162 0.0 0.0 0.0 0.0 0.09052799 0.059640642 0.0 0.0 0.0 0.0 0.0 0.038020354 0.0 0.0 0.0 0.0 0.0 0.0 0.0 0.0 0.0 0.0 0.0 0.0800955 0.006707265 0.119355604 0.0 0.0 0.0 0.017685357 0.0 0.0 0.06912439 0.0053049293 0.05005636 0.0 0.0 0.0457693 0.03594608 0.0 0.045232337 0.0 0.0 0.0 0.0 0.0 0.0 0.0 0.0 0.019867476 0.0 0.043520063 0.0 0.043738168
0.018861463 0.0 0.0 0.04052624 0.0 0.0 0.0 0.0 0.0 0.031996023 0.0 0.0 0.013699501 0.0111576915 0.018090896 0.0 0.10638545 0.0 0.010440637 0.0 0.0 0.04060259 0.0 0.0 0.012196415 0.052000724 0.0 0.007739698 0.19669212 0.021828467 0.0 0.0 0.009521536 0.0 0.0 0.013113201 0.0 0.0 0.0 0.0 0.0066125477 0.0 0.067644455 0.026810128 0.0345632 0.0 0.075877145 0.031497706 0.0 0.0 0.0 0.0 0.017765986 0.009183288 0.0 0.0
0.025801532 0.018427953 0.0009867896 0.021596592 0.0 0.08607406 0.0 0.0 0.0 0.0 0.0 0.050168637 0.02425756 0.0 0.02699358 0.0 0.023660662 0.0062388736 0.034814693 0.0 0.027264176 0.06351896 0.0 0.0 0.0 0.0 0.01877877 0.020242225 0.06697976 0.0 0.0 0.022143206 0.0 0.103892766 0.0 0.0 0.0 0.014124645 0.0 0.0 0.0 0.035252146 0.043457218 0.0 0.0 0.0 0.031497706 0.0 0.0 0.0027286278 0.0 0.0 0.029240072 0.104062624 0.0 0.0
0.0 0.03414079 0.0 0.0 0.034097705 0.0 0.0 0.0 0.07491233 0.0 0.0 0.0 0.0 0.0 0.0 0.0 0.023329949 0.0 0.0281543 0.0037853583 0.022993125 0.04207734 0.058779012 0.0 0.119391486 0.012192445 0.10193867 0.0 0.0 0.0 0.069426894 0.06919003 0.0 0.0 0.0 0.0 0.0 0.07583644 0.0 0.0 0.03835875 0.0 0.0 0.083947465 0.03577957 0.0 0.0 0.0 0.0 0.0 0.0 0.0 0.030901583 0.0 0.0 0.0
0.0 0.0 0.023983676 0.0 0.0 0.0 0.0 0.0 0.0 0.045564074 0.005026576 0.0 0.01578282 0.1316948 0.0 0.0 0.016864559 0.0 0.0 0.0 0.0 0.0 0.03925829 0.0 0.0 0.10540581 0.0 0.075263344 0.0 0.0 0.0068731066 0.0 0.0 0.0 0.0020397769 0.0 0.0 0.0 0.0 0.074528724 0.0 0.0 0.0 0.116619416 0.07200034 0.0 0.0 0.0027286278 0.0 0.0 0.124581285 0.0 0.0 0.006835016 0.006595302 0.028735125
0.045093466 0.031158987 0.0 0.0 0.0 0.0 0.0 0.017396335 0.046427798 0.0 0.0 0.0 0.0 0.041641224 0.0 0.0 0.0 0.0 0.0021841677 0.0 0.0 0.0 0.0 0.0 0.0 0.0 0.016007068 0.014509163 0.0 0.0 0.0 0.0032321704 0.0 0.050280385 0.0 0.0 0.0 0.0038082686 0.0 0.107879825 0.08721542 0.03870895 0.028959686 0.0 0.0 0.0 0.0 0.0 0.0 0.124581285 0.034965824 0.0 0.0 0.13977408 0.0 0.18816653
0.026971035 0.005941245 0.0 0.0 0.0015393889 0.0 0.0 0.11883356 0.027512891 0.008659423 0.0 0.0 0.023859477 0.0 0.0 0.024866203 0.0 0.037388857 0.0 0.07206871 0.0 0.0 0.0048734955 0.026889084 0.0 0.0 0.0 0.013270566 0.0 0.0 0.002581435 0.0 0.0 0.0 0.060094677 0.016791552 0.055596374 0.0 0.0 0.06698987 0.0 0.13646045 0.0031580303 0.0 0.018795911 0.019867476 0.0 0.0 0.0 0.0 0.0 0.23166941 0.0 0.06187327 0.037575472 0.0
0.0 0.03486638 0.054994673 0.007920345 0.0 0.0056712097 0.15396738 0.0 0.0 0.0035578099 0.0 0.0 0.0 0.0 0.03912751 0.0 0.06774456 0.0 0.024581362 0.0 0.0 0.0 0.0 0.0 0.042348657 0.0 0.0 0.0 0.1512603 0.029995715 0.0 0.016984612 0.0 0.0 0.02488875 0.0 0.004640664 0.07912403 0.071438886 0.0 0.002060898 0.0 0.041750886 0.08909996 0.018625533 0.0 0.017765988 0.029240074 0.030901583 0.0 0.0 0.0 0.0 0.0 0.0 0.03677392
0.0 0.0 0.01827313 0.05438096 0.0 0.060909368 0.0 0.0 0.0 0.02159745 0.07837549 0.0 0.0033469964 0.091217585 0.0 0.06876912 0.0 0.004787335 0.0 0.025655594 0.0 0.0 0.094398685 0.0 0.0 0.007958665 0.003910624 0.039067555 0.0 0.0 0.039638493 0.0119937025 0.035567276 0.030698318 0.0092281215 0.0 0.01801397 0.020083047 0.0 0.0053900755 0.0 0.0 0.0 0.0 0.029781494 0.043520063 0.009183288 0.10406262 0.0 0.006835016 0.13977408 0.061873272 0.0 0.0 0.030240156 0.0
0.09203008 0.18809044 0.0 0.0 0.015649552 0.0 0.0 0.009680608 0.0 0.08618829 0.046753086 0.008348268 0.056381717 0.0 0.0 0.019299332 0.003725566 0.0 0.021319084 0.0 0.0 0.044542573 0.0 0.022278026 0.0 0.0 0.00028751872 0.0 0.0 0.0 0.015612884 0.0 0.0 0.05120827 0.0 0.03804113 0.053450797 0.016323728 0.0 0.0 0.0 0.045896817 0.0 0.0 0.015793594 0.0 0.0 0.0 0.0 0.006595302 0.0 0.037575472 0.0 0.030240154 0.0 0.06497615
0.0 0.0 0.0 0.0568691 0.100232415 0.024711102 0.0 0.0 0.007615741 0.03081275 0.0 0.0 0.041372728 0.01895064 0.02020145 0.039234083 0.016627172 0.051268663 0.022553025 0.07986475 0.0 0.0 0.09666097 0.0 0.0 0.0 0.0 0.04393542 0.0 0.0 0.011567009 0.0 0.0 0.0 0.0137965195 0.0 0.017187348 0.0 0.0 0.029505525 0.0 0.0 0.0 0.008463773 0.09689499 0.043738168 0.0 0.0 0.0 0.028735124 0.18816653 0.0 0.03677392 0.0 0.06497615 0.0
