0.0 0.0 0.017475514 0.016796816 0.0 0.0 0.0 0.0 0.08384341 0.0 0.0 0.0 0.0883889 0.0 0.0 0.08453751 0.0 0.0 0.014877485 0.033198442 0.018927094 0.0 0.0 0.0 0.009896234 0.0 0.07872499 0.0 0.0 0.0 0.034765925 0.029910795 0.08830081 0.0 0.0 0.0 0.12852105 0.01208203 0.079874285 0.0067277323 0.0 0.0 0.043531656 0.027861457 0.0 0.0 0.05590146 0.1340357 0.0 0.0 0.0 0.0 0.0 0.0043926197 0.038651437 0.0
0.0 0.0 0.0 0.027740536 0.053126086 0.0 0.0 0.0 0.037138317 0.0 0.024923453 0.035028506 0.0 0.0 0.0 0.0 0.1732127 0.0 0.03180123 0.00785844 0.07644081 0.028614767 0.0 0.0 0.19575113 0.0 0.028991893 0.0 0.0 0.038373463 0.0 0.0376883 0.0 0.0 0.0 0.014508847 0.0 0.038270503 0.0 0.0 0.00010613343 0.012941521 0.0 0.0641698 0.0 0.0 0.10082722 0.0 0.020964686 0.0 0.00731445 0.0 0.10072581 0.0 0.0 0.0
0.017475514 0.0 0.0 0.052632913 0.0 0.0 0.05715534 0.0 0.0 0.066352494 0.0816324 0.0 0.0 0.0 0.0 0.0 0.054126047 0.05399156 0.0028741579 0.0 0.0 0.0 0.018775823 0.06356539 0.0 0.0 0.0 0.03166347 0.021190349 0.0 0.0 0.0 0.0 0.0 0.06900212 0.058890574 0.0 0.032484036 0.0 0.0012049675 0.011975194 0.006130953 0.0 0.0 0.169302 0.0 0.0 0.0 0.0 0.0 0.0 0.08177814 0.0 0.018860532 0.0 0.05984218
0.016796816 0.027740538 0.05263291 0.0 0.0 0.02156518 0.0 0.0 0.0 0.0 0.016634127 0.020448228 0.0 0.01583398 0.040740676 0.0 0.06784288 0.016916338 0.0 0.0 0.11759766 0.015443406 0.0 0.0 0.059906673 0.0 0.0 0.0 0.0 0.1912427 0.032899145 0.065141074 0.0 0.0 0.0 0.028284185 0.0 0.020565005 0.0 0.0 0.011250046 0.05250793 0.0 0.0 0.0 0.09557771 0.007837392 0.0 0.062135205 0.0 0.0 0.0 0.026792852 0.0 0.0 0.0
0.0 0.05312609 0.0 0.0 0.0 0.0 0.042055868 0.01369299 0.0127596 0.0 0.0 0.0 0.0 0.069452 0.0817138 0.026862055 0.0 0.0 0.123003796 0.0 0.0026482074 0.0 0.03956056 0.015797576 0.0 0.14622872 0.0 0.0028233689 0.22976561 0.0 0.0 0.0039035466 0.0 0.0 0.0 0.0 0.0 0.0 0.0 0.0 0.0 0.010364668 0.0 0.0 0.0093592685 0.0 0.0 0.0 0.0031785665 0.0 0.0 0.051492345 0.0 0.005529035 0.012723964 0.0048241494
0.0 0.0 0.0 0.02156518 0.0 0.0 0.0 0.0 0.0 0.0 0.14727074 0.0 0.0 0.0 0.0146167185 0.0 0.0 0.0 0.0 0.0075251292 0.0067341956 0.0 0.19724785 0.0 0.0 0.025830265 0.04296747 0.0 0.0 0.0 0.053842787 0.0 0.0 0.0 0.0 0.0 0.0 0.0 0.0 0.0 0.062298134 0.0 0.0 0.0 0.043957364 0.0 0.0 0.0 0.037058856 0.0 0.085459344 0.0 0.0 0.0 0.055786565 0.0
0.0 0.0 0.057155345 0.0 0.042055868 0.0 0.21952672 0.0 0.0 0.0 0.0 0.040294204 0.0 0.0 0.029169612 0.0 0.06245233 0.07771037 0.009146328 0.0 0.025010511 0.0 0.0 0.0 0.08487966 0.0 0.0 0.0 0.003998011 0.0 0.046678096 0.0 0.0054722787 0.0 0.0 0.0 0.0 0.017488599 0.0 0.0 0.0 0.09168674 0.008300951 0.0 0.0030529688 0.0 0.10053871 0.0 0.0 0.0 0.0 0.0 0.040699862 0.002907545 0.0 0.0
0.0 0.0 0.0 0.0 0.013692991 0.0 0.0 0.0 0.032216366 0.1406737 0.0 0.0 0.16288158 0.0 0.0 0.12705317 0.0 0.0 0.030081328 0.0 0.0 0.0 0.0 0.0 0.0 0.02299232 0.02510692 0.062122136 0.0 0.0 0.0 0.0 0.009610284 0.0 0.040126596 0.0 0.03911738 0.0 0.051702417 0.107998416 0.0 0.0 0.04795232 4.413625e-19 0.0 0.0 0.0 0.06814702 0.0 0.0 0.0 0.0 0.0 0.053509675 0.034711123 0.020355586
0.08384341 0.037138317 0.0 0.0 0.0127596 0.0 0.0 0.03221637 0.033266928 0.0 0.0043088347 0.0 0.0 0.007841807 0.0 0.0 0.0 0.0 0.12197907 0.0 0.023645338 0.0 0.06604744 0.010795829 0.0 0.0056242202 0.030898873 0.0 0.030867252 0.0 0.0 0.0 0.0 0.057738777 0.0 0.0 0.0 0.0 0.0 0.005791357 0.15059668 0.04806603 0.0066806786 0.0 0.0 0.08000836 0.0 0.0 0.0 0.0 0.0 0.015675787 0.0283075 0.0 0.0 0.01855248
0.0 0.0 0.066352494 0.0 0.0 0.0 0.0 0.14067368 0.0 0.0 0.0 0.0 0.057963047 0.0 0.0 0.04154107 0.0 0.0 0.0 0.0 0.0 0.00022508572 0.0 0.0 0.0 0.0 0.021724356 0.0 0.0 0.005351453 0.011151535 0.0 0.03381615 0.016151343 0.0 0.0 0.0 0.0 0.05091244 0.08785083 0.0 0.0 0.0086224945 0.002615906 0.0 0.0 0.010235378 0.04969681 0.0 0.1569604 0.0 0.0 0.0045742164 0.0 0.12194876 0.02167369
0.0 0.024923453 0.081632406 0.016634125 0.0 0.14727074 0.0 0.0 0.0043088347 0.0 0.0 0.04403613 0.0 0.0019297504 0.0 0.0 0.078339554 0.0 0.027311107 0.0 0.025633313 0.0 0.02986704 0.0 0.06762054 0.0 0.0 0.0 0.037889883 0.0 0.1864626 0.004138284 0.0 0.06833921 0.0 0.0 0.0 0.0 0.0024727925 0.025653021 0.0074686 0.030309698 0.0 0.017737528 0.030444546 0.0 0.009028113 0.0 0.011103157 0.0 0.0 0.0 0.03160446 0.0 0.0 0.0
0.0 0.035028506 0.0 0.020448228 0.0 0.0 0.040294204 0.0 0.0 0.0 0.044036128 0.0 0.0 0.07694343 0.045639712 0.0 0.030663043 0.057197366 0.0 0.016617011 0.0 0.017519053 0.019345826 0.0 0.0 0.0 0.0 0.0 0.0 0.0 0.0036366414 0.0 0.0 0.0 0.0 0.0 0.0 0.0 0.0 0.0 0.0 0.0 0.0 0.053828586 0.09563177 0.0 0.0 0.0 0.1262042 0.03159659 0.0 0.0 0.012190153 0.0 0.013208991 0.0065556252
0.0883889 0.0 0.0 0.0 0.0 0.0 0.0 0.1628816 0.0 0.057963043 0.0 0.0 0.11299875 0.011314521 0.0 0.0 0.0 0.011921911 0.0 0.0 0.0 0.0 0.0 0.020344602 0.0 0.0 0.0015286524 0.0074619455 0.012681141 0.0 0.0 0.0 0.0 0.0 0.09272293 0.0 0.06949664 0.0 0.0 0.024448242 0.017494878 0.0 0.0 0.013107458 0.00383624 0.0 0.025405288 0.0 0.009809981 0.02590715 0.0 0.059594564 0.0 0.013763999 0.0 0.1109003
0.0 0.0 0.0 0.015833981 0.069452 0.0 0.0 0.0 0.007841807 0.0 0.0019297505 0.076943435 0.011314521 0.04815923 0.0 0.0 0.0064267963 0.027708596 0.0 0.0092579415 0.0 0.04334781 0.0 0.0 0.04156408 0.0 0.07692432 0.004988851 0.0 0.0 0.009358523 0.0 0.07314743 0.0 0.0 0.020993834 0.0 0.0 0.0 0.023494031 0.0 0.0 0.0 0.032579087 0.0 0.04562018 0.0 0.073770836 0.007434691 0.0 0.111532114 0.0 0.06577991 0.0053052297 0.1467849 0.0
0.0 0.0 0.0 0.040740672 0.0817138 0.0146167185 0.02916961 0.0 0.0 0.0 0.0 0.045639712 0.0 0.0 0.0 0.0 0.047459822 0.044660613 0.0 0.0738477 0.062400967 0.0448059 0.0 0.0 0.14963338 0.0 0.01438333 0.0 0.0 0.041599084 0.0 0.07797875 0.0 0.0 0.0 0.0 0.0 0.0045342688 0.005154079 0.0 0.0 0.0 0.0 0.0 0.0 0.02449173 0.0 0.0 0.033197433 0.06774901 0.0 0.0 0.23163019 0.0 0.0 0.0
0.08453751 0.0 0.0 0.0 0.026862053 0.0 0.0 0.12705317 0.0 0.04154107 0.0 0.0 0.0 0.0 0.0 0.020680616 0.0 0.0 0.0 0.0 0.0 0.014515545 0.0 0.059570406 0.009808634 0.0 0.0 0.0 0.0 0.0 0.0 0.0 0.0 0.0071713193 0.13050823 0.003582101 0.0 0.058662873 0.0 0.0 0.0037051118 0.0 0.0 0.0 0.0 0.0022207974 0.0 0.0 0.0 0.0 0.022540584 0.0844975 0.0 0.056628656 0.017075246 0.088677354
0.0 0.1732127 0.05412605 0.06784288 0.0 0.0 0.06245233 0.0 0.0 0.0 0.078339554 0.030663043 0.0 0.0064267963 0.047459826 0.0 0.10875002 0.032495502 0.024831427 0.0 0.0 0.0 0.0013703136 0.0 0.0 0.0 0.046624564 0.0059409733 0.0 0.0 0.0 0.00896845 0.0 0.0 0.0 0.048014093 0.0 0.030926561 0.0 0.0 0.00327024 0.061674766 0.0 0.0 0.0 0.013727452 0.05172724 0.0 0.019691607 0.0 0.0 0.0 0.0 0.0 0.0 0.0
0.0 0.0 0.053991564 0.016916338 0.0 0.0 0.07771037 0.0 0.0 0.0 0.0 0.057197362 0.011921911 0.027708596 0.04466061 0.0 0.0324955 0.0 0.008476306 0.051009227 0.0 0.0 0.041576773 0.0 0.03894816 0.0070110075 0.02622263 0.0 0.043649543 0.026975479 0.0 0.0 0.027893875 0.008924877 0.0 0.0 0.0 0.0 0.0011059023 0.002030109 0.09911474 0.064795606 0.024690786 0.0 0.010523481 0.0 0.0 0.0 0.040941413 0.06618806 0.0 0.0 0.010629061 0.030213537 0.0 0.042039134
0.014877485 0.03180123 0.0028741579 0.0 0.12300379 0.0 0.009146328 0.030081328 0.121979065 0.0 0.027311107 0.0 0.0 0.0 0.0 0.0 0.024831427 0.008476306 0.082752585 0.0039532776 0.0 0.0 0.011876169 0.017465942 0.07134304 0.0 0.04779116 0.0 0.009616011 0.0038954555 0.044565935 0.06215156 0.0 0.0 0.021733804 0.015642006 0.0 0.078197025 0.0 0.0 0.0 0.016265422 0.0 0.0 0.0 0.0 0.007009698 0.0 0.0 0.0 0.0 0.0 0.04669062 0.0 0.0 0.0
0.033198442 0.00785844 0.0 0.0 0.0 0.0075251292 0.0 0.0 0.0 0.0 0.0 0.016617013 0.0 0.0092579415 0.07384771 0.0 0.0 0.051009227 0.0039532776 0.0 0.0 0.0 0.112190954 0.0 0.0 0.0 0.0 0.0 0.026227795 0.03246986 0.02919874 0.0 0.0 0.015611171 0.0 0.0 0.0 0.0 0.0 0.020225512 0.092319645 0.042656425 0.0 0.0 0.112035915 0.038349018 0.0 0.0 0.04835128 0.0 0.0 0.0 0.0 0.0 0.0 0.0033657441
0.018927094 0.07644081 0.0 0.117597654 0.0026482071 0.0067341956 0.025010513 0.0 0.023645338 0.0 0.02563331 0.0 0.0 0.0 0.06240097 0.0 0.0 0.0 0.0 0.0 0.0 0.0 0.0070527364 0.10768887 0.011676845 0.0 0.0 0.0 0.0 0.0 0.0 0.04727395 0.0 0.0 0.0 0.0967333 0.0 0.03145239 0.0 0.0 0.0 0.06244038 0.0026803107 0.0 0.05793202 0.035972875 0.010839868 0.0 0.038262013 0.0 0.0 0.012846706 0.02378306 0.0 0.0 0.0
0.0 0.028614769 0.0 0.015443407 0.0 0.0 0.0 0.0 0.0 0.00022508572 0.0 0.017519053 0.0 0.04334781 0.044805896 0.014515545 0.0 0.0 0.0 0.0 0.0 0.068417996 0.04871317 0.0 0.0 0.037286744 0.08712842 0.05304395 0.0 0.0 0.0 0.0 0.0 0.0 0.0049133343 0.0 0.0 0.0 0.019928504 0.035455428 0.062904105 0.02022826 0.024417058 0.036416817 0.024783645 0.0 0.0 0.0 0.0 0.051471427 0.038001947 0.02405041 0.008960472 0.069016896 0.0070715058 0.0
0.0 0.0 0.018775823 0.0 0.03956056 0.19724786 0.0 0.0 0.06604744 0.0 0.02986704 0.019345827 0.0 0.0 0.0 0.0 0.0013703136 0.041576773 0.011876169 0.112190954 0.007052737 0.04871317 0.010102156 0.0 0.0064292466 0.0 0.0 0.0 0.0 0.051456537 0.05691455 0.14436702 0.051618904 0.0 0.0 0.0 0.0 0.0 0.018712437 0.0 0.0 0.05912049 0.0 0.0 0.0 0.08960554 0.0038969566 0.0 0.09981301 0.0049084527 0.0 0.0 0.04984064 0.0 0.0 0.0
0.0 0.0 0.06356539 0.0 0.015797576 0.0 0.0 0.0 0.010795829 0.0 0.0 0.0 0.020344604 0.0 0.0 0.059570406 0.0 0.0 0.017465943 0.0 0.107688874 0.0 0.0 0.0 0.05266849 0.02155759 0.039542694 0.0 0.0 0.052785598 0.02433949 0.0 0.025805768 0.035526793 0.0 0.0 0.0 0.0 0.14287466 0.059578504 0.005503058 0.034922868 0.06209159 0.0 0.0 0.0 0.07729056 0.058696453 0.0 0.040444314 0.0 0.0 0.0 0.06339444 0.0035492922 0.046331014
0.009896233 0.19575113 0.0 0.059906676 0.0 0.0 0.08487967 0.0 0.0 0.0 0.06762054 0.0 0.0 0.04156408 0.14963336 0.009808634 0.0 0.038948163 0.07134305 0.0 0.011676845 0.0 0.006429246 0.052668486 0.0 0.021074407 0.0 0.0015888521 0.02642304 0.0 0.0 0.0 0.0 0.0 0.0 0.04262827 0.02639578 0.01695019 0.0 0.0 0.059924167 0.0 0.0 0.0 0.012375855 0.0 0.0 0.0 0.0 0.0 0.0 0.07123777 0.0 0.0 0.0 0.0
0.0 0.0 0.0 0.0 0.14622873 0.025830265 0.0 0.02299232 0.0056242207 0.0 0.0 0.0 0.0 0.0 0.0 0.0 0.0 0.0070110075 0.0 0.0 0.0 0.03728674 0.0 0.02155759 0.021074407 0.0 0.0 0.0 0.0 0.0 0.0 0.1489726 0.03567777 0.0 0.011522531 0.12135243 0.0024612322 0.04155556 0.023055585 0.0 0.0 0.0 0.07279772 0.0 0.041278753 0.016959816 0.08832915 0.02173969 0.017660093 0.0 0.0 0.02167049 0.0 0.0 0.0 0.0
0.07872499 0.028991891 0.0 0.0 0.0 0.04296747 0.0 0.02510692 0.03089887 0.021724356 0.0 0.0 0.0015286524 0.07692432 0.014383331 0.0 0.04662456 0.026222628 0.047791157 0.0 0.0 0.08712842 0.0 0.039542694 0.0 0.0 0.0 0.0008041819 0.062051762 0.0030292738 0.0 0.0 0.0 0.06026959 0.0 0.03237179 0.0 0.0 0.0 0.0 0.037189815 0.06599359 0.0 0.016157316 0.019454459 0.04563365 0.0 0.0010048379 0.003770091 0.0 0.0 0.004926816 0.038693365 0.0 0.0 0.16133133
0.0 0.0 0.03166347 0.0 0.002823369 0.0 0.0 0.06212214 0.0 0.0 0.0 0.0 0.0074619465 0.004988851 0.0 0.0 0.0059409738 0.0 0.0 0.0 0.0 0.05304395 0.0 0.0 0.0015888521 0.0 0.0008041819 0.0 0.0 0.038609847 0.0 0.0 0.088899985 0.03481128 0.06124243 0.0 0.04334342 0.0 0.07857478 0.019070704 0.048551347 0.0 0.061346356 0.091589876 0.033755258 0.029208604 0.12546776 0.027143396 0.0 0.023271509 0.0 0.0 0.01988493 0.08205442 0.0 0.027865546
0.0 0.0 0.021190349 0.0 0.22976561 0.0 0.003998011 0.0 0.030867252 0.0 0.037889883 0.0 0.0126811415 0.0 0.0 0.0 0.0 0.043649543 0.00961601 0.026227793 0.0 0.0 0.0 0.0 0.02642304 0.0 0.062051762 0.0 0.0 0.0 0.0 0.052473053 0.011018405 0.0 0.07743931 0.0 0.04376719 0.1184111 0.013260244 0.0 0.0 0.0 0.10452665 0.0 0.0 0.0 0.0 0.025299551 0.0 0.0 0.0 0.0008362021 0.0 0.0 0.0 0.0
0.0 0.038373463 0.0 0.1912427 0.0 0.0 0.0 0.0 0.0 0.0053514536 0.0 0.0 0.0 0.0 0.04159908 0.0 0.0 0.02697548 0.0038954555 0.032469865 0.0 0.0 0.051456537 0.052785594 0.0 0.0 0.0030292736 0.038609847 0.0 0.0 0.06754721 0.0 0.0 0.0 0.0 0.110222764 0.0 0.0 0.0 0.0 0.0 0.00858668 0.00923241 0.002889287 0.01668163 0.0 0.0 0.0 0.0 0.0 0.021170733 0.041240618 0.0 0.018781641 0.027447747 0.0
0.03476592 0.0 0.0 0.032899145 0.0 0.053842783 0.046678096 0.0 0.0 0.011151535 0.1864626 0.0036366414 0.0 0.009358523 0.0 0.0 0.0 0.0 0.044565935 0.02919874 0.0 0.0 0.056914553 0.024339488 0.0 0.0 0.0 0.0 0.0 0.06754721 0.0 0.0 0.0 0.008377514 0.0 0.028567363 2.18315e-08 0.0 0.0 0.0030834083 0.008618565 0.0 0.0 0.0 0.040923644 0.0 0.0 0.013127635 0.0 0.0 0.1805322 0.0 0.0 0.0 0.0 0.0
0.029910797 0.037688304 0.0 0.065141074 0.0039035464 0.0 0.0 0.0 0.0 0.0 0.004138284 0.0 0.0 0.0 0.07797875 0.0 0.00896845 0.0 0.06215156 0.0 0.047273945 0.0 0.14436702 0.0 0.0 0.14897259 0.0 0.0 0.052473053 0.0 0.0 0.0 0.0 0.0 0.0 0.014490753 0.00913956 0.0 0.0 0.09169971 0.050000373 0.0652878 0.0 0.0 0.0 0.0 0.0 0.0 0.023485972 0.0 0.0 0.0 0.041033443 0.0 0.0 0.0
0.0883008 0.0 0.0 0.0 0.0 0.0 0.0054722787 0.009610284 0.0 0.033816148 0.0 0.0 0.0 0.07314743 0.0 0.0 0.0 0.027893873 0.0 0.0 0.0 0.0 0.051618908 0.025805766 0.0 0.03567777 0.0 0.088899985 0.011018405 0.0 0.0 0.0 0.0 0.022053096 0.03712149 0.0 0.0 0.0007245508 0.0 0.022463398 0.058476597 0.0 0.0 0.0295681 0.049387533 0.0 0.0 0.0 0.005319436 0.0 0.071739055 0.06458422 0.0 0.0 0.007251434 0.036737364
0.0 0.0 0.0 0.0 0.0 0.0 0.0 0.0 0.05773878 0.016151343 0.068339214 0.0 0.0 0.0 0.0 0.0071713193 0.0 0.008924877 0.0 0.015611171 0.0 0.0 0.0 0.03552679 0.0 0.0 0.060269594 0.034811277 0.0 0.0 0.008377514 0.0 0.022053096 0.0 0.0 0.023791548 0.061202522 0.070786744 0.0 0.0005979615 0.0 0.0 0.0062152003 0.036103018 0.033023834 0.03415783 0.0 0.11055856 0.0 0.0 0.07072103 0.013413155 0.0 0.003595536 0.101281114 0.0
0.0 0.0 0.06900212 0.0 0.0 0.0 0.0 0.040126596 0.0 0.0 0.0 0.0 0.09272293 0.0 0.0 0.13050824 0.0 0.0 0.021733804 0.0 0.0 0.0049133343 0.0 0.0 0.0 0.01152253 0.0 0.061242428 0.07743931 0.0 0.0 0.0 0.03712149 0.0 0.0 0.0 0.12848008 0.0 0.048971463 0.028669277 0.0 0.0 0.02137423 0.065815724 0.0 0.01294174 0.0065124016 0.035277013 0.0 0.07543371 0.0 9.002576e-06 0.02805486 0.03052181 0.0 0.07539998
0.0 0.014508846 0.058890574 0.028284185 0.0 0.0 0.0 0.0 0.0 0.0 0.0 0.0 0.0 0.020993834 0.0 0.003582101 0.048014093 0.0 0.015642006 0.0 0.0967333 0.0 0.0 0.0 0.04262827 0.121352434 0.032371793 0.0 0.0 0.11022276 0.028567363 0.014490753 0.0 0.023791548 0.0 0.0 0.020179534 0.0 0.009405408 0.062678754 0.017418776 0.0 0.0 0.0 0.020494428 0.0 0.0 0.0 0.037559003 0.0 0.0 0.007991183 0.0 0.00645283 0.07447912 0.03640427
0.12852105 0.0 0.0 0.0 0.0 0.0 0.0 0.039117377 0.0 0.0 0.0 0.0 0.06949664 0.0 0.0 0.0 0.0 0.0 0.0 0.0 0.0 0.0 0.0 0.0 0.02639578 0.0024612322 0.0 0.04334342 0.04376719 0.0 2.18315e-08 0.00913956 0.0 0.061202526 0.12848006 0.020179532 0.0 0.0 0.050036844 0.0 0.0 0.0 0.008402334 0.032616954 0.006519041 0.0 0.019540412 0.023793234 0.0 0.0 0.0 0.058334272 0.0 0.07267408 0.057535075 0.0
0.01208203 0.0382705 0.032484036 0.020565005 0.0 0.0 0.017488599 0.0 0.0 0.0 0.0 0.0 0.0 0.0 0.0045342688 0.058662873 0.030926561 0.0 0.078197025 0.0 0.03145239 0.0 0.0 0.0 0.016950192 0.04155556 0.0 0.0 0.118411094 0.0 0.0 0.0 0.0007245508 0.07078675 0.0 0.0 0.0 0.0 0.016148029 0.024158265 0.040957123 0.0450418 0.0 0.030403823 0.0 0.0 0.02902026 0.0 0.0 0.06919558 0.0 0.0 0.0 0.0 0.0 0.060803153
0.079874285 0.0 0.0 0.0 0.0 0.0 0.0 0.05170242 0.0 0.050912444 0.0024727925 0.0 0.0 0.0 0.005154079 0.0 0.0 0.0011059023 0.0 0.0 0.0 0.019928506 0.018712437 0.14287466 0.0 0.023055587 0.0 0.07857478 0.013260244 0.0 0.0 0.0 0.0 0.0 0.048971463 0.009405408 0.050036844 0.016148027 0.0 0.028650038 0.039533213 0.043081954 0.0 0.0 0.00013234233 0.0 0.0 0.0 0.0 0.0 0.06761649 0.12555408 0.0 0.0 0.046637304 0.0
0.0067277327 0.0 0.0012049674 0.0 0.0 0.0 0.0 0.107998416 0.005791357 0.08785083 0.025653021 0.0 0.024448242 0.023494031 0.0 0.0 0.0 0.002030109 0.0 0.020225512 0.0 0.03545543 0.0 0.05957851 0.0 0.0 0.0 0.019070704 0.0 0.0 0.003083408 0.09169972 0.022463398 0.0005979615 0.028669277 0.062678754 0.0 0.024158265 0.028650038 0.0 0.0 0.0012271926 0.0 0.031144598 0.0 0.012328214 0.08643785 0.07336889 0.009470443 0.0 0.013002418 0.0 0.0 0.027706439 0.061714076 0.0
0.0 0.00010613344 0.011975194 0.011250045 0.0 0.062298138 0.0 0.0 0.15059668 0.0 0.0074686 0.0 0.017494878 0.0 0.0 0.0037051116 0.00327024 0.09911474 0.0 0.092319645 0.0 0.062904105 0.0 0.005503058 0.05992417 0.0 0.037189815 0.04855135 0.0 0.0 0.008618566 0.050000373 0.058476597 0.0 0.0 0.017418776 0.0 0.04095712 0.039533217 0.0 0.0 0.0 0.042578768 0.036214765 0.0039159143 0.046359852 0.040325716 0.07866484 0.011515942 0.0 0.019346114 0.0 0.0396855 0.008131969 0.023616947 0.0
0.0 0.012941521 0.006130953 0.05250793 0.010364668 0.0 0.09168673 0.0 0.04806603 0.0 0.0303097 0.0 0.0 0.0 0.0 0.0 0.06167477 0.064795606 0.01626542 0.042656425 0.062440377 0.020228261 0.05912049 0.034922868 0.0 0.0 0.065993585 0.0 0.0 0.00858668 0.0 0.065287806 0.0 0.0 0.0 0.0 0.0 0.0450418 0.04308195 0.0012271926 0.0 0.013202003 0.0 0.0 0.0 0.0 0.0 0.0 0.041550756 0.0 0.012426062 0.0 0.03550232 0.0 0.0 0.0
0.043531656 0.0 0.0 0.0 0.0 0.0 0.008300951 0.04795232 0.0066806786 0.008622495 0.0 0.0 0.0 0.0 0.0 0.0 0.0 0.024690786 0.0 0.0 0.0026803107 0.024417058 0.0 0.062091593 0.0 0.07279772 0.0 0.061346356 0.10452664 0.00923241 0.0 0.0 0.0 0.0062152003 0.02137423 0.0 0.0084023345 0.0 0.0 0.0 0.042578768 0.0 0.07811285 0.0 0.0 0.0127597945 0.0 0.0 0.0 0.03235019 0.02658545 0.09527324 0.006238654 0.10189348 0.0 0.035956908
0.02786146 0.0641698 0.0 0.0 0.0 0.0 0.0 4.413625e-19 0.0 0.0026159063 0.017737528 0.053828582 0.013107458 0.03257909 0.0 0.0 0.0 0.0 0.0 0.0 0.0 0.036416817 0.0 0.0 0.0 0.0 0.016157316 0.091589876 0.0 0.0028892872 0.0 0.0 0.029568098 0.036103018 0.065815724 0.0 0.032616954 0.030403825 0.0 0.031144597 0.036214765 0.0 0.0 0.0 0.018279918 0.0 0.0 0.032257337 0.0 0.07891204 0.05062807 0.11491901 0.0 0.049811292 0.01170692 0.0
0.0 0.0 0.16930199 0.0 0.009359268 0.043957364 0.0030529685 0.0 0.0 0.0 0.030444546 0.09563177 0.0038362397 0.0 0.0 0.0 0.0 0.010523481 0.0 0.112035915 0.05793202 0.024783645 0.0 0.0 0.012375855 0.041278753 0.019454459 0.03375526 0.0 0.01668163 0.040923644 0.0 0.049387533 0.033023834 0.0 0.020494428 0.006519041 0.0 0.00013234233 0.0 0.003915914 0.0 0.0 0.018279916 0.022530518 0.032207087 0.0 0.0059001166 0.0 0.08381438 0.0067652627 0.0012660383 0.0 0.0076689287 0.110341586 0.0
0.0 0.0 0.0 0.09557771 0.0 0.0 0.0 0.0 0.08000836 0.0 0.0 0.0 0.0 0.045620177 0.02449173 0.0022207976 0.013727452 0.0 0.0 0.03834902 0.03597288 0.0 0.08960554 0.0 0.0 0.016959816 0.045633648 0.029208604 0.0 0.0 0.0 0.0 0.0 0.034157827 0.01294174 0.0 0.0 0.0 0.0 0.012328214 0.046359852 0.0 0.012759795 0.0 0.03220709 0.01399389 0.0 0.0 0.035009652 0.0 0.08929336 0.03753031 0.010314262 0.0 0.030505577 0.0
0.055901464 0.10082722 0.0 0.007837392 0.0 0.0 0.10053871 0.0 0.0 0.010235377 0.0090281125 0.0 0.025405288 0.0 0.0 0.0 0.05172724 0.0 0.007009698 0.0 0.010839869 0.0 0.0038969563 0.07729056 0.0 0.08832915 0.0 0.12546776 0.0 0.0 0.0 0.0 0.0 0.0 0.0065124016 0.0 0.019540412 0.02902026 0.0 0.08643786 0.040325716 0.0 0.0 0.0 0.0 0.0 0.0 0.0 0.0 0.0 0.0 0.0 0.0 0.0 0.0 0.0
0.1340357 0.0 0.0 0.0 0.0 0.0 0.0 0.068147026 0.0 0.04969681 0.0 0.0 0.0 0.07377083 0.0 0.0 0.0 0.0 0.0 0.0 0.0 0.0 0.0 0.058696456 0.0 0.02173969 0.0010048379 0.027143396 0.02529955 0.0 0.013127635 0.0 0.0 0.11055856 0.035277013 0.0 0.023793234 0.0 0.0 0.07336889 0.07866484 0.0 0.0 0.032257333 0.0059001166 0.0 0.0 0.0 0.0 0.0 0.014931901 0.01551465 0.0 0.0 0.033599056 0.03398618
0.0 0.020964686 0.0 0.06213521 0.0031785662 0.037058853 0.0 0.0 0.0 0.0 0.011103156 0.1262042 0.009809981 0.007434691 0.03319743 0.0 0.019691607 0.04094141 0.0 0.04835128 0.038262013 0.0 0.09981301 0.0 0.0 0.017660093 0.003770091 0.0 0.0 0.0 0.0 0.023485972 0.0053194356 0.0 0.0 0.037559003 0.0 0.0 0.0 0.009470443 0.011515942 0.041550756 0.0 0.0 0.0 0.035009652 0.0 0.0 0.17513148 0.0 0.0453897 0.0 0.00972713 0.0 0.0 0.011924477
0.0 0.0 0.0 0.0 0.0 0.0 0.0 0.0 0.0 0.1569604 0.0 0.03159659 0.025907151 0.0 0.06774901 0.0 0.0 0.06618807 0.0 0.0 0.0 0.051471427 0.0049084527 0.040444314 0.0 0.0 0.0 0.023271509 0.0 0.0 0.0 0.0 0.0 0.0 0.07543371 0.0 0.0 0.06919558 0.0 0.0 0.0 0.0 0.03235019 0.07891204 0.08381439 0.0 0.0 0.0 0.0 0.05035004 0.057353485 0.053120118 0.0 0.0 0.0 0.0
0.0 0.007314449 0.0 0.0 0.0 0.085459344 0.0 0.0 0.0 0.0 0.0 0.0 0.0 0.111532114 0.0 0.022540582 0.0 0.0 0.0 0.0 0.0 0.038001947 0.0 0.0 0.0 0.0 0.0 0.0 0.0 0.021170733 0.18053219 0.0 0.071739055 0.07072103 0.0 0.0 0.0 0.0 0.0676165 0.013002418 0.019346112 0.0124260625 0.02658545 0.05062807 0.006765263 0.08929336 0.0 0.014931902 0.0453897 0.05735349 0.0 0.0 0.0018355316 0.0 0.009652093 0.044032153
0.0 0.0 0.08177813 0.0 0.05149235 0.0 0.0 0.0 0.015675787 0.0 0.0 0.0 0.05959456 0.0 0.0 0.08449749 0.0 0.0 0.0 0.0 0.012846706 0.02405041 0.0 0.0 0.07123777 0.021670489 0.004926816 0.0 0.0008362021 0.041240618 0.0 0.0 0.06458422 0.0134131545 9.002577e-06 0.007991183 0.058334272 0.0 0.12555408 0.0 0.0 0.0 0.095273234 0.114919014 0.0012660383 0.03753031 0.0 0.015514651 0.0 0.053120118 0.0 0.0 0.0 0.07452874 0.0 0.007148435
0.0 0.10072581 0.0 0.02679285 0.0 0.0 0.04069986 0.0 0.0283075 0.0045742164 0.03160446 0.012190152 0.0 0.06577992 0.23163018 0.0 0.0 0.010629061 0.04669062 0.0 0.02378306 0.008960472 0.04984064 0.0 0.0 0.0 0.03869337 0.01988493 0.0 0.0 0.0 0.041033447 0.0 0.0 0.028054858 0.0 0.0 0.0 0.0 0.0 0.039685503 0.035502315 0.006238654 0.0 0.0 0.0103142625 0.0 0.0 0.00972713 0.0 0.0018355317 0.0 0.0 0.0 0.0 0.0
0.0043926197 0.0 0.018860534 0.0 0.005529035 0.0 0.002907545 0.05350968 0.0 0.0 0.0 0.0 0.013763999 0.0053052297 0.0 0.056628656 0.0 0.030213539 0.0 0.0 0.0 0.069016896 0.0 0.06339444 0.0 0.0 0.0 0.08205442 0.0 0.018781641 0.0 0.0 0.0 0.0035955359 0.03052181 0.0064528305 0.07267408 0.0 0.0 0.027706439 0.008131969 0.0 0.10189348 0.049811292 0.0076689296 0.0 0.0 0.0 0.0 0.0 0.0 0.07452875 0.0 0.12547669 0.0115547115 0.101665184
0.038651437 0.0 0.0 0.0 0.012723964 0.055786565 0.0 0.034711123 0.0 0.121948764 0.0 0.013208991 0.0 0.14678492 0.0 0.017075244 0.0 0.0 0.0 0.0 0.0 0.007071506 0.0 0.0035492922 0.0 0.0 0.0 0.0 0.0 0.027447749 0.0 0.0 0.0072514336 0.10128112 0.0 0.07447911 0.05753507 0.0 0.046637304 0.061714076 0.023616945 0.0 0.0 0.01170692 0.110341586 0.030505575 0.0 0.033599056 0.0 0.0 0.009652094 0.0 0.0 0.0115547115 0.0 0.0708256
0.0 0.0 0.05984218 0.0 0.004824149 0.0 0.0 0.020355586 0.01855248 0.02167369 0.0 0.0065556257 0.110900305 0.0 0.0 0.088677354 0.0 0.042039134 0.0 0.0033657444 0.0 0.0 0.0 0.046331014 0.0 0.0 0.16133134 0.027865548 0.0 0.0 0.0 0.0 0.036737364 0.0 0.07539998 0.036404267 0.0 0.060803153 0.0 0.0 0.0 0.0 0.035956908 0.0 0.0 0.0 0.0 0.03398618 0.011924476 0.0 0.044032153 0.0071484353 0.0 0.10166518 0.07082561 0.0
