0.0 0.0 0.0 0.08719017 0.024478871 0.0 0.0042538852 0.0 0.0 0.006544398 0.0 0.0688348 0.014367773 0.003505425 0.06818261 0.0 0.03939148 0.0 0.026698451 0.017328672 0.12234887 0.0 0.0 0.0 0.049938355 0.0 0.1447457 0.008732533 0.014837107 0.022795748 0.08223836 0.0 0.04235824 0.0045428174 0.0019135602 0.0 0.008892492 0.008784502 0.01963047 0.048063178 0.0 0.023265833 0.010991946 0.0 0.0 0.0 0.0 0.020862063 0.019439666 0.025535474 0.0 0.0 0.004688071 0.0 0.07490981 0.0
0.0 0.0053502037 0.031937223 0.0 0.039014053 0.012019017 0.022410732 0.0010810272 0.06755732 0.0 0.07313396 0.0 0.0063174083 0.0 0.0 0.0 0.0 0.027004447 0.0 0.11906724 0.0068184524 0.0 0.0 0.0 0.077838056 0.026168346 0.0 0.0 0.0 0.009587226 0.0 0.09217474 0.049991876 0.0 0.0 0.006215921 0.0 0.0019562556 0.0 0.0 0.042216327 0.021490268 0.0 0.0 0.0 0.09953412 0.0 0.0 0.010695016 0.0137605565 0.01598926 0.0 0.030588126 0.0 0.0 0.0
0.0 0.03193722 0.0054717474 0.0063871415 0.04936214 0.06073876 0.06531028 0.0 0.09162324 0.0 0.04292548 0.0027978427 0.0 0.0 0.015894867 0.0 0.0 0.0 0.0070800534 0.02777518 0.039423168 0.008115037 0.011434977 0.0 0.01672236 0.0477983 0.011941372 0.0 0.0 0.0 0.00877869 0.12930581 0.0 0.027027486 0.0011362113 0.0 0.045051824 0.0052704685 0.008128437 0.0 0.04623134 0.0 0.04270251 0.029728564 0.004970285 0.049619008 0.01426963 0.025893152 0.0 0.056104496 0.0 0.0 0.005778774 0.0 0.015263709 0.0
0.08719017 0.0 0.0063871415 0.0 0.0 0.050899442 0.0 0.0689977 0.029826457 0.0018492466 0.0 0.0 0.0027878075 0.09935353 0.0 0.0 0.0 0.0 0.0 0.0 0.0 0.0 0.06691291 0.011505497 0.0067156306 0.040432356 0.0 0.0 0.0 0.0 0.0 0.01606007 0.0 0.0 0.098122306 0.0 0.0 0.0 0.017243003 0.036102034 0.1719718 0.0 0.0 0.016131641 0.0 0.0 0.0 0.0 0.017394563 0.0 0.00024872474 0.022381812 0.023562264 0.0 0.0047235647 0.0
0.024478871 0.039014053 0.04936214 0.0 0.0 0.020388184 0.039071653 0.08100876 0.011107009 0.0 0.0 0.0 0.04763883 0.06589697 0.0 0.0 0.0 0.042165354 0.056173414 0.0 0.0 0.03746101 0.0 0.0033442213 0.0 0.0 0.010999592 0.028005743 0.008066807 0.0 0.0 0.0 0.0 0.020625293 0.011785816 0.0 0.0 0.0 0.0 0.0 0.05578054 0.0 0.056740176 0.032647032 0.0 0.0019974278 0.0 0.0 0.0 0.040947255 0.0 0.0 0.0 0.16739722 0.0 0.0
0.0 0.012019017 0.060738765 0.050899442 0.020388184 0.084821336 0.0007817885 0.0 0.0 0.02917183 0.08854403 0.0 0.03723802 0.0 0.0 0.0 0.02117381 0.09337856 0.0056816963 0.0 0.0 0.0 0.08727079 0.008151791 0.01952308 0.0 0.0 0.0 0.0 0.0 0.0 0.049114395 0.0 0.0 0.0 0.0 0.0 0.0 0.019301299 0.008916008 0.0 0.0 0.0 0.07553636 0.0020738065 0.10241976 0.015402669 0.0 0.0 0.008303958 0.02316637 0.0 0.043042343 0.075455114 0.0 0.0
0.004253885 0.022410732 0.06531028 0.0 0.039071653 0.0007817885 0.05359229 0.0022113957 0.0 0.103894375 0.017670607 0.0 0.05209751 0.0 0.0 0.0 0.0 0.0 0.0 0.015472676 0.0 0.0 0.0 0.027103541 0.010414378 0.0073342524 0.032657806 0.0 0.0 0.00059635297 0.0 0.057402823 0.0 0.0 0.0 0.12632556 0.10264486 0.0046253884 0.0 0.0 0.0 0.0 0.026155448 0.023752527 0.0 0.0 0.037193652 0.0 0.0 0.0 0.0 0.054128513 0.0 0.0 0.0 0.026624491
0.0 0.0010810273 0.0 0.0689977 0.08100876 0.0 0.0022113957 0.0 0.013940689 0.0 0.0 0.0 0.0 0.043352302 0.035856508 0.007410981 0.06229261 0.0 0.048148457 0.09269382 0.11559713 0.0 0.032283027 0.0 0.002995726 0.0 0.027883686 0.0095564965 0.0 0.040105715 0.08811107 0.0 0.07434184 0.0016605997 0.0 0.01933848 0.01302424 0.032976102 0.01255607 0.048512213 0.007939071 0.038004145 0.0 0.027257359 0.0 0.040332995 0.0 0.06037995 0.05272364 0.0 0.07358982 0.0 0.016608233 0.0 0.0022597704 0.0
0.0 0.06755732 0.09162324 0.029826457 0.011107009 0.0 0.0 0.013940689 0.0 0.0 0.024846131 0.012723622 0.0 0.0 0.0011849528 0.0 0.010088789 0.03829361 0.047422975 0.0029462634 0.0 0.0 0.0 0.0 0.0 0.007337081 0.0 0.0 0.0 0.026616901 0.13316593 0.031453524 0.0 0.095048845 0.0 0.006183586 0.0 0.013908719 0.008472781 0.043434057 0.0 0.0 0.10655511 0.063198164 0.006702013 0.018700825 0.0 0.0 0.036499515 0.03098053 0.008324476 0.017449185 0.0 0.013964405 0.0 0.0
0.0065443986 0.0 0.0 0.0018492466 0.0 0.02917183 0.103894375 0.0 0.0 0.0032035992 0.0 0.029147437 0.0 0.0 0.0 0.0068695424 0.05449346 0.020556815 0.023821212 0.03883271 0.067762345 0.0 0.0 0.0 0.016659426 0.0 0.0550654 0.0 0.04270897 0.065957665 0.055779494 0.0 0.0 0.0 0.055874195 0.0075976853 0.025771886 0.057834495 0.01657559 0.0 0.0 0.10380002 0.002563628 0.0 0.10112883 0.0 0.0 0.008317344 0.020387115 0.0 0.006898785 0.0 0.018224249 0.0 0.027348984 0.0
0.0 0.07313396 0.04292548 0.0 0.0 0.08854404 0.017670609 0.0 0.024846131 0.0 0.084304996 0.027866548 0.0018434251 0.01301611 0.0 0.0 0.0 0.0452754 0.0 0.0 0.0 0.0 0.0319332 0.0023578848 0.0 0.0 0.0 0.008605843 0.013811815 0.0 0.013880808 0.0074144662 0.0 0.09550947 0.04368256 0.0 0.0 0.0 0.0 0.0 0.029846998 0.0 0.0 0.14094701 0.0 0.07732967 0.0 0.0 0.0 0.029382205 0.0 0.01578695 0.007510901 0.0 0.0 0.0
0.0688348 0.0 0.0027978427 0.0 0.0 0.0 0.0 0.0 0.012723621 0.029147437 0.02786655 0.0 0.004099348 0.0 0.0 0.0 0.0 0.009778915 0.0 0.0 0.0 0.0 0.07525156 0.013067596 0.01368337 0.10087066 0.0 0.049598765 0.0 0.0026709274 0.0 0.0 0.0 0.0 0.030132784 0.0 0.0014380751 0.0 0.0 0.031877395 0.015959883 0.0 0.0 0.031714484 0.107548006 0.0 0.0 0.0 0.0 0.07313908 0.015917422 0.043910418 0.0 0.022771215 0.13310057 0.0
0.014367773 0.0063174083 0.0 0.0027878077 0.04763883 0.037238024 0.05209751 0.0 0.0 0.0 0.0018434252 0.004099348 0.0 0.0 0.0 0.020011403 0.14461438 0.0 0.052893594 0.0 0.0044800863 0.016219357 0.0024887389 0.0 0.06719809 0.003769239 0.0 0.0 0.0 0.10611798 0.0 0.0736076 0.0 0.0013226408 0.009639459 0.024240078 0.0 0.012489122 0.0002454128 0.015518115 0.024379957 0.0052033197 0.0 0.0025372705 0.0 0.015469813 0.002372124 0.0 0.0 0.0056499005 0.0 0.0 0.13858153 0.004584985 0.0 0.033821065
0.003505425 0.0 0.0 0.09935353 0.06589697 0.0 0.0 0.043352302 0.0 0.0 0.01301611 0.0 0.0 0.0 0.048731323 0.0044740783 0.0 0.0 0.0 0.0 0.025494136 0.0 0.04348474 0.02040807 0.0 0.006254769 0.044407185 0.03833038 0.0040610437 0.017776914 0.0 0.0 0.061607238 0.0 0.0 0.017404063 0.0 0.044665314 0.029359985 0.012707068 0.0 0.005251437 0.0 0.0 0.021725887 0.0 0.0 0.0 0.083837226 0.0 0.19555879 0.0 0.0 0.0 0.0611302 0.0
0.06818261 0.0 0.015894867 0.0 0.0 0.0 0.0 0.035856508 0.0011849527 0.0 0.0 0.0 0.0 0.048731323 0.0 0.0 0.0 0.0 0.0 0.0 0.0 0.007203578 0.009586931 0.013050813 0.003870734 0.047613565 0.0 0.04568812 0.0 0.0 0.0 0.0 0.0 0.017946819 0.09850998 0.0418301 0.0 0.0 0.0011472666 0.10604412 0.082004145 0.017096695 0.0 0.012691918 0.01890948 0.0 0.024045357 0.0 0.035092644 0.027065838 0.0 0.06060336 0.0 0.0031437764 0.003241374 0.10717155
0.0 0.0 0.0 0.0 0.0 0.0 0.0 0.007410981 0.0 0.006869542 0.0 0.0 0.020011403 0.0044740783 0.0 0.0 0.003226575 0.0 0.0 0.0 0.0 0.08390587 0.0 0.0 0.04252836 0.009555588 0.006614728 0.0 0.1297122 0.0 0.044031844 0.0 0.0 0.0 0.09218774 0.0 0.0 0.0076833973 0.0 0.0 0.0 0.08470357 0.0 0.020594448 0.025275715 0.0 0.0321358 0.0027723298 0.022977743 0.008612175 0.02623028 0.0 0.0 0.02512796 0.0 0.04482242
0.039391477 0.0 0.0 0.0 0.0 0.021173812 0.0 0.062292613 0.010088789 0.05449346 0.0 0.0 0.1446144 0.0 0.0 0.0032265752 0.0 0.009778245 0.010690708 0.0 0.0 0.0 0.0090865325 0.040209778 0.0 0.064562626 0.11414246 0.0 0.0 0.0 0.0 0.0 0.0 0.0 0.08721405 0.010534812 0.047105797 0.0 0.0020629654 0.026039153 0.0 0.0 0.003561123 0.007145819 0.075718425 0.0 0.0 0.093408704 0.0 0.0 0.0 0.0 0.0 0.0 0.06242471 0.0
0.0 0.027004447 0.0 0.0 0.042165354 0.093378566 0.0 0.0 0.03829361 0.020556815 0.045275405 0.009778915 0.0 0.0 0.0 0.0 0.009778245 0.0 0.0 0.055820204 0.0 0.0 0.10244806 0.0 0.016395308 0.0 0.0 0.0 0.0 0.0 0.034956437 0.10180669 0.0 0.0 0.025434656 0.0 0.026204528 0.04435148 0.015709622 0.0 0.009724926 0.0 0.0 0.056786183 0.0 0.05723345 0.0 0.0 0.0 0.0 0.007204102 0.03610696 0.011747445 0.0 0.0 0.0
0.02669845 0.0 0.0070800534 0.0 0.056173414 0.0056816963 0.0 0.048148453 0.04742297 0.023821212 0.0 0.0 0.052893594 0.0 0.0 0.0 0.010690708 0.0 0.0 0.05520522 0.0 0.0 0.06554442 0.0 0.0 0.024576364 0.0 0.0 0.0 0.0 0.050426263 0.06462685 0.0 0.023030804 0.05121445 0.0 0.05689334 0.0 0.0 0.013198587 0.026280371 0.0 0.008416362 0.044510026 0.0034608531 0.0 0.0 0.0 0.0 0.036254644 0.0060399547 0.009494231 0.0 0.0 0.0 0.0
0.017328672 0.11906724 0.027775181 0.0 0.0 0.0 0.015472677 0.09269382 0.0029462632 0.038832705 0.0 0.0 0.0 0.0 0.0 0.0 0.0 0.0558202 0.055205222 0.0 0.0 0.024670022 0.0 0.009613065 0.0 0.0 0.0 0.0 0.07930674 0.0 0.0 0.0 0.0 0.0 0.01959897 0.0 0.0 0.0 0.0 0.0 0.005173162 0.028624976 0.017053695 0.0024950807 0.0 0.007277583 0.113107905 0.0 0.0 0.0 0.0 0.0 0.0 0.0 0.0 0.09389915
0.122348875 0.006818453 0.03942317 0.0 0.0 0.0 0.0 0.11559713 0.0 0.06776235 0.0 0.0 0.0044800867 0.025494136 0.0 0.0 0.0 0.0 0.0 0.0 0.0 0.0 0.0 0.019536331 0.0 0.08409506 0.0 0.0 0.0067785666 0.0 0.0 0.0 0.0 0.0 0.045598965 0.0 0.0 0.0 0.0 0.040823758 0.048133206 0.0 0.0 0.0 0.04198725 0.0 0.0 0.0 0.0 0.003963279 0.0 0.12338872 0.0 0.0 0.0016026223 0.067252494
0.0 0.0 0.008115037 0.0 0.037461013 0.0 0.0 0.0 0.0 0.0 0.0 0.0 0.016219357 0.0 0.0072035776 0.083905876 0.0 0.0 0.0 0.02467002 0.0 0.093489826 0.05393606 0.03180664 0.05867987 0.108884454 0.0 0.0 0.0 0.0 0.0 0.0 0.034124285 0.002040917 0.003044343 0.0 0.027588535 0.0 0.0 0.00559208 0.045989163 0.0 0.0 0.0 0.020465195 0.03003528 0.0 0.039610077 0.0 0.047982812 0.0 0.0 0.0260013 0.0 0.07557226 0.0
0.0 0.0 0.011434977 0.06691291 0.0 0.08727078 0.0 0.032283027 0.0 0.0 0.0319332 0.07525156 0.0024887389 0.04348474 0.00958693 0.0 0.0090865325 0.10244806 0.06554442 0.0 0.0 0.053936057 0.0 0.0 0.00865931 0.0 0.0034004084 0.0 0.023706593 0.08676787 0.0 0.0 0.1329377 0.0 0.0 0.0 0.0 0.02237064 0.05310317 0.0 0.0 0.038582765 0.0061087725 0.009789032 0.0 0.03720052 0.0 0.0 0.09091767 0.0 0.00070920895 0.0 0.07002581 0.0 0.0 0.013217647
0.0 0.0 0.0 0.011505496 0.003344221 0.008151791 0.02710354 0.0 0.0 0.0 0.0023578848 0.013067596 0.0 0.02040807 0.013050813 0.0 0.040209778 0.0 0.0 0.009613065 0.019536333 0.03180664 0.0 0.0 0.0 0.0 0.0040913927 0.0 0.0 0.08096968 0.06658693 0.0 0.13499935 0.0 0.0075375214 0.05349959 0.023748178 0.006601861 0.07631546 0.0 0.0 0.0036852942 0.053120546 0.0 0.0 0.0061331033 0.0 0.0 0.048717715 0.0 0.11434513 0.0 0.010444637 0.055307366 0.031100078 0.0
0.049938355 0.07783806 0.016722359 0.0067156306 0.0 0.01952308 0.010414378 0.0029957262 0.0 0.016659426 0.0 0.01368337 0.06719809 0.0 0.003870734 0.04252836 0.0 0.016395308 0.0 0.0 0.0 0.058679868 0.00865931 0.0 0.0 0.058456995 0.0 0.0 0.0 0.0 0.0 0.0 0.0 0.0076487493 0.0 0.0 0.0 0.0 0.09116064 0.0006244422 0.04410661 0.0 0.10888174 0.023778256 0.0 0.007548117 0.109607086 0.028542988 0.0 0.10096271 0.0 0.0 0.03606371 0.038793217 0.0 0.0
0.0 0.026168348 0.0477983 0.04043236 0.0 0.0 0.0073342524 0.0 0.007337081 0.0 0.0 0.100870654 0.0037692387 0.006254769 0.047613565 0.009555588 0.064562626 0.0 0.024576362 0.0 0.08409507 0.108884454 0.0 0.0 0.05845699 0.11495512 0.0 0.0 0.0 0.08618969 0.018618321 0.0 0.02812591 0.003938155 0.0 0.005823462 0.0 0.06835156 0.013517248 0.006822585 0.001854854 0.007946971 0.00094378495 0.006452501 0.0 0.0 0.0 0.0 0.0 0.0 0.020264145 0.0 0.03341172 0.0 0.0 0.0
0.14474571 0.0 0.011941372 0.0 0.010999592 0.0 0.032657806 0.027883688 0.0 0.0550654 0.0 0.0 0.0 0.04440718 0.0 0.0066147274 0.11414246 0.0 0.0 0.0 0.0 0.0 0.0034004084 0.0040913927 0.0 0.0 0.0 0.029398218 0.019257091 0.0 0.0 0.0005446542 0.0034695347 0.0 0.04829452 0.0 0.0014809488 0.0 0.012997352 0.0 0.015379195 0.0 0.0 0.0 0.012816547 0.0 0.0 0.0 0.05078059 0.035528146 0.0038486829 0.0 0.0046975873 0.0 0.0428753 0.0
0.008732532 0.0 0.0 0.0 0.028005745 0.0 0.0 0.009556496 0.0 0.0 0.008605843 0.049598765 0.0 0.03833038 0.04568812 0.0 0.0 0.0 0.0 0.0 0.0 0.0 0.0 0.0 0.0 0.0 0.029398218 0.0 0.0 0.0 0.0 0.0 0.14607418 0.0 0.0 0.011779219 0.019345365 0.007926267 0.04858761 0.023025557 0.022983802 0.0025232753 0.0 0.0 0.084074944 0.0 0.0 0.026986726 0.09690543 0.0 0.12525833 0.009408317 0.0 0.0 0.0 0.0
0.014837107 0.0 0.0 0.0 0.008066808 0.0 0.0 0.0 0.0 0.042708967 0.013811815 0.0 0.0 0.0040610437 0.0 0.1297122 0.0 0.0 0.0 0.07930674 0.006778567 0.0 0.023706594 0.0 0.0 0.0 0.019257091 0.0 0.0 0.0 0.0 0.012516414 0.0 0.0 0.0 0.041024216 0.13908014 0.025798662 0.0 0.14563559 0.0 0.0 0.0 0.0 0.08032542 0.0 0.0 0.14022255 0.0 0.0 0.008461259 0.047956184 0.0 0.0 0.019767513 0.0
0.022795748 0.009587227 0.0 0.0 0.0 0.0 0.000596353 0.04010572 0.026616901 0.065957665 0.0 0.0026709277 0.10611797 0.017776914 0.0 0.0 0.0 0.0 0.0 0.0 0.0 0.0 0.08676787 0.08096968 0.0 0.08618969 0.0 0.0 0.0 0.0 0.0 0.02760025 0.0 0.0 0.022661937 0.0 0.07085501 0.0 0.0 0.019669905 0.029881366 0.0 0.0 0.016573273 0.0022948338 0.0 0.0 0.03986971 0.0 0.0 0.014107666 0.10705673 0.0 0.051094078 0.008874118 0.0
0.08223837 0.0 0.00877869 0.0 0.0 0.0 0.0 0.08811107 0.13316591 0.055779494 0.013880808 0.0 0.0 0.0 0.0 0.04403184 0.0 0.034956437 0.05042626 0.0 0.0 0.0 0.0 0.06658693 0.0 0.018618323 0.0 0.0 0.0 0.0 0.0 0.0044141547 0.0 0.053906642 0.014348169 0.04229965 0.010924631 0.0 0.0 0.0 0.06909399 0.012203792 0.0 0.0 0.010054608 0.0 0.034975532 0.0 0.0 0.0 0.0 0.030312484 0.024378764 0.0 0.0 0.008449684
0.0 0.09217474 0.12930582 0.016060071 0.0 0.049114395 0.057402823 0.0 0.031453528 0.0 0.0074144662 0.0 0.0736076 0.0 0.0 0.0 0.0 0.10180669 0.06462685 0.0 0.0 0.0 0.0 0.0 0.0 0.0 0.00054465426 0.0 0.012516415 0.027600251 0.0044141547 0.033912882 0.0 0.02747498 0.0 0.0 0.0 0.0 0.053609367 0.0 0.004490035 0.0 0.06667225 0.041226458 0.0 0.0 0.027553154 0.0 0.0 0.07815135 0.0 0.0 0.09833395 0.02499351 0.0 0.0
0.04235824 0.049991876 0.0 0.0 0.0 0.0 0.0 0.07434184 0.0 0.0 0.0 0.0 0.0 0.061607238 0.0 0.0 0.0 0.0 0.0 0.0 0.0 0.03412428 0.1329377 0.13499935 0.0 0.028125908 0.0034695345 0.14607418 0.0 0.0 0.0 0.0 0.0 0.018739305 0.019534932 0.0 0.0 0.0 0.0027921505 0.032043364 0.0 0.0 0.0 0.004531172 0.036264766 0.0 0.0 0.038402453 0.0 0.020254059 0.07384586 0.06818617 0.0 0.0 0.035198044 0.0
0.0045428174 0.0 0.027027486 0.0 0.020625293 0.0 0.0 0.0016605997 0.095048845 0.0 0.09550946 0.0 0.0013226408 0.0 0.017946819 0.0 0.0 0.0 0.023030806 0.0 0.0 0.002040917 0.0 0.0 0.007648749 0.0039381543 0.0 0.0 0.0 0.0 0.053906642 0.027474983 0.018739305 0.0 0.044869438 0.061738294 0.051741567 0.06652904 0.0 0.01513593 0.0 0.00455579 0.0 0.034937236 0.021534814 0.0006215855 0.11751082 0.0 0.0 0.023912871 0.0 0.0 0.0021601703 0.0 0.0 0.0
0.0019135602 0.0 0.0011362113 0.098122306 0.0117858155 0.0 0.0 0.0 0.0 0.0558742 0.04368256 0.030132784 0.009639458 0.0 0.09850999 0.09218774 0.08721405 0.025434656 0.05121445 0.01959897 0.04559897 0.0030443429 0.0 0.007537522 0.0 0.0 0.04829452 0.0 0.0 0.022661936 0.014348168 0.0 0.019534932 0.044869438 0.0 0.0025442215 0.011991494 0.06397623 0.111701 0.036872037 0.0 0.0387628 0.0 0.0004330316 0.043258656 0.0 0.0 0.033527322 0.049839735 0.0 0.0 0.0042801974 0.0 0.0 0.04959325 0.0
0.0 0.006215921 0.0 0.0 0.0 0.0 0.12632556 0.019338481 0.006183586 0.0075976853 0.0 0.0 0.024240077 0.017404063 0.041830096 0.0 0.010534812 0.0 0.0 0.0 0.0 0.0 0.0 0.05349959 0.0 0.005823462 0.0 0.011779218 0.041024216 0.0 0.042299647 0.0 0.0 0.061738297 0.0025442217 0.0 0.005926055 0.0 0.0 0.034432646 0.013058367 0.008794093 0.0075280555 0.0 0.0 0.0 0.0 0.0 0.0 0.04043036 0.0 0.12791894 0.0 0.13982943 0.0 0.025404876
0.008892492 0.0 0.045051824 0.0 0.0 0.0 0.10264485 0.01302424 0.0 0.025771888 0.0 0.0014380751 0.0 0.0 0.0 0.0 0.0471058 0.02620453 0.056893338 0.0 0.0 0.027588537 0.0 0.023748176 0.0 0.0 0.0014809488 0.019345365 0.13908012 0.070855014 0.010924631 0.0 0.0 0.051741567 0.011991493 0.005926055 0.09956488 0.03951344 0.0020615184 0.0 0.0 0.05037001 0.0019401849 0.0 0.0 0.0 0.067914546 0.0 0.013604396 0.0 0.0 0.0 0.00860269 0.011239994 0.010713049 0.11644064
0.008784502 0.0019562556 0.0052704685 0.0 0.0 0.0 0.0046253884 0.0329761 0.013908719 0.057834495 0.0 0.0 0.012489122 0.044665314 0.0 0.0076833973 0.0 0.04435148 0.0 0.0 0.0 0.0 0.02237064 0.0066018617 0.0 0.06835156 0.0 0.007926267 0.025798663 0.0 0.0 0.0 0.0 0.06652905 0.06397623 0.0 0.03951344 0.0 0.010856613 0.012920341 0.06787434 0.016228704 0.015688622 0.10607593 0.0031247912 0.0 0.0 0.0 0.0 0.05045424 0.0 0.077449344 0.0 0.0731593 0.0 0.079665616
0.01963047 0.0 0.008128437 0.017243003 0.0 0.019301299 0.0 0.012556071 0.008472781 0.01657559 0.0 0.0 0.0002454128 0.029359983 0.0011472665 0.0 0.0020629652 0.015709622 0.0 0.0 0.0 0.0 0.05310317 0.07631546 0.09116063 0.013517248 0.0129973525 0.04858761 0.0 0.0 0.0 0.053609367 0.0027921502 0.0 0.111701 0.0 0.0020615184 0.010856613 0.07209043 0.022166835 0.027744384 0.0 0.0 0.05443746 0.0 0.042903084 0.00891694 0.0 0.0 0.024091223 0.0 0.0 0.00546632 0.090660416 0.016828543 0.0
0.048063174 0.0 0.0 0.036102038 0.0 0.008916008 0.0 0.048512213 0.043434057 0.0 0.0 0.031877395 0.015518115 0.012707067 0.10604412 0.0 0.026039153 0.0 0.013198587 0.0 0.040823758 0.00559208 0.0 0.0 0.0006244422 0.0068225847 0.0 0.023025557 0.14563559 0.019669905 0.0 0.0 0.032043364 0.01513593 0.036872037 0.034432646 0.0 0.012920342 0.022166835 0.0 0.005932508 0.041098446 0.015937027 0.0 0.0 0.0 0.0 0.0 0.006884929 0.01724266 0.0 0.035105858 0.007384422 0.029154597 0.0 0.04636034
0.0 0.042216327 0.04623134 0.1719718 0.05578054 0.0 0.0 0.007939071 0.0 0.0 0.029846998 0.015959885 0.02437996 0.0 0.08200415 0.0 0.0 0.009724926 0.026280371 0.005173162 0.048133202 0.04598916 0.0 0.0 0.04410661 0.001854854 0.015379195 0.022983802 0.0 0.029881364 0.06909399 0.004490035 0.0 0.0 0.0 0.013058368 0.0 0.06787434 0.027744384 0.0059325085 0.0 0.004062607 0.032857377 0.003338798 0.0 0.033953257 0.0 0.028529814 0.017479792 0.0 0.035873916 0.0 0.028993381 0.035333533 0.0 0.0
0.023265835 0.021490268 0.0 0.0 0.0 0.0 0.0 0.038004145 0.0 0.10380002 0.0 0.0 0.0052033192 0.0052514365 0.017096693 0.08470357 0.0 0.0 0.0 0.028624976 0.0 0.0 0.038582765 0.0036852944 0.0 0.007946971 0.0 0.002523275 0.0 0.0 0.012203791 0.0 0.0 0.00455579 0.0387628 0.008794093 0.05037001 0.016228702 0.0 0.041098446 0.0040626074 0.0 0.0 0.00038628385 0.115441635 0.0 0.0 0.10466345 0.0 0.050200474 0.030179508 0.038640518 0.0 0.0 0.055752307 0.04512994
0.010991947 0.0 0.04270251 0.0 0.056740176 0.0 0.026155448 0.0 0.10655511 0.002563628 0.0 0.0 0.0 0.0 0.0 0.0 0.0035611228 0.0 0.008416361 0.017053695 0.0 0.0 0.0061087725 0.053120546 0.108881734 0.000943785 0.0 0.0 0.0 0.0 0.0 0.06667226 0.0 0.0 0.0 0.0075280555 0.0019401849 0.015688622 0.0 0.015937027 0.03285738 0.0 0.0 0.0 0.0 0.05314442 0.051067587 0.0 0.0 0.0 0.0 0.042611573 0.042465072 0.023802465 0.0025819463 0.0
0.0 0.0 0.029728562 0.016131643 0.032647032 0.07553636 0.023752527 0.027257359 0.06319816 0.0 0.14094701 0.031714484 0.0025372705 0.0 0.012691918 0.020594448 0.007145819 0.05678618 0.044510026 0.0024950807 0.0 0.0 0.009789032 0.0 0.023778258 0.0064525004 0.0 0.0 0.0 0.016573273 0.0 0.041226458 0.004531172 0.034937233 0.00043303156 0.0 0.0 0.106075935 0.054437455 0.0 0.003338798 0.00038628382 0.0 0.007619175 0.008208167 0.03401948 0.0 0.037507035 0.018972753 0.0 0.0 0.0 0.063433975 0.038305335 0.0 0.0
0.0 0.0 0.004970285 0.0 0.0 0.0020738062 0.0 0.0 0.006702013 0.10112883 0.0 0.107548006 0.0 0.021725886 0.01890948 0.025275713 0.075718425 0.0 0.0034608531 0.0 0.041987248 0.020465195 0.0 0.0 0.0 0.0 0.012816547 0.084074944 0.080325425 0.0022948338 0.010054608 0.0 0.03626477 0.021534812 0.043258656 0.0 0.0 0.0031247912 0.0 0.0 0.0 0.11544164 0.0 0.008208167 0.0 0.0 0.035742365 0.0 0.0045162844 0.020127688 0.0 0.006372585 0.0 0.0 0.033511624 0.042762283
0.0 0.09953412 0.049619008 0.0 0.0019974278 0.10241976 0.0 0.040332995 0.018700823 0.0 0.07732967 0.0 0.015469814 0.0 0.0 0.0 0.0 0.057233453 0.0 0.007277583 0.0 0.030035282 0.03720052 0.0061331033 0.007548117 0.0 0.0 0.0 0.0 0.0 0.0 0.0 0.0 0.00062158547 0.0 0.0 0.0 0.0 0.042903084 0.0 0.033953257 0.0 0.05314442 0.034019485 0.0 0.057158053 0.0 0.0 0.014629334 0.0 0.04846018 0.023131147 0.024230048 0.0 0.011458378 0.0
0.0 0.0 0.01426963 0.0 0.0 0.015402669 0.037193652 0.0 0.0 0.0 0.0 0.0 0.002372124 0.0 0.024045356 0.032135803 0.0 0.0 0.0 0.113107905 0.0 0.0 0.0 0.0 0.10960708 0.0 0.0 0.0 0.0 0.0 0.034975532 0.027553154 0.0 0.117510825 0.0 0.0 0.067914546 0.0 0.00891694 0.0 0.0 0.0 0.051067587 0.0 0.035742365 0.0 0.037453204 0.0 0.0 0.11197585 0.0 0.0 0.03432855 0.0 0.0 0.0
0.020862063 0.0 0.025893152 0.0 0.0 0.0 0.0 0.060379945 0.0 0.008317345 0.0 0.0 0.0 0.0 0.0 0.0027723298 0.093408704 0.0 0.0 0.0 0.0 0.039610077 0.0 0.0 0.028542986 0.0 0.0 0.026986724 0.14022253 0.03986971 0.0 0.0 0.038402453 0.0 0.03352732 0.0 0.0 0.0 0.0 0.0 0.028529814 0.10466345 0.0 0.037507035 0.0 0.0 0.0 0.0 0.018436074 0.026123475 0.011074393 0.019031707 0.018100036 0.0 0.052100953 0.11974001
0.019439666 0.010695015 0.0 0.017394563 0.0 0.0 0.0 0.052723642 0.036499515 0.020387113 0.0 0.0 0.0 0.083837226 0.035092644 0.022977743 0.0 0.0 0.0 0.0 0.0 0.0 0.09091767 0.048717715 0.0 0.0 0.05078059 0.09690544 0.0 0.0 0.0 0.0 0.0 0.0 0.049839735 0.0 0.013604396 0.0 0.0 0.006884929 0.01747979 0.0 0.0 0.018972754 0.0045162844 0.014629334 0.0 0.018436074 0.024730831 0.0 0.10888938 0.06712429 0.0 0.0 0.069602914 0.02145684
0.025535472 0.0137605565 0.0561045 0.0 0.040947255 0.008303958 0.0 0.0 0.03098053 0.0 0.029382206 0.07313908 0.005649901 0.0 0.02706584 0.008612174 0.0 0.0 0.036254644 0.0 0.003963279 0.047982816 0.0 0.0 0.10096271 0.0 0.035528146 0.0 0.0 0.0 0.0 0.07815135 0.020254059 0.023912873 0.0 0.04043036 0.0 0.050454244 0.024091225 0.01724266 0.0 0.050200474 0.0 0.0 0.020127688 0.0 0.11197585 0.026123475 0.0 0.0 0.0 0.0 0.09889729 0.0 0.007885423 0.0
0.0 0.01598926 0.0 0.00024872474 0.0 0.02316637 0.0 0.07358982 0.008324475 0.006898785 0.0 0.015917422 0.0 0.19555879 0.0 0.02623028 0.0 0.007204102 0.0060399543 0.0 0.0 0.0 0.00070920895 0.11434513 0.0 0.020264145 0.0038486826 0.12525833 0.008461259 0.014107666 0.0 0.0 0.07384586 0.0 0.0 0.0 0.0 0.0 0.0 0.0 0.035873916 0.03017951 0.0 0.0 0.0 0.04846018 0.0 0.011074393 0.10888938 0.0 0.024226088 0.0 0.0 0.0 0.0010554192 0.020242095
0.0 0.0 0.0 0.022381812 0.0 0.0 0.054128513 0.0 0.017449185 0.0 0.01578695 0.043910418 0.0 0.0 0.06060336 0.0 0.0 0.03610696 0.009494231 0.0 0.123388715 0.0 0.0 0.0 0.0 0.0 0.0 0.009408317 0.047956184 0.10705674 0.030312484 0.0 0.06818617 0.0 0.0042801974 0.12791894 0.0 0.077449344 0.0 0.035105858 0.0 0.038640518 0.042611573 0.0 0.0063725854 0.023131147 0.0 0.019031705 0.06712429 0.0 0.0 0.07018146 0.0055387863 0.0 0.0 0.0030986466
0.004688071 0.030588126 0.0057787737 0.023562264 0.0 0.043042343 0.0 0.016608233 0.0 0.01822425 0.007510901 0.0 0.13858153 0.0 0.0 0.0 0.0 0.011747444 0.0 0.0 0.0 0.026001299 0.07002581 0.010444636 0.03606371 0.03341172 0.0046975873 0.0 0.0 0.0 0.024378764 0.09833395 0.0 0.0021601703 0.0 0.0 0.00860269 0.0 0.00546632 0.007384422 0.028993383 0.0 0.04246507 0.063433975 0.0 0.024230048 0.03432855 0.018100036 0.0 0.0988973 0.0 0.0055387863 0.0 0.046147175 0.015633408 0.0
0.0 0.0 0.0 0.0 0.16739722 0.07545511 0.0 0.0 0.013964405 0.0 0.0 0.022771215 0.004584985 0.0 0.0031437762 0.02512796 0.0 0.0 0.0 0.0 0.0 0.0 0.0 0.055307362 0.038793214 0.0 0.0 0.0 0.0 0.051094078 0.0 0.02499351 0.0 0.0 0.0 0.13982943 0.011239995 0.0731593 0.09066041 0.029154597 0.03533353 0.0 0.023802465 0.03830533 0.0 0.0 0.0 0.0 0.0 0.0 0.0 0.0 0.046147175 0.0 0.022539977 0.0
0.07490981 0.0 0.01526371 0.0047235647 0.0 0.0 0.0 0.0022597704 0.0 0.027348986 0.0 0.13310057 0.0 0.0611302 0.0032413737 0.0 0.06242471 0.0 0.0 0.0 0.0016026224 0.07557226 0.0 0.03110008 0.0 0.0 0.0428753 0.0 0.019767513 0.008874117 0.0 0.0 0.035198044 0.0 0.04959325 0.0 0.010713049 0.0 0.016828543 0.0 0.0 0.055752307 0.0025819463 0.0 0.033511624 0.011458378 0.0 0.052100953 0.069602914 0.007885422 0.0010554192 0.0 0.015633408 0.022539977 0.0 0.09419702
0.0 0.0 0.0 0.0 0.0 0.0 0.02662449 0.0 0.0 0.0 0.0 0.0 0.03382106 0.0 0.10717155 0.044822417 0.0 0.0 0.0 0.09389916 0.067252494 0.0 0.013217647 0.0 0.0 0.0 0.0 0.0 0.0 0.0 0.008449684 0.0 0.0 0.0 0.0 0.025404874 0.11644063 0.079665616 0.0 0.04636034 0.0 0.04512994 0.0 0.0 0.042762283 0.0 0.0 0.11974 0.021456841 0.0 0.020242095 0.0030986464 0.0 0.0 0.09419702 0.0
