0.0 0.0 0.0 0.0 0.064261384 0.10186807 0.0016887508 0.0 0.07469804 0.0 0.08920176 0.0 0.0 0.023445927 0.010840371 0.06241769 0.0 0.068620525 0.0 0.06518583 0.0 0.0 0.0 0.10234937 0.008396874 0.0 0.0 0.0048699463 0.0 0.0 0.15232113 0.07645968 0.0 0.0 0.0 0.0 0.0 0.0 0.10031029 0.019994164 0.032696016 0.0 0.0058390805 0.0 0.0 0.0 0.0 0.0047281506 0.0 0.0 0.011627219 0.0036271838 0.00778641 0.014681595 0.0 0.0
0.0 0.099259764 0.008008409 0.05501702 0.0 0.0 0.0 0.0 0.0 0.0 0.016070625 0.0 0.019026427 0.0 0.0008200467 0.011062513 0.08441762 0.040387817 0.0032467446 0.0 0.11125445 0.0 0.0 0.0 0.080791846 0.023826035 0.020669544 0.0 0.0 0.026980968 0.023753721 0.0 0.0 0.13156135 0.0 0.0 0.0 0.0 0.0 0.01722885 0.0 0.009728557 0.062029447 0.0 0.005410658 0.005390606 0.0 0.0 0.010159824 0.012330985 0.0 0.0 0.08269203 0.0 0.0 0.0
0.0 0.008008409 0.27212155 0.022211019 0.0 0.009827124 0.0 0.0 0.0016622954 0.04508816 0.0 0.026752153 0.0 0.028873928 0.0 0.0 0.0 0.011858774 0.17807265 0.0 0.03738656 0.0 0.0 0.0 0.0380399 0.0 0.0 0.0 0.0 0.12591663 0.0 0.0 0.025315855 0.036867775 0.0 0.0 0.0 0.0025332184 0.0 0.0 0.021638868 0.030942006 0.07874857 0.0 0.0 0.0 0.0 0.0 0.0077032507 0.0 0.0146324 0.0 0.0 0.0039977767 0.0 0.0
0.0 0.05501702 0.022211019 0.0 0.0 0.0 0.0 0.003856953 0.0 0.0 0.0 0.0 0.012912643 0.0 0.0 0.0 0.05606331 0.0 0.0 0.0 0.04206546 0.0398062 0.0 0.0 0.097745106 0.030650357 0.053358182 0.0 0.0 0.04736595 0.0 0.0 0.0 0.044106707 0.0 0.07704926 0.00050844235 0.004344841 0.0 0.0 0.0 0.1044055 0.0 0.12110501 0.06573285 0.07374741 0.0 0.0 0.0 0.0 0.0 0.0 0.060449027 0.0 0.0040182928 0.0
0.06426138 0.0 0.0 0.0 0.0 0.0 0.0 0.057099734 0.0 0.09915619 0.0 0.0 0.0 0.09872349 0.0 0.0 0.0016144131 0.0 0.0 0.0 0.0007207449 0.027053136 0.0 0.0 0.0 0.02802685 0.066096045 0.014861835 0.048142012 0.0 0.0 0.0 0.0 0.038396843 0.024441244 0.0 0.03033135 0.0 0.0 0.00807681 0.024517588 0.0 0.0 0.0 0.1468963 0.0 0.0 0.0 0.0 0.0 0.0 0.0 0.0 0.0 0.01933534 0.12135694
0.10186807 0.0 0.009827124 0.0 0.0 0.0 0.0 0.0122389905 0.0 0.0 0.0 0.009112514 0.0 0.07378393 0.0 0.0 0.0 0.0 0.0 0.0 0.0 0.062449325 0.009974479 0.0 0.0048079705 0.13712448 0.03395492 0.05907569 0.0 0.0 0.0 0.0 0.033069346 0.0033595355 0.038389277 0.0 0.0 0.0 0.0 0.08000626 0.0 0.015536138 0.0 0.01312774 0.032393288 0.0038257355 0.0 0.0 0.0 0.0 0.00016920867 0.0 0.0 0.10377907 0.0 0.043324582
0.0016887507 0.0 0.0 0.0 0.0 0.0 0.0 0.0 0.0 0.0 0.0 0.0 0.0 0.013546726 0.0 0.0 0.0 0.0 0.0 0.0074454695 0.0 0.0 0.16270582 0.027712928 0.0 0.055027526 0.061729625 0.021880856 0.0 0.0 0.0 0.030318981 0.0151943825 0.0 0.024455493 0.0 0.0 0.0 0.0 0.07144839 0.0 0.0 0.0 0.029214859 0.0 0.014228435 0.0 0.032088067 0.0 0.0 0.13260625 0.0 0.0 0.0 0.009655619 0.0
0.0 0.0 0.0 0.0038569528 0.057099734 0.0122389905 0.0 0.0 0.12381494 0.012107523 0.116671115 0.0 0.0 0.0 0.058193307 0.0 0.016392289 0.011069544 0.0 0.04091676 0.009748286 0.0 0.09091494 0.06273264 0.0 0.0 0.0 0.003739458 0.0 0.0 0.0 0.063379 0.0025658833 0.0 0.0 0.0 0.052906163 0.0 0.08899732 0.0 0.0 0.0 0.0 0.0 0.0030585087 0.0 0.0 0.032241374 0.011560344 0.00842669 0.03338864 0.08979955 0.011233848 0.0 0.0 0.0
0.07469804 0.0 0.0016622954 0.0 0.0 0.0 0.0 0.12381495 0.0 0.010593851 0.0 0.0 0.02930139 0.13329026 0.0 0.0 0.024419278 0.0 0.0 0.0 0.0 0.0 0.0 0.0 0.0 0.0 0.0 0.036887705 0.08644409 0.018324649 0.0 0.0 0.0 0.06634309 0.065402806 0.034178745 0.0047397343 0.0 0.0 0.0 0.05409689 0.0 0.0 0.0 0.02236624 0.0016352173 0.0 0.0 0.0 0.0 0.0 0.06958983 0.0 0.011432393 0.04446047 0.1779832
0.0 0.0 0.045088157 0.0 0.09915619 0.0 0.0 0.012107523 0.01059385 0.0 0.11395288 0.0 0.0005790804 0.0 0.01362237 0.06652646 0.0 0.07742569 0.0 0.2271422 0.0 0.0 0.0064254585 0.022574507 0.0 0.0 0.0010820217 0.0 0.0 0.0 0.026774816 0.017477997 0.0 0.0 0.0 0.0 0.003241867 0.0 0.0 0.0 0.0 0.0 0.0 0.0 0.0 0.0 0.0056831976 0.055184238 0.0 0.0 0.05006909 0.029315777 0.0 0.0 0.0 0.0
0.089201756 0.016070625 0.0 0.0 0.0 0.0 0.0 0.11667112 0.0 0.11395289 0.0 0.0 0.07507771 0.03484278 0.0 0.00537366 0.0 0.020566145 0.0 0.0076198755 0.008143679 0.0 0.04831173 0.0 0.0 0.0127356285 0.0 0.007561719 0.019167582 0.0 0.0 0.0 0.0028370314 0.0 0.04689782 0.0 0.10427819 0.011334916 0.0 0.016533328 0.013467402 0.0 0.0 0.0034430348 0.0538237 0.0 0.0 0.13798448 0.0 0.0026016454 0.0 0.0 0.0 0.005942442 0.030035462 0.0
0.0 0.0 0.026752153 0.0 0.0 0.009112515 0.0 0.0 0.0 0.0 0.0 0.0 0.0073494087 0.03636266 0.0 0.012886692 0.036927752 0.0 0.05303669 0.0 0.009650355 0.0 0.0 0.0 0.0 0.05084994 0.0 0.042122878 0.0 0.0 0.0 0.0 0.06418914 0.06255594 0.005807778 0.064831465 0.0018692034 0.073144 0.0 0.009394032 0.034788456 0.0 0.0 0.031549297 0.0 0.069210835 0.0 0.03780753 0.0695249 0.0 0.016374929 0.0 0.0 0.0 0.0 0.0
0.0 0.019026427 0.0 0.012912644 0.0 0.0 0.0 0.0 0.02930139 0.00057908037 0.07507771 0.0073494087 0.056428432 0.0 0.0032506473 0.0070223347 0.0 0.003019235 0.0 0.0 0.0 0.0 0.0 0.041452847 0.0 0.0 0.0 0.0 0.039587352 0.053275447 0.0 0.10383085 0.0 0.017715728 0.03321319 0.07137833 0.06460152 0.037375323 0.0 0.0 0.0 0.036546525 0.03897106 0.0 0.0 0.041812945 0.17182659 0.0 0.009336526 0.0 0.007040613 0.037764497 0.0 0.0 0.0 0.0
0.023445925 0.0 0.028873928 0.0 0.09872349 0.07378393 0.013546725 0.0 0.13329026 0.0 0.034842785 0.036362663 0.0 0.0 0.04676115 0.0 0.0 0.02450185 0.014357215 0.031556867 0.0 0.0028812774 0.0 0.027804844 0.0 0.0 0.0 0.0 0.0 0.021919604 0.034935445 0.032748345 0.033280022 0.0 0.012892894 0.0222024 0.013664729 0.13485175 0.06071078 0.0026891602 0.0 0.003925042 0.0 0.036406368 0.0 0.0025053022 0.0018029315 0.0 0.0 0.0 0.0 0.015327118 0.026967391 0.0 0.003259942 0.0
0.010840372 0.00082004664 0.0 0.0 0.0 0.0 0.0 0.05819331 0.0 0.013622369 0.0 0.0 0.0032506473 0.04676115 0.033917543 0.016299695 0.0 0.0 0.0 0.022104384 0.0 0.0 0.119328775 0.0 0.0 0.015213979 0.033372637 0.046056937 0.0 0.019945908 0.04532933 0.0 0.0 0.0 0.09437973 0.03776118 0.04968519 0.0 0.0 0.043027338 0.028152807 0.0 0.0 0.019545823 0.02300407 0.024138493 0.0 0.06754037 0.0 0.0 0.107961774 0.0008927267 0.0 0.0 0.09388597 0.005496119
0.062417686 0.011062513 0.0 0.0 0.0 0.0 0.0 0.0 0.0 0.066526465 0.00537366 0.012886692 0.0070223347 0.0 0.016299695 0.0 0.018020205 0.031162504 0.0 0.009251428 0.0 0.0 0.0 0.0 0.0 0.0 0.0 0.0 0.0 0.02529544 0.0 0.0 0.0 0.0 0.10161911 0.009044728 0.044626918 0.024701864 0.0 0.008838458 0.009210055 0.0 0.05197065 0.010106016 0.0 0.13693024 0.09750942 0.0 0.0 0.0 0.0 0.0 0.059570257 0.094389975 0.0 0.009554767
0.0 0.08441762 0.0 0.056063306 0.0016144131 0.0 0.0 0.016392289 0.024419278 0.0 0.0 0.036927756 0.0 0.0 0.0 0.018020205 0.14214432 0.013682096 0.0 0.0 0.04452137 0.0 0.0 0.036735844 0.025818717 0.0 0.0 0.0 0.0 0.015407826 0.0 0.0 0.07941841 0.015482976 0.0 0.2162612 0.012639435 0.04857812 0.0042672413 0.028008485 0.0 0.0 0.007823701 0.0 0.0 0.073196486 0.0 0.0 0.01056481 0.0 0.0 0.0 0.0 0.0 0.0 0.0
0.06862053 0.040387817 0.011858774 0.0 0.0 0.0 0.0 0.011069544 0.0 0.07742569 0.020566145 0.0 0.003019235 0.02450185 0.0 0.031162502 0.013682095 0.0 0.049707204 0.0 0.013918188 0.06452725 0.0025122585 0.0 0.0 0.015724277 0.02578518 0.0 0.049985994 0.050115623 0.0 0.0 0.07510179 0.029123139 0.0 0.0 0.0038414348 0.0 0.0 0.0 0.0 0.0 0.07845755 0.0 0.13277683 0.04269602 0.0063464125 0.046563447 0.010775278 0.0 0.0 0.0 0.0 0.0 0.0 0.0
0.0 0.0032467446 0.17807265 0.0 0.0 0.0 0.0 0.0 0.0 0.0 0.0 0.053036693 0.0 0.014357217 0.0 0.0 0.0 0.049707208 0.0 0.0 0.048625458 0.030714035 0.0 0.0 0.020900052 0.0 0.008022916 0.0 0.099589616 0.14844774 0.0 0.0 0.0153861595 0.017047763 0.0 0.0 0.0 0.0 0.0 0.0 0.0 0.0 0.06975221 0.04904046 0.0 0.023316123 0.0063169156 0.0 0.0055192863 0.037944183 0.0 0.0 0.014898289 0.0 0.0 0.07600502
0.06518582 0.0 0.0 0.0 0.0 0.0 0.007445469 0.040916756 0.0 0.22714218 0.007619875 0.0 0.0 0.031556867 0.022104384 0.009251429 0.0 0.0 0.0 0.0 0.0 0.0 0.054464594 0.025488112 0.008635106 0.019683339 0.029671311 0.05373007 0.0 0.0132828895 0.0 0.0 0.015202147 0.0 0.030326776 0.0 0.14499836 0.0 0.0 0.0 0.027017748 0.0 0.0 0.0 0.030444667 0.0 0.0 0.066084035 0.0 0.0 0.06203263 0.008625354 0.0 0.026733097 0.013058809 0.0
0.0 0.111254446 0.037386563 0.042065457 0.00072074495 0.0 0.0 0.009748286 0.0 0.0 0.00814368 0.009650355 0.0 0.0 0.0 0.0 0.04452137 0.0139181875 0.048625458 0.0 0.0 0.092762284 0.0 0.0 0.09365194 0.032386795 0.0 0.0062243873 0.0 0.04883753 0.0 0.0 0.013863936 0.018971374 0.0 0.010044639 0.0 0.0 0.0 0.034866285 0.0 0.11615921 0.0 0.0 0.007944987 0.068639256 0.09790917 0.012674338 0.017257331 0.07925868 0.0 0.0 0.03147846 0.0027857975 0.017514583 0.0
0.0 0.0 0.0 0.0398062 0.027053135 0.062449325 0.0 0.0 0.0 0.0 0.0 0.0 0.0 0.0028812774 0.0 0.0 0.0 0.06452725 0.030714035 0.0 0.092762284 0.07942066 0.03672584 0.0 0.0 0.0 0.039934736 0.0 0.0 0.0 0.049771633 0.0 0.024777915 0.0 0.0 0.0 0.0 0.031797107 0.016811164 0.03394852 0.0 0.0 0.020728782 0.018139135 0.0 0.047238097 0.0 0.035281736 0.025062079 0.0 0.050372723 0.0 0.05033239 0.0 0.010787299 0.0
0.0 0.0 0.0 0.0 0.0 0.009974479 0.16270582 0.09091494 0.0 0.0064254585 0.04831173 0.0 0.0 0.0 0.119328775 0.0 0.0 0.0025122587 0.0 0.054464594 0.0 0.03672584 0.0 0.0 0.0 0.013488877 0.0 0.12676403 0.0 0.0 0.0 0.002944351 0.0 0.0 0.0 0.0 0.059557874 0.05503263 0.0 0.0 0.054508433 0.05563145 0.0 0.0 0.0334803 0.0 0.034259066 0.004942102 0.014114791 0.0 0.0 0.07756417 0.0 0.11491482 0.0 0.010136371
0.10234937 0.0 0.0 0.0 0.0 0.0 0.027712926 0.06273264 0.0 0.022574507 0.0 0.0 0.041452844 0.027804842 0.0 0.0 0.036735844 0.0 0.0 0.025488112 0.0 0.0 0.0 0.0 0.0 0.0 0.0 0.0032160233 0.07991788 0.0013827684 0.0 0.0 0.0 0.0 0.10603868 0.0058037336 0.039923206 0.0 0.011542212 0.03472933 0.041445244 0.0 0.0 0.0 0.040848754 0.0 0.0 0.055831976 0.0 0.039292786 0.0109887095 0.077637464 0.0 0.0 0.04989363 0.13959168
0.008396873 0.080791846 0.0380399 0.097745106 0.0 0.0048079705 0.0 0.0 0.0 0.0 0.0 0.0 0.0 0.0 0.0 0.0 0.025818717 0.0 0.02090005 0.008635106 0.09365194 0.0 0.0 0.0 0.09498564 0.0927367 0.1342401 0.0 0.0 0.04447932 0.0 0.0 0.08927187 0.061981395 0.0 0.0055775205 0.0 0.046837337 0.0 0.0 0.0 0.0 0.0 0.01914614 0.01661585 0.019172505 0.0059456336 0.0 0.011404377 0.036703326 0.0 0.0 0.04037935 0.007778479 0.05211198 0.0
0.0 0.023826035 0.0 0.030650355 0.028026853 0.13712448 0.055027526 0.0 0.0 0.0 0.012735628 0.050849944 0.0 0.0 0.015213979 0.0 0.0 0.015724277 0.0 0.019683337 0.032386795 0.0 0.013488877 0.0 0.0927367 0.0 0.011775444 0.0 0.0 0.035381787 0.06989886 0.04520495 0.008434766 0.0 0.0 0.0 0.0 0.0 0.17834207 0.0 0.0 0.019381791 0.0 0.05593477 0.0 0.0 0.024256226 0.014170257 0.10029749 0.0 0.0 0.0 0.0 0.0 0.0 0.0
0.0 0.020669544 0.0 0.053358186 0.066096045 0.03395492 0.061729625 0.0 0.0 0.0010820217 0.0 0.0 0.0 0.0 0.033372637 0.0 0.0 0.02578518 0.008022915 0.029671311 0.0 0.039934732 0.0 0.0 0.13424009 0.011775444 0.048593126 0.0 0.0 0.0 0.0 0.0013549248 0.033941243 0.020899372 0.0 0.0 0.0 0.0 0.0 0.034648787 0.014232078 0.0 0.04123018 0.04965523 0.05243616 0.0045986413 0.026785959 0.06418892 0.076942064 0.0027549136 0.0 0.0 0.09555697 0.033821117 0.03569138 0.0
0.0048699463 0.0 0.0 0.0 0.014861835 0.059075695 0.021880854 0.003739458 0.03688771 0.0 0.0075617195 0.042122878 0.0 0.0 0.046056937 0.0 0.0 0.0 0.0 0.05373007 0.006224387 0.0 0.12676404 0.0032160233 0.0 0.0 0.0 0.0 0.0 0.022775713 0.0 0.07773901 0.0 0.0 0.0567203 0.0 0.039495215 0.0 0.0064655277 0.009132624 0.04533725 0.0 0.0 0.0 0.0 0.039837837 0.0 0.02891229 0.06526894 0.0 0.0 0.07250854 0.0 0.035525966 0.04417527 0.0
0.0 0.0 0.0 0.0 0.04814201 0.0 0.0 0.0 0.08644409 0.0 0.019167583 0.0 0.039587352 0.0 0.0 0.0 0.0 0.04998599 0.099589616 0.0 0.0 0.0 0.0 0.07991787 0.0 0.0 0.0 0.0 0.20712197 0.0 0.0 0.04780551 0.0 0.011733461 0.0033793254 0.021780314 0.0 0.0 0.0 0.0 0.0 0.0 0.08438398 0.0 0.0 0.0 0.01649551 0.0 0.0 0.0 0.0 0.0 0.0 0.0 0.0 0.0634398
0.0 0.02698097 0.12591663 0.04736595 0.0 0.0 0.0 0.0 0.018324649 0.0 0.0 0.0 0.053275447 0.021919604 0.019945908 0.02529544 0.015407826 0.050115623 0.14844774 0.01328289 0.04883753 0.0 0.0 0.0013827683 0.04447932 0.03538179 0.0 0.022775713 0.0 0.0 0.03650083 0.0 0.018233428 0.0 0.0 0.0 0.0 0.0152773 0.0 0.007884592 0.0 0.07922098 0.053022742 0.007263245 0.0 0.009634196 0.0 0.0 0.0 0.04342971 0.0 0.0 0.0 0.007984763 0.0 0.0
0.15232113 0.023753721 0.0 0.0 0.0 0.0 0.0 0.0 0.0 0.026774816 0.0 0.0 0.0 0.034935445 0.04532933 0.0 0.0 0.0 0.0 0.0 0.0 0.049771633 0.0 0.0 0.0 0.06989885 0.0 0.0 0.0 0.03650083 0.0 0.0 0.0 0.044104416 0.07158294 0.0 0.033840396 0.0 0.0 0.013058104 0.028001644 0.08754364 0.0 0.055572003 0.1263228 0.023157828 0.0069184443 0.026669933 0.0 0.0 0.0 0.0 0.0 0.010356574 0.0 0.0017797543
0.07645968 0.0 0.0 0.0 0.0 0.0 0.030318981 0.063379 0.0 0.017477997 0.0 0.0 0.10383085 0.032748345 0.0 0.0 0.0 0.0 0.0 0.0 0.0 0.0 0.002944351 0.0 0.0 0.045204945 0.0013549248 0.07773901 0.04780551 0.0 0.0 0.0 0.0 0.037648812 0.10275417 0.0 0.04906843 0.0 0.0 0.0 0.018681925 0.0 0.02534015 0.02265193 0.08680796 0.0 0.0 0.0 0.0 0.054326203 0.0 0.05220048 0.0 0.016126247 0.008195777 0.026741391
0.0 0.0 0.025315857 0.0 0.0 0.03306935 0.0151943825 0.0025658833 0.0 0.0 0.0028370316 0.06418914 0.0 0.033280026 0.0 0.0 0.07941841 0.07510179 0.01538616 0.015202148 0.013863936 0.024777915 0.0 0.0 0.08927187 0.008434766 0.033941243 0.0 0.0 0.018233428 0.0 0.0 0.0 0.03522746 0.041600265 0.042394765 0.0 0.031588867 0.0 0.0 0.059039354 0.024355011 0.0 0.07553385 0.0 0.06933218 0.0 0.0 0.06093231 0.039015528 0.0 0.0033604272 0.123500764 0.0 0.012935919 0.0
0.0 0.13156135 0.036867775 0.044106707 0.038396843 0.0033595355 0.0 0.0 0.06634309 0.0 0.0 0.06255593 0.017715726 0.0 0.0 0.0 0.015482977 0.029123139 0.017047765 0.0 0.018971374 0.0 0.0 0.0 0.0619814 0.0 0.020899372 0.0 0.011733461 0.0 0.044104416 0.037648812 0.03522746 0.02845297 0.0 0.047741927 0.0 0.003405578 0.0 0.0 0.0 0.0 0.0020277577 0.0 0.0 0.0 0.0 0.0 0.029463733 0.0 0.0 0.0 0.015131922 0.0 0.0 0.0
0.0 0.0 0.0 0.0 0.024441246 0.038389273 0.024455495 0.0 0.065402806 0.0 0.04689782 0.005807778 0.03321319 0.012892894 0.09437973 0.10161911 0.0 0.0 0.0 0.030326776 0.0 0.0 0.0 0.10603869 0.0 0.0 0.0 0.056720305 0.0033793251 0.0 0.07158294 0.10275417 0.041600265 0.0 0.0 0.0 0.00032588225 0.008884627 0.014706283 0.0 0.04580205 0.0 0.0 0.0 0.0 0.0 0.0060256375 0.016531147 0.0 0.0 0.013841949 0.05365687 0.0035592054 0.0 0.010959352 0.0021011324
0.0 0.0 0.0 0.07704926 0.0 0.0 0.0 0.0 0.03417875 0.0 0.0 0.064831465 0.07137833 0.022202402 0.03776118 0.009044729 0.21626121 0.0 0.0 0.0 0.010044639 0.0 0.0 0.0058037336 0.005577521 0.0 0.0 0.0 0.021780314 0.0 0.0 0.0 0.04239477 0.047741923 0.0 0.0 0.0 0.0 0.0 0.055329148 0.0014572778 0.0 0.0 0.0 0.02945615 0.0 0.050404534 0.014081424 0.0 0.09368477 0.0 0.0 0.017387014 0.0074436218 0.0 0.0021332586
0.0 0.0 0.0 0.00050844235 0.030331349 0.0 0.0 0.052906163 0.0047397343 0.0032418673 0.1042782 0.0018692034 0.06460152 0.013664729 0.04968519 0.044626918 0.012639435 0.003841435 0.0 0.14499836 0.0 0.0 0.059557874 0.039923206 0.0 0.0 0.0 0.039495215 0.0 0.0 0.033840396 0.049068432 0.0 0.0 0.00032588225 0.0 0.09132046 0.0 0.012654707 0.017275846 0.0 0.0 0.0 0.0 0.0 0.0 0.049388062 0.0 0.0 0.0 0.0 0.0074433647 0.0 0.104860015 0.0 0.0
0.0 0.0 0.0025332181 0.004344841 0.0 0.0 0.0 0.0 0.0 0.0 0.011334916 0.073144 0.037375323 0.13485177 0.0 0.024701862 0.048578117 0.0 0.0 0.0 0.0 0.031797107 0.055032626 0.0 0.046837337 0.0 0.0 0.0 0.0 0.015277301 0.0 0.0 0.031588867 0.003405578 0.008884627 0.0 0.0 0.0 0.0 0.0 0.052086715 0.0 0.0 0.016598208 0.0250892 0.0 0.078571804 0.0 0.0 0.103467554 0.0 0.0 0.030950092 0.0019605616 0.026848834 0.052735157
0.10031028 0.0 0.0 0.0 0.0 0.0 0.0 0.08899731 0.0 0.0 0.0 0.0 0.0 0.060710784 0.0 0.0 0.0042672413 0.0 0.0 0.0 0.0 0.016811164 0.0 0.011542211 0.0 0.17834209 0.0 0.006465528 0.0 0.0 0.0 0.0 0.0 0.0 0.014706283 0.0 0.012654707 0.0 0.0 0.030058417 0.033934623 0.0057931 0.040597204 0.0 0.0 0.0 0.0 0.0 0.0 0.0 0.07728533 0.039161596 0.0 0.045986876 0.06288033 0.11107114
0.019994164 0.01722885 0.0 0.0 0.00807681 0.08000626 0.07144839 0.0 0.0 0.0 0.016533328 0.009394031 0.0 0.0026891602 0.043027334 0.008838459 0.028008485 0.0 0.0 0.0 0.034866285 0.033948515 0.0 0.03472933 0.0 0.0 0.034648787 0.009132624 0.0 0.007884592 0.013058103 0.0 0.0 0.0 0.0 0.055329144 0.017275846 0.0 0.030058416 0.033378825 0.07562508 0.071990944 0.0 0.047090642 0.0 0.004403341 0.0 0.0 0.026096733 0.0 0.0 0.054680027 0.02133046 0.06835076 0.0 0.0
0.032696016 0.0 0.021638868 0.0 0.024517588 0.0 0.0 0.0 0.05409689 0.0 0.013467402 0.03478846 0.0 0.0 0.028152807 0.009210055 0.0 0.0 0.0 0.027017748 0.0 0.0 0.054508433 0.041445244 0.0 0.0 0.014232079 0.04533725 0.0 0.0 0.028001642 0.018681927 0.059039354 0.0 0.045802046 0.0014572779 0.0 0.052086715 0.033934623 0.07562508 0.0 0.0 0.0 0.0 0.0 0.008983326 0.0 0.04297445 0.007948831 0.06651497 0.063197635 0.040848892 0.0 0.0 0.08335705 0.0
0.0 0.009728558 0.030942004 0.10440551 0.0 0.015536138 0.0 0.0 0.0 0.0 0.0 0.0 0.036546525 0.003925042 0.0 0.0 0.0 0.0 0.0 0.0 0.116159216 0.0 0.055631448 0.0 0.0 0.01938179 0.0 0.0 0.0 0.07922098 0.087543644 0.0 0.024355011 0.0 0.0 0.0 0.0 0.0 0.0057931007 0.071990944 0.0 0.0 0.019319156 0.0 0.0 0.009039484 0.0 0.026185414 0.05729437 0.0 0.07169936 0.0 0.0 0.0 0.0014008151 0.0
0.005839081 0.06202945 0.07874857 0.0 0.0 0.0 0.0 0.0 0.0 0.0 0.0 0.0 0.03897106 0.0 0.0 0.05197065 0.007823701 0.07845755 0.06975221 0.0 0.0 0.020728784 0.0 0.0 0.0 0.0 0.041230183 0.0 0.08438397 0.053022742 0.0 0.02534015 0.0 0.0020277577 0.0 0.0 0.0 0.0 0.040597204 0.0 0.0 0.019319158 0.046274167 0.0 0.0 0.017899761 0.0 0.025678957 0.0 0.0 0.0 0.0 0.037354987 0.00553383 0.010463249 0.019093364
0.0 0.0 0.0 0.12110501 0.0 0.013127739 0.029214857 0.0 0.0 0.0 0.0034430346 0.031549297 0.0 0.036406368 0.019545823 0.010106017 0.0 0.0 0.04904046 0.0 0.0 0.018139135 0.0 0.0 0.019146143 0.055934772 0.04965523 0.0 0.0 0.007263245 0.055572003 0.02265193 0.07553385 0.0 0.0 0.0 0.0 0.016598208 0.0 0.047090646 0.0 0.0 0.0 0.0 0.0 0.05200321 0.02716093 0.0 0.031514864 0.10057959 0.029773057 0.0 0.0 0.07370241 0.010209351 0.0
0.0 0.005410658 0.0 0.06573285 0.1468963 0.032393284 0.0 0.0030585087 0.022366242 0.0 0.0538237 0.0 0.0 0.0 0.02300407 0.0 0.0 0.13277684 0.0 0.030444665 0.007944987 0.0 0.033480298 0.040848754 0.01661585 0.0 0.05243616 0.0 0.0 0.0 0.12632279 0.08680796 0.0 0.0 0.0 0.029456152 0.0 0.0250892 0.0 0.0 0.0 0.0 0.0 0.0 0.0 0.00939085 0.0 0.024086276 0.02853287 0.0 0.028796082 0.0 0.0212392 0.0 0.0032989332 0.0
0.0 0.005390606 0.0 0.07374741 0.0 0.0038257358 0.014228434 0.0 0.0016352175 0.0 0.0 0.069210835 0.041812945 0.0025053024 0.024138493 0.13693024 0.073196486 0.04269602 0.023316123 0.0 0.06863925 0.047238097 0.0 0.0 0.019172506 0.0 0.004598642 0.039837837 0.0 0.009634197 0.023157826 0.0 0.06933219 0.0 0.0 0.0 0.0 0.0 0.0 0.004403341 0.008983326 0.009039483 0.017899761 0.05200321 0.00939085 0.0 0.018250093 0.010455162 0.0015594194 0.040347826 0.010571492 0.0 0.026432773 0.0 0.0 0.00013038628
0.0 0.0 0.0 0.0 0.0 0.0 0.0 0.0 0.0 0.0056831976 0.0 0.0 0.1718266 0.0018029317 0.0 0.09750942 0.0 0.006346412 0.006316915 0.0 0.09790917 0.0 0.034259066 0.0 0.0059456336 0.024256226 0.026785959 0.0 0.016495507 0.0 0.0069184448 0.0 0.0 0.0 0.006025638 0.050404534 0.049388066 0.078571804 0.0 0.0 0.0 0.0 0.0 0.02716093 0.0 0.018250091 0.0 0.0 0.0 0.0 0.0 0.0 0.0 0.0 0.0 0.008439329
0.004728151 0.0 0.0 0.0 0.0 0.0 0.032088067 0.03224137 0.0 0.055184234 0.13798448 0.037807535 0.0 0.0 0.06754038 0.0 0.0 0.046563447 0.0 0.066084035 0.012674338 0.035281736 0.004942102 0.055831976 0.0 0.014170257 0.06418892 0.02891229 0.0 0.0 0.026669933 0.0 0.0 0.0 0.016531145 0.014081424 0.0 0.0 0.0 0.0 0.04297445 0.026185414 0.025678957 0.0 0.024086276 0.010455163 0.0 0.0 0.0 0.0 0.0 0.0 0.0 0.0 0.0 0.0
0.0 0.010159825 0.007703251 0.0 0.0 0.0 0.0 0.011560344 0.0 0.0 0.0 0.0695249 0.009336525 0.0 0.0 0.0 0.01056481 0.010775279 0.0055192863 0.0 0.017257331 0.025062079 0.014114791 0.0 0.0114043765 0.10029749 0.076942064 0.06526894 0.0 0.0 0.0 0.0 0.06093231 0.029463733 0.0 0.0 0.0 0.0 0.0 0.026096733 0.007948831 0.05729437 0.0 0.031514864 0.028532872 0.0015594196 0.0 0.0 0.0 0.11679214 0.0 0.0 0.07225801 0.020477528 0.11933397 0.017661635
0.0 0.012330985 0.0 0.0 0.0 0.0 0.0 0.00842669 0.0 0.0 0.0026016457 0.0 0.0 0.0 0.0 0.0 0.0 0.0 0.037944186 0.0 0.07925867 0.0 0.0 0.039292783 0.036703326 0.0 0.0027549136 0.0 0.0 0.04342971 0.0 0.054326203 0.039015528 0.0 0.0 0.09368477 0.0 0.10346756 0.0 0.0 0.06651497 0.0 0.0 0.10057959 0.0 0.04034783 0.0 0.0 0.11679214 0.0 0.031793974 0.0 0.0 0.0 0.0016036492 0.0
0.011627219 0.0 0.0146324 0.0 0.0 0.00016920867 0.13260625 0.033388637 0.0 0.05006909 0.0 0.01637493 0.007040613 0.0 0.10796178 0.0 0.0 0.0 0.0 0.06203263 0.0 0.050372723 0.0 0.0109887095 0.0 0.0 0.0 0.0 0.0 0.0 0.0 0.0 0.0 0.0 0.0138419485 0.0 0.0 0.0 0.07728533 0.0 0.06319763 0.07169936 0.0 0.029773058 0.028796084 0.010571492 0.0 0.0 0.0 0.031793974 0.0 0.09202474 0.0039331713 0.045970388 0.03345123 0.13696031
0.0036271836 0.0 0.0 0.0 0.0 0.0 0.0 0.08979955 0.06958983 0.029315779 0.0 0.0 0.037764497 0.015327118 0.0008927267 0.0 0.0 0.0 0.0 0.008625354 0.0 0.0 0.07756417 0.07763746 0.0 0.0 0.0 0.07250854 0.0 0.0 0.0 0.05220048 0.0033604275 0.0 0.05365687 0.0 0.007443365 0.0 0.039161596 0.054680027 0.040848892 0.0 0.0 0.0 0.0 0.0 0.0 0.0 0.0 0.0 0.09202474 0.20674919 0.0 0.01184176 0.0 0.0
0.00778641 0.08269203 0.0 0.060449027 0.0 0.0 0.0 0.011233848 0.0 0.0 0.0 0.0 0.0 0.02696739 0.0 0.059570257 0.0 0.0 0.014898289 0.0 0.03147846 0.05033239 0.0 0.0 0.040379353 0.0 0.09555697 0.0 0.0 0.0 0.0 0.0 0.123500764 0.015131923 0.0035592052 0.017387012 0.0 0.030950092 0.0 0.021330459 0.0 0.0 0.037354987 0.0 0.0212392 0.026432773 0.0 0.0 0.072258 0.0 0.0039331713 0.0 0.04546306 0.0 0.062991016 0.0
0.014681596 0.0 0.003997777 0.0 0.0 0.10377907 0.0 0.0 0.0114323925 0.0 0.005942442 0.0 0.0 0.0 0.0 0.094389975 0.0 0.0 0.0 0.026733097 0.0027857977 0.0 0.11491482 0.0 0.007778479 0.0 0.033821117 0.035525966 0.0 0.007984763 0.010356574 0.016126247 0.0 0.0 0.0 0.0074436218 0.104860015 0.0019605616 0.045986872 0.06835076 0.0 0.0 0.0055338303 0.07370241 0.0 0.0 0.0 0.0 0.020477528 0.0 0.045970388 0.01184176 0.0 0.0 0.07302657 0.0
0.0 0.0 0.0 0.0040182928 0.01933534 0.0 0.009655618 0.0 0.04446047 0.0 0.03003546 0.0 0.0 0.003259942 0.09388597 0.0 0.0 0.0 0.0 0.013058808 0.017514583 0.010787299 0.0 0.049893633 0.05211198 0.0 0.035691377 0.04417527 0.0 0.0 0.0 0.008195777 0.012935919 0.0 0.010959353 0.0 0.0 0.026848836 0.06288033 0.0 0.08335705 0.0014008151 0.010463249 0.010209351 0.0032989332 0.0 0.0 0.0 0.119333975 0.0016036492 0.03345123 0.0 0.062991016 0.07302657 0.098028205 0.0
0.0 0.0 0.0 0.0 0.12135694 0.043324582 0.0 0.0 0.17798318 0.0 0.0 0.0 0.0 0.0 0.005496119 0.009554768 0.0 0.0 0.07600502 0.0 0.0 0.0 0.010136371 0.1395917 0.0 0.0 0.0 0.0 0.0634398 0.0 0.0017797544 0.026741391 0.0 0.0 0.0021011324 0.0021332586 0.0 0.052735157 0.11107115 0.0 0.0 0.0 0.019093364 0.0 0.0 0.00013038628 0.008439329 0.0 0.017661637 0.0 0.13696031 0.0 0.0 0.0 0.0 0.0
