0.0 0.0 0.0 0.05667468 0.1564414 0.0 0.0 0.0 0.0 0.0 0.0 0.0 0.0 0.0 0.0 0.08234621 0.0 0.0 0.0 0.012206596 0.014253162 0.0 0.0 0.042051155 0.0 0.1452811 0.0 0.0 0.0 0.0053643733 0.11625425 0.123499855 0.0 0.0 0.15047435 0.0 0.0 0.0 0.0 0.0 0.0 0.12584305 0.0 0.0 0.0 0.049352072 0.0 0.0 0.0 0.0 0.0 0.13740958 0.0 0.0 0.0 0.0
0.0 0.057379197 0.0 0.051854193 0.0 0.0 0.0 0.0 0.041135043 0.0 0.0 0.0324669 0.0 0.0 0.1763886 0.0 0.0 0.00643142 0.009325374 0.0 0.13444887 0.0 0.0 0.0 0.0 0.0 0.03201663 0.0 0.0 0.0 0.119138025 0.0 0.0 0.0 0.0 0.0 0.0 0.0 0.0 0.004919536 0.0 0.0 0.0 0.0 0.0 0.0 0.0 0.0 0.22114927 0.0 0.0 0.0 0.079016656 0.0 0.0 0.0
0.0 0.0 0.15036006 0.0 0.0 0.009357089 0.0 0.0 0.07925877 0.0 0.0 0.060383607 0.0 0.09399272 0.0 0.0 0.0 0.11886521 0.03850763 0.0 0.0 0.0 0.0 0.0 0.0 0.0 0.06548657 0.0 0.06352213 0.0 0.0019621218 0.019806337 0.0 0.0 0.0021062968 0.0 0.0 0.019771386 0.014228554 0.0 0.0 0.0 0.011083672 0.06537055 0.0 0.0 0.0 0.06204011 0.0717253 0.0 0.028450465 0.0 0.0 0.0 0.0151728345 0.0
0.05667468 0.051854193 0.0 0.0 0.0 0.0010119291 0.0 0.017115062 0.0 0.0 0.015791519 0.0 0.0 0.0 0.028247345 0.0 0.18283588 0.0 0.0 0.0 0.0 0.0 0.0 0.0 0.0 0.0 0.018029362 0.0 0.0 0.0 0.0 0.0 0.07434467 0.0 0.0 0.0 0.0 0.0 0.03352442 0.0 0.0 0.0 0.028266637 0.03099357 0.0 0.0 0.0 0.017731236 0.0 0.022060432 0.007467713 0.0 0.0 0.09713206 0.044885706 0.0
0.1564414 0.0 0.0 0.0 0.0 0.0 0.014639862 0.04178679 0.0 0.06600748 0.0 0.0 0.0 0.03268402 0.0 0.0 0.0 0.0 0.0 0.0 0.0 0.0 0.0 0.0 0.0 0.0 0.0 0.0 0.23382808 0.0 0.0 0.0 0.0 0.0 0.0 0.034287915 0.0 0.0 0.0 0.0 0.052553784 0.019605044 0.019641345 0.011182653 0.26097357 0.0 0.018630167 0.0 0.0 0.0 0.0 0.0 0.0 0.0 0.0 0.0
0.0 0.0 0.009357089 0.0010119291 0.0 0.0 0.0 0.0 0.0 0.0064916937 0.02611761 0.0 0.060211938 0.021666687 0.0 0.0 0.0 0.09039694 0.0 0.0 0.0 0.0 0.15605941 0.022533493 0.07872953 0.0 0.16521168 0.0 0.0 0.0 0.0 0.0 0.0 0.0 0.0 0.0 0.0 0.0 0.0 0.0 0.009443365 0.0 0.040745724 0.101884484 0.0 0.0 0.0 0.0 0.007920972 0.0 0.06688666 0.0 0.0 0.0 0.012177181 0.0
0.0 0.0 0.0 0.0 0.014639863 0.0 0.0 0.0 0.0 0.0 0.0 0.0 0.0 0.0510697 0.0 0.0 0.0 0.23134808 0.0 0.0062273326 0.0 0.12144731 0.14258109 0.0 0.0 0.0 0.13201393 0.0 0.0 0.0 0.0046786047 0.0 0.0 0.0 0.0 0.0 0.0 0.0 0.0 0.0 0.0 0.0 0.0 0.0 0.0 0.0 0.0 0.0 0.0 0.0 0.023839088 0.0 0.0 0.0848305 0.0 0.0
0.0 0.0 0.0 0.01711506 0.04178679 0.0 0.0 0.0 0.0 0.0 0.027777065 0.0 0.0 0.0 0.0 0.059670433 0.0 0.0 0.0 0.047463067 0.13471562 0.043702926 0.0 0.0 0.013487729 0.0 0.0 0.0 0.0 0.0 0.0042861244 0.11988757 0.04631078 0.0 0.00423222 0.0 0.047477465 0.030013282 0.1437119 0.0 0.0 0.0 0.0 0.0 0.0 0.2040795 0.0 0.08258948 0.0 0.0241542 0.0141627025 0.0 0.0 0.0 0.0 0.0
0.0 0.041135043 0.07925878 0.0 0.0 0.0 0.0 0.0 0.0 0.0 0.1065222 0.0 0.0061672498 0.15931109 0.0 0.0 0.0 0.00204683 0.13552399 0.0 0.01025553 0.0 0.0 0.029973729 0.0 0.0 0.0 0.0 0.0 0.0 0.0 0.0 0.0 0.0 0.0 0.01946392 0.0 0.0 0.0 0.0 0.0 0.0 0.008961586 0.0 0.0 0.0 0.0 0.0 0.0 0.02397841 0.0 0.0 0.0 0.0 0.13341783 0.0
0.0 0.0 0.0 0.0 0.06600748 0.0064916937 0.0 0.0 0.0 0.0 0.0 0.0 0.0 0.0 0.0 0.14923763 0.0 0.0043063625 0.0 0.21809582 0.0 0.082335174 0.0 0.09565066 0.0 0.029253228 0.0 0.0 0.0 0.0 0.15094429 0.0 0.0 0.0 0.07406723 0.0 0.027992338 0.0 0.0 0.0 0.0 0.0 0.0 0.0 0.0 0.22356424 0.0 0.0 0.0 0.0 0.0 0.007324906 0.0 0.0 0.0 0.0
0.0 0.0 0.0 0.015791519 0.0 0.026117608 0.0 0.027777066 0.1065222 0.0 0.03642906 0.15115651 0.0 0.0 0.0 0.0051502003 0.0 0.024076663 0.0 0.057179958 0.0 0.05919466 0.006995163 0.022309579 0.0 0.0 0.044316776 0.0 0.0 0.0 0.10015641 0.0 0.0 0.0 0.006956204 0.0 0.0 0.0 0.0 0.0 0.0 0.0 0.0 0.0 0.04055742 0.10909763 0.0 0.0 0.0 0.0 0.0 0.023311166 0.0 0.0 0.0 0.0
0.0 0.0324669 0.060383607 0.0 0.0 0.0 0.0 0.0 0.0 0.0 0.15115651 0.0 0.0 0.14600597 0.0 0.0 0.0 0.13964821 0.0 0.0 0.0 0.0 0.03261905 0.0 0.03110832 0.0 0.037224885 0.081670396 0.053814158 0.0 0.0 0.0 0.0 0.0 0.0 0.12391183 0.0 0.011263131 0.0 0.0 0.01592517 0.0 0.0 0.078016154 0.0 0.0 0.016158499 0.0 0.0 0.0 0.033416897 0.0 0.0 0.0 0.0 0.0
0.0 0.0 0.0 0.0 0.0 0.06021194 0.0 0.0 0.00616725 0.0 0.0 0.0 0.0 0.0 0.38480878 0.0 0.0 0.0 0.080317415 0.0 0.0 0.0 0.100005634 0.0 0.0 0.0 0.0 0.0 0.0 0.0 0.0 0.02673671 0.0 0.0 0.0 0.0 0.00014313012 0.07072129 0.0 0.0 0.0 0.0 0.0 0.0 0.0 0.0 0.0 0.0 0.035661906 0.0 0.09175573 0.0 0.016295485 0.046132393 0.021766342 0.0
0.0 0.0 0.09399272 0.0 0.03268402 0.021666687 0.0510697 0.0 0.15931109 0.0 0.0 0.14600597 0.0 0.0 0.0 0.0 0.16064644 0.0 0.0 0.0 0.12105745 0.030870182 0.0 0.0 0.008404226 0.0 0.0 0.0 0.0 0.0 0.0 0.12803692 0.05588749 0.016735896 0.0 0.052744593 0.0 0.0 0.12857813 0.0 0.0 0.0 0.0 0.0 0.0 0.0 0.0 0.0 0.0 0.012614913 0.0 0.0 0.0 0.0 0.0 0.0
0.0 0.17638859 0.0 0.028247345 0.0 0.0 0.0 0.0 0.0 0.0 0.0 0.0 0.38480875 0.0 0.0 0.0 0.0 0.0 0.0029122296 0.0 0.019823758 0.0 0.0 0.0 0.0 0.023186142 0.0 0.0 0.0 0.0 0.0570572 0.0 0.0 0.0 0.0 0.0 0.0 0.0 0.0 0.10896697 0.0 0.0 0.11186366 0.0 0.0 0.0 0.046367053 0.0 0.0 0.0 0.0 0.0 0.0 0.0 0.0 0.0
0.08234621 0.0 0.0 0.0 0.0 0.0 0.0 0.059670433 0.0 0.14923763 0.0051502003 0.0 0.0 0.0 0.0 0.0 0.0 0.0 0.0 0.0 0.0 0.035364978 0.0 0.00665572 0.0 0.0 0.0 0.0 0.0 0.0 0.0 0.0 0.01769272 0.046667486 0.005422041 0.0 0.10395295 0.0 0.0 0.0 0.0 0.0 0.0 0.0 0.014323455 0.0 0.0 0.036427557 0.0 0.013757378 0.025883272 0.104879454 0.0 0.0 0.033844355 0.014963005
0.0 0.0 0.0 0.18283588 0.0 0.0 0.0 0.0 0.0 0.0 0.0 0.0 0.0 0.16064644 0.0 0.0 0.0 0.0 0.0 0.0 0.013994789 0.0 0.15857163 0.0 0.0 0.017907314 0.0 0.019720836 0.0 0.0 0.0 0.0 0.0 0.0 0.0 0.0024046535 0.0 0.0 0.0 0.2338187 0.0 0.0 0.03651808 0.008187167 0.0 0.0 0.0 0.0 0.0 0.0 0.03680663 0.0 0.0 0.07545977 0.058407243 0.0
0.0 0.00643142 0.1188652 0.0 0.0 0.09039694 0.23134808 0.0 0.00204683 0.004306362 0.024076663 0.13964821 0.0 0.0 0.0 0.0 0.0 0.0 0.0 0.0 0.0 0.095080204 0.0 0.051961727 0.0 0.0 0.0 0.0 0.1434487 0.0 0.0 0.0 0.0 0.0 0.0 0.0 0.0 0.015361013 0.0 0.0 0.0 0.020262634 0.0 0.0 0.008245645 0.0013843226 0.0 0.059993476 0.0 0.0 0.0 0.0 0.0 0.0 0.0 0.0
0.0 0.009325373 0.038507633 0.0 0.0 0.0 0.0 0.0 0.13552399 0.0 0.0 0.0 0.08031742 0.0 0.0029122296 0.0 0.0 0.0 0.0 0.0 0.0 0.0 0.0 0.0 0.0 0.0 0.0 0.0 0.0 0.0 0.0 0.0 0.0 0.0 0.0 0.47303453 0.0 0.0 0.0 0.0 0.0 0.0 0.036941092 0.0 0.0 0.0 0.13546944 0.0 0.008709719 0.0 0.0 0.013342494 0.0 0.0 0.0 0.0
0.012206597 0.0 0.0 0.0 0.0 0.0 0.0062273326 0.047463067 0.0 0.21809582 0.057179958 0.0 0.0 0.0 0.0 0.0 0.0 0.0 0.0 0.0 0.0 0.0053589344 0.05860634 0.19595455 0.0 0.0 0.028780008 0.0 0.0016949545 0.0 0.0 0.0 0.0 0.0 0.023376368 0.0 0.027573248 0.039436895 0.0 0.0 0.0 0.0 0.0 0.0 0.09016975 0.0 0.0 0.0 0.0 0.0 0.0 0.14460911 0.0 0.0 0.0 0.0
0.014253162 0.13444887 0.0 0.0 0.0 0.0 0.0 0.13471562 0.01025553 0.0 0.0 0.0 0.0 0.12105745 0.019823758 0.0 0.013994789 0.0 0.0 0.0 0.0 0.0 0.0070159845 0.018458806 0.0 0.0 0.12820059 0.0 0.00949939 0.0 0.0 0.0 0.0 0.0 0.012367229 0.0 0.0 0.0 0.0 0.0 0.14461784 0.0 0.025320856 0.08940309 0.0 0.0 0.0 0.0 0.0 0.0 0.0 0.04579209 0.0 0.0 0.0 0.0
0.0 0.0 0.0 0.0 0.0 0.0 0.12144732 0.043702926 0.0 0.08233517 0.059194658 0.0 0.0 0.030870182 0.0 0.035364978 0.0 0.09508021 0.0 0.005358935 0.0 0.0 0.0 0.0 0.0 0.0 0.07427849 0.0 0.079429336 0.0 0.0 0.0 0.0 0.0 0.0 0.0 0.0 0.0 0.0 0.0 0.0 0.0 0.12008116 0.08871277 0.0082089 0.0 0.0 0.0 0.0 0.0 0.0 0.0 0.0 0.0 0.04904981 0.0
0.0 0.0 0.0 0.0 0.0 0.15605941 0.14258109 0.0 0.0 0.0 0.006995163 0.032619055 0.10000563 0.0 0.0 0.0 0.15857163 0.0 0.0 0.05860634 0.007015984 0.0 0.0 0.0 0.12567486 0.0 0.0 0.0 0.0179984 0.0 0.0 0.0 0.0 0.037102833 0.06654157 0.0 0.0 0.0 0.0 0.0 0.0 0.102373816 0.0 0.08048878 0.0122089125 0.0 0.0 0.0065435595 0.0 0.16278929 0.0 0.0012168379 0.030614084 0.0030495909 0.0 0.0
0.04205116 0.0 0.0 0.0 0.0 0.022533491 0.0 0.0 0.029973729 0.09565066 0.022309579 0.0 0.0 0.0 0.0 0.00665572 0.0 0.051961727 0.0 0.19595456 0.018458806 0.0 0.0 0.0 0.0 0.0 0.0 0.0 0.0 0.0 0.0 0.0 0.0 0.0 0.19943124 0.0 0.048732717 0.0 0.0 0.0 0.0062811184 0.20789567 0.010800688 0.0 0.028780276 0.0 0.0 0.07308684 0.0 0.0 0.0 0.0 0.0 0.0 0.0 0.0
0.0 0.0 0.0 0.0 0.0 0.07872953 0.0 0.013487729 0.0 0.0 0.0 0.03110832 0.0 0.008404226 0.0 0.0 0.0 0.0 0.0 0.0 0.0 0.0 0.12567486 0.0 0.0 0.0 0.10670189 0.0 0.0 0.0 0.0 0.06417725 0.0 0.0 0.0 0.06019954 0.0 0.1865361 0.0 0.03954953 0.0 0.0 0.078005366 0.0 0.0 0.0 0.024216851 0.0 0.0 0.0 0.0 0.0 0.0 0.0 0.14497226 0.0
0.14528112 0.0 0.0 0.0 0.0 0.0 0.0 0.0 0.0 0.029253226 0.0 0.0 0.0 0.0 0.023186142 0.0 0.017907314 0.0 0.0 0.0 0.0 0.0 0.0 0.0 0.0 0.17875858 0.0 0.0 0.0 0.0 0.0 0.0 0.121072434 0.13712169 0.024311926 0.0 0.0 0.0 0.0 0.0 0.0 0.0 0.0 0.0 0.0 0.0 0.0 0.0 0.0 0.05101625 0.0 0.0 0.0 0.18179373 0.0 0.0
0.0 0.03201663 0.06548658 0.018029362 0.0 0.16521169 0.13201393 0.0 0.0 0.0 0.04431678 0.03722488 0.0 0.0 0.0 0.0 0.0 0.0 0.0 0.028780008 0.12820059 0.07427849 0.0 0.0 0.10670188 0.0 0.0 0.0 0.008288988 0.0 0.0 0.0 0.0 0.0 0.0 0.0 0.0 0.04735356 0.0 0.0 0.0 0.08996382 0.0 0.030546337 0.0 0.0 0.060865354 0.0 0.0 0.0 0.0 0.0 0.040344127 0.06977222 0.0 0.0
0.0 0.0 0.0 0.0 0.0 0.0 0.0 0.0 0.0 0.0 0.0 0.081670396 0.0 0.0 0.0 0.0 0.019720836 0.0 0.0 0.0 0.0 0.0 0.0 0.0 0.0 0.0 0.0 0.0 0.0 0.0 0.0 0.0 0.23499733 0.11058991 0.0 0.0 0.0 0.0 0.14315654 0.0 0.0 0.0 0.0 0.0 0.0 0.0 0.0 0.0 0.0 0.2296149 0.0 0.0 0.022456123 0.0 0.0 0.006740215
0.0 0.0 0.06352213 0.0 0.2338281 0.0 0.0 0.0 0.0 0.0 0.0 0.053814154 0.0 0.0 0.0 0.0 0.0 0.1434487 0.0 0.0016949545 0.00949939 0.079429336 0.017998397 0.0 0.0 0.0 0.008288988 0.0 0.0 0.36433166 0.0 0.0 0.0 0.0 0.0 0.0 0.0 0.0 0.0 0.0 0.0 0.0 0.0 0.0 0.0 0.0 0.0 0.040510096 0.0 0.0 0.0 0.0 0.0 0.0 0.0 0.0
0.0053643733 0.0 0.0 0.0 0.0 0.0 0.0 0.0 0.0 0.0 0.0 0.0 0.0 0.0 0.0 0.0 0.0 0.0 0.0 0.0 0.0 0.0 0.0 0.0 0.0 0.0 0.0 0.0 0.36433166 0.0 0.0 0.0 0.0 0.0 0.010908938 0.0 0.017605409 0.0 0.0 0.0 0.0 0.0 0.0 0.0 0.03554951 0.0 0.0133865215 0.08330689 0.0 0.0 0.0 0.0 0.0 0.0 0.13956882 0.21838793
0.11625425 0.119138025 0.0019621216 0.0 0.0 0.0 0.0046786047 0.004286125 0.0 0.15094429 0.10015641 0.0 0.0 0.0 0.057057198 0.0 0.0 0.0 0.0 0.0 0.0 0.0 0.0 0.0 0.0 0.0 0.0 0.0 0.0 0.0 0.0 0.0 0.0 0.0 0.0 0.0 0.0 0.0 0.0 0.0 0.0 0.0 0.0 0.0 0.3478596 0.0 0.06610587 0.0 0.0 0.0 0.0 0.0071945214 0.0 0.037270017 0.0 0.0
0.123499855 0.0 0.019806337 0.0 0.0 0.0 0.0 0.11988756 0.0 0.0 0.0 0.0 0.02673671 0.12803692 0.0 0.0 0.0 0.0 0.0 0.0 0.0 0.0 0.0 0.0 0.06417725 0.0 0.0 0.0 0.0 0.0 0.0 0.012419075 0.0 0.0 0.0 0.0 0.0 0.0 0.0 0.013678161 0.085195504 0.0055421353 0.019878374 0.052838136 0.0 0.0 0.0555613 0.0 0.0 0.011319067 0.0 0.0 0.0 0.12590113 0.0 0.002737226
0.0 0.0 0.0 0.07434467 0.0 0.0 0.0 0.04631078 0.0 0.0 0.0 0.0 0.0 0.05588749 0.0 0.017692722 0.0 0.0 0.0 0.0 0.0 0.0 0.0 0.0 0.0 0.121072434 0.0 0.23499732 0.0 0.0 0.0 0.0 0.0 0.0 0.071869455 0.0 0.0 0.0 0.0 0.0 0.0 0.0 0.0 0.0 0.0 0.0 0.0 0.0 0.0 0.0 0.06975234 0.07767929 0.0 0.0 0.094726115 0.15148902
0.0 0.0 0.0 0.0 0.0 0.0 0.0 0.0 0.0 0.0 0.0 0.0 0.0 0.016735896 0.0 0.046667486 0.0 0.0 0.0 0.0 0.0 0.0 0.037102833 0.0 0.0 0.13712169 0.0 0.11058991 0.0 0.0 0.0 0.0 0.0 0.0 0.0 0.0 0.0 0.0 0.0 0.10242425 0.112059355 0.0 0.03338193 0.0 0.0 0.0 0.0 0.0 0.0 0.0 0.10271958 0.0 0.0 0.07240958 0.07455687 0.0
0.15047435 0.0 0.0021062968 0.0 0.0 0.0 0.0 0.00423222 0.0 0.07406723 0.006956204 0.0 0.0 0.0 0.0 0.005422041 0.0 0.0 0.0 0.023376368 0.012367229 0.0 0.06654157 0.19943123 0.0 0.024311926 0.0 0.0 0.0 0.010908937 0.0 0.0 0.07186946 0.0 0.05061423 0.0 0.08857907 0.0 0.009266156 0.0 0.0 0.0 0.0 0.0 0.0 0.042528342 0.0 0.021189336 0.0 0.0 0.08156113 0.06724127 0.0 0.0 0.0073886025 0.0
0.0 0.0 0.0 0.0 0.03428791 0.0 0.0 0.0 0.01946392 0.0 0.0 0.12391182 0.0 0.052744593 0.0 0.0 0.0024046532 0.0 0.47303453 0.0 0.0 0.0 0.0 0.0 0.06019954 0.0 0.0 0.0 0.0 0.0 0.0 0.0 0.0 0.0 0.0 0.0940061 0.0 0.0 0.0 0.0 0.0050262176 0.0 0.0 0.05592753 0.0 0.0 0.0 0.0 0.0 0.0 0.0 0.0 0.0 0.016821569 0.0 0.0
0.0 0.0 0.0 0.0 0.0 0.0 0.0 0.047477465 0.0 0.027992336 0.0 0.0 0.00014313012 0.0 0.0 0.10395296 0.0 0.0 0.0 0.027573248 0.0 0.0 0.0 0.048732717 0.0 0.0 0.0 0.0 0.0 0.017605409 0.0 0.0 0.0 0.0 0.088579066 0.0 0.46648213 0.0 0.0 0.0 0.0 0.0 0.0 0.0 0.0 0.0 0.0 0.0 0.0 0.0 0.0 0.09246043 0.0 0.0 0.0 0.06393908
0.0 0.0 0.019771386 0.0 0.0 0.0 0.0 0.03001328 0.0 0.0 0.0 0.011263131 0.07072129 0.0 0.0 0.0 0.0 0.015361012 0.0 0.039436895 0.0 0.0 0.0 0.0 0.1865361 0.0 0.04735356 0.0 0.0 0.0 0.0 0.0 0.0 0.0 0.0 0.0 0.0 0.0 0.0 0.0 0.109586455 0.059221562 0.0 0.011441728 0.0 0.0 0.0006806343 0.0 0.0 0.05204511 0.0 0.0082294 0.180495 0.025633559 0.0 0.0882527
0.0 0.0 0.014228554 0.03352442 0.0 0.0 0.0 0.14371188 0.0 0.0 0.0 0.0 0.0 0.12857814 0.0 0.0 0.0 0.0 0.0 0.0 0.0 0.0 0.0 0.0 0.0 0.0 0.0 0.14315654 0.0 0.0 0.0 0.0 0.0 0.0 0.009266155 0.0 0.0 0.0 0.0 0.049749516 0.2663363 0.031419333 0.031804066 0.11052873 0.0 0.0 0.0 0.003972657 0.0 0.0 0.0 0.0 0.0 0.0 0.044896673 0.027071133
0.0 0.0049195364 0.0 0.0 0.0 0.0 0.0 0.0 0.0 0.0 0.0 0.0 0.0 0.0 0.10896697 0.0 0.2338187 0.0 0.0 0.0 0.0 0.0 0.0 0.0 0.03954953 0.0 0.0 0.0 0.0 0.0 0.0 0.013678162 0.0 0.10242425 0.0 0.0 0.0 0.0 0.04974952 0.056272138 0.042644504 0.0 0.021410812 0.0 0.0 0.0 0.11439579 0.0 0.0 0.06139441 0.0 0.0 0.30029958 0.047631364 0.0 0.0
0.0 0.0 0.0 0.0 0.052553784 0.009443365 0.0 0.0 0.0 0.0 0.0 0.015925169 0.0 0.0 0.0 0.0 0.0 0.0 0.0 0.0 0.14461784 0.0 0.0 0.0062811184 0.0 0.0 0.0 0.0 0.0 0.0 0.0 0.0851955 0.0 0.11205936 0.0 0.005026218 0.0 0.10958646 0.2663363 0.042644504 0.0 0.0 0.0008889508 0.021282135 0.0 0.05537185 0.0 0.0 0.0 0.0 0.066230714 0.0 0.0077473596 0.0 0.0 0.0
0.12584305 0.0 0.0 0.0 0.019605046 0.0 0.0 0.0 0.0 0.0 0.0 0.0 0.0 0.0 0.0 0.0 0.0 0.020262633 0.0 0.0 0.0 0.0 0.102373816 0.20789567 0.0 0.0 0.08996382 0.0 0.0 0.0 0.0 0.005542135 0.0 0.0 0.0 0.0 0.0 0.059221562 0.031419333 0.0 0.0 0.0 0.0 0.0 0.0 0.02701601 0.0 0.0 0.0 0.0 0.06730222 0.026348082 0.0 0.0 0.059593517 0.0
0.0 0.0 0.011083673 0.028266637 0.019641344 0.04074572 0.0 0.0 0.008961586 0.0 0.0 0.0 0.0 0.0 0.11186366 0.0 0.03651808 0.0 0.036941092 0.0 0.025320854 0.12008116 0.0 0.010800688 0.078005366 0.0 0.0 0.0 0.0 0.0 0.0 0.019878374 0.0 0.03338193 0.0 0.0 0.0 0.0 0.031804066 0.021410812 0.0008889508 0.0 0.14991303 0.0 0.0 0.0 0.0 0.0 0.0767703 0.0 0.0 0.0 0.127928 0.0 0.0 0.0
0.0 0.0 0.065370545 0.030993568 0.011182654 0.101884484 0.0 0.0 0.0 0.0 0.0 0.078016154 0.0 0.0 0.0 0.0 0.008187167 0.0 0.0 0.0 0.08940309 0.08871277 0.08048877 0.0 0.0 0.0 0.030546337 0.0 0.0 0.0 0.0 0.052838136 0.0 0.0 0.0 0.055927526 0.0 0.011441728 0.11052874 0.0 0.021282135 0.0 0.0 0.0 0.0 0.0 0.06496022 0.07539798 0.0 0.0 0.06340923 0.0 0.0 0.0 0.0 0.0
0.0 0.0 0.0 0.0 0.26097357 0.0 0.0 0.0 0.0 0.0 0.04055742 0.0 0.0 0.0 0.0 0.014323456 0.0 0.008245645 0.0 0.09016975 0.0 0.0082089 0.012208912 0.028780276 0.0 0.0 0.0 0.0 0.0 0.035549507 0.34785962 0.0 0.0 0.0 0.0 0.0 0.0 0.0 0.0 0.0 0.0 0.0 0.0 0.0 0.0 0.1588399 0.0 0.0 0.0 0.0 0.0 0.023501381 0.0 0.0 0.0 0.0
0.049352076 0.0 0.0 0.0 0.0 0.0 0.0 0.2040795 0.0 0.22356422 0.10909763 0.0 0.0 0.0 0.0 0.0 0.0 0.0013843226 0.0 0.0 0.0 0.0 0.0 0.0 0.0 0.0 0.0 0.0 0.0 0.0 0.0 0.0 0.0 0.0 0.04252834 0.0 0.0 0.0 0.0 0.0 0.055371847 0.02701601 0.0 0.0 0.1588399 0.0 0.0 0.056426015 0.0 0.0 0.0 0.00330758 0.0 0.0 0.031147892 0.0
0.0 0.0 0.0 0.0 0.01863017 0.0 0.0 0.0 0.0 0.0 0.0 0.0161585 0.0 0.0 0.046367053 0.0 0.0 0.0 0.13546944 0.0 0.0 0.0 0.0 0.0 0.02421685 0.0 0.06086535 0.0 0.0 0.0133865215 0.06610587 0.055561297 0.0 0.0 0.0 0.0 0.0 0.0006806343 0.0 0.11439579 0.0 0.0 0.0 0.06496021 0.0 0.0 0.122634046 0.0 0.16641773 0.0 0.0 0.0 0.0 0.0 0.00043112208 0.0
0.0 0.0 0.062040105 0.017731236 0.0 0.0 0.0 0.08258948 0.0 0.0 0.0 0.0 0.0 0.0 0.0 0.036427557 0.0 0.059993476 0.0 0.0 0.0 0.0 0.00654356 0.07308684 0.0 0.0 0.0 0.0 0.040510096 0.08330689 0.0 0.0 0.0 0.0 0.021189336 0.0 0.0 0.0 0.003972657 0.0 0.0 0.0 0.0 0.075397976 0.0 0.056426015 0.0 0.19990653 0.0 0.035675287 0.0059634615 0.1192153 0.0 0.0 0.0 0.0
0.0 0.22114925 0.0717253 0.0 0.0 0.007920972 0.0 0.0 0.0 0.0 0.0 0.0 0.03566191 0.0 0.0 0.0 0.0 0.0 0.008709719 0.0 0.0 0.0 0.0 0.0 0.0 0.0 0.0 0.0 0.0 0.0 0.0 0.0 0.0 0.0 0.0 0.0 0.0 0.0 0.0 0.0 0.0 0.0 0.0767703 0.0 0.0 0.0 0.16641775 0.0 0.10371778 0.0 0.0 0.0 0.0 0.0 0.0 0.35564083
0.0 0.0 0.0 0.022060432 0.0 0.0 0.0 0.0241542 0.023978408 0.0 0.0 0.0 0.0 0.012614913 0.0 0.013757378 0.0 0.0 0.0 0.0 0.0 0.0 0.16278929 0.0 0.0 0.05101625 0.0 0.2296149 0.0 0.0 0.0 0.011319067 0.0 0.0 0.0 0.0 0.0 0.05204511 0.0 0.061394412 0.0 0.0 0.0 0.0 0.0 0.0 0.0 0.03567529 0.0 0.0 0.10213171 0.07695311 0.0 0.0 0.17271367 0.0
0.0 0.0 0.028450467 0.0074677137 0.0 0.06688666 0.023839086 0.0141627025 0.0 0.0 0.0 0.0334169 0.09175573 0.0 0.0 0.02588327 0.03680663 0.0 0.0 0.0 0.0 0.0 0.0 0.0 0.0 0.0 0.0 0.0 0.0 0.0 0.0 0.0 0.069752336 0.10271958 0.08156113 0.0 0.0 0.0 0.0 0.0 0.066230714 0.06730221 0.0 0.06340924 0.0 0.0 0.0 0.0059634615 0.0 0.10213171 0.05410782 0.016601214 0.15250288 0.088874236 0.0 0.0060452004
0.13740957 0.0 0.0 0.0 0.0 0.0 0.0 0.0 0.0 0.007324906 0.023311166 0.0 0.0 0.0 0.0 0.10487945 0.0 0.0 0.013342493 0.14460912 0.04579209 0.0 0.0012168378 0.0 0.0 0.0 0.0 0.0 0.0 0.0 0.0071945214 0.0 0.07767929 0.0 0.06724126 0.0 0.09246044 0.0082294 0.0 0.0 0.0 0.026348082 0.0 0.0 0.023501381 0.00330758 0.0 0.1192153 0.0 0.07695311 0.016601214 0.04618337 0.0 0.0 0.0 0.0
0.0 0.079016656 0.0 0.0 0.0 0.0 0.0 0.0 0.0 0.0 0.0 0.0 0.016295483 0.0 0.0 0.0 0.0 0.0 0.0 0.0 0.0 0.0 0.030614084 0.0 0.0 0.0 0.040344127 0.022456123 0.0 0.0 0.0 0.0 0.0 0.0 0.0 0.0 0.0 0.18049498 0.0 0.30029958 0.0077473596 0.0 0.12792799 0.0 0.0 0.0 0.0 0.0 0.0 0.0 0.15250288 0.0 0.0 0.0 0.024245981 0.0
0.0 0.0 0.0 0.09713206 0.0 0.0 0.08483051 0.0 0.0 0.0 0.0 0.0 0.04613239 0.0 0.0 0.0 0.07545977 0.0 0.0 0.0 0.0 0.0 0.0030495909 0.0 0.0 0.18179373 0.06977221 0.0 0.0 0.0 0.037270017 0.12590113 0.0 0.07240958 0.0 0.016821569 0.0 0.025633557 0.0 0.04763136 0.0 0.0 0.0 0.0 0.0 0.0 0.0 0.0 0.0 0.0 0.088874236 0.0 0.0 0.0 0.0 0.0
0.0 0.0 0.015172834 0.044885702 0.0 0.012177182 0.0 0.0 0.13341781 0.0 0.0 0.0 0.021766342 0.0 0.0 0.03384436 0.05840724 0.0 0.0 0.0 0.0 0.049049813 0.0 0.0 0.14497226 0.0 0.0 0.0 0.0 0.13956882 0.0 0.0 0.094726115 0.07455688 0.007388602 0.0 0.0 0.0 0.044896673 0.0 0.0 0.05959352 0.0 0.0 0.0 0.031147892 0.0004311221 0.0 0.0 0.17271367 0.0 0.0 0.024245983 0.0 0.0 0.0
0.0 0.0 0.0 0.0 0.0 0.0 0.0 0.0 0.0 0.0 0.0 0.0 0.0 0.0 0.0 0.014963005 0.0 0.0 0.0 0.0 0.0 0.0 0.0 0.0 0.0 0.0 0.0 0.006740215 0.0 0.21838795 0.0 0.002737226 0.15148902 0.0 0.0 0.0 0.06393908 0.0882527 0.027071133 0.0 0.0 0.0 0.0 0.0 0.0 0.0 0.0 0.0 0.35564083 0.0 0.0060452 0.0 0.0 0.0 0.0 0.0
