0.0 0.24006641 0.06508221 0.0 0.0 0.0 0.0 0.0 0.0 0.0 0.025599543 0.0 0.021362655 0.0 0.0 0.012744252 0.1434275 0.0 0.0 0.0 0.0 0.059671145 0.0 0.0 0.0057062926 0.0 0.0 0.010021409 0.24084185 0.0 0.0 0.0 0.07701045 0.0 0.0 0.0 0.0 0.049168926 0.0 0.0 0.0 0.0416439 0.0 0.0 0.0 0.0 0.0 0.0 0.0 0.0 0.0 0.0 0.0 0.0 0.0 0.11383355
0.24006641 0.0 0.0 0.0 0.0 0.0 0.0 0.019677224 0.0 0.018396918 0.0 0.0 0.0 0.0047339587 0.013332594 0.0 0.0 0.0 0.0 0.0 0.0 0.033323064 0.0059918966 0.0 0.0 0.0 0.04333354 0.0 0.0 0.0 0.0 0.0 0.008621419 0.013361789 0.14062132 0.005567972 0.043857697 0.0 0.032605223 0.0 0.0 0.0 0.0039515356 0.0036323608 0.0 0.0 0.0 0.03049043 0.0 0.13022043 0.0 0.0 0.0 0.0 0.015394732 0.03888755
0.06508221 0.0 0.0 0.0 0.0 0.0 0.0 0.07480118 0.0 0.074694484 0.0 0.080711715 0.0 0.0 0.0 0.0 0.0 0.0 0.0 0.0 0.0 0.0 0.0 0.0 0.0 0.0 0.0024783332 0.0 0.0 0.0 0.0 0.0 0.0 0.0 0.0 0.0 0.02451645 0.0 0.014038919 0.0 0.0 0.0 0.0 0.0 0.49707586 0.0 0.0 0.0 0.0 0.0 0.00815202 0.0 0.0 0.0 0.0 0.0
0.0 0.0 0.0 0.0 0.0 0.0 0.0 0.0 0.0 0.0 0.0 0.0 0.0 0.0 0.13583189 0.0 0.0 0.0 0.0 0.0 0.059265032 0.0 0.0 0.0 0.0070105926 0.017818818 0.0 0.0 0.0 0.27553627 0.0 0.0 0.013360768 0.0 0.0 0.0 0.014283861 0.0 0.27717403 0.0 0.0 0.0 0.0 0.0 0.0 0.0 0.0 0.05640402 0.07701069 0.10069005 0.0 0.03568691 0.066160224 0.0 0.0 0.0
0.0 0.0 0.0 0.0 0.0 0.0 0.0 0.0 0.0 0.0 0.0 0.0 0.092598945 0.0 0.0 0.0 0.09449036 0.0 0.0 0.01629766 0.0 0.1133178 0.0 0.0 0.0 0.0 0.1603785 0.0 0.0 0.0 0.0 0.0 0.0 0.0 0.0 0.0 0.0 0.0 0.0 0.0 0.0851868 0.15835992 0.0 0.07299438 0.0 0.0 0.04458874 0.06783089 0.0 0.0 0.0 0.0 0.0 0.17452182 0.0 0.0
0.0 0.0 0.0 0.0 0.0 0.0 0.0 0.035915658 0.0 0.073933825 0.0 0.0 0.0 0.0 0.02381156 0.11795914 0.0 0.0 0.0 0.0 0.0 0.008687309 0.05920062 0.098232664 0.0 0.0 0.08692508 0.0 0.0 0.0 0.0 0.0 0.0 0.027078446 0.0 0.0 0.21758504 0.0 0.0 0.0 0.0 0.0 0.0 0.0 0.0 0.0 0.010946981 0.0 0.0 0.011319434 0.0 0.034479685 0.0 0.010258913 0.0 0.0
0.0 0.0 0.0 0.0 0.0 0.0 0.0 0.0 0.0 0.12135177 0.0 0.0 0.0 0.0 0.0 0.0 0.0 0.0 0.0 0.29063168 0.0 0.0 0.0 0.009440944 0.0 0.0 0.0113259135 0.0 0.0 0.0 0.0 0.0 0.0 0.0 0.18911637 0.0 0.0 0.0 0.0 0.0 0.0 0.0 0.0 0.0 0.2288286 0.0 0.0 0.0 0.0 0.017799437 0.0 0.0 7.2192003e-13 0.0 0.0 0.0
0.0 0.019677224 0.07480118 0.0 0.0 0.035915658 0.0 0.0 0.07268633 0.0 0.0 0.039186597 0.004870281 0.07006737 0.0 0.0 0.0 0.0 0.0 0.0 0.0 0.0 0.0 0.0 0.0 0.0 0.010675121 0.049406637 0.0 0.0 0.0038260364 0.07444257 0.122512065 0.03753908 0.0 0.025713922 0.0 0.08746735 0.0 0.0 0.0110295825 0.033194307 0.01257035 0.039391037 0.0 0.0 0.031707693 0.0 0.0038025526 0.0 0.07585756 0.0 0.0 0.0 0.0816214 0.0
0.0 0.0 0.0 0.0 0.0 0.0 0.0 0.07268633 0.0 0.0 0.0 0.0 0.0 0.0 0.043939214 0.02070408 0.0 0.0 0.079195455 0.0 0.0 0.0 0.0 0.015585187 0.0 0.0 0.0 0.0 0.032640234 0.0 0.0 0.0 0.0 0.03581166 0.012042551 0.0 0.27766916 0.0 0.0 0.0 0.030308349 0.0 0.0 0.054756224 0.05109989 0.025545854 0.0 0.0 0.0 0.101404056 0.0 0.09824714 0.0 0.0022957863 0.0 0.0
0.0 0.018396918 0.074694484 0.0 0.0 0.073933825 0.12135178 0.0 0.0 0.0 0.0 0.0 0.030238831 0.016754752 0.0 0.0 0.0 0.0 0.0 0.0 0.0 0.0 0.056826856 0.0 0.0 0.0 0.0 0.26626986 0.0 0.0 0.016197681 0.0 0.16409568 0.0 0.0 0.0 0.0 0.042412527 0.0 0.0 0.0 0.11970189 0.0 0.0 0.0 0.0 0.0 0.0 0.0 0.0 0.0 0.0 0.0 0.027528722 0.09775446 0.07718885
0.025599545 0.0 0.0 0.0 0.0 0.0 0.0 0.0 0.0 0.0 0.0 0.0 0.0 0.0 0.0 0.033236824 0.015003114 0.0 0.0 0.0 0.0 0.0 0.062157106 0.0 0.0066166497 0.0 0.028279962 0.0 0.0 0.066466846 0.0 0.0 0.09379693 0.04130775 0.067413636 0.0 0.0 0.0 0.0 0.0 0.0 0.0 0.0 0.0 0.0024796957 0.0 0.0 0.09015087 0.24705122 0.0 0.0 0.0 0.0 0.07147796 0.020189557 0.0
0.0 0.0 0.08071172 0.0 0.0 0.0 0.0 0.039186593 0.0 0.0 0.0 0.24784319 0.0 0.0 0.0 0.0 0.04841897 0.04744829 0.0500201 0.048268847 0.0 0.09626677 0.0 0.0 0.0 0.0 0.0 0.0 0.0 0.037551578 0.0 0.0 0.0 0.0 0.01854936 0.014290726 0.0 0.0 0.0 0.0 0.009950159 0.0 0.0 0.02448416 0.009491132 0.101903945 0.0 0.0 0.0 0.0 0.0 0.0 0.1599223 0.0 0.0 0.011002083
0.021362655 0.0 0.0 0.0 0.092598945 0.0 0.0 0.004870281 0.0 0.030238831 0.0 0.0 0.0 0.0 0.0 0.0 0.0 0.0048996564 0.0 0.0 0.0 0.0 0.030729096 0.0 0.0010290226 0.0 0.1354595 0.0 0.0 0.0 0.064776264 0.022497915 0.0 0.10832266 0.0 0.0 0.015728978 0.00155981 0.02354877 0.09043409 0.0 0.0 0.04478808 0.0 0.0 0.0071002934 0.0 0.0147454785 0.0 0.10776904 0.0 0.0 0.0 0.0 0.1820686 0.0
0.0 0.0047339587 0.0 0.0 0.0 0.0 0.0 0.070067376 0.0 0.016754752 0.0 0.0 0.0 0.05953483 0.0 0.0 0.0 0.0 0.0 0.0 0.0 0.0 0.0 0.112094894 0.0 0.0 0.0 0.008198046 0.09136228 0.0 0.0 0.0 0.0 0.0 0.026162377 0.22381972 0.0 0.012957004 0.0 0.0058273105 0.112639636 0.0 0.056761622 0.0 0.0 0.0 0.0 0.0 0.0 0.0 0.0 0.18468937 0.0 0.09963554 0.057295572 0.0
0.0 0.013332593 0.0 0.13583189 0.0 0.02381156 0.0 0.0 0.043939218 0.0 0.0 0.0 0.0 0.0 0.0 0.0027673435 0.0 0.0 0.0 0.0 0.116790466 0.0 0.0 0.061128266 0.0 0.0 0.0 0.0 0.0 0.05180827 0.0125172585 0.010785097 0.0 0.0 0.0 0.0 0.0 0.032009356 0.0 0.0 0.0 0.0 0.0 0.009311202 0.0 0.1656864 0.046208985 0.0038254678 0.013021974 0.0 0.0 0.0 0.015998852 0.0 0.0 0.0
0.012744253 0.0 0.0 0.0 0.0 0.11795915 0.0 0.0 0.02070408 0.0 0.033236824 0.0 0.0 0.0 0.0027673433 0.0254774 0.0 0.0 0.0 0.0 0.0 0.0 0.050455473 0.07176932 0.0 0.0 0.008857747 0.0 0.0 0.0 0.03043543 0.0 0.053880215 0.023582114 0.0 0.0 0.0 0.09906842 0.0 0.0 0.0 0.0 0.0 0.05187711 0.0 0.0 0.048399474 0.011313494 0.035512973 0.014465374 0.15065923 0.0 0.0 0.0 0.15481393 0.0
0.1434275 0.0 0.0 0.0 0.094490364 0.0 0.0 0.0 0.0 0.0 0.015003115 0.048418973 0.0 0.0 0.0 0.0 0.0 0.2693611 0.020751186 0.0 0.0 0.0 0.0 0.0 0.0 0.0 0.0 0.0 0.0 0.0 0.0 0.05038589 0.0 0.018638419 0.0 0.020924594 0.0 0.0 0.0 0.0 0.0 0.0 0.0 0.0 0.058332674 0.12722206 0.0 0.0 0.0 0.0048222654 0.0 0.0 0.0 0.0 0.0 0.0
0.0 0.0 0.0 0.0 0.0 0.0 0.0 0.0 0.0 0.0 0.0 0.047448292 0.0048996564 0.0 0.0 0.0 0.2693611 0.10855254 0.0 0.0 0.0 0.103146605 0.0 0.0 0.0 0.0 0.0 0.0 0.0 0.0066231764 0.0 0.0375549 0.0 0.0 0.0 0.0 0.0 0.0 0.032865122 0.0 0.010185707 0.09445582 0.0 0.02684932 0.021184284 0.0 0.006019165 0.0 0.0 0.0 0.0 0.0 0.024967851 0.032627445 0.0 0.19866133
0.0 0.0 0.0 0.0 0.0 0.0 0.0 0.0 0.07919545 0.0 0.0 0.050020095 0.0 0.0 0.0 0.0 0.020751186 0.0 0.0 0.0 0.30900082 0.0 0.02947375 0.0 0.0 0.0 0.0 0.0 0.0 0.0 0.0 0.0 0.0 0.0 0.0 0.0 0.0 0.03621663 0.13331719 0.0 0.0 0.0 0.0 0.0 0.0 0.043474656 0.0 0.03956674 0.03355564 0.08618189 0.0 0.0 0.0 0.0 0.0 0.0
0.0 0.0 0.0 0.0 0.016297659 0.0 0.29063168 0.0 0.0 0.0 0.0 0.048268847 0.0 0.0 0.0 0.0 0.0 0.0 0.0 0.1367714 0.0 0.07495796 0.0 0.0 0.0 0.0 0.0 0.0 0.0 0.055756677 0.0 0.0 0.0 0.0055043693 0.007900566 0.0 0.0 0.0 0.008824842 0.0 0.11698155 0.024585681 0.0 0.0 0.02969409 0.0 0.13477361 0.0 0.0 0.0 0.0 0.0 0.0 0.080785215 0.0 0.0
0.0 0.0 0.0 0.059265036 0.0 0.0 0.0 0.0 0.0 0.0 0.0 0.0 0.0 0.0 0.116790466 0.0 0.0 0.0 0.30900082 0.0 0.13825575 0.07219443 0.0 0.0 0.0 0.0 0.054156415 0.0 0.0 0.0 0.0 0.04137091 0.0 0.0 0.0 0.0 0.0 0.0 0.0 0.015923668 0.0 0.0 0.1119127 0.0 0.0 0.0 0.086206146 0.0017950803 0.0 0.0 0.0 0.0 0.039111767 0.03866992 0.0 0.0
0.05967115 0.03332306 0.0 0.0 0.1133178 0.00868731 0.0 0.0 0.0 0.0 0.0 0.09626677 0.0 0.0 0.0 0.0 0.0 0.1031466 0.0 0.07495796 0.07219443 0.0 0.121477984 0.0039130733 0.0 0.0 0.030959181 0.02849047 0.0 0.0 0.02247089 0.034641556 0.0 0.0 0.0 0.0 0.0 0.0 0.005615593 0.0 0.0 0.0 0.0 0.0 0.07660894 0.01714388 0.0 0.014150925 0.0 0.0 0.025034398 0.0 0.023739235 0.0 0.0 0.0
0.0 0.0059918966 0.0 0.0 0.0 0.05920062 0.0 0.0 0.0 0.056826852 0.062157106 0.0 0.030729095 0.0 0.0 0.050455473 0.0 0.0 0.02947375 0.0 0.0 0.12147799 0.0 0.0 0.051905494 0.0 0.0 0.0 0.017866809 0.039848894 0.011057641 0.0 0.0 0.16313396 0.0 0.027491787 0.010687857 0.014593849 0.0 0.0 0.0 0.09113687 0.0 0.03519471 0.0 0.0 0.06507699 0.00816392 0.17762816 0.0 0.0 0.01969397 0.16754992 0.0 0.0 0.0
0.0 0.0 0.0 0.0 0.0 0.098232664 0.009440944 0.0 0.015585186 0.0 0.0 0.0 0.0 0.112094894 0.06112827 0.07176932 0.0 0.0 0.0 0.0 0.0 0.003913074 0.0 0.0 0.0 0.0 0.0 0.0 0.07966907 0.0 0.0 0.0 0.0 0.15855913 0.06680273 0.006679891 0.0 0.045195207 0.0 0.0 0.023340438 0.042088676 0.033773955 0.0 0.0 0.0 0.0 0.0 0.091942914 0.0 0.0 0.16648918 0.0 0.096379615 0.0 0.0
0.005706292 0.0 0.0 0.007010593 0.0 0.0 0.0 0.0 0.0 0.0 0.0066166497 0.0 0.0010290226 0.0 0.0 0.0 0.0 0.0 0.0 0.0 0.0 0.0 0.051905494 0.0 0.0 0.39637828 0.06456136 0.18756853 0.0 0.0 0.0 0.0 0.0 0.0 0.0 0.0 0.0 0.0 0.0 0.0 0.037271786 0.0 0.0 0.013783865 0.0 0.0 0.0 0.0 0.020773383 0.0 0.19168371 0.0 0.0 0.0 0.0 0.0
0.0 0.0 0.0 0.017818818 0.0 0.0 0.0 0.0 0.0 0.0 0.0 0.0 0.0 0.0 0.0 0.0 0.0 0.0 0.0 0.0 0.0 0.0 0.0 0.0 0.39637828 0.0 0.0 0.0 0.03686117 0.09979769 0.0 0.0 0.0 0.013402165 0.0 0.014515191 0.0 0.0 0.0051925606 0.0 0.007222961 0.0 0.08121402 0.14754349 0.0 0.14317793 0.0 0.0 0.0 0.0 0.0 0.0 0.003568304 0.0 0.0 0.0242139
0.0 0.043333545 0.0024783332 0.0 0.16037852 0.08692508 0.0113259135 0.010675121 0.0 0.0 0.028279962 0.0 0.1354595 0.0 0.0 0.008857746 0.0 0.0 0.0 0.0 0.05415641 0.030959181 0.0 0.0 0.06456137 0.0 0.028630642 0.0 0.005170863 0.08836259 0.030012889 0.008353878 0.0 0.0 0.0 0.0 0.0 0.0 0.007728209 0.0 0.0 0.10595262 0.086699314 0.0 0.0 0.0 0.0 0.054063726 0.0 0.0 0.0 0.0 0.0 0.0 0.03783531 0.0
0.010021409 0.0 0.0 0.0 0.0 0.0 0.0 0.049406633 0.0 0.26626986 0.0 0.0 0.0 0.008198045 0.0 0.0 0.0 0.0 0.0 0.0 0.0 0.028490473 0.0 0.0 0.18756853 0.0 0.0 0.0 0.0 0.06738383 0.0 0.0 0.0 0.0 0.0 0.0 0.0 0.039265316 0.0 0.0 0.0 0.00030013098 0.045961827 0.06119295 0.0 0.0 0.0 0.047821127 0.0 0.0 0.0 0.0 0.0052325805 0.0 0.008614077 0.0
0.24084185 0.0 0.0 0.0 0.0 0.0 0.0 0.0 0.032640234 0.0 0.0 0.0 0.0 0.091362275 0.0 0.0 0.0 0.0 0.0 0.0 0.0 0.0 0.017866807 0.07966907 0.0 0.03686117 0.0051708627 0.0 0.0 0.0 0.0 0.0 0.0 0.0 0.08848478 0.0 0.0 0.0 0.0 0.078302205 0.015434325 0.037027325 0.0 0.0 0.0 0.0 0.0 0.0 0.0 0.0 0.00588608 0.0028020758 0.0 0.0 0.0 0.19288221
0.0 0.0 0.0 0.27553627 0.0 0.0 0.0 0.0 0.0 0.0 0.066466846 0.037551578 0.0 0.0 0.051808268 0.0 0.0 0.006623176 0.0 0.055756677 0.0 0.0 0.039848894 0.0 0.0 0.09979769 0.08836259 0.067383826 0.0 0.0 0.0 0.0 0.0 0.0 0.0 0.0 0.0 0.01758081 0.0026964073 0.0 0.0 0.037157524 0.005864706 0.0 0.0 0.0 0.0 0.0 0.0 0.0 0.11636629 0.0 0.0 0.0 0.0 0.0
0.0 0.0 0.0 0.0 0.0 0.0 0.0 0.0038260366 0.0 0.016197681 0.0 0.0 0.064776264 0.0 0.012517259 0.03043543 0.0 0.0 0.0 0.0 0.0 0.02247089 0.011057641 0.0 0.0 0.0 0.030012889 0.0 0.0 0.0 0.0 0.0 0.0 0.0 0.0 0.0 0.1346471 0.0 0.0 0.010456555 0.017055044 0.0 0.0 0.19864807 0.0070191766 0.0 0.0 0.15477045 0.0 0.03292632 0.0 0.06501697 0.012796345 0.01569043 0.0 0.0
0.0 0.0 0.0 0.0 0.0 0.0 0.0 0.074442565 0.0 0.0 0.0 0.0 0.022497917 0.0 0.010785097 0.0 0.05038589 0.037554897 0.0 0.0 0.04137091 0.03464156 0.0 0.0 0.0 0.0 0.008353878 0.0 0.0 0.0 0.0 0.0 0.0 0.0 0.0 0.0 0.21902902 0.0 0.076508656 0.0 0.024064695 0.042147957 0.0 0.05802263 0.049462248 0.0 0.0 0.14474984 0.039435357 0.026160091 0.0 0.0 0.0 0.03879513 0.0 0.0
0.07701046 0.00862142 0.0 0.013360768 0.0 0.0 0.0 0.12251206 0.0 0.16409568 0.09379693 0.0 0.0 0.0 0.0 0.053880215 0.0 0.0 0.0 0.0 0.0 0.0 0.0 0.0 0.0 0.0 0.0 0.0 0.0 0.0 0.0 0.0 0.0 0.0 0.0 0.0 0.124538146 0.0 0.0 0.0 0.0038314865 0.0 0.03856911 0.018835746 0.053146735 0.0 0.031078385 0.042834725 0.0 0.015252618 0.0909406 0.0061081443 0.03338183 0.0 0.0 0.0
0.0 0.013361789 0.0 0.0 0.0 0.027078446 0.0 0.03753908 0.035811655 0.0 0.04130775 0.0 0.10832265 0.0 0.0 0.023582112 0.018638419 0.0 0.0 0.0055043693 0.0 0.0 0.16313396 0.15855913 0.0 0.013402166 0.0 0.0 0.0 0.0 0.0 0.0 0.0 0.0 0.0 0.0 0.031152241 0.03720726 0.0 0.0 0.0 0.0 0.0 0.0 0.0 0.0 0.0 0.0 0.0 0.0 0.075356916 0.0 0.0 0.0 0.0 0.0
0.0 0.14062132 0.0 0.0 0.0 0.0 0.18911637 0.0 0.012042551 0.0 0.067413636 0.01854936 0.0 0.026162378 0.0 0.0 0.0 0.0 0.0 0.007900565 0.0 0.0 0.0 0.06680273 0.0 0.0 0.0 0.0 0.08848479 0.0 0.0 0.0 0.0 0.0 0.07198712 0.0 0.0 0.24317214 0.01548692 0.0 0.0 0.0029445556 0.0 0.0 0.0 0.0 0.0 0.040094454 0.0 0.0 0.0 0.0 0.0 0.00034393667 0.0 0.0
0.0 0.005567972 0.0 0.0 0.0 0.0 0.0 0.025713922 0.0 0.0 0.0 0.014290727 0.0 0.2238197 0.0 0.0 0.020924594 0.0 0.0 0.0 0.0 0.0 0.02749179 0.006679891 0.0 0.014515192 0.0 0.0 0.0 0.0 0.0 0.0 0.0 0.0 0.0 0.0 0.011206501 0.0 0.19719471 0.014000855 0.057763968 0.0 0.0 0.017564068 0.0 0.0 0.0 0.0013594924 0.19128977 0.016979398 0.0 0.0 0.0 0.042109467 0.0 0.0
0.0 0.043857697 0.024516448 0.014283861 0.0 0.21758504 0.0 0.0 0.27766916 0.0 0.0 0.0 0.015728978 0.0 0.0 0.0 0.0 0.0 0.0 0.0 0.0 0.0 0.010687857 0.0 0.0 0.0 0.0 0.0 0.0 0.0 0.1346471 0.21902902 0.12453815 0.031152241 0.0 0.011206501 0.0 0.0 0.009262459 0.0 0.0 0.0 0.0 0.0 0.0 0.0 0.0 0.0 0.0 0.0 0.0 0.0 0.0044540423 0.0050187223 0.0 0.0
0.049168926 0.0 0.0 0.0 0.0 0.0 0.0 0.08746735 0.0 0.042412527 0.0 0.0 0.0015598101 0.012957004 0.032009356 0.09906842 0.0 0.0 0.03621663 0.0 0.0 0.0 0.01459385 0.045195207 0.0 0.0 0.0 0.03926532 0.0 0.01758081 0.0 0.0 0.0 0.03720726 0.24317214 0.0 0.0 0.0 0.0 0.0 0.0113767795 0.0 0.0 0.019324683 0.0 0.0 0.0 0.0 0.0 0.009801813 0.0 0.20634146 0.0 0.0 0.0 0.0
0.0 0.032605223 0.014038919 0.27717403 0.0 0.0 0.0 0.0 0.0 0.0 0.0 0.0 0.023548773 0.0 0.0 0.0 0.0 0.032865122 0.13331717 0.008824841 0.0 0.005615593 0.0 0.0 0.0 0.005192561 0.0077282093 0.0 0.0 0.002696407 0.0 0.076508656 0.0 0.0 0.01548692 0.19719473 0.009262459 0.0 0.0 0.0 0.0 0.0 0.0 0.0 0.0 0.0 0.042804472 0.006033955 0.0 0.0 0.0 0.0 0.04377524 0.0 0.0 0.0
0.0 0.0 0.0 0.0 0.0 0.0 0.0 0.0 0.0 0.0 0.0 0.0 0.09043409 0.0058273105 0.0 0.0 0.0 0.0 0.0 0.0 0.015923668 0.0 0.0 0.0 0.0 0.0 0.0 0.0 0.078302205 0.0 0.0104565555 0.0 0.0 0.0 0.0 0.014000855 0.0 0.0 0.0 0.36267066 0.15753672 0.0 0.21569665 0.109651394 0.0 0.0 0.0 0.0 0.0 0.0043673506 0.0 0.0 0.0 0.0 0.009213919 0.0
0.0 0.0 0.0 0.0 0.085186794 0.0 0.0 0.0110295825 0.03030835 0.0 0.0 0.009950158 0.0 0.112639636 0.0 0.0 0.0 0.010185707 0.0 0.11698155 0.0 0.0 0.0 0.023340438 0.037271783 0.0072229607 0.0 0.0 0.015434325 0.0 0.017055044 0.024064695 0.0038314865 0.0 0.0 0.057763968 0.0 0.011376779 0.0 0.1575367 0.090670474 0.0 0.0 0.0 0.0 0.0053485343 0.0 0.0 0.0 0.056765832 0.0 0.000881802 0.0 0.0 0.13800111 0.0
0.0416439 0.0 0.0 0.0 0.15835992 0.0 0.0 0.03319431 0.0 0.11970189 0.0 0.0 0.0 0.0 0.0 0.0 0.0 0.09445582 0.0 0.024585683 0.0 0.0 0.09113687 0.042088676 0.0 0.0 0.10595263 0.00030013098 0.037027325 0.037157528 0.0 0.042147953 0.0 0.0 0.0029445558 0.0 0.0 0.0 0.0 0.0 0.0 0.0 0.0 0.0 0.04711347 0.0 0.0 0.0 0.0 0.0 0.065632954 0.0 0.0 0.0 0.0 0.0
0.0 0.0039515356 0.0 0.0 0.0 0.0 0.0 0.01257035 0.0 0.0 0.0 0.0 0.04478808 0.056761622 0.0 0.0 0.0 0.0 0.0 0.0 0.1119127 0.0 0.0 0.033773955 0.0 0.08121402 0.086699314 0.045961827 0.0 0.005864706 0.0 0.0 0.038569115 0.0 0.0 0.0 0.0 0.0 0.0 0.21569663 0.0 0.0 0.028972771 0.0 0.0 0.0 0.0 0.0 0.0 0.07841097 0.0 0.0 0.0 0.0 0.007793555 0.0
0.0 0.0036323608 0.0 0.0 0.07299439 0.0 0.0 0.039391037 0.054756224 0.0 0.0 0.024484158 0.0 0.0 0.009311202 0.05187711 0.0 0.026849322 0.0 0.0 0.0 0.0 0.03519471 0.0 0.013783864 0.14754349 0.0 0.06119295 0.0 0.0 0.19864807 0.05802263 0.018835746 0.0 0.0 0.017564068 0.0 0.019324683 0.0 0.109651394 0.0 0.0 0.0 0.0 0.0 0.010643597 0.0 0.022427365 0.0 0.0055895485 0.0 0.0 0.0 0.0 0.01802841 0.0
0.0 0.0 0.49707586 0.0 0.0 0.0 0.2288286 0.0 0.051099893 0.0 0.0024796955 0.009491132 0.0 0.0 0.0 0.0 0.058332674 0.021184286 0.0 0.02969409 0.0 0.07660893 0.0 0.0 0.0 0.0 0.0 0.0 0.0 0.0 0.007019177 0.04946225 0.053146735 0.0 0.0 0.0 0.0 0.0 0.0 0.0 0.0 0.04711347 0.0 0.0 0.0 0.0 0.0 0.0 0.0 0.0 0.0 0.0 0.0 0.0 0.0 0.0
0.0 0.0 0.0 0.0 0.0 0.0 0.0 0.0 0.025545856 0.0 0.0 0.10190395 0.007100294 0.0 0.1656864 0.0 0.12722206 0.0 0.043474656 0.0 0.0 0.01714388 0.0 0.0 0.0 0.14317793 0.0 0.0 0.0 0.0 0.0 0.0 0.0 0.0 0.0 0.0 0.0 0.0 0.0 0.0 0.005348535 0.0 0.0 0.010643597 0.0 0.036924053 0.10380471 0.02951832 0.0 0.0 0.0 0.022943463 0.0 0.18256505 0.0 0.0
0.0 0.0 0.0 0.0 0.04458874 0.010946982 0.0 0.031707693 0.0 0.0 0.0 0.0 0.0 0.0 0.04620898 0.048399474 0.0 0.006019165 0.0 0.13477363 0.08620615 0.0 0.065076984 0.0 0.0 0.0 0.0 0.0 0.0 0.0 0.0 0.0 0.031078385 0.0 0.0 0.0 0.0 0.0 0.042804472 0.0 0.0 0.0 0.0 0.0 0.0 0.10380471 0.0 0.0 0.018235799 0.07469681 0.019525928 0.0 0.0 0.030229544 0.042527825 0.0
0.0 0.03049043 0.0 0.05640402 0.06783088 0.0 0.0 0.0 0.0 0.0 0.09015087 0.0 0.0147454785 0.0 0.0038254678 0.011313494 0.0 0.0 0.03956674 0.0 0.0017950803 0.014150925 0.00816392 0.0 0.0 0.0 0.054063722 0.047821127 0.0 0.0 0.15477045 0.14474982 0.04283472 0.0 0.040094454 0.0013594924 0.0 0.0 0.006033955 0.0 0.0 0.0 0.0 0.022427363 0.0 0.02951832 0.0 0.0 0.0 0.041827057 0.0 0.0 0.0 0.0 0.07224703 0.0
0.0 0.0 0.0 0.07701069 0.0 0.0 0.0 0.0038025528 0.0 0.0 0.24705122 0.0 0.0 0.0 0.013021974 0.035512973 0.0 0.0 0.03355564 0.0 0.0 0.0 0.17762816 0.09194291 0.020773383 0.0 0.0 0.0 0.0 0.0 0.0 0.039435353 0.0 0.0 0.0 0.19128977 0.0 0.0 0.0 0.0 0.0 0.0 0.0 0.0 0.0 0.0 0.018235797 0.0 0.0 0.0 0.0 0.0 0.010327398 0.0 0.0 0.0
0.0 0.13022043 0.0 0.10069006 0.0 0.011319435 0.017799439 0.0 0.101404056 0.0 0.0 0.0 0.10776904 0.0 0.0 0.014465373 0.004822265 0.0 0.08618189 0.0 0.0 0.0 0.0 0.0 0.0 0.0 0.0 0.0 0.0 0.0 0.03292632 0.026160091 0.015252618 0.0 0.0 0.016979396 0.0 0.009801814 0.0 0.0043673506 0.056765832 0.0 0.07841097 0.0055895485 0.0 0.0 0.07469681 0.041827057 0.0 0.0 0.0 0.0 0.0 0.0 0.0 0.13035482
0.0 0.0 0.00815202 0.0 0.0 0.0 0.0 0.07585756 0.0 0.0 0.0 0.0 0.0 0.0 0.0 0.15065923 0.0 0.0 0.0 0.0 0.0 0.025034398 0.0 0.0 0.19168371 0.0 0.0 0.0 0.0058860797 0.11636628 0.0 0.0 0.0909406 0.07535692 0.0 0.0 0.0 0.0 0.0 0.0 0.0 0.065632954 0.0 0.0 0.0 0.0 0.019525928 0.0 0.0 0.0 0.0 0.06918022 0.25322625 0.0 0.029337775 0.0
0.0 0.0 0.0 0.03568691 0.0 0.034479685 0.0 0.0 0.09824713 0.0 0.0 0.0 0.0 0.18468937 0.0 0.0 0.0 0.0 0.0 0.0 0.0 0.0 0.01969397 0.1664892 0.0 0.0 0.0 0.0 0.0028020758 0.0 0.06501697 0.0 0.0061081443 0.0 0.0 0.0 0.0 0.20634148 0.0 0.0 0.00088180206 0.0 0.0 0.0 0.0 0.022943463 0.0 0.0 0.0 0.0 0.06918021 0.0 0.0 0.03709527 0.048819322 0.0
0.0 0.0 0.0 0.066160224 0.0 0.0 7.2192003e-13 0.0 0.0 0.0 0.0 0.15992232 0.0 0.0 0.015998852 0.0 0.0 0.024967851 0.0 0.0 0.039111767 0.023739235 0.16754992 0.0 0.0 0.0035683042 0.0 0.0052325805 0.0 0.0 0.012796344 0.0 0.033381835 0.0 0.0 0.0 0.0044540423 0.0 0.043775246 0.0 0.0 0.0 0.0 0.0 0.0 0.0 0.0 0.0 0.010327399 0.0 0.25322625 0.0 0.0 0.0 0.0 0.0
0.0 0.0 0.0 0.0 0.17452182 0.010258912 0.0 0.0 0.0022957865 0.027528722 0.07147796 0.0 0.0 0.099635534 0.0 0.0 0.0 0.032627445 0.0 0.08078521 0.038669925 0.0 0.0 0.096379615 0.0 0.0 0.0 0.0 0.0 0.0 0.015690431 0.038795125 0.0 0.0 0.0003439367 0.04210947 0.0050187227 0.0 0.0 0.0 0.0 0.0 0.0 0.0 0.0 0.18256505 0.030229542 0.0 0.0 0.0 0.0 0.03709527 0.0 0.0 0.0 0.0
0.0 0.015394732 0.0 0.0 0.0 0.0 0.0 0.08162141 0.0 0.09775446 0.020189557 0.0 0.1820686 0.057295576 0.0 0.15481395 0.0 0.0 0.0 0.0 0.0 0.0 0.0 0.0 0.0 0.0 0.037835307 0.008614077 0.0 0.0 0.0 0.0 0.0 0.0 0.0 0.0 0.0 0.0 0.0 0.009213919 0.13800111 0.0 0.007793555 0.01802841 0.0 0.0 0.042527825 0.07224703 0.0 0.0 0.029337775 0.04881932 0.0 0.0 0.0 0.0
0.113833554 0.03888755 0.0 0.0 0.0 0.0 0.0 0.0 0.0 0.07718885 0.0 0.011002083 0.0 0.0 0.0 0.0 0.0 0.19866131 0.0 0.0 0.0 0.0 0.0 0.0 0.0 0.0242139 0.0 0.0 0.19288221 0.0 0.0 0.0 0.0 0.0 0.0 0.0 0.0 0.0 0.0 0.0 0.0 0.0 0.0 0.0 0.0 0.0 0.0 0.0 0.0 0.1303548 0.0 0.0 0.0 0.0 0.0 0.2261525
