0.10933649 0.0 0.0 0.12140905 0.11529505 0.0 0.0 0.017452724 0.0 0.0 0.0 0.0 0.0 0.0 0.0 0.0 0.0 0.07728695 0.0621731 0.025103725 0.0 0.0 0.03402107 0.0 0.10756143 0.0 0.0 0.0 0.0152787315 0.0 0.0 0.0 0.0 0.0 0.0 0.21792571 0.0 0.0 0.0674469 0.0 0.0 0.0 0.0 0.0 0.0 0.0 0.0 0.0 0.04084933 0.025705338 0.0 0.0 0.0 0.0 0.0 0.0
0.0 0.0 0.0 0.0 0.0 0.0 0.0 0.0 0.0 0.0 0.13916482 0.0 0.0 0.0 0.057758708 0.0 0.0 0.0 0.0 0.098710336 0.114265785 0.11504152 0.03412301 0.0 0.012798256 0.0 0.0 0.06098412 0.0 0.0 0.0 0.0 0.0 0.0 0.0 0.0 0.0 0.016890623 0.0 0.0 0.0 0.0 0.12147243 0.0 0.0093490165 0.0 0.0 0.0 0.0 0.0 0.0 0.0 0.0 0.0 0.012177565 0.049603328
0.0 0.0 0.03576755 0.0 0.0 0.0 0.0 0.0 0.0 0.0 0.0 0.0 0.013960507 0.037348844 0.11167693 0.0 0.0 0.0 0.0 0.0 0.0363198 0.0 0.038426038 0.0 0.0 0.0 0.0 0.01661492 0.0 0.0 0.0 0.0 0.1019667 0.07036163 0.046672627 0.0 0.0 0.0 0.13481656 0.0 0.047923334 0.042320125 0.0 0.011000849 0.0 0.0 0.0 0.05583344 0.107871376 0.06221519 0.0 0.0 0.021408604 0.0 0.09647599 0.0
0.12140904 0.0 0.0 0.0 0.0 0.0 0.0 0.01857865 0.0 0.046804488 0.0 0.0 0.0 0.022859974 0.0 0.0 0.0 0.0 0.0 0.0 0.0 0.0 0.08376727 0.030848414 0.0 0.161691 0.0 0.0 0.0 0.0 0.0 0.0 0.0 0.0016472097 0.021930527 0.0 0.079372816 0.0 0.0 0.0 0.0 0.0 0.0 0.0 0.11937721 0.0 0.0 0.0 0.0 0.0 0.06303353 0.079381615 0.0 0.0 0.07297373 0.0
0.11529506 0.0 0.0 0.0 0.0 0.0 0.0 0.048860542 0.0 0.12138679 0.0 0.0 0.0 0.066654354 0.0 0.030741435 0.0 0.0 0.0 0.0021502697 0.0 0.0 0.0 0.0 0.0 0.0 0.0 0.0 0.0 0.0 0.0034335703 0.0 0.0 0.0 0.12970819 0.0 0.18685006 0.0 0.0 0.0 0.0 0.0 0.0 0.0 0.06306479 0.0 0.0 0.14466453 0.0 0.0 0.0 0.0 0.0 0.0 0.02277383 0.0
0.0 0.0 0.0 0.0 0.0 0.0 0.015155036 0.0 0.0 0.06220064 0.0 0.033954013 0.0 0.0 0.0 0.018244838 0.0 0.15595324 0.0 0.05394835 0.0 0.032895513 0.0 0.0048801242 0.0 0.0 0.0 0.0 0.0 0.0 0.0 0.16425292 0.0 0.034794707 0.024874037 0.0 0.027795907 0.0 0.0 0.0 0.0 0.035689775 0.0 0.0 0.0 0.0 0.14243533 0.101933315 0.0 0.0 0.0 0.0 0.05149261 0.0 0.0 0.0
0.0 0.0 0.0 0.0 0.0 0.015155036 0.0 0.0 0.0 0.0 0.0 0.0 0.05414984 0.0 0.0 0.0 0.0 0.0 0.0 0.0 0.0 0.0 0.048838966 0.0 0.009262532 0.0 0.09622726 0.11060943 0.0 0.0 0.0574312 0.0 0.03721272 0.0 0.0 0.0 0.0 0.0 0.0 0.08503385 0.0 0.0 0.0 0.0 0.0 0.0 0.0 0.0 0.0761336 0.0 0.08310204 0.0 0.0 0.0 0.044154145 0.0
0.017452722 0.0 0.0 0.01857865 0.048860546 0.0 0.0 0.0 0.07743586 0.0 0.0 0.0 0.00688669 0.0 0.0 0.0 0.0 0.0 0.0 0.012458323 0.0 0.0 0.13350382 0.0 0.14038318 0.0 0.0 0.022921946 0.0 0.0 0.0 0.0 0.05575722 0.0 0.0 0.047309518 0.0 0.0 0.009685087 0.0 0.0 0.0 0.005694799 0.0 0.0 0.0 0.0 0.0 0.16111942 0.11382154 0.0 0.0 0.0 0.0 0.025143033 0.0
0.0 0.0 0.0 0.0 0.0 0.0 0.0 0.07743586 0.0 0.05949729 0.15158238 0.041134622 0.0 0.0 0.0 0.0 0.0 0.0 0.0 0.0 0.0 0.0 0.0 0.15445113 0.0 0.0 0.0 0.024175849 0.0 0.0 0.0 0.0 0.0 0.0 0.0 0.0 0.063437626 0.004028707 0.0 0.0 0.0 0.0 0.0 0.0 0.030984778 0.12490686 0.0 0.0 0.0 0.0 0.0 0.29560053 0.0 0.0 0.043327246 0.0
0.0 0.0 0.0 0.046804484 0.121386796 0.062200636 0.0 0.0 0.05949729 0.0 0.0 0.0 0.0 0.0 0.0 0.0 0.0 0.34617263 0.1157098 0.0 0.00738503 0.0 0.0 0.0 0.14555913 0.0 0.0 0.0 0.0 0.026984397 0.0 0.0 0.0 0.0 0.0 0.09405142 0.0 0.03828574 0.047406863 0.0 0.0 0.0002305637 0.0 0.0 0.0 0.044738173 0.0 0.0 0.0149975885 0.0 0.0 0.0 0.059121802 0.0 0.0 0.0
0.0 0.13916482 0.0 0.0 0.0 0.0 0.0 0.0 0.15158239 0.0 0.0 0.0 0.0 0.09729 0.0 0.08718331 0.0 0.0 0.0 0.0 0.0 0.0 0.0048901206 0.082468726 0.0 0.034660336 0.09417683 0.0 0.0 0.0 0.0 0.123593815 0.0 0.0 0.0 0.0 0.0 0.0 0.0 0.055506915 0.0074847443 0.0 0.0 0.0 0.0 0.0 0.0 0.0 0.0 0.0 0.0 0.03941326 0.02681625 0.0 0.0 0.0
0.0 0.0 0.0 0.0 0.0 0.033954013 0.0 0.0 0.04113462 0.0 0.0 0.0 0.06521448 0.0 0.0 0.0 0.0 0.0 0.0 0.0 0.0 0.0 0.004721884 0.0 0.0 0.0 0.0 0.0 0.0 0.12159033 0.0 0.158393 0.0 0.2358904 0.0 0.0 0.0 0.0 0.029903386 0.0 0.035994217 0.036095746 0.0 0.0 0.0 0.0 0.049748167 0.0 0.008572526 0.101060025 0.0 0.0 0.021649258 0.08302658 0.0 0.010420945
0.0 0.0 0.013960506 0.0 0.0 0.0 0.054149844 0.00688669 0.0 0.0 0.0 0.06521448 0.0 0.0 0.0 0.0 0.0 0.0 0.0 0.0 0.0 0.063255176 0.0 0.064618714 0.24545665 0.0 0.0 0.0 0.0 0.0044458318 0.0 0.1198441 0.0 0.0 0.0 0.0 0.0 0.0 0.0 0.0 0.0 0.0 0.0 0.0 0.0 0.07459685 0.0 0.0 0.06407828 0.05429697 0.013762112 0.0 0.0 0.0 0.0 0.04459494
0.0 0.0 0.03734884 0.022859974 0.066654354 0.0 0.0 0.0 0.0 0.0 0.09729 0.0 0.0 0.0 0.0 0.0 0.04148144 0.0 0.0 0.025575658 0.0 0.007457122 0.0565419 0.0 0.0 0.0 0.02614915 0.0 0.0 0.0 0.0 0.026190497 0.0 0.0 0.0 0.0 0.019232016 0.0076532084 0.045187443 0.0 0.0 0.0 0.047518987 0.0 0.13316295 0.0 0.0 0.0 0.016121859 0.04905689 0.114475675 0.0 0.0 0.0 0.04856749 0.0
0.0 0.057758708 0.11167693 0.0 0.0 0.0 0.0 0.0 0.0 0.0 0.0 0.0 0.0 0.0 0.0 0.0 0.015359716 0.0 0.044579808 0.0 0.057637826 0.0 0.0 0.0 0.09648429 0.0 0.0 0.0 0.022089632 0.16735348 0.0 0.0 0.0 0.0 0.0 0.0 0.0 0.0065771514 0.0 0.0 0.113238916 0.11431534 0.019433966 0.014455812 0.019760225 0.0 0.058590785 0.0 0.0 0.047764387 0.0 0.0 0.0 0.003521064 0.0 0.12330768
0.0 0.0 0.0 0.0 0.030741435 0.018244836 0.0 0.0 0.0 0.0 0.08718331 0.0 0.0 0.0 0.0 0.065477334 0.0 0.0 0.050355304 0.0 0.0 0.0 0.025043394 0.0 0.0 0.018663563 0.2292065 0.0597356 0.0 0.0 0.0816486 0.0 0.0 0.038017016 0.0 0.0 0.0 0.040717952 0.0 0.0 0.0 0.0 0.052838627 0.0 0.022713942 0.022793058 0.040181268 0.0 0.0 0.0 0.0 0.0 0.0 0.023397557 0.07263936 0.029429136
0.0 0.0 0.0 0.0 0.0 0.0 0.0 0.0 0.0 0.0 0.0 0.0 0.0 0.041481443 0.015359715 0.0 0.0 0.0 0.0 0.0 0.0 0.023368772 0.0 0.0 0.0 0.0 0.0 0.049937315 0.0 0.0 0.0 0.0 0.0 0.0 0.0 0.0 0.0 0.0 0.0 0.0 0.0 0.03880976 0.0 0.33037508 0.16619773 0.007305463 0.0 0.062390752 0.0 0.032947186 0.0 0.0 0.0 0.0 0.0 0.09756973
0.07728695 0.0 0.0 0.0 0.0 0.15595324 0.0 0.0 0.0 0.34617266 0.0 0.0 0.0 0.0 0.0 0.0 0.0 0.0 0.0 0.034760755 0.06272084 0.0 0.0 0.0 0.0 0.0 0.0 0.0 0.0 0.0 0.0 0.0 0.0 0.0 0.2497313 0.0 0.0 0.0 0.0 0.0 0.0 0.0 0.0 0.0 0.012986708 0.0 0.0 0.026261907 0.012657136 0.0 0.0 0.0 0.0 0.0 0.0 0.0
0.062173095 0.0 0.0 0.0 0.0 0.0 0.0 0.0 0.0 0.11570979 0.0 0.0 0.0 0.0 0.044579808 0.050355304 0.0 0.0 0.0 0.0 0.0 0.0 0.0 0.0 0.0 0.0 0.0 0.09666227 0.0 0.0 0.0 0.0 0.13399255 0.0 0.0 0.0 0.08474124 0.0 0.011842622 0.0 0.0 0.0 0.0 0.0 0.030207837 0.014629926 0.0 0.0 0.027383652 0.014878628 0.0 0.0 0.0 0.0 0.0071766996 0.0
0.025103725 0.098710336 0.0 0.0 0.0021502697 0.053948347 0.0 0.012458322 0.0 0.0 0.0 0.0 0.0 0.025575658 0.0 0.0 0.0 0.03476076 0.0 0.0 0.046711985 0.04931017 0.07072853 0.0 0.0 0.0 0.0017192523 0.010985634 0.0 0.009620868 0.015713787 0.0 0.0 0.0 0.12384491 0.0 0.09086407 0.0 0.0 0.0 0.0 0.0 0.0 0.0 0.0 0.0 0.0 0.06468455 0.0 0.0 0.0 0.0 0.044135395 0.0 0.14184499 0.046307832
0.0 0.114265785 0.0363198 0.0 0.0 0.0 0.0 0.0 0.0 0.0073850295 0.0 0.0 0.0 0.0 0.05763783 0.0 0.0 0.06272084 0.0 0.046711985 0.0 0.0 0.0 0.0 0.0 0.0 0.0 0.0 0.0 0.0 0.16925794 0.05241965 0.0 0.16165581 0.0 0.0 0.0 0.0 0.0 0.0 0.0 0.0189343 0.04614195 0.0 0.0 0.0 0.026403703 0.0 0.0 0.0 0.003975269 0.0 0.043552633 0.0 0.012357491 0.0
0.0 0.115041524 0.0 0.0 0.0 0.032895513 0.0 0.0 0.0 0.0 0.0 0.0 0.063255176 0.007457122 0.0 0.0 0.023368774 0.0 0.0 0.049310166 0.0 0.0686252 0.0 0.0 0.02466784 0.0 0.0 0.0055147484 0.0 0.0 0.0 0.0 0.0 0.0 0.035700172 0.0 0.0 0.0 0.0 0.0 0.22019738 0.20860557 0.0 0.026728354 0.0 0.0 0.074820094 0.01210993 0.0 0.0 0.0 0.0 0.0 0.0 0.0 0.0226798
0.03402107 0.034123007 0.038426038 0.08376727 0.0 0.0 0.04883897 0.13350381 0.0 0.0 0.0048901206 0.0047218846 0.0 0.0565419 0.0 0.025043394 0.0 0.0 0.0 0.07072853 0.0 0.0 0.0783399 0.057051517 0.0 0.010119247 0.2135907 0.0 0.0 0.050951608 0.0 0.019699762 0.0 0.0 0.0 0.0 0.0 0.09552258 0.0 0.0 0.0 0.0 0.0 0.0 0.0 0.029339721 0.0 0.0 0.0 0.0 0.025524119 0.0 0.0 0.0038959528 0.07700191 0.0
0.0 0.0 0.0 0.030848414 0.0 0.004880124 0.0 0.0 0.15445115 0.0 0.08246873 0.0 0.064618714 0.0 0.0 0.0 0.0 0.0 0.0 0.0 0.0 0.0 0.057051517 0.0 0.0 0.002654447 0.0 0.0 0.0 0.0 0.0 0.0 0.0 0.0 0.0 0.0 0.0 0.05122 0.12567937 0.0 0.0055899713 0.0 0.0 0.0 0.0 0.0 0.0 0.0 0.060202412 0.070784435 0.10512911 0.018855885 0.0 0.0 0.14565264 0.0
0.10756144 0.012798256 0.0 0.0 0.0 0.0 0.009262532 0.14038318 0.0 0.14555915 0.0 0.0 0.24545665 0.0 0.09648429 0.0 0.0 0.0 0.0 0.0 0.0 0.02466784 0.0 0.0 0.0 0.0 0.0 0.0 0.0 0.046720102 0.0 0.0 0.0 0.016043454 0.0629219 0.0 0.08718396 0.0 0.0 0.0 0.0 0.0 0.02258936 0.00844763 0.021417478 0.0 0.0 0.0 0.0 0.022951419 0.0 0.010019813 0.0 0.023975195 0.0 0.044392012
0.0 0.0 0.0 0.161691 0.0 0.0 0.0 0.0 0.0 0.0 0.03466034 0.0 0.0 0.0 0.0 0.018663563 0.0 0.0 0.0 0.0 0.0 0.0 0.010119246 0.002654447 0.0 0.0 0.019321742 0.048404474 0.0 0.0 0.08221711 0.0 0.0 0.0 0.0 0.0 0.0 0.039364174 0.0 0.0 0.0 0.0 0.0 0.0 0.0 0.02342469 0.0 0.0 0.008609043 0.0 0.4302085 0.0 0.0 0.0 0.08373835 0.0
0.0 0.0 0.0 0.0 0.0 0.0 0.09622725 0.0 0.0 0.0 0.09417683 0.0 0.0 0.026149148 0.0 0.22920652 0.0 0.0 0.0 0.0017192523 0.0 0.0 0.2135907 0.0 0.0 0.019321742 0.0 0.0 0.0 0.0 0.04062113 0.0 0.0 0.0 0.0 0.0 0.07970629 0.15964533 0.0 0.0 0.0 0.0 0.0 0.0 0.0 0.0 0.0 0.0 0.0 0.0 0.008525055 0.0 0.0 0.0 0.0 0.015362019
0.0 0.060984123 0.01661492 0.0 0.0 0.0 0.11060943 0.022921946 0.024175849 0.0 0.0 0.0 0.0 0.0 0.0 0.059735596 0.049937315 0.0 0.09666227 0.010985633 0.0 0.0055147484 0.0 0.0 0.0 0.048404474 0.0 0.0 0.0 0.0 0.033107888 0.0 0.0 0.0 0.0 0.0 0.0 0.040501703 0.0 0.038553797 0.09512996 0.045038916 0.0989374 0.0 0.0 0.0 0.19948427 0.0 0.011874702 0.0 0.0 0.0 0.011146776 0.060430504 0.0036813 0.10188747
0.015278731 0.0 0.0 0.0 0.0 0.0 0.0 0.0 0.0 0.0 0.0 0.0 0.0 0.0 0.022089632 0.0 0.0 0.0 0.0 0.0 0.0 0.0 0.0 0.0 0.0 0.0 0.0 0.0 0.0 0.10313619 0.0 0.0 0.15990472 0.0 0.0 0.0 0.0 0.0 0.033653766 0.0 0.0 0.0 0.0 0.12141688 0.0 0.0 0.0 0.073562756 0.10884382 0.25440615 0.0 0.0 0.0 0.0 0.007216545 0.0
0.0 0.0 0.0 0.0 0.0 0.0 0.0 0.0 0.0 0.026984397 0.0 0.121590324 0.0044458318 0.0 0.16735347 0.0 0.0 0.0 0.0 0.009620868 0.0 0.0 0.050951608 0.0 0.046720102 0.0 0.0 0.0 0.1031362 0.091285475 0.0 0.0 0.01753609 0.0340908 0.0 0.0 0.0 0.0 0.061212372 0.0 0.0 0.056658596 0.09445602 0.0891427 0.0 0.0 0.0 0.040480413 0.0 0.0 0.0 0.0 0.0 0.0 0.0 0.0
0.0 0.0 0.0 0.0 0.0034335703 0.0 0.057431195 0.0 0.0 0.0 0.0 0.0 0.0 0.0 0.0 0.0816486 0.0 0.0 0.0 0.015713789 0.16925792 0.0 0.0 0.0 0.0 0.08221711 0.04062113 0.033107884 0.0 0.0 0.24134883 0.024243379 0.0 0.0 0.008852561 0.0 0.0 0.014151491 0.0 0.10360367 0.0 0.0087360805 0.03326056 0.0 0.0 0.0 0.0 0.013677122 0.0 0.0 0.0 0.0 0.0 0.0 0.0 0.014102673
0.0 0.0 0.0 0.0 0.0 0.16425292 0.0 0.0 0.0 0.0 0.123593815 0.158393 0.11984411 0.026190497 0.0 0.0 0.0 0.0 0.0 0.0 0.052419655 0.0 0.019699762 0.0 0.0 0.0 0.0 0.0 0.0 0.0 0.02424338 0.12371213 0.018490342 0.0 0.0 0.0 0.0 0.054359887 0.047480125 0.0 0.0 0.0 0.0 0.032453425 0.0 0.014100718 0.0 0.0014327418 0.064547636 0.0 0.0 0.004794947 0.12360485 0.0 0.0 0.0
0.0 0.0 0.1019667 0.0 0.0 0.0 0.037212722 0.055757217 0.0 0.0 0.0 0.0 0.0 0.0 0.0 0.0 0.0 0.0 0.13399255 0.0 0.0 0.0 0.0 0.0 0.0 0.0 0.0 0.0 0.15990472 0.017536093 0.0 0.018490342 0.0 0.12811075 0.0 0.0 0.03647111 0.0023136188 0.017095732 0.0 0.07525526 0.057356775 0.032089878 0.0 0.0 0.0 0.06563806 0.014202072 0.0 0.0 0.0 0.0 0.0384093 0.09688621 0.0 0.10761774
0.0 0.0 0.07036163 0.0016472097 0.0 0.034794707 0.0 0.0 0.0 0.0 0.0 0.2358904 0.0 0.0 0.0 0.038017016 0.0 0.0 0.0 0.0 0.16165581 0.0 0.0 0.0 0.016043454 0.0 0.0 0.0 0.0 0.0340908 0.0 0.0 0.12811075 0.118265375 0.0 0.0 0.0 0.0 0.0348563 0.0 0.0 0.0 0.0 0.0 0.0 0.0075660283 0.0 0.036744006 0.026888233 0.0 0.0 0.0 0.009152113 0.0 0.0 0.0
0.0 0.0 0.04667263 0.021930527 0.1297082 0.024874039 0.0 0.0 0.0 0.0 0.0 0.0 0.0 0.0 0.0 0.0 0.0 0.24973129 0.0 0.1238449 0.0 0.035700176 0.0 0.0 0.062921904 0.0 0.0 0.0 0.0 0.0 0.008852561 0.0 0.0 0.0 0.0 0.03766773 0.026569558 0.06576189 0.0 0.0 0.0 0.0 0.0 0.0 0.0 0.0 0.0 0.0 0.045706194 0.0 0.0 0.0 0.04021331 0.0 0.0 0.0
0.21792571 0.0 0.0 0.0 0.0 0.0 0.0 0.04730952 0.0 0.09405143 0.0 0.0 0.0 0.0 0.0 0.0 0.0 0.0 0.0 0.0 0.0 0.0 0.0 0.0 0.0 0.0 0.0 0.0 0.0 0.0 0.0 0.0 0.0 0.0 0.03766773 0.0 0.13608712 0.0 0.0 0.0 0.0 0.0 0.0 0.0 0.38240302 0.0 0.0 0.0 0.0 0.0 0.0 0.0 0.0 0.0 0.0 0.0
0.0 0.0 0.0 0.079372816 0.18685006 0.027795909 0.0 0.0 0.063437626 0.0 0.0 0.0 0.0 0.019232016 0.0 0.0 0.0 0.0 0.08474124 0.09086407 0.0 0.0 0.0 0.0 0.08718396 0.0 0.0797063 0.0 0.0 0.0 0.0 0.0 0.03647111 0.0 0.026569558 0.1360871 0.0 0.0 0.034758125 0.0 0.0 0.06011824 0.0 0.00037876 0.0 0.0 0.0 0.0 0.0 0.0 0.0 0.0 0.0 0.0 0.0 0.0
0.0 0.016890625 0.0 0.0 0.0 0.0 0.0 0.0 0.0040287073 0.038285736 0.0 0.0 0.0 0.007653209 0.0065771514 0.040717952 0.0 0.0 0.0 0.0 0.0 0.0 0.09552258 0.05122 0.0 0.039364178 0.15964533 0.040501703 0.0 0.0 0.014151491 0.054359887 0.002313619 0.0 0.06576189 0.0 0.0 0.0 0.0 0.0 0.0 0.0 0.0 0.0 0.0 0.0 0.0 0.14847682 0.0 0.0 0.0 0.17682499 0.0 0.0 0.053727698 0.0
0.0674469 0.0 0.13481656 0.0 0.0 0.0 0.0 0.009685088 0.0 0.047406863 0.0 0.029903386 0.0 0.045187443 0.0 0.0 0.0 0.0 0.011842622 0.0 0.0 0.0 0.0 0.12567937 0.0 0.0 0.0 0.0 0.033653766 0.061212376 0.0 0.047480125 0.017095732 0.0348563 0.0 0.0 0.034758125 0.0 0.0 0.0 0.0 0.0 0.0 0.049234603 0.0 0.0 0.0 0.10200968 0.0 0.0 0.0 0.06423405 0.0 0.0 0.0 0.0
0.0 0.0 0.0 0.0 0.0 0.0 0.08503385 0.0 0.0 0.0 0.055506915 0.0 0.0 0.0 0.0 0.0 0.0 0.0 0.0 0.0 0.0 0.0 0.0 0.0 0.0 0.0 0.0 0.038553793 0.0 0.0 0.103603676 0.0 0.0 0.0 0.0 0.0 0.0 0.0 0.0 0.6043116 0.0 0.0 0.0 0.0 0.0 0.0 0.0 0.0 0.0 0.0 0.04322332 0.0 0.0 0.085911766 0.0 0.0
0.0 0.0 0.047923338 0.0 0.0 0.0 0.0 0.0 0.0 0.0 0.007484745 0.035994213 0.0 0.0 0.113238916 0.0 0.0 0.0 0.0 0.0 0.0 0.22019738 0.0 0.005589971 0.0 0.0 0.0 0.09512996 0.0 0.0 0.0 0.0 0.07525527 0.0 0.0 0.0 0.0 0.0 0.0 0.0 0.0 0.0 0.03837026 0.0 0.0 0.0 0.0 0.0 0.08633995 0.1611582 0.0 0.0 0.0 0.0 0.016742205 0.0
0.0 0.0 0.04232012 0.0 0.0 0.035689775 0.0 0.0 0.0 0.00023056369 0.0 0.036095746 0.0 0.0 0.11431533 0.0 0.038809758 0.0 0.0 0.0 0.0189343 0.20860557 0.0 0.0 0.0 0.0 0.0 0.045038916 0.0 0.056658596 0.0087360805 0.0 0.05735678 0.0 0.0 0.0 0.060118236 0.0 0.0 0.0 0.0 0.0 0.015448215 0.04649192 0.1593683 0.054986257 0.0698137 0.040786687 0.0040538376 0.0 0.0 0.0 0.0 0.0 0.0 0.0
0.0 0.121472426 0.0 0.0 0.0 0.0 0.0 0.0056947996 0.0 0.0 0.0 0.0 0.0 0.047518987 0.019433968 0.052838627 0.0 0.0 0.0 0.0 0.046141952 0.0 0.0 0.0 0.02258936 0.0 0.0 0.0989374 0.0 0.09445602 0.03326056 0.0 0.032089874 0.0 0.0 0.0 0.0 0.0 0.0 0.0 0.03837026 0.015448215 0.08256198 0.10495126 0.0 0.0 0.032115992 0.0 0.010486186 0.0 0.0 0.0 0.07700424 0.0 0.05855276 0.0
0.0 0.0 0.011000849 0.0 0.0 0.0 0.0 0.0 0.0 0.0 0.0 0.0 0.0 0.0 0.014455813 0.0 0.33037508 0.0 0.0 0.0 0.0 0.026728356 0.0 0.0 0.008447631 0.0 0.0 0.0 0.12141688 0.089142695 0.0 0.03245343 0.0 0.0 0.0 0.0 0.00037875999 0.0 0.0492346 0.0 0.0 0.04649192 0.10495126 0.0 0.0 0.0 0.0 0.0 0.07348774 0.0 0.0 0.0 0.0 0.0 0.0 0.04225563
0.0 0.0093490165 0.0 0.11937722 0.0630648 0.0 0.0 0.0 0.030984778 0.0 0.0 0.0 0.0 0.13316295 0.019760225 0.02271394 0.16619772 0.012986708 0.030207837 0.0 0.0 0.0 0.0 0.0 0.02141748 0.0 0.0 0.0 0.0 0.0 0.0 0.0 0.0 0.0 0.0 0.38240302 0.0 0.0 0.0 0.0 0.0 0.15936829 0.0 0.0 0.0 0.0 0.0 0.0 0.0 0.0 0.0 0.0 0.011382542 0.0 0.0054035 0.0
0.0 0.0 0.0 0.0 0.0 0.0 0.0 0.0 0.12490686 0.044738173 0.0 0.0 0.07459685 0.0 0.0 0.022793058 0.0073054633 0.0 0.014629926 0.0 0.0 0.0 0.029339723 0.0 0.0 0.023424689 0.0 0.0 0.0 0.0 0.0 0.014100719 0.0 0.0075660283 0.0 0.0 0.0 0.0 0.0 0.0 0.0 0.054986253 0.0 0.0 0.0 0.056714475 0.068530746 0.100808725 0.0 0.0 0.0 0.0 0.0 0.08787693 0.064554766 0.0
0.0 0.0 0.0 0.0 0.0 0.14243531 0.0 0.0 0.0 0.0 0.0 0.049748167 0.0 0.0 0.05859078 0.040181268 0.0 0.0 0.0 0.0 0.026403703 0.074820094 0.0 0.0 0.0 0.0 0.0 0.19948429 0.0 0.0 0.0 0.0 0.06563806 0.0 0.0 0.0 0.0 0.0 0.0 0.0 0.0 0.0698137 0.032115992 0.0 0.0 0.06853074 0.0 0.0 0.019055039 0.0 0.0 0.0 0.0 0.0 0.0 0.0
0.0 0.0 0.05583344 0.0 0.14466453 0.10193332 0.0 0.0 0.0 0.0 0.0 0.0 0.0 0.0 0.0 0.0 0.062390752 0.026261907 0.0 0.06468455 0.0 0.012109931 0.0 0.0 0.0 0.0 0.0 0.0 0.07356275 0.040480413 0.013677123 0.0014327418 0.014202072 0.03674401 0.0 0.0 0.0 0.14847681 0.10200968 0.0 0.0 0.040786687 0.0 0.0 0.0 0.10080872 0.0 0.0 0.0 0.0 0.0 0.0 0.0 0.0 0.0 0.0
0.04084933 0.0 0.10787138 0.0 0.0 0.0 0.0761336 0.16111942 0.0 0.014997588 0.0 0.008572527 0.06407827 0.01612186 0.0 0.0 0.0 0.012657135 0.02738365 0.0 0.0 0.0 0.0 0.060202412 0.0 0.008609043 0.0 0.011874702 0.10884381 0.0 0.0 0.064547636 0.0 0.026888235 0.045706194 0.0 0.0 0.0 0.0 0.0 0.08633995 0.004053837 0.010486186 0.07348774 0.0 0.0 0.01905504 0.0 0.0 0.0 0.0 0.04214309 0.0 0.021035431 0.0 0.005001884
0.025705338 0.0 0.062215187 0.0 0.0 0.0 0.0 0.11382154 0.0 0.0 0.0 0.101060025 0.05429697 0.049056895 0.047764387 0.0 0.032947186 0.0 0.014878628 0.0 0.0 0.0 0.0 0.070784435 0.022951419 0.0 0.0 0.0 0.25440615 0.0 0.0 0.0 0.0 0.0 0.0 0.0 0.0 0.0 0.0 0.0 0.16115822 0.0 0.0 0.0 0.0 0.0 0.0 0.0 0.0 0.0 0.0 0.0 0.0 0.03788897 0.0 0.03755751
0.0 0.0 0.0 0.063033536 0.0 0.0 0.08310204 0.0 0.0 0.0 0.0 0.0 0.013762112 0.114475675 0.0 0.0 0.0 0.0 0.0 0.0 0.003975269 0.0 0.025524119 0.10512911 0.0 0.43020853 0.008525055 0.0 0.0 0.0 0.0 0.0 0.0 0.0 0.0 0.0 0.0 0.0 0.0 0.043223325 0.0 0.0 0.0 0.0 0.0 0.0 0.0 0.0 0.0 0.0 0.0 0.0 0.0 0.2147543 0.0 0.0
0.0 0.0 0.0 0.079381615 0.0 0.0 0.0 0.0 0.29560053 0.0 0.03941326 0.0 0.0 0.0 0.0 0.0 0.0 0.0 0.0 0.0 0.0 0.0 0.0 0.018855883 0.010019813 0.0 0.0 0.0 0.0 0.0 0.0 0.0047949464 0.0 0.0 0.0 0.0 0.0 0.176825 0.06423405 0.0 0.0 0.0 0.0 0.0 0.0 0.0 0.0 0.0 0.042143095 0.0 0.0 0.0 0.24226375 0.0 0.0 0.0
0.0 0.0 0.021408604 0.0 0.0 0.051492613 0.0 0.0 0.0 0.0591218 0.02681625 0.021649258 0.0 0.0 0.0 0.0 0.0 0.0 0.0 0.0441354 0.043552633 0.0 0.0 0.0 0.0 0.0 0.0 0.011146776 0.0 0.0 0.0 0.12360484 0.0384093 0.009152114 0.04021331 0.0 0.0 0.0 0.0 0.0 0.0 0.0 0.07700425 0.0 0.011382541 0.0 0.0 0.0 0.0 0.0 0.0 0.24226375 0.0 0.0 0.037804108 0.079757616
0.0 0.0 0.0 0.0 0.0 0.0 0.0 0.0 0.0 0.0 0.0 0.08302658 0.0 0.0 0.003521064 0.023397557 0.0 0.0 0.0 0.0 0.0 0.0 0.003895953 0.0 0.023975197 0.0 0.0 0.060430504 0.0 0.0 0.0 0.0 0.09688621 0.0 0.0 0.0 0.0 0.0 0.0 0.085911766 0.0 0.0 0.0 0.0 0.0 0.08787693 0.0 0.0 0.021035431 0.037888967 0.2147543 0.0 0.0 0.0 0.0 0.011985005
0.0 0.012177565 0.09647598 0.07297373 0.02277383 0.0 0.044154145 0.025143033 0.043327246 0.0 0.0 0.0 0.0 0.04856749 0.0 0.07263936 0.0 0.0 0.0071767 0.14184497 0.012357491 0.0 0.077001914 0.14565265 0.0 0.08373835 0.0 0.0036813 0.007216545 0.0 0.0 0.0 0.0 0.0 0.0 0.0 0.0 0.053727698 0.0 0.0 0.016742205 0.0 0.058552764 0.0 0.0054035 0.064554766 0.0 0.0 0.0 0.0 0.0 0.0 0.037804108 0.0 0.0 0.0
0.0 0.049603328 0.0 0.0 0.0 0.0 0.0 0.0 0.0 0.0 0.0 0.0104209455 0.04459494 0.0 0.12330768 0.029429136 0.09756973 0.0 0.0 0.04630783 0.0 0.022679798 0.0 0.0 0.044392012 0.0 0.015362018 0.10188747 0.0 0.0 0.014102673 0.0 0.107617736 0.0 0.0 0.0 0.0 0.0 0.0 0.0 0.0 0.0 0.0 0.04225563 0.0 0.0 0.0 0.0 0.0050018844 0.03755751 0.0 0.0 0.07975762 0.011985004 0.0 0.0
