0.03461514 0.0 0.0 0.15178232 0.06578227 0.020238446 0.0 0.010476979 0.037535135 0.0 0.014228214 0.0 0.008416683 0.020411437 0.0 0.0 0.0 0.06862039 0.013539553 0.017086402 0.0 0.0 0.0 0.024096662 0.12671067 0.0 0.0 0.0 0.0 0.0 0.0 0.033995453 0.0039155753 0.0 0.0 0.07628844 0.0 0.19917601 0.0 0.0 0.0 0.0 0.0 0.0 0.0 0.15947506 0.0 0.0 0.0 0.0 0.0 0.077998936 0.0 0.0 0.0 0.0
0.0 0.0 0.0 0.0 0.08995298 0.0 0.0 0.0 0.0 0.0 0.0 0.0 0.0 0.0 0.097777866 0.04296677 0.0 0.0 0.0 0.0 0.0 0.0 0.03458126 0.0 0.0 0.025100496 0.05672888 0.0 0.013793073 0.013818199 0.0 0.0 0.015115802 0.0 0.0 0.0 0.024208084 0.0 0.0 0.0 0.0 0.0 0.0 0.0 0.0017176279 0.0 0.0 0.055929694 0.04912351 0.011223534 0.16873401 0.0 0.0026408317 0.04874304 0.11680283 0.0
0.0 0.0 0.0 0.0 0.075163186 0.0 0.0 0.0 0.0 0.0 0.0 0.0 0.0 0.0 0.027584083 0.0 0.0 0.0 0.0 0.0 0.0 0.0 0.010159069 0.0 0.0 0.09875676 0.039021373 0.05468245 0.0 0.0 0.0 0.0 0.0 0.045354024 0.0 0.0 0.0 0.0 0.0 0.2683615 0.0 0.0 0.09634021 0.0 0.0 0.07887366 0.0 0.0 0.039963856 0.0 0.0 0.0 0.0 0.016172001 0.0 0.0
0.15178232 0.0 0.0 0.0 0.0 0.0 0.0 0.15021661 0.0 0.23235819 0.0 0.0 0.0 0.0 0.0113926055 0.0 0.0 0.0 0.0 0.009989593 0.0 0.0 0.0 0.0 0.0 0.0 0.0 0.0 0.16930003 0.0 0.0 0.0 0.0 0.0 0.042655155 0.0 0.09173474 0.0 0.0 0.0 0.078200296 0.0 0.0 0.0 0.018254308 0.0 0.0 0.0 0.0 0.07790779 0.0 0.0 0.0 0.0 0.0 0.024324244
0.06578227 0.08995298 0.075163186 0.0 0.0 0.04849417 0.0 0.0 0.0 0.0 0.0 0.10711825 0.0 0.0 0.0 0.008278453 0.0 0.026605245 0.0 0.03674168 0.024116227 0.0 0.0 0.0 0.0 0.0058921976 0.015642196 0.02058644 0.0 0.0 0.0 0.0 0.0062594223 0.0 0.0 0.0 0.0 0.030494934 0.0 0.0 0.0 0.0 0.0 0.0 0.0 0.0 0.0 0.027295526 0.08570724 0.14637417 0.033490807 0.0 0.06888149 0.0 0.022830352 0.0
0.020238446 0.0 0.0 0.0 0.04849417 0.0 0.0 0.038835965 0.0 0.0 0.04028577 0.028176134 0.0 0.0 0.118432924 0.0076539307 0.033263694 0.21305384 0.0 0.013365948 0.0 0.0 0.05310812 0.022031698 0.0 0.0 0.08285324 0.0 0.0 0.109485865 0.0 0.0 0.0 0.0 0.0 0.0 0.017585443 0.0 0.0 0.0 0.0 0.0 0.0 0.0 0.027305767 0.0 0.0 0.008204311 0.0 0.024873434 0.079250254 0.0 0.0 0.0 0.014339138 0.0
0.0 0.0 0.0 0.0 0.0 0.0 0.0 0.043384682 0.054039877 0.0 0.01472242 0.056838676 0.0 0.0 0.0 0.0 0.061838944 0.2245086 0.0 0.0 0.0 0.012719906 0.0 0.0 0.030208996 0.0 0.0 0.0 0.07116725 0.025632352 0.0 0.15285009 0.0 0.0 0.0 0.0 0.0 0.0 0.0 0.0 0.0 0.0 0.0 0.0 0.0 0.0 0.0 0.0 0.0 0.02509196 0.0 0.0 0.042577866 0.0 0.0 0.0
0.010476979 0.0 0.0 0.15021661 0.0 0.038835965 0.043384686 0.0 0.0 0.0 0.0 0.0 0.0 0.0887984 0.0 0.0 0.016776446 0.0 0.13819528 0.0 0.0 0.0 0.15233989 0.0 0.0055613043 0.020248733 0.0 0.0 0.0 0.0 0.0 0.0 0.0 0.0 0.0 0.0 0.0 0.08119137 0.0 0.0 0.1286571 0.0 0.0 0.05182231 0.006265954 0.0 0.0 0.0 0.0 0.0 0.0 0.0 0.020816227 0.0 0.0 0.0
0.03753514 0.0 0.0 0.0 0.0 0.0 0.054039877 0.0 0.0 0.07665973 0.0 0.0 0.0 0.0 0.0 0.0 0.0 0.0 0.0 0.0 0.0 0.0 0.0 0.0 0.0 0.0 0.0047479034 0.0 0.30272976 0.0 0.0 0.0 0.0 0.0 0.0 0.0 0.0 0.0 0.0 0.0 0.0 0.0 0.0 0.1351496 0.0 0.0 0.0043786387 0.0 0.0 0.019615786 0.0 0.0 0.0 0.0 0.0 0.22827244
0.0 0.0 0.0 0.23235817 0.0 0.0 0.0 0.0 0.07665973 0.0 0.0 0.0 0.20772934 0.0 0.0 0.0 0.0 0.0 0.0811897 0.0 0.0 0.0 0.0 0.0 0.15172513 0.0 0.0 0.0 0.0 0.0 0.16312045 0.0 0.0 0.0 0.0 0.0 0.0 0.06052231 0.010384677 0.0 0.0 0.023035852 0.0 0.0 0.0 0.0 0.0 0.0 0.068093695 0.0 0.0 0.0 0.0 0.021568632 0.0 0.0
0.0142282145 0.0 0.0 0.0 0.0 0.04028577 0.01472242 0.0 0.0 0.0 0.0 0.08577986 0.05216166 0.0 0.0 0.14126268 0.020694537 0.10751499 0.012201691 0.038976304 0.0 0.0 0.0 0.06028755 0.07413162 0.05380344 0.030530382 0.0 0.0 0.0 0.0 0.0 0.012310084 0.0 0.0 0.0 0.0 0.008830332 0.0 0.0 0.0 0.0776605 0.0 0.07968788 0.0 0.0 0.0 0.034721404 0.0 0.010362331 0.0 0.0 0.0 0.0286444 0.0 0.0
0.0 0.0 0.0 0.0 0.10711825 0.028176134 0.056838676 0.0 0.0 0.0 0.08577986 0.14994365 0.0 0.0 0.015715227 0.0 0.035611916 0.0 0.0 0.0 0.0 0.0 0.0 0.021422712 0.0 0.008290819 0.062157303 0.06953729 0.0 0.0 0.0 0.03613826 0.0 0.010130224 0.0 0.0 0.0 0.0 0.0 0.0 0.0 0.067451976 0.0349234 0.0 0.0 0.016902527 0.0 0.0 0.0 0.0 0.06362938 0.0 0.0 0.09087189 0.0 0.0
0.008416683 0.0 0.0 0.0 0.0 0.0 0.0 0.0 0.0 0.20772935 0.05216166 0.0 0.0 0.0 0.0 0.0 0.0 0.0 0.0 0.0 0.0 0.0 0.08936894 0.14066696 0.0 0.10428194 0.0 0.05009652 0.0 0.0 0.0 0.0 0.0 0.0 0.03128846 0.0 0.0 0.0 0.0 0.0 0.0 0.0 0.0 0.0 0.0 0.0 0.0 0.0 0.0 0.0 0.18713795 0.019811947 0.0 0.0 0.076692894 0.0
0.020411437 0.0 0.0 0.0 0.0 0.0 0.0 0.088798404 0.0 0.0 0.0 0.0 0.0 0.0 0.0 0.0 0.0 0.0 0.0 0.0 0.0 0.0 0.0 0.0 0.0 0.0 0.0 0.0 0.0 0.0 0.0 0.0 0.0 0.064193636 0.38549426 0.0 0.02908992 0.0 0.0 0.009695758 0.1856995 0.0 0.0 0.0 0.20041071 0.0 0.0 0.0 0.0 0.0 0.0 0.0 0.0 0.0 0.0 0.0
0.0 0.097777866 0.027584085 0.011392605 0.0 0.118432924 0.0 0.0 0.0 0.0 0.0 0.015715225 0.0 0.0 0.13576876 0.016407277 0.123895526 0.0 0.0 0.062067736 0.0 0.0 0.0 0.0 0.037320875 0.0 0.07527911 0.0 0.07470205 0.0 0.06609717 0.032861196 0.007910432 0.0 0.0 0.0 0.0 0.0 0.0 0.06648743 0.0 0.0 0.014133156 0.0 0.0 0.0 0.013491064 0.0 0.008117325 0.0 0.0 0.0 0.0 0.0 0.0 0.0
0.0 0.04296677 0.0 0.0 0.008278453 0.0076539307 0.0 0.0 0.0 0.0 0.14126268 0.0 0.0 0.0 0.016407277 0.124880105 0.0 0.0 0.0 0.0 0.006768238 0.0 0.0 0.0 0.0 0.0 0.06851177 0.06357065 0.0 0.0 0.0 0.0 0.086955816 0.0 0.0 0.0 0.0 0.0 0.0 0.0 0.0 0.0 0.0 0.0 0.0 0.0 0.0 0.0 0.063406385 0.0 0.090758555 0.0 0.0 0.0 0.14935789 0.0
0.0 0.0 0.0 0.0 0.0 0.033263694 0.061838944 0.016776444 0.0 0.0 0.020694535 0.03561192 0.0 0.0 0.123895526 0.0 0.0 0.0 0.04515267 0.0 0.0 0.0 0.1403659 0.000644356 0.0 0.0 0.0 0.00991109 0.0 0.01432512 0.0 0.0 0.0 0.0 0.0 0.0 0.0 0.0 0.0005891963 0.07246284 0.013055947 0.0 0.02396014 0.0 0.0 0.19726178 0.0 0.0 0.0 0.0 0.038473725 0.0 0.0 0.0 0.0 0.0
0.06862039 0.0 0.0 0.0 0.026605245 0.21305384 0.22450858 0.0 0.0 0.0 0.107515 0.0 0.0 0.0 0.0 0.0 0.0 0.14640608 0.0 0.02362061 0.0 0.0 0.0 0.0 0.0138730155 0.10432803 0.0 0.0 0.0 0.0 0.0 0.0 0.0 0.0 0.0 0.032365 0.0 0.0 0.0 0.0 0.0 0.0010419108 0.0 0.1079553 0.0035076367 0.0 0.0 0.0 0.0 0.0 0.0 0.0 0.030228589 0.0 0.0 0.0
0.013539553 0.0 0.0 0.0 0.0 0.0 0.0 0.13819528 0.0 0.0811897 0.012201691 0.0 0.0 0.0 0.0 0.0 0.045152668 0.0 0.0 0.0 0.0 0.0 0.0 0.0 0.0 0.0 0.0 0.0 0.0 0.0 0.0 0.0 0.0 0.0 0.0 0.0 0.120358795 0.0 0.037363283 0.020112429 0.0 0.09247862 0.012362482 0.0 0.07886753 0.0 0.0 0.0 0.0 0.18562658 0.0 0.0 0.09906639 0.0 0.0 0.09196479
0.017086402 0.0 0.0 0.009989593 0.036741685 0.013365948 0.0 0.0 0.0 0.0 0.038976304 0.0 0.0 0.0 0.062067736 0.0 0.0 0.02362061 0.0 0.0 0.0 0.0 0.016909447 0.0 0.0 0.0 0.0 0.0 0.0 0.0 0.0 0.0 0.032869525 0.0 0.05903763 0.0 0.11627811 0.0 0.0 0.0 0.0 0.0 0.0 0.0 0.0 0.0 0.0 0.14566872 0.0 0.0 0.11040901 0.029430285 0.0 0.0 0.12791139 0.0
0.0 0.0 0.0 0.0 0.024116227 0.0 0.0 0.0 0.0 0.0 0.0 0.0 0.0 0.0 0.0 0.0067682373 0.0 0.0 0.0 0.0 0.0 0.0 0.084241524 0.011374602 0.0 0.042035826 0.13994049 0.14519124 0.0 0.0 0.0 0.0 0.0 0.0 0.0 0.0 0.0 0.0 0.0 0.113429174 0.0 0.0 0.026744945 0.0 0.0 0.0 0.0 0.0 0.0 0.0 0.09949458 0.0 0.0 0.026332231 0.24597014 0.0
0.0 0.0 0.0 0.0 0.0 0.0 0.012719906 0.0 0.0 0.0 0.0 0.0 0.0 0.0 0.0 0.0 0.0 0.0 0.0 0.0 0.0 0.042933237 0.0 0.0 0.0 0.0 0.0 0.16751617 0.0 0.0 0.0 0.0 0.0 0.0 0.0 0.0 0.0 0.0 0.0 0.07684724 0.013973093 0.05422275 0.019956939 0.0 0.0 0.0 0.0 0.0 0.0 0.020855011 0.0 0.0 0.0 0.3353704 0.0 0.17476183
0.0 0.03458126 0.010159069 0.0 0.0 0.05310812 0.0 0.15233989 0.0 0.0 0.0 0.0 0.08936894 0.0 0.0 0.0 0.14036588 0.0 0.0 0.016909447 0.084241524 0.0 0.0 0.0 0.0 0.0 0.011496096 0.038909912 0.0 0.0 0.0 0.0 0.029162018 0.007502227 0.1528452 0.052146874 0.029689426 0.008130212 0.0 0.0 0.0077879275 0.0 0.0 0.0 0.0 0.0 0.011023927 0.024484355 0.0 0.0 0.0 0.06603985 0.0 0.0 0.056659356 0.0
0.024096662 0.0 0.0 0.0 0.0 0.022031698 0.0 0.0 0.0 0.0 0.060287546 0.021422712 0.14066698 0.0 0.0 0.0 0.000644356 0.0 0.0 0.0 0.011374602 0.0 0.0 0.0 0.0 0.006206828 0.0 0.0 0.0 0.0 0.0 0.024454363 0.0602138 0.13681166 0.0 0.0 0.0 0.19707805 0.0 0.0 0.019904057 0.0 0.0 0.19041774 0.0 0.04292023 0.0 0.005367145 0.0 0.0 0.0 0.0039367955 0.0 0.0020835097 0.0 0.0
0.12671067 0.0 0.0 0.0 0.0 0.0 0.030208994 0.005561304 0.0 0.15172514 0.07413162 0.0 0.0 0.0 0.03732088 0.0 0.0 0.0138730155 0.0 0.0 0.0 0.0 0.0 0.0 0.0 0.0 0.0 0.0 0.0 0.0 0.0 0.0 0.0 0.0 0.0 0.0 0.1861663 0.0 0.0 0.0 0.0015906928 0.016216435 0.01265735 0.0 0.30908817 0.0 0.0 0.0 0.0 0.0 0.0 0.0 0.0 0.0 0.0 0.0
0.0 0.025100496 0.09875675 0.0 0.0058921976 0.0 0.0 0.020248735 0.0 0.0 0.05380344 0.008290818 0.10428194 0.0 0.0 0.0 0.0 0.10432803 0.0 0.0 0.042035826 0.0 0.0 0.006206828 0.0 0.0 0.0 0.0 0.0 0.0 0.11534795 0.105123505 0.0 0.0 0.0 0.1846241 0.0 0.005525172 0.0 0.0 0.0 0.0 0.0 0.0 0.0 0.0 0.16787545 0.02020495 0.0 0.0 0.01412866 0.0 0.010283426 0.0 0.0 0.0
0.0 0.056728877 0.03902137 0.0 0.015642196 0.082853235 0.0 0.0 0.0047479034 0.0 0.030530384 0.062157307 0.0 0.0 0.07527911 0.06851178 0.0 0.0 0.0 0.0 0.13994049 0.0 0.011496096 0.0 0.0 0.0 0.0 0.0 0.0 0.044075962 0.0 0.0 0.32409108 0.006879851 0.011484163 0.0 0.0 0.026272407 0.0 0.0 0.0 0.0 0.0 0.0 0.0 0.0 0.0 0.08205464 0.013005725 0.0 0.015280533 0.0046895626 0.0 0.0 0.0 0.0
0.0 0.0 0.05468245 0.0 0.020586438 0.0 0.0 0.0 0.0 0.0 0.0 0.06953729 0.050096523 0.0 0.0 0.06357065 0.00991109 0.0 0.0 0.0 0.14519124 0.16751616 0.038909912 0.0 0.0 0.0 0.0 0.076086335 0.0 0.0 0.0 0.0022962985 0.07963562 0.0 0.0 0.061891302 0.0 0.0 0.0 0.007327681 0.0 0.07234198 0.0 0.0 0.0 0.0 0.0 0.035808492 0.04697315 0.0 0.02172492 0.0 0.0 0.0 0.036867086 0.031588096
0.0 0.013793073 0.0 0.16930003 0.0 0.0 0.07116725 0.0 0.30272976 0.0 0.0 0.0 0.0 0.0 0.07470204 0.0 0.0 0.0 0.0 0.0 0.0 0.0 0.0 0.0 0.0 0.0 0.0 0.0 0.0 0.0 0.08691269 0.20770693 0.0 0.0 0.0 0.0 0.0 0.0 0.0 0.0 0.0 0.017860157 0.0 0.0 0.0 0.028774649 0.0 0.0 0.0 0.0 0.01238084 0.0 0.031453323 0.045882966 0.0 0.0
0.0 0.0138182 0.0 0.0 0.0 0.10948587 0.025632353 0.0 0.0 0.0 0.0 0.0 0.0 0.0 0.0 0.0 0.01432512 0.0 0.0 0.0 0.0 0.0 0.0 0.0 0.0 0.0 0.044075962 0.0 0.0 0.0 0.0 0.0 0.0 0.0 0.0 0.0 0.0 0.0 0.24360904 0.0 0.0 0.080664486 0.12221673 0.0 0.0 0.017413633 0.0 0.0 0.0 0.0 0.0 0.0 0.029226542 0.057187323 0.0 0.0
0.0 0.0 0.0 0.0 0.0 0.0 0.0 0.0 0.0 0.16312045 0.0 0.0 0.0 0.0 0.06609717 0.0 0.0 0.0 0.0 0.0 0.0 0.0 0.0 0.0 0.0 0.11534795 0.0 0.0 0.08691269 0.0 0.0 0.0 0.0 0.0 0.055982187 0.017352784 0.09689283 0.0 0.0 0.0 0.032800775 0.0 0.0 0.0 0.0 0.0 0.0 0.11757575 0.0 0.0 0.109969124 0.01208145 0.0 0.043075252 0.04078014 0.079852305
0.033995453 0.0 0.0 0.0 0.0 0.0 0.15285009 0.0 0.0 0.0 0.0 0.036138255 0.0 0.0 0.032861196 0.0 0.0 0.0 0.0 0.0 0.0 0.0 0.0 0.024454363 0.0 0.10512351 0.0 0.0022962987 0.20770693 0.0 0.0 0.0 0.0 0.35575536 0.0 0.0 0.0067075826 0.0 0.0 0.0 0.0 0.0 0.0 0.0 0.0 0.0 0.0 0.0 0.0 0.0987193 0.0 0.0 0.0017934602 0.0 0.010347016 0.0
0.0039155753 0.015115801 0.0 0.0 0.0062594223 0.0 0.0 0.0 0.0 0.0 0.012310083 0.0 0.0 0.0 0.007910432 0.086955816 0.0 0.0 0.0 0.03286952 0.0 0.0 0.029162018 0.0602138 0.0 0.0 0.32409108 0.07963562 0.0 0.0 0.0 0.0 0.0 0.01197183 0.0 0.0 0.09969103 0.0 0.0 0.0 0.0 0.0 0.0 0.0 0.0 0.0 0.0 0.010612191 0.0 0.0 0.02982705 0.0 0.0 0.0 0.16278407 0.0
0.0 0.0 0.045354024 0.0 0.0 0.0 0.0 0.0 0.0 0.0 0.0 0.010130224 0.0 0.064193636 0.0 0.0 0.0 0.0 0.0 0.0 0.0 0.0 0.007502227 0.13681166 0.0 0.0 0.006879851 0.0 0.0 0.0 0.0 0.35575536 0.011971831 0.0 0.0 0.0 0.0 0.0 0.096410766 0.0 0.0 0.0 0.008247249 0.0 0.0 0.10485895 0.003930917 0.0 0.007551977 0.0 0.0 0.0 0.0 0.0 0.0 0.0
0.0 0.0 0.0 0.042655155 0.0 0.0 0.0 0.0 0.0 0.0 0.0 0.0 0.03128846 0.38549423 0.0 0.0 0.0 0.0 0.0 0.05903763 0.0 0.0 0.15284522 0.0 0.0 0.0 0.011484163 0.0 0.0 0.0 0.055982187 0.0 0.0 0.0 0.0 0.0 0.0 0.056681417 0.0 0.031621132 0.0 0.0 0.0 0.0 0.0 0.0 0.017578803 0.0 0.0 0.0 0.0 0.13381939 0.0 0.0 0.0 0.0
0.07628845 0.0 0.0 0.0 0.0 0.0 0.0 0.0 0.0 0.0 0.0 0.0 0.0 0.0 0.0 0.0 0.0 0.032364998 0.0 0.0 0.0 0.0 0.052146874 0.0 0.0 0.18462412 0.0 0.061891302 0.0 0.0 0.017352784 0.0 0.0 0.0 0.0 0.0 0.0 0.0 0.0 0.0 0.063711084 0.0 0.0 0.056587487 0.008229085 0.015024393 0.0 0.0 0.0 0.07533876 0.0 0.0 0.08956608 0.06827563 0.0 0.0
0.0 0.024208084 0.0 0.09173474 0.0 0.017585443 0.0 0.0 0.0 0.0 0.0 0.0 0.0 0.02908992 0.0 0.0 0.0 0.0 0.120358795 0.11627812 0.0 0.0 0.029689424 0.0 0.18616629 0.0 0.0 0.0 0.0 0.0 0.09689283 0.006707583 0.09969104 0.0 0.0 0.0 0.0 0.06118893 0.0 0.0 0.0 0.0 0.0 0.0 0.0 0.01391325 0.0 0.0 0.116351075 0.0 0.0 0.0 0.0 0.0 0.0 0.0
0.19917601 0.0 0.0 0.0 0.030494934 0.0 0.0 0.08119136 0.0 0.06052231 0.008830332 0.0 0.0 0.0 0.0 0.0 0.0 0.0 0.0 0.0 0.0 0.0 0.008130212 0.19707803 0.0 0.005525172 0.026272407 0.0 0.0 0.0 0.0 0.0 0.0 0.0 0.056681417 0.0 0.06118893 0.06748892 0.0 0.0 0.0 0.0 0.0 0.0 0.044655845 0.0 0.0 0.033927426 0.0 0.0 0.009955054 0.11641257 0.0 0.0 0.0 0.0
0.0 0.0 0.0 0.0 0.0 0.0 0.0 0.0 0.0 0.010384676 0.0 0.0 0.0 0.0 0.0 0.0 0.0005891963 0.0 0.037363283 0.0 0.0 0.0 0.0 0.0 0.0 0.0 0.0 0.0 0.0 0.24360906 0.0 0.0 0.0 0.096410766 0.0 0.0 0.0 0.0 0.389152 0.0 0.0 0.098751254 0.0 0.016886348 0.0 0.0 0.0 0.0 0.11258461 0.055983156 0.0 0.0 0.031224748 0.0 0.0 0.0
0.0 0.0 0.2683615 0.0 0.0 0.0 0.0 0.0 0.0 0.0 0.0 0.0 0.0 0.009695758 0.06648743 0.0 0.072462834 0.0 0.020112429 0.0 0.113429174 0.07684724 0.0 0.0 0.0 0.0 0.0 0.007327681 0.0 0.0 0.0 0.0 0.0 0.0 0.031621132 0.0 0.0 0.0 0.0 0.1245738 0.057069384 0.0 0.01178576 0.09578201 0.0 0.0 0.021626277 0.0 0.048185453 0.0 0.045776922 0.0 0.007607337 0.0 0.0 0.050466027
0.0 0.0 0.0 0.07820029 0.0 0.0 0.0 0.1286571 0.0 0.0 0.0 0.0 0.0 0.18569951 0.0 0.0 0.013055947 0.0 0.0 0.0 0.0 0.013973092 0.007787928 0.019904057 0.0015906928 0.0 0.0 0.0 0.0 0.0 0.032800775 0.0 0.0 0.0 0.0 0.063711084 0.0 0.0 0.0 0.057069387 0.213987 0.0 0.07412697 0.0 0.0 0.0 0.007173185 0.0 0.0 0.0 0.0 0.0 0.0 0.07773784 0.0 0.0
0.0 0.0 0.0 0.0 0.0 0.0 0.0 0.0 0.0 0.023035852 0.0776605 0.067451976 0.0 0.0 0.0 0.0 0.0 0.001041911 0.09247862 0.0 0.0 0.054222755 0.0 0.0 0.016216436 0.0 0.0 0.07234198 0.017860157 0.080664486 0.0 0.0 0.0 0.0 0.0 0.0 0.0 0.0 0.098751254 0.0 0.0 0.0 0.09512769 0.11761069 0.0 0.029065302 0.0 0.024703914 0.0 0.0 0.0 0.0 0.06928441 0.0 0.0 0.0
0.0 0.0 0.09634021 0.0 0.0 0.0 0.0 0.0 0.0 0.0 0.0 0.034923404 0.0 0.0 0.014133155 0.0 0.02396014 0.0 0.012362482 0.0 0.026744945 0.019956939 0.0 0.0 0.012657349 0.0 0.0 0.0 0.0 0.12221674 0.0 0.0 0.0 0.008247249 0.0 0.0 0.0 0.0 0.0 0.01178576 0.074126974 0.09512768 0.0 0.018273633 0.0 0.0 0.060837775 0.09005335 0.06629757 0.016171899 0.0 0.0 0.2460693 0.026445368 0.0 0.025384625
0.0 0.0 0.0 0.0 0.0 0.0 0.0 0.051822305 0.1351496 0.0 0.07968788 0.0 0.0 0.0 0.0 0.0 0.0 0.1079553 0.0 0.0 0.0 0.0 0.0 0.19041774 0.0 0.0 0.0 0.0 0.0 0.0 0.0 0.0 0.0 0.0 0.0 0.056587484 0.0 0.0 0.016886348 0.09578201 0.0 0.11761069 0.018273635 0.0 0.0 0.034108575 0.0 0.0 0.0 0.0 0.0 0.0 0.0 0.05947132 0.0 0.0
0.0 0.0017176279 0.0 0.018254308 0.0 0.027305767 0.0 0.006265954 0.0 0.0 0.0 0.0 0.0 0.20041071 0.0 0.0 0.0 0.0035076367 0.07886754 0.0 0.0 0.0 0.0 0.0 0.30908817 0.0 0.0 0.0 0.0 0.0 0.0 0.0 0.0 0.0 0.0 0.008229085 0.0 0.044655845 0.0 0.0 0.0 0.0 0.0 0.0 0.1395182 0.11113337 0.0 0.0 0.0 0.0 0.0 0.059295926 0.0 0.0 0.0 0.11404473
0.15947504 0.0 0.07887366 0.0 0.0 0.0 0.0 0.0 0.0 0.0 0.0 0.016902527 0.0 0.0 0.0 0.0 0.19726178 0.0 0.0 0.0 0.0 0.0 0.0 0.042920236 0.0 0.0 0.0 0.0 0.028774647 0.017413633 0.0 0.0 0.0 0.10485894 0.0 0.015024392 0.01391325 0.0 0.0 0.0 0.0 0.029065304 0.0 0.034108575 0.11113337 0.0 0.0 0.0 0.0 0.13456306 0.0 0.0 0.059251923 0.0 0.0 0.037372623
0.0 0.0 0.0 0.0 0.0 0.0 0.0 0.0 0.004378638 0.0 0.0 0.0 0.0 0.0 0.013491063 0.0 0.0 0.0 0.0 0.0 0.0 0.0 0.011023927 0.0 0.0 0.16787545 0.0 0.0 0.0 0.0 0.0 0.0 0.0 0.003930917 0.017578803 0.0 0.0 0.0 0.0 0.021626277 0.007173185 0.0 0.060837775 0.0 0.0 0.0 0.0 0.0 0.0 0.0 0.22030734 0.04948347 0.062366646 0.0 0.0 0.0
0.0 0.05592969 0.0 0.0 0.027295526 0.008204311 0.0 0.0 0.0 0.0 0.034721404 0.0 0.0 0.0 0.0 0.0 0.0 0.0 0.0 0.14566872 0.0 0.0 0.024484355 0.0053671445 0.0 0.02020495 0.08205464 0.035808492 0.0 0.0 0.11757575 0.0 0.010612191 0.0 0.0 0.0 0.0 0.033927426 0.0 0.0 0.0 0.024703914 0.09005335 0.0 0.0 0.0 0.0 0.02884565 0.0 0.0 0.022964833 0.10511699 0.0 0.0 0.052561406 0.0
0.0 0.049123514 0.039963856 0.0 0.08570725 0.0 0.0 0.0 0.0 0.068093695 0.0 0.0 0.0 0.0 0.008117325 0.063406385 0.0 0.0 0.0 0.0 0.0 0.0 0.0 0.0 0.0 0.0 0.013005726 0.04697315 0.0 0.0 0.0 0.0 0.0 0.0075519765 0.0 0.0 0.116351075 0.0 0.112584606 0.048185453 0.0 0.0 0.06629757 0.0 0.0 0.0 0.0 0.0 0.20461802 0.0 0.0 0.0 0.0 0.0 0.0 0.0
0.0 0.011223534 0.0 0.07790779 0.14637417 0.024873434 0.025091957 0.0 0.019615788 0.0 0.010362331 0.0 0.0 0.0 0.0 0.0 0.0 0.0 0.18562658 0.0 0.0 0.020855011 0.0 0.0 0.0 0.0 0.0 0.0 0.0 0.0 0.0 0.0987193 0.0 0.0 0.0 0.07533875 0.0 0.0 0.055983152 0.0 0.0 0.0 0.016171899 0.0 0.0 0.13456306 0.0 0.0 0.0 0.0 0.0 0.0005916192 0.0 0.017086968 0.0 0.0
0.0 0.16873401 0.0 0.0 0.033490807 0.079250254 0.0 0.0 0.0 0.0 0.0 0.063629374 0.18713795 0.0 0.0 0.090758555 0.03847372 0.0 0.0 0.11040901 0.099494584 0.0 0.0 0.0 0.0 0.01412866 0.015280533 0.02172492 0.01238084 0.0 0.109969124 0.0 0.02982705 0.0 0.0 0.0 0.0 0.009955054 0.0 0.045776922 0.0 0.0 0.0 0.0 0.0 0.0 0.22030734 0.022964833 0.0 0.0 0.0 0.0 0.0 0.0 0.0 0.0
0.077998936 0.0 0.0 0.0 0.0 0.0 0.0 0.0 0.0 0.0 0.0 0.0 0.019811947 0.0 0.0 0.0 0.0 0.0 0.0 0.029430283 0.0 0.0 0.066039845 0.0039367955 0.0 0.0 0.004689562 0.0 0.0 0.0 0.012081449 0.0 0.0 0.0 0.13381939 0.0 0.0 0.11641258 0.0 0.0 0.0 0.0 0.0 0.0 0.059295923 0.0 0.04948347 0.10511699 0.0 0.0005916192 0.0 0.31257528 0.0 0.0 0.0 0.0
0.0 0.0026408317 0.0 0.0 0.06888148 0.0 0.042577866 0.02081623 0.0 0.0 0.0 0.0 0.0 0.0 0.0 0.0 0.0 0.03022859 0.09906639 0.0 0.0 0.0 0.0 0.0 0.0 0.010283426 0.0 0.0 0.031453323 0.029226542 0.0 0.0017934602 0.0 0.0 0.0 0.08956608 0.0 0.0 0.031224746 0.007607337 0.0 0.06928441 0.2460693 0.0 0.0 0.059251923 0.062366646 0.0 0.0 0.0 0.0 0.0 0.12695326 0.0970464 0.0 0.0
0.0 0.04874304 0.016172001 0.0 0.0 0.0 0.0 0.0 0.0 0.021568632 0.028644402 0.09087189 0.0 0.0 0.0 0.0 0.0 0.0 0.0 0.0 0.026332231 0.33537036 0.0 0.00208351 0.0 0.0 0.0 0.0 0.045882966 0.057187323 0.043075252 0.0 0.0 0.0 0.0 0.06827563 0.0 0.0 0.0 0.0 0.07773784 0.0 0.026445368 0.05947132 0.0 0.0 0.0 0.0 0.0 0.017086968 0.0 0.0 0.097046405 0.0 0.0 0.0
0.0 0.11680283 0.0 0.0 0.022830354 0.014339139 0.0 0.0 0.0 0.0 0.0 0.0 0.076692894 0.0 0.0 0.14935789 0.0 0.0 0.0 0.12791137 0.24597013 0.0 0.05665936 0.0 0.0 0.0 0.0 0.036867086 0.0 0.0 0.04078014 0.010347015 0.16278407 0.0 0.0 0.0 0.0 0.0 0.0 0.0 0.0 0.0 0.0 0.0 0.0 0.0 0.0 0.052561406 0.0 0.0 0.0 0.0 0.0 0.0 0.0 0.0
0.0 0.0 0.0 0.024324244 0.0 0.0 0.0 0.0 0.22827245 0.0 0.0 0.0 0.0 0.0 0.0 0.0 0.0 0.0 0.09196479 0.0 0.0 0.17476183 0.0 0.0 0.0 0.0 0.0 0.0315881 0.0 0.0 0.079852305 0.0 0.0 0.0 0.0 0.0 0.0 0.0 0.0 0.050466027 0.0 0.0 0.025384625 0.0 0.11404475 0.037372626 0.0 0.0 0.0 0.0 0.0 0.0 0.0 0.0 0.0 0.0
