0.0 0.0 0.04370469 0.019802904 0.005808606 0.017753536 0.0 0.0 0.018958084 0.0 0.0 0.00680516 0.0 0.0 0.0 0.0 0.12140717 0.0 0.0 0.0 0.014655408 0.14785248 0.0 0.0 0.061156623 0.0 0.0 0.06082309 0.0 0.042469807 0.10994963 0.0 0.0 0.0 0.0 0.0 0.0 0.0 0.029053986 0.021068921 0.103094056 0.0 0.0 0.018034255 0.14555395 0.0 0.19202241 0.05198007 0.0 0.0 0.0 0.0 0.0 0.107040495 0.0 0.0
0.0 0.019721126 0.0 0.06700355 0.043502744 0.011327073 0.0 0.0 0.0 0.0 0.034572758 0.0 0.015863769 0.0 0.0 0.04508729 0.0 0.0067071724 0.017826362 0.0 0.0 0.0 0.020171676 0.0 0.013716019 0.036541898 0.09443143 0.0 0.0 0.0 0.0 0.0 0.0 0.0 0.0 0.020213064 0.0 0.0 0.0 0.0 0.0 0.013975347 0.0 0.05811638 0.0 0.0 0.07412149 0.0017416057 0.085594825 0.0 0.17686357 0.0 0.017633118 0.0 0.0 0.0
0.04370469 0.0 0.0 0.0 0.0 0.0 0.0 0.005230955 0.0 0.0 0.04828302 0.0 0.0 0.054400127 0.0774093 0.015524925 0.036868844 0.0041695484 0.0 0.0239167 0.06447751 0.0 0.0 0.07046578 0.0 0.0 0.0 0.0 0.0023061181 0.0 0.04227094 0.1436957 0.0 0.0 0.027834602 0.0 0.0020693582 0.0 0.0 0.01405375 0.0 0.005181026 0.013373445 0.0 0.0 0.084561184 0.0 0.0 0.0 0.0 0.0 0.043408293 0.0 0.0 0.08734646 0.020774402
0.019802904 0.06700355 0.0 0.0 0.0 0.0 0.15107343 0.11760807 0.0 0.14329351 0.009064011 0.0 0.0 0.101890996 0.20689416 0.0 0.0 0.0 0.0 0.0050632614 0.0 0.0 0.0 0.0 0.0 0.0 0.0 0.0 0.049231734 0.0 0.0 0.0 0.0 0.0 0.0 0.027868193 0.0 0.0 0.0 0.064219385 0.0 0.015664615 0.0 0.011762359 0.0091967005 0.0 0.0 0.0 0.0 0.0 0.0 0.0 0.020569092 0.0 0.0 0.0
0.005808606 0.04350274 0.0 0.0 0.0 0.0 0.013501975 0.027476711 0.0 0.07045514 0.0 0.0 0.01441368 0.045886666 0.030811172 0.009668457 0.0 0.0 0.041618273 0.0 0.0 0.0 0.0 0.0034589602 0.0 0.0 0.0 0.0 0.027601033 0.0043506795 0.0 0.0 0.0 0.0 0.08001916 0.0031311698 0.08521493 0.0 0.0 0.0 0.0039085136 0.024248851 0.0 0.0 0.27686718 0.0 0.0 0.0 0.0 0.0 0.0066317352 0.0 0.065352745 0.0 0.0 0.0
0.017753536 0.011327072 0.0 0.0 0.0 0.12729302 0.032961052 0.0 0.0 0.0 0.112977974 0.0 0.0 0.0 0.0 0.07768832 0.0 0.0 0.066582836 0.15121138 0.030120285 0.11437022 0.0 0.0 0.0 0.0 0.017444754 0.0 0.0 0.0 0.0 0.0 0.03603543 0.0924494 0.0 0.0 0.0 0.0 0.0 0.0 0.0 0.0 0.0 0.0 0.0 0.01705575 0.0 0.0 0.0 0.0 0.0 0.0 0.0 0.0 0.075697936 0.0
0.0 0.0 0.0 0.15107343 0.013501975 0.032961052 0.0 0.0 0.0 0.0 0.0 0.0 0.0 0.0 0.0 0.0 0.051102314 0.013578137 0.0 0.0 0.23605077 0.03727324 0.0 0.028628986 0.1794295 0.0 0.0 0.0 0.0 0.0 0.02588966 0.0 0.0 0.0 0.0 0.0 0.0 0.0 0.0 0.0 0.04910931 0.0 0.0 0.0 0.0 0.027458398 0.0 0.0 0.0 0.0 0.0690439 0.0 0.0 0.0 0.016683675 0.0
0.0 0.0 0.0052309544 0.11760806 0.027476711 0.0 0.0 0.0 0.0 0.0 0.0 0.15173826 0.0 0.0 0.058597773 0.0 0.0 0.030176127 0.0 0.08641494 0.0 0.0 0.021018226 0.0 0.0998543 0.0 0.009820933 0.06659432 0.0 0.0 0.0 0.0 0.024391808 0.0 0.0 0.0 0.0 0.1213615 0.12170508 0.0 0.0 0.0 0.0 0.0 0.0 0.07792653 0.0 0.086129114 0.076584235 0.0 0.0 0.0 0.0 0.0 0.0 0.0
0.018958082 0.0 0.0 0.0 0.0 0.0 0.0 0.0 0.0 0.01401996 0.0 0.0 0.0 0.16159254 0.0 0.0 0.0 0.0 0.0 0.0 0.0 0.0 0.0 0.14470209 0.0 0.025402699 0.0 0.0 0.0 0.0 0.0 0.0 0.0 0.0135639645 0.0 0.0 0.22807346 0.0 0.0 0.0 0.0 0.0 0.0 0.0 0.0 0.0 0.0 0.0 0.0 0.0 0.07504337 0.10213781 0.0 0.0 0.0 0.0
0.0 0.0 0.0 0.14329351 0.07045514 0.0 0.0 0.0 0.01401996 0.0 0.0 0.0 0.0 0.0 0.0 0.0 0.0 0.0 0.0 0.0 0.0 0.0 0.22561395 0.0 0.0 0.0 0.13905942 0.25525665 0.0 0.0 0.1968574 0.0 0.0 0.0 0.0 0.0 0.0 0.0 0.0 0.0 0.0 0.0 0.0 0.0 0.0 0.0 0.08436643 0.025786899 0.0 0.0 0.0 0.0 0.0 0.018146519 0.028275898 0.0
0.0 0.034572758 0.04828302 0.009064011 0.0 0.112977974 0.0 0.0 0.0 0.0 0.0 0.0 0.0 0.0 0.0 0.0 0.08121763 0.0 0.0912965 0.04088149 0.0 0.10558817 0.0 0.0 0.050897732 0.0 0.0 0.0 0.15900607 0.0033655532 0.0 0.0 0.0 0.050966002 0.0 0.13708001 0.0 0.0 0.0 0.0 0.16146564 0.0071532913 0.0361867 0.0 0.0076188804 0.0 0.019992318 0.024568459 0.0 0.0 0.0 0.0 0.002846519 0.0 0.0 0.0
0.00680516 0.0 0.0 0.0 0.0 0.0 0.0 0.15173827 0.0 0.0 0.0 0.0 0.028153213 0.030032765 0.0 0.0 0.0044502537 0.0 0.0 0.0 0.0 0.0 0.0 0.021481413 0.0 0.0 0.0 0.0 0.0 0.0 0.0 0.0 0.0 0.0 0.043315765 0.0 0.0 0.0 0.0 0.069811426 0.13555782 0.0 0.20458074 0.0 0.0 0.0 0.0 0.0 0.0 0.0 0.0 0.0 0.0 0.021470763 0.02351178 0.0
0.0 0.015863769 0.0 0.0 0.014413681 0.0 0.0 0.0 0.0 0.0 0.0 0.02815321 0.16733062 0.0 0.0 0.0 0.0011656897 0.0 0.0 0.0 0.008152214 0.0 0.0 0.0 0.012514698 0.0 0.0 0.0 0.0 0.0 0.0 0.0 0.0 0.0 0.0 0.0 0.0 0.0 0.0 0.19798501 0.0 0.114696555 0.008734157 0.2362525 0.0 0.0 0.0 0.0 0.0 0.0 0.0 0.034077864 0.08467173 0.064658895 0.0 0.0
0.0 0.0 0.054400124 0.101890996 0.045886666 0.0 0.0 0.0 0.16159254 0.0 0.0 0.030032767 0.0 0.005302776 0.045684267 0.0 0.0 0.08319916 0.065399796 0.0 0.0 0.0 0.0 0.0 0.055385377 0.0 0.0095112985 0.0 0.0 0.0 0.0 0.1826492 0.0 0.0 0.0 0.0 0.0 0.056191407 0.0 0.0 0.0 0.0 0.0 0.13518171 0.0 0.07526685 0.0 0.0 0.04953806 0.0 0.0 0.0043687625 0.09695065 0.0 0.0 0.0
0.0 0.0 0.0774093 0.20689416 0.030811174 0.0 0.0 0.058597773 0.0 0.0 0.0 0.0 0.0 0.04568427 0.0 0.037903853 0.009806367 0.0 0.0 0.05134224 0.0 0.014487249 0.0 0.0 0.10075459 0.0 0.0 0.0 0.19336754 0.0 0.0 0.0 0.0 0.03374479 0.0 0.0 0.0 0.0 0.0 0.0 0.004887622 0.0 0.0 0.0 0.0 0.04462889 0.0 0.0 0.0 0.0 0.0 0.0 0.007695244 0.0 0.0 0.0
0.0 0.04508729 0.015524925 0.0 0.009668456 0.07768832 0.0 0.0 0.0 0.0 0.0 0.0 0.0 0.0 0.037903853 0.13544266 0.0 0.0 0.033874463 0.0 0.0 0.0 0.022414163 0.0 0.0 0.0 0.13927768 0.0 0.0 0.009922853 0.14292583 0.0 0.12968595 0.0 0.0 0.0033755866 0.0 0.05743741 0.0017386453 0.0 0.0 0.0 0.0 0.0 0.0 0.015972849 0.0 0.0 0.020551456 0.0043601603 0.101519085 0.0 0.0 0.0 0.05656218 0.0
0.12140717 0.0 0.036868844 0.0 0.0 0.0 0.051102314 0.0 0.0 0.0 0.081217624 0.0044502537 0.0011656897 0.0 0.009806367 0.0 0.088069946 0.0 0.004916808 0.0 0.0 0.026941735 0.0 0.0 0.0 0.0 0.0 0.0 0.08339397 0.0 0.0 0.028405897 0.0 0.006329278 0.0 0.0 0.08487919 0.0019511632 0.0 0.0 0.0 0.2000403 0.008117925 0.0 0.0 0.011136873 0.12257174 0.0 0.012958603 0.0 0.0 0.0 0.034155283 0.0 0.0 0.0
0.0 0.0067071724 0.0041695484 0.0 0.0 0.0 0.013578136 0.030176127 0.0 0.0 0.0 0.0 0.0 0.08319916 0.0 0.0 0.0 0.0 0.004930336 0.0 0.0 0.0 0.0 0.0 0.0 0.0 0.0 0.0 0.0 0.0 0.0 0.0 0.0 0.0 0.1691568 0.0 0.0 0.0 0.0 0.008239472 0.23142576 0.0 0.0027942185 0.0 0.012084592 0.0 0.0 0.009549777 0.0 0.0 0.0 0.078463964 0.0 0.09798651 0.0 0.061726328
0.0 0.017826362 0.0 0.0 0.04161827 0.066582836 0.0 0.0 0.0 0.0 0.0912965 0.0 0.0 0.065399796 0.0 0.033874463 0.004916808 0.0049303356 0.0 0.0 0.0 0.0 0.013266501 0.00049954257 0.0 0.0 0.043217316 0.0 0.06446386 0.0 0.0 0.0 0.0 0.0 0.0 0.11066566 0.0 0.0 0.0 0.0 0.0 0.06323032 0.0 0.0 0.0 0.0 0.07464902 0.0 0.0 0.0 0.09460063 0.0 0.0 0.0 0.0 0.0
0.0 0.0 0.023916703 0.0050632614 0.0 0.15121138 0.0 0.08641495 0.0 0.0 0.04088149 0.0 0.0 0.0 0.051342238 0.0 0.0 0.0 0.0 0.0 0.0 0.08683393 0.0 0.0 0.0 0.0 0.0669379 0.0 0.01984392 0.01638082 0.050001025 0.0 0.0 0.0 0.039513886 0.0 0.0 0.046623155 0.0 0.0034408392 0.0645698 0.0 0.0 0.0 0.0 0.038766958 0.0 0.0 0.0 0.0 0.07447239 0.0041236486 0.0 0.0 0.07678398 0.033250473
0.0146554075 0.0 0.06447751 0.0 0.0 0.030120285 0.23605075 0.0 0.0 0.0 0.0 0.0 0.008152214 0.0 0.0 0.0 0.0 0.0 0.0 0.0 0.0 0.0 0.07127246 0.0 0.0 0.0 0.073327765 0.0 0.06686061 0.04670579 0.0 0.0 0.027724093 0.0 0.0 0.0061489344 0.0 0.0 0.0 0.0 0.0 0.0 0.0 0.0 0.0 0.0 0.0 0.0 0.0 0.0 0.07627746 0.0 0.0 0.0 0.1468323 0.0
0.1478525 0.0 0.0 0.0 0.0 0.11437022 0.03727324 0.0 0.0 0.0 0.105588175 0.0 0.0 0.0 0.014487249 0.0 0.026941735 0.0 0.0 0.08683393 0.0 0.0 0.012557687 0.0 0.0 0.0 0.020431388 0.0 0.0 0.0 0.0 0.0 0.0 0.0 0.0 0.0 0.0 0.0 0.0 0.0 0.0 0.0 0.0 0.0 0.011959073 0.09778573 0.0 0.0 0.014409507 0.032915026 0.07847739 0.0 0.0 0.0 0.050152835 0.0
0.0 0.020171678 0.0 0.0 0.0 0.0 0.0 0.021018226 0.0 0.22561395 0.0 0.0 0.0 0.0 0.0 0.022414163 0.0 0.0 0.0132665 0.0 0.07127247 0.012557687 0.0 0.02977762 0.0 0.053823397 0.0 0.0 0.05978405 0.0 0.0 0.0 0.0 0.101305634 0.09281331 0.02311017 0.0 0.0 0.0 0.0 0.0 0.03452651 0.0 0.0036918812 0.0 0.0 0.0 0.064737804 0.0 0.0 0.0 0.092998154 0.0 0.031636253 0.0 0.060371272
0.0 0.0 0.07046579 0.0 0.0034589604 0.0 0.028628988 0.0 0.14470209 0.0 0.0 0.021481413 0.0 0.0 0.0 0.0 0.0 0.0 0.00049954257 0.0 0.0 0.0 0.029777622 0.15168402 0.018193334 0.12704155 0.0 0.03661102 0.0 0.0 0.0 0.0 0.0 0.06679723 0.0610622 0.084232286 0.0 0.18850254 0.008806508 0.0 0.0011728868 0.0 0.0 0.0 0.0 0.05651278 0.0 0.026102409 0.069374725 0.0 0.0 0.013500141 0.0 0.0 0.0033790695 0.0
0.061156623 0.013716019 0.0 0.0 0.0 0.0 0.17942949 0.0998543 0.0 0.0 0.050897732 0.0 0.012514698 0.05538538 0.1007546 0.0 0.0 0.0 0.0 0.0 0.0 0.0 0.0 0.018193334 0.0 0.0 0.0 0.0 0.0 0.0 0.0 0.0 0.0 0.0 0.0 0.0 0.0008697316 0.0 0.0 0.0 0.0 0.08810404 0.075880475 0.0 0.0 0.0 0.0 0.0 0.0 0.0081939045 0.0 0.0 0.0 0.03146718 0.0 0.025379999
0.0 0.036541898 0.0 0.0 0.0 0.0 0.0 0.0 0.025402699 0.0 0.0 0.0 0.0 0.0 0.0 0.0 0.0 0.0 0.0 0.0 0.0 0.0 0.053823397 0.12704153 0.0 0.05762883 0.0 0.15076011 0.0 0.0 0.0 0.0 0.0 0.05603045 0.0 0.07095564 0.0 0.011505909 0.0 0.16894177 0.0 0.0 0.0 0.0 0.0 0.0005446022 0.0 0.0 0.0 0.0 0.14103775 0.119908705 0.0 0.0065558827 0.027574576 0.0
0.0 0.09443143 0.0 0.0 0.0 0.017444754 0.0 0.009820933 0.0 0.13905942 0.0 0.0 0.0 0.0095112985 0.0 0.13927768 0.0 0.0 0.043217313 0.0669379 0.073327765 0.020431388 0.0 0.0 0.0 0.0 0.0 0.021717537 0.0 0.0 0.17336576 0.0 0.0 0.0 0.023734692 0.0 0.0 0.0 0.0 0.0 0.0 0.006875235 0.0 0.0 0.06107872 0.0 0.0 0.071825236 0.0 0.0 0.0 0.0 0.0 0.0 0.0 0.0
0.06082309 0.0 0.0 0.0 0.0 0.0 0.0 0.06659432 0.0 0.25525665 0.0 0.0 0.0 0.0 0.0 0.0 0.0 0.0 0.0 0.0 0.0 0.0 0.0 0.03661102 0.0 0.15076011 0.021717537 0.0 0.0 0.0 0.0 0.0 0.0 0.0 0.051120695 0.0 0.012271338 0.0 0.0 0.0 0.0 0.0 0.0 0.021511054 0.037621837 0.0 0.0 0.0 0.0 0.0 0.0 0.081864096 0.0 0.0 0.0 0.0
0.0 0.0 0.0023061181 0.049231738 0.027601033 0.0 0.0 0.0 0.0 0.0 0.15900609 0.0 0.0 0.0 0.19336753 0.0 0.08339397 0.0 0.06446386 0.01984392 0.0668606 0.0 0.05978405 0.0 0.0 0.0 0.0 0.0 0.0 0.0 0.0 0.0 0.034752756 0.0 0.0 0.0 0.1470705 0.021916803 0.0 0.0 0.0024538587 0.0 0.0 0.0 0.0 0.0 0.0 0.0 0.0 0.0 0.0 0.0 0.0 0.0 0.0 0.0
0.042469803 0.0 0.0 0.0 0.004350679 0.0 0.0 0.0 0.0 0.0 0.0033655532 0.0 0.0 0.0 0.0 0.009922853 0.0 0.0 0.0 0.01638082 0.04670579 0.0 0.0 0.0 0.0 0.0 0.0 0.0 0.0 0.09581946 0.0 0.0 0.32412237 0.0 0.04655857 0.0 0.01337315 0.0 0.0 0.0 0.0 0.0 0.0 0.0 0.0 0.0 0.0 0.0056432923 0.08485508 0.0 0.0 0.0 0.0 0.051636133 0.12426044 0.06948196
0.10994963 0.0 0.042270944 0.0 0.0 0.0 0.025889661 0.0 0.0 0.1968574 0.0 0.0 0.0 0.0 0.0 0.14292583 0.0 0.0 0.0 0.050001025 0.0 0.0 0.0 0.0 0.0 0.0 0.17336576 0.0 0.0 0.0 0.0 0.0 0.0 0.0 0.0 0.0 0.065466724 0.0 0.0 0.0 0.0 0.0 0.022355111 0.0 0.0 0.0 0.0 0.0 0.0 0.0 0.045417473 0.02288285 0.0 0.0 0.08783413 0.0
0.0 0.0 0.14369571 0.0 0.0 0.0 0.0 0.0 0.0 0.0 0.0 0.0 0.0 0.1826492 0.0 0.0 0.028405895 0.0 0.0 0.0 0.0 0.0 0.0 0.0 0.0 0.0 0.0 0.0 0.0 0.0 0.0 0.0 0.09518173 0.0 0.0 0.0 0.019529693 0.0 0.0 0.0 0.042553544 0.0 0.0 0.16893081 0.0 0.0 0.0 0.006255567 0.0 0.030508084 0.0 0.0 0.06365076 0.0 0.009398766 0.15961248
0.0 0.0 0.0 0.0 0.0 0.03603543 0.0 0.024391808 0.0 0.0 0.0 0.0 0.0 0.0 0.0 0.12968595 0.0 0.0 0.0 0.0 0.027724091 0.0 0.0 0.0 0.0 0.0 0.0 0.0 0.034752756 0.32412237 0.0 0.09518173 0.0 0.088897415 0.0 0.0 0.0 0.0 0.0065666423 0.018375054 0.0 0.0 0.06422659 0.0 0.0 0.0 0.0 0.0 0.0 0.0 0.0 0.0 0.0 0.0 0.048591267 0.050775506
0.0 0.0 0.0 0.0 0.0 0.0924494 0.0 0.0 0.013563965 0.0 0.050966002 0.0 0.0 0.0 0.03374479 0.0 0.006329278 0.0 0.0 0.0 0.0 0.0 0.10130564 0.06679722 0.0 0.05603045 0.0 0.0 0.0 0.0 0.0 0.0 0.08889741 0.085168034 0.0 0.0 0.0 0.046246387 0.02288533 0.015551938 0.0 0.0 0.0 0.014416184 0.0 0.0 0.0 0.0 0.0155428955 0.0 0.02106577 0.0 0.0 0.0 0.0 0.0
0.0 0.0 0.027834602 0.0 0.08001916 0.0 0.0 0.0 0.0 0.0 0.0 0.04331577 0.0 0.0 0.0 0.0 0.0 0.1691568 0.0 0.039513886 0.0 0.0 0.09281331 0.0610622 0.0 0.0 0.023734692 0.051120695 0.0 0.046558566 0.0 0.0 0.0 0.0 0.0 0.0 0.0 0.22376136 0.13378845 0.0 0.0 0.0 0.0 0.0 0.037951145 0.0043197675 0.0 0.07536587 0.0 0.0 0.0 0.0 0.0 0.0 0.0 0.0
0.0 0.020213064 0.0 0.027868193 0.00313117 0.0 0.0 0.0 0.0 0.0 0.13708001 0.0 0.0 0.0 0.0 0.0033755866 0.0 0.0 0.11066566 0.0 0.006148935 0.0 0.02311017 0.08423229 0.0 0.07095564 0.0 0.0 0.0 0.0 0.0 0.0 0.0 0.0 0.0 0.11297263 0.06328217 0.07122688 0.0 0.0080528585 0.0 0.0 0.0 0.0 0.0 0.026801638 0.0 0.0 0.0 0.0 0.09378883 0.0 0.02630231 0.053675417 0.0 0.0
0.0 0.0 0.0020693582 0.0 0.08521493 0.0 0.0 0.0 0.22807346 0.0 0.0 0.0 0.0 0.0 0.0 0.0 0.08487918 0.0 0.0 0.0 0.0 0.0 0.0 0.0 0.0008697316 0.0 0.0 0.012271338 0.14707048 0.01337315 0.06546672 0.019529693 0.0 0.0 0.0 0.06328217 0.0 0.04104844 0.043211874 0.0 0.0 0.0 0.0 0.005399476 0.0 0.0 0.19446042 0.12614365 0.0 0.0 0.0 0.0 0.0 0.0 0.0 0.0
0.0 0.0 0.0 0.0 0.0 0.0 0.0 0.1213615 0.0 0.0 0.0 0.0 0.0 0.056191403 0.0 0.05743741 0.0019511632 0.0 0.0 0.046623155 0.0 0.0 0.0 0.18850254 0.0 0.011505908 0.0 0.0 0.021916801 0.0 0.0 0.0 0.0 0.046246387 0.22376135 0.07122688 0.041048445 0.0 0.0 0.0 0.0 0.027166553 0.042029638 0.0 0.0 0.0 0.0 0.0 0.0 0.0034944722 0.0 0.0 0.0 0.0 0.052685503 0.0
0.029053984 0.0 0.0 0.0 0.0 0.0 0.0 0.12170506 0.0 0.0 0.0 0.0 0.0 0.0 0.0 0.0017386453 0.0 0.0 0.0 0.0 0.0 0.0 0.0 0.008806508 0.0 0.0 0.0 0.0 0.0 0.0 0.0 0.0 0.0065666423 0.022885332 0.13378845 0.0 0.043211874 0.0 0.0 0.0 0.0 0.0 0.21803758 0.0 0.0 0.0 0.0 0.0 0.0 0.021800216 0.0 0.0 0.0 0.0 0.031784784 0.2871053
0.02106892 0.0 0.01405375 0.064219385 0.0 0.0 0.0 0.0 0.0 0.0 0.0 0.069811426 0.19798501 0.0 0.0 0.0 0.0 0.008239472 0.0 0.0034408392 0.0 0.0 0.0 0.0 0.0 0.16894175 0.0 0.0 0.0 0.0 0.0 0.0 0.018375054 0.015551939 0.0 0.0080528585 0.0 0.0 0.0 0.044537894 0.0 0.0 0.02075739 0.0 0.0 0.0 0.0 0.0 0.030875277 0.3265383 0.0 0.0 0.039424576 0.0 0.0 0.0
0.10309406 0.0 0.0 0.0 0.0039085136 0.0 0.04910931 0.0 0.0 0.0 0.16146564 0.13555782 0.0 0.0 0.004887622 0.0 0.0 0.23142575 0.0 0.06456979 0.0 0.0 0.0 0.0011728868 0.0 0.0 0.0 0.0 0.0024538585 0.0 0.0 0.042553544 0.0 0.0 0.0 0.0 0.0 0.0 0.0 0.0 0.0 0.0 0.0 0.0 0.0 0.12121917 0.0 0.0 0.0 0.0 0.0 0.10274308 0.031250395 0.0 0.0 0.0
0.0 0.013975348 0.005181026 0.015664615 0.024248851 0.0 0.0 0.0 0.0 0.0 0.007153291 0.0 0.114696555 0.0 0.0 0.0 0.2000403 0.0 0.06323032 0.0 0.0 0.0 0.03452651 0.0 0.08810404 0.0 0.006875235 0.0 0.0 0.0 0.0 0.0 0.0 0.0 0.0 0.0 0.0 0.027166553 0.0 0.0 0.0 0.0 0.0 0.0 0.0 0.0 0.0 0.0 0.14535658 0.025343373 0.020871693 0.0 0.16307631 0.0 0.0 0.0
0.0 0.0 0.013373445 0.0 0.0 0.0 0.0 0.0 0.0 0.0 0.0361867 0.20458074 0.008734158 0.0 0.0 0.0 0.008117925 0.0027942185 0.0 0.0 0.0 0.0 0.0 0.0 0.075880475 0.0 0.0 0.0 0.0 0.0 0.022355111 0.0 0.06422659 0.0 0.0 0.0 0.0 0.042029634 0.21803756 0.02075739 0.0 0.0 0.0 0.0 0.0 0.0 0.0 0.0 0.0 0.20002593 0.061806347 0.0 0.047792 0.0 0.0 0.0
0.018034257 0.05811638 0.0 0.011762359 0.0 0.0 0.0 0.0 0.0 0.0 0.0 0.0 0.2362525 0.13518171 0.0 0.0 0.0 0.0 0.0 0.0 0.0 0.0 0.003691881 0.0 0.0 0.0 0.0 0.021511054 0.0 0.0 0.0 0.16893081 0.0 0.014416185 0.0 0.0 0.005399476 0.0 0.0 0.0 0.0 0.0 0.0 0.120310165 0.0 0.06829811 0.0 0.0 0.014514164 0.0 0.0 0.0 0.0 0.05196336 0.0 0.0
0.14555395 0.0 0.0 0.009196701 0.27686718 0.0 0.0 0.0 0.0 0.0 0.00761888 0.0 0.0 0.0 0.0 0.0 0.0 0.012084592 0.0 0.0 0.0 0.011959073 0.0 0.0 0.0 0.0 0.06107872 0.03762184 0.0 0.0 0.0 0.0 0.0 0.0 0.037951145 0.0 0.0 0.0 0.0 0.0 0.0 0.0 0.0 0.0 0.2551795 0.040393606 0.0369395 0.0624739 0.0 0.0 0.0 0.0 0.0 0.0 0.0 0.0
0.0 0.0 0.08456119 0.0 0.0 0.01705575 0.027458396 0.07792653 0.0 0.0 0.0 0.0 0.0 0.07526685 0.044628885 0.015972849 0.011136873 0.0 0.0 0.038766958 0.0 0.09778573 0.0 0.05651278 0.0 0.0005446022 0.0 0.0 0.0 0.0 0.0 0.0 0.0 0.0 0.0043197675 0.026801638 0.0 0.0 0.0 0.0 0.12121917 0.0 0.0 0.06829811 0.040393606 0.0 0.0 0.018378496 0.0 0.02734506 0.0 0.0 0.0 0.0 0.0 0.102740936
0.19202243 0.07412149 0.0 0.0 0.0 0.0 0.0 0.0 0.0 0.08436643 0.019992318 0.0 0.0 0.0 0.0 0.0 0.12257174 0.0 0.07464902 0.0 0.0 0.0 0.0 0.0 0.0 0.0 0.0 0.0 0.0 0.0 0.0 0.0 0.0 0.0 0.0 0.0 0.19446044 0.0 0.0 0.0 0.0 0.0 0.0 0.0 0.0369395 0.0 0.0 0.0 0.0 0.018148482 0.0 0.0 0.0 0.0 0.0 0.0
0.05198007 0.0017416058 0.0 0.0 0.0 0.0 0.0 0.08612912 0.0 0.025786899 0.024568459 0.0 0.0 0.0 0.0 0.0 0.0 0.009549776 0.0 0.0 0.0 0.0 0.064737804 0.026102409 0.0 0.0 0.07182524 0.0 0.0 0.0056432923 0.0 0.006255567 0.0 0.0 0.075365864 0.0 0.12614366 0.0 0.0 0.0 0.0 0.0 0.0 0.0 0.062473897 0.018378494 0.0 0.039204992 0.0 0.0 0.1032699 0.08176819 0.0 0.0 0.09117269 0.0
0.0 0.085594825 0.0 0.0 0.0 0.0 0.0 0.076584235 0.0 0.0 0.0 0.0 0.0 0.049538065 0.0 0.020551456 0.012958603 0.0 0.0 0.0 0.0 0.014409508 0.0 0.069374725 0.0 0.0 0.0 0.0 0.0 0.08485509 0.0 0.0 0.0 0.0155428955 0.0 0.0 0.0 0.0 0.0 0.030875275 0.0 0.14535658 0.0 0.014514164 0.0 0.0 0.0 0.0 0.0 0.0 0.0 0.23702036 0.0 0.0 0.0026540516 0.0
0.0 0.0 0.0 0.0 0.0 0.0 0.0 0.0 0.0 0.0 0.0 0.0 0.0 0.0 0.0 0.00436016 0.0 0.0 0.0 0.0 0.0 0.032915026 0.0 0.0 0.0081939045 0.0 0.0 0.0 0.0 0.0 0.0 0.030508086 0.0 0.0 0.0 0.0 0.0 0.0034944722 0.021800216 0.3265383 0.0 0.025343372 0.20002593 0.0 0.0 0.02734506 0.018148482 0.0 0.0 0.0 0.0 0.0 0.0 0.15465882 0.0 0.067644745
0.0 0.17686357 0.0 0.0 0.0066317352 0.0 0.0690439 0.0 0.07504337 0.0 0.0 0.0 0.0 0.0 0.0 0.101519085 0.0 0.0 0.09460063 0.07447239 0.07627746 0.0784774 0.0 0.0 0.0 0.14103776 0.0 0.0 0.0 0.0 0.045417473 0.0 0.0 0.021065772 0.0 0.09378883 0.0 0.0 0.0 0.0 0.0 0.020871691 0.061806347 0.0 0.0 0.0 0.0 0.1032699 0.0 0.0 0.0 0.0 0.0 0.0 0.0 0.0
0.0 0.0 0.043408297 0.0 0.0 0.0 0.0 0.0 0.10213782 0.0 0.0 0.0 0.034077864 0.004368762 0.0 0.0 0.0 0.078463964 0.0 0.004123648 0.0 0.0 0.092998154 0.013500141 0.0 0.119908705 0.0 0.081864096 0.0 0.0 0.02288285 0.0 0.0 0.0 0.0 0.0 0.0 0.0 0.0 0.0 0.10274308 0.0 0.0 0.0 0.0 0.0 0.0 0.08176819 0.23702034 0.0 0.0 0.0 0.0 0.0 0.0052161757 0.0
0.0 0.017633118 0.0 0.020569092 0.065352745 0.0 0.0 0.0 0.0 0.0 0.002846519 0.0 0.08467172 0.09695065 0.007695244 0.0 0.034155287 0.0 0.0 0.0 0.0 0.0 0.0 0.0 0.0 0.0 0.0 0.0 0.0 0.0 0.0 0.06365075 0.0 0.0 0.0 0.026302308 0.0 0.0 0.0 0.039424576 0.031250395 0.16307631 0.047792 0.0 0.0 0.0 0.0 0.0 0.0 0.0 0.0 0.0 0.0 0.26362568 0.03315802 0.14874747
0.1070405 0.0 0.0 0.0 0.0 0.0 0.0 0.0 0.0 0.018146519 0.0 0.021470765 0.064658895 0.0 0.0 0.0 0.0 0.097986504 0.0 0.0 0.0 0.0 0.031636253 0.0 0.03146718 0.0065558823 0.0 0.0 0.0 0.05163613 0.0 0.0 0.0 0.0 0.0 0.053675413 0.0 0.0 0.0 0.0 0.0 0.0 0.0 0.05196336 0.0 0.0 0.0 0.0 0.0 0.15465884 0.0 0.0 0.26362568 0.0 0.0 0.0
0.0 0.0 0.08734645 0.0 0.0 0.07569793 0.016683677 0.0 0.0 0.028275898 0.0 0.02351178 0.0 0.0 0.0 0.05656218 0.0 0.0 0.0 0.07678398 0.1468323 0.050152835 0.0 0.0033790697 0.0 0.027574575 0.0 0.0 0.0 0.12426045 0.08783413 0.009398766 0.048591267 0.0 0.0 0.0 0.0 0.052685503 0.031784784 0.0 0.0 0.0 0.0 0.0 0.0 0.0 0.0 0.09117269 0.0026540516 0.0 0.0 0.0052161757 0.03315802 0.0 0.0 0.0
0.0 0.0 0.0207744 0.0 0.0 0.0 0.0 0.0 0.0 0.0 0.0 0.0 0.0 0.0 0.0 0.0 0.0 0.061726328 0.0 0.033250473 0.0 0.0 0.060371276 0.0 0.02538 0.0 0.0 0.0 0.0 0.06948196 0.0 0.15961246 0.050775502 0.0 0.0 0.0 0.0 0.0 0.2871053 0.0 0.0 0.0 0.0 0.0 0.0 0.102740936 0.0 0.0 0.0 0.067644745 0.0 0.0 0.14874746 0.0 0.0 0.0
