0.0 0.015551366 0.17000395 0.0 0.0 0.0 0.0150363 0.0 0.0 0.003578346 0.0 0.0 0.0 0.0 0.014540026 0.0 0.0 0.0 0.0 0.0 0.0 0.0 0.0 0.0 0.0 0.0 0.0 0.0 0.0 0.07514311 0.007632241 0.0 0.0 0.00553174 0.09798269 0.0 0.0 0.0 0.017569903 0.0 0.0 0.22280952 0.09441326 0.019912075 0.0 0.0 0.13575852 0.0 0.0 0.0 0.0 0.057829108 0.022339799 0.21286748 0.012320984 0.0
0.015551365 0.0 0.0 0.0 0.035114318 0.0 0.0 0.055916734 0.0 0.0 0.0 0.0 0.055362824 0.0 0.0 0.0011129158 0.0 0.0 0.0 0.0 0.0 0.0 0.0 0.0 0.0 0.1285885 0.0 0.0 0.0 0.0 0.0 0.0 0.0 0.0 0.0 0.27978456 0.0 0.0 0.0 0.0 0.0 0.0 0.0 0.0 0.0066854893 0.0 0.0 0.0 0.0 0.0 0.0 0.0 0.0 0.0 0.0 0.10380421
0.17000394 0.0 0.0 0.0 0.0 0.0 0.0 0.15303244 0.0 0.0 0.0 0.0 0.0 0.04953085 0.0 0.0 0.0892552 0.0 0.011485963 0.06894859 0.025397552 0.0 0.0079041 0.090093136 0.0 0.0 0.0 0.0 0.0 0.035566583 0.0 0.0 0.0 0.0 0.0 0.0 0.0 0.0 0.0 0.0 0.0 0.03314411 0.0 0.0 0.02251816 0.0 0.0 0.0 0.0 0.0 0.0 0.0 0.0 0.0 0.0 0.0
0.0 0.0 0.0 0.0 0.0 0.0 0.0 0.20396474 0.0 0.0 0.0 0.0 0.11730101 0.081330545 0.0 0.058858927 0.0 0.0 0.0 0.0 0.0 0.0 0.0 0.0 0.0 0.0 0.0 0.22570859 0.058871698 0.0 0.0 0.0 0.0 0.023979452 0.0 0.0 0.0 0.0 0.0 0.08597387 0.0 0.0 0.0 0.0 0.0 0.0 0.0 0.11650135 0.0 0.0 0.0 0.0 0.0 0.0 0.036242947 0.0
0.0 0.035114318 0.0 0.0 0.0 0.0 0.0 0.035404783 0.0 0.0 0.0 0.0 0.021203533 0.1138521 0.0 0.0 0.077812865 0.0 0.09840416 0.010385957 0.0 0.0 0.0 0.0 0.11177614 0.03910318 0.0 0.0 0.0 0.0 0.0 0.0 0.0 0.0 0.0 0.0 0.0 0.0 0.0 0.0 0.062036987 0.0 0.0 0.118383 0.0 0.0 0.0 0.012705462 0.0 0.0 0.0 0.0 0.21618076 0.0 0.0 0.0
0.0 0.0 0.0 0.0 0.0 0.0 0.0 0.0 0.0 0.0 0.0 0.0 0.0 0.024905369 0.02715306 0.0143604595 0.0 0.07822477 0.023568919 0.028194437 0.0 0.0 0.046313625 0.1400545 0.0 0.1070332 0.32994917 0.01178744 0.0 0.0 0.0 0.0 0.0 0.0 0.0 0.0 0.0 0.02138748 0.0 0.0 0.0 0.0106480075 0.0 0.0 0.0 0.0 0.0 0.0 0.0 0.0 0.0 0.0073492406 0.0 0.0 0.0 0.0
0.015036301 0.0 0.0 0.0 0.0 0.0 0.0 0.0 0.0 0.0 0.0 0.0 0.0 0.0 0.0 0.0 0.0 0.0 0.0 0.0 0.0 0.0 0.1171119 0.0 0.0 0.0 0.0 0.056071516 0.037640456 0.0 0.0 0.0 0.00073687086 0.08364721 0.0 0.0 0.0 0.0 0.0 0.15537407 0.0 0.0 0.1020142 0.0 0.010905541 0.0 0.0 0.0 0.0 0.0 0.0974962 0.0 0.0 0.0 0.0 0.111585416
0.0 0.055916738 0.15303244 0.20396474 0.035404783 0.0 0.0 0.0 0.04869203 0.0 0.011011023 0.009378554 0.0 0.0 0.011218694 0.0 0.0 0.0 0.0 0.0 0.0074133556 0.0 0.1258762 0.0054238494 0.0 0.0 0.0 0.0 0.0 0.031276908 0.02577693 0.05490597 0.0 0.019838125 0.0 0.0 0.0065278313 0.0 0.0 0.0 0.013333593 0.0 0.0 0.032386422 0.0 0.18548502 0.07302455 0.0 0.012267066 0.0 0.042105697 0.0 0.0 0.06711827 0.0 0.0
0.0 0.0 0.0 0.0 0.0 0.0 0.0 0.04869203 0.0 0.0 0.1927257 0.0 0.0 0.0 0.0 0.05787218 0.0 0.0 0.0 0.20804273 0.020864189 0.124196224 0.0 0.0 0.0 0.0 0.0 0.042986512 0.0 0.0 0.0 0.0 0.0 0.0 0.0 0.0 0.007705245 0.03712033 0.0 0.036146548 0.0 0.010191237 0.059754252 0.0 0.0 0.0 0.0 0.019202525 0.13098699 0.0 0.0 0.0 0.0 0.0 0.0 0.0
0.003578346 0.0 0.0 0.0 0.0 0.0 0.0 0.0 0.0 0.27516478 0.0 0.0 0.0 0.0 0.0 0.0 0.0 0.0 0.0 0.0 0.0 0.0 0.0 0.004397724 0.0 0.0 0.0 0.0 0.0 0.0 0.0 0.0 0.0 0.0 0.33848765 0.0 0.049315847 0.0 0.0 0.0 0.0 0.0 0.0 0.0 0.12684609 0.0 0.0 0.0 0.0 0.0 0.0 0.15555331 0.0 0.0 0.03964597 0.0
0.0 0.0 0.0 0.0 0.0 0.0 0.0 0.011011023 0.1927257 0.0 0.028600963 0.0 0.0 0.0 0.027922072 0.0 0.0 0.120824024 0.0 0.0 0.0 0.0 0.0 0.0 0.0 0.056695532 0.0 0.0 0.0 0.026282687 0.041331146 0.09646119 0.0 0.0 0.0 0.0 0.043809786 0.08345464 0.0 0.0 0.0 0.07807734 0.0 0.0 0.0 0.07652167 0.0 0.024366613 0.0 0.0 0.0069397087 0.09941557 0.0 0.0 0.035709634 0.0
0.0 0.0 0.0 0.0 0.0 0.0 0.0 0.009378553 0.0 0.0 0.0 0.0 0.0 0.265831 0.0 0.0 0.123336285 0.0 0.0 0.0060168277 0.0 0.15811615 0.004580788 0.13680081 0.0 0.0 0.027924348 0.0 0.0 0.0 0.0 0.0 0.0 0.0 0.0 0.0 0.0 0.0 0.0 0.0 0.017276699 0.0 0.0 0.0 0.0 0.0 0.0 0.0 0.0 0.06778222 0.058424443 0.0 0.0 0.0 0.0 0.0
0.0 0.05536282 0.0 0.117301 0.021203533 0.0 0.0 0.0 0.0 0.0 0.0 0.0 0.18609956 0.0 0.0 0.09564256 0.0 0.0 0.103267886 0.0 0.0 0.0 0.0 0.059643455 0.0 0.006503217 0.0 0.0 0.07327106 0.0 0.0 0.0 0.0 0.0 0.021627182 0.06048483 0.0 0.0 0.0 0.022083659 0.0 0.0 0.0 0.0 0.0 0.04444226 0.0 0.0 0.0033555108 0.0 0.0019116096 0.0 0.0 0.0 0.0 0.10540354
0.0 0.0 0.04953085 0.081330545 0.1138521 0.02490537 0.0 0.0 0.0 0.0 0.0 0.265831 0.0 0.0 0.0 0.0 0.0 0.16437481 0.0 0.0 0.0 0.0 0.0 0.0 0.06378464 0.0 0.0 0.0 0.0 0.028738547 0.018409668 0.058514867 0.029871468 0.0 0.0 0.0 0.0 0.0 0.0071991733 0.0 0.0 0.0 0.0 0.0 0.034902923 0.08668023 0.0 0.0 0.0 0.033132568 0.0 0.0 0.034642775 0.0 0.0 0.09031911
0.014540026 0.0 0.0 0.0 0.0 0.02715306 0.0 0.011218694 0.0 0.0 0.027922072 0.0 0.0 0.0 0.0 0.103544846 0.0 0.0 0.0 0.0 0.0 0.0 0.0055366 0.0 0.0 0.0 0.05425935 0.0 0.0 0.0 0.0 0.0 0.20353796 0.0 0.0 0.0 0.11401621 0.0 0.0 0.0 0.0 0.0 0.0 0.0 0.19648081 0.0 0.0 0.013018705 0.0 0.10953817 0.0022759808 0.0 0.0 0.0 0.0 0.0
0.0 0.0011129158 0.0 0.058858927 0.0 0.0143604595 0.0 0.0 0.05787218 0.0 0.0 0.0 0.09564256 0.0 0.10354484 0.0 0.0 0.0 0.0 0.0 0.0 0.0 0.0 0.0 0.0 0.07952609 0.033294942 0.0 0.03449087 0.0 0.0 0.0 0.0074820006 0.09033141 0.0 0.0 0.0 0.0 0.0 0.0426573 0.0 0.0 0.04433603 0.04075158 0.0 0.0 0.0 0.018703481 0.097906224 0.0 0.0 0.0 0.0 0.0 0.028468173 0.09550547
0.0 0.0 0.0892552 0.0 0.077812865 0.0 0.0 0.0 0.0 0.0 0.0 0.12333629 0.0 0.0 0.0 0.0 0.0 0.0 0.06174775 0.0 0.1310321 0.115623616 0.0 0.0 0.13440794 0.0 0.0 0.0 0.0 0.07920445 0.0 0.025209242 0.04446456 0.0 0.0 0.0 0.0 0.0 0.0 0.0 0.0 0.0 0.0 0.0 0.0 0.0 0.015124624 0.0 0.0 0.14373681 0.0 0.0 0.075337924 0.0 0.0 0.03792982
0.0 0.0 0.0 0.0 0.0 0.07822477 0.0 0.0 0.0 0.0 0.12082403 0.0 0.0 0.16437481 0.0 0.0 0.0 0.0 0.0 0.0 0.0 0.0 0.0 0.0 0.0 0.10839485 0.002352991 0.07953247 0.0 0.0 0.028313879 0.02143794 0.0 0.0 0.0 0.0 0.0 0.071040764 0.0 0.11500096 0.0 0.0 0.013004897 0.0 0.0 0.075600125 0.02732677 0.0 0.0 0.0 0.109749526 0.002747375 0.0 0.026642602 0.0 0.0
0.0 0.0 0.011485963 0.0 0.09840416 0.023568917 0.0 0.0 0.0 0.0 0.0 0.0 0.10326788 0.0 0.0 0.0 0.061747752 0.0 0.0 0.04391369 0.042382047 0.0 0.02203422 0.0 0.09095032 0.0 0.005293653 0.0 0.0 0.0412007 0.0 0.0 0.013380462 0.0 0.0 0.0 0.0 0.0 0.06661893 0.0 0.0 0.0 0.0 0.04506328 0.0 0.0 0.0 0.0 0.0 0.13998173 0.001828271 0.0 0.02854737 0.0 0.0 0.0
0.0 0.0 0.06894859 0.0 0.010385957 0.028194435 0.0 0.0 0.20804271 0.0 0.0 0.0060168277 0.0 0.0 0.0 0.0 0.0 0.0 0.04391369 0.0 0.026783846 0.0 0.0 0.0071191303 0.0 0.0 0.08040797 0.0 0.0 0.24387969 0.0 0.03969058 0.0 0.0 0.0 0.0074609644 0.0 0.0 0.043207057 0.0 0.0 0.0 0.0 0.0 0.0 0.11598582 0.0 0.0 0.0 0.0 0.0 0.0 0.0 0.0 0.0 0.0
0.0 0.0 0.02539755 0.0 0.0 0.0 0.0 0.0074133556 0.02086419 0.0 0.0 0.0 0.0 0.0 0.0 0.0 0.1310321 0.0 0.042382047 0.026783846 0.0 0.0 0.0 0.0 0.2932645 0.0 0.0 0.0 0.0 0.054404777 0.0 0.0 0.0 0.0 0.0 0.04541258 0.0 0.0 0.06806187 0.0 0.0 0.020578418 0.0 0.0 0.0 0.0 0.0 0.0 0.0 0.0 0.0 0.0 0.16902535 0.0 0.0 0.0
0.0 0.0 0.0 0.0 0.0 0.0 0.0 0.0 0.12419623 0.0 0.0 0.15811613 0.0 0.0 0.0 0.0 0.115623616 0.0 0.0 0.0 0.0 0.0 0.0 0.0 0.0 0.0 0.0 0.0 0.0 0.033315483 0.0 0.018829256 0.0 0.0 0.0 0.14434147 0.0 0.0 0.0 0.0 0.0 0.0 0.0 0.09482826 0.0 0.0 0.09108614 0.0 0.0 0.0 0.0 0.0 0.044910755 0.0 0.0 0.0
0.0 0.0 0.0079041 0.0 0.0 0.046313625 0.1171119 0.1258762 0.0 0.0 0.0 0.004580788 0.0 0.0 0.0055366005 0.0 0.0 0.0 0.02203422 0.0 0.0 0.0 0.0 0.02007939 0.019395085 0.058957104 0.0 0.066350795 0.14584573 0.0 0.0 0.0 0.033422843 0.21849044 0.0 0.0 0.0 0.0 0.10277285 0.0 0.0 0.0 0.0 0.0 0.0 0.0 0.0 0.12609188 0.0 0.0 0.0 0.006578004 0.0 0.0 0.05471519 0.0
0.0 0.0 0.090093136 0.0 0.0 0.1400545 0.0 0.00542385 0.0 0.004397724 0.0 0.13680081 0.059643455 0.0 0.0 0.0 0.0 0.0 0.0 0.00711913 0.0 0.0 0.02007939 0.0 0.0 0.0 0.0 0.0 0.0 0.0 0.12997957 0.0 0.07664791 0.009329091 0.0 0.0 0.03467044 0.0 0.03573525 0.0 0.047571465 0.0 0.0 0.07892656 0.046564348 0.047026325 0.0 0.10904877 0.0 0.0 0.007098889 0.0 0.0 0.036760543 0.0 0.0
0.0 0.0 0.0 0.0 0.11177614 0.0 0.0 0.0 0.0 0.0 0.0 0.0 0.0 0.063784644 0.0 0.0 0.13440795 0.0 0.09095032 0.0 0.2932645 0.0 0.019395085 0.0 0.076165795 0.0 0.0 0.0 0.0 0.0 0.0 0.0 0.018471858 0.0 0.0 0.0 0.0 0.04267642 0.0 0.0 0.0 0.0 0.0 0.102056414 0.0 0.038200226 0.0 0.0 0.0 0.036884394 0.0 0.0 0.101334855 0.0 0.0 0.0
0.0 0.12858851 0.0 0.0 0.03910318 0.10703321 0.0 0.0 0.0 0.0 0.056695532 0.0 0.006503217 0.0 0.0 0.0795261 0.0 0.10839485 0.0 0.0 0.0 0.0 0.058957104 0.0 0.0 0.0 0.0 0.09452734 0.0 0.0 0.07558781 0.0 0.0 0.050175734 0.0 0.0 0.0 0.0 0.0 0.07520039 0.0 0.0 0.0946169 0.0 0.0 0.0 0.0 0.0 0.0 0.0 0.10462554 0.0 0.0 0.0 0.075089976 0.0
0.0 0.0 0.0 0.0 0.0 0.32994914 0.0 0.0 0.0 0.0 0.0 0.027924348 0.0 0.0 0.054259345 0.033294942 0.0 0.002352991 0.005293653 0.08040797 0.0 0.0 0.0 0.0 0.0 0.0 0.0 0.0 0.0 0.11318049 0.0 0.0 0.047748443 0.04823499 0.0 0.0 0.0 0.0 0.14986092 0.0 0.0 0.13034748 0.03814509 0.0 0.0 0.0 0.0 0.028505905 0.0 0.0 0.0 0.0 0.05430293 0.0 0.0 0.0
0.0 0.0 0.0 0.22570859 0.0 0.011787441 0.056071516 0.0 0.042986512 0.0 0.0 0.0 0.0 0.0 0.0 0.0 0.0 0.07953247 0.0 0.0 0.0 0.0 0.066350795 0.0 0.0 0.09452734 0.0 0.0 0.0 0.0 0.0 0.0067118537 0.0 0.0 0.0 0.08456891 0.0 0.0 0.0 0.0 0.12772372 0.030614128 0.0 0.0 0.0 0.009494922 0.009288065 0.010631776 0.0 0.0 0.0 0.014942235 0.0 0.0 0.0 0.0
0.0 0.0 0.0 0.058871698 0.0 0.0 0.037640452 0.0 0.0 0.0 0.0 0.0 0.07327106 0.0 0.0 0.03449087 0.0 0.0 0.0 0.0 0.0 0.0 0.14584573 0.0 0.0 0.0 0.0 0.0 0.0 0.0 0.06467674 0.0 0.007303376 0.0 0.0 0.0 0.0 0.0 0.0 0.049772758 0.026900647 0.045298826 0.1499129 0.0 0.0056408998 0.0 0.022008577 0.0 0.0 0.099125214 0.11396034 0.0 0.0 0.0 0.0 0.061487827
0.07514311 0.0 0.035566583 0.0 0.0 0.0 0.0 0.031276908 0.0 0.0 0.026282687 0.0 0.0 0.028738549 0.0 0.0 0.07920445 0.0 0.0412007 0.24387968 0.054404777 0.033315487 0.0 0.0 0.0 0.0 0.11318049 0.0 0.0 0.0 0.0 0.0 0.006835205 0.0 0.0 0.0 0.024458546 0.0 0.0 0.0 0.0 0.0 0.0 0.0 0.15888545 0.0 0.0 0.0 0.0 0.12662944 0.0 0.0 0.0 0.0 0.0 0.0
0.007632241 0.0 0.0 0.0 0.0 0.0 0.0 0.02577693 0.0 0.0 0.041331146 0.0 0.0 0.018409668 0.0 0.0 0.0 0.028313877 0.0 0.0 0.0 0.0 0.0 0.12997957 0.0 0.07558782 0.0 0.0 0.06467674 0.0 0.0 0.0 0.0 0.0 0.027140543 0.0 0.0 0.0 0.0 0.0 0.0 0.0 0.0 0.0 0.0 0.0 0.0 0.0 0.0 0.0 0.01584936 0.08152087 0.0 0.0 0.23270963 0.0
0.0 0.0 0.0 0.0 0.0 0.0 0.0 0.05490597 0.0 0.0 0.09646119 0.0 0.0 0.058514863 0.0 0.0 0.025209244 0.02143794 0.0 0.03969058 0.0 0.018829256 0.0 0.0 0.0 0.0 0.0 0.0067118537 0.0 0.0 0.0 0.132626 0.0 0.0 0.0 0.0 0.0 0.11614256 0.0 0.0 0.0 0.031071113 0.0 0.078424156 0.0 0.0 0.0 0.0 0.1589803 0.004626714 0.0 0.0 0.0 0.0009734377 0.0 0.0
0.0 0.0 0.0 0.0 0.0 0.0 0.00073687086 0.0 0.0 0.0 0.0 0.0 0.0 0.029871471 0.20353797 0.0074820006 0.04446456 0.0 0.013380462 0.0 0.0 0.0 0.033422846 0.0766479 0.018471858 0.0 0.04774844 0.0 0.007303376 0.0068352045 0.0 0.0 0.12625062 0.016485771 0.0 0.0 0.0 0.028931018 0.087551765 0.1166975 0.0 0.022509893 0.0 0.0 0.0 0.0 0.0 0.026567312 0.073492296 0.080354996 0.0 0.0 0.0 0.0 0.023527866 0.0
0.00553174 0.0 0.0 0.023979452 0.0 0.0 0.083647214 0.019838125 0.0 0.0 0.0 0.0 0.0 0.0 0.0 0.09033141 0.0 0.0 0.0 0.0 0.0 0.0 0.21849044 0.009329092 0.0 0.050175734 0.04823499 0.0 0.0 0.0 0.0 0.0 0.016485771 0.0 0.0 0.0 0.0 0.0 0.0 0.1357783 0.0023426132 0.0 0.1237898 0.0 0.0 0.0 0.0 0.0 0.0 0.016204203 0.09004859 0.0 0.0 0.0 0.021502623 0.0
0.09798269 0.0 0.0 0.0 0.0 0.0 0.0 0.0 0.0 0.33848765 0.0 0.0 0.021627182 0.0 0.0 0.0 0.0 0.0 0.0 0.0 0.0 0.0 0.0 0.0 0.0 0.0 0.0 0.0 0.0 0.0 0.027140543 0.0 0.0 0.0 0.0 0.0 0.042589225 0.0 0.0 0.0 0.0 0.0 0.0 0.0 0.03731663 0.0 0.0 0.0 0.0 0.0 0.0 0.0 0.0 0.27401373 0.07456521 0.0
0.0 0.27978456 0.0 0.0 0.0 0.0 0.0 0.0 0.0 0.0 0.0 0.0 0.060484827 0.0 0.0 0.0 0.0 0.0 0.0 0.007460964 0.045412585 0.14434147 0.0 0.0 0.0 0.0 0.0 0.08456892 0.0 0.0 0.0 0.0 0.0 0.0 0.0 0.0 0.0 0.0 0.0 0.023301974 0.0 0.10757299 0.11735078 0.061744086 0.038237795 0.0 0.011926003 0.0 0.0 0.0 0.0 0.0 0.11343292 0.021791045 0.0060293586 0.050146528
0.0 0.0 0.0 0.0 0.0 0.0 0.0 0.0065278313 0.007705245 0.049315847 0.043809783 0.0 0.0 0.0 0.11401621 0.0 0.0 0.0 0.0 0.0 0.0 0.0 0.0 0.034670435 0.0 0.0 0.0 0.0 0.0 0.024458548 0.0 0.0 0.0 0.0 0.04258922 0.0 0.015382954 0.0 0.0 0.0 0.0 0.0 0.0 0.0 0.0 0.0 0.0 0.0 0.0 0.0 0.0 0.30760878 0.0 0.1266376 0.16443332 0.0
0.0 0.0 0.0 0.0 0.0 0.021387482 0.0 0.0 0.03712033 0.0 0.08345464 0.0 0.0 0.0 0.0 0.0 0.0 0.071040764 0.0 0.0 0.0 0.0 0.0 0.0 0.04267642 0.0 0.0 0.0 0.0 0.0 0.0 0.11614256 0.028931018 0.0 0.0 0.0 0.0 0.17203581 0.07120335 0.0009346834 0.0 0.011124059 0.0 0.0 0.0 0.011437802 0.0 0.04616803 0.24053206 0.021348426 0.0102437455 0.0 0.0 0.0 0.0071346047 0.0
0.017569903 0.0 0.0 0.0 0.0 0.0 0.0 0.0 0.0 0.0 0.0 0.0 0.0 0.0071991733 0.0 0.0 0.0 0.0 0.06661892 0.043207057 0.06806187 0.0 0.10277285 0.03573525 0.0 0.0 0.14986092 0.0 0.0 0.0 0.0 0.0 0.08755177 0.0 0.0 0.0 0.0 0.07120335 0.012823921 0.046004098 0.0 0.0 0.0 0.0 0.0 0.0 0.0 0.0 0.111319594 0.0 0.128594 0.0 0.0 0.0 0.0 0.0
0.0 0.0 0.0 0.08597387 0.0 0.0 0.15537405 0.0 0.036146544 0.0 0.0 0.0 0.022083657 0.0 0.0 0.042657305 0.0 0.11500096 0.0 0.0 0.0 0.0 0.0 0.0 0.0 0.07520039 0.0 0.0 0.049772758 0.0 0.0 0.0 0.11669749 0.1357783 0.0 0.023301974 0.0 0.0009346834 0.046004098 0.0 0.0 0.0 0.0 0.0 0.0 0.0 0.0 0.09573008 0.1024106 0.0 0.0 0.0 0.0 0.0 0.0 0.01437448
0.0 0.0 0.0 0.0 0.062036987 0.0 0.0 0.013333593 0.0 0.0 0.0 0.017276699 0.0 0.0 0.0 0.0 0.0 0.0 0.0 0.0 0.0 0.0 0.0 0.04757146 0.0 0.0 0.0 0.12772372 0.026900647 0.0 0.0 0.0 0.0 0.0023426132 0.0 0.0 0.0 0.0 0.0 0.0 0.0 0.0 0.0 0.0 0.0 0.12794028 0.0 0.0 0.0 0.0 0.20121007 0.0065597654 0.0 0.0 0.0 0.27092603
0.22280952 0.0 0.03314411 0.0 0.0 0.0106480075 0.0 0.0 0.010191236 0.0 0.07807734 0.0 0.0 0.0 0.0 0.0 0.0 0.0 0.0 0.0 0.020578418 0.0 0.0 0.0 0.0 0.0 0.13034749 0.030614128 0.045298826 0.0 0.0 0.031071113 0.022509893 0.0 0.0 0.10757298 0.0 0.011124059 0.0 0.0 0.0 0.0 0.0 0.0 0.0 0.0 0.0 0.0 0.059628755 0.0 0.024851024 0.0 0.0 0.0 0.0 0.010013337
0.09441326 0.0 0.0 0.0 0.0 0.0 0.1020142 0.0 0.059754256 0.0 0.0 0.0 0.0 0.0 0.0 0.04433603 0.0 0.013004897 0.0 0.0 0.0 0.0 0.0 0.0 0.0 0.0946169 0.03814509 0.0 0.1499129 0.0 0.0 0.0 0.0 0.1237898 0.0 0.11735078 0.0 0.0 0.0 0.0 0.0 0.0 0.0 0.0 0.0 0.022378212 0.0 0.00025905372 0.0 0.0 0.0 0.031428836 0.0 0.0 0.0 0.011751038
0.019912075 0.0 0.0 0.0 0.118383 0.0 0.0 0.032386422 0.0 0.0 0.0 0.0 0.0 0.0 0.0 0.04075158 0.0 0.0 0.045063283 0.0 0.0 0.09482826 0.0 0.07892656 0.102056414 0.0 0.0 0.0 0.0 0.0 0.0 0.078424156 0.0 0.0 0.0 0.061744083 0.0 0.0 0.0 0.0 0.0 0.0 0.0 0.0 0.0 0.049451195 0.08873981 0.0 0.0 0.0 0.0 0.0 0.13885279 0.0 0.0 0.0
0.0 0.0066854884 0.02251816 0.0 0.0 0.0 0.010905541 0.0 0.0 0.12684608 0.0 0.0 0.0 0.03490292 0.19648083 0.0 0.0 0.0 0.0 0.0 0.0 0.0 0.0 0.046564348 0.0 0.0 0.0 0.0 0.0056409 0.15888545 0.0 0.0 0.0 0.0 0.03731663 0.038237795 0.0 0.0 0.0 0.0 0.0 0.0 0.0 0.0 0.034537543 0.026613945 0.17731598 0.0 0.0 0.0 0.0 0.23795192 0.0 0.10922988 0.019266956 0.0
0.0 0.0 0.0 0.0 0.0 0.0 0.0 0.18548502 0.0 0.0 0.07652167 0.0 0.04444226 0.086680226 0.0 0.0 0.0 0.07560013 0.0 0.11598582 0.0 0.0 0.0 0.04702633 0.038200226 0.0 0.0 0.009494922 0.0 0.0 0.0 0.0 0.0 0.0 0.0 0.0 0.0 0.011437802 0.0 0.0 0.12794028 0.0 0.022378212 0.049451195 0.026613947 0.0 0.0 0.004442787 0.0 0.0 0.0 0.0 0.011691921 0.0 0.0 0.0
0.13575852 0.0 0.0 0.0 0.0 0.0 0.0 0.07302454 0.0 0.0 0.0 0.0 0.0 0.0 0.0 0.0 0.015124624 0.02732677 0.0 0.0 0.0 0.09108614 0.0 0.0 0.0 0.0 0.0 0.009288065 0.022008577 0.0 0.0 0.0 0.0 0.0 0.0 0.011926002 0.0 0.0 0.0 0.0 0.0 0.0 0.0 0.08873981 0.17731598 0.0 0.0 0.0 0.0 0.06807462 0.0 0.0 0.0 0.0 0.0 0.010947546
0.0 0.0 0.0 0.11650135 0.012705462 0.0 0.0 0.0 0.019202523 0.0 0.024366613 0.0 0.0 0.0 0.013018705 0.018703483 0.0 0.0 0.0 0.0 0.0 0.0 0.12609188 0.10904877 0.0 0.0 0.028505906 0.010631776 0.0 0.0 0.0 0.0 0.02656731 0.0 0.0 0.0 0.0 0.04616803 0.0 0.095730074 0.0 0.0 0.00025905372 0.0 0.0 0.0044427863 0.0 0.0 0.0 0.0 0.06455468 0.019596841 0.0 0.061197065 0.12564585 0.0
0.0 0.0 0.0 0.0 0.0 0.0 0.0 0.012267066 0.13098699 0.0 0.0 0.0 0.0033555108 0.0 0.0 0.097906224 0.0 0.0 0.0 0.0 0.0 0.0 0.0 0.0 0.0 0.0 0.0 0.0 0.0 0.0 0.0 0.15898031 0.073492296 0.0 0.0 0.0 0.0 0.24053206 0.11131959 0.1024106 0.0 0.05962876 0.0 0.0 0.0 0.0 0.0 0.0 0.0 0.0 0.0 0.0 0.0 0.0 0.0 0.0
0.0 0.0 0.0 0.0 0.0 0.0 0.0 0.0 0.0 0.0 0.0 0.06778222 0.0 0.033132564 0.10953817 0.0 0.14373681 0.0 0.13998173 0.0 0.0 0.0 0.0 0.0 0.036884394 0.0 0.0 0.0 0.09912522 0.12662944 0.0 0.0046267146 0.080354996 0.016204203 0.0 0.0 0.0 0.021348426 0.0 0.0 0.0 0.0 0.0 0.0 0.0 0.0 0.06807462 0.0 0.0 0.0 0.0 0.0 0.0 0.0 0.0 0.041705992
0.0 0.0 0.0 0.0 0.0 0.0 0.097496204 0.042105697 0.0 0.0 0.0069397083 0.058424443 0.0019116098 0.0 0.0022759808 0.0 0.0 0.109749526 0.0018282711 0.0 0.0 0.0 0.0 0.007098889 0.0 0.10462554 0.0 0.0 0.11396034 0.0 0.01584936 0.0 0.0 0.09004859 0.0 0.0 0.0 0.010243745 0.128594 0.0 0.20121007 0.024851024 0.0 0.0 0.0 0.0 0.0 0.06455468 0.0 0.0 0.0 0.0 0.0 0.0 0.04775384 0.0
0.057829108 0.0 0.0 0.0 0.0 0.0073492406 0.0 0.0 0.0 0.1555533 0.09941557 0.0 0.0 0.0 0.0 0.0 0.0 0.002747375 0.0 0.0 0.0 0.0 0.006578004 0.0 0.0 0.0 0.0 0.014942235 0.0 0.0 0.08152087 0.0 0.0 0.0 0.0 0.0 0.30760875 0.0 0.0 0.0 0.0065597654 0.0 0.03142884 0.0 0.23795192 0.0 0.0 0.01959684 0.0 0.0 0.0 0.0 0.0 0.0 0.028036224 0.0
0.022339799 0.0 0.0 0.0 0.21618076 0.0 0.0 0.0 0.0 0.0 0.0 0.0 0.0 0.03464278 0.0 0.0 0.075337924 0.0 0.028547373 0.0 0.16902535 0.044910755 0.0 0.0 0.101334855 0.0 0.054302935 0.0 0.0 0.0 0.0 0.0 0.0 0.0 0.0 0.11343292 0.0 0.0 0.0 0.0 0.0 0.0 0.0 0.1388528 0.0 0.011691922 0.0 0.0 0.0 0.0 0.0 0.0 0.0 0.0 0.0 0.009499134
0.21286748 0.0 0.0 0.0 0.0 0.0 0.0 0.06711827 0.0 0.0 0.0 0.0 0.0 0.0 0.0 0.0 0.0 0.026642602 0.0 0.0 0.0 0.0 0.0 0.03676054 0.0 0.0 0.0 0.0 0.0 0.0 0.0 0.0009734377 0.0 0.0 0.27401373 0.021791043 0.12663758 0.0 0.0 0.0 0.0 0.0 0.0 0.0 0.10922988 0.0 0.0 0.06119707 0.0 0.0 0.0 0.0 0.0 0.0 0.0 0.0
0.012320984 0.0 0.0 0.036242947 0.0 0.0 0.0 0.0 0.0 0.03964597 0.03570963 0.0 0.0 0.0 0.0 0.028468171 0.0 0.0 0.0 0.0 0.0 0.0 0.054715186 0.0 0.0 0.075089976 0.0 0.0 0.0 0.0 0.23270963 0.0 0.023527866 0.021502623 0.07456521 0.006029358 0.1644333 0.007134605 0.0 0.0 0.0 0.0 0.0 0.0 0.019266957 0.0 0.0 0.12564586 0.0 0.0 0.047753844 0.028036224 0.0 0.0 0.0 0.0
0.0 0.103804216 0.0 0.0 0.0 0.0 0.11158541 0.0 0.0 0.0 0.0 0.0 0.10540354 0.09031911 0.0 0.09550546 0.03792982 0.0 0.0 0.0 0.0 0.0 0.0 0.0 0.0 0.0 0.0 0.0 0.061487827 0.0 0.0 0.0 0.0 0.0 0.0 0.050146524 0.0 0.0 0.0 0.01437448 0.27092603 0.010013338 0.011751038 0.0 0.0 0.0 0.010947546 0.0 0.0 0.041705992 0.0 0.0 0.009499134 0.0 0.0 0.0
