0.059690334 0.09624077 0.0 0.032563604 0.0 0.0 0.0 0.0 0.0 0.01833148 0.17627043 0.035635427 0.0 0.0 0.0 0.0235248 0.0 0.0 0.0 0.0 0.0 0.008910208 0.0071974816 0.0 0.0 0.0 0.0 0.03610711 0.0 0.0 0.0 0.0 0.0 0.0 0.0 0.0 0.0 0.008783683 0.17021354 0.22528994 0.0 0.0 0.0 0.0 0.0 0.0 0.0 0.0 0.0 0.0 0.0 0.119151875 0.0 0.0 0.0 0.0
0.09624076 0.0 0.0 0.007931338 0.20255406 0.0 0.0 0.005657432 0.0 0.011891707 0.022221673 0.0 0.0 0.0 0.0 0.0 0.0 0.0 0.0 0.015079935 0.0 0.08305646 0.028298726 0.0310676 0.016657926 0.0 0.0 0.0 0.0 0.0 0.109335594 0.060308494 0.0 0.0 0.0 0.0 0.0 0.032844312 0.0 0.0 0.0 0.0 0.0 0.0 0.0 0.0 0.0 0.1744765 0.0 0.0718266 0.0 0.0 0.06927534 0.0 0.0015982066 0.0
0.0 0.0 0.13599433 0.0 0.011092006 0.0 0.0 0.0 0.0 0.0034112402 0.0 0.0 0.0 0.0 0.0 0.07936046 0.0 0.08595623 0.13287768 0.0 0.0 0.0 0.0 0.0 0.0 0.121770784 0.0 0.032189075 0.0 0.0 0.038689457 0.0 0.0 0.0 0.0 0.0 0.0 0.0 0.0 0.0 0.0 0.04886995 0.0 0.0 0.0 0.0 0.0 0.0 0.0 0.0 0.0030915325 0.0 0.070557706 0.0 0.0 0.0
0.032563604 0.007931337 0.0 0.0 0.0 0.0 0.07951808 0.0 0.0 0.022138506 0.0 0.0 0.027216496 0.0 0.055379007 0.0 0.0 0.0 0.0 0.0 0.017814161 0.0652468 0.0 0.0 0.0 0.0 0.0 0.0 0.07264761 0.0 0.0 0.0 0.0 0.0018977812 0.0 0.0 0.0 0.0 0.0 0.0 0.12498562 0.0 0.0 0.0 0.101008296 0.0 0.073162094 0.0 0.0 0.0 0.0 0.016417839 0.0 0.0 0.009798439 0.2303481
0.0 0.20255406 0.011092005 0.0 0.0 0.007305011 0.0 0.0 0.058456246 0.0 0.0 0.0 0.0 0.0 0.0 0.009656718 0.0 0.0 0.0048336885 0.04269228 0.0 0.0 0.0 0.0 0.1489099 0.0 0.0 0.0 0.015070392 0.0 0.0 0.0 0.031041268 0.020877797 0.0 0.03636815 0.0 0.0 0.0 0.0 0.0 0.03465265 0.0 0.0 0.0 0.0 0.10561192 0.0 0.079728566 0.03671935 0.0 0.0 0.19002128 0.0 0.0 0.02698286
0.0 0.0 0.0 0.0 0.0073050107 0.0 0.0 0.0 0.055042077 0.0 0.013049073 0.102813475 0.0 0.0 0.0 0.0 0.0 0.0 0.0 0.0 0.0 0.0 0.0 0.0 0.0 0.0 0.0 0.0 0.0 0.0 0.0 0.055425912 0.0 0.07237696 0.0 0.0 0.0 0.03101839 0.0 0.0 0.0 0.0 0.0 0.0041150795 0.0 0.0 0.0 0.0 0.30584583 0.0 0.0 0.0 0.108224526 0.0 0.09641021 0.0
0.0 0.0 0.0 0.07951808 0.0 0.0 0.0 0.04464911 0.012386548 0.037419576 0.0 0.0 0.0 0.0 0.0 0.09758503 0.0 0.0 0.0 0.0 0.0 0.0 0.0 0.0 0.0 0.0 0.022037938 0.007956797 0.0 0.0 0.2031981 0.0 0.0 0.0 0.0 0.0 0.0 0.17626931 0.0 0.0 0.0 0.006390002 0.0 0.0 0.009213805 0.0 0.0032143996 0.0 0.0 0.0 0.0 0.0 0.0 0.1252508 0.0 0.0
0.0 0.005657432 0.0 0.0 0.0 0.0 0.044649106 0.0 0.0 0.021107754 0.0 0.1036347 0.0 0.0 0.0 0.0 0.096753165 0.0 0.18527485 0.018890573 0.0 0.0364679 0.0 0.0 0.010043475 0.0 0.0 0.0 0.0 0.0 0.0 0.03685131 0.0 0.0 0.04720799 0.0 0.061168604 0.03495996 0.01360289 0.0 0.0 0.004418375 0.041556712 0.36072198 0.0 0.035183787 0.0 0.0 0.0 0.0 0.0 0.0 0.0 0.0 0.0 0.0
0.0 0.0 0.0 0.0 0.058456246 0.055042073 0.012386548 0.0 0.0 0.0 0.0 0.0 0.0 0.0 0.0 0.0 0.0 0.0 0.04847425 0.0 0.0 0.030027904 0.0 0.0 0.0 0.0 0.0 0.0 0.0 0.0 0.0 0.0 0.0 0.0 0.0 0.0 0.0 0.0 0.0 0.0 0.0 0.5236017 0.0 0.0 0.020008584 0.0 0.2062556 0.0 0.0 0.0 0.0 0.0 0.0 0.08699483 0.0 0.0
0.018331481 0.011891708 0.0034112402 0.022138506 0.0 0.0 0.037419576 0.021107756 0.0 0.1952341 0.067838915 0.0 0.014094844 0.0 0.0 0.0342383 0.0 0.0 0.0 0.0 0.0 0.0 0.0 0.0 0.0 0.0 0.0 0.0 0.0 0.044492386 0.0 0.0 0.0 0.0 0.0 0.0 0.2652799 0.0 0.12738556 0.063388884 0.0 0.0 0.0 0.06312537 0.0 0.0 0.0 0.0 0.0 0.0019148738 0.0 0.0 0.016973794 0.0 0.0066781845 0.0
0.17627044 0.022221673 0.0 0.0 0.0 0.013049073 0.0 0.0 0.0 0.06783892 0.015347398 0.07097426 0.0 0.0 0.0 0.0 0.0 0.0 0.0 0.0 0.0 0.0 0.0 0.0 0.060730856 0.0 0.0 0.0 0.015810434 0.032867342 0.0 0.0 0.022743335 0.17810628 0.06550418 0.0 0.08879125 0.0 0.0 0.0 0.0 0.0 0.0 0.014197839 0.0271732 0.0 0.039754093 0.0 0.023953836 0.0 0.0 0.0 0.018558154 0.0 0.0 0.07919693
0.035635427 0.0 0.0 0.0 0.0 0.102813475 0.0 0.1036347 0.0 0.0 0.07097426 0.0034746174 0.0 0.0 0.0 0.09680833 0.0 0.031951547 0.0 0.0 0.0 0.0 0.0 0.0026597532 0.0 0.0 0.0 0.0 0.0 0.009326177 0.0 0.0 0.0 0.04651126 0.0 0.0 0.0 0.0 0.0 0.0 0.0 0.0 0.0 0.0 0.27540156 0.02054153 0.0 0.04053603 0.0 0.012728967 0.0 0.05106192 0.0 0.0 0.0 0.0
0.0 0.0 0.0 0.027216496 0.0 0.0 0.0 0.0 0.0 0.0140948435 0.0 0.0 0.0 0.065617725 0.0 0.0 0.0 0.03399023 0.0 0.10670544 0.041864526 0.12293128 0.0 0.06289105 0.0 0.0 0.0 0.110829726 0.022663807 0.0 0.0 0.0 0.0 0.0 0.0 0.0 0.0 0.039278217 0.0 0.0 0.21255329 0.0 0.0 0.0 0.0 0.0 0.0 0.0 0.0 0.042097554 0.0 0.03011085 0.0 0.0 0.0 0.0
0.0 0.0 0.0 0.0 0.0 0.0 0.0 0.0 0.0 0.0 0.0 0.0 0.065617725 0.0 0.0 0.0 0.0 0.0 0.0 0.04837484 0.021661637 0.0 0.19700809 0.035741597 0.034529265 0.0 0.0 0.099062726 0.0 0.0 0.0 0.0 0.0 0.0 0.0 0.0 0.12941147 0.048521124 0.013511263 0.0 0.0 0.0 0.0 0.0 0.0 0.0 0.0 0.0 0.0 0.16940555 0.09871831 0.0 0.0 0.0 0.0 0.0
0.0 0.0 0.0 0.055379007 0.0 0.0 0.0 0.0 0.0 0.0 0.0 0.0 0.0 0.0 0.0 0.0 0.0 0.00771646 0.0 0.0 0.0 0.0 0.0 0.0 0.0 0.0 0.069544725 0.0 0.0 0.033464275 0.0 0.0 0.0 0.014449214 0.033946626 0.0 0.0 0.2500981 0.0 0.0 0.0 0.0 0.0 0.0 0.0 0.046292312 0.0 0.083709285 0.0 0.0 0.22673807 0.0 0.0 0.0 0.0 0.0
0.0235248 0.0 0.079360455 0.0 0.009656718 0.0 0.09758503 0.0 0.0 0.034238305 0.0 0.09680833 0.0 0.0 0.0 0.0 0.0 0.01169007 0.0 0.0 0.0 0.0025652887 0.0 0.0 0.04609494 0.0 0.0 0.0 0.13947238 0.2309388 0.0 0.039624255 0.0 0.119822145 0.0 0.0 0.0 0.033708595 0.016384445 0.0 0.0 0.0 0.0 0.0 0.0 0.0 0.0 0.032206763 0.0 0.0 0.0 0.0 0.0 0.0 0.0 0.03319576
0.0 0.0 0.0 0.0 0.0 0.0 0.0 0.09675316 0.0 0.0 0.0 0.0 0.0 0.0 0.0 0.0 0.20263295 0.18659712 0.0 0.0 0.0 0.0 0.0 0.0 0.0 0.06583125 0.0 0.0 0.0 0.0 0.0 0.0 0.0 0.0 0.0 0.0 0.0 0.0 0.0 0.0 0.0 0.0 0.0 0.08218787 0.0 0.15505296 0.0 0.0052073756 0.0 0.0 0.0 0.0 0.045938686 0.0 0.056562815 0.0
0.0 0.0 0.08595623 0.0 0.0 0.0 0.0 0.0 0.0 0.0 0.0 0.031951547 0.033990234 0.0 0.0077164597 0.011690071 0.18659712 0.0 0.05834151 0.0 0.0 0.0 0.0 0.0 0.2199785 0.0030864628 0.0 0.0 0.0 0.0 0.0 0.0 0.0 0.0 0.0 0.039336808 0.0 0.0 0.03326699 0.0 0.0 0.0 0.0 0.062398914 0.0 0.0 0.0 0.0 0.0 0.0 0.0 0.0 0.30109784 0.0 0.0 0.0
0.0 0.0 0.1328777 0.0 0.0048336885 0.0 0.0 0.18527485 0.04847425 0.0 0.0 0.0 0.0 0.0 0.0 0.0 0.0 0.05834151 0.0 0.0 0.0 0.0 0.0 0.0 0.0 0.0 0.0 0.0017508514 0.045255296 0.0 0.0 0.0 0.0 0.019063413 0.0 0.0 0.0 0.1686426 0.0 0.0 0.0 0.0 0.0 0.0 0.0 0.0 0.0497887 0.061008584 0.041368876 0.0 0.0 0.0 0.0 0.0 0.0 0.0
0.0 0.015079935 0.0 0.0 0.04269228 0.0 0.0 0.018890573 0.0 0.0 0.0 0.0 0.10670544 0.04837484 0.0 0.0 0.0 0.0 0.0 0.021366766 0.0 0.0 0.013341612 0.0 0.0 0.0 0.1523212 0.0 0.0 0.0 0.00417501 0.0 0.0 0.0 0.0 0.0 0.0 0.0 0.034693755 0.017602578 0.01100323 0.0 0.0 0.0 0.0 0.0 0.0 0.016615076 0.06978601 0.0 0.00018453487 0.0 0.0653725 0.015473113 0.2315914 0.0
0.0 0.0 0.0 0.017814161 0.0 0.0 0.0 0.0 0.0 0.0 0.0 0.0 0.04186453 0.021661637 0.0 0.0 0.0 0.0 0.0 0.0 0.0 0.0 0.0 0.14620751 0.0 0.0 0.0 0.0 0.025832558 0.0 0.0 0.058099564 0.0 0.0 0.0072908453 0.225582 0.0 0.0 0.0 0.0 0.27439708 0.037551705 0.0 0.0 0.0 0.0 0.0 0.0 0.0 0.0 0.0 0.03457821 0.0 0.039939363 0.0 0.0
0.008910208 0.08305646 0.0 0.06524679 0.0 0.0 0.0 0.0364679 0.030027902 0.0 0.0 0.0 0.12293128 0.0 0.0 0.0025652887 0.0 0.0 0.0 0.0 0.0 0.0 0.0 0.0 0.0 0.0 0.154797 0.0 0.0 0.0 0.08512115 0.0 0.0 0.03815828 0.02397368 0.047199197 0.0 0.0 0.0 0.034915417 0.09055513 0.0 0.025673302 0.0 0.0 0.0 0.0 0.0 0.0 0.0 0.0 0.0 0.0 0.062306438 0.019674797 0.040230367
0.0071974816 0.028298724 0.0 0.0 0.0 0.0 0.0 0.0 0.0 0.0 0.0 0.0 0.0 0.19700809 0.0 0.0 0.0 0.0 0.0 0.013341612 0.0 0.0 0.05524021 0.12987489 0.060874544 0.0 0.0 0.07217682 0.03727728 0.0 0.0 0.0 0.0 0.0 0.25859833 0.0 0.0 0.0 0.0 0.07273077 0.02031715 0.0 0.14915605 0.0 0.0 0.0 0.0 0.0 0.0 0.0 0.0 0.05071137 0.0 0.0 0.017814297 0.030020827
0.0 0.031067599 0.0 0.0 0.0 0.0 0.0 0.0 0.0 0.0 0.0 0.0026597532 0.06289105 0.035741597 0.0 0.0 0.0 0.0 0.0 0.0 0.14620751 0.0 0.12987487 0.009071577 0.039916147 0.06037376 0.0 0.07948899 0.0 0.0 0.0 0.0 0.0 0.0 0.0 0.0 0.0 0.0 0.017184777 0.22783199 0.0 0.015819084 0.0 0.00719821 0.0 0.0 0.0 0.011784276 0.0 0.0 0.18835351 0.0 0.0 0.0 0.0 0.0
0.0 0.016657926 0.0 0.0 0.14890988 0.0 0.0 0.010043475 0.0 0.0 0.060730856 0.0 0.0 0.034529265 0.0 0.046094943 0.0 0.2199785 0.0 0.0 0.0 0.0 0.06087454 0.039916147 0.0 0.2548564 0.0 0.0 0.0 0.0 0.06376189 0.0 0.0 0.0 0.0 0.04106533 0.0 0.0 0.0 0.0 0.0 0.0 0.0 0.0 0.0 0.027697138 0.0 0.016430872 0.0 0.0 0.026576644 0.0 0.0 0.0 0.05473601 0.0
0.0 0.0 0.121770784 0.0 0.0 0.0 0.0 0.0 0.0 0.0 0.0 0.0 0.0 0.0 0.0 0.0 0.06583125 0.0030864628 0.0 0.0 0.0 0.0 0.0 0.060373764 0.2548564 0.0 0.0 0.031748325 0.0 0.0 0.030985981 0.011595088 0.052173894 0.0 0.0 0.0 0.0 0.021888426 0.01647552 0.0644705 0.0044817063 0.0 0.05010973 0.0 0.0 0.0 0.0 0.0 0.0 0.026136348 0.0 0.0 0.042122368 0.0 0.0 0.0
0.0 0.0 0.0 0.0 0.0 0.0 0.022037936 0.0 0.0 0.0 0.0 0.0 0.0 0.0 0.06954473 0.0 0.0 0.0 0.0 0.15232119 0.0 0.154797 0.0 0.0 0.0 0.0 0.0 0.0 0.10729397 0.0 0.0 0.0 0.0 0.0 0.24610178 0.0 0.17201337 0.0 0.034358412 0.0 0.008805598 0.0 0.0 0.004619393 0.0 0.0 0.0 0.0 0.0 0.0 0.0 0.0 0.0 0.0 0.0 0.01766618
0.03610711 0.0 0.032189075 0.0 0.0 0.0 0.007956797 0.0 0.0 0.0 0.0 0.0 0.110829726 0.09906273 0.0 0.0 0.0 0.0 0.0017508515 0.0 0.0 0.0 0.07217682 0.07948899 0.0 0.03174832 0.0 0.17549184 0.0 0.0 0.0 0.0 0.0 0.00733894 0.042281076 0.0409043 0.0 0.0 0.0 0.12654355 0.038498927 0.0 0.0 0.0 0.0 0.0 0.0 0.0 0.0 0.0 0.04690731 0.0076854853 0.0 0.0 0.0 0.0
0.0 0.0 0.0 0.07264761 0.015070392 0.0 0.0 0.0 0.0 0.0 0.015810434 0.0 0.02266381 0.0 0.0 0.13947237 0.0 0.0 0.045255292 0.0 0.025832556 0.0 0.037277278 0.0 0.0 0.0 0.10729397 0.0 0.0 0.08839021 0.12610458 0.0 0.05998969 0.0 0.0 0.0 0.0 0.0 0.0 0.0 0.0 0.0 0.0 0.0 0.0 0.07204543 0.0 0.03923814 0.12969743 0.0 0.0 0.0 0.0 0.0 0.020798827 0.0
0.0 0.0 0.0 0.0 0.0 0.0 0.0 0.0 0.0 0.044492386 0.03286734 0.009326177 0.0 0.0 0.033464275 0.23093879 0.0 0.0 0.0 0.0 0.0 0.0 0.0 0.0 0.0 0.0 0.0 0.0 0.08839021 0.0314521 0.0 0.0 0.22220804 0.0 0.0 0.0 0.0 0.04820248 0.0 0.0 0.0 0.0 0.0 0.0 0.07767713 0.0 0.0 0.15884824 0.0 0.0 0.0 0.0 0.0 0.0 0.038458616 0.0077885576
0.0 0.10933559 0.038689457 0.0 0.0 0.0 0.20319809 0.0 0.0 0.0 0.0 0.0 0.0 0.0 0.0 0.0 0.0 0.0 0.0 0.00417501 0.0 0.08512115 0.0 0.0 0.06376189 0.03098598 0.0 0.0 0.12610458 0.0 0.0 0.059177198 0.0 0.00904287 0.0 0.08537132 0.0 0.0 0.0 0.0 0.14275339 0.0 0.006561159 0.0 0.0 0.0 0.06767218 0.0 0.0 0.0 0.0 0.0 0.0 0.16394366 0.0 0.0
0.0 0.060308497 0.0 0.0 0.0 0.055425912 0.0 0.03685131 0.0 0.0 0.0 0.0 0.0 0.0 0.0 0.039624255 0.0 0.0 0.0 0.0 0.058099564 0.0 0.0 0.0 0.0 0.011595088 0.0 0.0 0.0 0.0 0.0591772 0.0 0.07607643 0.0 0.019280309 0.11279947 0.0 0.0 0.0 0.0 0.0 0.0 0.0 0.0 0.0 0.0 0.0 0.072793595 0.17047162 0.0 0.062333353 0.0 0.015847037 0.19449006 0.0 0.0
0.0 0.0 0.0 0.0 0.031041268 0.0 0.0 0.0 0.0 0.0 0.022743335 0.0 0.0 0.0 0.0 0.0 0.0 0.0 0.0 0.0 0.0 0.0 0.0 0.0 0.0 0.05217389 0.0 0.0 0.05998969 0.22220804 0.0 0.07607643 0.0 0.19952478 0.06759442 0.10123527 0.0 0.030236933 0.12005353 0.0 0.0 0.0 0.0 0.0 0.0 0.0 0.0 0.0 0.0 0.0 0.0 0.0 0.0 0.0 0.0 0.013133895
0.0 0.0 0.0 0.0018977812 0.020877799 0.07237696 0.0 0.0 0.0 0.0 0.17810628 0.046511255 0.0 0.0 0.014449215 0.11982214 0.0 0.0 0.019063413 0.0 0.0 0.038158275 0.0 0.0 0.0 0.0 0.0 0.00733894 0.0 0.0 0.00904287 0.0 0.19952478 0.0 0.0 0.0 0.0 0.07900127 0.0 0.0 0.0 0.0 0.0 0.0 0.0 0.043861862 0.0 0.0 0.042786516 0.006810027 0.0 0.0 0.0 0.0 0.0 0.0
0.0 0.0 0.0 0.0 0.0 0.0 0.0 0.04720799 0.0 0.0 0.06550418 0.0 0.0 0.0 0.033946626 0.0 0.0 0.0 0.0 0.0 0.0072908453 0.023973677 0.2585983 0.0 0.0 0.0 0.2461018 0.042281076 0.0 0.0 0.0 0.019280309 0.067594424 0.0 0.0 0.0 0.0064282324 0.0014017666 0.0 0.0054751486 0.0 0.0 0.0 0.01626081 0.0 0.0 0.0 0.024481837 0.0 0.029287659 0.0 0.010396827 0.0 0.0 0.043424662 0.0
0.0 0.0 0.0 0.0 0.03636815 0.0 0.0 0.0 0.0 0.0 0.0 0.0 0.0 0.0 0.0 0.0 0.0 0.039336808 0.0 0.0 0.225582 0.047199193 0.0 0.0 0.04106533 0.0 0.0 0.040904302 0.0 0.0 0.08537133 0.11279948 0.10123527 0.0 0.0 0.0 0.0 0.028029997 0.0 0.0 0.0 0.0 0.0 0.0 0.0 0.0 0.02257484 0.0 0.0 0.06263678 0.0 0.0 0.0 0.0 0.0 0.0
0.0 0.0 0.0 0.0 0.0 0.0 0.0 0.0611686 0.0 0.26527986 0.08879125 0.0 0.0 0.12941147 0.0 0.0 0.0 0.0 0.0 0.0 0.0 0.0 0.0 0.0 0.0 0.0 0.17201336 0.0 0.0 0.0 0.0 0.0 0.0 0.0 0.0064282324 0.0 0.111960284 0.0 0.0 0.0 0.0 0.0 0.07276099 0.0 0.030912666 0.0 0.0 0.0 0.0 0.0 0.0353705 0.0549554 0.0 0.0 0.0 0.0
0.008783683 0.032844316 0.0 0.0 0.0 0.03101839 0.17626931 0.034959957 0.0 0.0 0.0 0.0 0.039278217 0.048521124 0.2500981 0.033708595 0.0 0.0 0.1686426 0.0 0.0 0.0 0.0 0.0 0.0 0.021888426 0.0 0.0 0.0 0.04820248 0.0 0.0 0.030236933 0.07900127 0.0014017666 0.028029997 0.0 0.0 0.0 0.0 0.011836604 0.0 0.0 0.0 0.0 0.0 0.19384551 0.0 0.0 0.0 0.0 0.0 0.0 0.0 0.0 0.0
0.17021352 0.0 0.0 0.0 0.0 0.0 0.0 0.01360289 0.0 0.12738556 0.0 0.0 0.0 0.013511263 0.0 0.016384445 0.0 0.033266995 0.0 0.034693755 0.0 0.0 0.0 0.017184779 0.0 0.01647552 0.034358412 0.0 0.0 0.0 0.0 0.0 0.12005354 0.0 0.0 0.0 0.0 0.0 0.0 0.0 0.0 0.0 0.0 0.0 0.13943641 0.0 0.0 0.0 0.0 0.0 0.010371998 0.0 0.0 0.05031544 0.20888884 0.0
0.22528994 0.0 0.0 0.0 0.0 0.0 0.0 0.0 0.0 0.063388884 0.0 0.0 0.0 0.0 0.0 0.0 0.0 0.0 0.0 0.017602576 0.0 0.034915417 0.07273077 0.22783199 0.0 0.0644705 0.0 0.12654355 0.0 0.0 0.0 0.0 0.0 0.0 0.005475148 0.0 0.0 0.0 0.0 0.0 0.0 0.0 0.0 0.0 0.1347313 0.0 0.0 0.023638422 0.0 0.0 0.0 0.051458903 0.0 0.0 0.0 0.0
0.0 0.0 0.0 0.12498561 0.0 0.0 0.0 0.0 0.0 0.0 0.0 0.0 0.21255329 0.0 0.0 0.0 0.0 0.0 0.0 0.011003229 0.27439708 0.09055513 0.020317152 0.0 0.0 0.0044817063 0.008805599 0.038498927 0.0 0.0 0.1427534 0.0 0.0 0.0 0.0 0.0 0.0 0.011836604 0.0 0.0 0.0 0.0 0.0 0.0 0.0 0.023570538 0.0 0.0 0.03980909 0.029185466 0.0 0.050923515 0.0 0.0 0.0 0.0
0.0 0.0 0.04886995 0.0 0.03465265 0.0 0.006390002 0.004418375 0.5236017 0.0 0.0 0.0 0.0 0.0 0.0 0.0 0.0 0.0 0.0 0.0 0.03755171 0.0 0.0 0.015819086 0.0 0.0 0.0 0.0 0.0 0.0 0.0 0.0 0.0 0.0 0.0 0.0 0.0 0.0 0.0 0.0 0.0 0.0 0.0 0.0 0.0 0.037587173 0.021949466 0.014593892 0.0 0.0056464355 0.0 0.11433654 0.0 0.0 0.023482464 0.0
0.0 0.0 0.0 0.0 0.0 0.0 0.0 0.04155671 0.0 0.0 0.0 0.0 0.0 0.0 0.0 0.0 0.0 0.0 0.0 0.0 0.0 0.025673302 0.14915605 0.0 0.0 0.05010973 0.0 0.0 0.0 0.0 0.006561159 0.0 0.0 0.0 0.0 0.0 0.072760984 0.0 0.0 0.0 0.0 0.0 0.0 0.0 0.12473546 0.0 0.0 0.05277369 0.031706635 0.0 0.28763482 0.022548867 0.0 0.0 0.0 0.0
0.0 0.0 0.0 0.0 0.0 0.0041150795 0.0 0.36072198 0.0 0.063125364 0.0141978385 0.0 0.0 0.0 0.0 0.0 0.08218787 0.062398914 0.0 0.0 0.0 0.0 0.0 0.007198209 0.0 0.0 0.004619393 0.0 0.0 0.0 0.0 0.0 0.0 0.0 0.016260812 0.0 0.0 0.0 0.0 0.0 0.0 0.0 0.0 0.0 0.030969998 0.06894059 0.0 0.0 0.0 0.0 0.0 0.2100853 0.0 0.0 0.0 0.0
0.0 0.0 0.0 0.101008296 0.0 0.0 0.009213805 0.0 0.020008584 0.0 0.027173202 0.27540156 0.0 0.0 0.0 0.0 0.0 0.0 0.0 0.0 0.0 0.0 0.0 0.0 0.0 0.0 0.0 0.0 0.0 0.07767713 0.0 0.0 0.0 0.0 0.0 0.0 0.030912666 0.0 0.13943642 0.1347313 0.0 0.0 0.12473546 0.03097 0.0 0.028034426 0.0 0.0 0.0 0.0 0.0 0.0 0.0 0.0 0.0 0.11710846
0.0 0.0 0.0 0.0 0.0 0.0 0.0 0.035183787 0.0 0.0 0.0 0.02054153 0.0 0.0 0.04629231 0.0 0.15505296 0.0 0.0 0.0 0.0 0.0 0.0 0.0 0.027697137 0.0 0.0 0.0 0.07204543 0.0 0.0 0.0 0.0 0.043861866 0.0 0.0 0.0 0.0 0.0 0.0 0.02357054 0.037587177 0.0 0.06894059 0.028034428 0.0 0.0 0.0 0.051089317 0.107564405 0.0 0.0 0.05502333 0.0 0.039958104 0.30140573
0.0 0.0 0.0 0.07316209 0.10561192 0.0 0.0032143996 0.0 0.20625561 0.0 0.039754093 0.0 0.0 0.0 0.0 0.0 0.0 0.0 0.0497887 0.0 0.0 0.0 0.0 0.0 0.0 0.0 0.0 0.0 0.0 0.0 0.06767218 0.0 0.0 0.0 0.0 0.022574842 0.0 0.19384551 0.0 0.0 0.0 0.021949466 0.0 0.0 0.0 0.0 0.035206504 0.0 0.024771413 0.0 0.0 0.0 0.0 0.0 0.010761849 0.0
0.0 0.1744765 0.0 0.0 0.0 0.0 0.0 0.0 0.0 0.0 0.0 0.04053603 0.0 0.0 0.083709285 0.032206763 0.005207375 0.0 0.06100858 0.016615076 0.0 0.0 0.0 0.011784276 0.016430872 0.0 0.0 0.0 0.039238144 0.15884824 0.0 0.072793595 0.0 0.0 0.024481837 0.0 0.0 0.0 0.0 0.023638422 0.0 0.014593891 0.052773688 0.0 0.0 0.0 0.0 0.0 0.0 0.0 0.0 0.0 0.0 0.048638698 0.0 0.0
0.0 0.0 0.0 0.0 0.079728566 0.30584586 0.0 0.0 0.0 0.0 0.023953835 0.0 0.0 0.0 0.0 0.0 0.0 0.0 0.041368876 0.06978601 0.0 0.0 0.0 0.0 0.0 0.0 0.0 0.0 0.12969741 0.0 0.0 0.17047162 0.0 0.042786516 0.0 0.0 0.0 0.0 0.0 0.0 0.03980909 0.0 0.031706635 0.0 0.0 0.05108932 0.024771413 0.0 0.0038639244 0.0 0.0 0.0 0.0 0.02563215 0.0 0.0
0.0 0.07182659 0.0 0.0 0.036719352 0.0 0.0 0.0 0.0 0.0019148738 0.0 0.012728967 0.042097554 0.16940555 0.0 0.0 0.0 0.0 0.0 0.0 0.0 0.0 0.0 0.0 0.0 0.026136348 0.0 0.0 0.0 0.0 0.0 0.0 0.0 0.0068100276 0.029287657 0.06263677 0.0 0.0 0.0 0.0 0.029185465 0.005646436 0.0 0.0 0.0 0.1075644 0.0 0.0 0.0 0.0 0.1053258 0.061416004 0.0 0.0 0.12622267 0.014111024
0.0 0.0 0.0030915323 0.0 0.0 0.0 0.0 0.0 0.0 0.0 0.0 0.0 0.0 0.09871831 0.22673807 0.0 0.0 0.0 0.0 0.00018453487 0.0 0.0 0.0 0.18835351 0.026576642 0.0 0.0 0.04690731 0.0 0.0 0.0 0.062333357 0.0 0.0 0.0 0.0 0.0353705 0.0 0.010371999 0.0 0.0 0.0 0.28763485 0.0 0.0 0.0 0.0 0.0 0.0 0.105325796 0.0 0.0 0.0 0.0 0.0 0.0
0.119151875 0.0 0.0 0.016417837 0.0 0.0 0.0 0.0 0.0 0.0 0.0 0.05106192 0.030110853 0.0 0.0 0.0 0.0 0.0 0.0 0.0 0.03457821 0.0 0.050711375 0.0 0.0 0.0 0.0 0.0076854853 0.0 0.0 0.0 0.0 0.0 0.0 0.010396827 0.0 0.054955397 0.0 0.0 0.051458903 0.050923515 0.11433654 0.022548867 0.2100853 0.0 0.0 0.0 0.0 0.0 0.061416 0.0 0.0 0.0 0.021569131 0.0 0.09725451
0.0 0.06927534 0.070557706 0.0 0.19002128 0.108224526 0.0 0.0 0.0 0.016973794 0.018558156 0.0 0.0 0.0 0.0 0.0 0.045938686 0.30109784 0.0 0.0653725 0.0 0.0 0.0 0.0 0.0 0.042122368 0.0 0.0 0.0 0.0 0.0 0.015847038 0.0 0.0 0.0 0.0 0.0 0.0 0.0 0.0 0.0 0.0 0.0 0.0 0.0 0.055023327 0.0 0.0 0.0 0.0 0.0 0.0 0.0 0.0 0.08079178 0.0
0.0 0.0 0.0 0.0 0.0 0.0 0.12525082 0.0 0.08699483 0.0 0.0 0.0 0.0 0.0 0.0 0.0 0.0 0.0 0.0 0.015473112 0.039939363 0.062306434 0.0 0.0 0.0 0.0 0.0 0.0 0.0 0.0 0.16394366 0.19449006 0.0 0.0 0.0 0.0 0.0 0.0 0.05031544 0.0 0.0 0.0 0.0 0.0 0.0 0.0 0.0 0.0486387 0.02563215 0.0 0.0 0.021569131 0.0 0.0 0.0 0.0758893
0.0 0.0015982067 0.0 0.009798439 0.0 0.096410215 0.0 0.0 0.0 0.0066781845 0.0 0.0 0.0 0.0 0.0 0.0 0.05656282 0.0 0.0 0.23159142 0.0 0.019674797 0.017814297 0.0 0.054736007 0.0 0.0 0.0 0.020798827 0.03845862 0.0 0.0 0.0 0.0 0.043424662 0.0 0.0 0.0 0.20888884 0.0 0.0 0.023482464 0.0 0.0 0.0 0.039958104 0.010761849 0.0 0.0 0.12622268 0.0 0.0 0.08079178 0.0 0.0 0.0
0.0 0.0 0.0 0.2303481 0.02698286 0.0 0.0 0.0 0.0 0.0 0.07919693 0.0 0.0 0.0 0.0 0.033195764 0.0 0.0 0.0 0.0 0.0 0.04023037 0.030020826 0.0 0.0 0.0 0.017666178 0.0 0.0 0.0077885576 0.0 0.0 0.013133895 0.0 0.0 0.0 0.0 0.0 0.0 0.0 0.0 0.0 0.0 0.0 0.117108464 0.30140573 0.0 0.0 0.0 0.014111024 0.0 0.097254515 0.0 0.0758893 0.0 0.0
