0.046747454 0.0 0.004553473 0.0 0.0 0.0 0.0 0.0 0.0 0.053676393 0.0 0.0 0.0 0.0 0.018215347 0.17277363 0.0 0.0 0.0 0.0 0.0 0.0 0.0 0.0 0.0 0.0114410445 0.0 0.0 0.0 0.0 0.0 0.0 0.0 0.10828691 0.15605347 0.13060325 0.05950755 0.020400586 0.015138139 0.0076586 0.0 0.0 0.17453104 0.0 0.011027724 0.0029638363 0.0 0.0 0.0 0.041720502 0.0 0.060228176 0.0 0.0 0.018542487 0.0
0.0 0.0 0.0 0.0 0.0 0.0 0.0 0.0 0.0 0.0 0.016849171 0.0 0.0 0.023623597 0.07647215 0.0 0.015799439 0.0 0.026286082 0.0 0.0 0.0 0.0 0.0 0.0 0.0 0.00602963 0.0 0.09227794 0.0 0.0 0.0 0.0 0.0 0.12329739 0.0 0.0 0.0 0.0 0.0 0.0 0.008322459 0.0 0.0 0.16585094 0.04480781 0.0 0.07146553 0.0 0.041330326 0.0041667395 0.0 0.0 0.0 0.0023812628 0.0
0.004553473 0.0 0.03205964 0.0 0.031186465 0.0 0.0 0.0 0.0 0.0 0.0026184425 0.0 0.019049807 0.0804752 0.16566561 0.07775019 0.0 0.025478015 0.0 0.0 0.0 0.0 0.0 0.0 0.0 0.045156166 0.0 0.123033665 0.0 0.0 0.0 0.0 0.0 0.0 0.0 0.0 0.0 0.0 0.0 0.11405253 0.0 0.0 0.0 0.07126446 0.0 0.0 0.026179105 0.029644176 0.002527606 0.0 0.0 0.0 0.0 0.0 0.009039568 0.022167925
0.0 0.0 0.0 0.108860336 0.0839763 0.0 0.0 0.0 0.09725831 0.0 0.0 0.025100531 0.05265903 0.0 0.0 0.0 0.043338902 0.029245097 0.0 0.0 0.0 0.0 0.055008512 0.0 0.0 0.0 0.0 0.0 0.0 0.004763354 0.0 0.2214094 0.0 0.0 0.0 0.0 0.0 0.0 0.0 0.0 0.0 0.18087877 0.0 0.0 0.0 0.0 0.13350946 0.0 0.05408211 0.0 0.0 0.0 0.07227263 0.023496104 0.0 0.0
0.0 0.0 0.031186465 0.0839763 0.0 0.10664315 0.0 0.0 0.0 0.0 0.03230204 0.0 0.016774492 0.057505284 0.0 0.0 0.051775083 0.0 0.0 0.0 0.023748178 0.0 0.008081894 0.0 0.0 0.0 0.0 0.0 0.0 0.0 0.0 0.071269765 0.0 0.0 0.0 0.0 0.0 0.0 0.0 0.0 0.0 0.0 0.0 0.0 0.0 0.0 0.0 0.0 0.0 0.0 0.0 0.0 0.014759507 0.13634013 0.05557742 0.0
0.0 0.0 0.0 0.0 0.10664314 0.0 0.06365117 0.0 0.0 0.03044683 0.024181841 0.0 0.0 0.0 0.0 0.0 0.040886063 0.12868488 0.0 0.0 0.0 0.0 0.035512794 0.004341067 0.0 0.043417424 0.25151375 0.0040334673 0.0 0.0 0.041721795 0.0 0.0 0.0 0.0 0.0 0.0017860148 0.06934464 0.0 0.0 0.0 0.0 0.0 0.0 0.0 0.032337733 0.071320295 0.0 0.0 0.0 0.08140076 0.0 0.0 0.0 0.021990685 0.0
0.0 0.0 0.0 0.0 0.0 0.06365117 0.0 0.0 0.0 0.041318506 0.0 0.027559506 0.0 0.0 0.0 0.0 0.0 0.0 0.0 0.0 0.11794196 0.0 0.0 0.0 0.0 0.0 0.003400631 0.06264882 0.0 0.0 0.0 0.0 0.13687316 0.0 0.0 0.0 0.0 0.045092165 0.261467 0.0 0.0 0.016288523 0.002016255 0.0 0.0 0.0 0.0 0.037876833 0.016530175 0.06775176 0.066662684 0.0 0.0 0.0 0.024287805 0.0
0.0 0.0 0.0 0.0 0.0 0.0 0.0 0.0 0.0 0.0 0.0 0.0 0.0 0.0 0.0 0.05426347 0.0 0.0 0.0 0.0 0.0 0.0 0.0 0.0 0.015083156 0.008645764 0.0 0.0 0.0 0.0 0.028727688 0.0038595733 0.0 0.19337921 0.0 0.18060274 0.0 0.0 0.0 0.13521977 0.0 0.0 0.04979352 0.009946662 0.0 0.0 0.0 0.0 0.0 0.03430656 0.035609838 0.10180771 0.0 0.0 0.028815564 0.0
0.0 0.0 0.0 0.09725831 0.0 0.0 0.0 0.0 0.0 0.0 0.0 0.0 0.15486205 0.1733426 0.0 0.0 0.03419554 0.0 0.011966245 0.0 0.0 0.0 0.0 0.0 0.18356681 0.0 0.0 0.0 0.0 0.0 0.0 0.0 0.0 0.0 0.0 0.0 0.0 0.0 0.0 0.0 0.02917366 0.1423789 0.0 0.021913609 0.0 0.0 0.0 0.0 0.0 0.0 0.039459605 0.0 0.0 0.07890262 0.0 0.016103014
0.053676393 0.0 0.0 0.0 0.0 0.03044683 0.04131851 0.0 0.0 0.041397646 0.0 0.0 0.0 0.0 0.0 0.21414599 0.0 0.0 0.0102632465 0.0 0.055556517 0.15327977 0.0 0.0 0.0 0.0 0.0 0.0 0.0 0.0 0.05258424 0.0 0.0 0.0047664866 0.053840555 0.008384589 0.0 0.0 0.0 0.04045158 0.0 0.0 0.17661916 0.0 0.014215512 0.0 0.0 0.03848026 0.0 0.0 0.0 0.009182152 0.0 0.0 0.029862981 0.0
0.0 0.016849173 0.0026184423 0.0 0.032302037 0.024181841 0.0 0.0 0.0 0.0 0.0 0.042088177 0.0 0.0 0.0 0.0 0.01061363 0.0 0.0 0.0 0.0 0.07984076 0.0 0.0 0.27762088 0.005094242 0.0 0.0 0.0 0.0 0.005062602 0.071031176 0.0 0.0 0.0 0.0 0.0 0.0 0.09055688 0.10599567 0.0 0.009835794 0.051926557 0.06802631 0.0 0.0 0.054623276 0.0 0.0 0.0 0.0 0.0 0.1447332 0.0 0.0 0.0
0.0 0.0 0.0 0.025100533 0.0 0.0 0.027559504 0.0 0.0 0.0 0.042088177 0.0 0.0 0.0 0.0 0.0 0.0 0.0 0.054981664 0.0 0.055070627 0.0 0.0 0.0 0.0 0.0 0.18323196 0.11380547 0.0 0.0 0.044018127 0.0 0.0 0.0 0.0 0.0 0.0 0.0 0.001738756 0.024844559 0.022075275 0.029592274 0.0 0.0 0.0 0.0 0.0 0.051801022 0.0 0.0 0.0 0.0 0.0 0.0 0.10350816 0.0
0.0 0.0 0.019049807 0.05265903 0.016774492 0.0 0.0 0.0 0.15486205 0.0 0.0 0.0 0.032505002 0.0 0.0 0.0 0.0 0.16834337 0.0 0.0 0.0 0.0 0.0 0.0 0.0043030162 0.0 0.07778141 0.0 0.0 0.039386664 0.116523944 0.0 0.09239242 0.0 0.0 0.0 0.0 0.07690934 0.0 0.0 0.0 0.0073459568 0.0 0.0 0.0 0.13991044 0.0 0.0 0.0 0.0028903023 0.042648688 0.0 0.0 0.0 0.0 0.0
0.0 0.023623595 0.0804752 0.0 0.057505284 0.0 0.0 0.0 0.17334262 0.0 0.0 0.0 0.0 0.0 0.0 0.0 0.0 0.0 0.0 0.0 0.0 0.0 0.0 0.0 0.0 0.0 0.0 0.001809079 0.0 0.22687352 0.0 0.07720043 0.07916177 0.0 0.0 0.0 0.0 0.0 0.0 0.0 0.0 0.0 0.0 0.0 0.0 0.11326484 0.0 0.0 0.0 0.061049346 0.12017852 0.007269065 0.0 0.0 0.013750086 0.0
0.018215347 0.07647215 0.16566561 0.0 0.0 0.0 0.0 0.0 0.0 0.0 0.0 0.0 0.0 0.0 0.0 0.0 0.1578852 0.0 0.027804827 0.0 0.0 0.0 0.01179086 0.0 0.003308993 0.0 0.016267575 0.059086915 0.06609797 0.0 0.025690425 0.0 0.0 0.0 0.0 0.0 0.0 0.024920015 0.0 0.0 0.0 0.0 0.0 0.0 0.0 0.0 0.0 0.15131763 0.0 0.0 0.0 0.0 0.0 0.0 0.041487034 0.09204355
0.17277363 0.0 0.0777502 0.0 0.0 0.0 0.0 0.054263465 0.0 0.21414599 0.0 0.0 0.0 0.0 0.0 0.0 0.0 0.0 0.0 0.0 0.0 0.0 0.07998464 0.09439977 0.008941163 0.030257557 0.0 0.0 0.0 0.0 0.0 0.0 0.0 0.0 0.048205804 0.0 0.0 0.0 0.00085634686 0.0 0.0 0.0 0.0 0.0 0.028456401 0.0 0.0 0.0 0.027716052 0.0 0.0 0.003439597 0.0 0.0 0.0 0.0
0.0 0.015799439 0.0 0.043338902 0.051775083 0.040886063 0.0 0.0 0.03419554 0.0 0.01061363 0.0 0.0 0.0 0.1578852 0.0 0.0 0.0 0.37217647 0.0 0.02123154 0.0 0.03325722 0.0 0.0 0.0 0.0 0.0044347234 0.0 0.0 0.020051869 0.0 0.0 0.0 0.0 0.0 0.0 0.030812532 0.0 0.09635432 0.0 0.0 0.0 0.0 0.0 0.040584855 0.0 0.0 0.0 0.0 0.0 0.008190721 0.0 0.0 0.09479513 0.0
0.0 0.0 0.025478013 0.029245095 0.0 0.12868488 0.0 0.0 0.0 0.0 0.0 0.0 0.16834335 0.0 0.0 0.0 0.0 0.0 0.0 0.0 0.07519107 0.0 0.0 0.0 0.0 0.0 0.0 0.13689637 0.0 0.0 0.0 0.03315542 0.0 0.0 0.0 0.0 0.0 0.0 0.0 0.03799415 0.0 0.0 0.0 0.0 0.0 0.0 0.0 0.0 0.2151491 0.0 0.0 0.0 0.0 0.14920563 0.0017869683 0.0
0.0 0.02628608 0.0 0.0 0.0 0.0 0.0 0.0 0.011966245 0.010263247 0.0 0.054981664 0.0 0.0 0.027804827 0.0 0.37217644 0.0 0.0 0.0 0.0 0.0 0.0 0.0 0.0042291386 0.0 0.0 0.0 0.0 0.0 0.0 0.0 0.0 0.0 0.0 0.0 0.0 0.0 0.0 0.0 0.036950115 0.03167824 0.0 0.047338035 0.0 0.0 0.13529582 0.0 0.0 0.0 0.0064872983 0.0 0.19436614 0.0 0.0 0.0
0.0 0.0 0.0 0.0 0.0 0.0 0.0 0.0 0.0 0.0 0.0 0.0 0.0 0.0 0.0 0.0 0.0 0.0 0.0 0.0 0.0 0.0 0.11617849 0.15830943 0.0 0.0 0.0 0.029100357 0.0 0.0 0.0 0.081311435 0.0 0.0 0.0 0.120801955 0.0 0.0 0.0 0.0 0.0 0.0 0.0 0.0 0.0 0.07091534 0.0 0.0 0.0 0.0 0.088979386 0.20736013 0.0 0.0 0.0 0.0
0.0 0.0 0.0 0.0 0.02374818 0.0 0.11794196 0.0 0.0 0.055556513 0.0 0.055070627 0.0 0.0 0.0 0.0 0.02123154 0.07519107 0.0 0.0 0.0 0.0 0.0 0.0 0.009286052 0.082181424 0.0 0.062811516 0.0 0.0 0.0780236 0.0 0.0 0.0 0.0 0.0 0.0 0.1256315 0.0 0.049400214 0.005577099 0.07126651 0.0 0.06722231 0.0 0.0 0.033983465 0.0 0.0 0.0 0.0 0.0 0.015175614 0.0 0.0 0.0
0.0 0.0 0.0 0.0 0.0 0.0 0.0 0.0 0.0 0.15327977 0.07984076 0.0 0.0 0.0 0.0 0.0 0.0 0.0 0.0 0.0 0.0 0.0 0.0 0.0 0.0 0.0 0.0 0.0 0.1427073 0.0 0.0 0.0 0.0 0.0 0.145012 0.0 0.37560597 0.0 0.0 0.0038340772 0.034058504 0.0 0.0 0.0 0.0 0.0 0.0 0.0 0.0 0.0 0.0 0.0017536172 0.0 0.0 0.0 0.0
0.0 0.0 0.0 0.055008516 0.008081894 0.035512794 0.0 0.0 0.0 0.0 0.0 0.0 0.0 0.0 0.01179086 0.07998464 0.03325722 0.0 0.0 0.11617849 0.0 0.0 0.08753682 0.0 0.041068994 0.0 0.10856825 0.0 0.0 0.020596933 0.098565176 0.025610289 0.17631838 0.042973764 0.0 0.0 0.0 0.028143914 0.025670964 0.0 0.0 0.0 0.0 0.0 0.0 0.0 0.0 0.0 0.0 0.0 0.0 0.0 0.0 0.0 0.062329754 0.0
0.0 0.0 0.0 0.0 0.0 0.0043410663 0.0 0.0 0.0 0.0 0.0 0.0 0.0 0.0 0.0 0.09439977 0.0 0.0 0.0 0.15830943 0.0 0.0 0.0 0.0 0.016203629 0.0 0.0 0.0 0.0 0.0 0.0 0.12175527 0.0 0.08364825 0.0 0.0 0.0 0.0 0.0 0.050341487 0.0 0.004231743 0.0 0.0 0.057149287 0.0 0.009727339 0.0 0.0 0.0 0.09443535 0.08320244 0.0 0.011950548 0.21823072 0.0
0.0 0.0 0.0 0.0 0.0 0.0 0.0 0.015083156 0.18356681 0.0 0.27762088 0.0 0.0043030162 0.0 0.003308993 0.008941163 0.0 0.0 0.0042291386 0.0 0.009286052 0.0 0.041068994 0.016203627 0.0 0.0 0.11293061 0.040726706 0.0 0.0 0.0 0.0 0.0 0.0 0.01598918 0.027281854 0.0 0.010686432 0.0 0.0320627 0.0069815377 0.0 0.0 0.0 0.0 0.0 0.0 0.0 0.0 0.0 0.16071571 0.07752934 0.0 0.0 0.017053388 0.0
0.0114410445 0.0 0.045156166 0.0 0.0 0.043417424 0.0 0.008645764 0.0 0.0 0.0050942414 0.0 0.0 0.0 0.0 0.030257557 0.0 0.0 0.0 0.0 0.082181424 0.0 0.0 0.0 0.0 0.0 0.077339955 0.0 0.0 0.006425243 0.0 0.0 0.08973664 0.0 0.0 0.0 0.018582512 0.07682929 0.20461728 0.0 0.0 0.0 0.0 0.0 0.022063667 0.0 0.0 0.013287078 0.12810433 0.18123159 0.0012544887 0.0 0.01988183 0.0 0.055621225 0.0
0.0 0.00602963 0.0 0.0 0.0 0.25151375 0.003400631 0.0 0.0 0.0 0.0 0.18323196 0.07778141 0.0 0.016267575 0.0 0.0 0.0 0.0 0.0 0.0 0.0 0.10856825 0.0 0.11293061 0.077339955 0.0 0.011241504 0.025356723 0.038314145 0.0 0.021154333 0.027921628 0.0 0.0 0.0 0.0 0.0 0.0 0.0 0.0 0.0025518911 0.0 0.0 0.0 0.0 0.010631615 0.0 0.0 0.0 0.0 0.0 0.038687903 0.04202089 0.0 0.0
0.0 0.0 0.123033665 0.0 0.0 0.0040334673 0.06264882 0.0 0.0 0.0 0.0 0.11380547 0.0 0.001809079 0.059086915 0.0 0.0044347234 0.13689637 0.0 0.029100355 0.062811516 0.0 0.0 0.0 0.040726706 0.0 0.011241504 0.0 0.0 0.15452401 0.0 0.0 0.02167949 0.04561158 0.0 0.0 0.0 0.0 0.0 0.0 0.0 0.11380862 0.0 0.009559956 0.0 0.0 0.0 0.006246058 0.035897862 0.0 0.0 0.0 0.07393397 0.0 0.0 0.0
0.0 0.09227794 0.0 0.0 0.0 0.0 0.0 0.0 0.0 0.0 0.0 0.0 0.0 0.0 0.06609797 0.0 0.0 0.0 0.0 0.0 0.0 0.14270732 0.0 0.0 0.0 0.0 0.025356723 0.0 0.12456076 0.0 0.0 0.0 0.0 0.0 0.10903307 0.0 0.0 0.0 0.0 0.0 0.0 0.0 0.0 0.0 0.0600783 0.08611128 0.0 0.02166887 0.0 0.09550699 0.0 0.09151052 0.0 0.0 0.051265806 0.0
0.0 0.0 0.0 0.0047633545 0.0 0.0 0.0 0.0 0.0 0.0 0.0 0.0 0.039386664 0.22687352 0.0 0.0 0.0 0.0 0.0 0.0 0.0 0.0 0.020596933 0.0 0.0 0.006425243 0.03831414 0.15452403 0.0 0.0 0.0 0.0 0.0 0.003025496 0.0 0.0 0.0 0.0 0.0 0.0 0.37854737 0.0 0.0 0.017790576 0.0 0.0 0.0 0.0 0.0 0.0 0.0 0.0 0.0 0.0 0.031434894 0.032927506
0.0 0.0 0.0 0.0 0.0 0.0417218 0.0 0.028727688 0.0 0.052584235 0.005062602 0.044018127 0.11652395 0.0 0.025690423 0.0 0.020051869 0.0 0.0 0.0 0.0780236 0.0 0.098565176 0.0 0.0 0.0 0.0 0.0 0.0 0.0 0.0 0.0 0.16602257 0.0 0.0 0.0 0.0 0.0 0.0 0.0 0.0 0.0 0.0 0.0 0.0165057 0.0 0.028910639 0.0 0.09883092 0.0 0.0 0.0 0.13824986 0.0 0.019471612 0.0
0.0 0.0 0.0 0.2214094 0.071269765 0.0 0.0 0.0038595735 0.0 0.0 0.07103117 0.0 0.0 0.07720042 0.0 0.0 0.0 0.033155423 0.0 0.08131143 0.0 0.0 0.025610289 0.121755265 0.0 0.0 0.021154333 0.0 0.0 0.0 0.0 0.076276004 0.0 0.0 0.0 0.0 0.0 0.0 0.0 0.0 0.0 0.0 0.0 0.0 0.0 0.11692412 0.016188536 0.0 0.0 0.0 0.007940119 0.0 0.0 0.0 0.0035952572 0.0
0.0 0.0 0.0 0.0 0.0 0.0 0.13687314 0.0 0.0 0.0 0.0 0.0 0.09239242 0.07916177 0.0 0.0 0.0 0.0 0.0 0.0 0.0 0.0 0.17631838 0.0 0.0 0.08973664 0.027921628 0.02167949 0.0 0.0 0.16602258 0.0 0.028227814 0.0 0.0 0.0 0.0 0.0 0.0 0.01565451 0.0 0.013834223 0.017551653 0.045151766 0.0 0.0 0.10667935 0.020741139 0.0 0.0 0.0 0.0 0.0 0.0 0.029080305 0.0
0.1082869 0.0 0.0 0.0 0.0 0.0 0.0 0.19337921 0.0 0.0047664866 0.0 0.0 0.0 0.0 0.0 0.0 0.0 0.0 0.0 0.0 0.0 0.0 0.04297376 0.08364824 0.0 0.0 0.0 0.04561158 0.0 0.003025496 0.0 0.0 0.0 0.0 0.030234126 0.0 0.011849978 0.036639005 0.0 0.0064444877 0.031409018 0.0 0.0 0.0 0.0 0.0 0.0 0.13853236 0.0 0.037376147 0.03302315 0.11571104 0.0 0.0 0.056424227 0.0
0.15605347 0.1232974 0.0 0.0 0.0 0.0 0.0 0.0 0.0 0.05384055 0.0 0.0 0.0 0.0 0.0 0.048205804 0.0 0.0 0.0 0.0 0.0 0.14501199 0.0 0.0 0.01598918 0.0 0.0 0.0 0.10903307 0.0 0.0 0.0 0.0 0.030234126 0.08962475 0.019318998 0.1043671 0.0 0.0 0.0 0.0 0.0 0.17786328 0.0 0.0 0.0 0.0 0.0 0.0 0.00242712 0.0 0.0 0.00048372653 0.0 0.0 0.0
0.13060325 0.0 0.0 0.0 0.0 0.0 0.0 0.18060276 0.0 0.008384588 0.0 0.0 0.0 0.0 0.0 0.0 0.0 0.0 0.0 0.120801955 0.0 0.0 0.0 0.0 0.027281854 0.0 0.0 0.0 0.0 0.0 0.0 0.0 0.0 0.0 0.019318998 0.0 0.0 0.0 0.0 0.0 0.0 0.0 0.0 0.0 0.3193524 0.0 0.0 0.045898322 0.0 0.0 0.0 0.060066763 0.0 0.0 0.0 0.086706445
0.059507553 0.0 0.0 0.0 0.0 0.0017860148 0.0 0.0 0.0 0.0 0.0 0.0 0.0 0.0 0.0 0.0 0.0 0.0 0.0 0.0 0.0 0.37560597 0.0 0.0 0.0 0.018582512 0.0 0.0 0.0 0.0 0.0 0.0 0.0 0.011849978 0.1043671 0.0 0.0 0.0 0.0 0.0 0.0 0.0 0.2510903 0.13152003 0.0 0.0 0.0 0.0 0.0 0.0 0.0 0.0 0.0 0.0 0.0 0.0
0.020400586 0.0 0.0 0.0 0.0 0.06934463 0.04509217 0.0 0.0 0.0 0.0 0.0 0.07690934 0.0 0.024920015 0.0 0.030812532 0.0 0.0 0.0 0.12563148 0.0 0.028143914 0.0 0.010686432 0.0768293 0.0 0.0 0.0 0.0 0.0 0.0 0.0 0.036639005 0.0 0.0 0.0 0.0 0.038419187 0.0 0.0 0.0 0.0 0.0294532 0.0 0.0 0.0 0.095664226 0.0 0.0 0.0 0.0 0.053752936 0.0 0.07987464 0.0
0.015138138 0.0 0.0 0.0 0.0 0.0 0.261467 0.0 0.0 0.0 0.09055689 0.001738756 0.0 0.0 0.0 0.00085634686 0.0 0.0 0.0 0.0 0.0 0.0 0.025670964 0.0 0.0 0.20461726 0.0 0.0 0.0 0.0 0.0 0.0 0.0 0.0 0.0 0.0 0.0 0.038419187 0.15051138 0.0 0.0 0.0 0.006786493 0.007894219 0.0 0.0 0.0 0.0 0.0 0.0 0.0 0.017733801 0.018909262 0.0 0.0 0.06548961
0.0076585994 0.0 0.11405252 0.0 0.0 0.0 0.0 0.13521977 0.0 0.040451583 0.10599568 0.024844559 0.0 0.0 0.0 0.0 0.09635432 0.037994146 0.0 0.0 0.04940021 0.003834077 0.0 0.050341487 0.032062702 0.0 0.0 0.0 0.0 0.0 0.0 0.0 0.015654508 0.006444488 0.0 0.0 0.0 0.0 0.0 0.0 0.0 0.06638771 0.0 0.07601526 0.13522252 0.0 0.0 0.0 0.0 0.07870584 0.0 0.0 0.090199724 0.0 0.0 0.0
0.0 0.0 0.0 0.0 0.0 0.0 0.0 0.0 0.029173657 0.0 0.0 0.022075275 0.0 0.0 0.0 0.0 0.0 0.0 0.036950115 0.0 0.005577099 0.034058504 0.0 0.0 0.006981538 0.0 0.0 0.0 0.0 0.37854737 0.0 0.0 0.0 0.031409018 0.0 0.0 0.0 0.0 0.0 0.0 0.0 0.0385688 0.0 0.0 0.12918073 0.042586893 0.0 0.0 0.0 0.1800853 0.0 0.0 0.0 0.0 0.0 0.0
0.0 0.00832246 0.0 0.18087877 0.0 0.0 0.016288523 0.0 0.14237888 0.0 0.009835794 0.029592274 0.0073459568 0.0 0.0 0.0 0.0 0.0 0.031678237 0.0 0.07126652 0.0 0.0 0.004231743 0.0 0.0 0.0025518911 0.11380862 0.0 0.0 0.0 0.0 0.013834223 0.0 0.0 0.0 0.0 0.0 0.0 0.06638771 0.038568802 0.0 0.0 0.0 0.0 0.014235232 0.0 0.0 0.07855437 0.0 0.0 0.0 0.0 0.0 0.0 0.0
0.17453103 0.0 0.0 0.0 0.0 0.0 0.002016255 0.04979352 0.0 0.17661914 0.051926557 0.0 0.0 0.0 0.0 0.0 0.0 0.0 0.0 0.0 0.0 0.0 0.0 0.0 0.0 0.0 0.0 0.0 0.0 0.0 0.0 0.0 0.017551655 0.0 0.17786328 0.0 0.2510903 0.0 0.0067864927 0.0 0.0 0.0 0.0 0.0 0.084112965 0.0 0.0074083707 0.0 0.0 0.0 0.0 0.0 0.0 0.0 0.0009771091 0.0
0.0 0.0 0.07126446 0.0 0.0 0.0 0.0 0.009946662 0.021913609 0.0 0.06802631 0.0 0.0 0.0 0.0 0.0 0.0 0.0 0.04733803 0.0 0.06722232 0.0 0.0 0.0 0.0 0.0 0.0 0.009559956 0.0 0.017790576 0.0 0.0 0.045151766 0.0 0.0 0.0 0.13152003 0.0294532 0.007894219 0.07601525 0.0 0.0 0.0 0.0 0.0 0.0 0.0 0.07657946 0.087735444 0.07778102 0.05996974 0.0 0.0 0.0 0.024934247 0.12366755
0.011027724 0.16585094 0.0 0.0 0.0 0.0 0.0 0.0 0.0 0.014215511 0.0 0.0 0.0 0.0 0.0 0.028456401 0.0 0.0 0.0 0.0 0.0 0.0 0.0 0.057149287 0.0 0.022063665 0.0 0.0 0.0600783 0.0 0.0165057 0.0 0.0 0.0 0.0 0.3193524 0.0 0.0 0.0 0.13522251 0.12918071 0.0 0.08411297 0.0 0.0 0.0 0.0 0.049070965 0.0 0.0 0.0 0.0 0.0 0.0 0.0 0.0
0.002963836 0.044807807 0.0 0.0 0.0 0.032337733 0.0 0.0 0.0 0.0 0.0 0.0 0.13991043 0.11326484 0.0 0.0 0.040584855 0.0 0.0 0.07091534 0.0 0.0 0.0 0.0 0.0 0.0 0.0 0.0 0.086111285 0.0 0.0 0.116924115 0.0 0.0 0.0 0.0 0.0 0.0 0.0 0.0 0.042586897 0.014235232 0.0 0.0 0.0 0.0 0.06322325 0.0 0.0 0.0 0.0 0.0 0.0 0.27426407 0.031948008 0.036771312
0.0 0.0 0.026179107 0.13350944 0.0 0.0713203 0.0 0.0 0.0 0.0 0.054623276 0.0 0.0 0.0 0.0 0.0 0.0 0.0 0.13529582 0.0 0.033983465 0.0 0.0 0.009727339 0.0 0.0 0.010631615 0.0 0.0 0.0 0.028910637 0.016188536 0.10667935 0.0 0.0 0.0 0.0 0.0 0.0 0.0 0.0 0.0 0.0074083707 0.0 0.0 0.06322326 0.09284611 0.06741454 0.06674151 0.0 0.0 0.0 0.0 0.0 0.0 0.0
0.0 0.07146554 0.029644175 0.0 0.0 0.0 0.037876833 0.0 0.0 0.038480256 0.0 0.05180102 0.0 0.0 0.15131763 0.0 0.0 0.0 0.0 0.0 0.0 0.0 0.0 0.0 0.0 0.013287078 0.0 0.006246058 0.02166887 0.0 0.0 0.0 0.020741139 0.13853236 0.0 0.045898322 0.0 0.095664226 0.0 0.0 0.0 0.0 0.0 0.07657947 0.049070965 0.0 0.06741454 0.05462548 0.0 0.0 0.0024184247 0.0 0.0 0.014679264 0.0 0.0
0.0 0.0 0.002527606 0.05408211 0.0 0.0 0.016530175 0.0 0.0 0.0 0.0 0.0 0.0 0.0 0.0 0.027716052 0.0 0.2151491 0.0 0.0 0.0 0.0 0.0 0.0 0.0 0.12810433 0.0 0.035897862 0.0 0.0 0.09883092 0.0 0.0 0.0 0.0 0.0 0.0 0.0 0.0 0.0 0.0 0.07855438 0.0 0.08773545 0.0 0.0 0.06674151 0.0 0.11484149 0.0 0.0 0.0 0.06823458 0.0 0.0 0.0
0.041720502 0.041330326 0.0 0.0 0.0 0.0 0.06775176 0.03430656 0.0 0.0 0.0 0.0 0.0028903023 0.06104935 0.0 0.0 0.0 0.0 0.0 0.0 0.0 0.0 0.0 0.0 0.0 0.1812316 0.0 0.0 0.09550699 0.0 0.0 0.0 0.0 0.037376147 0.00242712 0.0 0.0 0.0 0.0 0.07870583 0.1800853 0.0 0.0 0.07778103 0.0 0.0 0.0 0.0 0.0 0.0 0.0 0.041531485 0.0 0.0 0.0 0.18859524
0.0 0.0041667395 0.0 0.0 0.0 0.08140077 0.06666269 0.035609834 0.039459605 0.0 0.0 0.0 0.042648684 0.12017852 0.0 0.0 0.0 0.0 0.0064872983 0.08897938 0.0 0.0 0.0 0.09443536 0.16071571 0.0012544887 0.0 0.0 0.0 0.0 0.0 0.007940119 0.0 0.03302315 0.0 0.0 0.0 0.0 0.0 0.0 0.0 0.0 0.0 0.059969746 0.0 0.0 0.0 0.0024184247 0.0 0.0 0.0 0.0 0.0074224835 0.056040213 0.0 0.11650715
0.060228184 0.0 0.0 0.0 0.0 0.0 0.0 0.10180772 0.0 0.009182152 0.0 0.0 0.0 0.007269065 0.0 0.003439597 0.008190721 0.0 0.0 0.20736013 0.0 0.0017536172 0.0 0.08320244 0.07752934 0.0 0.0 0.0 0.09151052 0.0 0.0 0.0 0.0 0.11571103 0.0 0.06006676 0.0 0.0 0.017733801 0.0 0.0 0.0 0.0 0.0 0.0 0.0 0.0 0.0 0.0 0.04153149 0.0 0.0 0.0 0.109866574 0.0 0.13497002
0.0 0.0 0.0 0.072272636 0.014759507 0.0 0.0 0.0 0.0 0.0 0.1447332 0.0 0.0 0.0 0.0 0.0 0.0 0.0 0.19436613 0.0 0.015175614 0.0 0.0 0.0 0.0 0.01988183 0.038687903 0.07393397 0.0 0.0 0.13824987 0.0 0.0 0.0 0.00048372653 0.0 0.0 0.05375294 0.018909262 0.090199724 0.0 0.0 0.0 0.0 0.0 0.0 0.0 0.0 0.06823458 0.0 0.0074224835 0.0 0.0 0.0 0.0 0.0
0.0 0.0 0.0 0.023496104 0.13634013 0.0 0.0 0.0 0.07890262 0.0 0.0 0.0 0.0 0.0 0.0 0.0 0.0 0.14920563 0.0 0.0 0.0 0.0 0.0 0.011950548 0.0 0.0 0.042020887 0.0 0.0 0.0 0.0 0.0 0.0 0.0 0.0 0.0 0.0 0.0 0.0 0.0 0.0 0.0 0.0 0.0 0.0 0.27426404 0.0 0.014679265 0.0 0.0 0.056040216 0.109866574 0.0 0.0 0.003805388 0.0
0.018542485 0.0023812628 0.009039569 0.0 0.055577416 0.021990685 0.024287805 0.028815566 0.0 0.02986298 0.0 0.10350816 0.0 0.013750086 0.041487034 0.0 0.09479513 0.0017869682 0.0 0.0 0.0 0.0 0.062329758 0.21823072 0.017053388 0.05562123 0.0 0.0 0.051265802 0.031434894 0.019471612 0.0035952572 0.029080305 0.05642423 0.0 0.0 0.0 0.079874635 0.0 0.0 0.0 0.0 0.0009771091 0.024934249 0.0 0.031948004 0.0 0.0 0.0 0.0 0.0 0.0 0.0 0.003805388 0.0 0.0
0.0 0.0 0.022167925 0.0 0.0 0.0 0.0 0.0 0.016103014 0.0 0.0 0.0 0.0 0.0 0.092043556 0.0 0.0 0.0 0.0 0.0 0.0 0.0 0.0 0.0 0.0 0.0 0.0 0.0 0.0 0.032927506 0.0 0.0 0.0 0.0 0.0 0.08670645 0.0 0.0 0.065489605 0.0 0.0 0.0 0.0 0.123667546 0.0 0.036771312 0.0 0.0 0.0 0.18859522 0.11650715 0.13497002 0.0 0.0 0.0 0.0
