0.0 0.0 0.0 0.0 0.0 0.0038574548 0.023624705 0.0 0.0 0.01046199 0.00624643 0.0 0.0 0.15854037 0.0 0.0 0.0 0.027762653 0.0 0.0 0.0 0.035557352 0.075443596 0.0 0.0 0.16223833 0.02259656 0.04451455 0.0 0.0 0.15794505 0.0 0.0437499 0.0 0.0 0.009428834 0.0 0.0 0.0 0.02809475 0.0 0.0 0.0 0.042834897 0.0 0.0 0.0 0.07550707 0.10363362 0.0 0.04831724 0.0 0.014014193 0.0 0.013893907 0.0
0.0 0.0 0.0 0.07579959 0.07450503 0.049344398 0.0 0.0 0.0 0.0 0.0 0.0 0.0 0.0 0.0 0.0 0.0 0.118556686 0.0 0.019325046 0.0 0.0 0.0 0.0 0.0 0.0 0.16521655 0.0 0.0 0.0 0.012709072 0.0 0.0 0.0 0.0 0.0 0.017110502 0.0 0.06130799 0.0 0.0 0.0 0.0 0.0 0.06808191 0.14255215 0.0 0.017811295 0.0 0.045274306 0.0 0.0 0.0 0.0 0.0 0.0
0.0 0.0 0.0 0.108577035 0.10110097 0.0 0.0 1.3088543e-08 0.0 0.0 0.0 0.0 0.05199386 0.0 0.0 0.0 0.10807016 0.0 0.0 0.0 0.0 0.0 0.0 0.0 0.017654998 0.0 0.0 0.0 0.0 0.0 0.0 0.0155488355 0.0 0.0 0.0 0.0 0.0 0.0 0.0 0.2970873 0.0 0.0 0.0 0.04009484 0.0 0.0 0.0 0.0 0.0 0.0 0.0 0.0 0.0 0.1813513 0.0 0.0
0.0 0.07579959 0.10857703 0.0 0.002267404 0.0 0.0 0.0 0.0 0.0 0.0 0.20518756 0.0 0.0 0.0 0.04651425 0.051896874 0.0 0.09146138 0.0 0.0 0.0 0.0 0.0 0.096109 0.0 0.0 0.0 0.0 0.21028991 0.0 0.037932392 0.0 0.0 0.0 0.043257836 0.0 0.0 0.0 0.0 0.0 0.0 0.0 0.0150711 0.0 0.0 0.034198623 0.0 0.0 0.0 0.0 0.0 0.060692474 0.0 0.0 0.0
0.0 0.07450504 0.101100974 0.002267404 0.12801605 0.0 0.01791719 0.07218157 0.0 0.0 0.0 0.018523281 0.008809593 0.0 0.084613055 0.0 0.14895463 0.0 0.09151123 0.0 0.018615322 0.0 0.0 0.001373104 0.012573346 0.0 0.0 0.0 0.0 0.034236018 0.0 0.027553268 0.00021187602 0.0 0.0 0.0 0.0 0.0 0.0 0.0 0.0 0.0 0.0 0.0 0.0809597 0.02532948 0.038925193 0.0 0.0 0.07438014 0.0 0.0 0.0 0.021229377 0.0 0.008435918
0.0038574548 0.049344398 0.0 0.0 0.0 0.0 0.14126953 0.008665108 0.0 0.0 0.0 0.15631819 0.0 0.0 0.0 0.0 0.01296421 0.0 0.0 0.0 0.0 0.008920339 0.0 0.0113723725 0.042092383 0.0 0.0 0.0 0.110384196 0.0 0.0 0.0 0.0 0.0 0.0 0.03689823 0.015245337 0.0 0.0 0.0 0.0 0.0 0.0 0.0 0.027656773 0.0 0.0 0.09203455 0.0 0.0 0.0 0.09185972 0.0 0.0 0.0 0.0
0.023624705 0.0 0.0 0.0 0.01791719 0.14126953 0.0 0.054756112 0.0 0.011300409 0.0 0.0 0.0 0.0 0.03406066 0.0 0.0 0.0 0.0 0.05483249 0.0 0.07344543 0.0 0.0 0.0 0.0 0.0073737 0.0 0.0 0.0 0.0 0.0 0.0 0.0 0.0 0.0 0.15484492 0.10875896 0.016977107 0.0 0.0 0.0 0.0 0.028180553 0.052647706 0.0 0.0 0.0 0.056147512 0.0 0.0 0.0 0.0 0.0 0.0 0.0
0.0 0.0 1.3088543e-08 0.0 0.072181575 0.008665108 0.054756112 0.0 0.060322795 0.024707254 0.0 0.020603798 0.0 0.025585616 0.0 0.0 0.0 0.09197636 0.0 0.0 0.0 0.0 0.0 0.06017319 0.0058336942 0.033971325 0.0 0.0 0.0 0.02271946 0.058387812 0.0 0.07030125 0.0 0.0 0.0 0.0 0.0 0.0041599288 0.0 0.0 0.11925436 0.024319993 0.04768665 0.0 0.009457179 0.0 0.0 0.1362005 0.0 0.0 0.0 0.11946764 0.0 0.0 0.0
0.0 0.0 0.0 0.0 0.0 0.0 0.0 0.060322795 0.0 0.0 0.0 0.0 0.0 0.0 0.0 0.0 0.0024838618 0.0 0.0 0.016242648 0.0 0.0 0.0 0.0 0.0 0.0 0.0 0.0 0.047961354 0.0 0.0 0.0 0.0 0.0 0.048134275 0.0 0.0 0.0 0.0 0.0 0.08508352 0.0 0.0 0.0 0.13092363 0.0 0.0 0.0 0.0 0.043405604 0.0 0.008076465 0.0 0.0 0.0 0.5688377
0.010461991 0.0 0.0 0.0 0.0 0.0 0.011300409 0.024707254 0.0 0.04727375 0.035560988 0.06577049 0.0 0.019951971 0.0 0.0 0.0 0.08533569 0.0 0.0 0.0 0.2788424 0.013007813 0.009393361 0.0 0.071344435 0.0 0.0 0.0 0.044260513 0.032000415 0.0 0.059525073 0.0 0.0 0.0 0.05499882 0.0 0.119895265 0.0 0.0 0.0 0.0 0.0 0.045332838 0.050517853 0.0 0.0059022927 0.021477656 0.0 0.0 0.0 0.0089856945 0.0 0.0 0.0
0.00624643 0.0 0.0 0.0 0.0 0.0 0.0 0.0 0.0 0.035560988 0.0 0.01604116 0.0 0.0 0.0 0.0 0.0 0.0 0.081019446 0.0 0.0 0.023659628 0.0 0.0 0.0 0.0 0.06779438 0.0 0.0 0.0 0.0 0.0 0.0 0.0 0.0 0.19197072 0.0 0.0 0.0 0.026327545 0.0 0.26337555 0.100137904 0.0 0.0 0.0 0.0 0.0 0.0 0.0 0.0 0.0 0.0 0.02553881 0.0 0.0
0.0 0.0 0.0 0.20518756 0.01852328 0.15631819 0.0 0.020603798 0.0 0.06577049 0.01604116 0.07115941 0.0 0.0 0.0 0.036209002 0.0 0.0 0.0 0.0 0.0 0.0 0.055887453 0.0 0.0 0.06547175 0.0 0.098252654 0.0 0.0 0.0 0.016598962 0.0 0.0 0.0 0.0 0.026836695 0.0 0.048896633 0.04357936 0.0 0.0 0.0 0.0 0.0 0.0 0.01889094 0.0 0.0 0.0 0.0 0.0 0.0 0.0 0.024578298 0.0
0.0 0.0 0.05199386 0.0 0.008809593 0.0 0.0 0.0 0.0 0.0 0.0 0.0 0.21057244 0.0 0.0 0.10699011 0.0 0.0 0.0 0.012788286 0.041570533 0.0 0.04775134 0.0 0.0 0.0 0.083444744 0.0 0.0 0.0 0.014323628 0.0 0.0 0.0 0.0 0.0 0.0 0.0052012056 0.0 0.22501671 0.0 0.0 0.0 0.0 0.0 0.0 0.0 0.0 0.019815328 0.0 0.0 0.062304974 0.0 0.0 0.140716 0.0
0.15854038 0.0 0.0 0.0 0.0 0.0 0.0 0.025585616 0.0 0.01995197 0.0 0.0 0.0 0.0 0.05916415 0.09685193 0.0 0.0 0.0 0.04104906 0.0 0.0 0.07320735 0.0 0.0 0.0 0.0 0.024362123 0.0 0.0 0.002734355 0.0 0.022780264 0.07350206 0.07028895 0.0 0.0 0.0 0.024067631 0.0 0.0 0.03049772 0.0 0.0 0.019660112 0.0 0.0 0.0 0.0 0.18354896 0.0 0.0 0.0 0.14050063 0.047717374 0.015070871
0.0 0.0 0.0 0.0 0.08461306 0.0 0.034060657 0.0 0.0 0.0 0.0 0.0 0.0 0.05916415 0.0 0.0 0.0 0.09335095 0.055493828 0.031578686 0.0 0.052836716 0.024107164 0.045762327 0.0 0.07287342 0.05870167 0.19885518 0.0 0.0 0.0 0.0 0.0 0.0043925904 0.0 0.0 0.0 0.0 0.0 0.0 0.0 0.0 0.0 0.0 0.0 0.0 0.0 0.0 0.0 0.0 0.0 0.010363698 0.0 0.0 0.0 0.0
0.0 0.0 0.0 0.04651425 0.0 0.0 0.0 0.0 0.0 0.0 0.0 0.036209006 0.10699011 0.09685193 0.0 0.0 0.0 0.0156332 0.0 0.012668456 0.0 0.0 0.04387602 0.035219066 0.0 0.04033519 0.17635323 0.054038435 0.0 0.0 0.01988997 0.04028591 0.0 0.0 0.0 0.0 0.0 0.0 0.015380566 0.0 0.0 0.0 0.0 0.0 0.0 0.0 0.0 0.0038927563 0.0 0.0 0.054414507 0.0 0.06984952 0.0 0.0 0.0
0.0 0.0 0.10807016 0.051896874 0.14895461 0.0129642105 0.0 0.0 0.0024838615 0.0 0.0 0.0 0.0 0.0 0.0 0.0 0.09751678 0.049821902 0.01873005 0.053743817 0.041528083 0.0 0.0 0.0 0.0 0.0 0.0 0.0 0.0 0.0 0.0 0.057959553 0.0 0.08801359 0.0 0.0 0.0 0.030271623 0.0 0.0 0.0 0.0 0.0 0.059093002 0.0 0.10769425 0.0 0.0 0.0 0.021691874 0.0 0.022538893 0.0 0.0 0.0 0.0
0.027762653 0.11855668 0.0 0.0 0.0 0.0 0.0 0.09197637 0.0 0.08533569 0.0 0.0 0.0 0.0 0.09335095 0.0156332 0.049821902 0.0 0.06442146 0.0 0.011890137 0.0 0.0 0.0 0.0 0.0 0.0 0.0 0.0 0.0 0.0 0.0 0.0 0.0 0.0 0.0 0.0 0.0 0.0 0.0 0.0 0.04497541 0.0 0.11784549 0.0 0.04258427 0.017105822 0.0 0.0 0.26851466 0.0 0.0 0.0 0.018466886 0.0 0.0
0.0 0.0 0.0 0.09146138 0.091511235 0.0 0.0 0.0 0.0 0.0 0.081019446 0.0 0.0 0.0 0.055493828 0.0 0.018730052 0.06442147 0.0 0.0 0.0 0.0 0.0 0.0 0.0 0.0 0.0 0.0 0.0 0.0 0.0 0.0739951 0.0 0.0 0.0 0.0 0.0058470117 0.0 0.0 0.0105601 0.0 0.0 0.0 0.0 0.0 0.041853633 0.09580761 0.009734731 0.1720057 0.0 0.0 0.0 0.0 0.0 0.0 0.0
0.0 0.019325048 0.0 0.0 0.0 0.0 0.054832485 0.0 0.016242648 0.0 0.0 0.0 0.0127882855 0.04104906 0.031578686 0.012668456 0.05374382 0.0 0.0 0.0 0.0 0.0 0.0 0.0 0.04958604 0.0 0.0 0.036061376 0.28436208 0.0 0.020640286 0.0 0.0 0.0 0.0 0.020868346 0.0 0.0 0.021209093 0.0 0.0 0.0 0.0 0.0 0.0 0.0 0.12987095 0.024846314 0.0 0.016557926 0.0 0.0 0.1632233 0.08667302 0.0 0.0
0.0 0.0 0.0 0.0 0.018615322 0.0 0.0 0.0 0.0 0.0 0.0 0.0 0.041570533 0.0 0.0 0.0 0.04152808 0.011890136 0.0 0.0 0.0 0.0 0.0 0.0 0.2761589 0.0 0.0 0.0 0.0 0.018575337 0.0 0.36502782 0.0 0.0 0.0 0.0 0.0 0.0 0.0 0.0130554065 0.0 0.0 0.0 0.0 0.0 0.0 0.058788948 0.0 0.0 0.0 0.0 0.0 0.0 0.01980053 0.0 0.0
0.035557352 0.0 0.0 0.0 0.0 0.008920339 0.07344543 0.0 0.0 0.2788424 0.023659626 0.0 0.0 0.0 0.052836716 0.0 0.0 0.0 0.0 0.0 0.0 0.0 0.0 0.01921571 0.0 0.0 0.0 0.037828956 0.0 0.0 0.0 0.0 0.0 0.0 0.0 0.0 0.1917428 0.018979404 0.04683642 0.0 0.0 0.0 0.0 0.0 0.10955644 0.0 0.0 0.0 0.0 0.002596766 0.0 0.0 0.0 0.0 0.0 0.0
0.075443596 0.0 0.0 0.0 0.0 0.0 0.0 0.0 0.0 0.013007813 0.0 0.055887457 0.04775134 0.07320735 0.024107164 0.043876015 0.0 0.0 0.0 0.0 0.0 0.0 0.0 0.06268212 0.0 0.0 0.0 0.0 0.085232876 0.0 0.0 0.0 0.0 0.0 0.17126456 0.112681836 0.0 0.0 0.0 0.0 0.07250514 0.0 0.12827475 0.02374676 0.0 0.0 0.0 0.015761057 0.0 0.0 0.009242663 0.0 0.013814343 0.107765585 0.0 0.05879439
0.0 0.0 0.0 0.0 0.001373104 0.011372372 0.0 0.06017319 0.0 0.009393362 0.0 0.0 0.0 0.0 0.045762323 0.03521907 0.0 0.0 0.0 0.0 0.0 0.01921571 0.06268212 0.0 0.0 0.020779382 0.0 0.0134729175 0.0 0.0 0.1466807 0.0 0.020317407 0.022564314 0.006743373 0.0 0.0 0.0 0.0 0.0 0.014875598 0.03002655 0.023267765 0.17322297 0.008227873 0.10651392 0.0 0.0 0.0 0.0 0.0003152371 0.0 0.0 0.062404756 0.0 0.0
0.0 0.0 0.017654998 0.09610901 0.012573346 0.042092383 0.0 0.0058336942 0.0 0.0 0.0 0.0 0.0 0.0 0.0 0.0 0.0 0.0 0.0 0.04958604 0.2761589 0.0 0.0 0.0 0.0 0.0 0.0 0.0 0.0 0.0 0.0 0.03764276 0.0 0.0 0.0 0.0 0.0 0.20416343 0.0 0.0 0.0 0.0 0.0 0.16803546 0.0 0.18130724 0.0 0.0 0.0 0.0 0.0 0.0 0.0 0.0 0.0 0.0
0.16223831 0.0 0.0 0.0 0.0 0.0 0.0 0.03397133 0.0 0.071344435 0.0 0.065471746 0.0 0.0 0.07287342 0.040335193 0.0 0.0 0.0 0.0 0.0 0.0 0.0 0.020779382 0.0 0.0 0.0 0.0 0.0 0.0 0.012438164 0.0 0.0 0.0577338 0.022656148 0.0 0.08376045 0.0 0.025003169 0.0 0.0 0.0 0.0 0.0 0.13736346 0.0 0.0 0.0 0.030611483 0.045570716 0.03940134 0.015489778 0.0 0.0 0.0 0.0
0.022596562 0.16521654 0.0 0.0 0.0 0.0 0.0073736995 0.0 0.0 0.0 0.06779439 0.0 0.083444744 0.0 0.05870167 0.17635325 0.0 0.0 0.0 0.0 0.0 0.0 0.0 0.0 0.0 0.0 0.20053032 0.0 0.0 0.0 0.0 0.0 0.0 0.0 0.0 0.008060497 0.0 0.0 0.0 0.0 0.0 0.0 0.05100358 0.0 0.0 0.0 0.04193772 0.06707903 0.0 0.0 0.10083194 0.0 0.0070083137 0.008808502 0.057998467 0.0
0.04451455 0.0 0.0 0.0 0.0 0.0 0.0 0.0 0.0 0.0 0.0 0.098252654 0.0 0.024362123 0.19885518 0.05403843 0.0 0.0 0.0 0.036061376 0.0 0.037828952 0.0 0.013472918 0.0 0.0 0.0 0.0 0.0 0.0 0.025494456 0.0 0.0 0.0 0.12410829 0.0 0.019623041 0.0 0.0 0.0 0.0 0.0 0.041271713 0.0 0.020283742 0.0 0.0 0.034099787 0.0 0.005691792 0.0 0.0 0.13343674 0.0 0.003868397 0.0
0.0 0.0 0.0 0.0 0.0 0.110384196 0.0 0.0 0.047961354 0.0 0.0 0.0 0.0 0.0 0.0 0.0 0.0 0.0 0.0 0.28436208 0.0 0.0 0.085232876 0.0 0.0 0.0 0.0 0.0 0.33445838 0.0 0.0 0.0 0.0 0.057266083 0.0 0.0 0.0 0.0 0.0 0.0 0.0 0.0 0.0 0.0 0.0 0.0 0.0 0.0 0.0 0.035608597 0.0 0.0 0.0 0.0 0.0 0.0
0.0 0.0 0.0 0.21028991 0.034236018 0.0 0.0 0.022719458 0.0 0.044260513 0.0 0.0 0.0 0.0 0.0 0.0 0.0 0.0 0.0 0.0 0.018575337 0.0 0.0 0.0 0.0 0.0 0.0 0.0 0.0 0.0 0.0 0.0 0.0 0.0 0.0 0.0 0.024065742 0.034521513 0.0 0.2697245 0.042470075 0.0 0.0 0.0 0.0 0.055937707 0.0 0.0 0.0 0.0 0.0 0.06307845 0.0 0.07715674 0.0 0.0
0.15794505 0.012709071 0.0 0.0 0.0 0.0 0.0 0.058387816 0.0 0.032000415 0.0 0.0 0.014323628 0.002734355 0.0 0.019889971 0.0 0.0 0.0 0.020640286 0.0 0.0 0.0 0.14668071 0.0 0.012438163 0.0 0.025494454 0.0 0.0 0.0 0.0 0.0 0.0 0.0018558257 0.10546312 0.0 0.0 0.0 0.0 0.0037124574 0.0 0.0 0.0 0.17900449 0.020635687 0.0 0.007437561 0.0 0.0 0.0 0.08505662 0.0 0.0 0.0 0.0
0.0 0.0 0.015548835 0.03793239 0.027553266 0.0 0.0 0.0 0.0 0.0 0.0 0.016598962 0.0 0.0 0.0 0.04028591 0.057959557 0.0 0.0739951 0.0 0.36502784 0.0 0.0 0.0 0.03764276 0.0 0.0 0.0 0.0 0.0 0.0 0.0 0.0 0.0 0.0 0.0 0.0 0.014772517 0.0 0.045969255 0.0 0.0 0.0 0.11679408 0.0 0.008982659 0.07860178 0.0830604 0.0 0.045595106 0.0 0.0 0.0 0.0 0.0 0.0
0.0437499 0.0 0.0 0.0 0.00021187602 0.0 0.0 0.07030125 0.0 0.059525076 0.0 0.0 0.0 0.022780264 0.0 0.0 0.0 0.0 0.0 0.0 0.0 0.0 0.0 0.020317405 0.0 0.0 0.0 0.0 0.0 0.0 0.0 0.0 0.0 0.0 0.178593 0.0 0.17817268 0.0 0.0 0.0 0.16415577 0.0 0.039981212 0.0 0.0044983397 0.0 0.0 0.0 0.0 0.0 0.0 0.049442388 0.037913747 0.0 0.0063483207 0.0
0.0 0.0 0.0 0.0 0.0 0.0 0.0 0.0 0.0 0.0 0.0 0.0 0.0 0.07350205 0.0043925904 0.0 0.0880136 0.0 0.0 0.0 0.0 0.0 0.0 0.022564312 0.0 0.057733797 0.0 0.0 0.05726608 0.0 0.0 0.0 0.0 0.0 0.10757564 0.0 0.051691804 0.0 0.0 0.03287626 0.14874187 0.0 0.0 0.03815794 0.009190204 0.0 0.0 0.0 0.0 0.0 0.0 0.15119474 0.0 0.0 0.0 0.0
0.0 0.0 0.0 0.0 0.0 0.0 0.0 0.0 0.048134275 0.0 0.0 0.0 0.0 0.07028894 0.0 0.0 0.0 0.0 0.0 0.0 0.0 0.0 0.17126454 0.006743373 0.0 0.022656146 0.0 0.12410829 0.0 0.0 0.0018558257 0.0 0.17859301 0.10757565 0.0 0.0 0.0 0.0 0.008971601 0.0 0.05756013 0.0 0.0 0.0 0.0 0.0 0.0 0.0 0.0771058 0.0 0.14951025 0.0 0.0 0.0 0.02514014 0.0
0.009428834 0.0 0.0 0.043257836 0.0 0.03689823 0.0 0.0 0.0 0.0 0.19197072 0.0 0.0 0.0 0.0 0.0 0.0 0.0 0.0 0.020868346 0.0 0.0 0.112681836 0.0 0.0 0.0 0.008060498 0.0 0.0 0.0 0.10546312 0.0 0.0 0.0 0.0 0.0 0.017691923 0.008031543 0.0 0.05996745 0.0 0.0 0.0 0.0 0.15837751 0.0 0.0 0.0 0.0 0.0 0.08920256 0.04385442 0.0 0.0 0.03696467 0.0
0.0 0.017110502 0.0 0.0 0.0 0.015245337 0.15484492 0.0 0.0 0.05499882 0.0 0.026836693 0.0 0.0 0.0 0.0 0.0 0.0 0.0058470117 0.0 0.0 0.1917428 0.0 0.0 0.0 0.08376045 0.0 0.019623041 0.0 0.02406574 0.0 0.0 0.17817268 0.051691804 0.0 0.017691923 0.0 0.0 0.15234588 0.0 0.0 0.023410123 0.13754545 0.0 0.0 0.0 0.0 0.09606825 0.02676648 0.0 0.0 0.0 0.00021201263 0.0 0.0 0.0
0.0 0.0 0.0 0.0 0.0 0.0 0.10875897 0.0 0.0 0.0 0.0 0.0 0.0052012056 0.0 0.0 0.0 0.030271623 0.0 0.0 0.0 0.0 0.018979404 0.0 0.0 0.20416342 0.0 0.0 0.0 0.0 0.034521513 0.0 0.014772517 0.0 0.0 0.0 0.008031544 0.0 0.0 0.0 0.0 0.1307038 0.18723306 0.11298422 0.0 0.0 0.0 0.11805963 0.0 0.0 0.0 0.0 0.0 0.0 0.0097095305 0.0 0.0
0.0 0.061307985 0.0 0.0 0.0 0.0 0.016977107 0.004159929 0.0 0.11989527 0.0 0.048896637 0.0 0.02406763 0.0 0.015380567 0.0 0.0 0.0 0.021209093 0.0 0.046836417 0.0 0.0 0.0 0.025003169 0.0 0.0 0.0 0.0 0.0 0.0 0.0 0.0 0.008971601 0.0 0.15234588 0.0 0.0 0.0 0.11455737 0.0 0.065960154 0.0 0.0 0.0 0.108602256 0.0 0.0 0.0 0.0 0.075779766 0.0 0.0 0.029614663 0.0
0.02809475 0.0 0.29708734 0.0 0.0 0.0 0.0 0.0 0.0 0.0 0.026327547 0.04357936 0.22501671 0.0 0.0 0.0 0.0 0.0 0.0105601 0.0 0.0130554065 0.0 0.0 0.0 0.0 0.0 0.0 0.0 0.0 0.26972452 0.0 0.045969255 0.0 0.03287626 0.0 0.05996745 0.0 0.0 0.0 0.0 0.0 0.0 0.0 0.0 0.0 0.0 0.0 0.0 0.0 0.0 0.0 0.0 0.0 0.008436588 0.0 0.0036265093
0.0 0.0 0.0 0.0 0.0 0.0 0.0 0.0 0.085083514 0.0 0.0 0.0 0.0 0.0 0.0 0.0 0.0 0.0 0.0 0.0 0.0 0.0 0.07250513 0.014875598 0.0 0.0 0.0 0.0 0.0 0.042470075 0.0037124571 0.0 0.16415578 0.14874187 0.05756013 0.0 0.0 0.1307038 0.11455737 0.0 0.0 0.0 0.0 0.0 0.019744067 0.0 0.0 0.0 0.19686407 0.0 0.0 0.0 0.0 0.0 0.0 0.0
0.0 0.0 0.0 0.0 0.0 0.0 0.0 0.11925435 0.0 0.0 0.26337555 0.0 0.0 0.03049772 0.0 0.0 0.0 0.044975407 0.0 0.0 0.0 0.0 0.0 0.03002655 0.0 0.0 0.0 0.0 0.0 0.0 0.0 0.0 0.0 0.0 0.0 0.0 0.023410123 0.18723306 0.0 0.0 0.0 0.0 0.0 0.0 0.09522329 0.044742502 0.0 0.0 0.0 0.0 0.0 0.09833364 0.0 0.0 0.019963626 0.0
0.0 0.0 0.0 0.0 0.0 0.0 0.0 0.024319993 0.0 0.0 0.100137904 0.0 0.0 0.0 0.0 0.0 0.0 0.0 0.0 0.0 0.0 0.0 0.12827475 0.023267765 0.0 0.0 0.05100358 0.041271716 0.0 0.0 0.0 0.0 0.039981212 0.0 0.0 0.0 0.13754545 0.11298422 0.065960154 0.0 0.0 0.0 0.0 0.0 0.03696784 0.0 0.0 0.0 0.0 0.0 0.12535636 0.0041430322 0.0 0.0 0.0517329 0.0
0.0428349 0.0 0.04009484 0.015071101 0.0 0.0 0.028180555 0.04768665 0.0 0.0 0.0 0.0 0.0 0.0 0.0 0.0 0.059093002 0.11784549 0.0 0.0 0.0 0.0 0.023746759 0.17322299 0.16803546 0.0 0.0 0.0 0.0 0.0 0.0 0.11679408 0.0 0.03815794 0.0 0.0 0.0 0.0 0.0 0.0 0.0 0.0 0.0 0.0 0.0 0.11920027 0.0 0.0 0.0 0.0 0.0 0.0 0.046519153 0.0 0.0 0.0
0.0 0.06808191 0.0 0.0 0.0809597 0.027656773 0.052647714 0.0 0.13092363 0.045332838 0.0 0.0 0.0 0.01966011 0.0 0.0 0.0 0.0 0.0 0.0 0.0 0.109556444 0.0 0.008227874 0.0 0.13736346 0.0 0.020283744 0.0 0.0 0.17900449 0.0 0.0044983397 0.009190204 0.0 0.15837751 0.0 0.0 0.0 0.0 0.019744068 0.09522329 0.036967836 0.0 0.0 0.0 0.040945645 0.07162001 0.0 0.0 0.0 0.0 0.0 0.0 0.0 0.0
0.0 0.14255215 0.0 0.0 0.025329478 0.0 0.0 0.00945718 0.0 0.050517857 0.0 0.0 0.0 0.0 0.0 0.0 0.10769426 0.04258427 0.04185363 0.0 0.0 0.0 0.0 0.10651392 0.18130724 0.0 0.0 0.0 0.0 0.055937707 0.020635685 0.008982659 0.0 0.0 0.0 0.0 0.0 0.0 0.0 0.0 0.0 0.044742502 0.0 0.119200274 0.0 0.0 0.037588336 0.0 0.0 0.0 0.0 0.0 0.0 0.002160647 0.0 0.0
0.0 0.0 0.0 0.034198623 0.03892519 0.0 0.0 0.0 0.0 0.0 0.0 0.01889094 0.0 0.0 0.0 0.0 0.0 0.017105822 0.09580761 0.12987095 0.05878895 0.0 0.0 0.0 0.0 0.0 0.04193772 0.0 0.0 0.0 0.0 0.07860178 0.0 0.0 0.0 0.0 0.0 0.11805962 0.10860225 0.0 0.0 0.0 0.0 0.0 0.04094565 0.037588336 0.0 0.0 0.0125423055 0.0 0.0 0.0 0.0 0.0 0.0 0.0
0.07550707 0.017811295 0.0 0.0 0.0 0.09203455 0.0 0.0 0.0 0.0059022927 0.0 0.0 0.0 0.0 0.0 0.0038927563 0.0 0.0 0.009734731 0.024846314 0.0 0.0 0.015761057 0.0 0.0 0.0 0.06707903 0.034099787 0.0 0.0 0.0074375616 0.083060406 0.0 0.0 0.0 0.0 0.096068256 0.0 0.0 0.0 0.0 0.0 0.0 0.0 0.07162001 0.0 0.0 0.064673685 0.024508884 0.0 0.11657953 0.0 0.0 0.0 0.07226304 0.0
0.10363361 0.0 0.0 0.0 0.0 0.0 0.05614751 0.1362005 0.0 0.021477656 0.0 0.0 0.019815328 0.0 0.0 0.0 0.0 0.0 0.1720057 0.0 0.0 0.0 0.0 0.0 0.0 0.030611483 0.0 0.0 0.0 0.0 0.0 0.0 0.0 0.0 0.07710579 0.0 0.026766479 0.0 0.0 0.0 0.19686407 0.0 0.0 0.0 0.0 0.0 0.0125423055 0.024508884 0.0 0.0 0.0 0.09066914 0.0 0.008339961 0.015420274 0.03238374
0.0 0.04527431 0.0 0.0 0.07438014 0.0 0.0 0.0 0.0434056 0.0 0.0 0.0 0.0 0.18354897 0.0 0.0 0.021691874 0.26851463 0.0 0.016557928 0.0 0.0025967662 0.0 0.0 0.0 0.045570716 0.0 0.005691792 0.035608597 0.0 0.0 0.045595102 0.0 0.0 0.0 0.0 0.0 0.0 0.0 0.0 0.0 0.0 0.0 0.0 0.0 0.0 0.0 0.0 0.0 0.0 0.0 0.06651322 0.0930598 0.0 0.0 0.0
0.048317242 0.0 0.0 0.0 0.0 0.0 0.0 0.0 0.0 0.0 0.0 0.0 0.0 0.0 0.0 0.054414503 0.0 0.0 0.0 0.0 0.0 0.0 0.009242662 0.0003152371 0.0 0.03940134 0.10083195 0.0 0.0 0.0 0.0 0.0 0.0 0.0 0.14951025 0.08920255 0.0 0.0 0.0 0.0 0.0 0.0 0.12535636 0.0 0.0 0.0 0.0 0.11657954 0.0 0.0 0.24657577 0.0 0.0 0.0 0.15913945 0.0
0.0 0.0 0.0 0.0 0.0 0.09185972 0.0 0.0 0.008076465 0.0 0.0 0.0 0.062304974 0.0 0.010363697 0.0 0.022538893 0.0 0.0 0.0 0.0 0.0 0.0 0.0 0.0 0.015489777 0.0 0.0 0.0 0.06307845 0.08505662 0.0 0.049442388 0.15119475 0.0 0.04385442 0.0 0.0 0.075779766 0.0 0.0 0.09833365 0.0041430322 0.0 0.0 0.0 0.0 0.0 0.09066913 0.066513225 0.0 0.0 0.06786342 0.06656885 0.0 0.106130086
0.014014193 0.0 0.0 0.060692478 0.0 0.0 0.0 0.11946763 0.0 0.008985695 0.0 0.0 0.0 0.0 0.0 0.06984952 0.0 0.0 0.0 0.1632233 0.0 0.0 0.013814343 0.0 0.0 0.0 0.0070083137 0.13343674 0.0 0.0 0.0 0.0 0.03791375 0.0 0.0 0.0 0.00021201263 0.0 0.0 0.0 0.0 0.0 0.0 0.046519153 0.0 0.0 0.0 0.0 0.0 0.0930598 0.0 0.06786342 0.10565622 0.0 0.13256894 0.0
0.0 0.0 0.1813513 0.0 0.021229377 0.0 0.0 0.0 0.0 0.0 0.025538808 0.0 0.0 0.14050063 0.0 0.0 0.0 0.018466888 0.0 0.08667302 0.01980053 0.0 0.107765585 0.062404756 0.0 0.0 0.008808502 0.0 0.0 0.077156745 0.0 0.0 0.0 0.0 0.0 0.0 0.0 0.0097095305 0.0 0.008436588 0.0 0.0 0.0 0.0 0.0 0.002160647 0.0 0.0 0.008339962 0.0 0.0 0.066568844 0.0 0.0 0.0 0.0
0.013893907 0.0 0.0 0.0 0.0 0.0 0.0 0.0 0.0 0.0 0.0 0.024578298 0.140716 0.047717374 0.0 0.0 0.0 0.0 0.0 0.0 0.0 0.0 0.0 0.0 0.0 0.0 0.057998467 0.0038683969 0.0 0.0 0.0 0.0 0.0063483207 0.0 0.02514014 0.036964666 0.0 0.0 0.029614663 0.0 0.0 0.019963626 0.051732905 0.0 0.0 0.0 0.0 0.07226304 0.015420274 0.0 0.15913945 0.0 0.13256894 0.0 0.15003437 0.0
0.0 0.0 0.0 0.0 0.008435918 0.0 0.0 0.0 0.5688377 0.0 0.0 0.0 0.0 0.015070872 0.0 0.0 0.0 0.0 0.0 0.0 0.0 0.0 0.05879439 0.0 0.0 0.0 0.0 0.0 0.0 0.0 0.0 0.0 0.0 0.0 0.0 0.0 0.0 0.0 0.0 0.0036265096 0.0 0.0 0.0 0.0 0.0 0.0 0.0 0.0 0.032383736 0.0 0.0 0.106130086 0.0 0.0 0.0 0.0
