0.0 0.0 0.0 0.0 0.0 0.0 0.0 0.0 0.39784074 0.009239167 0.07614229 0.0 0.0 0.0 0.19308071 0.0 0.0 0.0 0.0 0.0 0.0 0.0 0.0 0.0 0.0 0.0 0.0 0.0 0.0 0.0 0.0 0.0 0.0 0.09327255 0.02344137 0.0 0.03900616 0.0 0.0 0.0 0.0 0.03981766 0.07097216 0.0 0.0 0.0 0.0 0.0 0.0 0.0 0.0 0.0 0.01857876 0.034904845 0.0 0.18609898
0.0 0.0028675233 0.0 0.024524137 0.0 0.0 0.0 0.0 0.0 0.0 0.0 0.04723113 0.13525835 0.0 0.007973672 0.023692714 0.0 0.0 0.0 0.0 0.09213645 0.0 0.008924665 0.0 0.0 0.0 0.0 0.043127555 0.08519697 0.0 0.013327119 0.0 0.0782253 0.0 0.01717115 0.0 0.0 0.08654843 0.09641559 0.0 0.0 0.0 0.0 0.0 0.0 0.0 0.0 0.0 0.0 0.04155089 0.0 0.0 0.0 0.0 0.03778886 0.0
0.0 0.0 0.0 0.0 0.0 0.0 0.0 0.025105717 0.0 0.0 0.0 0.0 0.07914757 0.0 0.0 0.0 0.034521848 0.0 0.0 0.0 0.0 0.0 0.1841813 0.0 0.0 0.01806405 0.0 0.11174981 0.0 0.0 0.0 0.0 0.0 0.0 0.0 0.0 0.0 0.0 0.12356644 0.0 0.0 0.0 0.0 0.019397203 0.0 0.0 0.022864595 0.0 0.0 0.0557 0.0 0.0 0.024642302 0.038338218 0.0 0.020219777
0.0 0.024524137 0.0 0.0 0.0 0.056733306 0.0 0.0 0.0 0.0 0.0 0.16139299 0.06035049 0.061127793 0.0 0.0 0.0 0.0 0.025617648 0.0 0.0 0.0 0.0 0.0 0.0 0.0036334186 0.0 0.0 0.0 0.0033602796 0.0 0.0 0.032760482 0.0 0.0 0.0 0.0 0.0 0.0 0.0 0.19065173 0.035222854 0.0 0.09195841 0.0 0.04229369 0.002131291 0.006994216 0.0 0.0 0.0 0.05344438 0.0 0.0 0.0 0.20125057
0.0 0.0 0.0 0.0 0.0 0.0 0.106560774 0.13750626 0.0 0.0 0.0 0.07190464 0.0 0.12652841 0.0 0.0 0.08318368 0.0 0.0 0.024752408 0.0 0.09657707 0.0 0.0050320486 0.01756651 0.019400172 0.0 0.0 0.12769409 0.0 0.0 0.0 0.0 0.0 0.012606984 0.0 0.0 0.0 0.0 0.0 0.03776076 0.0 0.025511274 0.025443649 0.0 0.16524221 0.0 0.0 0.0 0.0 0.0 0.0 0.0 0.0 0.0 0.0
0.0 0.0 0.0 0.056733306 0.0 0.0 0.0 0.0 0.0 0.0 0.0 0.0 0.0 0.0 0.0 0.0 0.0 0.092348285 0.0 0.0034333756 0.0 0.0 0.0 0.0 0.0 0.0 0.0 0.07506429 0.0 0.0 0.0 0.0 0.0 0.0 0.0 0.0 0.2176827 0.0 0.0 0.0 0.0 0.0 0.0074842866 0.0077086515 0.0 0.0 0.0 0.033226576 0.0 0.0 0.03241846 0.0 0.0 0.0 0.21062729 0.018146226
0.0 0.0 0.0 0.0 0.10656077 0.0 0.05095099 0.0 0.0 0.0 0.03043344 0.010478328 0.0 0.0 0.0 0.0 0.10363127 0.0 0.0 0.0 0.047790997 0.001810889 0.0 0.0 0.055211864 0.0 0.0 0.0 0.0 0.0 0.0 0.0 0.0 0.0 0.0 0.13681312 0.0 0.064444356 0.03858915 0.0 0.0 0.023074025 0.0 0.0 0.0 0.0 0.0 0.0 0.0 0.0 0.0 0.0 0.1670648 0.0 0.0 0.0
0.0 0.0 0.025105717 0.0 0.13750628 0.0 0.0 0.0 0.0 0.0 0.18368748 0.0 0.0 0.0 0.09287895 0.020522185 0.0 0.008590433 0.0 0.0 0.0 0.0 0.045493986 0.072429106 0.0 0.012457009 0.123060115 0.0 0.0 0.0 0.0 0.10784737 0.014433597 0.0 0.0 0.0 0.0016251161 0.12912494 0.0 0.0 0.0 0.0 0.0 0.0 0.0 0.051869527 0.0 0.0 0.0 0.00013652588 0.0 0.0 0.0 0.0 0.0 0.0
0.39784074 0.0 0.0 0.0 0.0 0.0 0.0 0.0 0.0 0.09953077 0.0 0.0 0.0 0.0 0.0 0.0 0.0 0.0 0.0 0.0 0.0 0.0 0.0020333182 0.018156314 0.0 0.0 0.0 0.0 0.0 0.0 0.0 0.0 0.0 0.0 0.044463098 0.0 0.1248537 0.0 0.0 0.0 0.0 0.0 0.0 0.012223157 0.09457708 0.0 0.0 0.0 0.0 0.026152793 0.0 0.0 0.0 0.0 0.0 0.0
0.009239167 0.0 0.0 0.0 0.0 0.0 0.0 0.0 0.09953077 0.0 0.20139934 0.0 0.038871955 0.0 0.0 0.021788336 0.0 0.029954178 0.0 0.0 0.0 0.0 0.0 0.0 0.0 0.0 0.023038784 0.020362822 0.0 0.0 0.0 0.0 0.0 0.11861289 0.0 0.0 0.0 0.0 0.0 0.13452724 0.0 0.10050252 0.0431049 0.0 0.03742056 0.0 0.0 0.0 0.05852523 0.0020515786 0.010540064 0.0 0.0 0.013525054 0.029889362 0.040432975
0.07614229 0.0 0.0 0.0 0.0 0.0 0.03043344 0.18368748 0.0 0.20139933 0.083041854 0.0 0.0 0.0 0.012834454 0.0 0.0 0.036626842 0.0 0.0 0.0 0.016188376 0.0 0.007525411 0.0 0.0 0.0 0.018924413 0.0 0.0 0.0 0.0 0.0 0.0 0.057748437 0.014920963 0.18238464 0.0 0.0 0.0 0.0 0.0 0.0 0.0 0.12848744 0.014875951 0.0 0.03841995 0.0 0.0 0.002306175 0.00011792274 0.0 0.0 0.01035258 0.0
0.0 0.047231127 0.0 0.161393 0.07190464 0.0 0.010478328 0.0 0.0 0.0 0.0 0.0 0.0 0.0 0.0 0.0 0.0009470786 0.0 0.013204899 0.15184832 0.0 0.122623764 0.0 0.0 0.0 0.0 0.0 0.053913943 0.05649518 0.0 0.080359586 0.0 0.0 0.0 0.0 0.0 0.0 0.0 0.0 0.032808717 0.0 0.0 0.10064013 0.0 0.0 0.0 0.0 0.0 0.0 0.0 0.0 0.0 0.0 0.0 0.028429775 0.0
0.0 0.13525835 0.07914757 0.06035049 0.0 0.0 0.0 0.0 0.0 0.03887195 0.0 0.0 0.0 0.0 0.0 0.14699118 0.0 0.0 0.0024839265 0.0 0.0 0.0 0.0 0.0 0.031457637 0.036772907 0.0 0.006416094 0.0 0.0 0.017055517 0.0 0.044836707 0.0 0.0 0.0 0.06846932 0.11688299 0.051229205 0.0 0.02668886 0.0 0.0 0.0 0.0 0.0 0.0 0.0 0.018977636 0.0 0.0 0.10883394 0.0063684466 0.0 0.0 0.0
0.0 0.0 0.0 0.061127793 0.12652841 0.0 0.0 0.0 0.0 0.0 0.0 0.0 0.0 0.0 0.0 0.06756601 0.0 0.0 0.0 0.0 0.0 0.0 0.0 0.0 0.0123490775 0.12058023 0.07503421 0.0 0.0 0.0 0.038547974 0.20845887 0.0 0.0 0.0 0.0 0.0 0.13889915 0.0 0.0 0.0 0.0 0.0 0.0 0.0 0.0 0.0 0.0 0.0 0.0 0.057363745 0.008730264 0.0 0.0 0.0 0.0
0.1930807 0.007973672 0.0 0.0 0.0 0.0 0.0 0.09287895 0.0 0.0 0.012834455 0.0 0.0 0.0 0.0 0.0 0.0 0.0 0.0 0.0 0.0 0.019557498 0.0 0.0064237644 0.0 0.0 0.02169183 0.0 0.07200258 0.06921018 0.0 0.0 0.0 0.013082663 0.051632717 0.0 0.03667688 0.0 0.0 0.0 0.06226441 0.01612984 0.053186577 0.008428681 0.06032868 0.0 0.0 0.0 0.0 0.0 0.0 0.06296298 0.0 0.0 0.0 0.0
0.0 0.023692716 0.0 0.0 0.0 0.0 0.0 0.020522185 0.0 0.021788336 0.0 0.0 0.14699118 0.06756601 0.0 0.0 0.028313247 0.0 0.0 0.0 0.0 0.025683587 0.0 0.0 0.0 0.0 0.0 0.0 0.0028051613 0.0 0.0 0.0 0.0008787752 0.0 0.037442878 0.0 0.0 0.0 0.0 0.0 0.25102746 0.0063776476 0.0 0.07613776 0.0 0.0 0.0 1.2648521e-08 0.0 0.0 0.0 0.0 0.0 0.0 0.013273554 0.09413673
0.0 0.0 0.034521848 0.0 0.08318368 0.0 0.10363127 0.0 0.0 0.0 0.0 0.0009470786 0.0 0.0 0.0 0.028313246 0.0 0.0 0.0 0.029146902 0.0 0.0 0.02464835 0.0613463 0.0549505 0.0 0.0 0.15157226 0.019106256 0.011205541 0.0 0.0 0.0 0.0 0.0 0.0 0.0 0.107074834 0.009003712 0.0 0.0 0.0 0.04163122 0.0 0.0 0.0 0.0 0.0 0.0 0.0 0.0 0.055294003 0.0344612 0.0 0.0 0.0
0.0 0.0 0.0 0.0 0.0 0.092348285 0.0 0.008590433 0.0 0.029954178 0.036626842 0.0 0.0 0.0 0.0 0.0 0.0 0.17580755 0.0 0.08081638 0.0 0.0 0.021285193 0.0 0.0 0.089778446 0.0 0.03402734 0.0 0.0 0.017475476 0.0 0.0 0.0 0.08145476 0.0 0.0 0.04915677 0.0 0.0 0.0 0.0 0.0 0.0 0.08261444 0.008297607 0.0 0.0 0.024073055 0.0 0.038629666 0.0 0.0 0.0 0.09946912 0.0
0.0 0.0 0.0 0.02561765 0.0 0.0 0.0 0.0 0.0 0.0 0.0 0.013204898 0.0024839267 0.0 0.0 0.0 0.0 0.0 0.0 0.0 0.015994243 0.0 0.038762376 0.0 0.0 0.0 0.0 0.046179805 0.0 0.0 0.0 0.0 0.14135075 0.0 0.0 0.0 0.0 0.0 0.14312027 0.23382814 0.0 0.0 0.0 0.1223876 0.0 0.0 0.0 0.0 0.0 0.0 0.021322737 0.0 0.0 0.063683204 0.065252766 0.0
0.0 0.0 0.0 0.0 0.024752406 0.0034333754 0.0 0.0 0.0 0.0 0.0 0.15184832 0.0 0.0 0.0 0.0 0.029146904 0.08081638 0.0 0.0 0.0 0.0 0.0 0.0 0.0 0.04094919 0.0 0.0069635045 0.19461952 0.0037913537 0.0 0.0 0.0 0.0 0.0 0.16064185 0.0 0.0 0.0 0.0 0.0 0.0 0.09982791 0.0 0.0 0.1070915 0.0 0.0 0.0 0.0 0.0081946235 0.0 0.0 0.0 0.0 0.005821942
0.0 0.09213645 0.0 0.0 0.0 0.0 0.047790997 0.0 0.0 0.0 0.0 0.0 0.0 0.0 0.0 0.0 0.0 0.0 0.015994243 0.0 0.24390516 0.047429916 0.0 0.0 0.0 0.0 0.0 0.036083713 0.0 0.0 0.014736253 0.0 0.0 0.0 0.0 0.0 0.0 0.0 0.16464208 0.0 0.0 0.0 0.027218109 0.044080082 0.0 0.0 0.0 0.0 0.1184505 0.0 0.0 0.0 0.0 0.0 0.03051491 0.0
0.0 0.0 0.0 0.0 0.09657706 0.0 0.0018108889 0.0 0.0 0.0 0.016188378 0.12262377 0.0 0.0 0.019557498 0.025683587 0.0 0.0 0.0 0.0 0.04742992 0.1644676 0.052500777 0.0 0.0 0.0 0.0999586 0.0 0.0 0.0 0.0 0.0 0.0 0.0 0.0 0.0 0.0 0.036252446 0.0055995113 0.0 0.0 0.0 0.0 0.07339702 0.0 0.1071786 0.0 0.0 0.0 0.0 0.0 0.0 0.0 0.0 0.08361676 0.0
0.0 0.008924665 0.1841813 0.0 0.0 0.0 0.0 0.045493986 0.0020333184 0.0 0.0 0.0 0.0 0.0 0.0 0.0 0.024648348 0.021285193 0.038762376 0.0 0.0 0.052500773 0.0 0.115194775 0.0 0.088999175 0.0 0.0 0.0 0.009973153 0.055050213 0.04128185 0.0 0.0 0.03643511 0.08231161 0.0 0.0 0.0 0.0006660978 0.044531915 0.09726003 0.0 0.0 0.0 0.10241705 0.05524335 0.0 0.04603194 0.0 0.0 0.048562575 0.0 0.0 0.0 0.0
0.0 0.0 0.0 0.0 0.005032049 0.0 0.0 0.072429106 0.018156314 0.0 0.0075254114 0.0 0.0 0.0 0.006423765 0.0 0.0613463 0.0 0.0 0.0 0.0 0.0 0.11519477 0.0 0.0 0.16355827 0.0209541 0.0 0.0 0.0022229403 0.0 0.0807218 0.09201727 0.0 0.038548265 0.0 0.0 0.0 0.00770447 0.0 0.0 0.0 0.0 0.0 0.0 0.0 0.0 0.032654196 0.012230467 0.054200202 0.19333753 0.0 0.0 0.0 0.04770845 0.0
0.0 0.0 0.0 0.0 0.01756651 0.0 0.055211864 0.0 0.0 0.0 0.0 0.0 0.031457637 0.0123490775 0.0 0.0 0.0549505 0.0 0.0 0.0 0.0 0.0 0.0 0.0 0.0 0.0 0.0 0.13831273 0.0 0.0 0.0 0.0 0.0 0.010812166 0.015677312 0.0 0.0 0.0 0.0 0.0 0.0 0.0 0.06060313 0.28204224 0.0 0.0 0.2194512 0.0 0.0 0.0 0.0 0.0 0.042666234 0.1064061 0.0 0.0
0.0 0.0 0.01806405 0.0036334186 0.019400172 0.0 0.0 0.012457009 0.0 0.0 0.0 0.0 0.036772907 0.120580226 0.0 0.0 0.0 0.089778446 0.0 0.04094919 0.0 0.0 0.088999175 0.16355827 0.0 0.05165077 0.0 0.0 0.0 0.0 0.088210166 0.09797268 0.0 0.0 0.0 0.0 0.0 0.0 0.0 0.0 0.09142459 0.0 0.0 0.0 0.0 0.0 0.0 0.0 0.0 0.0 0.049472865 0.028099772 0.0 0.0 0.0 0.0
0.0 0.0 0.0 0.0 0.0 0.0 0.0 0.12306012 0.0 0.023038786 0.0 0.0 0.0 0.07503421 0.02169183 0.0 0.0 0.0 0.0 0.0 0.0 0.09995859 0.0 0.0209541 0.0 0.0 0.0 0.0 0.0150226895 0.013384392 0.0 0.0 0.0 0.0 0.20180674 0.122375935 0.0072290967 0.0 0.0 0.0 0.06815807 0.05899413 0.017240388 0.0 0.0 0.0 0.026782198 0.0 0.0 0.0 0.0 0.19262347 0.0 0.0 0.0032607992 0.12822331
0.0 0.043127555 0.11174982 0.0 0.0 0.075064294 0.0 0.0 0.0 0.020362824 0.018924413 0.05391394 0.006416094 0.0 0.0 0.0 0.15157224 0.03402734 0.046179805 0.006963505 0.036083713 0.0 0.0 0.0 0.13831273 0.0 0.0 0.0 0.0 0.0598664 0.0 0.0 0.16186698 0.0 0.0 0.0 0.0 0.0 0.012402817 0.0 0.0 0.0 0.0 0.0 0.0 0.0 0.0 0.0 0.12587444 0.0056634047 0.0 0.0 0.0 0.0 0.0 0.008327922
0.0 0.085196964 0.0 0.0 0.12769409 0.0 0.0 0.0 0.0 0.0 0.0 0.05649518 0.0 0.0 0.07200258 0.002805161 0.019106254 0.0 0.0 0.19461952 0.0 0.0 0.0 0.0 0.0 0.0 0.0150226895 0.0 0.0 0.0 0.0 0.0 0.0 0.0 0.0 0.0 0.0 0.0 0.0 0.0 0.0 0.033510573 0.10454194 0.0 0.05897781 0.0 0.0 0.0 0.0 0.06842575 0.0 0.0 0.22024335 0.0 0.0 0.0
0.0 0.0 0.0 0.0033602796 0.0 0.0 0.0 0.0 0.0 0.0 0.0 0.0 0.0 0.0 0.06921018 0.0 0.011205542 0.0 0.0 0.0037913534 0.0 0.0 0.009973153 0.0022229403 0.0 0.0 0.013384392 0.059866395 0.0 0.0 0.0 0.0 0.0 0.0 0.0 0.0 0.0 0.0 0.0 0.0 0.0 0.0 0.0 0.007626591 0.015550069 0.0 0.21076462 0.0 0.0 0.0 0.0 0.0 0.08445214 0.3595709 0.0 0.0
0.0 0.013327119 0.0 0.0 0.0 0.0 0.0 0.0 0.0 0.0 0.0 0.08035959 0.017055515 0.038547978 0.0 0.0 0.0 0.017475475 0.0 0.0 0.014736253 0.0 0.055050217 0.0 0.0 0.088210166 0.0 0.0 0.0 0.0 0.0 0.0 0.04849778 0.11177069 0.0 0.0 0.0 0.0 0.0 0.1258251 0.13619925 0.0 0.06979169 0.06649561 0.0 0.0 0.0 0.0 0.035778664 0.0 0.099382006 0.0 0.0 0.027741248 0.020224584 0.0
0.0 0.0 0.0 0.0 0.0 0.0 0.0 0.10784738 0.0 0.0 0.0 0.0 0.0 0.20845887 0.0 0.0 0.0 0.0 0.0 0.0 0.0 0.0 0.041281853 0.080721796 0.0 0.09797268 0.0 0.0 0.0 0.0 0.0 0.035154887 0.0 0.0 0.1115049 0.0 0.0 0.0 0.0 0.038860388 0.024574885 0.0 0.0 0.0 0.0 0.0 0.03205087 0.0 0.0 0.0 0.06246052 0.15557109 0.0 0.06840635 0.031616587 0.0
0.0 0.0782253 0.0 0.032760482 0.0 0.0 0.0 0.014433597 0.0 0.0 0.0 0.0 0.044836707 0.0 0.0 0.0008787753 0.0 0.0 0.14135075 0.0 0.0 0.0 0.0 0.09201727 0.0 0.0 0.0 0.16186698 0.0 0.0 0.04849778 0.0 0.0 0.0 0.0 0.0 0.056514103 0.0 0.0 0.11595342 0.0 0.041346993 0.05285158 0.0 0.0 0.05282161 0.02851362 0.09649857 0.0 0.0 0.0 0.0 0.0 0.01944033 0.11114859 0.0
0.09327255 0.0 0.0 0.0 0.0 0.0 0.0 0.0 0.0 0.118612885 0.0 0.0 0.0 0.0 0.013082663 0.0 0.0 0.0 0.0 0.0 0.0 0.0 0.0 0.0 0.010812166 0.0 0.0 0.0 0.0 0.0 0.11177069 0.0 0.0 0.0 0.0 0.0 0.0058357012 0.0 0.0 0.0 0.0 0.0 0.0 0.014969652 0.3180499 0.0 0.0 0.0 0.0 0.0 0.0 0.0 0.04737654 0.0 0.0 0.0
0.023441372 0.01717115 0.0 0.0 0.012606984 0.0 0.0 0.0 0.044463098 0.0 0.057748433 0.0 0.0 0.0 0.051632714 0.037442878 0.0 0.08145476 0.0 0.0 0.0 0.0 0.03643511 0.03854826 0.01567731 0.0 0.20180674 0.0 0.0 0.0 0.0 0.11150489 0.0 0.0 0.05960705 0.0 0.00811368 0.06529459 0.0 0.0 0.0 0.0 0.0 0.0 0.0646027 0.0023294892 0.0 0.0 0.0 0.0 0.051637962 0.0 0.06816038 0.0 0.0 0.0
0.0 0.0 0.0 0.0 0.0 0.0 0.13681313 0.0 0.0 0.0 0.014920963 0.0 0.0 0.0 0.0 0.0 0.0 0.0 0.0 0.16064185 0.0 0.0 0.08231161 0.0 0.0 0.0 0.122375935 0.0 0.0 0.0 0.0 0.0 0.0 0.0 0.0 0.0 0.0 0.005942678 0.0 0.0 0.0 0.0 0.0 0.0 0.1056517 0.0 0.0 0.0 0.0 0.30539772 0.0 0.0 0.0 0.0 0.0 0.0
0.039006155 0.0 0.0 0.0 0.0 0.2176827 0.0 0.0016251161 0.12485369 0.0 0.18238464 0.0 0.06846933 0.0 0.03667688 0.0 0.0 0.0 0.0 0.0 0.0 0.0 0.0 0.0 0.0 0.0 0.0072290967 0.0 0.0 0.0 0.0 0.0 0.056514103 0.0058357012 0.00811368 0.0 0.025895512 0.021722859 0.11793846 0.0 0.0 0.0 0.0 0.0 0.0 0.0 0.0 0.017355725 0.10796976 0.016689522 0.013685089 0.0 0.016645504 0.0 0.03275194 0.0
0.0 0.08654844 0.0 0.0 0.0 0.0 0.06444435 0.12912494 0.0 0.0 0.0 0.0 0.116882995 0.13889915 0.0 0.0 0.10707484 0.049156774 0.0 0.0 0.0 0.036252446 0.0 0.0 0.0 0.0 0.0 0.0 0.0 0.0 0.0 0.0 0.0 0.0 0.06529459 0.005942678 0.021722859 0.0 0.0 0.0 0.06524795 0.07641075 0.0 0.0 0.0 0.0 0.015125346 0.028810916 0.0 0.0 0.020899005 0.0 0.0 0.07477578 0.0 0.0
0.0 0.09641559 0.12356645 0.0 0.0 0.0 0.03858915 0.0 0.0 0.0 0.0 0.0 0.0512292 0.0 0.0 0.0 0.009003712 0.0 0.14312027 0.0 0.16464208 0.0055995113 0.0 0.0077044694 0.0 0.0 0.0 0.012402817 0.0 0.0 0.0 0.0 0.0 0.0 0.0 0.0 0.11793847 0.0 0.07742621 0.01571025 0.0 0.021323908 0.0 0.003916652 0.0 0.0 0.0 0.16555691 0.077590205 0.0 0.0 0.0011551589 0.022978377 0.004304624 0.0 0.0
0.0 0.0 0.0 0.0 0.0 0.0 0.0 0.0 0.0 0.13452724 0.0 0.032808717 0.0 0.0 0.0 0.0 0.0 0.0 0.23382813 0.0 0.0 0.0 0.00066609774 0.0 0.0 0.0 0.0 0.0 0.0 0.0 0.12582509 0.038860388 0.11595343 0.0 0.0 0.0 0.0 0.0 0.015710251 0.0 0.13542034 0.0 0.0 0.0 0.0 0.0 0.0 0.032345377 0.0 0.0 0.0 0.029175054 0.0 0.0 0.0 0.0
0.0 0.0 0.0 0.19065173 0.037760764 0.0 0.0 0.0 0.0 0.0 0.0 0.0 0.02668886 0.0 0.06226441 0.25102746 0.0 0.0 0.0 0.0 0.0 0.0 0.044531915 0.0 0.0 0.09142459 0.06815806 0.0 0.0 0.0 0.13619925 0.024574885 0.0 0.0 0.0 0.0 0.0 0.06524795 0.0 0.13542034 0.0 0.0 0.001837251 0.0 0.0 0.0 0.0 0.0 0.05585932 0.0 0.031831086 0.0 0.0 0.0 0.0 0.0
0.039817665 0.0 0.0 0.035222854 0.0 0.0 0.023074027 0.0 0.0 0.10050252 0.0 0.0 0.0 0.0 0.01612984 0.0063776476 0.0 0.0 0.0 0.0 0.0 0.0 0.09726003 0.0 0.0 0.0 0.05899413 0.0 0.033510573 0.0 0.0 0.0 0.04134699 0.0 0.0 0.0 0.0 0.076410756 0.021323908 0.0 0.0 0.0 0.0 0.08918078 0.0 0.038971808 0.055717092 0.0 0.0 0.0 0.0 0.0 0.0052316436 0.0 0.03518912 0.0
0.07097216 0.0 0.0 0.0 0.025511274 0.007484286 0.0 0.0 0.0 0.043104894 0.0 0.10064014 0.0 0.0 0.053186577 0.0 0.04163122 0.0 0.0 0.09982791 0.02721811 0.0 0.0 0.0 0.060603127 0.0 0.017240388 0.0 0.10454195 0.0 0.06979169 0.0 0.05285158 0.0 0.0 0.0 0.0 0.0 0.0 0.0 0.0018372511 0.0 0.020232672 0.072852105 0.01625911 0.029487547 0.009227614 0.0 0.0 0.0 0.0 0.0 0.0 0.0 0.0 0.0
0.0 0.0 0.019397203 0.09195841 0.025443649 0.0077086515 0.0 0.0 0.012223158 0.0 0.0 0.0 0.0 0.0 0.008428682 0.07613776 0.0 0.0 0.122387595 0.0 0.044080082 0.07339702 0.0 0.0 0.28204224 0.0 0.0 0.0 0.0 0.007626591 0.06649562 0.0 0.0 0.014969652 0.0 0.0 0.0 0.0 0.0039166515 0.0 0.0 0.08918078 0.07285211 0.01584044 0.0 0.0 0.010298194 0.0 0.008003536 0.04184085 0.0 0.0 0.021241378 0.0 0.0 0.0
0.0 0.0 0.0 0.0 0.0 0.0 0.0 0.0 0.09457708 0.03742056 0.12848744 0.0 0.0 0.0 0.060328685 0.0 0.0 0.08261444 0.0 0.0 0.0 0.0 0.0 0.0 0.0 0.0 0.0 0.0 0.05897781 0.015550068 0.0 0.0 0.0 0.31804994 0.0646027 0.1056517 0.0 0.0 0.0 0.0 0.0 0.0 0.01625911 0.0 0.0 0.0 0.0 0.0 0.13522951 0.0 0.0 0.0 0.0 0.0 0.0 0.0
0.0 0.0 0.0 0.04229369 0.1652422 0.0 0.0 0.05186953 0.0 0.0 0.014875951 0.0 0.0 0.0 0.0 0.0 0.0 0.008297607 0.0 0.10709151 0.0 0.1071786 0.10241705 0.0 0.0 0.0 0.0 0.0 0.0 0.0 0.0 0.0 0.052821606 0.0 0.002329489 0.0 0.0 0.0 0.0 0.0 0.0 0.038971804 0.029487547 0.0 0.0 0.0 0.021979645 0.0 0.0 0.0 0.0 0.0 0.0 0.0 0.028733341 0.0
0.0 0.0 0.022864595 0.002131291 0.0 0.0 0.0 0.0 0.0 0.0 0.0 0.0 0.0 0.0 0.0 0.0 0.0 0.0 0.0 0.0 0.0 0.0 0.05524335 0.0 0.2194512 0.0 0.026782198 0.0 0.0 0.21076462 0.0 0.03205087 0.028513618 0.0 0.0 0.0 0.0 0.015125347 0.0 0.0 0.0 0.055717096 0.009227614 0.010298195 0.0 0.021979645 0.0 0.0 0.0 0.0 0.0 0.0 0.16640608 0.0 0.0 0.0
0.0 0.0 0.0 0.0069942162 0.0 0.03322658 0.0 0.0 0.0 0.0 0.03841995 0.0 0.0 0.0 0.0 1.2648521e-08 0.0 0.0 0.0 0.0 0.0 0.0 0.0 0.032654196 0.0 0.0 0.0 0.0 0.0 0.0 0.0 0.0 0.09649857 0.0 0.0 0.0 0.017355725 0.028810916 0.16555691 0.032345377 0.0 0.0 0.0 0.0 0.0 0.0 0.0 0.0 0.23841634 0.0 0.03696934 0.081833415 0.0 0.0 0.009549899 0.0
0.0 0.0 0.0 0.0 0.0 0.0 0.0 0.0 0.0 0.05852523 0.0 0.0 0.018977638 0.0 0.0 0.0 0.0 0.024073057 0.0 0.0 0.1184505 0.0 0.04603194 0.012230466 0.0 0.0 0.0 0.12587444 0.0 0.0 0.035778664 0.0 0.0 0.0 0.0 0.0 0.10796975 0.0 0.077590205 0.0 0.05585932 0.0 0.0 0.008003536 0.13522951 0.0 0.0 0.23841634 0.0 0.0 0.0232636 0.0 0.0 0.0 0.035605285 0.0
0.0 0.04155089 0.0557 0.0 0.0 0.0 0.0 0.00013652588 0.026152795 0.0020515786 0.0 0.0 0.0 0.0 0.0 0.0 0.0 0.0 0.0 0.0 0.0 0.0 0.0 0.0542002 0.0 0.0 0.0 0.005663405 0.06842575 0.0 0.0 0.0 0.0 0.0 0.0 0.30539775 0.016689522 0.0 0.0 0.0 0.0 0.0 0.0 0.04184085 0.0 0.0 0.0 0.0 0.0 0.14156172 0.0 0.086908236 0.0 0.0 0.06828788 0.0
0.0 0.0 0.0 0.0 0.0 0.03241846 0.0 0.0 0.0 0.010540064 0.002306175 0.0 0.0 0.057363745 0.0 0.0 0.0 0.038629666 0.021322737 0.008194623 0.0 0.0 0.0 0.19333753 0.0 0.049472865 0.0 0.0 0.0 0.0 0.099382006 0.06246052 0.0 0.0 0.051637962 0.0 0.013685089 0.020899005 0.0 0.0 0.031831086 0.0 0.0 0.0 0.0 0.0 0.0 0.03696934 0.0232636 0.0 0.25097078 0.0 0.0 0.0 0.009086462 0.0
0.0 0.0 0.0 0.05344438 0.0 0.0 0.0 0.0 0.0 0.0 0.00011792275 0.0 0.10883394 0.008730265 0.06296298 0.0 0.055294003 0.0 0.0 0.0 0.0 0.0 0.04856257 0.0 0.0 0.028099772 0.19262347 0.0 0.0 0.0 0.0 0.15557109 0.0 0.0 0.0 0.0 0.0 0.0 0.0011551589 0.029175054 0.0 0.0 0.0 0.0 0.0 0.0 0.0 0.08183342 0.0 0.086908236 0.0 0.0 0.038093764 0.057393584 0.0 0.0
0.018578762 0.0 0.024642302 0.0 0.0 0.0 0.1670648 0.0 0.0 0.0 0.0 0.0 0.0063684466 0.0 0.0 0.0 0.0344612 0.0 0.0 0.0 0.0 0.0 0.0 0.0 0.042666234 0.0 0.0 0.0 0.22024335 0.08445213 0.0 0.0 0.0 0.04737654 0.068160385 0.0 0.016645504 0.0 0.022978378 0.0 0.0 0.0052316436 0.0 0.021241376 0.0 0.0 0.16640608 0.0 0.0 0.0 0.0 0.038093768 0.102721885 0.048119523 0.0 0.08761608
0.034904845 0.0 0.038338214 0.0 0.0 0.0 0.0 0.0 0.0 0.013525054 0.0 0.0 0.0 0.0 0.0 0.0 0.0 0.0 0.063683204 0.0 0.0 0.0 0.0 0.0 0.10640611 0.0 0.0 0.0 0.0 0.35957086 0.027741248 0.06840635 0.01944033 0.0 0.0 0.0 0.0 0.07477578 0.004304624 0.0 0.0 0.0 0.0 0.0 0.0 0.0 0.0 0.0 0.0 0.0 0.0 0.057393584 0.04811952 0.0 0.0 0.0
0.0 0.037788857 0.0 0.0 0.0 0.21062729 0.0 0.0 0.0 0.029889362 0.010352579 0.028429775 0.0 0.0 0.0 0.013273555 0.0 0.09946911 0.065252766 0.0 0.030514909 0.08361676 0.0 0.04770845 0.0 0.0 0.0032607995 0.0 0.0 0.0 0.020224582 0.031616587 0.11114859 0.0 0.0 0.0 0.03275194 0.0 0.0 0.0 0.0 0.035189115 0.0 0.0 0.0 0.028733343 0.0 0.0095499 0.03560528 0.06828787 0.009086461 0.0 0.0 0.0 0.0 0.0
0.18609896 0.0 0.020219777 0.20125057 0.0 0.018146226 0.0 0.0 0.0 0.04043297 0.0 0.0 0.0 0.0 0.0 0.09413673 0.0 0.0 0.0 0.005821942 0.0 0.0 0.0 0.0 0.0 0.0 0.12822331 0.008327922 0.0 0.0 0.0 0.0 0.0 0.0 0.0 0.0 0.0 0.0 0.0 0.0 0.0 0.0 0.0 0.0 0.0 0.0 0.0 0.0 0.0 0.0 0.0 0.0 0.08761608 0.0 0.0 0.0
