0.0 0.0 0.0 0.23489082 0.041368958 0.0 0.0 0.0 0.0 0.0 0.052503318 0.0 0.0 0.0 0.0 0.0 0.0 0.0 0.05790622 0.0 0.0 0.0 0.05061694 0.0 0.0 0.0 0.037432555 0.0 0.0 0.0 0.10995777 0.0 0.02434867 0.0 0.0 0.0 0.046126254 0.04593784 0.046806064 0.0 0.0 0.0 0.0 0.0 0.0 0.1736652 0.0 0.011423246 0.009480742 0.0 0.0 0.0 0.0 0.0 0.026787862 0.002154201
0.0 0.0 0.0 0.0 0.0 0.021406045 0.0 0.020241838 0.0 0.074867904 0.00014283953 0.0 0.026781319 0.0330852 0.0 0.0 0.0 0.050883085 0.0 0.0 0.0 0.09458246 0.0 0.122681186 0.0 0.0 0.085473284 0.008858549 0.0 0.0 0.0 0.0 0.0 0.0 0.0 0.0 0.046843357 0.0 0.0 0.0 0.07799461 0.0 0.0 0.0007155411 0.053679325 0.06137117 0.0 0.022566264 0.0 0.0 0.0 0.0 0.0 0.0 0.0025956475 0.0
0.0 0.0 0.0 0.0 0.0 0.12801439 0.0 0.0 0.0 0.0 0.17087547 0.18924184 0.0 0.0 0.0 0.0 0.0 0.022237815 0.0 0.0 0.0 0.011027344 0.0 0.0 0.0 0.0 0.0654332 0.0 0.0 0.0 0.0 0.085072294 0.02917215 0.0 0.0 0.0 0.0 0.0 0.0 0.0 0.0 0.0 0.0 0.0 0.05847343 0.0 0.0 0.0 0.0 0.0 0.0 0.0 0.0 0.0 0.0 0.0
0.2348908 0.0 0.0 0.0 0.0 0.0 0.0 0.04967512 0.0 0.08749589 0.02000305 0.0 0.0 0.0 0.00736072 0.02254388 0.07965062 0.0 0.0 0.0 0.0 0.092781596 0.0 0.0 0.057081133 0.0 0.0 0.0 0.0050337818 0.045510396 0.0 0.0 0.0 0.0 0.0 0.0 0.0 0.0 0.0 0.0 0.0 0.0 0.0 0.0 0.09473303 0.0 0.0 0.0 0.0 0.057056736 0.0 0.0 0.08918028 0.0 0.0 0.0
0.041368958 0.0 0.0 0.0 0.0 0.0 0.0 0.0 0.0 0.0 0.0 0.19775018 0.0 0.016646605 0.06664319 0.027517831 0.13812737 0.02714131 0.0 0.0 0.0 0.040951416 0.07563215 0.0 0.0 0.026581291 0.07791771 0.0 0.0 0.095620215 0.0 0.0 0.0 0.0 0.0 0.0 0.0 0.0 0.0 0.0 0.0 0.0 0.0 0.0 0.0 0.0 0.0 0.0 0.0 0.05486089 0.018163847 0.0 0.0 0.0 0.0 0.0
0.0 0.021406045 0.1280144 0.0 0.0 0.0 0.0 0.0 0.0 0.0 0.051027313 0.0 0.0 0.0 0.0 0.05665156 0.0 0.0 0.0 0.0 0.0 0.0 0.039493352 0.0 0.0 0.16507968 0.0 0.024744831 0.0 0.17311274 0.0 0.0 0.0 0.0 0.022213701 0.0 0.0 0.0 0.0 0.026649201 0.0 0.035826974 0.010629371 0.0 0.0 0.0 0.0 0.0 0.0 0.0 0.051570795 0.054450836 0.060670525 0.0 0.08124764 0.0
0.0 0.0 0.0 0.0 0.0 0.0 0.0 0.062449254 0.0 0.0 0.0 0.15549673 0.0 0.0 0.0 0.0 0.0 0.0 0.0 0.0 0.0 0.0 0.0 0.06114349 0.0 0.0 0.11822027 0.0 0.0 0.018631827 0.0 0.064813234 0.0 0.0 0.0 0.23956166 0.0 0.0 0.0 0.0 0.0 0.0 0.0 0.03252212 0.0 0.0 0.0 0.0 0.0 0.0 0.0 0.052182768 0.0 0.0 0.0015110716 0.0
0.0 0.020241838 0.0 0.049675114 0.0 0.0 0.062449254 0.0 0.0 0.0 0.0 0.0 0.0 0.0 0.0 0.0 0.0 0.0 0.040389482 0.014792768 0.070066154 0.0 0.0 0.0 0.0 0.0 0.060160294 0.048922475 0.0 0.0 0.17223364 0.0 0.07710769 0.0 0.0 0.0 0.035392493 0.009533449 0.09569877 0.08128547 0.018533377 0.0 0.0 0.0 0.0 0.004446463 0.0 0.027521687 0.058813997 0.0 0.036611333 0.0 0.0 0.02571617 0.0 0.12419191
0.0 0.0 0.0 0.0 0.0 0.0 0.0 0.0 0.0 0.0 0.0 0.0 0.0 0.0 0.0 0.0 0.030908441 0.0 0.0 0.0 0.0 0.0 0.0 0.0 0.14728759 0.0 0.0 0.0 0.0 0.0 0.0 0.0 0.0 0.0 0.0087259095 0.0 0.0 0.0 0.0 0.0 0.04951033 0.04210395 0.022846986 0.0 0.30043724 0.0 0.028595863 0.011423741 0.0 0.0 0.0 0.02916319 0.11147012 0.006713218 0.0 0.0
0.0 0.074867904 0.0 0.08749589 0.0 0.0 0.0 0.0 0.0 0.0 0.0 0.010631101 0.0 0.22568831 0.0 0.0 0.0 0.0 0.1451733 0.0 0.0 0.0 0.0 0.0 0.0 0.0 0.0 0.0 0.0 0.0 0.06718055 0.0 0.009070811 0.0 0.0 0.0 0.19452298 0.0479483 0.09853946 0.0 0.084214784 0.0 0.0 0.0 0.0 0.011010451 0.0 0.06510056 0.0 0.10776615 0.0 0.0 0.0 0.0 0.0 0.0
0.05250332 0.00014283952 0.17087547 0.020003052 0.0 0.051027313 0.0 0.0 0.0 0.0 0.0 0.0 0.0 0.0 0.015738012 0.0 0.05847242 0.080696255 0.0 0.0 0.10888382 0.0 0.1071598 0.0 0.0 0.0 0.0 0.10589003 0.0 0.038077053 0.0 0.0 0.0 0.0 0.0 0.0 0.0 0.011373681 0.0 0.0 0.0 0.0 0.0 0.0 0.0 0.029351883 0.0 0.0 0.15409169 0.15039483 0.0 0.0 0.0 0.0088579925 0.0 0.0
0.0 0.0 0.18924184 0.0 0.19775018 0.0 0.15549673 0.0 0.0 0.010631101 0.0 0.0 0.0 0.0 0.0 0.0 0.016663218 0.06571425 0.0 0.0 0.0 0.0 0.0 0.043908983 0.0 0.0 0.0 0.0 0.0 0.0 0.0 0.1583114 0.0 0.0 0.0 0.10295483 0.0 0.0 0.0 0.0 0.0 0.0 0.0 0.012708657 0.0 0.0 0.0 0.0 0.090529844 0.0 0.0 0.012275132 0.0 0.0 0.0 0.0
0.0 0.026781319 0.0 0.0 0.0 0.0 0.0 0.0 0.0 0.0 0.0 0.0 0.2289541 0.0 0.0 0.0 0.0 0.0 0.04566521 0.0 0.05399152 0.028017825 0.0 0.0 0.1432331 0.0 0.0 0.0 0.0 0.0 0.011992284 0.0 0.0 0.0 0.0 0.0 0.0 0.0 0.0 0.13561298 0.0 0.047111116 0.03631787 0.044858232 0.0 0.0 0.27547768 0.0 0.0 0.0 0.0 0.0 0.0 0.0 0.0 0.0
0.0 0.0330852 0.0 0.0 0.016646605 0.0 0.0 0.0 0.0 0.22568831 0.0 0.0 0.0 0.0 0.0 0.0 0.0 0.0 0.0 0.03900704 0.0 0.0 0.0 0.0 0.0 0.0 0.022654025 0.0 0.0 0.0 0.0 0.0 0.0 0.0 0.0662334 0.0 0.0 0.019998198 0.0 0.0 0.0 0.0047616237 0.031872246 0.0 0.14046696 0.0 0.0 0.027212577 0.0 0.0 0.0 0.0 0.0 0.0 0.24308439 0.0
0.0 0.0 0.0 0.0073607196 0.06664319 0.0 0.0 0.0 0.0 0.0 0.015738012 0.0 0.0 0.0 0.0 0.0 0.0 0.21071118 0.0 0.0 0.0 0.0 0.14607343 0.0 0.0 0.0 0.011281474 0.058680248 0.0 0.0 0.04909054 0.06971675 0.013120379 0.0 0.0 0.0 0.0 0.041682243 0.0 0.0 0.0 0.0 0.0 0.0 0.0 0.17768843 0.0 0.0 0.023930177 0.0 0.06439245 0.0 0.0 0.0 0.0 0.0
0.0 0.0 0.0 0.02254388 0.027517831 0.05665156 0.0 0.0 0.0 0.0 0.0 0.0 0.0 0.0 0.0 0.0 0.0 0.0 0.0 0.0 0.0 0.0 0.05665307 0.0 0.0 0.0 0.0 0.0 0.0 0.024439493 0.060768057 0.0 0.07980962 0.0 0.0 0.0 0.0 0.08476525 0.0 0.0 0.0 0.0 0.0 0.0 0.0 0.0852139 0.0033717665 0.0 0.0 0.019687502 0.2598615 0.0 0.0 0.0 0.005818295 0.0
0.0 0.0 0.0 0.07965062 0.13812739 0.0 0.0 0.0 0.030908441 0.0 0.05847242 0.016663218 0.0 0.0 0.0 0.0 0.0 0.0 0.0 0.024164688 0.0 0.007951421 0.0 0.05766157 0.0 0.0 0.011182426 0.0 0.0 0.0 0.0 0.04367598 0.04414872 0.0 0.055854917 0.08920441 0.06113529 0.12753434 0.0 0.0 0.0 0.0 0.0 0.0 0.0 0.0 0.0 0.048828725 0.025756424 0.0 0.012931741 0.0 0.0 0.0 0.049033612 0.0
0.0 0.050883085 0.022237815 0.0 0.027141308 0.0 0.0 0.0 0.0 0.0 0.080696255 0.06571425 0.0 0.0 0.21071118 0.0 0.0 0.13690951 0.0 0.0 0.07807418 0.0 0.0 0.0 0.028108956 0.0 0.012338246 0.0 0.0 0.0 0.0 0.0 0.042606078 0.0 0.0 0.0 0.0 0.035147816 0.0 0.0 0.0 0.0 0.0 0.0 0.0 0.04815334 0.0 0.11210056 0.109727874 0.0 0.015594464 0.0 0.0 0.0 0.0 0.0
0.057906225 0.0 0.0 0.0 0.0 0.0 0.0 0.040389482 0.0 0.14517328 0.0 0.0 0.045665212 0.0 0.0 0.0 0.0 0.0 0.0 0.0 0.0 0.0 0.019632338 0.0 0.0 0.0 0.0 0.0 0.0 0.0 0.0 0.0 0.043808296 0.0 0.0 0.0 0.0 0.0 0.0 0.0 0.011759568 0.0 0.0 0.0 0.1360723 0.0 0.0 0.0 0.0 0.1724019 0.0108054755 0.011376385 0.0 0.0 0.0 0.0
0.0 0.0 0.0 0.0 0.0 0.0 0.0 0.014792768 0.0 0.0 0.0 0.0 0.0 0.03900704 0.0 0.0 0.024164688 0.0 0.0 0.0 0.0 0.0 0.11920031 0.09671724 0.0 0.019816602 0.13745984 0.03366184 0.0 0.0 0.0 0.0 0.0 0.0 0.0 0.0 0.0 0.055679247 0.0 0.10581025 0.032685895 0.0 0.0 0.0 0.0 0.0 0.0 0.12396245 0.0 0.0 0.147543 0.0 0.0 0.0 0.0 0.010731436
0.0 0.0 0.0 0.0 0.0 0.0 0.0 0.07006616 0.0 0.0 0.10888382 0.0 0.053991523 0.0 0.0 0.0 0.0 0.07807418 0.0 0.0 0.0 0.15168525 0.09399955 0.0 0.028677942 0.0013143218 0.0 0.0 0.0 0.0 0.0 0.0 0.0 0.0 0.0 0.0 0.0 0.0 0.0 0.09616048 0.017710473 0.0 0.0 0.0 0.0 0.0 0.0 0.008903305 0.0 0.0 0.019520488 0.0 0.0 0.0 0.016330224 0.0
0.0 0.09458247 0.011027343 0.092781596 0.040951416 0.0 0.0 0.0 0.0 0.0 0.0 0.0 0.028017825 0.0 0.0 0.0 0.007951421 0.0 0.0 0.0 0.15168525 0.0 0.0 0.0 0.056375332 0.0 0.0 0.0 0.0 0.0 0.12112068 0.08494734 0.0 0.0 0.0 0.0 0.0 0.0 0.0 0.13524598 0.00904089 0.058785282 0.082651116 0.0044859173 0.0 0.0 0.0 0.0 0.0 0.0 0.0 0.0 0.0 0.038329143 0.0 0.0793157
0.05061694 0.0 0.0 0.0 0.075632155 0.039493352 0.0 0.0 0.0 0.0 0.10715979 0.0 0.0 0.0 0.14607343 0.056653067 0.0 0.0 0.019632338 0.11920031 0.09399955 0.0 0.0 0.04985758 0.0 0.0 0.0 0.0 0.0 0.10914215 0.0 0.0 0.0025704773 0.029635837 0.0 0.0 0.0 0.045016926 0.0 0.0 0.0 0.0 0.0 0.0 0.0 0.0 0.0 0.008078369 0.15072246 0.0 0.046143092 0.0 0.123786025 0.0 0.0 0.0
0.0 0.12268118 0.0 0.0 0.0 0.0 0.061143495 0.0 0.0 0.0 0.0 0.043908987 0.0 0.0 0.0 0.0 0.05766157 0.0 0.0 0.09671724 0.0 0.0 0.04985758 0.0 0.0 0.0 0.0 0.09949226 0.0 0.024455372 0.0 0.0 0.0 0.07422045 0.0 0.03465641 0.04198118 0.0 0.12454164 0.0 0.033868536 0.0 0.0 0.0 0.0 0.0 0.0 0.0 0.027211472 0.0 0.024866035 0.0 0.0 0.0 0.0 0.0
0.0 0.0 0.0 0.057081133 0.0 0.0 0.0 0.0 0.1472876 0.0 0.0 0.0 0.14323309 0.0 0.0 0.0 0.0 0.028108956 0.0 0.0 0.028677942 0.05637533 0.0 0.0 0.0 0.0 0.0 0.0 0.0 0.0 0.017388027 0.013971057 0.0 0.0 0.0 0.087611526 0.0 0.0 0.0 0.03025225 0.028193988 0.09554681 0.007008432 0.0 0.0 0.05750648 0.04382391 0.0 0.0 0.0 0.0 0.0 0.030801782 0.19704379 0.0 0.029275136
0.0 0.0 0.0 0.0 0.026581291 0.1650797 0.0 0.0 0.0 0.0 0.0 0.0 0.0 0.0 0.0 0.0 0.0 0.0 0.0 0.019816602 0.0013143218 0.0 0.0 0.0 0.0 0.25755355 0.0 0.037011635 0.013202704 0.0 0.0 0.0 0.0 0.074883536 0.004305613 0.0 0.0 0.0 0.0 0.065759644 0.0 0.06348206 0.0 0.0 0.0 0.0 0.0 0.00043507732 0.0 0.0 0.023112575 0.0 0.0 0.0 0.13787305 0.0
0.03743256 0.08547329 0.0654332 0.0 0.07791771 0.0 0.11822027 0.060160298 0.0 0.0 0.0 0.0 0.0 0.022654027 0.011281474 0.0 0.0111824265 0.012338245 0.0 0.13745983 0.0 0.0 0.0 0.0 0.0 0.0 0.0 0.1314575 0.0 0.114168525 0.0 0.0 0.0 0.0 0.06117734 0.0 0.0 0.0 0.0 0.0 0.024811925 0.009950707 0.0 0.0 0.005349773 0.0 0.0099456785 0.0 0.0 0.0 0.0 0.0 0.14239533 0.025931548 0.0 0.012590558
0.0 0.008858549 0.0 0.0 0.0 0.02474483 0.0 0.048922475 0.0 0.0 0.10589003 0.0 0.0 0.0 0.05868025 0.0 0.0 0.0 0.0 0.033661835 0.0 0.0 0.0 0.09949226 0.0 0.03701164 0.13145751 0.0 0.0 0.0 0.04939775 0.0 0.034340486 0.030728703 0.0 0.0 0.012117977 0.0 0.0 0.000997934 0.0 0.004975833 0.0 0.0 0.0 0.0 0.0 0.010124347 0.01942109 0.0 0.11131063 0.0 0.0 0.009169585 0.10881352 0.0
0.0 0.0 0.0 0.0050337818 0.0 0.0 0.0 0.0 0.0 0.0 0.0 0.0 0.0 0.0 0.0 0.0 0.0 0.0 0.0 0.0 0.0 0.0 0.0 0.0 0.0 0.013202704 0.0 0.0 0.0 0.0 0.0 0.21512917 0.0 0.0 0.0 0.08223785 0.1515139 0.0 0.0 0.10167745 0.0 0.0 0.15422623 0.07688852 0.0 0.0 0.0 0.0 0.0 0.0 0.0 0.0 0.0 0.0 0.021744521 0.0
0.0 0.0 0.0 0.045510396 0.095620215 0.17311274 0.018631827 0.0 0.0 0.0 0.038077053 0.0 0.0 0.0 0.0 0.024439493 0.0 0.0 0.0 0.0 0.0 0.0 0.109142154 0.024455372 0.0 0.0 0.114168525 0.0 0.0 0.0 0.0 0.05982034 0.0 0.0 0.0 0.013810453 0.0 0.059182547 0.0 0.0 0.0 0.0 0.0 0.0 0.0 0.018756308 0.0 0.0 0.0 0.0 0.096138574 0.0 0.0 0.0 0.06462108 0.0
0.10995778 0.0 0.0 0.0 0.0 0.0 0.0 0.17223364 0.0 0.06718055 0.0 0.0 0.011992284 0.0 0.04909054 0.060768057 0.0 0.0 0.0 0.0 0.0 0.12112068 0.0 0.0 0.017388027 0.0 0.0 0.04939775 0.0 0.0 0.0 0.0 0.0 0.0 0.060467787 0.0 0.0 0.0 0.0 0.0 0.0 0.03889141 0.0 0.0 0.0602484 0.0 0.0 0.0 0.0 0.08242876 0.0 0.0 0.04176588 0.03342993 0.0 0.0
0.0 0.0 0.08507229 0.0 0.0 0.0 0.064813234 0.0 0.0 0.0 0.0 0.1583114 0.0 0.0 0.06971675 0.0 0.04367598 0.0 0.0 0.0 0.0 0.08494735 0.0 0.0 0.013971057 0.0 0.0 0.0 0.21512918 0.05982034 0.0 0.0 0.0 0.050064716 0.0 0.0 0.0 0.0 0.0 0.0 0.0 0.2801255 0.00091244606 0.0 0.0 0.0 0.06148257 0.0 0.006690536 0.0 0.0 0.0 0.0 0.02895954 0.0 0.0
0.024348669 0.0 0.029172149 0.0 0.0 0.0 0.0 0.07710769 0.0 0.00907081 0.0 0.0 0.0 0.0 0.013120379 0.07980961 0.044148725 0.042606078 0.0438083 0.0 0.0 0.0 0.0025704773 0.0 0.0 0.0 0.0 0.034340486 0.0 0.0 0.0 0.0 0.0 0.0 0.16755322 0.0 0.0 0.0 0.0 0.0 0.07673359 0.05522272 0.0 0.0 0.0 0.0 0.0 0.0 0.0 0.01584042 0.0 0.18487333 0.107499905 0.036502216 0.0 0.0
0.0 0.0 0.0 0.0 0.0 0.0 0.0 0.0 0.0 0.0 0.0 0.0 0.0 0.0 0.0 0.0 0.0 0.0 0.0 0.0 0.0 0.0 0.029635837 0.074220456 0.0 0.074883536 0.0 0.030728703 0.0 0.0 0.0 0.05006472 0.0 0.0 0.061898135 0.06454424 0.0 0.03888511 0.0 0.017119419 0.0 0.0 0.0 0.0 0.0 0.0 0.0 0.0 0.0 0.0 0.07037046 0.1021169 0.0 0.0 0.24058656 0.0
0.0 0.0 0.0 0.0 0.0 0.022213701 0.0 0.0 0.0087259095 0.0 0.0 0.0 0.0 0.066233404 0.0 0.0 0.055854917 0.0 0.0 0.0 0.0 0.0 0.0 0.0 0.0 0.0043056128 0.06117734 0.0 0.0 0.0 0.060467787 0.0 0.16755322 0.06189814 0.025357915 0.0 0.02040817 0.0 0.16451569 0.0 0.0 0.0 0.102131 0.18732025 0.020283092 0.0 0.0 0.0 0.0 0.032284807 0.0 0.0 0.0 0.0 0.0 0.099419944
0.0 0.0 0.0 0.0 0.0 0.0 0.23956165 0.0 0.0 0.0 0.0 0.10295483 0.0 0.0 0.0 0.0 0.08920441 0.0 0.0 0.0 0.0 0.0 0.0 0.03465641 0.087611526 0.0 0.0 0.0 0.08223785 0.013810452 0.0 0.0 0.0 0.06454424 0.0 0.0 0.0 0.0 0.0 0.0 0.0 0.0 0.08258436 0.0 0.022649642 0.0 0.0 0.0 0.0 0.0 0.0 0.0 0.0 0.0 0.0 0.0
0.046126254 0.046843354 0.0 0.0 0.0 0.0 0.0 0.03539249 0.0 0.19452299 0.0 0.0 0.0 0.0 0.0 0.0 0.061135285 0.0 0.0 0.0 0.0 0.0 0.0 0.04198118 0.0 0.0 0.0 0.012117978 0.1515139 0.0 0.0 0.0 0.0 0.0 0.02040817 0.0 0.14492057 0.06938302 0.021065136 0.0 0.0 0.0 0.0 0.01361649 0.022422973 0.0 0.0 0.0 0.0 0.09072269 0.0 0.0 0.0 0.0 0.0 0.12606077
0.045937844 0.0 0.0 0.0 0.0 0.0 0.0 0.009533449 0.0 0.0479483 0.011373681 0.0 0.0 0.019998197 0.04168224 0.084765255 0.12753434 0.03514782 0.0 0.055679247 0.0 0.0 0.045016926 0.0 0.0 0.0 0.0 0.0 0.0 0.059182547 0.0 0.0 0.0 0.038885105 0.0 0.0 0.069383025 0.0 0.0 0.0 0.0 0.08647596 0.0 0.01820303 0.064907275 0.013610336 0.0 0.0 0.0 0.08720011 0.0 0.0 0.07473441 0.0 0.0 0.0031032732
0.046806064 0.0 0.0 0.0 0.0 0.0 0.0 0.09569877 0.0 0.09853946 0.0 0.0 0.0 0.0 0.0 0.0 0.0 0.0 0.0 0.0 0.0 0.0 0.0 0.12454164 0.0 0.0 0.0 0.0 0.0 0.0 0.0 0.0 0.0 0.0 0.16451569 0.0 0.021065138 0.0 0.0 0.0 0.0 0.0 0.0 0.0 0.01878995 0.0 0.0 0.0 0.0 0.0 0.0 0.4647256 0.0 0.0 0.00059448596 0.0
0.0 0.0 0.0 0.0 0.0 0.026649201 0.0 0.08128547 0.0 0.0 0.0 0.0 0.13561298 0.0 0.0 0.0 0.0 0.0 0.0 0.10581025 0.09616048 0.13524598 0.0 0.0 0.030252252 0.06575964 0.0 0.000997934 0.10167745 0.0 0.0 0.0 0.0 0.017119419 0.0 0.0 0.0 0.0 0.0 0.0 0.124591865 0.0 0.0 0.0 0.0 0.0 0.2170113 0.0 0.0 0.0 0.0 0.0 0.0 0.0 0.0 0.0
0.0 0.07799461 0.0 0.0 0.0 0.0 0.0 0.018533375 0.04951033 0.084214784 0.0 0.0 0.0 0.0 0.0 0.0 0.0 0.0 0.011759569 0.0326859 0.017710473 0.00904089 0.0 0.033868536 0.028193986 0.0 0.024811925 0.0 0.0 0.0 0.0 0.0 0.0767336 0.0 0.0 0.0 0.0 0.0 0.0 0.12459186 0.0 0.011452531 0.24550605 0.08233856 0.0 0.0 0.0 0.0 0.0 0.0 0.0 0.0 0.0 0.0 0.0 0.0
0.0 0.0 0.0 0.0 0.0 0.035826974 0.0 0.0 0.04210395 0.0 0.0 0.0 0.047111116 0.0047616237 0.0 0.0 0.0 0.0 0.0 0.0 0.0 0.058785282 0.0 0.0 0.095546804 0.06348206 0.009950707 0.0049758325 0.0 0.0 0.03889141 0.2801255 0.05522272 0.0 0.0 0.0 0.0 0.08647596 0.0 0.0 0.0114525305 0.0 0.0 0.0 0.0 0.06574223 0.042119946 0.019816613 0.0 0.0 0.0 0.0 0.0 0.0 0.0 0.0
0.0 0.0 0.0 0.0 0.0 0.010629372 0.0 0.0 0.022846987 0.0 0.0 0.0 0.036317874 0.031872246 0.0 0.0 0.0 0.0 0.0 0.0 0.0 0.08265112 0.0 0.0 0.0070084324 0.0 0.0 0.0 0.15422623 0.0 0.0 0.000912446 0.0 0.0 0.102131 0.08258436 0.0 0.0 0.0 0.0 0.24550603 0.0 0.0 0.0 0.0 0.053694144 0.096359596 0.0 0.0 0.0 0.0 0.0 0.05354001 0.012062379 0.0 0.013071072
0.0 0.0007155411 0.0 0.0 0.0 0.0 0.03252212 0.0 0.0 0.0 0.0 0.012708657 0.044858232 0.0 0.0 0.0 0.0 0.0 0.0 0.0 0.0 0.004485917 0.0 0.0 0.0 0.0 0.0 0.0 0.07688852 0.0 0.0 0.0 0.0 0.0 0.18732026 0.0 0.01361649 0.018203031 0.0 0.0 0.08233856 0.0 0.0 0.12283015 0.013888481 0.0 0.0 0.06729307 0.0 0.0 0.0 0.0 0.0 0.0 0.0 0.19901752
0.0 0.053679325 0.058473423 0.09473303 0.0 0.0 0.0 0.0 0.30043724 0.0 0.0 0.0 0.0 0.14046696 0.0 0.0 0.0 0.0 0.13607231 0.0 0.0 0.0 0.0 0.0 0.0 0.0 0.005349773 0.0 0.0 0.0 0.060248405 0.0 0.0 0.0 0.020283094 0.022649642 0.022422975 0.064907275 0.01878995 0.0 0.0 0.0 0.0 0.013888481 0.0 0.010245536 0.0 0.016772633 0.0 0.0 0.0 0.0 0.0 0.0039535407 0.0 0.22063987
0.1736652 0.06137117 0.0 0.0 0.0 0.0 0.0 0.0044464627 0.0 0.011010451 0.029351884 0.0 0.0 0.0 0.17768843 0.08521389 0.0 0.048153337 0.0 0.0 0.0 0.0 0.0 0.0 0.057506483 0.0 0.0 0.0 0.0 0.01875631 0.0 0.0 0.0 0.0 0.0 0.0 0.0 0.013610335 0.0 0.0 0.0 0.06574223 0.053694144 0.0 0.010245536 0.020173743 0.0 0.087068275 0.011491251 0.0 0.0 0.0 0.023315294 0.0 0.0 0.0
0.0 0.0 0.0 0.0 0.0 0.0 0.0 0.0 0.028595863 0.0 0.0 0.0 0.27547768 0.0 0.0 0.0033717665 0.0 0.0 0.0 0.0 0.0 0.0 0.0 0.0 0.043823913 0.0 0.009945678 0.0 0.0 0.0 0.0 0.061482575 0.0 0.0 0.0 0.0 0.0 0.0 0.0 0.21701129 0.0 0.042119943 0.096359596 0.0 0.0 0.0 0.12824988 0.0 0.0 0.0 0.0 0.0 0.0 0.0 0.0 0.0
0.011423245 0.022566266 0.0 0.0 0.0 0.0 0.0 0.027521687 0.011423741 0.065100566 0.0 0.0 0.0 0.027212579 0.0 0.0 0.048828725 0.11210056 0.0 0.12396245 0.008903305 0.0 0.008078369 0.0 0.0 0.00043507732 0.0 0.010124347 0.0 0.0 0.0 0.0 0.0 0.0 0.0 0.0 0.0 0.0 0.0 0.0 0.0 0.019816611 0.0 0.06729307 0.016772633 0.087068275 0.0 0.0 0.0 0.0 0.0 0.0 0.022749027 0.118023254 0.0028889454 0.043480806
0.009480742 0.0 0.0 0.0 0.0 0.0 0.0 0.058813997 0.0 0.0 0.15409169 0.090529844 0.0 0.0 0.023930179 0.0 0.025756424 0.10972788 0.0 0.0 0.0 0.0 0.15072246 0.027211472 0.0 0.0 0.0 0.019421091 0.0 0.0 0.0 0.006690536 0.0 0.0 0.0 0.0 0.0 0.0 0.0 0.0 0.0 0.0 0.0 0.0 0.0 0.011491251 0.0 0.0 0.0 0.0 0.042177077 0.03303705 0.11355276 0.0 0.0 0.0
0.0 0.0 0.0 0.057056736 0.05486089 0.0 0.0 0.0 0.0 0.10776616 0.15039483 0.0 0.0 0.0 0.0 0.019687502 0.0 0.0 0.1724019 0.0 0.0 0.0 0.0 0.0 0.0 0.0 0.0 0.0 0.0 0.0 0.08242876 0.0 0.015840419 0.0 0.032284807 0.0 0.09072269 0.08720012 0.0 0.0 0.0 0.0 0.0 0.0 0.0 0.0 0.0 0.0 0.0 0.052964933 0.0 0.0 0.0 0.0 0.0 0.0
0.0 0.0 0.0 0.0 0.018163847 0.05157079 0.0 0.036611337 0.0 0.0 0.0 0.0 0.0 0.0 0.06439245 0.2598615 0.012931741 0.015594465 0.0108054755 0.147543 0.019520486 0.0 0.04614309 0.024866033 0.0 0.023112575 0.0 0.11131063 0.0 0.096138574 0.0 0.0 0.0 0.07037046 0.0 0.0 0.0 0.0 0.0 0.0 0.0 0.0 0.0 0.0 0.0 0.0 0.0 0.0 0.042177074 0.0 0.036386453 0.0065984484 0.038661223 0.15136828 0.0 0.0
0.0 0.0 0.0 0.0 0.0 0.05445084 0.052182768 0.0 0.02916319 0.0 0.0 0.012275132 0.0 0.0 0.0 0.0 0.0 0.0 0.011376385 0.0 0.0 0.0 0.0 0.0 0.0 0.0 0.0 0.0 0.0 0.0 0.0 0.0 0.18487333 0.1021169 0.0 0.0 0.0 0.0 0.4647256 0.0 0.0 0.0 0.0 0.0 0.0 0.0 0.0 0.0 0.033037048 0.0 0.006598448 0.0 0.0 0.0 0.0 0.0
0.0 0.0 0.0 0.08918028 0.0 0.06067052 0.0 0.0 0.11147012 0.0 0.0 0.0 0.0 0.0 0.0 0.0 0.0 0.0 0.0 0.0 0.0 0.0 0.123786025 0.0 0.030801782 0.0 0.14239535 0.0 0.0 0.0 0.04176588 0.0 0.10749991 0.0 0.0 0.0 0.0 0.07473442 0.0 0.0 0.0 0.0 0.05354001 0.0 0.0 0.023315294 0.0 0.022749027 0.11355275 0.0 0.038661223 0.0 0.0 0.0 0.0 0.0
0.0 0.0 0.0 0.0 0.0 0.0 0.0 0.02571617 0.0067132185 0.0 0.0088579925 0.0 0.0 0.0 0.0 0.0 0.0 0.0 0.0 0.0 0.0 0.038329143 0.0 0.0 0.19704379 0.0 0.025931548 0.009169585 0.0 0.0 0.03342993 0.028959543 0.036502216 0.0 0.0 0.0 0.0 0.0 0.0 0.0 0.0 0.0 0.012062379 0.0 0.00395354 0.0 0.0 0.118023254 0.0 0.0 0.15136828 0.0 0.0 0.0 0.13365851 0.0
0.02678786 0.0025956475 0.0 0.0 0.0 0.08124764 0.0015110717 0.0 0.0 0.0 0.0 0.0 0.0 0.24308437 0.0 0.005818295 0.049033616 0.0 0.0 0.0 0.016330225 0.0 0.0 0.0 0.0 0.13787305 0.0 0.10881352 0.021744523 0.06462108 0.0 0.0 0.0 0.24058658 0.0 0.0 0.0 0.0 0.0005944859 0.0 0.0 0.0 0.0 0.0 0.0 0.0 0.0 0.0028889452 0.0 0.0 0.0 0.0 0.0 0.13365853 0.0 0.016262997
0.002154201 0.0 0.0 0.0 0.0 0.0 0.0 0.12419192 0.0 0.0 0.0 0.0 0.0 0.0 0.0 0.0 0.0 0.0 0.0 0.010731436 0.0 0.0793157 0.0 0.0 0.029275138 0.0 0.012590558 0.0 0.0 0.0 0.0 0.0 0.0 0.0 0.099419944 0.0 0.12606077 0.0031032732 0.0 0.0 0.0 0.0 0.013071072 0.19901752 0.22063987 0.0 0.0 0.043480806 0.0 0.0 0.0 0.0 0.0 0.0 0.016262997 0.0
