0.0 0.14020628 0.0 0.0 0.0 0.0 0.0 0.0 0.0 0.0 0.0 0.0 0.0 0.08742085 0.0 0.0 0.0 0.0 0.0 0.0 0.026956247 0.16280638 0.020590564 0.0 0.021360878 0.0 0.0 0.0 0.033571087 0.0 0.0 0.0 0.0 0.0 0.0 0.0 0.0 0.0 0.0 0.0 0.1404255 0.0 0.0 0.0 0.0 0.0 0.06260764 0.0 0.0 0.092561886 0.0 0.0 0.2750492 0.09929598 0.0 0.0
0.14020628 0.0 0.0 0.0 0.0 0.14870581 0.0 0.19083202 0.0 0.21532445 0.0 0.0 0.0 0.0 0.050409723 0.010854815 0.0 0.0 0.0 0.0 0.0 0.0 0.0 0.097287126 0.0 0.0 0.0 0.0 0.008646694 0.0 0.0 0.0 0.0 0.003937271 0.0 0.0 0.049105685 0.0 0.0 0.0 0.0 0.0 0.014641977 0.0 0.0 0.0 0.0 0.026036985 0.0 0.0 0.0 0.038527343 0.0 0.0 0.0 0.0
0.0 0.0 0.09966711 0.03484452 0.016164562 0.0 0.0 0.0 0.0068406356 0.0 0.04814912 0.0 0.0 0.0 0.0 0.0 0.0 0.042246565 0.0951846 0.0 0.007047865 0.03118047 0.025023598 0.0 0.09017178 0.0 0.031606946 0.0 0.0 0.03030152 0.022011638 0.0 0.0078106825 0.015143687 0.0 0.0 0.0 0.013297628 0.0 0.0 0.0 0.0013340067 0.0 0.0 0.0 0.019763337 0.0 0.0 0.0 0.2036333 0.0 0.0 0.023487777 0.0 0.008823513 0.09989172
0.0 0.0 0.03484452 0.0 0.0 0.033247188 0.057894506 0.0 0.017169237 0.0 0.0 0.0 0.0 0.0 0.05868851 0.038738966 0.0 0.0 0.0 0.0 0.0 0.0 0.0 0.0 0.0 0.029420873 0.0 0.04636051 0.0 0.0 0.0 0.0 0.0 0.2644853 0.0 0.0049813166 0.0 0.0 0.013442004 0.025460668 0.0 0.053648453 0.020769926 0.0 0.0 0.0 0.0 0.02359039 0.109208815 0.0 0.0 0.0 0.0 0.0 0.0 0.1338705
0.0 0.0 0.016164562 0.0 0.0 0.016924923 0.03441037 0.0 0.0 0.10289137 0.009002743 0.0 0.08414273 0.09509541 0.0 0.0026867948 0.0 0.0 0.0 0.0 0.0 0.0 0.0 0.04828244 0.0 0.021530474 0.0 0.0 0.15946902 0.0 0.0 0.0 0.0 0.049358737 0.0 0.0 0.0 0.0 0.0 0.0 0.06822847 0.0 0.0 0.024297545 0.0 0.0 0.0 0.045996998 0.0 0.0 0.08261785 0.05036488 0.0 0.007893824 0.0 0.0
0.0 0.1487058 0.0 0.03324719 0.016924923 0.0 0.0 0.06331368 0.03636544 0.0 0.0046293098 0.0 0.05356697 0.070352264 0.036392916 0.0 0.0 0.0 0.10915512 0.0 0.0 0.0 0.0 6.1951523e-34 0.0 0.0 0.0 0.0 0.0 0.0 0.0 0.0 0.0 0.0 0.0 0.1332954 0.0 0.0 0.0 0.0 0.0 0.0 0.0058661215 0.0 0.0 0.037338383 0.0 0.037726123 0.0 0.0 0.02925921 0.0 0.0 0.07099511 0.05965619 0.026907826
0.0 0.0 0.0 0.05789451 0.03441037 0.0 0.0 0.0 0.0 0.0 0.0053720833 0.0 0.026826879 0.009194019 0.0 0.0 0.0 0.0 0.0 0.0 0.0 0.0 0.13372888 0.0 0.0040541845 0.0 0.1343899 0.0 0.0 0.0 0.08957709 0.0 0.07856071 0.0 0.0 0.0 0.0 0.093791105 0.0 0.0 0.021096665 0.0 0.0148620065 0.0 0.0 0.0 0.0 0.0 0.0 0.0 0.077721864 0.0 0.007778703 0.021783251 0.05051694 0.0
0.0 0.19083202 0.0 0.0 0.0 0.06331368 0.0 0.0 0.0 0.0 0.0 0.0 0.0 0.0 0.0 0.009685073 0.0 0.0 0.0 0.03186567 0.0 0.07268828 0.06101634 0.0 0.0 0.0 0.0 0.0 0.0 0.006821671 0.0 0.0 0.2360441 0.004855081 0.0 0.0 0.0 0.0 0.0038903176 0.0 0.0 0.0 0.0 0.0 0.046384297 0.06904108 0.0090157 0.008961741 0.0 0.26570794 0.0 0.0 0.00960553 0.0 0.0 0.0
0.0 0.0 0.0068406356 0.017169237 0.0 0.036365435 0.0 0.0 0.40156952 0.0 0.08370516 0.0 0.0 0.0 0.040797982 0.0 0.0011206588 0.011695507 0.0 0.0 0.0 0.0 0.0 0.02038945 0.021634694 0.08725347 0.0 0.017313357 0.0 0.0 0.004780546 0.0 0.0 0.02889449 0.0 0.0 0.0 0.09620433 0.0 0.0 0.0 0.0 0.0 0.0 0.0 0.0 0.0 0.0 0.029190179 0.0 0.0 0.0 0.0 0.0 0.026406867 0.010357444
0.0 0.21532443 0.0 0.0 0.10289137 0.0 0.0 0.0 0.0 0.0 0.0 0.0 0.0 0.10788773 0.0 0.0 0.0 0.0 0.0 0.0 0.044255547 0.0 0.0 0.0 0.014891349 0.0 0.0 0.0 0.011479214 0.0 0.0 0.0 0.0 0.0 0.008764802 0.052149545 0.0 0.0 0.0 0.0 0.0 0.0 0.0 0.0 0.005147424 0.0 0.0 0.0 0.0 0.17080255 0.0 0.0 0.21083736 0.09722578 0.0 0.0
0.0 0.0 0.04814912 0.0 0.009002743 0.0046293098 0.0053720833 0.0 0.08370516 0.0 0.0 0.0 0.06775918 0.0 0.041138515 0.006370543 0.09487166 0.0 0.0 0.0 0.05684783 0.0 0.0 0.006727082 0.05123565 0.016158057 0.0 0.0 0.03533592 0.0 0.0 0.0 0.0 0.07255975 0.0 0.04778425 0.0 0.0 0.0 0.12705608 0.023117302 0.0 0.06505494 0.0 0.0 0.0 0.06359513 0.0 0.0 0.0 0.0 0.044235453 0.0 0.13773915 0.0 0.0
0.0 0.0 0.0 0.0 0.0 0.0 0.0 0.0 0.0 0.0 0.0 0.0 0.2671176 0.026938321 0.0 0.0 0.08068006 0.0 0.03651801 0.0 0.0 0.0 0.037395313 0.0 0.0 0.00343795 0.0 0.0 0.0 0.0 0.011219908 0.0 0.0 0.059018176 0.0 0.0 0.0 0.0 0.0 0.0 0.106516555 0.0 0.06812663 0.018022915 0.0 0.009834273 0.0033384503 0.0 0.0 0.0 0.029352963 0.0 0.0 0.08215572 0.0 0.051235814
0.0 0.0 0.0 0.0 0.08414273 0.05356697 0.026826879 0.0 0.0 0.0 0.06775918 0.26711756 0.0 0.0 0.0287771 0.0 0.0 0.0 0.038896404 0.0 0.0 0.0 0.0 0.0 0.0 0.07346386 0.0 0.015450528 0.0 0.03877853 0.012316395 0.0 0.0 0.0 0.0 0.0 0.0 0.0 0.22200102 0.0 0.0 0.05558916 0.034270134 0.0 0.0 0.0 0.0 0.029454993 0.0 0.034472164 0.0 0.0 0.0 0.0 0.08410518 0.0
0.08742085 0.0 0.0 0.0 0.09509541 0.07035227 0.009194018 0.0 0.0 0.10788774 0.0 0.026938323 0.0 0.04195869 0.0 0.0 0.0 0.0 0.0 0.016724415 0.0 0.0 0.0 0.047207646 0.0 0.0 0.0903292 0.031803038 0.0 0.0 0.0068364413 0.0 0.11917524 0.0 0.0 0.0 0.0 0.0653463 0.039984375 0.0 0.0 0.0 0.0 0.051235795 0.0053960434 0.1439429 0.0 0.0 0.0 0.0 0.005201746 0.0 0.0 0.0 0.0040447074 0.0
0.0 0.050409723 0.0 0.058688506 0.0 0.036392916 0.0 0.0 0.040797982 0.0 0.041138515 0.0 0.0287771 0.0 0.0 0.0 0.0 0.0 0.16647965 0.0 0.15109041 0.0 0.0 0.0 0.042462893 0.0 0.0 0.0 0.0 0.0 0.034884114 0.0 0.0 0.13071254 0.0 0.0 0.0047151353 0.0 0.0 0.0 0.0 0.0 0.0 0.0 0.0 0.0 0.0 0.02477457 0.0 0.0 0.0 0.0 0.0 0.0 0.032447975 0.03584726
0.0 0.010854815 0.0 0.038738962 0.0026867948 0.0 0.0 0.009685073 0.0 0.0 0.0063705435 0.0 0.0 0.0 0.0 0.0 0.0 0.04900886 0.0059565436 0.038504757 0.0 0.0 0.076283485 0.025647445 0.048977487 0.020825638 0.137228 0.1873766 0.0 0.0 0.11550214 0.02958517 0.0 0.0 0.0 0.0 0.0 0.035275217 0.0 0.0 0.0 0.0 0.0 0.0 0.0 0.050375123 0.0 0.0058575263 0.0 0.0 0.01003269 0.0 0.0 0.0 0.011811427 0.0
0.0 0.0 0.0 0.0 0.0 0.0 0.0 0.0 0.0011206589 0.0 0.09487166 0.08068006 0.0 0.0 0.0 0.0 0.2736222 0.0031273365 0.0 0.0 0.0 0.0 0.06202435 0.0 0.080657735 0.030239748 0.0153517 0.0 0.0 0.01727347 0.0 0.0 0.0034395612 0.0 0.0 0.0 0.0 0.0 0.06890284 0.0 0.0 0.0 0.0 0.08141367 0.0 0.02216112 0.0 0.0 0.0 0.0 0.0 0.0 0.12035858 0.0 0.0 0.024572968
0.0 0.0 0.04224656 0.0 0.0 0.0 0.0 0.0 0.011695506 0.0 0.0 0.0 0.0 0.0 0.0 0.049008857 0.0031273363 0.0 0.0 0.0 0.0 0.0 0.0021350223 0.0 0.0 0.11870183 0.0 0.0 0.0 0.07939136 0.0 0.09535556 0.0 0.0059395693 0.0 0.0 0.0 0.05610918 0.0 0.0 0.0 0.0 0.0 0.016425233 0.0 0.05629772 0.0 0.0 0.14654599 0.0 0.22879069 0.010085367 0.043176405 0.0 0.0 0.0
0.0 0.0 0.09518461 0.0 0.0 0.10915512 0.0 0.0 0.0 0.0 0.0 0.036518015 0.038896404 0.0 0.16647965 0.005956544 0.0 0.0 0.06943577 0.050126076 0.007782891 0.0 0.051041372 0.0 0.0 0.0 0.06810476 0.0 0.0 0.0 0.17384371 0.0 0.010692759 0.0 0.0 0.0 0.0 0.0 0.09394091 0.0 0.0 0.0 0.0 0.010203655 0.0 0.0 0.0 0.0 0.024633119 0.0 0.0 0.0 0.0 0.0 0.033811934 0.0
0.0 0.0 0.0 0.0 0.0 0.0 0.0 0.03186567 0.0 0.0 0.0 0.0 0.0 0.016724413 0.0 0.038504757 0.0 0.0 0.050126076 0.0 0.0 0.0 0.0 0.049189936 0.0 0.12191839 0.0 0.0 0.0 0.0 0.0 0.0 0.0 0.05069744 0.0 0.12787676 0.020828048 0.111964844 0.011931185 0.004189669 0.0 0.0 0.0026472928 0.110850036 0.0 0.008084509 0.0 0.0 0.0 0.0 0.07100708 0.10469659 0.0 0.0 0.018293714 0.08098329
0.026956247 0.0 0.007047865 0.0 0.0 0.0 0.0 0.0 0.0 0.044255547 0.05684783 0.0 0.0 0.0 0.1510904 0.0 0.0 0.0 0.0077828905 0.0 0.0 0.0 0.0 0.0 0.0 0.0 0.038199 0.0 0.0 0.0 0.0 0.0 0.010745298 0.031304177 0.012151195 0.040404174 0.0 0.060436983 0.029226836 0.0 0.0 0.0285627 0.0 0.0 0.0 0.0 0.0 0.113296814 0.0 0.0 0.0 0.15655535 0.0 0.0 0.12181189 0.0
0.16280638 0.0 0.03118047 0.0 0.0 0.0 0.0 0.072688274 0.0 0.0 0.0 0.0 0.0 0.0 0.0 0.0 0.0 0.0 0.0 0.0 0.0 0.19433427 0.0 0.0 0.0 0.0 0.0 0.0 0.0 0.0 0.0 0.0 0.0 0.0 0.11988596 0.0 0.13370377 0.0 0.0 0.0 0.012464929 0.049785748 0.036215305 0.029399812 0.0 0.0 0.0 0.0 0.0 0.0 0.0 0.0 0.0 0.0 0.0 0.15544023
0.020590564 0.0 0.0250236 0.0 0.0 0.0 0.13372888 0.061016336 0.0 0.0 0.0 0.03739531 0.0 0.0 0.0 0.076283485 0.06202435 0.0021350225 0.051041372 0.0 0.0 0.0 0.063245684 0.15668544 0.0 0.0 0.0 0.033956856 0.034137208 0.0 0.0 0.0 0.0 0.0025986126 0.0 0.007848092 0.006837076 0.0 0.0 0.0 0.0 0.0 0.0 0.024873441 0.0 0.021754602 0.028962655 0.11093874 0.0 0.0 0.02281199 0.11354276 0.0 0.08046331 0.0 0.0
0.0 0.097287126 0.0 0.0 0.048282437 6.1951523e-34 0.0 0.0 0.02038945 0.0 0.006727082 0.0 0.0 0.047207646 0.0 0.025647443 0.0 0.0 0.0 0.049189936 0.0 0.0 0.15668546 0.20521 0.0 0.0 0.0 0.01643399 0.0 0.0 0.0 0.0 0.0 0.0 0.0 0.0 0.0 0.0 0.0 0.0 0.0 0.0 0.0 0.0 0.008674421 0.0 0.039105635 0.0 0.0 0.0 0.15201096 0.0 0.0 0.054109305 0.0 0.0
0.021360878 0.0 0.090171784 0.0 0.0 0.0 0.0040541845 0.0 0.021634692 0.014891349 0.05123565 0.0 0.0 0.0 0.04246289 0.04897749 0.08065774 0.0 0.0 0.0 0.0 0.0 0.0 0.0 0.01774868 0.0 0.0 0.0 0.0 0.008611623 0.0030476225 0.019007867 0.018420458 0.0 0.0 0.08175197 0.0 0.040682606 0.00877798 0.0 0.0 0.0007119111 0.0 0.0 0.0 0.09856592 0.0 0.08018641 0.35362542 0.0 0.0 0.0 0.0 0.0 0.0 0.0
0.0 0.0 0.0 0.029420873 0.021530474 0.0 0.0 0.0 0.08725348 0.0 0.016158057 0.0034379498 0.073463865 0.0 0.0 0.020825638 0.03023975 0.11870184 0.0 0.12191839 0.0 0.0 0.0 0.0 0.0 0.0 0.01790114 0.0 0.0 0.0 0.039491802 0.0 0.0033524905 0.0 0.0 0.013813475 0.0 0.0 0.0 0.020534145 0.26126006 0.14769284 0.0 0.0 0.0 0.0 0.0 0.0 0.0 0.0 0.0 0.0 0.0 0.0 0.02032848 0.0
0.0 0.0 0.03160695 0.0 0.0 0.0 0.1343899 0.0 0.0 0.0 0.0 0.0 0.0 0.0903292 0.0 0.137228 0.0153517 0.0 0.06810475 0.0 0.038199 0.0 0.0 0.0 0.0 0.01790114 0.0 0.10215986 0.1073095 0.0 0.0 0.0 0.0 0.0 0.0 0.0 0.0 0.0 0.068371944 0.0 0.0 0.0 0.0 0.04889041 0.0 0.024507675 0.0 0.0 0.014113753 0.0 0.0 0.13694152 0.0 0.0 0.0 0.0
0.0 0.0 0.0 0.04636051 0.0 0.0 0.0 0.0 0.017313357 0.0 0.0 0.0 0.015450529 0.031803038 0.0 0.18737659 0.0 0.0 0.0 0.0 0.0 0.0 0.033956856 0.01643399 0.0 0.0 0.10215985 0.20309488 0.0 0.0 0.13712113 0.0 0.036294814 0.0 0.0 0.0 0.0 0.0 0.0 0.08121423 0.0 0.0 0.0008301463 0.0 0.0 0.0082689775 0.0 0.0 0.0 0.0 0.05314109 0.0 0.0 0.0 0.0046526217 0.0
0.03357109 0.008646693 0.0 0.0 0.15946902 0.0 0.0 0.0 0.0 0.011479213 0.03533592 0.0 0.0 0.0 0.0 0.0 0.0 0.0 0.0 0.0 0.0 0.0 0.034137208 0.0 0.0 0.0 0.1073095 0.0 0.0 0.0 0.0 0.0 0.06579054 0.0 0.0 0.0 0.056798298 0.0 0.0 0.1606716 0.0 0.0 0.0 0.0 0.0 0.0 0.0 0.0 0.017019708 0.0 0.13109744 0.0 0.0 0.0 0.055331852 0.0
0.0 0.0 0.030301522 0.0 0.0 0.0 0.0 0.006821671 0.0 0.0 0.0 0.0 0.038778532 0.0 0.0 0.0 0.01727347 0.07939135 0.0 0.0 0.0 0.0 0.0 0.0 0.008611623 0.0 0.0 0.0 0.0 0.0 0.0 0.22023927 0.0 0.07807537 0.011899822 0.1545196 0.047410276 0.0 0.0 0.0 0.005370366 0.0 0.0 0.0 0.0 0.05866515 0.07827563 0.040129196 0.0 0.0 0.0 0.0103076175 0.0 0.018342506 0.0 0.09766714
0.0 0.0 0.022011638 0.0 0.0 0.0 0.089577086 0.0 0.004780546 0.0 0.0 0.011219907 0.012316395 0.0068364413 0.034884114 0.11550214 0.0 0.0 0.17384371 0.0 0.0 0.0 0.0 0.0 0.0030476225 0.039491802 0.0 0.13712114 0.0 0.0 0.0 0.0110793635 0.0 0.024037806 0.0 0.0 0.0 0.038517408 0.13942327 0.010525317 0.0 0.04013597 0.021630393 0.09055334 0.0 0.0 0.0 0.0 0.0 0.0 0.023254005 0.0 0.0 0.0 0.007186398 0.01263283
0.0 0.0 0.0 0.0 0.0 0.0 0.0 0.0 0.0 0.0 0.0 0.0 0.0 0.0 0.0 0.02958517 0.0 0.095355555 0.0 0.0 0.0 0.0 0.0 0.0 0.019007869 0.0 0.0 0.0 0.0 0.22023928 0.0110793635 0.36670977 0.0 0.029284239 0.0 0.0 0.0 0.06392953 0.0 0.0 0.0 0.031794015 0.0 0.0017206497 0.0 0.0 0.0 0.0 0.0 0.0 0.059630517 0.0 0.0 0.01504981 0.0 0.0
0.0 0.0 0.0078106825 0.0 0.0 0.0 0.07856072 0.2360441 0.0 0.0 0.0 0.0 0.0 0.11917524 0.0 0.0 0.0034395612 0.0 0.01069276 0.0 0.010745299 0.0 0.0 0.0 0.018420458 0.0033524905 0.0 0.036294814 0.06579055 0.0 0.0 0.0 0.0 0.025179077 0.0 0.0817336 0.0 0.0023943316 0.0 0.0 0.02083276 0.0 0.0 0.0 0.0 0.00356275 0.010207817 0.0 0.0 0.0 0.0 0.18516374 0.0 0.07898344 0.0038776859 0.0
0.0 0.003937271 0.015143688 0.26448527 0.049358737 0.0 0.0 0.004855081 0.02889449 0.0 0.07255975 0.059018172 0.0 0.0 0.13071252 0.0 0.0 0.00593957 0.0 0.050697442 0.031304177 0.0 0.0025986128 0.0 0.0 0.0 0.0 0.0 0.0 0.07807537 0.024037806 0.029284239 0.025179075 0.0 0.0 0.0 0.01388368 0.087398745 0.034655746 0.0 0.0 0.0 0.0 0.0 0.0 0.0 0.0 0.029373256 0.0 0.0 0.0 0.0 0.0 0.0 0.0 0.0
0.0 0.0 0.0 0.0 0.0 0.0 0.0 0.0 0.0 0.008764802 0.0 0.0 0.0 0.0 0.0 0.0 0.0 0.0 0.0 0.0 0.012151195 0.119885966 0.0 0.0 0.0 0.0 0.0 0.0 0.0 0.011899822 0.0 0.0 0.0 0.0 0.11825322 0.0 0.026514832 0.0 0.0 0.0 0.0 0.0 0.0 0.0 0.5537926 0.0 0.0 0.0 0.0 0.06639374 0.0 0.061959617 0.0 0.0 0.0 0.0
0.0 0.0 0.0 0.0049813166 0.0 0.1332954 0.0 0.0 0.0 0.052149545 0.047784254 0.0 0.0 0.0 0.0 0.0 0.0 0.0 0.0 0.12787676 0.040404174 0.0 0.007848092 0.0 0.08175197 0.013813476 0.0 0.0 0.0 0.1545196 0.0 0.0 0.0817336 0.0 0.0 0.0 0.0 0.0 0.0 0.0 0.0 0.0115831625 0.0 0.0 0.0 0.0 0.0 0.03678369 0.079085 0.030922376 0.0024493157 0.0 0.0 0.0 0.0 0.0
0.0 0.04910569 0.0 0.0 0.0 0.0 0.0 0.0 0.0 0.0 0.0 0.0 0.0 0.0 0.0047151353 0.0 0.0 0.0 0.0 0.020828048 0.0 0.13370377 0.006837076 0.0 0.0 0.0 0.0 0.0 0.056798294 0.047410276 0.0 0.0 0.0 0.013883679 0.026514834 0.0 0.13042742 0.0 0.0 0.0 0.0 0.0 0.0 0.0 0.11442108 0.0 0.033480708 0.0 0.0 0.0040732357 0.0 0.0 0.2888022 0.0 0.0 0.0
0.0 0.0 0.013297627 0.0 0.0 0.0 0.09379111 0.0 0.09620433 0.0 0.0 0.0 0.0 0.0653463 0.0 0.035275217 0.0 0.05610918 0.0 0.11196484 0.060436983 0.0 0.0 0.0 0.040682606 0.0 0.0 0.0 0.0 0.0 0.03851741 0.06392953 0.0023943319 0.087398745 0.0 0.0 0.0 0.0 0.0 0.0 0.0 0.0 0.091205746 0.0 0.0 0.0 0.1848738 0.0 0.0 0.0 0.0 0.0057962826 0.0 0.022371275 0.0 0.0
0.0 0.0 0.0 0.013442004 0.0 0.0 0.0 0.0038903174 0.0 0.0 0.0 0.0 0.22200102 0.039984375 0.0 0.0 0.068902835 0.0 0.09394092 0.011931185 0.029226838 0.0 0.0 0.0 0.00877798 0.0 0.06837194 0.0 0.0 0.0 0.13942328 0.0 0.0 0.034655746 0.0 0.0 0.0 0.0 0.0 0.0 0.0 0.0 0.0 0.0 0.0 0.0 0.12211969 0.069748715 0.0 0.0 0.0 0.0 0.0 0.06156999 0.0009626745 0.0
0.0 0.0 0.0 0.025460668 0.0 0.0 0.0 0.0 0.0 0.0 0.12705608 0.0 0.0 0.0 0.0 0.0 0.0 0.0 0.0 0.004189669 0.0 0.0 0.0 0.0 0.0 0.020534143 0.0 0.08121423 0.1606716 0.0 0.010525317 0.0 0.0 0.0 0.0 0.0 0.0 0.0 0.0 0.2837083 0.0 0.12886125 0.09697826 0.0 0.0 0.0 0.0 0.0 0.0 0.0 0.0 0.0 0.0 0.0 0.12130752 0.0
0.1404255 0.0 0.0 0.0 0.06822847 0.0 0.021096665 0.0 0.0 0.0 0.0231173 0.106516555 0.0 0.0 0.0 0.0 0.0 0.0 0.0 0.0 0.0 0.012464929 0.0 0.0 0.0 0.26126003 0.0 0.0 0.0 0.005370366 0.0 0.0 0.02083276 0.0 0.0 0.0 0.0 0.0 0.0 0.0 0.0 0.058825757 0.053928673 0.11671791 0.0 0.0 0.0 0.0 0.0075353184 0.0 0.0 0.0 0.0 0.0 0.0 0.0
0.0 0.0 0.0013340067 0.053648457 0.0 0.0 0.0 0.0 0.0 0.0 0.0 0.0 0.05558916 0.0 0.0 0.0 0.0 0.0 0.0 0.0 0.028562699 0.049785748 0.0 0.0 0.0007119111 0.14769284 0.0 0.0 0.0 0.0 0.040135972 0.031794015 0.0 0.0 0.0 0.011583162 0.0 0.0 0.0 0.12886125 0.058825754 0.08648219 0.07497275 0.06994522 0.0 0.0 0.0 0.0 0.0 0.0 0.0 0.0 0.0 0.0 0.0 0.1453115
0.0 0.014641978 0.0 0.020769928 0.0 0.005866122 0.0148620065 0.0 0.0 0.0 0.065054946 0.06812663 0.034270134 0.0 0.0 0.0 0.0 0.0 0.0 0.002647293 0.0 0.0362153 0.0 0.0 0.0 0.0 0.0 0.0008301463 0.0 0.0 0.021630391 0.0 0.0 0.0 0.0 0.0 0.0 0.09120575 0.0 0.09697826 0.053928673 0.074972756 0.32620147 0.0 0.0 0.0 0.0 0.0 0.0 0.0 0.0 0.0 0.0 0.0 0.0 0.0
0.0 0.0 0.0 0.0 0.024297545 0.0 0.0 0.0 0.0 0.0 0.0 0.018022915 0.0 0.0512358 0.0 0.0 0.08141367 0.016425233 0.010203656 0.11085004 0.0 0.02939981 0.024873441 0.0 0.0 0.0 0.04889041 0.0 0.0 0.0 0.09055334 0.0017206495 0.0 0.0 0.0 0.0 0.0 0.0 0.0 0.0 0.116717905 0.06994522 0.0 0.13906533 0.0 0.10930089 0.0 0.0 0.0 0.017517785 0.0 0.0 0.0 0.0 0.028352987 0.0
0.0 0.0 0.0 0.0 0.0 0.0 0.0 0.046384297 0.0 0.0051474245 0.0 0.0 0.0 0.0053960434 0.0 0.0 0.0 0.0 0.0 0.0 0.0 0.0 0.0 0.008674421 0.0 0.0 0.0 0.0 0.0 0.0 0.0 0.0 0.0 0.0 0.55379254 0.0 0.11442108 0.0 0.0 0.0 0.0 0.0 0.0 0.0 0.0 0.0 0.0 0.0 0.0 0.0 0.048392616 0.14390373 0.0021338882 0.0 0.0 0.0
0.0 0.0 0.019763337 0.0 0.0 0.037338387 0.0 0.06904108 0.0 0.0 0.0 0.009834273 0.0 0.14394291 0.0 0.050375123 0.02216112 0.056297723 0.0 0.008084509 0.0 0.0 0.021754602 0.0 0.098565914 0.0 0.024507675 0.0082689775 0.0 0.05866515 0.0 0.0 0.00356275 0.0 0.0 0.0 0.0 0.0 0.0 0.0 0.0 0.0 0.0 0.10930089 0.0 0.0 0.0 0.012732743 0.028974771 0.0 0.099940225 0.0 0.0 0.0 0.0051430683 0.0
0.062607646 0.0 0.0 0.0 0.0 0.0 0.0 0.009015699 0.0 0.0 0.06359513 0.0033384503 0.0 0.0 0.0 0.0 0.0 0.0 0.0 0.0 0.0 0.0 0.028962655 0.039105635 0.0 0.0 0.0 0.0 0.0 0.07827562 0.0 0.0 0.010207817 0.0 0.0 0.0 0.033480708 0.18487382 0.122119695 0.0 0.0 0.0 0.0 0.0 0.0 0.0 0.0 0.0 0.017979756 0.0 0.0 0.0 0.0 0.019186564 0.14194658 0.038353615
0.0 0.026036987 0.0 0.02359039 0.045996998 0.03772612 0.0 0.008961741 0.0 0.0 0.0 0.0 0.029454993 0.0 0.024774568 0.0058575263 0.0 0.0 0.0 0.0 0.11329681 0.0 0.11093874 0.0 0.08018642 0.0 0.0 0.0 0.0 0.040129196 0.0 0.0 0.0 0.029373255 0.0 0.036783688 0.0 0.0 0.069748715 0.0 0.0 0.0 0.0 0.0 0.0 0.012732743 0.0 0.0 0.0711017 0.0 0.0072051664 0.0 0.0 0.0 0.04635005 0.0
0.0 0.0 0.0 0.10920882 0.0 0.0 0.0 0.0 0.029190179 0.0 0.0 0.0 0.0 0.0 0.0 0.0 0.0 0.14654598 0.02463312 0.0 0.0 0.0 0.0 0.0 0.3536254 0.0 0.014113754 0.0 0.017019708 0.0 0.0 0.0 0.0 0.0 0.0 0.079085 0.0 0.0 0.0 0.0 0.007535319 0.0 0.0 0.0 0.0 0.028974773 0.017979756 0.0711017 0.0 0.0006661417 0.0 0.0 0.0 0.0 0.05851042 0.007894509
0.092561886 0.0 0.2036333 0.0 0.0 0.0 0.0 0.26570794 0.0 0.17080253 0.0 0.0 0.034472164 0.0 0.0 0.0 0.0 0.0 0.0 0.0 0.0 0.0 0.0 0.0 0.0 0.0 0.0 0.0 0.0 0.0 0.0 0.0 0.0 0.0 0.06639374 0.030922374 0.004073235 0.0 0.0 0.0 0.0 0.0 0.0 0.017517786 0.0 0.0 0.0 0.0 0.0006661417 0.0 0.0 0.0 0.0 0.0 0.0 0.0
0.0 0.0 0.0 0.0 0.08261786 0.02925921 0.077721864 0.0 0.0 0.0 0.0 0.029352963 0.0 0.005201746 0.0 0.010032689 0.0 0.2287907 0.0 0.07100708 0.0 0.0 0.022811988 0.15201096 0.0 0.0 0.0 0.053141087 0.13109745 0.0 0.023254003 0.05963052 0.0 0.0 0.0 0.0024493157 0.0 0.0 0.0 0.0 0.0 0.0 0.0 0.0 0.048392616 0.099940225 0.0 0.0072051664 0.0 0.0 0.0 0.043769315 0.0 0.0 0.0 0.0
0.0 0.038527343 0.0 0.0 0.05036488 0.0 0.0 0.0 0.0 0.0 0.044235457 0.0 0.0 0.0 0.0 0.0 0.0 0.010085367 0.0 0.10469659 0.15655537 0.0 0.11354275 0.0 0.0 0.0 0.13694154 0.0 0.0 0.0103076175 0.0 0.0 0.18516374 0.0 0.061959617 0.0 0.0 0.0057962826 0.0 0.0 0.0 0.0 0.0 0.0 0.14390373 0.0 0.0 0.0 0.0 0.0 0.043769315 0.0 0.0 0.0076637664 0.0 0.0
0.2750492 0.0 0.023487775 0.0 0.0 0.0 0.007778703 0.00960553 0.0 0.21083736 0.0 0.0 0.0 0.0 0.0 0.0 0.12035858 0.043176405 0.0 0.0 0.0 0.0 0.0 0.0 0.0 0.0 0.0 0.0 0.0 0.0 0.0 0.0 0.0 0.0 0.0 0.0 0.2888022 0.0 0.0 0.0 0.0 0.0 0.0 0.0 0.002133888 0.0 0.0 0.0 0.0 0.0 0.0 0.0 0.0 0.0 0.0 0.08253009
0.099295974 0.0 0.0 0.0 0.007893824 0.07099511 0.021783251 0.0 0.0 0.09722578 0.13773915 0.08215572 0.0 0.0 0.0 0.0 0.0 0.0 0.0 0.0 0.0 0.0 0.08046332 0.054109305 0.0 0.0 0.0 0.0 0.0 0.018342506 0.0 0.01504981 0.07898344 0.0 0.0 0.0 0.0 0.022371275 0.061569992 0.0 0.0 0.0 0.0 0.0 0.0 0.0 0.019186564 0.0 0.0 0.0 0.0 0.0076637664 0.0 0.0 0.10245548 0.0
0.0 0.0 0.008823513 0.0 0.0 0.059656188 0.050516944 0.0 0.026406866 0.0 0.0 0.0 0.08410518 0.0040447074 0.032447975 0.011811427 0.0 0.0 0.03381193 0.018293716 0.12181189 0.0 0.0 0.0 0.0 0.02032848 0.0 0.004652621 0.055331856 0.0 0.0071863974 0.0 0.0038776856 0.0 0.0 0.0 0.0 0.0 0.0009626745 0.12130753 0.0 0.0 0.0 0.028352987 0.0 0.0051430683 0.14194657 0.04635005 0.05851042 0.0 0.0 0.0 0.0 0.10245548 0.04330822 0.007065386
0.0 0.0 0.09989172 0.13387051 0.0 0.026907826 0.0 0.0 0.010357444 0.0 0.0 0.05123581 0.0 0.0 0.03584726 0.0 0.024572968 0.0 0.0 0.08098329 0.0 0.15544024 0.0 0.0 0.0 0.0 0.0 0.0 0.0 0.09766714 0.012632831 0.0 0.0 0.0 0.0 0.0 0.0 0.0 0.0 0.0 0.0 0.14531149 0.0 0.0 0.0 0.0 0.038353615 0.0 0.007894509 0.0 0.0 0.0 0.08253009 0.0 0.007065386 0.0
