0.0 0.0 0.0 0.0 0.11031221 0.19075572 0.0 0.03573997 0.020501178 0.0074331043 0.0 0.0 0.0 0.012186879 0.0 0.010224691 0.0 0.0 0.047943827 0.0 0.0 0.0 0.0 0.0 0.0 0.13504829 0.0 0.0 0.0 0.0 0.0 0.07534029 0.10718267 0.0 0.033078328 0.0 0.0 0.0 0.0 0.024310999 0.013471283 0.0 0.0 0.0 0.06759992 0.0 0.0 0.0 0.025417924 0.015023274 0.0 0.017241893 0.0 0.0 0.064265005 0.0
0.0 0.0 0.0 0.0 0.0 0.04324778 0.0 0.0 0.0 0.0 0.0 0.0 0.0 0.012381332 0.0 0.0 0.0 0.033403724 0.0 0.10611793 0.0 0.0 0.10169377 0.0 0.0 0.050225787 0.0 0.010868861 0.0 0.0 0.05851146 0.0 0.0 0.021838047 0.0 0.0 0.0 0.0 0.08917458 0.0 0.0 0.0 0.06924255 0.0 0.0 0.01374257 0.0 0.0 0.026850447 0.04490715 0.00043685708 0.0 0.0 0.03629618 0.0 0.0
0.0 0.0 0.0 0.1788649 0.0346496 0.0 0.0 0.0 0.0 0.0 0.0 0.0 0.08311777 0.0 0.0 0.0 0.0 0.048766356 0.0 0.0 0.0 0.0 0.006470229 0.0 0.002753001 0.0 0.0 0.0 0.053645752 0.0 0.0 0.0 0.0 0.0 0.0 0.0 0.03798737 0.11894735 0.0 0.0 0.0 0.0 0.0 0.0 0.0 0.14304702 0.0 0.0 0.0 0.0 0.0 0.0 0.0 0.0 0.010411823 0.0
0.0 0.0 0.1788649 0.0 0.0 0.07257244 0.0 0.0 0.0 0.024830196 0.0 0.0 0.0 0.0 0.0 0.023011 0.0 0.0 0.0 0.0 0.060465656 0.0 0.0 0.003993832 0.0 0.0 0.0 0.0 0.0 0.0 0.0 0.0 0.21054663 0.0 0.0 0.042636946 0.0 0.0 0.0 0.0 0.0 0.0 0.11782627 0.0 0.0 0.0 0.0 0.007322105 0.11994954 0.0 0.0 0.0 0.13723128 0.030872084 0.0 0.0
0.110312216 0.0 0.0346496 0.0 0.0 0.0 0.0 0.0 0.0 0.14546485 0.0 0.07255673 0.0 0.0 0.023150615 0.0 0.0 0.30268493 0.0 0.0 0.0 0.0 0.0 0.019325165 0.0 0.0 0.0 0.0 0.033511743 0.0 0.0 0.0 0.0 0.0 0.0 0.020783788 0.007300546 0.0 0.0 0.0 0.0 0.0 0.03839861 0.0 0.039390426 0.013866004 0.0 0.054542836 0.0 0.0 0.0 0.10815931 0.0 0.0 0.0 0.0
0.19075572 0.043247785 0.0 0.07257244 0.0 0.0 0.0 0.06279928 0.0 0.020459346 0.0 0.0 0.0 0.0 0.107985206 0.0016427664 0.0 0.06753622 0.011544304 0.0 0.018071255 0.0 0.015828624 0.0 0.0 0.0 0.0 0.0 0.0 0.0 0.0 0.0 0.0 0.0 0.07403455 0.0 0.0 0.0 0.0 0.0 0.0 0.05781873 0.0 0.0 0.09578041 0.0 0.0 0.002927515 0.0 0.0 0.0 0.0070387656 0.09046987 0.0123702595 0.0 0.0
0.0 0.0 0.0 0.0 0.0 0.0 0.0 0.0 0.0 0.03702608 0.0 0.0 0.0 0.0 0.0 0.0 0.0 0.0 0.0 0.0 0.0 0.0 0.028421672 0.0 0.0 0.09699191 0.0 0.0 0.0 0.0 0.0 0.0 0.0 0.046442427 0.0 0.0 0.036786746 0.0072889896 0.0 0.0 0.07428843 0.0 0.0 0.0 0.019031022 0.0 0.0 0.0 0.0 0.0 0.062317975 0.23183753 0.0 0.0 0.0 0.0
0.035739966 0.0 0.0 0.0 0.0 0.06279928 0.0 0.0 0.0 0.0 0.0 0.0 0.0 0.07786353 0.0 0.02756103 0.0 0.0 0.0 0.01500781 0.0 0.0 0.03539914 0.10518152 0.0 0.04512939 0.008255837 0.0 0.0 0.0 0.07209886 0.019516982 0.0 0.0 0.013504546 0.02545049 0.0 0.2605007 0.0 0.0 0.0 0.0 0.0 0.0 0.020656886 0.0 0.0 0.0 0.0 0.0 0.0 0.03223851 0.0 0.0 0.19926415 0.0
0.020501178 0.0 0.0 0.0 0.0 0.0 0.0 0.0 0.0 0.081814736 0.0 0.0 0.0 0.0 0.0063605974 0.0 0.0 0.0 0.0 0.15772112 0.12350484 0.064142436 0.0 0.0 0.11923166 0.0 0.0 0.0 0.18463677 0.018795747 0.0 0.0 0.0 0.0 0.0 0.0 0.014983194 0.0 0.0 0.0 0.0 0.043751724 0.03777735 0.0 0.053304765 0.0 0.0 0.0 0.0 0.0 0.0 0.0 0.025841882 0.0 0.0 0.0
0.0074331043 0.0 0.0 0.024830196 0.14546485 0.020459346 0.03702608 0.0 0.08181474 0.14026181 0.0 0.0 0.0020630523 0.0 0.0 0.0 0.0 0.0 0.08246898 0.0 0.0 0.0 0.01395627 0.017739138 0.0 0.0 0.0 0.013340573 0.0 0.0 0.0 0.025719678 0.0 0.0 0.0 0.023856541 0.018641697 0.07981307 0.0 0.02843676 0.048383813 0.0 0.0 0.0 0.0 0.0 0.0 0.038810197 0.0 0.0 0.0 0.01772587 0.0 0.0 0.12857379 0.0
0.0 0.0 0.0 0.0 0.0 0.0 0.0 0.0 0.0 0.0 0.0 0.0 0.0 0.0 0.0 0.0 0.0 0.021617318 0.010426536 0.0 0.0 0.0 0.021686524 0.0 0.0 0.043447487 0.028014041 0.16263625 0.0 0.0 0.0 0.05566347 0.0031662532 0.0 0.0 0.0 0.0 0.0 0.0 0.10348446 0.0 0.0 0.28143165 0.017963016 0.0 0.0 0.0 0.066043705 0.0 0.0 0.0044585513 0.03377845 0.0 0.0 0.0 0.074211836
0.0 0.0 0.0 0.0 0.07255673 0.0 0.0 0.0 0.0 0.0 0.0 0.0 0.10086683 0.13965558 0.0 0.0 0.044496182 0.0 0.0 0.0 0.0 0.06671943 0.004813952 0.0 0.0 0.0 0.0 0.0 0.19481193 0.0 0.0 0.0 0.0 0.0 0.0 0.0 0.0 0.0 0.0 0.0 0.12722367 0.0 0.0 0.0 0.0 0.0 0.0 0.0 0.0 0.13738231 0.0 0.0 0.0 0.0 0.0 0.0
0.0 0.0 0.08311777 0.0 0.0 0.0 0.0 0.0 0.0 0.0020630523 0.0 0.10086683 0.0 0.0 0.0 0.0 0.0 0.0 0.0 0.023469325 0.1861386 0.0 0.0 0.008752647 0.047659244 0.0 0.0 0.0 0.0 0.312349 0.0 0.0 0.0 0.13345903 0.0 0.0 0.0 0.0 0.05337683 0.0 0.0 0.0 0.0 0.0 0.0 0.0 0.0 0.017393315 0.0 0.0 0.0 0.0 0.08824404 0.0072589144 0.0 0.08427806
0.01218688 0.012381332 0.0 0.0 0.0 0.0 0.0 0.07786353 0.0 0.0 0.0 0.13965558 0.0 0.1315042 0.0 0.0 0.0 0.0 0.0 0.17470385 0.0 0.08369975 0.0 0.0 0.0 0.0 0.017711988 0.0 0.0 0.0 0.028184546 0.0 0.0 0.0 0.028163258 0.0 0.0 0.0 0.0 0.0 0.29833052 0.0 0.0 0.0 0.0 0.0 0.030345142 0.0 0.0 0.0 0.0 0.052871827 0.0 0.075874634 0.0 0.0
0.0 0.0 0.0 0.0 0.023150617 0.1079852 0.0 0.0 0.0063605974 0.0 0.0 0.0 0.0 0.0 0.0 0.023837583 0.0 0.0 0.0 0.0 0.0 0.0 0.0 0.0 0.0 0.0 0.0 0.043121386 0.0 0.0 0.14463212 0.0 0.005674495 0.0 0.0 0.05946352 0.0 0.036693983 0.06168978 0.0 0.0 0.012320241 0.08183249 0.0 0.0 0.0 0.0 0.0 0.10409978 0.0 0.0 0.0 0.0 0.0 0.114009574 0.0
0.01022469 0.0 0.0 0.023010999 0.0 0.0016427664 0.0 0.02756103 0.0 0.0 0.0 0.0 0.0 0.0 0.023837583 0.0 0.0 0.0 0.0 0.0 0.0 0.08722447 0.0 0.0 0.0 0.0 0.0 0.12889913 0.0 0.0 0.08218097 0.0 0.0 0.0 0.017522147 0.0 0.0 0.001869901 0.0 0.0043737055 0.0 0.07354138 0.0 0.0 0.0 0.0 0.0 0.09358289 0.056778315 0.0 0.0 0.0 0.18672252 0.0 0.014142067 0.016550437
0.0 0.0 0.0 0.0 0.0 0.0 0.0 0.0 0.0 0.0 0.0 0.044496182 0.0 0.0 0.0 0.0 0.0 0.0 0.0 0.15648004 0.0 0.0 0.11438573 0.0 0.0 0.0 0.05738687 0.0 0.0 0.0 0.0 0.0 0.0 0.0 0.0 0.0 0.04121702 0.10349005 0.0 0.0 0.0 0.0 0.0 0.0 0.0 0.061992813 0.0 0.0 0.0 0.109389745 0.086512186 0.10853309 0.0 0.0 0.015054484 0.0
0.0 0.03340373 0.048766356 0.0 0.30268496 0.06753622 0.0 0.0 0.0 0.0 0.021617318 0.0 0.0 0.0 0.0 0.0 0.0 0.0 0.0 0.0 0.0 0.0 0.073837124 0.0062926603 0.0 0.0 0.0 0.0 0.0 0.0 0.0 0.0 0.0 0.0 0.0 0.0 0.037994184 0.050428506 0.0 0.0 0.0 0.0 0.0 0.0 0.0 0.052395172 0.08898869 0.020065296 0.038339376 0.0 0.0 0.049517784 0.0 0.0 0.0 0.0
0.047943827 0.0 0.0 0.0 0.0 0.011544303 0.0 0.0 0.0 0.08246898 0.010426536 0.0 0.0 0.0 0.0 0.0 0.0 0.0 0.024771333 0.0 0.0 0.2158371 0.0 0.0 0.0121322 0.0 0.0 0.0 0.0 0.0 0.0 0.0 0.0 0.0 0.0 0.0 0.13778345 0.0 0.08815408 0.0 0.0 0.015463479 0.013886874 0.0 0.13891189 0.0 0.0 0.0 0.0 0.13190885 0.0 0.0 0.0705253 0.0 0.0 0.0
0.0 0.10611793 0.0 0.0 0.0 0.0 0.0 0.01500781 0.15772112 0.0 0.0 0.0 0.023469323 0.17470385 0.0 0.0 0.15648006 0.0 0.0 0.0 0.0 0.0 0.0 0.05691847 0.0 0.08918492 0.008382192 0.0 0.0 0.0 0.048307527 0.0 0.0 0.0 0.0 0.0 0.0 0.0 0.0 0.038225073 0.0 0.0 0.0 0.018690515 0.0 0.016885307 0.074097544 0.0 0.0 0.0 0.0 0.0 0.0 0.005385117 0.019902509 0.0
0.0 0.0 0.0 0.060465652 0.0 0.018071255 0.0 0.0 0.12350483 0.0 0.0 0.0 0.1861386 0.0 0.0 0.0 0.0 0.0 0.0 0.0 0.015493891 0.0 0.0 0.0 0.0 0.0 0.0 0.0 0.0 0.0 0.0 0.0 0.0 0.0 0.0 0.0 0.0 0.0 0.0 0.21143337 0.0438777 0.019521628 0.0 0.010220936 0.0 0.11406388 0.0 0.0 0.0 0.0 0.0 0.0 0.07408222 0.09512746 0.0 0.09946152
0.0 0.0 0.0 0.0 0.0 0.0 0.0 0.0 0.064142436 0.0 0.0 0.06671942 0.0 0.083699755 0.0 0.08722447 0.0 0.0 0.21583709 0.0 0.0 0.0 0.0 0.059969403 0.0 0.0 0.0 0.0 0.0 0.0 0.0 0.0 0.0 0.0 0.0 0.06041794 0.0 0.0 0.0 0.0 0.0 0.024811694 0.0 0.0 0.0 0.048530217 0.0 0.0 0.0 0.044961214 0.0 0.10393107 0.0 0.0 0.0 0.0
0.0 0.10169377 0.0064702295 0.0 0.0 0.015828624 0.028421672 0.03539914 0.0 0.01395627 0.021686524 0.004813952 0.0 0.0 0.0 0.0 0.11438573 0.073837124 0.0 0.0 0.0 0.0 0.0 0.0 0.0 0.0 0.024332508 0.0 0.0 0.0 0.0 0.0 0.06563124 0.00031233786 0.031333476 0.0 0.0 0.0 0.0 0.0 0.0 0.0 0.08713102 0.04770169 0.0 0.0 0.08800434 0.20367712 0.18073286 0.0 0.0 0.0 0.07924985 0.0 0.0 0.0
0.0 0.0 0.0 0.003993832 0.019325165 0.0 0.0 0.10518153 0.0 0.017739138 0.0 0.0 0.008752647 0.0 0.0 0.0 0.0 0.0062926603 0.0 0.05691847 0.0 0.059969403 0.0 0.11997009 0.0 0.0 0.07602546 0.04986266 0.0029737225 0.0 0.07542376 0.0 0.0 0.0 0.021071687 0.0 0.07230708 0.07413457 0.0 0.0 0.11137689 0.0 0.0 0.0 0.013253191 0.0 0.0 0.0 0.0 0.0 0.0 0.13171186 0.0 0.0 0.032687187 0.0
0.0 0.0 0.002753001 0.0 0.0 0.0 0.0 0.0 0.11923167 0.0 0.0 0.0 0.047659244 0.0 0.0 0.0 0.0 0.0 0.0121322 0.0 0.0 0.0 0.0 0.0 0.0 0.0 0.0 0.0 0.18389942 0.0 0.0 0.0 0.0 0.0 0.0 0.20619145 0.021200776 0.023047961 0.0 0.0 0.0 0.04745222 0.0 0.0 0.0 0.123407416 0.0 0.0 0.0 0.17243117 0.0 0.0 0.0 0.0 0.0 0.0
0.1350483 0.050225787 0.0 0.0 0.0 0.0 0.09699192 0.04512939 0.0 0.0 0.043447487 0.0 0.0 0.0 0.0 0.0 0.0 0.0 0.0 0.08918491 0.0 0.0 0.0 0.0 0.0 0.0 0.0 0.0 0.0 0.0 0.0 0.0 0.0 0.1307919 0.04722404 0.0 0.0059701973 0.0 0.0 0.0 0.07308711 0.03486286 0.0 0.0 0.1578531 0.0 0.008778873 0.07898638 0.0 0.0 0.0 0.0 0.0 0.0 0.0 0.0
0.0 0.0 0.0 0.0 0.0 0.0 0.0 0.008255837 0.0 0.0 0.02801404 0.0 0.0 0.017711988 0.0 0.0 0.05738687 0.0 0.0 0.008382193 0.0 0.0 0.024332508 0.07602547 0.0 0.0 0.12972018 0.0 0.0 0.0 0.039169945 0.0 0.0 0.0 0.0 0.0 0.0 0.0 0.0 0.06448039 0.0 0.0 0.0 0.18994018 0.0 0.0 0.0 0.13316771 0.19523296 0.0 0.0 0.0 0.0 0.10399267 0.0 0.0
0.0 0.010868861 0.0 0.0 0.0 0.0 0.0 0.0 0.0 0.013340573 0.16263624 0.0 0.0 0.0 0.043121386 0.12889913 0.0 0.0 0.0 0.0 0.0 0.0 0.0 0.04986266 0.0 0.0 0.0 0.006491453 0.0 0.0 0.01421819 0.0 0.18658476 0.10270227 0.030948175 0.021236584 0.0 0.0 0.0 0.0 0.0 0.0 0.0 0.0 0.0 0.0 0.0 0.11172226 0.05115198 0.0 0.0 0.07471081 0.0 0.0 0.03996804 0.0
0.0 0.0 0.053645752 0.0 0.033511743 0.0 0.0 0.0 0.18463677 0.0 0.0 0.19481194 0.0 0.0 0.0 0.0 0.0 0.0 0.0 0.0 0.0 0.0 0.0 0.0029737225 0.18389942 0.0 0.0 0.0 0.0 0.30172396 0.0 0.0 0.0 0.0708441 0.0 0.0 0.013515756 0.008952835 0.1160634 0.0 0.0 0.0 0.0 0.0 0.0 0.0 0.0 0.0 0.0 0.006350144 0.0 0.0 0.0 0.0 0.0 0.0
0.0 0.0 0.0 0.0 0.0 0.0 0.0 0.0 0.018795747 0.0 0.0 0.0 0.312349 0.0 0.0 0.0 0.0 0.0 0.0 0.0 0.0 0.0 0.0 0.0 0.0 0.0 0.0 0.0 0.301724 0.0 0.0 0.0 0.0 0.0 0.0 0.06413299 0.013688939 0.0014487851 0.0 0.0 0.0 0.0 0.0 0.0 0.0 0.0 0.0 0.0 0.0 0.0 0.0 0.0 0.0 0.0 0.0 0.0
0.0 0.058511462 0.0 0.0 0.0 0.0 0.0 0.07209886 0.0 0.0 0.0 0.0 0.0 0.028184546 0.14463213 0.08218098 0.0 0.0 0.0 0.048307527 0.0 0.0 0.0 0.07542377 0.0 0.0 0.039169945 0.01421819 0.0 0.0 0.13703965 0.0 0.0 0.0 0.0 0.005353771 0.0 0.0 0.0 0.035068385 0.0067320485 0.0 0.05490384 0.0 0.0 0.0 0.0 0.060569536 0.0 0.0 0.0 0.0 0.06469255 0.12900938 0.0 0.0
0.075340286 0.0 0.0 0.0 0.0 0.0 0.0 0.01951698 0.0 0.025719678 0.05566347 0.0 0.0 0.0 0.0 0.0 0.0 0.0 0.0 0.0 0.0 0.0 0.0 0.0 0.0 0.0 0.0 0.0 0.0 0.0 0.0 0.0 0.0 0.0 0.060357668 0.0 0.4748646 0.0 0.0 0.0 0.0 0.0 0.0 0.0 0.028103774 0.0 0.0 0.0 0.0 0.0 0.0 0.036718212 0.0 0.0 0.0 0.033235513
0.10718267 0.0 0.0 0.21054663 0.0 0.0 0.0 0.0 0.0 0.0 0.0031662534 0.0 0.0 0.0 0.005674495 0.0 0.0 0.0 0.0 0.0 0.0 0.0 0.06563125 0.0 0.0 0.0 0.0 0.18658476 0.0 0.0 0.0 0.0 0.0 0.0 0.0 0.0 0.0 0.0 0.0 0.22600703 0.0 0.098841034 0.019135244 0.0 0.0 0.0 0.0 0.0 0.0 0.0 0.0 0.0 0.0 0.14168535 0.0 0.0
0.0 0.021838048 0.0 0.0 0.0 0.0 0.046442427 0.0 0.0 0.0 0.0 0.0 0.13345903 0.0 0.0 0.0 0.0 0.0 0.0 0.0 0.0 0.0 0.00031233786 0.0 0.0 0.1307919 0.0 0.10270227 0.0708441 0.0 0.0 0.0 0.0 0.0 0.0 0.0 0.016681815 0.0 0.0 0.090701625 0.037717737 0.04795589 0.0 0.0 0.0 0.0 0.0 0.0 0.0 0.0 0.03289247 0.037899442 0.0 0.009113127 0.0 0.041264
0.033078324 0.0 0.0 0.0 0.0 0.07403455 0.0 0.013504546 0.0 0.0 0.0 0.0 0.0 0.028163258 0.0 0.017522149 0.0 0.0 0.0 0.0 0.0 0.0 0.031333476 0.021071685 0.0 0.04722404 0.0 0.030948177 0.0 0.0 0.0 0.060357668 0.0 0.0 0.090158686 0.0 0.0 0.076520115 0.0 0.00015306687 0.0 0.0 0.0 0.0 0.19035329 0.0 0.0 0.0 0.0 0.0 0.0 0.0 0.0 0.0 0.27153668 0.0
0.0 0.0 0.0 0.042636946 0.020783788 0.0 0.0 0.025450489 0.0 0.02385654 0.0 0.0 0.0 0.0 0.05946352 0.0 0.0 0.0 0.0 0.0 0.0 0.060417935 0.0 0.0 0.20619147 0.0 0.0 0.021236584 0.0 0.06413299 0.005353771 0.0 0.0 0.0 0.0 0.0 0.21095902 0.0 0.0 0.0 0.0 0.0 0.0 0.0 0.0 0.0 0.0 0.0 0.0 0.0 0.0 0.040745694 0.0 0.0 0.0 0.0
0.0 0.0 0.037987366 0.0 0.007300546 0.0 0.036786746 0.0 0.014983194 0.018641697 0.0 0.0 0.0 0.0 0.0 0.0 0.04121702 0.037994184 0.13778345 0.0 0.0 0.0 0.0 0.07230708 0.021200776 0.0059701977 0.0 0.0 0.013515756 0.013688939 0.0 0.4748646 0.0 0.016681815 0.0 0.21095903 0.0 0.0 0.0 0.0 0.0 0.07590255 0.0 0.0 0.0 0.0 0.0 0.0 0.0 0.0 0.0 0.0 0.0 0.0 0.0 0.0
0.0 0.0 0.11894735 0.0 0.0 0.0 0.007288989 0.2605007 0.0 0.07981307 0.0 0.0 0.0 0.0 0.036693983 0.0018699011 0.10349005 0.050428506 0.0 0.0 0.0 0.0 0.0 0.07413457 0.023047963 0.0 0.0 0.0 0.008952834 0.0014487851 0.0 0.0 0.0 0.0 0.07652012 0.0 0.0 0.0 0.0 0.0 0.016628733 0.0 0.0 0.040022038 0.0 0.0 0.0 0.024821445 0.0 0.012330519 0.0 0.013100513 0.103748314 0.0 0.0 0.078849114
0.0 0.08917459 0.0 0.0 0.0 0.0 0.0 0.0 0.0 0.0 0.0 0.0 0.05337683 0.0 0.06168978 0.0 0.0 0.0 0.08815408 0.0 0.0 0.0 0.0 0.0 0.0 0.0 0.0 0.0 0.1160634 0.0 0.0 0.0 0.0 0.0 0.0 0.0 0.0 0.0 0.0 0.039723303 0.0 0.28588524 0.03424478 0.0102357725 0.0 0.0 0.102524556 0.0 0.0 0.026135027 0.0 0.0 0.0 0.103160694 0.0 0.13611872
0.024310999 0.0 0.0 0.0 0.0 0.0 0.0 0.0 0.0 0.02843676 0.10348446 0.0 0.0 0.0 0.0 0.0043737055 0.0 0.0 0.0 0.038225073 0.21143335 0.0 0.0 0.0 0.0 0.0 0.06448039 0.0 0.0 0.0 0.035068385 0.0 0.22600703 0.090701625 0.00015306687 0.0 0.0 0.0 0.039723307 0.0 0.0052120606 0.0 0.0 0.0 0.0 0.0 0.0 0.028660692 0.028460637 0.0 0.09394689 0.0 0.0 0.038420107 0.0 0.0
0.013471283 0.0 0.0 0.0 0.0 0.0 0.07428842 0.0 0.0 0.048383817 0.0 0.12722367 0.0 0.29833055 0.0 0.0 0.0 0.0 0.0 0.0 0.043877702 0.0 0.0 0.11137689 0.0 0.0730871 0.0 0.0 0.0 0.0 0.0067320485 0.0 0.0 0.037717734 0.0 0.0 0.0 0.016628731 0.0 0.00521206 0.0 0.0 0.0 0.0 0.0 0.0 0.0042114 0.0 0.0 0.0 0.013306102 0.059641153 0.0 0.0 0.021802463 0.0
0.0 0.0 0.0 0.0 0.0 0.057818733 0.0 0.0 0.043751724 0.0 0.0 0.0 0.0 0.0 0.012320242 0.07354137 0.0 0.0 0.015463478 0.0 0.019521628 0.024811694 0.0 0.0 0.047452223 0.03486286 0.0 0.0 0.0 0.0 0.0 0.0 0.09884104 0.04795589 0.0 0.0 0.075902544 0.0 0.28588524 0.0 0.0 0.0 0.0 0.0 0.025953922 0.0 0.0 0.0 0.0 0.012369665 0.009974376 0.0 0.0 0.0 0.0 0.0
0.0 0.06924255 0.0 0.11782627 0.03839861 0.0 0.0 0.0 0.03777735 0.0 0.28143165 0.0 0.0 0.0 0.08183249 0.0 0.0 0.0 0.013886875 0.0 0.0 0.0 0.08713102 0.0 0.0 0.0 0.0 0.0 0.0 0.0 0.054903843 0.0 0.019135244 0.0 0.0 0.0 0.0 0.0 0.03424478 0.0 0.0 0.0 0.0 0.0 0.0 0.00688492 0.0 0.013923206 0.011680488 0.0 0.0650587 0.0 0.0 0.0 0.0 0.0
0.0 0.0 0.0 0.0 0.0 0.0 0.0 0.0 0.0 0.0 0.017963016 0.0 0.0 0.0 0.0 0.0 0.0 0.0 0.0 0.018690515 0.010220936 0.0 0.04770169 0.0 0.0 0.0 0.18994018 0.0 0.0 0.0 0.0 0.0 0.0 0.0 0.0 0.0 0.0 0.04002204 0.010235772 0.0 0.0 0.0 0.0 0.0 0.03656716 0.19586915 0.0 0.0 0.0 0.0 0.26017708 0.049428612 0.0 0.0 0.02150865 0.0
0.06759993 0.0 0.0 0.0 0.039390426 0.09578041 0.019031024 0.020656886 0.05330477 0.0 0.0 0.0 0.0 0.0 0.0 0.0 0.0 0.0 0.13891189 0.0 0.0 0.0 0.0 0.013253191 0.0 0.1578531 0.0 0.0 0.0 0.0 0.0 0.028103774 0.0 0.0 0.19035329 0.0 0.0 0.0 0.0 0.0 0.0 0.025953922 0.0 0.036567163 0.14505263 0.0 0.0 0.0 0.0 0.046787456 0.0 0.0 0.0 0.0 0.092387445 0.018460758
0.0 0.01374257 0.14304702 0.0 0.013866004 0.0 0.0 0.0 0.0 0.0 0.0 0.0 0.0 0.0 0.0 0.0 0.061992817 0.052395172 0.0 0.016885307 0.114063874 0.048530214 0.0 0.0 0.12340741 0.0 0.0 0.0 0.0 0.0 0.0 0.0 0.0 0.0 0.0 0.0 0.0 0.0 0.0 0.0 0.0 0.0 0.0068849204 0.19586915 0.0 0.060819343 0.0 0.0 0.0 0.02431566 0.0 0.0 0.11967719 0.032488845 0.0 0.0
0.0 0.0 0.0 0.0 0.0 0.0 0.0 0.0 0.0 0.0 0.0 0.0 0.0 0.030345144 0.0 0.0 0.0 0.08898869 0.0 0.074097544 0.0 0.0 0.08800434 0.0 0.0 0.008778874 0.0 0.0 0.0 0.0 0.0 0.0 0.0 0.0 0.0 0.0 0.0 0.0 0.102524556 0.0 0.0042113997 0.0 0.0 0.0 0.0 0.0 0.08391943 0.009770038 0.0 0.047418367 0.24261601 0.0 0.0 0.0 0.0 0.0
0.0 0.0 0.0 0.007322105 0.054542836 0.002927515 0.0 0.0 0.0 0.038810197 0.066043705 0.0 0.017393315 0.0 0.0 0.0935829 0.0 0.020065296 0.0 0.0 0.0 0.0 0.20367712 0.0 0.0 0.07898638 0.13316771 0.11172226 0.0 0.0 0.060569536 0.0 0.0 0.0 0.0 0.0 0.0 0.024821445 0.0 0.02866069 0.0 0.0 0.013923206 0.0 0.0 0.0 0.009770038 0.0 0.017586105 0.0 0.0 0.0 0.0 0.0 0.0 0.0
0.025417924 0.026850447 0.0 0.11994954 0.0 0.0 0.0 0.0 0.0 0.0 0.0 0.0 0.0 0.0 0.10409978 0.056778315 0.0 0.038339376 0.0 0.0 0.0 0.0 0.18073286 0.0 0.0 0.0 0.19523296 0.05115198 0.0 0.0 0.0 0.0 0.0 0.0 0.0 0.0 0.0 0.0 0.0 0.028460637 0.0 0.0 0.011680488 0.0 0.0 0.0 0.0 0.017586105 0.0 0.01101523 0.09051569 0.0 0.0 0.0 0.0 0.0
0.015023273 0.04490715 0.0 0.0 0.0 0.0 0.0 0.0 0.0 0.0 0.0 0.13738231 0.0 0.0 0.0 0.0 0.10938974 0.0 0.13190885 0.0 0.0 0.04496121 0.0 0.0 0.17243116 0.0 0.0 0.0 0.0063501433 0.0 0.0 0.0 0.0 0.0 0.0 0.0 0.0 0.012330519 0.026135027 0.0 0.0 0.012369664 0.0 0.0 0.046787456 0.02431566 0.04741837 0.0 0.011015231 0.09349603 0.0 0.0 0.02432843 0.0 0.0 0.076212116
0.0 0.00043685708 0.0 0.0 0.0 0.0 0.062317975 0.0 0.0 0.0 0.0044585513 0.0 0.0 0.0 0.0 0.0 0.08651219 0.0 0.0 0.0 0.0 0.0 0.0 0.0 0.0 0.0 0.0 0.0 0.0 0.0 0.0 0.0 0.0 0.03289247 0.0 0.0 0.0 0.0 0.0 0.09394689 0.013306102 0.009974376 0.0650587 0.26017708 0.0 0.0 0.242616 0.0 0.09051569 0.0 0.0 0.0 0.042273697 0.0 0.0 0.24338385
0.017241893 0.0 0.0 0.0 0.1081593 0.007038765 0.23183754 0.03223851 0.0 0.017725872 0.033778448 0.0 0.0 0.052871827 0.0 0.0 0.10853309 0.04951778 0.0 0.0 0.0 0.10393107 0.0 0.13171186 0.0 0.0 0.0 0.07471081 0.0 0.0 0.0 0.036718216 0.0 0.037899446 0.0 0.040745694 0.0 0.013100513 0.0 0.0 0.059641156 0.0 0.0 0.049428612 0.0 0.0 0.0 0.0 0.0 0.0 0.0 0.0 0.0 0.0 0.0 0.0
0.0 0.0 0.0 0.13723128 0.0 0.090469874 0.0 0.0 0.025841882 0.0 0.0 0.0 0.08824404 0.0 0.0 0.1867225 0.0 0.0 0.070525296 0.0 0.07408222 0.0 0.07924985 0.0 0.0 0.0 0.0 0.0 0.0 0.0 0.06469255 0.0 0.0 0.0 0.0 0.0 0.0 0.103748314 0.0 0.0 0.0 0.0 0.0 0.0 0.0 0.119677186 0.0 0.0 0.0 0.024328427 0.042273697 0.0 0.0 0.026559297 0.011529273 0.0
0.0 0.036296178 0.0 0.030872084 0.0 0.0123702595 0.0 0.0 0.0 0.0 0.0 0.0 0.007258915 0.07587463 0.0 0.0 0.0 0.0 0.0 0.0053851167 0.09512746 0.0 0.0 0.0 0.0 0.0 0.10399267 0.0 0.0 0.0 0.12900938 0.0 0.14168534 0.009113128 0.0 0.0 0.0 0.0 0.103160694 0.038420103 0.0 0.0 0.0 0.0 0.0 0.03248884 0.0 0.0 0.0 0.0 0.0 0.0 0.026559297 0.0 0.0 0.0
0.064265005 0.0 0.010411823 0.0 0.0 0.0 0.0 0.19926414 0.0 0.1285738 0.0 0.0 0.0 0.0 0.114009574 0.014142068 0.015054485 0.0 0.0 0.019902507 0.0 0.0 0.0 0.032687187 0.0 0.0 0.0 0.039968036 0.0 0.0 0.0 0.0 0.0 0.0 0.27153668 0.0 0.0 0.0 0.0 0.0 0.021802463 0.0 0.0 0.02150865 0.09238745 0.0 0.0 0.0 0.0 0.0 0.0 0.0 0.011529273 0.0 0.0 0.0
0.0 0.0 0.0 0.0 0.0 0.0 0.0 0.0 0.0 0.0 0.074211836 0.0 0.08427806 0.0 0.0 0.016550437 0.0 0.0 0.0 0.0 0.09946152 0.0 0.0 0.0 0.0 0.0 0.0 0.0 0.0 0.0 0.0 0.033235513 0.0 0.041264 0.0 0.0 0.0 0.078849114 0.13611872 0.0 0.0 0.0 0.0 0.0 0.018460758 0.0 0.0 0.0 0.0 0.07621211 0.24338387 0.0 0.0 0.0 0.0 0.0
