0.0 0.0 0.0 0.047908515 0.0 0.0066196257 0.0 0.0 0.0 0.0 0.0 0.03522331 0.0 0.013895791 0.0 0.0 0.0 0.040820118 0.092185594 0.0 0.0 0.0 0.0 0.0 0.0 0.0 0.0 0.0 0.0 0.0 0.0 0.030378714 0.07470762 0.0 0.0 0.0 0.0 0.11853245 0.0 0.07298759 0.0 0.0057504685 0.034171924 0.055177025 0.0 0.0 0.007031557 0.0 0.0 0.0 0.0 0.0 0.0 0.1777522 0.17873551 0.0
0.0 0.0 0.0 0.0 0.0 0.004857372 0.0 0.0 0.0 0.0 0.0 0.0 0.0 0.0 0.018220926 0.15748048 0.04271779 0.0 0.0 0.0650589 0.11185672 0.0 0.035198938 0.0 0.0 0.03637959 0.0 0.07472998 0.0 0.0 0.07577369 0.0 0.051701065 0.0 0.0 0.0 0.0 0.0 0.028299395 0.0018813881 0.0 0.0 0.0 0.0 0.0 0.0 0.0 0.0 0.140605 0.04517746 0.052801386 0.0 0.0 0.0 0.0 0.0046045696
0.0 0.0 0.0 0.0 0.026858136 0.008095443 0.040370166 0.0 0.0 0.0 0.0 0.0 0.0 0.0 0.0 0.0 0.012170211 0.06543314 0.07301907 0.06248969 0.0 0.0 0.0 0.0 0.0 0.0 0.05810121 0.0 0.0 0.0 0.0 0.0 0.0 0.0 0.12851034 0.10936335 0.0 0.0 0.09801517 0.0 0.0 0.0 0.0 0.010337001 0.0 0.0 0.017946241 0.0 0.036161516 0.0 0.014262884 0.0 0.0 0.019864893 0.0 0.040749587
0.04790851 0.0 0.0 0.0 0.0 0.049719095 0.0 0.2780619 0.0 0.14943862 0.0 0.0 0.0 0.0 0.0 0.0058184373 0.0 0.037373327 0.0 0.033096284 0.0 0.0 0.04061693 0.0 0.0 0.0376846 0.022745948 0.0 0.0 0.07608368 0.0 0.0 0.0 0.0 0.029728055 0.056462787 0.03485555 0.0 0.0 0.0 0.0 0.0 0.0 0.0 0.0 0.0045677708 0.0 0.010994873 0.0 0.0 0.0 0.0 0.03994462 0.0 0.0 0.0
0.0 0.0 0.026858136 0.0 0.0 0.15896371 0.0 0.0 0.0 0.0 0.0 0.0 0.0 0.0 0.0 0.0 0.0 0.0 0.0 0.0 0.0 0.005276185 0.027958913 0.0 0.06517241 0.041452095 0.0325705 0.0 0.0 0.07253249 0.0 0.0 0.035922833 0.0 0.036213152 0.0 0.0 0.0 0.055259857 0.0 0.017247302 0.0 0.0 0.02408037 0.0 0.0 0.0 0.0 0.18438984 0.15156116 0.0 0.0 0.0 0.0 0.0 0.0
0.0066196257 0.004857372 0.008095443 0.04971909 0.15896371 0.0055273445 0.0 0.0038597991 0.0 0.0 0.0 0.0 0.0 0.011008812 0.042168856 0.0 0.0 0.0 0.0 0.05243727 0.034121852 0.0 0.10862283 0.009118733 0.0 0.020547595 0.059386373 0.0 0.0 0.10342384 0.07202336 0.054963056 0.0 0.0 0.0 0.106010884 0.0 0.0 0.0 0.0 0.0 0.0 0.0 0.0 0.0 0.009477334 0.0 0.0 0.046134766 0.0 0.020715065 0.0 0.0 0.0 0.0 0.0
0.0 0.0 0.04037017 0.0 0.0 0.0 0.0 0.0 0.0 0.0 0.0079561835 0.0 0.0 0.0 0.0 0.0 0.0 0.08044814 0.0 0.0 0.0 0.0 0.0 0.09364117 0.0 0.0 0.0 0.0 0.0 0.04375889 0.0 0.14848347 0.0 0.0 0.05998882 0.0 0.0 0.0 0.030296616 0.0 0.0 0.0 0.0 0.0 0.0 0.04299186 0.0 0.0 0.0 0.0 0.16048525 0.2105918 0.0 0.0 0.043626197 0.0
0.0 0.0 0.0 0.2780619 0.0 0.0038597991 0.0 0.0 0.0 0.0 0.0 0.0 0.0 0.045229055 0.0 0.0 0.0 0.0 0.0 0.0 0.0 0.008674748 0.0 0.0 0.0 0.0 0.0046514613 0.0 0.0 0.0 0.020242224 0.0 0.05828346 0.0 0.0 0.0 0.0 0.009860497 0.0 0.16771677 0.1128296 0.0 0.0 0.15884756 0.0 0.0 0.0074141943 0.0 0.0 0.003237447 0.0 0.0 0.0 0.072318025 0.0 0.0
0.0 0.0 0.0 0.0 0.0 0.0 0.0 0.0 0.0 0.02840929 0.0 0.0 0.22462471 0.0 0.0 0.0 0.0 0.0 0.0 0.09366377 0.0 0.0 0.0 0.0 0.0 0.13212606 0.03499449 0.0 0.0 0.0 0.04242052 0.0 0.0 0.0 0.0 0.014968289 0.0 0.0 0.0 0.027245566 0.083711274 0.0 0.11298509 0.0 0.0 0.0 0.07574082 0.0 0.0 0.0 0.0 0.0 0.0 0.0 0.0 0.061793018
0.0 0.0 0.0 0.14943862 0.0 0.0 0.0 0.0 0.02840929 0.0 0.0050242953 0.0 0.02652616 0.21711528 0.0 0.0 0.0 0.0 0.0 0.0 0.0 0.0 0.0 0.07646635 0.0 0.0 0.0 0.0 0.0 0.0 0.0 0.0 0.07509609 0.0 0.0 0.0 0.0 0.060630538 0.0 0.0 0.0 0.003956624 0.0 0.07934804 0.0 0.0 0.0 0.0 0.0 0.0 0.0 0.039761867 0.0 0.21740817 0.064418055 0.05620317
0.0 0.0 0.0 0.0 0.0 0.0 0.0079561835 0.0 0.0 0.0050242953 0.0 0.0 0.0 0.0 0.0 0.0 0.0 0.0 0.0 0.0 0.0 0.0 0.116270736 0.08909354 0.0 0.0 0.0868277 0.0 0.0 0.021243442 0.0 0.0 0.13273288 0.0 0.0 0.0 0.053852104 0.19827354 0.0 0.0 0.0 0.0 0.0 0.0 0.0 0.028895797 0.0 0.018265998 0.09760534 0.0 0.0 0.0 0.0 0.0 0.0 0.0
0.03522331 0.0 0.0 0.0 0.0 0.0 0.0 0.0 0.0 0.0 0.0 0.09429655 0.0 0.0 0.0 0.0 0.0 0.06698435 0.0 0.06060017 0.14890702 0.22007489 0.0 0.0 0.1707861 0.0 0.0 0.0 0.0 0.06401063 0.0 0.0 0.0 0.005672668 0.0 0.0 0.0 0.0 0.05103831 0.0 0.0 0.015052265 0.0 0.0 0.0 0.005494326 0.0 0.014179627 0.02552634 0.046856012 0.0 0.0 0.0063382727 0.0 0.0 0.0
0.0 0.0 0.0 0.0 0.0 0.0 0.0 0.0 0.2246247 0.02652616 0.0 0.0 0.0 0.0 0.0 0.0 0.0015275853 0.013430066 0.0 0.0 0.0 0.0 0.0142650185 0.0 0.0 0.0 0.0 0.0 0.0 0.0 0.13162716 0.0 0.0 0.14951111 0.0 0.013678349 0.0892235 0.0 0.0 0.0 0.0 0.008611828 0.18084964 0.0 0.0 0.023118144 0.09152801 0.0 0.0 0.0 0.0 0.0 0.0 0.0 0.0 0.0
0.01389579 0.0 0.0 0.0 0.0 0.011008812 0.0 0.04522906 0.0 0.21711528 0.0 0.0 0.0 0.0 0.0 0.0 0.036589317 0.0 0.0 0.0 0.0 0.0 0.0 0.0 0.0 0.0 0.0 0.0 0.0 0.0 0.0 0.0 0.0 0.0 0.0 0.0 0.16507904 0.0 0.0 0.0 0.04801007 0.04498442 0.10587594 0.041618016 0.055586036 0.0 0.0 0.0 0.0 0.007849896 0.124078505 0.0 0.0 0.0 0.0 0.0
0.0 0.018220924 0.0 0.0 0.0 0.042168856 0.0 0.0 0.0 0.0 0.0 0.0 0.0 0.0 0.2508684 0.1425215 0.0 0.0 0.0 0.0 0.0 0.0 0.052523848 0.0 0.0 0.023708984 0.0 0.21750812 0.0 0.0 0.0 0.0 0.0 0.0 0.0 0.0 0.0 0.0 0.0 0.0 0.0 0.0 0.0 0.0 0.0 0.0 0.0 0.0 0.0 0.0 0.0 0.0 0.0 0.0 0.07912818 0.0
0.0 0.15748048 0.0 0.005818438 0.0 0.0 0.0 0.0 0.0 0.0 0.0 0.0 0.0 0.0 0.1425215 0.0 0.0 0.0021806879 0.09399908 0.0 0.0 0.0 0.0 0.0 0.02053014 0.04899408 0.0 0.020498523 0.0 0.0 0.0 0.0 0.08724503 0.0 0.0 0.0 0.0 0.0 0.0 0.08241973 0.0 0.0 0.036001246 0.0 0.020651145 0.0025143705 0.08818562 0.0 0.10580854 0.0 0.0 0.0 0.017572049 0.02160275 0.0 0.010499823
0.0 0.042717792 0.012170211 0.0 0.0 0.0 0.0 0.0 0.0 0.0 0.0 0.0 0.0015275853 0.036589317 0.0 0.0 0.099771 0.1278403 0.0 0.0 0.005469691 0.0 0.0 0.0 0.053021688 0.0 0.013568277 0.024111953 0.17243156 0.0 0.0 0.0 0.0 0.052415714 0.0 0.0 0.0 0.0 0.0 0.057278004 0.009725554 0.022346124 0.021523094 0.0 0.0 0.0 0.07032669 0.0 0.0 0.0 0.0 0.0 0.0 0.15267356 0.0 0.0
0.040820118 0.0 0.06543314 0.037373323 0.0 0.0 0.08044814 0.0 0.0 0.0 0.0 0.06698434 0.013430066 0.0 0.0 0.0021806879 0.12784028 0.0 0.0 0.00650831 0.35192564 0.0 0.0 0.0 0.0 0.0 0.0 0.0 0.0 0.06092048 0.0 0.0 0.01306616 0.0 0.0 0.0 0.0 0.0 0.15611146 0.0 0.0 0.0 0.008490619 0.0 0.0 0.0 0.0 0.0 0.05059745 0.008390653 0.0 0.0 0.0 0.0 0.0 0.0
0.092185594 0.0 0.07301907 0.0 0.0 0.0 0.0 0.0 0.0 0.0 0.0 0.0 0.0 0.0 0.0 0.09399909 0.0 0.0 0.12301301 0.023842167 0.0 0.0 0.0 0.0 0.0 0.067246586 0.0 0.10339594 0.0 0.016675659 0.0 0.0 0.0 0.06322989 0.019998087 0.0 0.015006922 0.0 0.0 0.0 0.0 0.0 0.0 0.0 0.0 0.0 0.0 0.0 0.0 0.0 0.0 0.0 0.0 0.0 0.0 0.23138306
0.0 0.06505891 0.06248969 0.033096284 0.0 0.05243727 0.0 0.0 0.09366377 0.0 0.0 0.06060017 0.0 0.0 0.0 0.0 0.0 0.0065083094 0.023842167 0.0 0.022695212 0.0 0.0 0.0 0.12423671 0.0 0.0 0.0 0.0 0.065114014 0.0 0.08425849 0.08442679 0.0 0.0 0.0 0.0 0.0 0.072303526 0.0 0.0 0.14467774 0.0 0.0 0.0 0.0 0.03223886 0.0 0.07132103 0.0 0.0 0.0 0.100329526 0.0 0.0 0.0
0.0 0.11185672 0.0 0.0 0.0 0.034121852 0.0 0.0 0.0 0.0 0.0 0.14890704 0.0 0.0 0.0 0.0 0.0054696915 0.3519256 0.0 0.022695214 0.0 0.009057709 0.0 0.0 0.08206557 0.0 0.029775461 0.0 0.0 0.0 0.0 0.07184629 0.0 0.0 0.0 0.006090295 0.0 0.0 0.0 0.0 0.015546793 0.0 0.0 0.0 0.0 0.011708568 0.0 0.0 0.0 0.0 0.0 0.0 0.0119627705 0.0 0.0 0.0
0.0 0.0 0.0 0.0 0.0052761855 0.0 0.0 0.008674748 0.0 0.0 0.0 0.22007488 0.0 0.0 0.0 0.0 0.0 0.0 0.0 0.0 0.009057709 0.026841367 0.0 0.0 0.17173916 0.0 0.0 0.0 0.0 0.028521487 0.0 0.20661746 0.0 0.0 0.0 0.0 0.0 0.0 0.08327942 0.0 0.0 0.0 0.0 0.029543063 0.0 0.0 0.0 0.0 0.017067293 0.0 0.0 0.0 0.0 0.0 0.0 0.0
0.0 0.03519894 0.0 0.040616933 0.02795891 0.10862283 0.0 0.0 0.0 0.0 0.116270736 0.0 0.0142650185 0.0 0.05252385 0.0 0.0 0.0 0.0 0.0 0.0 0.0 0.0 0.0 0.0 0.0 0.0 0.0 0.0 0.0 0.10780405 0.0 0.0 0.0 0.0 0.0 0.0 0.07748877 0.0 0.16527252 0.0 0.0 0.0 0.0 0.0 0.0 0.0 0.17159902 0.0 0.0 0.0 0.0 0.20008685 0.0 0.0 0.0
0.0 0.0 0.0 0.0 0.0 0.009118733 0.09364117 0.0 0.0 0.07646635 0.08909354 0.0 0.0 0.0 0.0 0.0 0.0 0.0 0.0 0.0 0.0 0.0 0.0 0.0 0.0 0.0 0.0 0.0 0.02605449 0.0 0.018025009 0.0 0.05309638 0.0 0.0 0.0 0.08010539 0.22458775 0.0 0.0 0.0 0.0 0.0 0.0 0.0 0.021183206 0.0 0.024780206 0.0 0.07175052 0.10650135 0.0 0.0 0.0 0.0360203 0.0
0.0 0.0 0.0 0.0 0.06517241 0.0 0.0 0.0 0.0 0.0 0.0 0.17078611 0.0 0.0 0.0 0.02053014 0.053021684 0.0 0.0 0.1242367 0.08206557 0.17173918 0.0 0.0 0.0 0.0 0.0 0.023823667 0.0 0.0 0.0 0.0 0.0 0.0 0.0 0.08114232 0.0 0.0 0.0 0.0 0.097916774 0.04401345 0.038365133 0.0 0.0 0.0 0.0 0.0 0.0 0.0 0.0 0.0 0.0 0.029394384 0.0 0.0
0.0 0.03637959 0.0 0.037684597 0.041452095 0.020547595 0.0 0.0 0.13212606 0.0 0.0 0.0 0.0 0.0 0.023708984 0.04899408 0.0 0.0 0.067246586 0.0 0.0 0.0 0.0 0.0 0.0 0.0 0.0 0.0 0.0 0.0 0.0 0.0 0.0 0.07990663 0.0 0.023371596 0.031965666 0.0 0.0 0.0 0.0 0.02169119 0.2288173 0.0 0.0 0.028933555 0.09706338 0.018500783 0.0 0.0 0.0 0.0 0.02308304 0.0 0.0 0.0
0.0 0.0 0.058101207 0.022745948 0.0325705 0.059386376 0.0 0.0046514613 0.03499449 0.0 0.0868277 0.0 0.0 0.0 0.0 0.0 0.013568277 0.0 0.0 0.0 0.029775461 0.0 0.0 0.0 0.0 0.0 0.0 0.0 0.0 0.18684123 0.0 0.06645107 0.090620816 0.0 0.0 0.0 0.0 0.062221665 0.0875828 0.0 0.0 0.0 0.0 0.0 0.0 0.14208557 0.0 0.020446537 0.014213454 0.0 0.0 0.0 0.19626208 0.0 0.0 0.0
0.0 0.07472998 0.0 0.0 0.0 0.0 0.0 0.0 0.0 0.0 0.0 0.0 0.0 0.0 0.21750812 0.020498522 0.024111953 0.0 0.10339594 0.0 0.0 0.0 0.0 0.0 0.02382367 0.0 0.0 0.0 0.0 0.052510943 0.0 0.011761501 0.0 0.0 0.0 0.0 0.0 0.0010580285 0.0 0.0 0.0022259264 0.025789695 0.11010797 0.0 0.0 0.0 0.07417657 0.0 0.012209519 0.0 0.0 0.0 0.2705313 0.0 0.0 0.0
0.0 0.0 0.0 0.0 0.0 0.0 0.0 0.0 0.0 0.0 0.0 0.0 0.0 0.0 0.0 0.0 0.17243154 0.0 0.0 0.0 0.0 0.0 0.0 0.02605449 0.0 0.0 0.0 0.0 0.0 0.0 0.0824444 0.0 0.0 0.0 0.004392865 0.0 0.0 0.0 0.0 0.0 0.07439076 0.0 0.0 0.18265606 0.015817685 0.0 0.0 0.0010279302 0.0 0.0 0.0 0.10240832 0.0 0.04469439 0.054774266 0.0
0.0 0.0 0.0 0.07608368 0.07253249 0.103423834 0.043758895 0.0 0.0 0.0 0.021243442 0.06401063 0.0 0.0 0.0 0.0 0.0 0.060920477 0.016675657 0.065114014 0.0 0.028521486 0.0 0.0 0.0 0.0 0.18684123 0.05251094 0.0 0.0 0.0 0.0 0.0 0.0 0.02979033 0.033687014 0.0 0.0 0.0 0.0 0.0 0.0 0.0 0.0 0.0 0.10857474 0.0 0.0 0.0 0.0 0.0 0.0 0.0 0.0 0.0 0.0
0.0 0.07577369 0.0 0.0 0.0 0.072023354 0.0 0.020242224 0.04242052 0.0 0.0 0.0 0.13162714 0.0 0.0 0.0 0.0 0.0 0.0 0.0 0.0 0.0 0.10780405 0.018025009 0.0 0.0 0.0 0.0 0.08244439 0.0 0.0 0.0 0.0 0.0 0.0 0.092382364 0.0 0.0 0.0 0.0 0.0 0.0 0.0 0.0 0.0 0.0 0.0 0.13411804 0.040797174 0.0 0.0 0.0 0.0 0.0 0.0 0.1100863
0.030378714 0.0 0.0 0.0 0.0 0.054963056 0.14848347 0.0 0.0 0.0 0.0 0.0 0.0 0.0 0.0 0.0 0.0 0.0 0.0 0.08425849 0.0718463 0.20661746 0.0 0.0 0.0 0.0 0.06645107 0.011761501 0.0 0.0 0.0 0.0 0.0 0.0 0.103552714 0.0 0.0 0.0 0.0 0.0 0.0 0.0 0.012392195 0.0 0.0 0.0 0.0 0.0 0.005890844 0.082852244 0.0 0.0 0.0 0.0 0.0 0.0107120555
0.07470761 0.05170107 0.0 0.0 0.035922837 0.0 0.0 0.05828346 0.0 0.075096086 0.13273288 0.0 0.0 0.0 0.0 0.087245025 0.0 0.01306616 0.0 0.08442679 0.0 0.0 0.0 0.05309638 0.0 0.0 0.09062082 0.0 0.0 0.0 0.0 0.0 0.0 0.0 0.15052025 0.006920671 0.107361436 0.0 0.0 0.0 0.0 0.0 0.0 0.0 0.0 0.0 0.0 0.0 0.041899737 0.0 0.0 0.0 0.0 0.0 0.007372945 0.0
0.0 0.0 0.0 0.0 0.0 0.0 0.0 0.0 0.0 0.0 0.0 0.005672668 0.14951111 0.0 0.0 0.0 0.052415714 0.0 0.06322989 0.0 0.0 0.0 0.0 0.0 0.0 0.07990662 0.0 0.0 0.0 0.0 0.0 0.0 0.0 0.0 0.0 0.0 0.0 0.0 0.0 0.2263395 0.0 0.0 0.0 0.0 0.0 0.0 0.038480934 0.0 0.0 0.01888453 0.0 0.0 0.0 0.10352068 0.047013003 0.1869593
0.0 0.0 0.12851034 0.029728055 0.03621315 0.0 0.05998882 0.0 0.0 0.0 0.0 0.0 0.0 0.0 0.0 0.0 0.0 0.0 0.019998087 0.0 0.0 0.0 0.0 0.0 0.0 0.0 0.0 0.0 0.0043928656 0.02979033 0.0 0.103552714 0.15052025 0.0 0.0 0.0 0.0 0.010447869 0.17947963 0.0 0.0 0.0 0.0 0.23878144 0.0 0.0 0.0 0.0 0.0 0.0 0.0 0.0 0.0 0.0 0.051460892 0.0
0.0 0.0 0.10936335 0.056462787 0.0 0.106010884 0.0 0.0 0.014968288 0.0 0.0 0.0 0.013678349 0.0 0.0 0.0 0.0 0.0 0.0 0.0 0.006090295 0.0 0.0 0.0 0.08114232 0.023371598 0.0 0.0 0.0 0.033687014 0.092382364 0.0 0.006920671 0.0 0.0 0.0 0.0 0.0 0.041729197 0.0 0.0 0.0 0.032205593 0.028808884 0.0 0.0 0.07210281 0.0 0.16640227 0.0 0.03053603 0.0 0.1452785 0.0 0.0 0.0
0.0 0.0 0.0 0.034855545 0.0 0.0 0.0 0.0 0.0 0.0 0.053852107 0.0 0.0892235 0.16507904 0.0 0.0 0.0 0.0 0.015006922 0.0 0.0 0.0 0.0 0.08010539 0.0 0.031965666 0.0 0.0 0.0 0.0 0.0 0.0 0.10736144 0.0 0.0 0.0 0.0 0.03604241 0.0 0.07458988 0.009900831 0.0 0.0 0.047047682 0.0 0.061251294 0.0 0.0 0.0 0.0 0.055364672 0.031960152 0.0 0.07073905 0.15431324 0.0
0.11853245 0.0 0.0 0.0 0.0 0.0 0.0 0.009860496 0.0 0.06063054 0.19827355 0.0 0.0 0.0 0.0 0.0 0.0 0.0 0.0 0.0 0.0 0.0 0.07748877 0.22458774 0.0 0.0 0.06222167 0.0010580285 0.0 0.0 0.0 0.0 0.0 0.0 0.010447869 0.0 0.03604241 0.069593415 0.0 0.0 0.0 0.0 0.0 0.0 0.0 0.0 0.0 0.0 0.0 0.0 0.049639203 0.13682179 0.0 0.0 0.03632576 0.0
0.0 0.028299397 0.09801517 0.0 0.05525986 0.0 0.030296616 0.0 0.0 0.0 0.0 0.051038314 0.0 0.0 0.0 0.0 0.0 0.15611146 0.0 0.072303526 0.0 0.08327942 0.0 0.0 0.0 0.0 0.0875828 0.0 0.0 0.0 0.0 0.0 0.0 0.0 0.17947964 0.0417292 0.0 0.0 0.0 0.0 0.0 0.0 0.0 0.0 0.0 0.004096765 0.0 0.0 0.0003979093 0.0 0.0 0.0 0.0 0.008466767 0.0 0.103229806
0.07298759 0.001881388 0.0 0.0 0.0 0.0 0.0 0.16771677 0.027245566 0.0 0.0 0.0 0.0 0.0 0.0 0.08241974 0.057278004 0.0 0.0 0.0 0.0 0.0 0.16527252 0.0 0.0 0.0 0.0 0.0 0.0 0.0 0.0 0.0 0.0 0.22633952 0.0 0.0 0.07458988 0.0 0.0 0.0 0.0 0.0 0.0 0.0 0.0 0.0 0.0 0.08118008 0.0 0.08741032 0.0 0.0 0.0 0.0 0.0 0.0
0.0 0.0 0.0 0.0 0.017247302 0.0 0.0 0.112829596 0.08371128 0.0 0.0 0.0 0.0 0.048010074 0.0 0.0 0.009725554 0.0 0.0 0.0 0.015546792 0.0 0.0 0.0 0.09791678 0.0 0.0 0.0022259264 0.074390754 0.0 0.0 0.0 0.0 0.0 0.0 0.0 0.009900832 0.0 0.0 0.0 0.0 0.2548138 0.0039200475 0.0 0.0 0.0 0.0 0.0 0.0 0.0 0.0 0.21017647 0.0 0.0 0.0 0.0
0.0057504685 0.0 0.0 0.0 0.0 0.0 0.0 0.0 0.0 0.003956624 0.0 0.015052265 0.008611829 0.044984415 0.0 0.0 0.022346126 0.0 0.0 0.14467774 0.0 0.0 0.0 0.0 0.044013456 0.021691192 0.0 0.025789697 0.0 0.0 0.0 0.0 0.0 0.0 0.0 0.0 0.0 0.0 0.0 0.0 0.2548138 0.19975665 0.14174993 0.0 0.0 0.019923067 0.0 0.0 0.0 0.0 0.02508813 0.0 0.0 0.0 0.0 0.0
0.034171924 0.0 0.0 0.0 0.0 0.0 0.0 0.0 0.1129851 0.0 0.0 0.0 0.18084964 0.10587594 0.0 0.036001246 0.021523094 0.008490619 0.0 0.0 0.0 0.0 0.0 0.0 0.038365133 0.22881728 0.0 0.11010797 0.0 0.0 0.0 0.012392194 0.0 0.0 0.0 0.032205593 0.0 0.0 0.0 0.0 0.003920047 0.14174993 0.0 0.0 0.0 0.0 0.0 0.0 0.0 0.0 0.0 0.022761328 0.0 0.0 0.0 0.0
0.055177025 0.0 0.010337001 0.0 0.02408037 0.0 0.0 0.15884756 0.0 0.07934804 0.0 0.0 0.0 0.041618016 0.0 0.0 0.0 0.0 0.0 0.0 0.0 0.029543065 0.0 0.0 0.0 0.0 0.0 0.0 0.18265606 0.0 0.0 0.0 0.0 0.0 0.23878144 0.028808884 0.047047682 0.0 0.0 0.0 0.0 0.0 0.0 0.0 0.20346448 0.0 0.0 0.0 0.0 0.0 0.0 0.006950382 0.0 0.0 0.0 0.0
0.0 0.0 0.0 0.0 0.0 0.0 0.0 0.0 0.0 0.0 0.0 0.0 0.0 0.055586036 0.0 0.020651145 0.0 0.0 0.0 0.0 0.0 0.0 0.0 0.0 0.0 0.0 0.0 0.0 0.015817685 0.0 0.0 0.0 0.0 0.0 0.0 0.0 0.0 0.0 0.0 0.0 0.0 0.0 0.0 0.20346448 0.40138283 0.0 0.0 0.0 0.0 0.0 0.0 0.009073837 0.0 0.038254544 0.16549033 0.029361954
0.0 0.0 0.0 0.0045677708 0.0 0.009477333 0.04299186 0.0 0.0 0.0 0.028895797 0.0054943254 0.023118144 0.0 0.0 0.0025143705 0.0 0.0 0.0 0.0 0.011708568 0.0 0.0 0.021183206 0.0 0.028933553 0.14208557 0.0 0.0 0.10857474 0.0 0.0 0.0 0.0 0.0 0.0 0.061251294 0.0 0.004096765 0.0 0.0 0.019923069 0.0 0.0 0.0 0.0 0.008512728 0.0 0.082535565 0.03944507 0.0 0.0 0.0 0.0 0.06693927 0.0
0.0070315567 0.0 0.01794624 0.0 0.0 0.0 0.0 0.0074141943 0.07574082 0.0 0.0 0.0 0.09152801 0.0 0.0 0.08818562 0.0703267 0.0 0.0 0.03223886 0.0 0.0 0.0 0.0 0.0 0.09706337 0.0 0.07417657 0.0 0.0 0.0 0.0 0.0 0.038480937 0.0 0.07210281 0.0 0.0 0.0 0.0 0.0 0.0 0.0 0.0 0.0 0.008512728 0.0 0.0 0.022725176 0.0 0.09840259 0.1495697 0.0 0.0 0.0 0.0
0.0 0.0 0.0 0.010994873 0.0 0.0 0.0 0.0 0.0 0.0 0.018265998 0.014179627 0.0 0.0 0.0 0.0 0.0 0.0 0.0 0.0 0.0 0.0 0.17159902 0.024780205 0.0 0.018500783 0.020446537 0.0 0.0010279303 0.0 0.13411804 0.0 0.0 0.0 0.0 0.0 0.0 0.0 0.0 0.08118007 0.0 0.0 0.0 0.0 0.0 0.0 0.0 0.0 0.0 0.0 0.20755023 0.0 0.0 0.0 0.14349361 0.0
0.0 0.140605 0.036161516 0.0 0.18438984 0.046134766 0.0 0.0 0.0 0.0 0.09760534 0.02552634 0.0 0.0 0.0 0.10580854 0.0 0.05059745 0.0 0.07132103 0.0 0.01706729 0.0 0.0 0.0 0.0 0.014213453 0.01220952 0.0 0.0 0.040797178 0.0058908444 0.041899737 0.0 0.0 0.16640228 0.0 0.0 0.0003979093 0.0 0.0 0.0 0.0 0.0 0.0 0.082535565 0.022725176 0.0 0.018513646 0.0 0.0 0.0 0.00493468 0.0 0.0 0.0
0.0 0.045177456 0.0 0.0 0.15156116 0.0 0.0 0.003237447 0.0 0.0 0.0 0.046856016 0.0 0.007849896 0.0 0.0 0.0 0.008390652 0.0 0.0 0.0 0.0 0.0 0.07175053 0.0 0.0 0.0 0.0 0.0 0.0 0.0 0.08285225 0.0 0.01888453 0.0 0.0 0.0 0.0 0.0 0.08741033 0.0 0.0 0.0 0.0 0.0 0.03944507 0.0 0.0 0.0 0.0 0.073451325 0.0 0.0 0.09750879 0.03655952 0.06438683
0.0 0.05280138 0.014262885 0.0 0.0 0.020715065 0.16048524 0.0 0.0 0.0 0.0 0.0 0.0 0.124078505 0.0 0.0 0.0 0.0 0.0 0.0 0.0 0.0 0.0 0.10650135 0.0 0.0 0.0 0.0 0.0 0.0 0.0 0.0 0.0 0.0 0.0 0.030536028 0.055364672 0.049639203 0.0 0.0 0.0 0.02508813 0.0 0.0 0.0 0.0 0.09840259 0.20755023 0.0 0.073451325 0.0 0.05841938 0.02236287 0.0 0.0 0.04884636
0.0 0.0 0.0 0.0 0.0 0.0 0.21059181 0.0 0.0 0.039761867 0.0 0.0 0.0 0.0 0.0 0.0 0.0 0.0 0.0 0.0 0.0 0.0 0.0 0.0 0.0 0.0 0.0 0.0 0.10240832 0.0 0.0 0.0 0.0 0.0 0.0 0.0 0.03196015 0.13682178 0.0 0.0 0.21017648 0.0 0.022761328 0.0069503826 0.009073838 0.0 0.1495697 0.0 0.0 0.0 0.058419377 0.0 0.0 0.002587223 0.0 0.012898109
0.0 0.0 0.0 0.03994462 0.0 0.0 0.0 0.0 0.0 0.0 0.0 0.006338273 0.0 0.0 0.0 0.017572049 0.0 0.0 0.0 0.10032953 0.0119627705 0.0 0.20008685 0.0 0.0 0.023083042 0.19626208 0.27053133 0.0 0.0 0.0 0.0 0.0 0.0 0.0 0.1452785 0.0 0.0 0.0 0.0 0.0 0.0 0.0 0.0 0.0 0.0 0.0 0.0 0.00493468 0.0 0.02236287 0.0 0.0 0.0 0.0 0.0
0.1777522 0.0 0.019864894 0.0 0.0 0.0 0.0 0.07231803 0.0 0.21740817 0.0 0.0 0.0 0.0 0.0 0.02160275 0.15267357 0.0 0.0 0.0 0.0 0.0 0.0 0.0 0.029394384 0.0 0.0 0.0 0.044694386 0.0 0.0 0.0 0.0 0.10352068 0.0 0.0 0.07073906 0.0 0.008466768 0.0 0.0 0.0 0.0 0.0 0.03825454 0.0 0.0 0.0 0.0 0.09750878 0.0 0.002587223 0.0 0.0 0.0 0.0
0.17873551 0.0 0.0 0.0 0.0 0.0 0.043626193 0.0 0.0 0.06441806 0.0 0.0 0.0 0.0 0.07912818 0.0 0.0 0.0 0.0 0.0 0.0 0.0 0.0 0.0360203 0.0 0.0 0.0 0.0 0.054774262 0.0 0.0 0.0 0.0073729455 0.047013003 0.051460892 0.0 0.15431324 0.036325764 0.0 0.0 0.0 0.0 0.0 0.0 0.16549033 0.06693927 0.0 0.14349361 0.0 0.036559515 0.0 0.0 0.0 0.0 0.0 0.07608437
0.0 0.0046045696 0.040749587 0.0 0.0 0.0 0.0 0.0 0.061793018 0.05620317 0.0 0.0 0.0 0.0 0.0 0.010499823 0.0 0.0 0.23138306 0.0 0.0 0.0 0.0 0.0 0.0 0.0 0.0 0.0 0.0 0.0 0.11008629 0.010712055 0.0 0.18695931 0.0 0.0 0.0 0.0 0.103229806 0.0 0.0 0.0 0.0 0.0 0.029361956 0.0 0.0 0.0 0.0 0.06438682 0.04884636 0.012898109 0.0 0.0 0.07608436 0.0
