0.0 0.0 0.0 0.041450687 0.055738553 0.0 0.017028151 0.0 0.0 0.0 0.08240573 0.0 0.16983655 0.0 0.12727833 0.0 0.0 0.0 0.05416558 0.1355193 0.0 0.010477816 0.046169452 0.0 0.0 0.0 0.0 0.0 0.0 0.0 0.0 0.0 0.15876435 0.0 0.0 0.0093708085 0.0 0.0 0.10042026 0.0 0.0 0.0 0.061935697 0.0 0.0070624272 0.0 0.088242635 0.10641957 0.0 0.0 0.0 0.0 0.0 0.0 0.0 0.0
0.0 0.0 0.010731942 0.0 0.0 0.046626817 0.0 0.0 0.07798598 0.0 0.0 0.0 0.07378865 0.0 0.0 0.0 0.0 0.0 0.0 0.0 0.0 0.0 0.0074215694 0.01663823 0.07054881 0.06376611 0.16067593 0.06726007 0.0 0.0 0.1567858 0.0 0.029507857 0.0 0.0 0.0 0.0 0.0 0.0 0.15943874 0.0 0.0 0.0 0.0 0.0 0.0 0.0 0.0 0.15250069 0.0 0.0 0.0 0.0 0.025627496 0.032709744 0.0
0.0 0.010731941 0.0 0.0 0.0 0.0 0.0 0.0 0.0 0.0 0.048055146 0.024366418 0.024062628 0.019767566 0.0 0.0 0.0 0.0 0.020358253 0.0 0.0 0.0 0.038969893 0.0047663436 0.0 0.02182692 0.097495496 0.0 0.0 0.025537012 0.030667156 0.0 0.0743935 0.0 0.0 0.026408063 0.0 0.06927126 0.0 0.009490657 0.0 0.008499535 0.0 0.0 0.0 0.0 0.04467184 0.092760906 0.0 0.0 0.1394209 0.0 0.0 0.045734514 0.010253515 0.0005787802
0.041450687 0.0 0.0 0.0 0.0 0.0 0.0 0.11805039 0.0 0.022738233 0.0 0.0 0.0 0.011689728 0.0 0.0 0.0 0.0 0.0 0.0 0.0 0.0 0.0058410023 0.0 0.0 0.0 0.055823073 0.0 0.0 0.0338432 0.0 0.0 0.0 0.0 0.0 0.0 0.0 0.0 0.0 0.0 0.0 0.0 0.0 0.0 0.0 0.0054090433 0.0 0.0 0.0 0.05683943 0.36909702 0.0 0.0 0.0 0.0 0.0
0.055738557 0.0 0.0 0.0 0.0 0.0 0.0 0.015040604 0.0 0.0 0.0051961094 0.0 0.047796223 0.08637842 0.0 0.05524911 0.0 0.0 0.0 0.0 0.0 0.0671364 0.0 0.0 0.0 0.06378418 0.12864687 0.074702695 0.0 0.0 0.020130428 0.0 0.01683157 0.0 0.0 0.0 0.0 0.0 0.0 0.0 0.0 0.0 0.0 0.0 0.002884858 0.0 0.0 0.0 0.0 0.13616367 0.067766406 0.0 0.0 0.0448873 0.10822242 0.0
0.0 0.046626817 0.0 0.0 0.0 0.0 0.0 0.0 0.022256056 0.0 0.0 0.0 0.0 0.04033405 0.0 0.0046359985 0.0 0.0044524055 0.008770014 0.0 0.038258124 0.0 0.0 0.0 0.0 0.0 0.05414108 0.32366762 0.0 0.085010484 0.0 0.0 0.0 0.007832428 0.0 0.0 0.0 0.0 0.0 0.0 0.0 0.0 0.0 0.0 0.0 0.0 0.0 0.0 0.0 0.026086425 0.0 0.054493394 0.0 0.03490942 0.0 0.0
0.017028153 0.0 0.0 0.0 0.0 0.0 0.0 0.0 0.0 0.009825076 0.0 0.0 0.0 0.056135524 0.0 0.0 0.0 0.0 0.0112895 0.016755965 0.026935028 0.0 0.0 0.08610553 0.0 0.07272677 0.0 0.0 0.0 0.0 0.0 0.0 0.0 0.0 0.21862416 0.0 0.051925313 0.0 0.0 0.0 0.0 0.0 0.0 0.0 0.013244039 0.0 0.0 0.10192483 0.0 0.05626165 0.0 0.010649196 0.0 0.0 0.0 0.0
0.0 0.0 0.0 0.11805038 0.015040604 0.0 0.0 0.0 0.0 0.0 0.0 0.0 0.0 0.0 0.08063577 0.17566411 0.0 0.0 0.0 0.054076336 0.0 0.0 0.1828895 0.0 0.0 0.0 0.0 0.0 0.0 0.0 0.0 0.0 0.16172226 0.0 0.02241711 0.023445537 0.01792231 0.03813404 0.0824866 0.0 0.0 0.0 0.0 0.0 0.0 0.0 0.0 0.039063238 0.018042495 0.0 0.16570802 0.0 0.0 0.0 0.17458858 0.0
0.0 0.07798598 0.0 0.0 0.0 0.022256056 0.0 0.0 0.0 0.0 0.0 0.0 0.0 0.0 0.0 0.0 0.0 0.0 0.0 0.0 0.3842845 0.06001156 0.0 0.0 0.0 0.0 0.12256962 0.0 0.0 0.0 0.050821055 0.0 0.0 0.0 0.0 0.0 0.0 0.0 0.0 0.0 0.0 0.0 0.023109203 0.0 0.0 0.0 0.0 0.06913913 0.0 0.0 0.14326125 0.0 0.0013141867 0.0 0.0040970584 0.0
0.0 0.0 0.0 0.022738233 0.0 0.0 0.009825076 0.0 0.0 0.0 0.037157558 0.0 0.030623825 0.0 0.084196374 0.03454311 0.0 0.0 0.006762928 0.0 0.0 0.0 0.25215653 0.1286917 0.0 0.0 0.0 0.0 0.0 0.0 0.0 0.009700649 0.16553895 0.0 0.0 0.054675534 0.0 0.0 0.0 0.0 0.0 0.0 0.0 0.0 0.0073517947 0.0 0.0 0.0 0.0 0.0 0.0 0.008059474 0.0 0.0 0.1742025 0.0
0.08240573 0.0 0.04805515 0.0 0.0051961094 0.0 0.0 0.0 0.0 0.037157558 0.0 0.22118329 0.04622822 0.0 0.0 0.032918703 0.0 0.0 0.0 0.0 0.0 0.10196586 0.005261652 0.0 0.0 0.0 0.0 0.0 0.056061488 0.004136839 0.0 0.0 0.053508554 0.0 0.0 0.0 0.012757515 0.0 0.0 0.0 0.0 0.0 0.0 0.0 0.11557001 0.0 0.0 0.0 0.0 0.0 0.0 0.0 0.0 0.0 0.0 0.028449101
0.0 0.0 0.024366418 0.0 0.0 0.0 0.0 0.0 0.0 0.0 0.22118329 0.0 0.0 0.0 0.0 0.026877303 0.0 0.2346148 0.0 0.0 0.06655454 0.0 0.0 0.16065754 0.0 0.0 0.0 0.0 0.0 0.06546571 0.0 0.0 0.0 0.0 0.0037399079 0.0 0.1525213 0.012104664 0.0 0.0 0.0 0.0 0.0 0.0 0.0 0.021828195 0.0 0.07390171 0.0 0.0 0.0 0.057964098 0.0 0.0 0.0 0.0
0.16983655 0.07378865 0.024062628 0.0 0.047796223 0.0 0.0 0.0 0.0 0.030623825 0.046228223 0.0 0.0 0.0 0.0 0.0 0.0 0.083281875 0.0 0.0 0.0 0.0 0.0 0.0 0.0 0.0 0.02858821 0.0 0.0 0.0 0.15303588 0.0 0.0 0.0 0.0 0.053270034 0.0 0.01680437 0.0 0.02457075 0.0 0.0 0.0 0.047042724 0.0 0.0 0.0 0.07107668 0.0 0.0 0.036226198 0.018011184 0.0 0.0 0.0 0.0
0.0 0.0 0.019767566 0.011689727 0.08637842 0.04033405 0.056135524 0.0 0.0 0.0 0.0 0.0 0.0 0.0 0.016460955 0.0 0.0 0.0 0.0 0.0 0.0 0.0 0.0 0.0 0.0 0.0 0.0 0.0 0.0 0.0 0.013071292 0.14571266 0.05423507 0.43000776 0.0 0.0 0.0 0.026731065 0.11279499 0.07491559 0.0 0.01159326 0.0 0.0 0.0 0.0 0.0 0.0 0.17868088 0.0 0.0 0.0 0.0 0.0 0.0 0.0
0.12727833 0.0 0.0 0.0 0.0 0.0 0.0 0.08063576 0.0 0.084196374 0.0 0.0 0.0 0.016460957 0.0 0.0 0.0 0.0 0.0 0.042928 0.0 0.0 0.10838773 0.0 0.0 0.00787671 0.0 0.0 0.0 0.043334737 0.0 0.0059733605 0.0 0.0 0.0 0.0 0.0062351194 0.0 0.0 0.0 0.0 0.0 0.0 0.0 0.042986035 0.04691684 0.0 0.0 0.0 0.0 0.05121175 0.27448267 0.0 0.0 0.010515201 0.0
0.0 0.0 0.0 0.0 0.055249114 0.004635998 0.0 0.17566413 0.0 0.03454311 0.032918703 0.0268773 0.0 0.0 0.0 0.0 0.0 0.0 0.0 0.0 0.0 0.0 0.0 0.0 0.0 0.0 0.0 0.0 0.0027021489 0.0 0.0 0.0 0.0 0.0 0.0 0.026052903 0.021941947 0.0 0.0 0.0 0.0 0.0069948086 0.0 0.0 0.0 0.13512155 0.0046767606 0.0 0.0 0.007414769 0.0 0.05032862 0.0 0.03587265 0.006913578 0.02149582
0.0 0.0 0.0 0.0 0.0 0.0 0.0 0.0 0.0 0.0 0.0 0.0 0.0 0.0 0.0 0.0 0.0 0.08775592 0.0 0.09701475 0.0 0.004510038 0.0 0.0 0.09730654 0.0 0.108114064 0.0 0.0 0.0 0.0073021357 0.0 0.0 0.0 0.0 0.14377493 0.0 0.0 0.0 0.104986325 0.0 0.0 0.0 0.0 0.0 0.0 0.0 0.0037307844 0.0 0.0 0.0 0.0 0.15074717 0.0 0.0 0.0
0.0 0.0 0.0 0.0 0.0 0.0044524055 0.0 0.0 0.0 0.0 0.0 0.2346148 0.083281875 0.0 0.0 0.0 0.08775591 0.004544304 0.015082586 0.0 0.0 0.08650543 0.0 0.0 0.16452484 0.0 0.0 0.0 0.020025415 0.010613461 0.0 0.17737244 0.06491706 0.0 0.0 0.0 0.0 0.0 0.03841683 0.0 0.0 0.0 0.0 0.0 0.0 0.0 0.009100693 0.0 0.054973226 0.0 0.0 0.0 0.019145533 0.0 0.0 0.11688918
0.05416558 0.0 0.020358253 0.0 0.0 0.008770014 0.011289499 0.0 0.0 0.006762928 0.0 0.0 0.0 0.0 0.0 0.0 0.0 0.015082586 0.0 0.028524615 0.00560903 0.050389677 0.0 0.0 0.005188547 0.0021486594 0.0 0.0 0.1652631 0.05551648 0.0 0.0 0.0 0.0 0.044010088 0.0 0.031660967 0.0 0.0 0.013118424 0.0 0.037145942 0.0 0.0 0.080764525 0.0 0.0 0.06355356 0.0 0.11211619 0.0 0.0 0.0 0.0 0.0 0.14225209
0.1355193 0.0 0.0 0.0 0.0 0.0 0.016755965 0.054076336 0.0 0.0 0.0 0.0 0.0 0.0 0.042928 0.0 0.09701475 0.0 0.028524615 0.065011404 0.0 0.080657996 0.0 0.020647537 0.040643156 0.0 0.0 0.0 0.0 0.0 0.0 0.0 0.0 0.016903883 0.0 0.0 0.0 0.0 0.0 0.0 0.0 0.0 0.0 0.0 0.035081442 0.0 0.0 0.0 0.0 0.16643043 0.0 0.0 0.10474089 0.0 0.014927482 0.0
0.0 0.0 0.0 0.0 0.0 0.038258124 0.026935028 0.0 0.3842845 0.0 0.0 0.06655455 0.0 0.0 0.0 0.0 0.0 0.0 0.0056090304 0.0 0.0 0.0 0.0 0.0 0.0 0.0 0.0 0.0 0.0 0.101617716 0.0 0.0 0.0 0.0 0.0 0.0251111 0.0 0.06033915 0.0 0.0 0.0 0.02711838 0.0 0.0 0.0 0.0 0.0 0.09776632 0.003667847 0.0 0.0 0.0 0.064308666 0.0 0.0 0.0
0.010477815 0.0 0.0 0.0 0.0671364 0.0 0.0 0.0 0.06001156 0.0 0.10196586 0.0 0.0 0.0 0.0 0.0 0.0045100376 0.08650543 0.05038968 0.080657996 0.0 0.0 0.0 0.0 0.028433807 0.018160384 0.0 0.0 0.0 0.056263104 0.025246613 0.07281505 0.0 0.0 0.0 0.009464465 0.0 0.1614802 0.0 0.0 0.0 0.0 0.0 0.0 0.0 0.0064304364 0.0 0.07043997 0.0 0.0 0.0 0.0 0.0 0.0 0.024466813 0.0
0.04616945 0.0074215694 0.038969893 0.0058410023 0.0 0.0 0.0 0.1828895 0.0 0.25215653 0.0052616526 0.0 0.0 0.0 0.10838773 0.0 0.0 0.0 0.0 0.0 0.0 0.0 0.0 0.0 0.0 0.0 0.003247391 0.0 0.0 0.0 0.0 0.0 0.0 0.0 0.0 0.0 0.22808965 0.0 0.0 0.0 0.0 0.0 0.0 0.0 0.041255064 0.0 0.0 0.0 0.0 0.09844059 0.0 0.0110494075 0.0 0.0 0.014674384 0.0
0.0 0.01663823 0.004766344 0.0 0.0 0.0 0.08610554 0.0 0.0 0.12869172 0.0 0.16065755 0.0 0.0 0.0 0.0 0.0 0.0 0.0 0.020647537 0.0 0.0 0.0 0.033929713 0.0 0.0 0.0 0.0 0.0 0.0 0.0 0.0 0.0 0.0 0.10643374 0.0 0.31588724 0.0 0.0 0.0 0.0 0.0 0.0 0.0 0.19548208 0.0 0.0 0.02508043 0.0 0.0 0.002904968 0.0 0.0 0.0 0.0 0.019972883
0.0 0.07054881 0.0 0.0 0.0 0.0 0.0 0.0 0.0 0.0 0.0 0.0 0.0 0.0 0.0 0.0 0.09730655 0.16452482 0.0051885466 0.040643156 0.0 0.028433809 0.0 0.0 0.0 0.0 0.038187705 0.0 0.0 0.0 0.0 0.0 0.0 0.0 0.0 0.023660818 0.0 0.0 0.0 0.0 0.0 0.0 0.0 0.033647712 0.0 0.0 0.15010418 0.0 0.0 0.0 0.0 0.0 0.20312302 0.0 0.0 0.0
0.0 0.06376611 0.02182692 0.0 0.06378419 0.0 0.07272677 0.0 0.0 0.0 0.0 0.0 0.0 0.0 0.00787671 0.0 0.0 0.0 0.0021486594 0.0 0.0 0.018160386 0.0 0.0 0.0 0.0 0.0 0.0 0.11375064 0.030506087 0.0 0.0 0.0 0.11484878 0.08913531 0.009570336 0.0 0.0 0.0 0.0 0.03534987 0.0 0.015386968 0.0 0.17273222 0.052879963 0.0 0.0 0.0 0.022897769 0.0 0.0 0.0 0.0 0.0 0.0
0.0 0.16067593 0.097495496 0.055823073 0.12864687 0.05414108 0.0 0.0 0.12256961 0.0 0.0 0.0 0.02858821 0.0 0.0 0.0 0.108114064 0.0 0.0 0.0 0.0 0.0 0.0032473907 0.0 0.038187705 0.0 0.0 0.0068884655 0.0 0.009145815 0.03168706 0.046785817 0.0030237345 0.003960448 0.0 0.0 0.0 0.0047011813 0.0 0.0 0.0 0.0 0.0 0.13930297 0.0 0.040221818 0.0 0.0 0.043308087 0.011588126 0.01025025 0.0 0.0 0.08292971 0.011838985 0.0
0.0 0.06726007 0.0 0.0 0.074702695 0.32366762 0.0 0.0 0.0 0.0 0.0 0.0 0.0 0.0 0.0 0.0 0.0 0.0 0.0 0.0 0.0 0.0 0.0 0.0 0.0 0.0 0.0068884655 0.08076612 0.0 0.0 0.0 0.17904676 0.0023132293 0.025582876 0.0 0.0 0.0 0.0 0.10616762 0.0 0.0 0.0 0.0 0.07719276 0.0 0.12850137 0.0 0.0 0.010261449 0.018782515 0.035211567 0.0 0.0 0.030074606 0.0 0.0080346735
0.0 0.0 0.0 0.0 0.0 0.0 0.0 0.0 0.0 0.0 0.056061488 0.0 0.0 0.0 0.0 0.0027021486 0.0 0.020025415 0.16526312 0.0 0.0 0.0 0.0 0.0 0.0 0.11375064 0.0 0.0 0.0 0.086937375 0.011113815 0.0 0.0 0.0 0.0 0.0 0.007174303 0.12475396 0.055591036 0.0 0.0 0.0 0.29892886 0.0 0.0 0.034970358 0.0 0.0 0.026884038 0.0 0.0 0.0 0.0 0.0 0.1357695 0.0
0.0 0.0 0.025537012 0.033843197 0.0 0.085010484 0.0 0.0 0.0 0.0 0.004136839 0.06546571 0.0 0.0 0.043334737 0.0 0.0 0.010613461 0.05551648 0.0 0.101617716 0.056263104 0.0 0.0 0.0 0.030506087 0.009145815 0.0 0.08693737 0.176549 0.0 0.0 0.0 0.0 0.0 0.0 0.0 0.0 0.022138534 0.0 0.0 0.0 0.0 0.0 0.0 0.0 0.026451323 0.0 0.0 0.0 0.0 0.0 0.12239782 0.0 0.0 0.0
0.0 0.1567858 0.030667156 0.0 0.020130428 0.0 0.0 0.0 0.050821055 0.0 0.0 0.0 0.1530359 0.013071292 0.0 0.0 0.0073021357 0.0 0.0 0.0 0.0 0.025246615 0.0 0.0 0.0 0.0 0.031687062 0.0 0.011113815 0.0 0.0 0.0 0.0 0.0 0.013120951 0.0 0.0 0.0 0.0 0.0 0.024882428 0.2685817 0.14067385 0.0 0.0 0.0 0.0 0.0 0.0 0.0 0.0 0.0 0.0 0.06984831 0.0 0.07008
0.0 0.0 0.0 0.0 0.0 0.0 0.0 0.0 0.0 0.0097006485 0.0 0.0 0.0 0.14571264 0.0059733605 0.0 0.0 0.17737246 0.0 0.0 0.0 0.072815046 0.0 0.0 0.0 0.0 0.046785817 0.17904675 0.0 0.0 0.0 0.0 0.0 0.0 0.0 0.0 0.0 0.0 0.0 0.0 0.07682261 0.0 0.0 0.0 0.0 0.0 0.0 0.0 0.0 0.0 0.0 0.07178355 0.0 0.0 0.048247483 0.0
0.15876435 0.029507855 0.0743935 0.0 0.01683157 0.0 0.0 0.16172226 0.0 0.16553897 0.053508554 0.0 0.0 0.05423507 0.0 0.0 0.0 0.06491705 0.0 0.0 0.0 0.0 0.0 0.0 0.0 0.0 0.0030237343 0.0023132293 0.0 0.0 0.0 0.0 0.0 0.0 0.0 0.0 0.0 0.0 0.0 0.0 0.0 0.0 0.0 0.0 0.0 0.0 0.0 0.0 0.0 0.0 0.0 0.11865596 0.0 0.0 0.0 0.011516974
0.0 0.0 0.0 0.0 0.0 0.007832428 0.0 0.0 0.0 0.0 0.0 0.0 0.0 0.4300078 0.0 0.0 0.0 0.0 0.0 0.016903883 0.0 0.0 0.0 0.0 0.0 0.114848785 0.003960448 0.025582874 0.0 0.0 0.0 0.0 0.0 0.0 0.0 0.0 0.0 0.0 0.0 0.0054802806 0.14818396 0.0 0.0 0.0 0.0 0.0 0.0 0.0 0.0 0.0 0.026053479 0.0 0.0 0.0 0.0 0.0
0.0 0.0 0.0 0.0 0.0 0.0 0.21862414 0.022417108 0.0 0.0 0.0 0.0037399079 0.0 0.0 0.0 0.0 0.0 0.0 0.044010088 0.0 0.0 0.0 0.0 0.10643374 0.0 0.08913531 0.0 0.0 0.0 0.0 0.013120951 0.0 0.0 0.0 0.057581622 0.09281586 0.0 0.0 0.0 0.0 0.22649546 0.0 0.0075613805 0.029493416 0.09069159 0.0 0.10240328 0.0 0.0 0.0 0.0 0.0 0.0 0.0 0.0 0.0
0.0093708085 0.0 0.026408063 0.0 0.0 0.0 0.0 0.023445537 0.0 0.054675538 0.0 0.0 0.053270034 0.0 0.0 0.026052903 0.14377494 0.0 0.0 0.0 0.025111098 0.009464464 0.0 0.0 0.023660818 0.009570336 0.0 0.0 0.0 0.0 0.0 0.0 0.0 0.0 0.09281587 0.0 0.0 0.0 0.0 0.0 0.062760554 0.0 0.0 0.0 0.1791528 0.0 0.0 0.0729143 0.0 0.03522117 0.0 0.0 0.0 0.0 0.0 0.13169354
0.0 0.0 0.0 0.0 0.0 0.0 0.051925313 0.01792231 0.0 0.0 0.012757514 0.15252128 0.0 0.0 0.0062351194 0.021941945 0.0 0.0 0.03166097 0.0 0.0 0.0 0.22808965 0.31588727 0.0 0.0 0.0 0.0 0.0071743024 0.0 0.0 0.0 0.0 0.0 0.0 0.0 0.0 0.021412177 0.0 0.0 0.0 0.0 0.0 0.0 0.06830392 0.0 0.0020330406 0.0 0.0 0.0 0.0 0.0 0.0 0.0 0.0 0.0
0.0 0.0 0.06927126 0.0 0.0 0.0 0.0 0.03813404 0.0 0.0 0.0 0.012104664 0.01680437 0.026731066 0.0 0.0 0.0 0.0 0.0 0.0 0.060339145 0.16148022 0.0 0.0 0.0 0.0 0.0047011813 0.0 0.12475397 0.0 0.0 0.0 0.0 0.0 0.0 0.0 0.021412175 0.0 0.04080931 0.0 0.062815405 0.12142999 0.0 0.0 0.0 0.0 0.05449125 0.0 0.0 0.0041356375 0.0 0.0 0.0 0.118651316 0.0837432 0.093073376
0.10042026 0.0 0.0 0.0 0.0 0.0 0.0 0.08248659 0.0 0.0 0.0 0.0 0.0 0.11279498 0.0 0.0 0.0 0.03841683 0.0 0.0 0.0 0.0 0.0 0.0 0.0 0.0 0.0 0.106167614 0.05559104 0.022138536 0.0 0.0 0.0 0.0 0.0 0.0 0.0 0.04080931 0.0 0.0 0.094636425 0.0 0.0 0.0 0.0 0.045303818 0.0 0.0 0.0 0.0 0.0 0.0 0.09084612 0.100334026 0.0 0.0
0.0 0.15943874 0.009490657 0.0 0.0 0.0 0.0 0.0 0.0 0.0 0.0 0.0 0.02457075 0.07491559 0.0 0.0 0.104986325 0.0 0.013118424 0.0 0.0 0.0 0.0 0.0 0.0 0.0 0.0 0.0 0.0 0.0 0.0 0.0 0.0 0.0054802806 0.0 0.0 0.0 0.0 0.0 0.0 0.0 0.15548286 0.044248074 0.44737428 0.0 0.0 0.0 0.0 0.0 0.057130568 0.0 0.0 0.0 0.02146347 0.0 0.041224774
0.0 0.0 0.0 0.0 0.0 0.0 0.0 0.0 0.0 0.0 0.0 0.0 0.0 0.0 0.0 0.0 0.0 0.0 0.0 0.0 0.0 0.0 0.0 0.0 0.0 0.03534987 0.0 0.0 0.0 0.0 0.024882426 0.07682261 0.0 0.14818396 0.22649544 0.062760554 0.0 0.062815405 0.09463642 0.0 0.0 0.0 0.0 0.0 0.019759782 0.10184423 0.0 0.0 0.0 0.0 0.0 0.13976052 0.0 0.0 0.0 0.0
0.0 0.0 0.008499535 0.0 0.0 0.0 0.0 0.0 0.0 0.0 0.0 0.0 0.0 0.011593261 0.0 0.0069948086 0.0 0.0 0.03714594 0.0 0.02711838 0.0 0.0 0.0 0.0 0.0 0.0 0.0 0.0 0.0 0.2685817 0.0 0.0 0.0 0.0 0.0 0.0 0.12142999 0.0 0.15548287 0.0 0.0 0.0 0.0 0.0 0.0 0.0 0.0 0.23279436 0.019501695 0.01983023 0.0 0.0 0.034621872 0.022186968 0.0
0.0619357 0.0 0.0 0.0 0.0 0.0 0.0 0.0 0.023109203 0.0 0.0 0.0 0.0 0.0 0.0 0.0 0.0 0.0 0.0 0.0 0.0 0.0 0.0 0.0 0.0 0.015386969 0.0 0.0 0.29892886 0.0 0.14067385 0.0 0.0 0.0 0.0075613805 0.0 0.0 0.0 0.0 0.044248074 0.0 0.0 0.0 0.0 0.0 0.0 0.0 0.0 0.0 0.037810877 0.0 0.07916386 0.0 0.0062953006 0.0 0.012315541
0.0 0.0 0.0 0.0 0.0 0.0 0.0 0.0 0.0 0.0 0.0 0.0 0.047042724 0.0 0.0 0.0 0.0 0.0 0.0 0.0 0.0 0.0 0.0 0.0 0.033647712 0.0 0.13930298 0.07719275 0.0 0.0 0.0 0.0 0.0 0.0 0.029493416 0.0 0.0 0.0 0.0 0.4473743 0.0 0.0 0.0 0.0 0.0 0.0 0.0 0.0 0.0 0.0 0.0 0.0 0.0 0.0 0.0068301773 0.0
0.0070624277 0.0 0.0 0.0 0.0028848578 0.0 0.013244039 0.0 0.0 0.007351795 0.11557001 0.0 0.0 0.0 0.042986035 0.0 0.0 0.0 0.08076453 0.03508144 0.0 0.0 0.041255064 0.19548209 0.0 0.17273223 0.0 0.0 0.0 0.0 0.0 0.0 0.0 0.0 0.09069159 0.1791528 0.06830392 0.0 0.0 0.0 0.019759782 0.0 0.0 0.0 0.0 0.0 0.0 0.0 0.0 0.0 0.0 0.058907174 0.0 0.0 0.0 0.0
0.0 0.0 0.0 0.0054090433 0.0 0.0 0.0 0.0 0.0 0.0 0.0 0.021828197 0.0 0.0 0.04691684 0.13512155 0.0 0.0 0.0 0.0 0.0 0.006430436 0.0 0.0 0.0 0.052879963 0.040221818 0.12850136 0.03497036 0.0 0.0 0.0 0.0 0.0 0.0 0.0 0.0 0.0 0.045303818 0.0 0.101844236 0.0 0.0 0.0 0.0 0.0 0.0 0.0 0.018254977 0.0 0.023920454 0.0 0.0 0.01387022 0.0 0.25522923
0.088242635 0.0 0.044671845 0.0 0.0 0.0 0.0 0.0 0.0 0.0 0.0 0.0 0.0 0.0 0.0 0.0046767606 0.0 0.009100694 0.0 0.0 0.0 0.0 0.0 0.0 0.15010418 0.0 0.0 0.0 0.0 0.026451323 0.0 0.0 0.0 0.0 0.10240328 0.0 0.0020330404 0.05449125 0.0 0.0 0.0 0.0 0.0 0.0 0.0 0.0 0.0 0.0 0.0 0.2324317 0.0 0.085069045 0.093877345 0.0 0.0 0.0
0.10641957 0.0 0.09276091 0.0 0.0 0.0 0.10192483 0.039063238 0.06913913 0.0 0.0 0.07390171 0.07107668 0.0 0.0 0.0 0.0037307842 0.0 0.06355356 0.0 0.09776631 0.07043997 0.0 0.02508043 0.0 0.0 0.0 0.0 0.0 0.0 0.0 0.0 0.0 0.0 0.0 0.0729143 0.0 0.0 0.0 0.0 0.0 0.0 0.0 0.0 0.0 0.0 0.0 0.05747328 0.0 0.0 0.0 0.0 0.0 0.0 0.0 0.0
0.0 0.1525007 0.0 0.0 0.0 0.0 0.0 0.018042495 0.0 0.0 0.0 0.0 0.0 0.1786809 0.0 0.0 0.0 0.054973222 0.0 0.0 0.003667847 0.0 0.0 0.0 0.0 0.0 0.043308083 0.01026145 0.026884038 0.0 0.0 0.0 0.0 0.0 0.0 0.0 0.0 0.0 0.0 0.0 0.0 0.23279434 0.0 0.0 0.0 0.018254977 0.0 0.0 0.0 0.0 0.0 0.0 0.0 0.039045915 0.0 0.0
0.0 0.0 0.0 0.056839425 0.13616368 0.026086424 0.056261647 0.0 0.0 0.0 0.0 0.0 0.0 0.0 0.0 0.0074147694 0.0 0.0 0.11211619 0.16643043 0.0 0.0 0.09844059 0.0 0.0 0.022897767 0.011588126 0.018782513 0.0 0.0 0.0 0.0 0.0 0.0 0.0 0.03522117 0.0 0.0041356375 0.0 0.057130568 0.0 0.019501695 0.037810877 0.0 0.0 0.0 0.23243171 0.0 0.0 0.0 0.0 0.0 0.0 0.0 0.0 0.0
0.0 0.0 0.1394209 0.36909702 0.067766406 0.0 0.0 0.16570802 0.14326127 0.0 0.0 0.0 0.036226198 0.0 0.05121175 0.0 0.0 0.0 0.0 0.0 0.0 0.0 0.0 0.0029049679 0.0 0.0 0.01025025 0.035211567 0.0 0.0 0.0 0.0 0.0 0.02605348 0.0 0.0 0.0 0.0 0.0 0.0 0.0 0.01983023 0.0 0.0 0.0 0.023920456 0.0 0.0 0.0 0.0 0.0 0.0 0.0 0.0 0.0 0.0
0.0 0.0 0.0 0.0 0.0 0.054493394 0.010649196 0.0 0.0 0.008059474 0.0 0.0579641 0.018011184 0.0 0.27448267 0.05032862 0.0 0.0 0.0 0.0 0.0 0.0 0.011049407 0.0 0.0 0.0 0.0 0.0 0.0 0.0 0.0 0.07178355 0.11865596 0.0 0.0 0.0 0.0 0.0 0.0 0.0 0.13976052 0.0 0.079163864 0.0 0.058907174 0.0 0.08506905 0.0 0.0 0.0 0.0 0.0 0.0 0.103503846 0.0 0.0
0.0 0.0 0.0 0.0 0.0 0.0 0.0 0.0 0.0013141867 0.0 0.0 0.0 0.0 0.0 0.0 0.0 0.15074717 0.019145535 0.0 0.10474089 0.064308666 0.0 0.0 0.0 0.20312302 0.0 0.0 0.0 0.0 0.12239782 0.0 0.0 0.0 0.0 0.0 0.0 0.0 0.0 0.09084612 0.0 0.0 0.0 0.0 0.0 0.0 0.0 0.093877345 0.0 0.0 0.0 0.0 0.0 0.24793693 0.0 0.0 0.0
0.0 0.025627494 0.045734514 0.0 0.0448873 0.03490942 0.0 0.0 0.0 0.0 0.0 0.0 0.0 0.0 0.0 0.03587265 0.0 0.0 0.0 0.0 0.0 0.0 0.0 0.0 0.0 0.0 0.08292971 0.030074608 0.0 0.0 0.0698483 0.0 0.0 0.0 0.0 0.0 0.0 0.118651316 0.100334026 0.021463472 0.0 0.034621872 0.0062953006 0.0 0.0 0.01387022 0.0 0.0 0.03904592 0.0 0.0 0.103503846 0.0 0.09742436 0.0 0.0
0.0 0.032709744 0.010253515 0.0 0.10822242 0.0 0.0 0.17458859 0.0040970584 0.1742025 0.0 0.0 0.0 0.0 0.0105152 0.006913578 0.0 0.0 0.0 0.014927483 0.0 0.024466814 0.014674384 0.0 0.0 0.0 0.011838986 0.0 0.13576949 0.0 0.0 0.048247486 0.0 0.0 0.0 0.0 0.0 0.0837432 0.0 0.0 0.0 0.022186967 0.0 0.0068301777 0.0 0.0 0.0 0.0 0.0 0.0 0.0 0.0 0.0 0.0 0.0 0.0
0.0 0.0 0.0005787802 0.0 0.0 0.0 0.0 0.0 0.0 0.0 0.028449101 0.0 0.0 0.0 0.0 0.02149582 0.0 0.11688917 0.14225209 0.0 0.0 0.0 0.0 0.019972883 0.0 0.0 0.0 0.0080346735 0.0 0.0 0.07007999 0.0 0.011516974 0.0 0.0 0.13169354 0.0 0.093073376 0.0 0.041224778 0.0 0.0 0.01231554 0.0 0.0 0.25522923 0.0 0.0 0.0 0.0 0.0 0.0 0.0 0.0 0.0 0.0
