0.0 0.0 0.028252743 0.0 0.027319102 0.0 0.02925956 0.0 0.29462552 0.0 0.018332427 0.0 0.074972525 0.021147927 0.0 0.0 0.0 0.0 0.0 0.0 0.03334997 0.0 0.009704101 0.0 0.0 0.007246276 0.0 0.0 0.0 0.0 0.0 0.0055338438 0.0 0.0 0.0243993 0.08521216 0.0 0.0810743 0.004204543 0.0 0.0 0.0 0.1642879 0.0 0.0 0.0 0.09429742 0.0 0.0 0.0 0.0 0.0 0.024702083 0.21430784 0.0 0.0
0.0 0.0 0.0 0.030309068 0.053400174 0.052672368 0.0 0.0 0.0 0.0 0.0 0.11473769 0.0 0.0 0.0 0.0 0.0 0.055464976 0.0 0.07296562 0.13823882 0.0 0.011643081 0.0 0.12973714 0.0 0.0051309196 0.0 0.0 0.10496495 0.12838642 0.062132686 0.007362287 0.0 0.0 0.0 0.0 0.023521556 0.0 0.0 0.0 0.0 0.0 0.0 0.0 0.20473254 0.0 0.0 0.0 0.0 0.0 0.0 0.025637962 0.0 0.0 0.0
0.028252743 0.0 0.0 0.05702847 0.0 0.0 0.012893704 0.09955346 0.0 0.030597968 0.0 0.0 0.0 0.0 0.0 0.0 0.0 0.0 0.0 0.0 0.0 0.060096484 0.030801585 0.0429114 0.0 0.006070197 0.0 0.031318914 0.101922005 0.0 0.0 0.0 0.0 0.02759592 0.0032290525 0.0 0.0 0.0 0.0 0.0 0.022595538 0.0 0.0 0.0 0.009750002 0.0037545122 0.0 0.0 0.0 0.0 0.0 0.0 0.0 0.0 0.113362975 0.0
0.0 0.03030907 0.05702847 0.0 0.0 0.0 0.0 0.0 0.0 0.013680321 0.0 0.008538006 0.0 0.0 0.032518808 0.0 0.14426443 0.0 0.0 0.0 0.03668363 0.0 0.0 0.0 0.053983815 0.0 0.0 0.0 0.012082895 0.13265468 0.0 0.0 0.0 0.0 0.0 0.010412382 0.0 0.0 0.18737875 0.0 0.0 0.0 0.0 0.0149829835 0.0 0.0 0.0 0.0 0.0 0.301692 0.0 0.0 0.100179106 0.0 0.0 0.009285284
0.027319102 0.053400174 0.0 0.0 0.0 0.0 0.0 0.09189839 0.0 0.1116409 0.0 0.11296212 0.0 0.0 0.0 0.0 0.028883507 0.0029269226 0.0 0.0 0.0 0.0 0.0 0.0 0.0 0.0 0.0 0.0 0.0072530555 0.07148464 0.0 0.0 0.0 0.0 0.0 0.0 0.07310192 0.0 0.0 0.0 0.05619803 0.09759521 0.0 0.0 0.14800006 0.0 0.0 0.0 0.0 0.079987444 0.0 0.0 0.0 0.0005955087 0.0 0.028065398
0.0 0.052672364 0.0 0.0 0.0 0.0 0.0 0.0 0.0 0.0 0.13525017 0.0 0.0 0.0 0.07603939 0.0 0.014774086 0.0 0.02965002 0.0 0.0 0.0 0.0 0.0 0.0 0.0 0.0 0.02974611 0.0 0.0 0.11976905 0.048665766 0.0076117786 0.035462756 0.0 0.0 0.0 0.0 0.0 0.0 0.007887539 0.11994381 0.0 0.042094633 0.02184333 0.02771278 0.0 0.0 0.0 0.030145599 0.0 0.0 0.10787005 0.0 0.0 0.0
0.029259562 0.0 0.012893704 0.0 0.0 0.0 0.07667784 0.0 0.0 0.0 0.0 0.03102429 0.0 0.0 0.0 0.0 0.0 0.0 0.0 0.0 0.0345485 0.0 0.0 0.0 0.0 0.0 0.0 0.0 0.20041423 0.061017636 0.0 0.0 0.0 0.045397434 0.0 0.0 0.0 0.0 0.1915914 0.0 0.021510487 0.11278364 0.0 0.0 0.023739057 0.0 0.03475032 0.08394631 0.017598283 0.0 0.0 0.0 0.022182794 0.005993757 0.0 0.0
0.0 0.0 0.09955345 0.0 0.09189839 0.0 0.0 0.0 0.0 0.0 0.0 0.0 0.0 0.0 0.0 0.0077959877 0.0 0.0 0.0 0.037644535 0.027584696 0.0 0.13439356 0.0 0.0 0.0 0.0 0.0 0.0 0.0 0.0 0.0 0.34083638 0.0 0.036643688 0.0 0.0051489356 0.046988767 0.101907775 0.0 0.0 0.0 0.0 0.0 0.0 0.0 0.0 0.058246553 0.09421956 0.0 0.0 0.0 0.0 0.0 0.01932812 0.0
0.29462552 0.0 0.0 0.0 0.0 0.0 0.0 0.0 0.0 0.08765233 0.0 0.0 0.0 0.0 0.0 0.0 0.0 0.0653861 0.0 0.12675598 0.0 0.0 0.0 0.1038893 0.0 0.021042166 0.0 0.0 0.029060245 0.0 0.0 0.0 0.0 0.0 0.0 0.0 0.0 0.0 0.0 0.0 0.0 0.0 0.0 0.003422439 0.10890901 0.079421595 0.0 0.0 0.0 0.0 0.0025880337 0.0 0.0 0.0022378329 0.020339793 0.0
0.0 0.0 0.030597968 0.01368032 0.1116409 0.0 0.0 0.0 0.08765234 0.0 0.04771916 0.0 0.06294094 0.0 0.0 0.018388424 0.0 0.0 0.0 0.0 0.07117694 0.0 0.11910345 0.0 0.0 0.0 0.0 0.028675172 0.0 0.0 0.0 0.0 0.0 0.0 0.0 0.0 0.016653353 0.04017395 0.06737509 0.016018836 0.0 0.0 0.011533455 0.0 0.051046845 0.0 0.0 0.03280726 0.05246266 0.022721201 0.053252988 0.0 0.0 0.10305537 0.032926623 0.0
0.018332427 0.0 0.0 0.0 0.0 0.13525017 0.0 0.0 0.0 0.047719162 0.0 0.0 0.0 0.044986703 0.0 0.010986718 0.0 0.0 0.0 0.02663291 0.0 0.0 0.0 0.0 0.0 0.0 0.0 0.0 0.010453039 0.0 0.0 0.0 0.0 0.0 0.0 0.0 0.0 0.0 0.09575593 0.0 0.0 0.0 0.0 0.0 0.29187873 0.0 0.0 0.0 0.0 0.043669235 0.0 0.0 0.0 0.042373843 0.0 0.0
0.0 0.11473768 0.0 0.008538006 0.11296211 0.0 0.03102429 0.0 0.0 0.0 0.0 0.0 0.010828997 0.0 0.0 0.0 0.0 0.0 0.10697281 0.01648391 0.0 0.0 0.0 0.0 0.0 0.00022624306 0.0 0.0 0.031801037 0.0032328668 0.0 0.00818052 0.0 0.0 0.0 0.0 0.0 0.0 0.0 0.0 0.18733542 0.0 0.0 0.053867962 0.0 0.030580658 0.0 0.0 0.0 0.0 0.0 0.0 0.014929462 0.09776944 0.0 0.016612174
0.074972525 0.0 0.0 0.0 0.0 0.0 0.0 0.0 0.0 0.06294095 0.0 0.010828997 0.0 0.0 0.23283783 0.0 0.0 0.0 0.0 0.0 0.0114765335 0.0 0.07406331 0.0 0.0 0.15394002 0.007278713 0.0 0.0 0.0 0.02543112 0.0 0.0 0.0 0.0 0.0 0.0 0.0 0.010907578 0.0 0.0 0.0 0.0 0.07822686 0.0 0.0 0.0 0.0 0.018759012 0.0 0.09443936 0.0 0.0 0.0 0.22478281 0.0
0.02114793 0.0 0.0 0.0 0.0 0.0 0.0 0.0 0.0 0.0 0.044986703 0.0 0.0 0.0 0.0 0.0 0.0 0.0 0.0 0.05140428 0.0 0.0 0.2825043 0.0 0.0 0.026310664 0.07209579 0.0 0.0 0.0 0.15032512 0.0 0.05683971 0.0 0.0 0.0 0.0 0.0020125066 0.0 0.037147008 0.0 0.0 0.0 0.0 0.0 0.0 0.0 0.02785873 0.113047294 0.0 0.24499334 0.0 0.0 0.015860189 0.0827597 0.0
0.0 0.0 0.0 0.032518808 0.0 0.07603938 0.0 0.0 0.0 0.0 0.0 0.0 0.23283783 0.0 0.0 0.0 0.05035788 0.0 0.0 0.0 0.0 0.0 0.0 0.0 0.0 0.00851095 0.057316545 0.028395806 0.0 0.0 0.0 0.0 0.048743006 0.0 0.0 0.0 0.0 0.0 0.019798689 0.0 0.0 0.02118784 0.0 0.0 0.049134694 0.0 0.0 0.0 0.022466293 0.0 0.0034930771 0.0 0.0 0.0 0.030273968 0.010338628
0.0 0.0 0.0 0.0 0.0 0.0 0.0 0.0077959877 0.0 0.018388424 0.010986718 0.0 0.0 0.0 0.0 0.0 0.0 0.02058871 0.0 0.00797739 0.0 0.0 0.06446208 0.25448367 0.0 0.0 0.0 0.03737954 0.0 0.07119306 0.0022236973 0.0 0.0 0.010829585 0.0 0.0 0.019107234 0.0 0.0 0.0 0.0005215671 0.0 0.0 0.0 0.071725614 0.0 0.0 0.044909757 0.06645309 0.04520593 0.0 0.12353257 0.025859162 0.0 0.07611342 0.0
0.0 0.0 0.0 0.14426444 0.028883507 0.014774086 0.0 0.0 0.0 0.0 0.0 0.0 0.0 0.0 0.05035788 0.0 0.0 0.02977826 0.012625745 0.01731281 0.0 0.12720117 0.0 0.0 0.11463664 0.023905076 0.0 0.0 0.0 0.0 0.036377385 0.033957902 0.02504314 0.0 0.0 0.0 0.0 0.23386851 0.0 0.0 0.0 0.0 0.008616321 0.008020849 0.0 0.0 0.0 0.0 0.0 0.0 0.0 0.0 0.0 0.0 0.0 0.0
0.0 0.055464976 0.0 0.0 0.0029269226 0.0 0.0 0.0 0.065386094 0.0 0.0 0.0 0.0 0.0 0.0 0.02058871 0.02977826 0.26516682 0.0 0.08938977 0.0 0.0 0.0 0.0 0.0 0.0 0.0 0.017833216 0.075383306 0.0 0.0 0.0 0.0 0.10061463 0.0 0.14998057 0.0 0.0011037721 0.0 0.0 0.06565343 0.0 0.0 0.0 0.0 0.051935114 0.0 0.0 0.0 0.0 0.0 0.0 0.0 0.008687113 0.0 0.0
0.0 0.0 0.0 0.0 0.0 0.02965002 0.0 0.0 0.0 0.0 0.0 0.10697282 0.0 0.0 0.0 0.0 0.012625745 0.0 0.0 0.0 0.067683145 0.013006268 0.0 0.0 0.3754347 0.0 0.0 0.0 0.0 0.13931781 0.0 0.0 0.0 0.0 0.0 0.0 0.0 0.0 0.02959038 0.0 0.0 0.0 0.0 0.0 0.0 0.0 0.0 0.0 0.06928841 0.0 0.0 0.0 0.0 0.0 0.0 0.0045071966
0.0 0.07296562 0.0 0.0 0.0 0.0 0.0 0.03764454 0.12675598 0.0 0.026632912 0.01648391 0.0 0.05140428 0.0 0.00797739 0.017312808 0.089389764 0.0 0.0 0.0 0.0 0.0 0.04798856 0.0 0.012885254 0.0 0.0 0.0 0.1270986 0.0012317905 0.033967804 0.0 0.0 0.0 0.0 0.0 0.0 0.014547009 0.0 0.0 0.04895866 0.0 0.0 0.0 0.09877252 0.0 0.0 0.0 0.0 0.0 0.058131255 0.053154502 0.0 0.0 0.0
0.03334997 0.13823883 0.0 0.03668363 0.0 0.0 0.034548502 0.027584696 0.0 0.07117694 0.0 0.0 0.0114765335 0.0 0.0 0.0 0.0 0.0 0.067683145 0.0 0.0 0.0 0.0 0.08476351 0.0 0.0 0.0 0.03491446 0.0 0.0 0.003565387 0.0 0.0 0.0 0.0 0.0 0.0 0.0 0.0 0.0 0.0 0.0 0.06505928 0.0 0.0 0.0 0.0 0.15299812 0.0 0.0064712833 0.0 0.0 0.0 0.024436636 0.0 0.0
0.0 0.0 0.060096484 0.0 0.0 0.0 0.0 0.0 0.0 0.0 0.0 0.0 0.0 0.0 0.0 0.0 0.12720117 0.0 0.013006268 0.0 0.0 0.24670692 0.0 0.0 0.023835458 0.01060812 0.0 0.0 0.0 0.098907545 0.0 0.0 0.0 0.0 0.0 0.0 0.0 0.0 0.0 0.0 0.0 0.020861845 0.0 0.0 0.0 0.0 0.0 0.0 0.0 0.10617905 0.0 0.0 0.23712339 0.028735604 0.0 0.027082672
0.009704101 0.011643081 0.030801583 0.0 0.0 0.0 0.0 0.13439354 0.0 0.11910344 0.0 0.0 0.07406331 0.2825043 0.0 0.06446207 0.0 0.0 0.0 0.0 0.0 0.0 0.0 0.0 0.0 0.0 0.0011403915 0.02903555 0.022942467 0.0 0.0 0.0 0.0 0.0 0.0 0.0 0.0 0.0 0.0 0.05930985 0.11215998 0.042800777 0.0 0.0 0.0 0.0 0.0 0.0 0.0 0.0 0.02415495 0.0 0.0 0.0 0.0 0.0038816005
0.0 0.0 0.0429114 0.0 0.0 0.0 0.0 0.0 0.10388931 0.0 0.0 0.0 0.0 0.0 0.0 0.25448367 0.0 0.0 0.0 0.04798856 0.08476351 0.0 0.0 0.0 0.0 0.0 0.0 0.0 0.0 0.0 0.015596598 0.0 0.3072694 0.0 0.06812204 0.0 0.0 0.0 0.0 0.045746192 0.0 0.0 0.0 0.0 0.0 0.0 0.0 0.0 0.035585728 0.0 0.003573885 0.0 0.0 0.0 0.07904964 0.0
0.0 0.12973714 0.0 0.053983815 0.0 0.0 0.0 0.0 0.0 0.0 0.0 0.0 0.0 0.0 0.0 0.0 0.11463664 0.0 0.37543473 0.0 0.0 0.023835458 0.0 0.0 0.0 0.0512526 0.0 0.0 0.0 0.0 0.0 0.0 0.0 0.0 0.0 0.0 0.0 0.0 0.0 0.04506307 0.05922724 0.09142644 0.01311721 0.0 0.0 0.0 0.0 0.0 0.0 0.0 0.0 0.0 0.0 0.0 0.0 0.08864254
0.007246276 0.0 0.006070197 0.0 0.0 0.0 0.0 0.0 0.021042164 0.0 0.0 0.00022624306 0.15394002 0.026310666 0.008510951 0.0 0.023905076 0.0 0.0 0.012885254 0.0 0.01060812 0.0 0.0 0.0512526 0.030908428 0.039956678 0.0 0.027975168 0.00057324476 0.0 0.0 0.0 0.17312753 0.0 0.0 0.0 0.0 0.07046448 0.11928124 0.03090875 0.04144867 0.0037575862 0.0 0.0 0.0 0.05063223 0.0 0.045691676 0.030141069 0.0 0.0 0.0 0.010027428 0.0 0.17793176
0.0 0.0051309196 0.0 0.0 0.0 0.0 0.0 0.0 0.0 0.0 0.0 0.0 0.007278713 0.0720958 0.057316545 0.0 0.0 0.0 0.0 0.0 0.0 0.0 0.0011403915 0.0 0.0 0.039956678 0.0 0.049840134 0.0 0.0 0.0 0.0 0.0 0.0 0.0 0.092245825 0.0 0.0 0.0 0.18758097 0.16913344 0.12204788 0.0 0.0 0.0 0.0 0.0 0.0 0.0 0.0 0.059650015 0.081810884 0.0 0.15260552 0.0 0.022612583
0.0 0.0 0.031318914 0.0 0.0 0.02974611 0.0 0.0 0.0 0.028675174 0.0 0.0 0.0 0.0 0.028395807 0.037379544 0.0 0.017833216 0.0 0.0 0.03491446 0.0 0.02903555 0.0 0.0 0.0 0.049840137 0.15357853 0.0 0.0 0.19752951 0.0 0.0 0.037613824 0.0 0.0 0.0 0.0 0.0 0.072093405 0.0 0.0 0.0 0.0 0.0 0.0 0.0 0.0 0.1701179 0.004017923 0.09263809 0.0 0.0 0.0 0.019724758 0.0
0.0 0.0 0.101922005 0.012082895 0.0072530555 0.0 0.20041421 0.0 0.029060245 0.0 0.010453039 0.031801034 0.0 0.0 0.0 0.0 0.0 0.075383306 0.0 0.0 0.0 0.0 0.022942467 0.0 0.0 0.027975168 0.0 0.0 0.0 0.0 0.021595726 0.22323877 0.0 0.0 0.0 0.18087482 0.0 0.09834468 0.0 0.0 0.0 0.0 0.0 0.03505832 0.0 0.0130515 0.04040795 0.0 0.0 0.0 0.0 0.006054366 0.0 0.013581658 0.0 0.0
0.0 0.10496495 0.0 0.13265467 0.07148464 0.0 0.061017636 0.0 0.0 0.0 0.0 0.0032328668 0.0 0.0 0.0 0.07119307 0.0 0.0 0.13931783 0.1270986 0.0 0.098907545 0.0 0.0 0.0 0.00057324476 0.0 0.0 0.0 0.0 0.0 0.0046642153 0.0 0.0 0.005390385 0.0 0.02332077 0.0 0.0 0.0 0.0 0.0 0.054091796 0.0 0.0 0.06764829 0.0 0.02081392 0.0 0.0 0.0 0.0 0.0 0.0 0.020034742 0.0
0.0 0.12838642 0.0 0.0 0.0 0.11976905 0.0 0.0 0.0 0.0 0.0 0.0 0.02543112 0.15032512 0.0 0.0022236973 0.036377385 0.0 0.0 0.0012317904 0.003565387 0.0 0.0 0.015596598 0.0 0.0 0.0 0.19752951 0.021595726 0.0 0.020440878 0.0 0.0 0.0 0.0 0.0326076 0.0 0.0 0.0 0.007547911 0.07407813 0.0 0.0 0.0 0.0 0.0 0.0 0.0 0.0 0.014414429 0.0 0.0 0.016462674 0.0 0.0 0.0
0.005533844 0.06213269 0.0 0.0 0.0 0.048665762 0.0 0.0 0.0 0.0 0.0 0.00818052 0.0 0.0 0.0 0.0 0.033957902 0.0 0.0 0.0339678 0.0 0.0 0.0 0.0 0.0 0.0 0.0 0.0 0.22323878 0.004664215 0.0 0.0 0.0 0.0 0.0 0.0 0.0 0.0 0.0012564545 0.26704895 0.0 0.12230514 0.0 0.014087042 0.0 0.026247788 0.0 0.0154029885 0.0 0.0 0.0 0.0 0.0 0.0 0.06683189 0.034924477
0.0 0.0073622875 0.0 0.0 0.0 0.0076117786 0.0 0.34083638 0.0 0.0 0.0 0.0 0.0 0.056839705 0.04874301 0.0 0.02504314 0.0 0.0 0.0 0.0 0.0 0.0 0.3072694 0.0 0.0 0.0 0.0 0.0 0.0 0.0 0.0 0.0 0.0 0.0 0.0 0.0 0.0 0.0 0.0 0.0 0.021743957 0.0 0.0 0.0 0.0 0.0 0.0 0.0 0.0 0.0 0.0 0.09905735 0.0 0.0 0.0
0.0 0.0 0.02759592 0.0 0.0 0.035462756 0.04539743 0.0 0.0 0.0 0.0 0.0 0.0 0.0 0.0 0.010829585 0.0 0.10061463 0.0 0.0 0.0 0.0 0.0 0.0 0.0 0.17312755 0.0 0.037613824 0.0 0.0 0.0 0.0 0.0 0.17069826 0.0 0.0 0.0 0.0 0.0 0.0 0.0 0.0 0.0 0.04901333 0.0 0.0 0.0 0.0 0.0 0.0 0.0 0.0 0.112140656 0.0 0.0 0.0
0.0243993 0.0 0.0032290528 0.0 0.0 0.0 0.0 0.03664369 0.0 0.0 0.0 0.0 0.0 0.0 0.0 0.0 0.0 0.0 0.0 0.0 0.0 0.0 0.0 0.06812203 0.0 0.0 0.0 0.0 0.0 0.0053903847 0.0 0.0 0.0 0.0 0.2979074 0.033280328 0.0 0.0 0.0 0.0 0.03663988 0.0 0.0 0.0 0.03662442 0.0 0.0 0.0 0.0 0.0 0.0 0.4579983 0.0 0.011507439 0.0 0.0
0.08521217 0.0 0.0 0.010412383 0.0 0.0 0.0 0.0 0.0 0.0 0.0 0.0 0.0 0.0 0.0 0.0 0.0 0.14998059 0.0 0.0 0.0 0.0 0.0 0.0 0.0 0.0 0.09224582 0.0 0.18087482 0.0 0.0326076 0.0 0.0 0.0 0.03328033 0.0 0.0 0.0 0.0 0.0 0.0 0.0 0.0 0.0 0.0 0.0 0.0 0.027598467 0.0 0.0 0.04213195 0.0 0.0 0.0 0.10678284 0.0
0.0 0.0 0.0 0.0 0.073101915 0.0 0.0 0.0051489356 0.0 0.016653353 0.0 0.0 0.0 0.0 0.0 0.019107236 0.0 0.0 0.0 0.0 0.0 0.0 0.0 0.0 0.0 0.0 0.0 0.0 0.0 0.02332077 0.0 0.0 0.0 0.0 0.0 0.0 0.22324789 0.041852634 0.0 0.0 0.0063966764 0.0 0.20145941 0.0 0.18372595 0.0 0.0 0.032319035 0.0 0.0 0.0 0.065475814 0.10603646 0.010767417 0.0 0.0
0.08107429 0.023521556 0.0 0.0 0.0 0.0 0.0 0.046988767 0.0 0.040173955 0.0 0.0 0.0 0.0020125066 0.0 0.0 0.23386851 0.0011037722 0.0 0.0 0.0 0.0 0.0 0.0 0.0 0.0 0.0 0.0 0.09834468 0.0 0.0 0.0 0.0 0.0 0.0 0.0 0.041852634 0.0 0.0 0.040279105 0.10850211 0.0 0.0 0.0 0.03231859 0.0 0.04527743 0.0 0.0 0.07211431 0.0 0.0 0.08721722 0.010761683 0.0 0.0
0.004204543 0.0 0.0 0.18737875 0.0 0.0 0.1915914 0.101907775 0.0 0.06737509 0.09575593 0.0 0.010907578 0.0 0.019798689 0.0 0.0 0.0 0.029590381 0.014547009 0.0 0.0 0.0 0.0 0.0 0.07046448 0.0 0.0 0.0 0.0 0.0 0.0012564545 0.0 0.0 0.0 0.0 0.0 0.0 0.0 0.0 0.0 0.034591567 0.013136028 0.0 0.01951417 0.0 0.0 0.0 0.0 0.0 0.028520893 0.0 0.0 0.03368896 0.0 0.0
0.0 0.0 0.0 0.0 0.0 0.0 0.0 0.0 0.0 0.016018836 0.0 0.0 0.0 0.03714701 0.0 0.0 0.0 0.0 0.0 0.0 0.0 0.0 0.059309855 0.045746192 0.04506307 0.11928124 0.18758097 0.0720934 0.0 0.0 0.007547911 0.26704898 0.0 0.0 0.0 0.0 0.0 0.040279105 0.0 0.0 0.0 0.0 0.0 0.12109937 0.0 0.012980645 0.0 0.0 0.0 0.0 0.060859874 0.0 0.0 0.0 0.0 0.019675223
0.0 0.0 0.022595538 0.0 0.05619803 0.00788754 0.02151049 0.0 0.0 0.0 0.0 0.18733543 0.0 0.0 0.0 0.0005215671 0.0 0.06565342 0.0 0.0 0.0 0.0 0.11215998 0.0 0.059227236 0.03090875 0.16913342 0.0 0.0 0.0 0.07407813 0.0 0.0 0.0 0.03663988 0.0 0.006396676 0.10850211 0.0 0.0 0.0 0.0 0.0 0.0 0.0 0.11775622 0.0 0.0031629493 0.0 0.0 0.055830467 0.019062234 0.0 0.0 0.0 0.0
0.0 0.0 0.0 0.0 0.09759521 0.11994381 0.11278364 0.0 0.0 0.0 0.0 0.0 0.0 0.0 0.021187842 0.0 0.0 0.0 0.0 0.048958663 0.0 0.020861845 0.042800777 0.0 0.09142645 0.04144867 0.122047886 0.0 0.0 0.0 0.0 0.12230514 0.021743957 0.0 0.0 0.0 0.0 0.0 0.03459157 0.0 0.0 0.04722665 0.0 0.0 0.0 0.023947222 0.07270887 0.0 0.0 0.0 0.0 0.0 0.0 0.0 0.0 0.0
0.1642879 0.0 0.0 0.0 0.0 0.0 0.0 0.0 0.0 0.011533455 0.0 0.0 0.0 0.0 0.0 0.0 0.008616321 0.0 0.0 0.0 0.06505929 0.0 0.0 0.0 0.01311721 0.0037575862 0.0 0.0 0.0 0.054091793 0.0 0.0 0.0 0.0 0.0 0.0 0.20145941 0.0 0.013136028 0.0 0.0 0.0 0.0 0.1434224 0.011690945 0.0 0.0 0.0 0.024020301 0.12757562 0.0 0.0 0.0615209 0.0 0.0 0.0
0.0 0.0 0.0 0.014982984 0.0 0.04209463 0.0 0.0 0.0034224389 0.0 0.0 0.053867966 0.07822686 0.0 0.0 0.0 0.008020849 0.0 0.0 0.0 0.0 0.0 0.0 0.0 0.0 0.0 0.0 0.0 0.035058316 0.0 0.0 0.014087042 0.0 0.049013335 0.0 0.0 0.0 0.0 0.0 0.12109936 0.0 0.0 0.1434224 0.0 0.0 0.006440227 0.0 0.0 0.0 0.0 0.027467942 0.0 0.0 0.0048021614 0.0 0.33942667
0.0 0.0 0.009750002 0.0 0.14800008 0.02184333 0.023739057 0.0 0.10890902 0.051046845 0.29187873 0.0 0.0 0.0 0.049134694 0.07172562 0.0 0.0 0.0 0.0 0.0 0.0 0.0 0.0 0.0 0.0 0.0 0.0 0.0 0.0 0.0 0.0 0.0 0.0 0.03662442 0.0 0.18372595 0.032318585 0.01951417 0.0 0.0 0.0 0.011690945 0.0 0.04733605 0.0 0.06870149 0.20624605 0.0 0.0 0.0 0.0 0.013990566 0.0 0.0 0.0
0.0 0.20473254 0.0037545122 0.0 0.0 0.027712777 0.0 0.0 0.07942159 0.0 0.0 0.030580657 0.0 0.0 0.0 0.0 0.0 0.051935114 0.0 0.09877252 0.0 0.0 0.0 0.0 0.0 0.0 0.0 0.0 0.013051501 0.067648284 0.0 0.026247788 0.0 0.0 0.0 0.0 0.0 0.0 0.0 0.0129806455 0.11775621 0.023947222 0.0 0.006440227 0.0 0.025216136 0.035043485 0.0 0.0 0.0 0.008380403 0.0 0.0 0.003219256 0.0 0.0
0.09429742 0.0 0.0 0.0 0.0 0.0 0.03475032 0.0 0.0 0.0 0.0 0.0 0.0 0.0 0.0 0.0 0.0 0.0 0.0 0.0 0.0 0.0 0.0 0.0 0.0 0.050632235 0.0 0.0 0.04040795 0.0 0.0 0.0 0.0 0.0 0.0 0.0 0.0 0.045277428 0.0 0.0 0.0 0.07270886 0.0 0.0 0.0687015 0.035043485 0.0 0.0 0.0 0.0 0.0 0.0 0.0 0.0 0.0 0.24651386
0.0 0.0 0.0 0.0 0.0 0.0 0.08394631 0.05824655 0.0 0.032807264 0.0 0.0 0.0 0.027858732 0.0 0.04490976 0.0 0.0 0.0 0.0 0.15299812 0.0 0.0 0.0 0.0 0.0 0.0 0.0 0.0 0.02081392 0.0 0.015402988 0.0 0.0 0.0 0.027598467 0.032319035 0.0 0.0 0.0 0.0031629493 0.0 0.0 0.0 0.20624605 0.0 0.0 0.0 0.0 0.0 0.0 0.008682033 0.0 0.05621581 0.0 0.0
0.0 0.0 0.0 0.0 0.0 0.0 0.017598284 0.09421956 0.0 0.052462656 0.0 0.0 0.018759012 0.11304729 0.022466293 0.06645309 0.0 0.0 0.06928841 0.0 0.0 0.0 0.0 0.035585724 0.0 0.045691676 0.0 0.17011791 0.0 0.0 0.0 0.0 0.0 0.0 0.0 0.0 0.0 0.0 0.0 0.0 0.0 0.0 0.024020301 0.0 0.0 0.0 0.0 0.0 0.0 0.0 0.0 0.0 0.0 0.049334787 0.1162435 0.030373087
0.0 0.0 0.0 0.301692 0.079987444 0.0301456 0.0 0.0 0.0 0.022721201 0.043669235 0.0 0.0 0.0 0.0 0.04520593 0.0 0.0 0.0 0.0 0.006471283 0.10617904 0.0 0.0 0.0 0.030141069 0.0 0.004017923 0.0 0.0 0.014414429 0.0 0.0 0.0 0.0 0.0 0.0 0.07211431 0.0 0.0 0.0 0.0 0.12757562 0.0 0.0 0.0 0.0 0.0 0.0 0.0 0.0 0.0 0.0 0.0 0.0 0.0
0.0 0.0 0.0 0.0 0.0 0.0 0.0 0.0 0.0025880334 0.05325299 0.0 0.0 0.09443936 0.24499336 0.0034930771 0.0 0.0 0.0 0.0 0.0 0.0 0.0 0.02415495 0.0035738852 0.0 0.0 0.059650015 0.09263809 0.0 0.0 0.0 0.0 0.0 0.0 0.0 0.04213195 0.0 0.0 0.028520893 0.060859874 0.05583047 0.0 0.0 0.027467942 0.0 0.008380403 0.0 0.0 0.0 0.0 0.20769702 0.0 0.0 0.005118019 0.0 0.0
0.0 0.0 0.0 0.0 0.0 0.0 0.0 0.0 0.0 0.0 0.0 0.0 0.0 0.0 0.0 0.12353257 0.0 0.0 0.0 0.058131255 0.0 0.0 0.0 0.0 0.0 0.0 0.081810884 0.0 0.006054366 0.0 0.0 0.0 0.0 0.0 0.4579983 0.0 0.065475814 0.0 0.0 0.0 0.019062234 0.0 0.0 0.0 0.0 0.0 0.0 0.008682033 0.0 0.0 0.0 0.040400345 0.0 0.0 0.0 0.0
0.024702083 0.025637962 0.0 0.100179106 0.0 0.10787005 0.022182794 0.0 0.0 0.0 0.0 0.014929463 0.0 0.0 0.0 0.025859162 0.0 0.0 0.0 0.053154502 0.0 0.23712339 0.0 0.0 0.0 0.0 0.0 0.0 0.0 0.0 0.016462674 0.0 0.099057354 0.11214065 0.0 0.0 0.10603646 0.08721723 0.0 0.0 0.0 0.0 0.061520897 0.0 0.013990566 0.0 0.0 0.0 0.0 0.0 0.0 0.0 0.0 0.0 0.0 0.0
0.21430784 0.0 0.0 0.0 0.00059550867 0.0 0.0059937574 0.0 0.0022378329 0.10305537 0.042373847 0.09776945 0.0 0.015860189 0.0 0.0 0.0 0.0086871125 0.0 0.0 0.024436638 0.028735606 0.0 0.0 0.0 0.010027428 0.15260552 0.0 0.013581658 0.0 0.0 0.0 0.0 0.0 0.011507439 0.0 0.010767418 0.010761683 0.03368896 0.0 0.0 0.0 0.0 0.0048021614 0.0 0.003219256 0.0 0.056215808 0.049334787 0.0 0.005118019 0.0 0.0 0.0 0.0 0.009980886
0.0 0.0 0.113362975 0.0 0.0 0.0 0.0 0.019328117 0.020339794 0.032926623 0.0 0.0 0.22478281 0.0827597 0.030273968 0.076113425 0.0 0.0 0.0 0.0 0.0 0.0 0.0 0.07904963 0.0 0.0 0.0 0.019724758 0.0 0.020034742 0.0 0.06683189 0.0 0.0 0.0 0.10678283 0.0 0.0 0.0 0.0 0.0 0.0 0.0 0.0 0.0 0.0 0.0 0.0 0.1162435 0.0 0.0 0.0 0.0 0.0 0.0 0.0
0.0 0.0 0.0 0.009285285 0.028065398 0.0 0.0 0.0 0.0 0.0 0.0 0.016612174 0.0 0.0 0.010338628 0.0 0.0 0.0 0.004507197 0.0 0.0 0.027082672 0.0038816002 0.0 0.08864254 0.17793174 0.022612583 0.0 0.0 0.0 0.0 0.034924477 0.0 0.0 0.0 0.0 0.0 0.0 0.0 0.019675223 0.0 0.0 0.0 0.33942667 0.0 0.0 0.24651387 0.0 0.030373087 0.0 0.0 0.0 0.0 0.009980886 0.0 0.02219263
