0.0 0.0 0.0073143705 0.0 0.0 0.0 0.0 0.0 0.0 0.0 0.0 0.0 0.07148665 0.055785596 0.0 0.0 0.0 0.084021844 0.064331405 0.0 0.06097989 0.0 0.0 0.0 0.1473202 0.0 0.0 0.0 0.0 0.0 0.01861532 0.0 0.016287042 0.030719738 0.0 0.0 0.0 0.0 0.0 0.0 0.030696124 0.07461704 0.0 0.0870075 0.0 0.0 0.036749527 0.0 0.0 0.02438699 0.0 0.0 0.21631533 0.0 0.0 0.0
0.0 0.0 0.0 0.020168778 0.0 0.12801084 0.024309427 0.00078922865 0.0 0.0 0.031398978 0.0 0.0 0.0 0.030843172 0.09019542 0.0 0.0 0.00896714 0.0039882716 0.0 0.0 0.0 0.0 0.0 0.0 0.0 0.09606019 0.0 0.0 0.123035334 0.06459268 0.0 0.0 0.0 0.0 0.022482071 0.03814893 0.0 0.08438268 0.0 0.0 0.056543212 0.0 0.0 0.0 0.0 0.0 0.13077755 0.0 0.0 0.0 0.0 0.0 0.0 0.013937933
0.00731437 0.0 0.0 0.0 0.0 0.0 0.0 0.068525255 0.00517191 0.0057999063 0.0 0.0 0.0 0.0 0.0 0.0 0.111796625 0.06388842 0.0 0.0 0.0 0.0 0.0 0.009228412 0.0 0.0 0.0 0.0096821105 0.06859124 0.0061622467 0.0 0.02335173 0.0 0.0 0.025551103 0.0 0.0 0.052682277 0.0 0.0 0.0 0.0 0.0 0.21773952 0.0 0.0 0.00015802709 0.087795585 0.0 0.0 0.0 0.0 0.0 0.0 0.0 0.111136094
0.0 0.02016878 0.0 0.0 0.0 0.0 0.0 0.06380627 0.0 0.0 0.0 0.036482915 0.0 0.0 0.0 0.0 0.06646651 0.018320654 0.0 0.0 0.0 0.03929222 0.0 0.0 0.0 0.0005425322 0.0 0.0 0.10909687 0.020639269 0.0 0.016576935 0.10445952 0.0 0.0 0.0 0.0 0.0 0.039688524 0.010029593 0.07110607 0.0 0.0 0.0 0.0 0.0 0.13401577 0.0 0.049195614 0.0 0.0 0.0 0.0 0.035059024 0.0 0.0
0.0 0.0 0.0 0.0 0.0 0.0 0.0 0.0 0.0 0.0 0.0 0.0 0.0 0.03176787 0.0701239 0.08611504 0.0 0.0 0.0 0.0 0.0 0.0 0.046487235 0.0 0.0 0.05722262 0.0 0.088135995 0.0 0.0 0.0 0.0 0.023485063 0.0 0.007944734 0.0 0.0 0.0 0.0 0.041801218 0.0 0.0 0.0 0.0416708 0.0 0.0 0.0 0.0730689 0.0 0.0 0.26571023 0.0 0.0 0.0 0.08325802 0.0
0.0 0.12801085 0.0 0.0 0.0 0.0 0.025782669 0.0 0.0 0.0 0.0 0.030670207 0.0 0.01985293 0.0 0.0 0.0 0.0 0.0 0.0 0.0 0.0 0.0 0.0 0.0 0.07515672 0.0 0.02643202 0.0 0.0 0.0348852 0.0 0.0 0.0 0.0 0.0 0.0 0.0 0.052523863 0.007991618 0.0 0.0 0.097122125 0.0 0.0 0.0 0.0 0.0 0.0 0.0 0.116961405 0.032127213 0.0 0.01698771 0.05363619 0.0
0.0 0.024309427 0.0 0.0 0.0 0.02578267 0.0 0.0 0.0 0.0 0.0 0.0 0.0 0.0 0.0 0.0 0.0 0.0 0.0 0.0 0.03407824 0.0 0.0 0.0 0.0 0.0 0.24822211 0.17782155 0.0 0.0 0.0 0.0 0.0 0.0 0.008160454 0.0 0.0 0.0 0.0 0.046215095 0.053354044 0.0 0.0 0.0 0.0 0.0 0.0 0.0 0.0 0.0 0.0 0.029229427 0.0 0.0 0.14518481 0.0
0.0 0.0007892286 0.06852525 0.06380627 0.0 0.0 0.0 0.0 0.0 0.0 0.03870918 0.0 0.022826461 0.0 0.0 0.042932745 0.0 0.0 0.097639464 0.0 0.12555125 0.0 0.0 0.0 0.0 0.0 0.033075366 0.0 0.0 0.0071001137 0.02658173 0.0 0.012483198 0.044714063 0.0 0.0 0.0 0.17671865 0.009571472 0.02117225 0.0 0.0 0.0 0.0 0.0 0.030506471 0.0 0.013384787 0.1088802 0.008160352 0.015242891 0.04628984 0.0655587 0.0 0.02472227 0.019536024
0.0 0.0 0.0051719104 0.0 0.0 0.0 0.0 0.0 0.08086619 0.0 0.0 0.0 0.013795535 0.0 0.0 0.0 0.0 0.0 0.0 0.0 0.0 0.018275892 0.0 0.02688077 0.0 0.0 0.0 0.0 0.0 0.0 0.0 0.0 0.0 0.0 0.0 0.11193763 0.0 0.0 0.036532488 0.12170179 0.020614047 0.019828612 0.2344967 0.0 0.004541257 0.0 0.06611159 0.0 0.08611442 0.0 0.033650283 0.0 0.0 0.0 0.0 0.005775997
0.0 0.0 0.0057999063 0.0 0.0 0.0 0.0 0.0 0.0 0.0 0.0 0.0 0.0 0.0 0.0 0.0 0.0 0.026972294 0.23969562 0.0 0.11936112 0.0 0.017753463 0.0 0.0 0.0 0.0 0.0 0.0 0.0 0.0 0.0 0.06808416 0.24408992 0.0 0.0 0.0 0.0 0.12121375 0.0 0.0 0.0 0.0 0.0 0.0 0.0 0.0 0.0 0.0 0.07090349 0.0 0.017415058 0.027299097 0.0 0.09534041 0.0
0.0 0.031398978 0.0 0.0 0.0 0.0 0.0 0.038709175 0.0 0.0 0.0 0.0 0.0 0.0 0.0 0.07942888 0.0032148315 0.0 0.0 0.0 0.0 0.0 0.02114436 0.011421787 0.0 0.0 0.0 0.0 0.0 0.047946505 0.0 0.0 0.101577364 0.014595855 0.13015814 0.0039350744 0.06380834 0.0 0.060733113 0.0 0.0 0.0 0.0 0.0 0.0076022847 0.0028671895 0.0 0.061023038 0.06831827 0.0 0.05839025 0.06121818 0.0 0.028653946 0.017552674 0.0
0.0 0.0 0.0 0.03648292 0.0 0.030670207 0.0 0.0 0.0 0.0 0.0 0.0 0.027593704 0.028472167 0.0 0.13281803 0.0 0.0 0.0 0.0 0.0 0.0 0.0 0.0 0.0 0.07018329 0.05192719 0.16164531 0.0 0.0 0.022617081 0.0 0.0 0.0 0.0056759254 0.0 0.0 0.06290172 0.0 0.0 0.0 0.0 0.0 0.0 0.0 0.0 0.0 0.05296937 0.000958504 0.0 0.066809446 0.080403246 0.0 0.04810852 0.2032579 0.0
0.07148665 0.0 0.0 0.0 0.0 0.0 0.0 0.022826461 0.013795535 0.0 0.0 0.027593702 0.031445187 0.0 0.0 0.0 0.10331719 0.045869548 0.018533016 0.0 0.0 0.0360018 0.0 0.0 0.0 0.0 0.0 0.0 0.105327964 0.0 0.0 0.0 0.016238669 0.0 0.04956194 0.0 0.0 0.0 0.0 0.120830186 0.0 0.045619328 0.049804717 0.0 0.0 0.0 0.047756284 0.0 0.0 0.0 0.0 0.0 0.0 0.030315544 0.0 0.20015456
0.055785596 0.0 0.0 0.0 0.031767868 0.01985293 0.0 0.0 0.0 0.0 0.0 0.028472165 0.0 0.0 0.0 0.0 0.0 0.0 0.0 0.12869224 0.0 0.0 0.20687866 0.0 0.0 0.0 0.11004446 0.0 0.0 0.0 0.0 0.0 0.032815322 0.0 0.0 0.0 0.0 0.0071512912 0.0025475095 0.0 0.0 0.0 0.0 0.0 0.0 0.0 0.0 0.0 0.06447467 0.0 0.06517248 0.0 0.0 0.0 0.0 0.0
0.0 0.030843172 0.0 0.0 0.0701239 0.0 0.0 0.0 0.0 0.0 0.0 0.0 0.0 0.0 0.0 0.0 0.0 0.0 0.0 0.0 0.0 0.123383254 0.0 0.0 0.009036488 0.0 0.0 0.0 0.0 0.14612496 0.012634678 0.13909093 0.0 0.0 0.0 0.0 0.0 0.047772057 0.0 0.0 0.0 0.12852368 0.0 0.060949396 0.0 0.0 0.0 0.0 0.0 0.0 0.0 0.0 0.0 0.0 0.0 0.0
0.0 0.09019541 0.0 0.0 0.08611504 0.0 0.0 0.042932745 0.0 0.0 0.07942889 0.13281803 0.0 0.0 0.0 0.0 0.0 0.0 0.0 0.0 0.0 0.0 0.0 0.0 0.0 0.078150585 0.0 0.041353952 0.0 0.03180643 0.037962515 0.055367123 0.019211764 0.014325136 0.0 0.0 0.0 0.0 0.04332567 0.0 0.0 0.0 0.0 0.0 0.03600176 0.08920785 0.0 0.0 0.0 0.0 0.0 0.0 0.0 0.0 0.0 0.0
0.0 0.0 0.111796625 0.06646651 0.0 0.0 0.0 0.0 0.0 0.0 0.0032148315 0.0 0.10331719 0.0 0.0 0.0 0.0 0.0 0.0050773947 0.0 0.0 0.013450009 0.0 0.0 0.0 0.0 0.0 0.009175349 0.0 0.0 0.111274265 0.06823995 0.0 0.0 0.0 0.0 0.0 0.14480577 0.0 0.023769755 0.0 0.0119452 0.0 0.017610602 0.0 0.10922962 0.0 0.10237835 0.0 0.0 0.0 0.0 0.0 0.0 0.0 0.01570947
0.08402184 0.0 0.06388842 0.018320654 0.0 0.0 0.0 0.0 0.0 0.026972292 0.0 0.0 0.04586955 0.0 0.0 0.0 0.0 0.0 0.0 0.0 0.01928319 0.0 0.006685006 0.0 0.0 0.013576827 0.0 0.0 0.09515941 0.0 0.0 0.0 0.11319422 0.0 0.0198227 0.0 0.0 0.0 0.09662079 0.0 0.034265075 0.0 0.0 0.0 0.06913781 0.0 0.0 0.097902104 0.004928868 0.0 0.037236825 0.0013305065 0.0 0.0 0.043666683 0.0
0.064331405 0.00896714 0.0 0.0 0.0 0.0 0.0 0.097639464 0.0 0.23969561 0.0 0.0 0.018533016 0.0 0.0 0.0 0.0050773947 0.0 0.0 0.0 0.0 0.06330307 0.0 0.0 0.0 0.0 0.0 0.0021297773 0.049747985 0.0 0.0 0.0 0.0 0.0 0.0 0.0 0.0935701 0.0 0.0 0.0 0.031810977 0.0 0.0 0.0 0.08630813 0.0 0.015931042 0.00092827185 0.0 0.022760468 0.0 0.0 0.0 0.0 0.0 0.14468528
0.0 0.0039882716 0.0 0.0 0.0 0.0 0.0 0.0 0.0 0.0 0.0 0.0 0.0 0.12869225 0.0 0.0 0.0 0.0 0.0 0.0 0.0 0.0 0.05793165 0.0 0.0 0.1510348 0.0 0.017616645 0.0 0.0 0.04490634 0.0 0.04638118 0.0 0.025464883 0.0 0.0 0.0 0.0 0.025615262 0.0 0.0 0.0 0.0 0.0 0.0 0.0 0.0 0.01885832 0.0 0.06508769 0.0 0.0 0.20166622 0.17696834 0.0
0.060979895 0.0 0.0 0.0 0.0 0.0 0.03407824 0.12555124 0.0 0.11936112 0.0 0.0 0.0 0.0 0.0 0.0 0.0 0.01928319 0.0 0.0 0.0 0.0 0.0 0.0 0.0 0.0 0.0 0.0 0.015429632 0.022870172 0.0 0.0 0.0 0.0 0.3260329 0.03311947 0.058603957 0.0 0.0 0.0 0.0 0.0 0.0 0.0 0.08895423 0.0 0.0 0.0 0.0 0.0 0.0 0.14939748 0.03407304 0.0 0.0 0.03181947
0.0 0.0 0.0 0.039292216 0.0 0.0 0.0 0.0 0.018275894 0.0 0.0 0.0 0.0360018 0.0 0.12338326 0.0 0.01345001 0.0 0.06330307 0.0 0.0 0.0 0.0 0.0 0.06817573 0.015700214 0.0 0.0 0.0 0.07700752 0.025812538 0.033006318 0.013160203 0.0 0.0 0.077688135 0.0 0.0 0.030970246 0.0 0.0 0.0 0.0 0.07838671 0.0 0.0 0.0 0.0 0.0 0.0 0.0 0.0 0.23414706 0.1164649 0.0 0.0050614234
0.0 0.0 0.0 0.0 0.046487235 0.0 0.0 0.0 0.0 0.017753465 0.02114436 0.0 0.0 0.20687865 0.0 0.0 0.0 0.006685006 0.0 0.057931654 0.0 0.0 0.1983851 0.12794381 0.0 0.07182157 0.017411627 0.0 0.0 0.0 0.0 0.0 0.0 0.0 0.0057090656 0.000579552 0.0 0.0 0.0 0.0 0.0 0.0 0.0 0.0 0.0 0.0 0.0 0.0 0.0 0.0 0.21105824 0.048311453 0.0 0.0 0.0050446116 0.0
0.0 0.0 0.009228412 0.0 0.0 0.0 0.0 0.0 0.026880769 0.0 0.011421786 0.0 0.0 0.0 0.0 0.0 0.0 0.0 0.0 0.0 0.0 0.0 0.12794381 0.0 0.0 0.0 0.0 0.0 0.0 0.113998026 0.0 0.002230284 0.24921553 0.021625726 0.0 0.16449688 0.0 0.05499561 0.020065038 0.0 0.0 0.0 0.0 0.0 0.0 0.0 0.00488436 0.0 0.19283204 0.0 0.0 0.0 0.0 0.0 0.0 0.0
0.14732018 0.0 0.0 0.0 0.0 0.0 0.0 0.0 0.0 0.0 0.0 0.0 0.0 0.0 0.009036488 0.0 0.0 0.0 0.0 0.0 0.0 0.06817573 0.0 0.0 0.0 0.0 0.0 0.0 0.0 0.0 0.0 0.0 0.08647473 0.0 0.0 0.0 0.0 0.0 0.0 0.0 0.060832545 0.005042653 0.0 0.2487071 0.008009349 0.0 0.0 0.0 0.041185196 0.0 0.06344994 0.0 0.0 0.0 0.0 0.081122115
0.0 0.0 0.0 0.0005425322 0.05722262 0.07515672 0.0 0.0 0.0 0.0 0.0 0.07018329 0.0 0.0 0.0 0.078150585 0.0 0.013576827 0.0 0.1510348 0.0 0.015700215 0.07182158 0.0 0.0 0.06756571 0.093711674 0.062320426 0.0 0.055955727 0.030373896 0.030298978 0.0 0.0 0.0 0.0 0.0 0.07648265 0.0076593244 0.0 0.0 0.0 0.0 0.0 0.0 0.1615303 0.0 0.0 0.0 0.0 0.004075145 0.0 0.0 0.0 0.0032884688 0.0
0.0 0.0 0.0 0.0 0.0 0.0 0.24822211 0.033075366 0.0 0.0 0.0 0.05192719 0.0 0.11004445 0.0 0.0 0.0 0.0 0.0 0.0 0.0 0.0 0.017411627 0.0 0.0 0.093711674 0.0 0.0 0.17546764 0.0 0.0 0.0 0.029367551 0.02029142 0.07906376 0.05852383 0.0 0.0 0.0 0.0 0.0 0.0 0.0 0.0 0.054274566 0.0 0.09538468 0.0 0.0 0.0 0.0 0.095249556 0.0 0.03265484 0.015546972 0.0
0.0 0.09606019 0.009682111 0.0 0.088135995 0.026432019 0.17782155 0.0 0.0 0.0 0.0 0.16164531 0.0 0.0 0.0 0.041353952 0.009175349 0.0 0.002129777 0.017616645 0.0 0.0 0.0 0.0 0.0 0.062320426 0.0 0.0 0.0 0.03232276 0.056787908 0.0 0.00047097434 0.029692447 0.0 0.0 0.0 0.0 0.0 0.0 0.0 0.044657096 0.0 0.0 0.0 0.0046750717 0.150204 0.0 0.0 0.0 0.0 0.0 0.0 0.0331463 0.0 0.0
0.0 0.0 0.06859124 0.10909686 0.0 0.0 0.0 0.0 0.0 0.0 0.0 0.0 0.105327964 0.0 0.0 0.0 0.0 0.09515942 0.049747985 0.0 0.015429632 0.0 0.0 0.0 0.0 0.0 0.17546766 0.0 0.0 0.0 0.04916976 0.16746758 0.012637979 0.0 0.0025440566 0.0 0.0 0.12392623 0.0 0.019390551 0.0 0.0 0.0 0.0 0.0 0.0 0.0 0.0 0.0 0.0 0.0 0.0 0.0 0.0 0.0 0.0
0.0 0.0 0.0061622467 0.020639267 0.0 0.0 0.0 0.0071001137 0.0 0.0 0.047946505 0.0 0.0 0.0 0.14612494 0.03180643 0.0 0.0 0.0 0.0 0.022870172 0.077007525 0.0 0.11399803 0.0 0.055955727 0.0 0.03232276 0.0 0.0 0.0 0.15463036 0.0 0.0 0.0 0.0 0.0 0.0 0.008629946 0.0 0.0 0.0 0.0 0.04053885 0.024803065 0.0 0.0 0.08939068 0.0072510135 0.0 0.0 0.0 0.0 0.0 0.0 0.0
0.01861532 0.123035334 0.0 0.0 0.0 0.0348852 0.0 0.02658173 0.0 0.0 0.0 0.022617083 0.0 0.0 0.012634678 0.03796252 0.111274265 0.0 0.0 0.044906344 0.0 0.025812536 0.0 0.0 0.0 0.030373896 0.0 0.056787908 0.04916976 0.0 0.0 0.0 0.0 0.0 0.0 0.0 0.0 0.0 0.035441034 0.040603817 0.066407606 0.0 0.058095504 0.0 0.17594329 0.0 0.086662486 0.0 0.0 0.0 0.0 0.0 0.0 0.0139503395 0.0 0.0
0.0 0.06459268 0.02335173 0.016576935 0.0 0.0 0.0 0.0 0.0 0.0 0.0 0.0 0.0 0.0 0.13909094 0.055367123 0.06823996 0.0 0.0 0.0 0.0 0.033006318 0.0 0.002230284 0.0 0.030298978 0.0 0.0 0.16746758 0.15463036 0.0 0.09661427 0.0 0.0 0.0 0.17775583 0.0 0.0 0.041844085 0.0 0.0 0.0 0.0 0.06529114 0.0 0.0 0.0 0.0 0.0 0.0 0.0 0.0 0.0 0.0 0.0 0.0
0.016287044 0.0 0.0 0.10445952 0.023485063 0.0 0.0 0.012483198 0.0 0.06808416 0.101577364 0.0 0.016238669 0.032815326 0.0 0.019211764 0.0 0.11319422 0.0 0.046381176 0.0 0.013160204 0.0 0.24921551 0.08647473 0.0 0.029367551 0.00047097434 0.012637979 0.0 0.0 0.0 0.024230788 0.0 0.0 0.0 0.0 0.0 0.0 0.0 0.0 0.0 0.0 0.0 0.0 0.039951727 0.0 0.10543017 0.0 0.0 0.02725582 0.02587371 0.0 0.0 0.009861395 0.0
0.030719738 0.0 0.0 0.0 0.0 0.0 0.0 0.04471406 0.0 0.2440899 0.014595855 0.0 0.0 0.0 0.0 0.014325136 0.0 0.0 0.0 0.0 0.0 0.0 0.0 0.021625726 0.0 0.0 0.02029142 0.029692449 0.0 0.0 0.0 0.0 0.0 0.0 0.061049215 0.0 0.283259 0.0 0.0 0.0 0.0 0.03331509 0.050935414 0.0 0.0 0.0 0.0 0.0 0.0 0.0 0.0 0.0 0.0 0.0 0.09386407 0.0
0.0 0.0 0.025551103 0.0 0.007944733 0.0 0.008160454 0.0 0.0 0.0 0.13015814 0.005675925 0.049561936 0.0 0.0 0.0 0.0 0.019822702 0.0 0.025464883 0.32603294 0.0 0.0057090656 0.0 0.0 0.0 0.07906376 0.0 0.0025440566 0.0 0.0 0.0 0.0 0.061049215 0.0 0.0 0.0 0.0 0.0 0.0 0.0 0.0 0.0018740977 0.0 0.0 0.0 0.0 0.0 0.0 0.09599548 0.0 0.0 0.12385698 0.0 0.0 0.0
0.0 0.0 0.0 0.0 0.0 0.0 0.0 0.0 0.11193762 0.0 0.0039350744 0.0 0.0 0.0 0.0 0.0 0.0 0.0 0.0 0.0 0.03311947 0.07768814 0.000579552 0.16449688 0.0 0.0 0.058523826 0.0 0.0 0.0 0.0 0.17775583 0.0 0.0 0.0 0.0 0.0 0.10696945 0.0 0.0 0.0 0.009701157 0.0 0.0 0.0 0.0 0.0 0.0 0.03925544 0.0 0.0 0.0 0.0 0.0 0.0 0.0
0.0 0.022482071 0.0 0.0 0.0 0.0 0.0 0.0 0.0 0.0 0.06380834 0.0 0.0 0.0 0.0 0.0 0.0 0.0 0.0935701 0.0 0.058603954 0.0 0.0 0.0 0.0 0.0 0.0 0.0 0.0 0.0 0.0 0.0 0.0 0.283259 0.0 0.0 0.24998392 0.0 0.056157228 0.0 0.0 0.0 0.0 0.0 0.0 0.031879935 0.0 0.0 0.0 0.073382586 0.0038449243 0.06929827 0.0 0.0 0.0 0.0
0.0 0.03814893 0.052682277 0.0 0.0 0.0 0.0 0.17671865 0.0 0.0 0.0 0.06290172 0.0 0.0071512912 0.04777206 0.0 0.14480577 0.0 0.0 0.0 0.0 0.0 0.0 0.054995615 0.0 0.076482646 0.0 0.0 0.12392622 0.0 0.0 0.0 0.0 0.0 0.0 0.10696945 0.0 0.0 0.0 0.0 0.0619834 0.0 0.0 0.0537578 0.0 0.0 0.0 0.06470443 0.0 0.0 0.0049402025 0.0043066554 0.0 0.0 0.005902722 0.0
0.0 0.0 0.0 0.039688524 0.0 0.052523866 0.0 0.009571472 0.036532488 0.12121374 0.060733113 0.0 0.0 0.0025475095 0.0 0.04332567 0.0 0.09662078 0.0 0.0 0.0 0.030970246 0.0 0.020065038 0.0 0.0076593244 0.0 0.0 0.0 0.008629946 0.03544103 0.04184408 0.0 0.0 0.0 0.0 0.056157224 0.0 0.0 0.0 0.0 0.0 0.0 0.033258013 0.0 0.18941762 0.005880589 0.06496819 0.0 0.0 0.053979717 0.0 0.0 0.0 0.01741612 0.0
0.0 0.08438268 0.0 0.010029593 0.041801218 0.007991618 0.0462151 0.02117225 0.12170179 0.0 0.0 0.0 0.120830186 0.0 0.0 0.0 0.023769753 0.0 0.0 0.025615262 0.0 0.0 0.0 0.0 0.0 0.0 0.0 0.0 0.01939055 0.0 0.040603813 0.0 0.0 0.0 0.0 0.0 0.0 0.0 0.0 0.1251102 0.029512446 0.085674174 0.22755721 0.0 0.0 0.0 0.14799346 0.0 0.012734504 0.0 0.0 0.0 0.0 0.072542354 0.0 0.0
0.030696124 0.0 0.0 0.07110607 0.0 0.0 0.053354044 0.0 0.020614047 0.0 0.0 0.0 0.0 0.0 0.0 0.0 0.0 0.03426507 0.031810977 0.0 0.0 0.0 0.0 0.0 0.060832545 0.0 0.0 0.0 0.0 0.0 0.066407606 0.0 0.0 0.0 0.0 0.0 0.0 0.0619834 0.0 0.029512446 0.0 0.03541684 0.0 0.003443779 0.0 0.0 0.0 0.0 0.0 0.08176012 0.0 0.0 0.09064536 0.17080252 0.0 0.18667385
0.07461704 0.0 0.0 0.0 0.0 0.0 0.0 0.0 0.019828614 0.0 0.0 0.0 0.045619324 0.0 0.12852368 0.0 0.0119452 0.0 0.0 0.0 0.0 0.0 0.0 0.0 0.0050426526 0.0 0.0 0.044657093 0.0 0.0 0.0 0.0 0.0 0.033315092 0.0 0.009701156 0.0 0.0 0.0 0.085674174 0.035416838 0.0045254943 0.0 0.026003854 0.034438472 0.0 0.0 0.0 0.0 0.28102615 0.0 0.0 0.0 0.0 0.0 0.12571871
0.0 0.056543212 0.0 0.0 0.0 0.097122125 0.0 0.0 0.2344967 0.0 0.0 0.0 0.049804714 0.0 0.0 0.0 0.0 0.0 0.0 0.0 0.0 0.0 0.0 0.0 0.0 0.0 0.0 0.0 0.0 0.0 0.058095507 0.0 0.0 0.050935414 0.0018740977 0.0 0.0 0.0 0.0 0.22755723 0.0 0.0 0.0 0.0 0.0 0.0 0.0 0.0018940521 0.11838033 0.0 0.0 0.0054451684 0.0 0.0 0.0 0.0
0.0870075 0.0 0.21773951 0.0 0.0416708 0.0 0.0 0.0 0.0 0.0 0.0 0.0 0.0 0.0 0.060949393 0.0 0.017610602 0.0 0.0 0.0 0.0 0.07838671 0.0 0.0 0.24870709 0.0 0.0 0.0 0.0 0.040538847 0.0 0.065291144 0.0 0.0 0.0 0.0 0.0 0.0537578 0.033258013 0.0 0.003443779 0.026003854 0.0 0.0 0.0 0.067103066 0.0 0.0 0.0 0.042354576 0.0 0.0 0.015275055 0.0 0.0 0.0
0.0 0.0 0.0 0.0 0.0 0.0 0.0 0.0 0.004541257 0.0 0.007602285 0.0 0.0 0.0 0.0 0.03600176 0.0 0.06913781 0.08630813 0.0 0.08895423 0.0 0.0 0.0 0.008009349 0.0 0.054274566 0.0 0.0 0.024803065 0.17594329 0.0 0.0 0.0 0.0 0.0 0.0 0.0 0.0 0.0 0.0 0.034438472 0.0 0.0 0.0 0.0 0.0 0.05925608 0.0 0.0 0.0 0.13322853 0.12814613 0.0 0.046114873 0.0
0.0 0.0 0.0 0.0 0.0 0.0 0.0 0.030506473 0.0 0.0 0.0028671895 0.0 0.0 0.0 0.0 0.08920785 0.10922962 0.0 0.0 0.0 0.0 0.0 0.0 0.0 0.0 0.1615303 0.0 0.0046750717 0.0 0.0 0.0 0.0 0.039951727 0.0 0.0 0.0 0.031879935 0.0 0.18941763 0.0 0.0 0.0 0.0 0.067103066 0.0 0.0 0.0 0.034497026 0.0 0.0 0.05822806 0.0 0.0 0.0 0.0 0.0
0.036749527 0.0 0.0001580271 0.13401577 0.0 0.0 0.0 0.0 0.06611159 0.0 0.0 0.0 0.047756284 0.0 0.0 0.0 0.0 0.0 0.015931042 0.0 0.0 0.0 0.0 0.00488436 0.0 0.0 0.09538468 0.150204 0.0 0.0 0.086662486 0.0 0.0 0.0 0.0 0.0 0.0 0.0 0.005880589 0.14799346 0.0 0.0 0.0 0.0 0.0 0.0 0.0 0.058361795 0.011858618 0.0 0.0 0.0 0.0 0.0 0.047814623 0.0
0.0 0.0 0.08779558 0.0 0.07306891 0.0 0.0 0.013384787 0.0 0.0 0.061023038 0.05296937 0.0 0.0 0.0 0.0 0.10237835 0.097902104 0.0009282718 0.0 0.0 0.0 0.0 0.0 0.0 0.0 0.0 0.0 0.0 0.08939069 0.0 0.0 0.10543017 0.0 0.0 0.0 0.0 0.06470443 0.06496819 0.0 0.0 0.0 0.001894052 0.0 0.05925608 0.034497026 0.058361795 0.040513717 0.0 0.0 0.0 0.0 0.0 0.0 0.0156029025 0.0
0.0 0.13077755 0.0 0.049195614 0.0 0.0 0.0 0.1088802 0.08611442 0.0 0.06831827 0.000958504 0.0 0.06447468 0.0 0.0 0.0 0.004928868 0.0 0.01885832 0.0 0.0 0.0 0.19283204 0.041185196 0.0 0.0 0.0 0.0 0.007251013 0.0 0.0 0.0 0.0 0.0 0.03925544 0.0 0.0 0.0 0.012734504 0.0 0.0 0.11838034 0.0 0.0 0.0 0.011858618 0.0 0.0 0.0 0.027209982 0.0 0.0 0.06968076 0.0 0.0
0.02438699 0.0 0.0 0.0 0.0 0.0 0.0 0.008160352 0.0 0.07090349 0.0 0.0 0.0 0.0 0.0 0.0 0.0 0.0 0.022760468 0.0 0.0 0.0 0.0 0.0 0.0 0.0 0.0 0.0 0.0 0.0 0.0 0.0 0.0 0.0 0.095995486 0.0 0.073382586 0.0 0.0 0.0 0.081760116 0.28102618 0.0 0.042354573 0.0 0.0 0.0 0.0 0.0 0.026115233 0.0 0.08372231 0.0 0.0 0.0 0.075444944
0.0 0.0 0.0 0.0 0.2657102 0.116961405 0.0 0.015242892 0.033650283 0.0 0.05839025 0.066809446 0.0 0.06517248 0.0 0.0 0.0 0.037236825 0.0 0.0650877 0.0 0.0 0.21105824 0.0 0.06344994 0.0040751453 0.0 0.0 0.0 0.0 0.0 0.0 0.027255822 0.0 0.0 0.0 0.0038449245 0.0049402025 0.053979717 0.0 0.0 0.0 0.0 0.0 0.0 0.05822806 0.0 0.0 0.027209982 0.0 0.079612456 0.026509 0.0 0.0 0.0 0.0
0.0 0.0 0.0 0.0 0.0 0.032127213 0.029229427 0.046289843 0.0 0.017415058 0.06121818 0.080403246 0.0 0.0 0.0 0.0 0.0 0.0013305065 0.0 0.0 0.14939748 0.0 0.048311453 0.0 0.0 0.0 0.09524955 0.0 0.0 0.0 0.0 0.0 0.02587371 0.0 0.0 0.0 0.069298275 0.004306656 0.0 0.0 0.0 0.0 0.0054451684 0.0 0.13322853 0.0 0.0 0.0 0.0 0.08372231 0.026508998 0.0 0.0 0.0 0.0 0.0
0.21631533 0.0 0.0 0.0 0.0 0.0 0.0 0.0655587 0.0 0.027299095 0.0 0.0 0.0 0.0 0.0 0.0 0.0 0.0 0.0 0.0 0.034073044 0.23414704 0.0 0.0 0.0 0.0 0.0 0.0 0.0 0.0 0.0 0.0 0.0 0.0 0.12385698 0.0 0.0 0.0 0.0 0.0 0.09064536 0.0 0.0 0.015275056 0.12814613 0.0 0.0 0.0 0.0 0.0 0.0 0.0 0.0 0.0 0.010647882 0.095619015
0.0 0.0 0.0 0.035059027 0.0 0.016987707 0.0 0.0 0.0 0.0 0.028653946 0.04810852 0.030315546 0.0 0.0 0.0 0.0 0.0 0.0 0.2016662 0.0 0.1164649 0.0 0.0 0.0 0.0 0.032654837 0.0331463 0.0 0.0 0.01395034 0.0 0.0 0.0 0.0 0.0 0.0 0.0 0.0 0.072542354 0.17080252 0.0 0.0 0.0 0.0 0.0 0.0 0.0 0.06968076 0.0 0.0 0.0 0.0 0.12604621 0.0 0.0
0.0 0.0 0.0 0.0 0.08325802 0.053636193 0.14518481 0.024722273 0.0 0.09534041 0.017552676 0.2032579 0.0 0.0 0.0 0.0 0.0 0.04366668 0.0 0.17696834 0.0 0.0 0.0050446116 0.0 0.0 0.003288469 0.015546974 0.0 0.0 0.0 0.0 0.0 0.009861395 0.09386407 0.0 0.0 0.0 0.005902722 0.017416121 0.0 0.0 0.0 0.0 0.0 0.046114873 0.0 0.047814623 0.0156029025 0.0 0.0 0.0 0.0 0.010647883 0.0 0.0 0.0
0.0 0.013937934 0.111136094 0.0 0.0 0.0 0.0 0.019536024 0.005775997 0.0 0.0 0.0 0.20015456 0.0 0.0 0.0 0.015709471 0.0 0.14468528 0.0 0.03181947 0.005061423 0.0 0.0 0.081122115 0.0 0.0 0.0 0.0 0.0 0.0 0.0 0.0 0.0 0.0 0.0 0.0 0.0 0.0 0.0 0.18667386 0.12571871 0.0 0.0 0.0 0.0 0.0 0.0 0.0 0.075444944 0.0 0.0 0.095619015 0.0 0.0 0.0
