0.047118574 0.00823061 0.0 0.0 0.14934386 0.0 0.0 0.0071491157 0.0 0.036728248 0.0 0.0 0.13181593 0.27194658 0.0 0.0 0.0 0.0 0.094128415 0.0 0.0 0.0 0.0 0.0 0.01831094 0.01517541 0.0 0.0 0.0 0.0 0.053766694 0.0 0.0 0.0 0.0 0.047781117 0.006594301 0.0 0.0 0.0 0.0 0.0 0.0 0.0 0.0 0.0 0.0 0.10144464 0.0 0.0 0.0 0.0 0.0 0.0 0.036897812 0.0
0.00823061 0.19104664 0.0 0.08286918 0.0 0.0 0.0 0.0 0.0 0.0 0.043608576 0.006037786 0.0 0.0 0.0 0.054882135 0.0 0.061788738 0.0 0.0047527477 0.0 0.0 0.0 0.11385216 0.0 0.0 0.03501556 0.0 0.0 0.0 0.0 0.052966904 0.016205546 0.0 0.0 0.012439574 0.0 0.17041248 0.0 0.0 0.0 0.0 0.0 0.0 0.0 0.0 0.0 0.0 0.0 0.0 0.01992529 0.0 0.0350336 0.0 0.02049723 0.0
0.0 0.0 0.0 0.0 0.0 0.0 0.0 0.0 0.0 0.0 0.0 0.22569375 0.09920614 0.0 0.0 0.0 0.1727369 0.0 0.0 0.0 0.043591537 0.0 0.0 0.0 0.009500278 0.0 0.0 0.0 0.0 0.0 0.0 0.0 0.0 0.0 0.0 0.0021871591 0.0 0.0 0.0 0.0 0.08769105 0.03341131 0.04453344 0.0 0.0 0.0 0.13866605 0.0 0.0 0.019619431 0.0 0.0 0.119083814 0.0 0.0 0.0
0.0 0.08286918 0.0 0.24059719 0.0 0.011699131 0.0 0.0 0.0 0.0 0.0 0.03272653 0.0 0.0 0.034492377 0.0 0.0 0.0 0.0 0.0 0.0 0.0 0.0 0.0 0.0 0.0 0.03737288 0.03616074 0.0 0.0 0.0 0.0 0.0 0.0 0.0 0.0 0.0 0.0 0.0 0.031681247 0.018377824 0.0685296 0.0 0.07194531 0.0 0.0 0.0 0.0 0.09053997 0.124260955 0.0 0.0 0.0 0.0 0.0 0.012054073
0.14934386 0.0 0.0 0.0 0.0 0.0 0.0 0.20168002 0.0 0.030726727 0.0 0.0 0.0 0.0 0.0 0.0 0.0 0.0 0.0 0.0 0.0 0.0 0.06603734 0.12353927 0.0 0.07646033 0.0 0.006645815 0.0 0.0 0.0 0.0 0.0 0.0 0.15982887 0.0 0.023245255 0.0 0.0 0.0 0.08213128 0.07919211 0.0 0.04192504 0.027089763 0.0 0.0 0.0 0.0 0.0 0.0 0.08776132 0.0 0.0 0.0 0.0
0.0 0.0 0.0 0.01169913 0.0 0.18772005 0.0 0.0 0.0 0.0 0.05397103 0.0 0.0 0.0 0.0 0.040269032 0.0 0.0 0.0 0.0 0.0 0.0 0.107037924 0.0 0.0 0.03123819 0.106975555 0.038325462 0.0 0.004025821 0.0 0.0 0.23523436 0.0 0.0 0.0 0.0 0.0 0.105532914 0.0 0.0 0.0 0.0 0.0 0.0 0.0 0.0 0.0 0.024577452 0.0 0.050183985 0.0 0.0 0.0 0.0 0.0
0.0 0.0 0.0 0.0 0.0 0.0 0.0 0.0 0.0 0.0 0.0 0.0 0.0 0.037353083 0.0 0.0 0.0 0.0 0.0 0.0 0.0 0.0 0.025266845 0.0 0.0 0.035520755 0.019934105 0.0 0.0 0.0 0.0 0.0 0.0 0.0 0.0019043908 0.013605095 0.042805985 0.0 0.0 0.0 0.17444743 0.047607772 0.15710191 0.0 0.0 0.0 0.035741538 0.0 0.0 0.0 0.098329 0.115407355 0.0 0.10596422 0.0 0.0
0.0071491157 0.0 0.0 0.0 0.20168002 0.0 0.0 0.0 0.0 0.0 0.0 0.0 0.0 0.024466585 0.026309798 0.014687571 0.0071109305 0.0 0.0 0.016364397 0.0 0.0 0.105294235 0.0 0.017629948 0.02312826 0.0 0.0 0.0 0.0 0.11489318 0.0 0.0 0.091980815 0.0 0.0071388134 0.0 0.0 0.0 0.016788833 0.0 0.0 0.0 0.0 0.0 0.0 0.0 0.08386676 0.0 0.0 0.00279893 0.0 0.0 0.0 0.19652121 0.0
0.0 0.0 0.0 0.0 0.0 0.0 0.0 0.0 0.24222708 0.0 0.0 0.0 0.0 0.0 0.0 0.0 0.0 0.0 0.0 0.0 0.0 0.0 0.0 0.062131166 0.0 0.0 0.0 0.0 0.0 0.0 0.0 0.2507359 0.14082961 0.0 0.0 0.023923589 0.0 0.014974424 0.0 0.0 0.0716033 0.015150664 0.0 0.0 0.0 0.0 0.18683091 0.0 0.0 0.0 0.0 0.015916137 0.0 0.0 0.0 0.0
0.03672825 0.0 0.0 0.0 0.030726725 0.0 0.0 0.0 0.0 0.16874397 0.0 0.0 0.0544697 0.035697848 0.039130084 0.0 0.0 0.0 0.0 0.14876582 0.0 0.0 0.0 0.0 0.21176891 0.0 0.0 0.0 0.0 0.0031632998 0.0 0.0 0.0 0.0 0.0 0.0 0.10976719 0.0 0.0 0.0 0.0 0.0 0.0 0.0 0.037510823 0.0 0.0 0.16191551 0.0 0.0 0.0 0.0 0.0 0.0 0.0 0.0
0.0 0.04360858 0.0 0.0 0.0 0.053971026 0.0 0.0 0.0 0.0 0.0 0.0 0.009404959 0.0 0.10400095 0.057239458 0.0 0.0 0.23866665 0.0 0.0 0.031622745 0.0 0.0 0.07174821 0.0 0.0 0.0 0.0 0.06524632 0.014361399 0.0 0.0 0.0 0.0 0.0 0.0 0.0 0.16528462 0.0 0.0 0.0 0.0 0.041321564 0.0 0.0 0.0 0.0 0.059080724 0.033646062 0.0 0.0 0.0 0.0 0.0 0.0
0.0 0.0060377866 0.22569375 0.032726526 0.0 0.0 0.0 0.0 0.0 0.0 0.0 0.24706928 0.0 0.0 0.0 0.0 0.03352154 0.0 0.0 0.0 0.0 0.0 0.0 0.0 0.04282027 0.053115398 0.0 0.0 0.0 0.07382138 0.0 0.0 0.03787926 0.0 0.0 0.0 0.0 0.0 0.0 0.0 0.09419129 0.0 0.073536515 0.05332318 0.01902728 0.0 0.0 0.0 0.0 0.0 0.0 0.0 0.0 0.029577335 0.0 0.0
0.13181594 0.0 0.09920614 0.0 0.0 0.0 0.0 0.0 0.0 0.054469705 0.009404959 0.0 0.0 0.0 0.0 0.0 0.0 0.10872593 0.0 0.0 0.0 0.0 0.0 0.0 0.0 0.0 0.0 0.0 0.105901554 0.0 0.0 0.0 0.0 0.074995786 0.0 0.0 0.0 0.0 0.0 0.0 0.0 0.0 0.0 0.0 0.024165878 0.052286774 0.017778315 0.0 0.01711158 0.16000046 0.0 0.0 0.0 0.0 0.0 0.037702307
0.27194658 0.0 0.0 0.0 0.0 0.0 0.037353087 0.024466584 0.0 0.035697848 0.0 0.0 0.0 0.0 0.0 0.0 0.0 0.0 0.0 0.0 0.0 0.0 0.0 0.09048055 0.0 0.0 0.0 0.0 0.0 0.0 0.0 0.0 0.0 0.23862374 0.0 0.0 0.045083757 0.0 0.0 0.0 0.0 0.0029031315 0.0 0.0 0.0 0.0 0.0 0.0 0.0 0.03020583 0.0 0.10077853 0.0 0.09194134 0.1097894 0.0
0.0 0.0 0.0 0.034492377 0.0 0.0 0.0 0.0263098 0.0 0.03913008 0.104000956 0.0 0.0 0.0 0.0 0.04893442 0.0 0.05587972 0.0 0.07825304 0.0 0.0 0.08408598 0.021008926 0.0 0.0053129112 0.22836027 0.0 0.0 0.0 0.06370474 0.0 0.0 0.0 0.0 0.0 0.0017247414 0.0 0.0 0.0 0.0 0.0 0.009616462 0.0 0.06633262 0.0 0.0 0.012723117 0.0 0.0 0.091658406 0.0 0.0 0.0 0.0 0.0
0.0 0.054882135 0.0 0.0 0.0 0.040269032 0.0 0.014687571 0.0 0.0 0.057239458 0.0 0.0 0.0 0.04893442 0.0 0.0 0.0 0.0 0.104787536 0.0 0.0 0.0057011773 0.0 0.0 0.0 0.10440187 0.0 0.0 0.0 0.0 0.0 0.0 0.0 0.0 0.0 0.06458069 0.0 0.020343889 0.0 0.0 0.0 0.0 0.0 0.0 0.057586033 0.0 0.0 0.0 0.0 0.19431478 0.0 0.0 0.08254099 0.0 0.0
0.0 0.0 0.1727369 0.0 0.0 0.0 0.0 0.00711093 0.0 0.0 0.0 0.033521537 0.0 0.0 0.0 0.0 0.118662305 0.06720332 0.0 0.0 0.0 0.0 0.0 0.0 0.0 0.0 0.0 0.0 0.0 0.0 0.0 0.0 0.0686297 0.0 0.0 0.0 0.0 0.014255552 0.0 0.0 0.0 0.0 0.040467028 0.0023479513 0.35560519 0.0 0.0 0.0 0.0 0.0 0.0 0.0 0.0 0.0 0.0 0.0
0.0 0.06178874 0.0 0.0 0.0 0.0 0.0 0.0 0.0 0.0 0.0 0.0 0.108725935 0.0 0.05587972 0.0 0.06720332 0.0 0.01401353 0.0 0.0 0.0 0.0 0.0 0.10077891 0.0 0.0 0.0 0.0 0.10831243 0.0 0.02778618 0.0 0.0 0.0 0.0 0.0 0.0 0.052973136 0.053534187 0.0 0.026892142 0.0 0.22463696 0.0 0.0 0.01028915 0.0 0.10616853 0.011908727 0.0 0.0 0.07189556 0.0 0.0 0.0
0.094128415 0.0 0.0 0.0 0.0 0.0 0.0 0.0 0.0 0.0 0.23866665 0.0 0.0 0.0 0.0 0.0 0.0 0.01401353 0.0 0.0 0.0 0.0 0.0 0.017777031 0.0 0.0 0.034018684 0.0 0.0 0.0 0.026003094 0.0 0.0 0.0 0.0 0.0 0.0 0.0 0.0 0.0 0.15685679 0.025264703 0.0 0.0 0.1184568 0.0 0.0084950775 0.0 0.0 0.0 0.0 0.0 0.0 0.066044256 0.0 0.0
0.0 0.004752748 0.0 0.0 0.0 0.0 0.0 0.016364397 0.0 0.14876582 0.0 0.0 0.0 0.0 0.078253046 0.104787536 0.0 0.0 0.0 0.0 0.0 0.0 0.0 0.0 0.0 0.0 0.0 0.0 0.0 0.1014745 0.0 0.0 0.0 0.0 0.0034648823 0.0 0.06807223 0.14915806 0.1831077 0.016286118 0.0 0.0 0.0 0.0 0.0 0.0 0.0 0.0 0.0 0.025187315 0.0 0.0 0.041773904 0.0 0.0 0.0
0.0 0.0 0.043591537 0.0 0.0 0.0 0.0 0.0 0.0 0.0 0.0 0.0 0.0 0.0 0.0 0.0 0.0 0.0 0.0 0.0 0.0 0.0 0.0 0.0 0.0 0.0 0.0 0.044615503 0.0 0.0 0.0 0.0 0.0 0.0 0.0 0.064757906 0.0 0.09605204 0.0 0.17221709 0.05597444 0.0 0.0 0.0 0.0 0.0 0.0 0.0 0.0 0.0 0.0 0.01467558 0.0 0.21426934 0.0 0.25532925
0.0 0.0 0.0 0.0 0.0 0.0 0.0 0.0 0.0 0.0 0.031622745 0.0 0.0 0.0 0.0 0.0 0.0 0.0 0.0 0.0 0.0 0.0 0.2904326 0.0 0.0 0.020130325 0.11504365 0.0073543973 0.0 0.0 0.0 0.0 0.0 0.0 0.0 0.0 0.0 0.09274811 0.0 0.112237096 0.0 0.0 0.0 0.0 0.012385637 0.0 0.0 0.055759627 0.0 0.0 0.21603613 0.0 0.0 0.0 0.17416228 0.0
0.0 0.0 0.0 0.0 0.06603734 0.10703792 0.025266845 0.105294235 0.0 0.0 0.0 0.0 0.0 0.0 0.08408598 0.0057011773 0.0 0.0 0.0 0.0 0.0 0.2904326 0.0 0.0 0.0 0.0 0.0 0.0 0.04520407 0.1825572 0.0 0.0 0.0 0.0 0.0 0.0 0.0 0.0 0.0 0.0 0.0 0.0 0.0 0.0 0.0 0.061139923 0.0 0.0 0.0 0.0 0.0 0.0 0.0 0.0 0.0 0.042934828
0.0 0.113852166 0.0 0.0 0.12353926 0.0 0.0 0.0 0.06213117 0.0 0.0 0.0 0.0 0.09048055 0.021008926 0.0 0.0 0.0 0.017777031 0.0 0.0 0.0 0.0 0.08583426 0.07419452 0.0 0.0 0.0 0.0 0.036963563 0.0 0.080972515 0.0 0.0 0.0 0.047866832 0.0 0.0 0.0 0.06398886 0.0 0.0 0.0 0.051400285 0.0 0.0 0.0 0.08341636 0.0 0.0 0.0 0.0 0.029244129 0.041276064 0.0 0.0
0.01831094 0.0 0.009500277 0.0 0.0 0.0 0.0 0.017629946 0.0 0.2117689 0.07174821 0.042820267 0.0 0.0 0.0 0.0 0.0 0.10077891 0.0 0.0 0.0 0.0 0.0 0.07419452 0.0 0.021987492 0.039665308 0.024113977 0.0 0.0 0.0 0.0 0.0 0.0 0.080294594 0.0 0.2397955 0.10911493 0.0 0.0 0.0 0.0 0.0 0.0 0.12378808 0.0 0.0 0.019278841 0.0 0.0 0.0025551445 0.0 0.0 0.0 0.0 0.0
0.01517541 0.0 0.0 0.0 0.07646034 0.03123819 0.03552076 0.02312826 0.0 0.0 0.0 0.053115398 0.0 0.0 0.0053129112 0.0 0.0 0.0 0.0 0.0 0.0 0.020130325 0.0 0.0 0.021987492 0.0 0.0 0.0 0.21370995 0.01392472 0.0 0.005348855 0.0 0.0 0.0 0.0 0.0 0.0 0.0 0.0 0.0 0.0 0.0 0.094460204 0.0 0.066028975 0.0 0.0 0.09159537 0.1318882 0.0 0.0 0.08722515 0.0 0.0 0.0
0.0 0.035015557 0.0 0.03737288 0.0 0.106975555 0.019934105 0.0 0.0 0.0 0.0 0.0 0.0 0.0 0.22836028 0.10440187 0.0 0.0 0.034018684 0.0 0.0 0.11504365 0.0 0.0 0.039665308 0.0 0.0 0.0 0.0 0.094735034 0.0 0.014055859 0.0 0.0 0.0 0.0 0.0 0.0 0.0 0.0 0.0 0.0 0.020417308 0.028580729 0.0 0.010386495 0.0 0.0 0.08970255 0.02699115 0.0 0.0 0.035041448 0.0 0.0 0.0
0.0 0.0 0.0 0.03616074 0.0066458154 0.038325462 0.0 0.0 0.0 0.0 0.0 0.0 0.0 0.0 0.0 0.0 0.0 0.0 0.0 0.0 0.044615503 0.0073543973 0.0 0.0 0.024113975 0.0 0.0 0.045634747 0.0 0.0 0.052171476 0.0 0.12748931 0.042802826 0.0 0.0 0.0 0.0 0.0 0.13758685 0.0 0.0 0.0 0.03724612 0.0 0.0766559 0.0 0.015620792 0.34292865 0.00981476 0.0 0.0 0.03118634 0.0127181085 0.0 0.0
0.0 0.0 0.0 0.0 0.0 0.0 0.0 0.0 0.0 0.0 0.0 0.0 0.105901554 0.0 0.0 0.0 0.0 0.0 0.0 0.0 0.0 0.0 0.045204066 0.0 0.0 0.21370995 0.0 0.0 0.0 0.0 0.08157685 0.0 0.13426113 0.0 0.0 0.0 0.0 0.0 0.0 0.0 0.0028707061 0.0 0.034498066 0.0 0.10838084 0.0 0.0 0.0 0.0 0.0 0.0 0.0 0.0 0.0 0.14186387 0.0
0.0 0.0 0.0 0.0 0.0 0.004025821 0.0 0.0 0.0 0.0031632998 0.065246314 0.07382138 0.0 0.0 0.0 0.0 0.0 0.10831243 0.0 0.1014745 0.0 0.0 0.18255721 0.036963563 0.0 0.013924719 0.09473503 0.0 0.0 0.0 0.0 0.0 0.0 0.0 0.0 0.0 0.0 0.0 0.0 0.0 0.0 0.0 0.0 0.0 0.0010346498 0.0 0.0 0.017712902 0.0 0.015220214 0.11048862 0.0 0.0 0.0 0.0 0.0
0.053766694 0.0 0.0 0.0 0.0 0.0 0.0 0.11489318 0.0 0.0 0.014361399 0.0 0.0 0.0 0.06370474 0.0 0.0 0.0 0.026003096 0.0 0.0 0.0 0.0 0.0 0.0 0.0 0.0 0.052171476 0.08157684 0.0 0.0 0.021628797 0.0 0.0 0.0 0.0 0.0 0.0 0.14712194 0.0 0.086392365 0.092242636 0.0 0.027962355 0.0 0.12811448 0.0 0.0 0.0 0.0 0.0 0.0 0.0 0.0 0.0 0.04720893
0.0 0.052966904 0.0 0.0 0.0 0.0 0.0 0.0 0.2507359 0.0 0.0 0.0 0.0 0.0 0.0 0.0 0.0 0.02778618 0.0 0.0 0.0 0.0 0.0 0.080972515 0.0 0.005348855 0.014055859 0.0 0.0 0.0 0.021628799 0.0 0.0 0.0 0.0 0.0 0.0 0.0 0.0 0.0 0.16165663 0.27821037 0.028183922 0.027843358 0.0 0.0 0.054361973 0.0 0.0 0.0 0.0 0.0 0.0 0.11242735 0.0 0.0
0.0 0.016205546 0.0 0.0 0.0 0.23523436 0.0 0.0 0.14082961 0.0 0.0 0.037879255 0.0 0.0 0.0 0.0 0.0686297 0.0 0.0 0.0 0.0 0.0 0.0 0.0 0.0 0.0 0.0 0.12748931 0.13426112 0.0 0.0 0.0 0.0 0.0 0.0 0.053337347 0.0 0.009426764 0.0 0.0 0.0 0.0 0.0 0.006680322 0.0 0.0 0.047085755 0.0 0.0 0.0 0.0 0.0 0.0 0.0 0.0 0.040597532
0.0 0.0 0.0 0.0 0.0 0.0 0.0 0.091980815 0.0 0.0 0.0 0.0 0.074995786 0.23862375 0.0 0.0 0.0 0.0 0.0 0.0 0.0 0.0 0.0 0.0 0.0 0.0 0.0 0.042802826 0.0 0.0 0.0 0.0 0.0 0.07991062 0.0 0.11337318 0.0 0.0 0.0 0.0067321556 0.06904319 0.0 0.10716809 0.0 0.0 0.0 0.0 0.0 0.0 0.0 0.0 0.09813669 0.0 0.0 0.0 0.0
0.0 0.0 0.0 0.0 0.15982886 0.0 0.0019043906 0.0 0.0 0.0 0.0 0.0 0.0 0.0 0.0 0.0 0.0 0.0 0.0 0.0034648823 0.0 0.0 0.0 0.0 0.08029459 0.0 0.0 0.0 0.0 0.0 0.0 0.0 0.0 0.0 0.0 0.0 0.07775531 0.0 0.0 0.011005603 0.0 0.0 0.0 0.0 0.0 0.01523311 0.0 0.15608825 0.0 0.0 0.0 0.0 0.21821095 0.03162274 0.1350596 0.0
0.047781117 0.012439574 0.0021871591 0.0 0.0 0.0 0.013605095 0.0071388134 0.023923589 0.0 0.0 0.0 0.0 0.0 0.0 0.0 0.0 0.0 0.0 0.0 0.064757906 0.0 0.0 0.047866832 0.0 0.0 0.0 0.0 0.0 0.0 0.0 0.0 0.053337343 0.11337318 0.0 0.040282495 0.0 0.0 0.0 0.0 0.0 0.07508873 0.0 0.0 0.08369798 0.0 0.06786419 0.0 0.024898142 0.047727734 0.0 0.013953205 0.08444309 0.0 0.0 0.0
0.006594301 0.0 0.0 0.0 0.023245255 0.0 0.042805985 0.0 0.0 0.10976719 0.0 0.0 0.0 0.045083754 0.0017247415 0.064580694 0.0 0.0 0.0 0.06807223 0.0 0.0 0.0 0.0 0.2397955 0.0 0.0 0.0 0.0 0.0 0.0 0.0 0.0 0.0 0.07775531 0.0 0.16154744 0.0 0.0 0.0 0.0 0.0 0.0 0.0 0.0 0.0 0.0 0.044128112 0.0 0.0 0.026920637 0.0 0.0 0.0 0.0 0.0
0.0 0.17041247 0.0 0.0 0.0 0.0 0.0 0.0 0.014974424 0.0 0.0 0.0 0.0 0.0 0.0 0.0 0.014255553 0.0 0.0 0.14915806 0.096052036 0.092748106 0.0 0.0 0.10911492 0.0 0.0 0.0 0.0 0.0 0.0 0.0 0.009426764 0.0 0.0 0.0 0.0 0.0 0.018403899 0.0 0.0 0.0 0.0 0.08592829 0.0 0.0 0.053810723 0.0 0.0 0.033010148 0.0 0.0 0.0 0.0 0.0 0.04254278
0.0 0.0 0.0 0.0 0.0 0.105532914 0.0 0.0 0.0 0.0 0.16528462 0.0 0.0 0.0 0.0 0.020343889 0.0 0.052973136 0.0 0.1831077 0.0 0.0 0.0 0.0 0.0 0.0 0.0 0.0 0.0 0.0 0.14712195 0.0 0.0 0.0 0.0 0.0 0.0 0.018403899 0.0 0.0 0.0 0.0 0.1100781 0.0 0.15236689 0.12857783 0.0 0.0 0.0 0.0 0.0 0.0 0.0 0.0 0.0 0.0
0.0 0.0 0.0 0.031681247 0.0 0.0 0.0 0.016788833 0.0 0.0 0.0 0.0 0.0 0.0 0.0 0.0 0.0 0.053534187 0.0 0.016286118 0.17221707 0.112237096 0.0 0.06398886 0.0 0.0 0.0 0.13758685 0.0 0.0 0.0 0.0 0.0 0.006732155 0.011005603 0.0 0.0 0.0 0.0 0.0 0.0 0.0 0.0 0.0 0.0 0.0 0.0 0.0 0.13183016 0.1504386 0.0 0.012917055 0.058941778 0.0 0.0 0.0
0.0 0.0 0.08769104 0.018377822 0.08213128 0.0 0.17444742 0.0 0.0716033 0.0 0.0 0.0941913 0.0 0.0 0.0 0.0 0.0 0.0 0.15685679 0.0 0.05597444 0.0 0.0 0.0 0.0 0.0 0.0 0.0 0.0028707064 0.0 0.086392365 0.16165663 0.0 0.06904319 0.0 0.0 0.0 0.0 0.0 0.0 0.0 0.04903192 0.0 0.0 0.0 0.0 0.0 0.0 0.0 0.0 0.0 0.0 0.048991147 0.0 0.0 0.0
0.0 0.0 0.03341131 0.0685296 0.07919211 0.0 0.047607772 0.0 0.015150664 0.0 0.0 0.0 0.0 0.0029031315 0.0 0.0 0.0 0.026892142 0.025264703 0.0 0.0 0.0 0.0 0.0 0.0 0.0 0.0 0.0 0.0 0.0 0.09224264 0.27821037 0.0 0.0 0.0 0.07508874 0.0 0.0 0.0 0.0 0.04903192 0.0 0.012985027 0.0 0.0 0.0 0.07476887 0.0 0.0 0.0 0.0 0.028786436 0.0 0.0046125734 0.0 0.0
0.0 0.0 0.044533443 0.0 0.0 0.0 0.1571019 0.0 0.0 0.0 0.0 0.073536515 0.0 0.0 0.009616462 0.0 0.040467028 0.0 0.0 0.0 0.0 0.0 0.0 0.0 0.0 0.0 0.02041731 0.0 0.034498066 0.0 0.0 0.028183924 0.0 0.1071681 0.0 0.0 0.0 0.0 0.1100781 0.0 0.0 0.012985027 0.0 0.04062593 0.0 0.0 0.11870074 0.03734564 0.0 0.1374217 0.0 0.0 0.0 0.0034245048 0.0 0.03753871
0.0 0.0 0.0 0.0719453 0.041925035 0.0 0.0 0.0 0.0 0.0 0.04132156 0.05332318 0.0 0.0 0.0 0.0 0.0023479513 0.22463696 0.0 0.0 0.0 0.0 0.0 0.05140029 0.0 0.09446021 0.028580729 0.03724612 0.0 0.0 0.027962355 0.027843358 0.0066803214 0.0 0.0 0.0 0.0 0.08592829 0.0 0.0 0.0 0.0 0.04062593 0.0 0.0 0.034844756 0.0 0.0 0.0 0.0 0.011001223 0.054498132 0.013876807 0.0 0.0 0.0
0.0 0.0 0.0 0.0 0.027089763 0.0 0.0 0.0 0.0 0.037510823 0.0 0.019027282 0.02416588 0.0 0.06633263 0.0 0.3556052 0.0 0.1184568 0.0 0.0 0.012385637 0.0 0.0 0.12378807 0.0 0.0 0.0 0.10838083 0.0010346498 0.0 0.0 0.0 0.0 0.0 0.08369798 0.0 0.0 0.15236689 0.0 0.0 0.0 0.0 0.0 0.0 0.011172548 0.0 0.0 0.0 0.0 0.0 0.0 0.0 0.0 0.0 0.0
0.0 0.0 0.0 0.0 0.0 0.0 0.0 0.0 0.0 0.0 0.0 0.0 0.052286774 0.0 0.0 0.057586033 0.0 0.0 0.0 0.0 0.0 0.0 0.061139923 0.0 0.0 0.06602898 0.010386496 0.076655895 0.0 0.0 0.12811448 0.0 0.0 0.0 0.01523311 0.0 0.0 0.0 0.12857783 0.0 0.0 0.0 0.0 0.034844756 0.011172548 0.0 0.0044428622 0.0 0.053870875 0.037167426 0.22296964 0.0 0.0 0.03135289 0.0 0.0
0.0 0.0 0.13866603 0.0 0.0 0.0 0.035741538 0.0 0.18683091 0.0 0.0 0.0 0.017778315 0.0 0.0 0.0 0.0 0.010289149 0.0084950775 0.0 0.0 0.0 0.0 0.0 0.0 0.0 0.0 0.0 0.0 0.0 0.0 0.054361977 0.047085755 0.0 0.0 0.06786419 0.0 0.053810727 0.0 0.0 0.0 0.07476887 0.11870074 0.0 0.0 0.0044428622 0.0 0.0 0.0 0.0 0.018849907 0.006462735 0.0 0.016355507 0.0 0.0
0.10144464 0.0 0.0 0.0 0.0 0.0 0.0 0.08386676 0.0 0.16191553 0.0 0.0 0.0 0.0 0.012723117 0.0 0.0 0.0 0.0 0.0 0.0 0.055759624 0.0 0.08341635 0.01927884 0.0 0.0 0.015620793 0.0 0.0177129 0.0 0.0 0.0 0.0 0.15608826 0.0 0.044128112 0.0 0.0 0.0 0.0 0.0 0.037345644 0.0 0.0 0.0 0.0 0.0 0.0 0.06359959 0.0 0.0 0.0 0.0 0.0 0.0
0.0 0.0 0.0 0.09053997 0.0 0.024577452 0.0 0.0 0.0 0.0 0.05908072 0.0 0.01711158 0.0 0.0 0.0 0.0 0.10616854 0.0 0.0 0.0 0.0 0.0 0.0 0.0 0.09159537 0.08970255 0.34292865 0.0 0.0 0.0 0.0 0.0 0.0 0.0 0.024898142 0.0 0.0 0.0 0.13183016 0.0 0.0 0.0 0.0 0.0 0.05387087 0.0 0.0 0.0 0.0 0.0 0.0 0.0 0.010775883 0.0 0.0
0.0 0.0 0.019619431 0.124260955 0.0 0.0 0.0 0.0 0.0 0.0 0.03364606 0.0 0.16000046 0.030205831 0.0 0.0 0.0 0.011908727 0.0 0.025187315 0.0 0.0 0.0 0.0 0.0 0.13188821 0.02699115 0.00981476 0.0 0.015220214 0.0 0.0 0.0 0.0 0.0 0.04772773 0.0 0.033010144 0.0 0.15043859 0.0 0.0 0.1374217 0.0 0.0 0.037167426 0.0 0.06359959 0.0 0.0 0.067579776 0.0 0.0 0.0 0.060782958 0.0
0.0 0.01992529 0.0 0.0 0.0 0.05018398 0.09832899 0.00279893 0.0 0.0 0.0 0.0 0.0 0.0 0.091658406 0.19431478 0.0 0.0 0.0 0.0 0.0 0.21603613 0.0 0.0 0.0025551445 0.0 0.0 0.0 0.0 0.11048863 0.0 0.0 0.0 0.0 0.0 0.0 0.026920635 0.0 0.0 0.0 0.0 0.0 0.0 0.011001223 0.0 0.22296964 0.018849907 0.0 0.0 0.067579776 0.0 0.0 0.014255314 0.0055979146 0.0 0.03890983
0.0 0.0 0.0 0.0 0.08776132 0.0 0.11540736 0.0 0.015916137 0.0 0.0 0.0 0.0 0.10077853 0.0 0.0 0.0 0.0 0.0 0.0 0.01467558 0.0 0.0 0.0 0.0 0.0 0.0 0.0 0.0 0.0 0.0 0.0 0.0 0.09813669 0.0 0.013953205 0.0 0.0 0.0 0.012917055 0.0 0.028786436 0.0 0.054498132 0.0 0.0 0.0064627347 0.0 0.0 0.0 0.0 0.0 0.08977168 0.05066015 0.0041458067 0.3221329
0.0 0.035033602 0.119083814 0.0 0.0 0.0 0.0 0.0 0.0 0.0 0.0 0.0 0.0 0.0 0.0 0.0 0.0 0.071895555 0.0 0.0417739 0.0 0.0 0.0 0.029244129 0.0 0.087225154 0.035041444 0.031186339 0.0 0.0 0.0 0.0 0.0 0.0 0.21821094 0.08444309 0.0 0.0 0.0 0.058941778 0.04899115 0.0 0.0 0.013876808 0.0 0.0 0.0 0.0 0.0 0.0 0.014255313 0.08977168 0.0 0.0 0.037075255 0.0
0.0 0.0 0.0 0.0 0.0 0.0 0.10596423 0.0 0.0 0.0 0.0 0.029577335 0.0 0.09194134 0.0 0.08254098 0.0 0.0 0.066044256 0.0 0.21426934 0.0 0.0 0.041276067 0.0 0.0 0.0 0.0127181085 0.0 0.0 0.0 0.11242735 0.0 0.0 0.03162274 0.0 0.0 0.0 0.0 0.0 0.0 0.0046125734 0.0034245048 0.0 0.0 0.031352893 0.016355507 0.0 0.010775883 0.0 0.0055979146 0.050660145 0.0 0.0 0.0 0.0
0.036897812 0.02049723 0.0 0.0 0.0 0.0 0.0 0.19652121 0.0 0.0 0.0 0.0 0.0 0.1097894 0.0 0.0 0.0 0.0 0.0 0.0 0.0 0.17416228 0.0 0.0 0.0 0.0 0.0 0.0 0.14186387 0.0 0.0 0.0 0.0 0.0 0.1350596 0.0 0.0 0.0 0.0 0.0 0.0 0.0 0.0 0.0 0.0 0.0 0.0 0.0 0.0 0.06078296 0.0 0.004145807 0.037075255 0.0 0.0 0.15422474
0.0 0.0 0.0 0.012054073 0.0 0.0 0.0 0.0 0.0 0.0 0.0 0.0 0.037702307 0.0 0.0 0.0 0.0 0.0 0.0 0.0 0.25532925 0.0 0.042934828 0.0 0.0 0.0 0.0 0.0 0.0 0.0 0.04720893 0.0 0.040597532 0.0 0.0 0.0 0.0 0.042542785 0.0 0.0 0.0 0.0 0.03753871 0.0 0.0 0.0 0.0 0.0 0.0 0.0 0.03890983 0.3221329 0.0 0.0 0.15422474 0.0
