0.15760462 0.0 0.0 0.0 0.016432399 0.0 0.13491061 0.10414771 0.0 0.18919426 0.0 0.0 0.0 0.0 0.04346316 0.0 0.0 0.0 0.0 0.0 0.0 0.0 0.0 0.0 0.0 0.0 0.0 0.0064624115 0.34851986 0.0 0.0 0.0 0.0 0.0 0.0 0.0 0.037687156 0.0 0.0 0.0 0.0073663723 0.0 0.0 0.0 0.012213452 0.0 0.0 0.0 0.0 0.049183495 0.0 0.0 0.0 0.0 0.0 0.04422828
0.0 0.11822527 0.0 0.1357349 0.0 0.0 0.0 0.0 0.028330896 0.0 0.0 0.0 0.0 0.0 0.0 0.0 0.0 0.0 0.029768486 0.0 0.0 0.0 0.0 0.0 0.0 0.0 0.0 0.0 0.0 0.0 0.14272298 0.0 0.0 0.010666992 0.0 0.0 0.0 0.07886805 0.0019026836 0.022946646 0.0 0.15527304 0.08771278 0.06016784 0.0 0.011734255 0.092770986 0.0 0.0 0.025980353 0.0 0.0 0.0 0.04793686 0.0 0.11244055
0.0 0.0 0.0 0.0 0.0 0.0 0.0 0.0 0.0 0.0 0.12499179 0.0 0.0 0.0 0.21738042 0.063723914 0.0 0.015660165 0.0 0.086527206 0.0 0.0 0.0 0.0 0.0 0.0 0.016431479 0.0 0.0 0.114117905 0.0 0.0 0.0 0.0 0.0 0.0 0.0138924 0.04775469 0.0 0.0 0.0 0.0 0.0 0.0 0.0 0.0 0.0 0.0 0.0 0.0 0.0 0.14032415 0.0 0.0 0.0 0.0
0.0 0.1357349 0.0 0.0 0.0 0.0 0.03697465 0.0 0.029350325 0.0 0.0 0.049616445 0.0 0.0 0.0 0.0 0.01683417 0.07182114 0.0 0.0 0.0 0.0 0.0 0.16636235 0.21047495 0.0 0.0 0.0 0.0 0.0 0.0 0.0 0.0 0.0 0.0 0.00089563767 0.0 0.004976404 0.0 0.0 0.0 0.0 0.0 0.013756637 0.0 0.0 0.0 0.15527402 0.0 0.0 0.0 0.0 0.052276433 0.0 0.0 0.0
0.016432399 0.0 0.0 0.0 0.0 0.0 0.0 0.0 0.0 0.16189207 0.0 0.0 0.0 0.0 0.0 0.0 0.0 0.0 0.0030057565 0.020241221 0.0 0.0 0.0 0.2453712 0.0 0.0 0.0 0.0 0.0 0.0 0.0 0.0 0.0 0.0 0.092650495 0.025207996 0.16764583 0.0 0.0 0.0 0.0 0.0 0.037705056 0.0 0.073464714 0.0 0.0 0.021489928 0.0 0.0 0.0 0.064265825 0.0 0.0 0.0 0.0
0.0 0.0 0.0 0.0 0.0 0.0 0.0 0.0 0.0 0.09310103 0.16563061 0.07482645 0.0 0.0 0.0 0.0 0.0 0.0835239 0.0 0.0 0.0 0.0 0.057309743 0.0742658 0.0 0.044373732 0.0 0.0 0.0 0.0 0.0432861 0.0 0.0 0.0 0.0 0.0 0.0126914885 0.03903483 0.0 0.0 0.0 0.0 0.0 0.016592575 0.15628774 0.0 0.0 0.0 0.0 0.0 0.03580479 0.0 0.0 0.0 0.034412157 0.0
0.13491061 0.0 0.0 0.03697465 0.0 0.0 0.0 0.01235209 0.0 0.011521055 0.0 0.0 0.0 0.0 0.0 0.0 0.0 0.0 0.0 0.0 0.0 0.0 0.1613243 0.0 0.0 0.0 0.08129304 0.0 0.0 0.0 0.0 0.0 0.04055416 0.0 0.0 0.0 0.012991589 0.01947457 0.0 0.0 0.0 0.0 0.0 0.0 0.0 0.0 0.0 0.0 0.0 0.0 0.23586635 0.024026344 0.0 0.0 0.10028338 0.0
0.10414771 0.0 0.0 0.0 0.0 0.0 0.01235209 0.0 0.0 0.024611289 0.0 0.0 0.0 0.0 0.069847025 0.0 0.0 0.0 0.0 0.0 0.05890229 0.0 0.0 0.0 0.0 0.0 0.0 0.0 0.13073552 0.0 0.0 0.0 0.0 0.0 0.0 0.0 0.11920306 0.0 0.0 0.034718663 0.005446103 0.0 0.0 0.0 0.054071464 0.0 0.0 0.0 0.0 0.28403005 0.0 0.0 0.0 0.0 0.0 0.09339282
0.0 0.028330896 0.0 0.029350325 0.0 0.0 0.0 0.0 0.0 0.0 0.0 0.0 0.0 0.0028876024 0.0 0.047536165 0.02262897 0.21533912 0.0 0.01548332 0.0 0.0 0.0 0.0 0.09565422 0.0 0.0 0.0 0.0 0.0 0.0 0.0 0.0 0.0 0.0 0.0 0.0 0.0 0.0 0.0 0.0 0.0 0.0 0.0 0.0 0.0 0.040778715 0.0 0.0 0.0 0.0 0.0 0.39199084 0.0 0.0 0.0
0.18919426 0.0 0.0 0.0 0.16189209 0.093101025 0.011521055 0.024611287 0.0 0.008663552 0.0 0.0 0.0 0.020856626 0.0 0.034161415 0.0 0.0 0.0 0.0 0.0 0.0 0.0 0.0 0.0 0.026904799 0.037255075 0.10537369 0.0 0.0 0.018203538 0.0 0.0 0.0 0.0 0.0 0.0 0.0 0.0 0.0 0.06653958 0.0 0.0 0.0 0.06358526 0.10173915 0.0 0.0 0.065717034 0.12594932 0.0 0.0 0.0 0.0 0.0 0.0
0.0 0.0 0.12499179 0.0 0.0 0.16563061 0.0 0.0 0.0 0.0 0.14041306 0.0 0.0 0.0 0.028911129 0.0 0.0 0.0 0.0 0.0 0.0 0.0 0.0 0.0 0.0 0.0 0.0 0.0093278615 0.0 0.0 0.0 0.0 0.0 0.0 0.0 0.0 0.23678453 0.10919156 0.0 0.0 0.0 0.0 0.0 0.0 0.06905892 0.0 0.0 0.022976581 0.0 0.0 0.0 0.0 0.0 0.0 0.0 0.0
0.0 0.0 0.0 0.049616445 0.0 0.07482644 0.0 0.0 0.0 0.0 0.0 0.033482462 0.0 0.0 0.13971497 0.168588 0.0 0.0 0.14967063 0.018277893 0.0 0.0 0.07086284 0.0 0.0 0.025498936 0.050107032 0.002941628 0.0 0.0 0.082180634 0.0 0.030982204 0.0 0.0 0.0 0.0 0.0 0.03527697 0.024142804 0.0 0.0 0.0 0.0 0.0 0.0 0.0 0.0 0.15985848 0.0 0.0 0.0 0.0 0.0 0.0 0.0
0.0 0.0 0.0 0.0 0.0 0.0 0.0 0.0 0.0 0.0 0.0 0.0 0.0 0.0 0.0 0.0050625624 0.0 0.02015532 0.0 0.035985973 0.0 0.22710846 0.0 0.0 0.0 0.0 0.0 0.0 0.0 0.0 0.07970843 0.0 0.01868128 0.22890562 0.07710851 0.020709962 0.0 0.11421105 0.014051804 0.0 0.0 0.010074393 0.0 0.0 0.0 0.006161523 0.0 0.007913129 0.0 0.11690682 0.042112168 0.0 0.0 0.00734672 0.039150354 0.0
0.0 0.0 0.0 0.0 0.0 0.0 0.0 0.0 0.0028876027 0.020856626 0.0 0.0 0.0 0.0 0.0 0.0 0.0 0.052479845 0.0 0.0 0.0 0.0 0.06667019 0.0 0.0 0.020587247 0.23600498 0.0 0.0 0.0 0.0 0.0 0.14309305 0.0 0.04046122 0.0 0.06863612 0.13739538 0.0 0.0 0.0 0.0 0.0 0.0 0.0 0.09795855 0.0 0.010653188 0.0 0.011261466 0.19579327 0.0 0.0 0.007233918 0.013712378 0.0
0.043463156 0.0 0.2173804 0.0 0.0 0.0 0.0 0.06984702 0.0 0.0 0.028911129 0.13971497 0.0 0.0 0.0 0.0 0.07280325 0.01866835 0.0 0.0 0.016702922 0.0 0.0 0.0 0.119283274 0.0 0.0 0.0 0.0 0.05685826 0.076472744 0.04596772 0.0 0.0 0.0 0.0 0.0 0.0 0.0 0.0 0.0 0.010883817 0.0 0.0 0.0 0.06587494 0.0 0.023485672 0.0 0.06131643 0.0 0.0 0.014422007 0.0 0.0 0.0
0.0 0.0 0.063723914 0.0 0.0 0.0 0.0 0.0 0.04753616 0.034161415 0.0 0.168588 0.0050625624 0.0 0.0 0.0 0.0 0.0 0.0 0.0 0.0 0.052465178 0.0 0.0 0.0 0.0 0.0 0.0 0.0 0.0 0.0 0.0 0.0 0.0440021 0.0 0.0 0.0 0.059753124 0.0 0.0 0.0 0.12346888 0.0 0.0 0.0 0.06396304 0.0 0.024756338 0.0 0.0 0.0 0.0 0.0 0.088768534 0.0 0.10216434
0.0 0.0 0.0 0.01683417 0.0 0.0 0.0 0.0 0.022628972 0.0 0.0 0.0 0.0 0.0 0.07280325 0.0 0.0 0.0 0.31726858 0.027545152 0.0 0.0 0.0016528579 0.0 0.0 0.019634273 0.0 0.0 0.0 0.0 0.019651776 0.0 0.03637012 0.0 0.0 0.19437766 0.03378581 0.0 0.031799525 0.0 0.0 0.0 0.0 0.0077801514 0.0 0.0 0.0 0.0 0.03604405 0.0 0.0 0.014027019 0.0 0.0 0.0 0.0
0.0 0.0 0.015660165 0.07182113 0.0 0.0835239 0.0 0.0 0.21533912 0.0 0.0 0.0 0.02015532 0.05247984 0.01866835 0.0 0.0 0.0 0.0 0.0 0.0 0.0 0.0 0.0 0.0 0.0 0.027765127 0.0 0.0 0.0 0.027946044 0.0007345216 0.0 0.0 0.0 0.12247963 0.0 0.0 0.0 0.12529384 0.09078713 0.0041361866 0.0 0.0 0.0 0.0 0.19577903 0.0 0.0 0.0 0.0 0.0 0.023123143 0.0 0.0 0.0
0.0 0.029768486 0.0 0.0 0.0030057568 0.0 0.0 0.0 0.0 0.0 0.0 0.14967063 0.0 0.0 0.0 0.0 0.31726858 0.0 0.06544914 0.0 0.0 0.0 0.0 0.0 0.0 0.0 0.0 0.0 0.107830405 0.0 0.0 0.0 0.0 0.023519304 0.0 0.0 0.0 0.015827326 0.011225372 0.0 0.0 0.11509891 0.0 0.059865076 0.0 0.060074188 0.0 0.0 0.0 0.046125147 0.0 0.0 0.012688162 0.0 0.0 0.05697802
0.0 0.0 0.086527206 0.0 0.020241221 0.0 0.0 0.0 0.01548332 0.0 0.0 0.018277895 0.035985973 0.0 0.0 0.0 0.02754515 0.0 0.0 0.011674726 0.020461325 0.0 0.0 0.0 0.035826284 0.0 0.0 0.0 0.0 0.0 0.0 0.15528382 0.0 0.0 0.0 0.0 0.0 0.0014445921 0.0 0.22587031 0.0 0.11641009 0.0066808495 0.0 0.0 0.0 0.0 0.041662246 0.0096636545 0.0 0.010452447 0.0 0.0 0.0 0.06745311 0.024375774
0.0 0.0 0.0 0.0 0.0 0.0 0.0 0.05890229 0.0 0.0 0.0 0.0 0.0 0.0 0.016702924 0.0 0.0 0.0 0.0 0.020461326 0.053636774 0.13641316 0.0 0.0028993883 0.0 0.0 0.0 0.08023624 0.0 0.0 0.0 0.0 0.019509723 0.0197722 0.014038456 0.0 0.0 0.02267461 0.25760826 0.0 0.0 0.048242178 0.0 0.0 0.0 0.0 0.0 0.057142332 0.0 0.0 0.0052126474 0.0 0.0 0.0 0.028465776 0.06639583
0.0 0.0 0.0 0.0 0.0 0.0 0.0 0.0 0.0 0.0 0.0 0.0 0.22710845 0.0 0.0 0.052465178 0.0 0.0 0.0 0.0 0.13641316 0.0 0.0 0.0 0.0 0.1798013 0.0 0.0 0.002313757 0.0 0.0 0.0 0.0 0.031615034 0.0 0.0 0.0 0.0 0.0 0.09293411 0.0 0.05402843 0.0 0.062125437 0.0 0.0 0.0 0.0 0.0 0.009404818 0.0 0.0 0.0 0.0 0.021741822 0.18709487
0.0 0.0 0.0 0.0 0.0 0.057309743 0.1613243 0.0 0.0 0.0 0.0 0.07086284 0.0 0.06667019 0.0 0.0 0.0016528579 0.0 0.0 0.0 0.0 0.0 0.0 0.0 0.072564796 0.0 0.0 0.051785555 0.0 0.0 0.0 0.25632763 0.0 0.0 0.0 0.0 0.0 0.0 0.0 0.028051993 0.0 0.0 0.14673375 0.0 0.03446287 0.0 0.0 0.097779125 0.0 0.0 0.0 0.0 0.0 0.0 0.0 0.0
0.0 0.0 0.0 0.16636236 0.2453712 0.0742658 0.0 0.0 0.0 0.0 0.0 0.0 0.0 0.0 0.0 0.0 0.0 0.0 0.0 0.0 0.0028993883 0.0 0.0 0.0 0.0 0.0 0.09072453 0.09596762 0.0 0.0 0.0 0.24299727 0.058445003 0.0 0.0 0.0 0.0 0.14797497 0.0 0.0 0.0 0.0 0.0 0.0 0.0 0.0 0.0 0.0 0.064465776 0.0 0.0 0.0 0.0 0.0 0.0 0.0
0.0 0.0 0.0 0.21047497 0.0 0.0 0.0 0.0 0.09565421 0.0 0.0 0.0 0.0 0.0 0.119283274 0.0 0.0 0.0 0.0 0.035826284 0.0 0.0 0.072564796 0.0 0.0 0.0 0.0 0.0 0.0 0.0 0.014009323 0.0 0.21415748 0.0 0.0 0.0 0.0 0.0 0.1991037 0.0 0.0 0.0 0.0 0.0 0.0 0.0 0.0 0.022427408 0.13782063 0.0 0.0 0.023278145 0.0 0.0 0.0 0.0
0.0 0.0 0.0 0.0 0.0 0.044373732 0.0 0.0 0.0 0.026904797 0.0 0.025498936 0.0 0.020587247 0.0 0.0 0.019634273 0.0 0.0 0.0 0.0 0.1798013 0.0 0.0 0.0 0.0 0.1566857 0.034845915 0.0 0.0 0.0 0.0 0.061382897 0.076195225 0.0 0.0 0.0 0.0 0.0 0.023485634 0.0 0.0 0.03711779 0.12447861 0.0 0.0 0.0165762 0.0103817 0.0 0.0 0.0 0.0 0.0 0.029747134 0.09050196 0.0
0.0 0.0 0.016431479 0.0 0.0 0.0 0.08129304 0.0 0.0 0.037255075 0.0 0.050107032 0.0 0.23600498 0.0 0.0 0.0 0.027765125 0.0 0.0 0.0 0.0 0.0 0.09072453 0.0 0.15668568 0.0 0.012626779 0.0 0.0 0.0 0.056240756 0.0 0.0 0.0 0.0 0.0 0.012986319 0.0 0.0 0.0 0.0 0.0 0.0 0.05022109 0.019084394 0.0 0.0 0.0 0.0 0.1034665 0.0 0.0 0.0 0.0 0.03581427
0.0064624115 0.0 0.0 0.0 0.0 0.0 0.0 0.0 0.0 0.10537369 0.009327862 0.002941628 0.0 0.0 0.0 0.0 0.0 0.0 0.0 0.0 0.08023624 0.0 0.051785555 0.09596762 0.0 0.03484591 0.012626779 0.0 0.0 0.0 0.0 0.0 0.0 0.015043133 0.10519696 0.0 0.0 0.0 0.0 0.0 0.0 0.0 0.0 0.047976162 0.06169879 0.008184602 0.0 0.0975515 0.0 0.04382865 0.06214968 0.0 0.0 0.0 0.10460246 0.0
0.34851983 0.0 0.0 0.0 0.0 0.0 0.0 0.13073552 0.0 0.0 0.0 0.0 0.0 0.0 0.0 0.0 0.0 0.0 0.10783041 0.0 0.0 0.0023137573 0.0 0.0 0.0 0.0 0.0 0.0 0.0 0.0 0.0 0.0 0.0 0.0 0.0 0.0 0.011607373 0.0 0.0 0.0 0.0 0.0 0.0 0.0 0.041943423 0.0 0.0 0.0 0.0 0.0 0.0 0.11937801 0.0 0.0 0.012756359 0.0
0.0 0.0 0.114117905 0.0 0.0 0.0 0.0 0.0 0.0 0.0 0.0 0.0 0.0 0.0 0.056858256 0.0 0.0 0.0 0.0 0.0 0.0 0.0 0.0 0.0 0.0 0.0 0.0 0.0 0.0 0.0 0.0 0.0029088187 0.015905166 0.0 0.0 0.043764066 0.0 0.0 0.20206441 0.0 0.0 0.0 0.0 0.0 0.0 0.0 0.0 0.0 0.0 0.0 0.0 0.32743052 0.0 0.0 0.0 0.0076607126
0.0 0.14272296 0.0 0.0 0.0 0.0432861 0.0 0.0 0.0 0.018203538 0.0 0.082180634 0.07970843 0.0 0.076472744 0.0 0.019651776 0.027946046 0.0 0.0 0.0 0.0 0.0 0.0 0.014009323 0.0 0.0 0.0 0.0 0.0 0.115937114 0.0 0.0 0.0055697937 0.0 0.0 0.0 0.0 0.054800913 0.0 0.0 0.05357913 0.0 0.0 0.013632027 0.0 0.17339228 0.05571613 0.0 0.0 0.0 0.0 0.078955695 0.0 0.0 0.026979366
0.0 0.0 0.0 0.0 0.0 0.0 0.0 0.0 0.0 0.0 0.0 0.0 0.0 0.0 0.04596772 0.0 0.0 0.0007345216 0.0 0.15528382 0.0 0.0 0.2563276 0.24299727 0.0 0.0 0.056240756 0.0 0.0 0.0029088187 0.0 0.0 0.0 0.0 0.0 0.04821013 0.0 0.03067044 0.0 0.0 0.0 0.0 0.0 0.0 0.0 0.008136017 0.0 0.0 0.0 0.0 0.0 0.05039563 0.0 0.0 0.0 0.0
0.0 0.0 0.0 0.0 0.0 0.0 0.04055416 0.0 0.0 0.0 0.0 0.030982202 0.01868128 0.14309305 0.0 0.0 0.036370117 0.0 0.0 0.0 0.019509722 0.0 0.0 0.058445003 0.21415746 0.061382897 0.0 0.0 0.0 0.015905166 0.0 0.0 0.0 0.0 0.0 0.0 0.0 0.0 0.018575449 0.0 0.0 0.0 0.0 0.0096555315 0.0 0.0 0.035938736 0.0 0.08201891 0.0 0.0 0.0 0.0 0.0 0.014344796 0.0
0.0 0.010666992 0.0 0.0 0.0 0.0 0.0 0.0 0.0 0.0 0.0 0.0 0.22890562 0.0 0.0 0.0440021 0.0 0.0 0.023519304 0.0 0.019772198 0.031615034 0.0 0.0 0.0 0.07619522 0.0 0.015043132 0.0 0.0 0.0055697937 0.0 0.0 0.0 0.0 0.0 0.0 0.0 0.0 0.0 0.096056625 0.0 0.0 0.06843966 0.0 0.0 0.015998626 0.0 0.0 0.032571256 0.0 0.0 0.0 0.014388043 0.17035076 0.0
0.0 0.0 0.0 0.0 0.0926505 0.0 0.0 0.0 0.0 0.0 0.0 0.0 0.07710851 0.040461216 0.0 0.0 0.0 0.0 0.0 0.0 0.014038457 0.0 0.0 0.0 0.0 0.0 0.0 0.10519697 0.0 0.0 0.0 0.0 0.0 0.0 0.0 0.0 0.0 0.0 0.0 0.1718988 0.22418873 0.059187554 0.08612157 0.10536414 0.0 0.0 0.0 0.0 0.0 0.0 0.0 0.0 0.0 0.050083566 0.0 0.05895017
0.0 0.0 0.0 0.00089563767 0.025207995 0.0 0.0 0.0 0.0 0.0 0.0 0.0 0.020709962 0.0 0.0 0.0 0.19437768 0.12247963 0.0 0.0 0.0 0.0 0.0 0.0 0.0 0.0 0.0 0.0 0.0 0.043764066 0.0 0.04821013 0.0 0.0 0.0 0.0 0.0 0.0 0.0 0.0 0.06991115 0.0 0.08631857 0.17784451 0.0 0.0 0.0 0.0 0.0 0.0 0.0 0.0 0.0058395145 0.07348213 0.0 0.05619926
0.037687156 0.0 0.0138924 0.0 0.16764581 0.0126914885 0.012991588 0.11920306 0.0 0.0 0.23678455 0.0 0.0 0.06863612 0.0 0.0 0.03378581 0.0 0.0 0.0 0.0 0.0 0.0 0.0 0.0 0.0 0.0 0.0 0.011607373 0.0 0.0 0.0 0.0 0.0 0.0 0.0 0.042951304 0.0 0.0 0.0 0.07952829 0.0 0.0 0.0 0.28065553 0.024582133 0.0 0.0 0.0 0.0 0.0 0.0 0.0 0.0 0.0 0.0
0.0 0.07886804 0.047754694 0.004976404 0.0 0.03903483 0.01947457 0.0 0.0 0.0 0.10919156 0.0 0.114211045 0.13739538 0.0 0.05975312 0.0 0.0 0.015827326 0.0014445923 0.02267461 0.0 0.0 0.14797497 0.0 0.0 0.01298632 0.0 0.0 0.0 0.0 0.03067044 0.0 0.0 0.0 0.0 0.0 0.027659861 0.0 0.0 0.0 0.0 0.009491925 0.0 0.0 0.067883044 0.0 0.0 0.0 0.0 0.025046295 0.033172928 0.016333003 0.0 0.0 0.0
0.0 0.0019026836 0.0 0.0 0.0 0.0 0.0 0.0 0.0 0.0 0.0 0.035276968 0.014051804 0.0 0.0 0.0 0.03179953 0.0 0.011225372 0.0 0.25760826 0.0 0.0 0.0 0.1991037 0.0 0.0 0.0 0.0 0.20206442 0.054800913 0.0 0.018575449 0.0 0.0 0.0 0.0 0.0 0.1288091 0.0 0.0 0.0 0.0 0.0 0.0 0.0 0.03249242 0.030846402 0.103665054 0.0 0.0 0.0 0.0 0.0 0.020002587 0.0
0.0 0.022946648 0.0 0.0 0.0 0.0 0.0 0.03471866 0.0 0.0 0.0 0.024142804 0.0 0.0 0.0 0.0 0.0 0.12529384 0.0 0.22587031 0.0 0.09293411 0.028051993 0.0 0.0 0.023485634 0.0 0.0 0.0 0.0 0.0 0.0 0.0 0.0 0.1718988 0.0 0.0 0.0 0.0 0.0 0.0 0.0 0.0 0.0 0.0050897184 0.0 0.0 0.018238341 0.0 0.0 0.20811285 0.0 0.0 0.0 0.05732466 0.0
0.0073663723 0.0 0.0 0.0 0.0 0.0 0.0 0.0054461025 0.0 0.066539586 0.0 0.0 0.0 0.0 0.0 0.0 0.0 0.09078712 0.0 0.0 0.0 0.0 0.0 0.0 0.0 0.0 0.0 0.0 0.0 0.0 0.0 0.0 0.0 0.096056625 0.22418873 0.06991116 0.07952829 0.0 0.0 0.0 0.117245756 0.0 0.0 0.015256104 0.0 0.0 0.08201616 0.0 0.0 0.012333813 0.0 0.0030767326 0.0 0.18449655 0.0 0.0
0.0 0.15527304 0.0 0.0 0.0 0.0 0.0 0.0 0.0 0.0 0.0 0.0 0.010074393 0.0 0.010883817 0.12346888 0.0 0.0041361866 0.11509891 0.11641009 0.048242178 0.05402843 0.0 0.0 0.0 0.0 0.0 0.0 0.0 0.0 0.053579133 0.0 0.0 0.0 0.059187554 0.0 0.0 0.0 0.0 0.0 0.0 0.0 0.0 0.027598087 0.0 0.0 0.017038882 0.018830817 0.0 0.0 0.0 0.0 0.0 0.0 0.018779129 0.0
0.0 0.08771278 0.0 0.0 0.037705056 0.0 0.0 0.0 0.0 0.0 0.0 0.0 0.0 0.0 0.0 0.0 0.0 0.0 0.0 0.00668085 0.0 0.0 0.14673375 0.0 0.0 0.037117794 0.0 0.0 0.0 0.0 0.0 0.0 0.0 0.0 0.086121574 0.08631857 0.0 0.009491925 0.0 0.0 0.0 0.0 0.0 0.074103765 0.0 0.0009331998 0.0 0.0011464678 0.0 0.0 0.12331375 0.049419623 0.0 0.0 0.10622023 0.0
0.0 0.060167838 0.0 0.0137566365 0.0 0.016592573 0.0 0.0 0.0 0.0 0.0 0.0 0.0 0.0 0.0 0.0 0.0077801514 0.0 0.059865076 0.0 0.0 0.06212544 0.0 0.0 0.0 0.124478616 0.0 0.047976162 0.0 0.0 0.0 0.0 0.0096555315 0.06843966 0.10536414 0.17784451 0.0 0.0 0.0 0.0 0.015256105 0.027598087 0.074103765 0.03279171 0.0 0.0 0.06574356 0.017822195 0.0 0.0 0.0 0.0 0.0 0.0912361 0.0 0.0
0.012213452 0.0 0.0 0.0 0.073464714 0.15628774 0.0 0.054071464 0.0 0.06358527 0.06905892 0.0 0.0 0.0 0.0 0.0 0.0 0.0 0.0 0.0 0.0 0.0 0.03446287 0.0 0.0 0.0 0.05022109 0.06169879 0.041943423 0.0 0.013632027 0.0 0.0 0.0 0.0 0.0 0.28065553 0.0 0.0 0.005089719 0.0 0.0 0.0 0.0 0.0 0.0 0.0 0.0 0.040107887 0.017322632 0.0 0.0 0.0 0.0 0.0 0.0
0.0 0.011734256 0.0 0.0 0.0 0.0 0.0 0.0 0.0 0.10173915 0.0 0.0 0.0061615235 0.09795855 0.065874934 0.06396304 0.0 0.0 0.060074188 0.0 0.0 0.0 0.0 0.0 0.0 0.0 0.019084394 0.008184602 0.0 0.0 0.0 0.008136017 0.0 0.0 0.0 0.0 0.024582135 0.067883044 0.0 0.0 0.0 0.0 0.0009331998 0.0 0.0 0.0 0.0 0.07189097 0.0 0.0 0.0 0.0 0.0 0.012790961 0.0 0.0
0.0 0.092770986 0.0 0.0 0.0 0.0 0.0 0.0 0.040778715 0.0 0.0 0.0 0.0 0.0 0.0 0.0 0.0 0.19577903 0.0 0.0 0.0 0.0 0.0 0.0 0.0 0.016576199 0.0 0.0 0.0 0.0 0.17339228 0.0 0.035938736 0.015998626 0.0 0.0 0.0 0.0 0.03249242 0.0 0.08201616 0.017038882 0.0 0.06574356 0.0 0.0 0.0 0.0 0.0424424 0.004898969 0.0 0.0 0.008300055 0.0 0.0 0.0
0.0 0.0 0.0 0.15527402 0.021489928 0.0 0.0 0.0 0.0 0.0 0.022976581 0.0 0.0079131285 0.010653189 0.023485672 0.02475634 0.0 0.0 0.0 0.041662246 0.057142332 0.0 0.09777912 0.0 0.022427408 0.0103817 0.0 0.09755151 0.0 0.0 0.05571613 0.0 0.0 0.0 0.0 0.0 0.0 0.0 0.030846404 0.018238341 0.0 0.018830817 0.0011464676 0.017822195 0.0 0.07189098 0.0 0.0 0.13157563 0.0 0.0 0.0 0.0 0.0 0.051916875 0.0
0.0 0.0 0.0 0.0 0.0 0.0 0.0 0.0 0.0 0.065717034 0.0 0.15985848 0.0 0.0 0.0 0.0 0.03604405 0.0 0.0 0.009663654 0.0 0.0 0.0 0.064465776 0.13782063 0.0 0.0 0.0 0.0 0.0 0.0 0.0 0.08201892 0.0 0.0 0.0 0.0 0.0 0.10366506 0.0 0.0 0.0 0.0 0.0 0.040107887 0.0 0.0424424 0.13157563 0.0 0.0 0.0 0.0 0.0 0.0 0.0 0.0
0.0491835 0.025980353 0.0 0.0 0.0 0.0 0.0 0.28403005 0.0 0.12594932 0.0 0.0 0.11690682 0.011261466 0.061316427 0.0 0.0 0.0 0.046125147 0.0 0.0 0.009404818 0.0 0.0 0.0 0.0 0.0 0.043828648 0.0 0.0 0.0 0.0 0.0 0.032571256 0.0 0.0 0.0 0.0 0.0 0.0 0.012333813 0.0 0.0 0.0 0.017322632 0.0 0.004898969 0.0 0.0 0.0 0.0 0.0691278 0.0 0.0 0.049482092 0.015157834
0.0 0.0 0.0 0.0 0.0 0.03580479 0.23586635 0.0 0.0 0.0 0.0 0.0 0.042112168 0.19579327 0.0 0.0 0.0 0.0 0.0 0.010452447 0.0052126474 0.0 0.0 0.0 0.0 0.0 0.1034665 0.06214968 0.0 0.0 0.0 0.0 0.0 0.0 0.0 0.0 0.0 0.025046296 0.0 0.20811285 0.0 0.0 0.12331374 0.0 0.0 0.0 0.0 0.0 0.0 0.0 0.0 0.0 0.0 0.0 0.018092977 0.0
0.0 0.0 0.14032415 0.0 0.064265825 0.0 0.024026344 0.0 0.0 0.0 0.0 0.0 0.0 0.0 0.0 0.0 0.014027019 0.0 0.0 0.0 0.0 0.0 0.0 0.0 0.023278145 0.0 0.0 0.0 0.11937801 0.32743052 0.0 0.05039563 0.0 0.0 0.0 0.0 0.0 0.033172928 0.0 0.0 0.0030767326 0.0 0.049419623 0.0 0.0 0.0 0.0 0.0 0.0 0.0691278 0.0 0.0 0.29748574 0.0 0.0 0.030692363
0.0 0.0 0.0 0.052276436 0.0 0.0 0.0 0.0 0.39199084 0.0 0.0 0.0 0.0 0.0 0.014422007 0.0 0.0 0.023123143 0.012688162 0.0 0.0 0.0 0.0 0.0 0.0 0.0 0.0 0.0 0.0 0.0 0.078955695 0.0 0.0 0.0 0.0 0.005839515 0.0 0.016333003 0.0 0.0 0.0 0.0 0.0 0.0 0.0 0.0 0.008300055 0.0 0.0 0.0 0.0 0.29748574 0.0 0.0 0.0 0.0
0.0 0.04793686 0.0 0.0 0.0 0.0 0.0 0.0 0.0 0.0 0.0 0.0 0.00734672 0.007233918 0.0 0.08876853 0.0 0.0 0.0 0.0 0.0 0.0 0.0 0.0 0.0 0.029747132 0.0 0.0 0.0 0.0 0.0 0.0 0.0 0.0143880425 0.050083566 0.07348213 0.0 0.0 0.0 0.0 0.18449657 0.0 0.0 0.0912361 0.0 0.012790961 0.0 0.0 0.0 0.0 0.0 0.0 0.0 0.33642977 0.0 0.0
0.0 0.0 0.0 0.0 0.0 0.034412157 0.10028338 0.0 0.0 0.0 0.0 0.0 0.039150354 0.013712378 0.0 0.0 0.0 0.0 0.0 0.06745311 0.028465774 0.02174182 0.0 0.0 0.0 0.09050196 0.0 0.10460246 0.012756359 0.0 0.0 0.0 0.014344796 0.17035076 0.0 0.0 0.0 0.0 0.020002589 0.05732466 0.0 0.018779129 0.10622024 0.0 0.0 0.0 0.0 0.051916875 0.0 0.049482092 0.018092977 0.0 0.0 0.0 0.14655621 0.047873504
0.04422828 0.11244055 0.0 0.0 0.0 0.0 0.0 0.09339281 0.0 0.0 0.0 0.0 0.0 0.0 0.0 0.10216435 0.0 0.0 0.056978017 0.024375774 0.06639583 0.18709487 0.0 0.0 0.0 0.0 0.03581427 0.0 0.0 0.0076607126 0.026979366 0.0 0.0 0.0 0.05895017 0.05619926 0.0 0.0 0.0 0.0 0.0 0.0 0.0 0.0 0.0 0.0 0.0 0.0 0.0 0.015157835 0.0 0.030692363 0.0 0.0 0.04787351 0.0
