0.0 0.0 0.0 0.0 0.15556979 0.036304973 0.0 0.0 0.043467876 0.01739117 0.19933714 0.0 0.0 0.0044407514 0.0 0.0 0.0 0.06475673 0.049513154 0.0 0.0 0.0 0.0 0.08742354 0.0 0.0 0.023201833 0.0 0.0 0.039649412 0.059803277 0.11705558 0.0 0.0 0.0 0.0 0.0 0.10779023 0.0 0.0 0.0 0.0 0.0 0.0 0.0 0.039309528 0.0 0.06299264 0.0 0.0 0.08352456 0.05597725 0.0 0.0 0.0 0.0
0.0 0.02474547 0.0 0.024489725 0.0 0.0 0.0 0.0 0.04262131 0.0 0.0 0.0 0.17716481 0.0 0.0 0.0 0.0 0.0 0.0 0.16239701 0.0 0.08181261 0.0 0.0032275284 0.0 0.0144232735 0.0 0.0 0.0 0.0 0.011157781 0.0 0.0 0.0 0.0 0.04761217 0.0 0.0 0.0 0.0 0.0 0.13032629 0.060531355 0.0 0.0 0.0 0.0 0.0 0.0 0.0 0.014823472 0.0 0.0 0.011000947 0.009886297 0.0
0.0 0.0 0.0 0.0 0.10162203 0.0 0.031755887 0.0 0.022053864 0.0 0.04876975 0.0 0.0 0.0 0.0 0.03305238 0.0 0.012974503 0.09804748 0.012886353 0.02349021 0.028410558 0.0 0.0 0.0 0.0 0.0 0.0 0.0 0.0 0.0 0.0 0.0659993 0.09170488 0.0 0.0 0.0 0.043822743 0.0 0.0 0.0 0.0 0.0 0.0 0.0 0.122725405 0.018604062 0.0 0.010219669 0.0 0.0140626 0.0 0.0 0.0 0.024425844 0.0
0.0 0.024489723 0.0 0.0 0.0 0.0 0.04925127 0.06417383 0.0 0.0 0.0 0.0 0.09180208 0.0 0.0 0.0 0.0103435805 0.05463502 0.0 0.0 0.0 0.016820967 0.0 0.1171871 0.0 0.029546632 0.0 0.0 0.03697938 0.0 0.0 0.0 0.0 0.14336003 0.0 0.0 0.0 0.0 0.0 0.0 0.0 0.0 0.0 0.0 0.0 0.019580627 0.11817405 0.115972884 0.0 0.0 0.0 0.0 0.028694304 0.0 0.0 0.0
0.15556979 0.0 0.10162203 0.0 0.0 0.0 0.06602527 0.0016048435 0.0 0.037681483 0.0 0.043639302 0.0 0.0 0.0 0.0 0.0 0.0 0.0 0.0 0.004650729 0.0 0.0 0.0 0.008684633 0.0 0.0 0.0 0.0 0.0039564203 0.0 0.0 0.030031027 0.06503587 0.055046562 0.0 0.0 0.0 0.1213548 0.0 0.0 0.0 0.0 0.0 0.10626638 0.0 0.0 0.057577647 0.016826754 0.030577403 0.0 0.0 0.010520699 0.0 0.0 0.12868474
0.03630497 0.0 0.0 0.0 0.0 0.0 0.0 0.0 0.0 0.0 0.0 0.0 0.044778984 0.030415837 0.0 0.0 0.0 0.0 0.0 0.0 0.0 0.03273232 0.0 0.0 0.0017114119 0.0 0.0 0.0 0.03246165 0.0 0.0 0.0 0.0 0.0 0.0 0.0 0.0 0.0 0.0 0.23090865 0.018529182 0.02609619 0.056548145 0.0 0.0 0.0 0.04006111 0.0 0.0406562 0.0 0.0 0.0 0.037244443 0.06861112 0.0 0.31482178
0.0 0.0 0.03175589 0.049251273 0.06602527 0.0 0.015436024 0.0 0.0 0.0 0.0 0.117793396 0.0 0.0 0.068084925 0.0 0.0 0.014941381 0.0 0.0 0.024776636 0.21966219 0.0 0.0 0.0 0.0 0.0 0.0 0.0 0.0 0.0 0.0436503 0.010856337 0.0 0.0 0.0 0.0 0.0 0.0013300221 0.0 0.0 0.044965032 0.0 0.0 0.0 0.07288129 0.0 0.0 0.0 0.027821189 0.0 0.0 0.070693485 0.0138970185 0.0 0.0
0.0 0.0 0.0 0.06417383 0.0016048435 0.0 0.0 0.0 0.051835828 0.0 0.009918414 0.0 0.01484896 0.016885763 0.0 0.0 0.0 0.0 0.012278789 0.0 0.0 0.0 0.028340045 0.02136949 0.0 0.00948121 0.06161321 0.06840638 0.0 0.0 0.009737906 0.07084466 0.0 0.0 0.0 0.03391152 0.0 0.015738087 0.060491785 0.13221277 0.066188544 0.0 0.0 0.0 0.0 0.019307306 0.0 0.0 0.0 0.022643784 0.15199275 0.0 0.0 0.0 0.024206685 0.0
0.043467876 0.042621307 0.022053864 0.0 0.0 0.0 0.0 0.051835824 0.0 0.0 0.0 0.0 0.0627526 0.0 0.008295183 0.0 0.057907574 0.0 0.0 0.0 0.12579882 0.0 0.0 0.0 0.0 0.0 0.0 0.0 0.054213006 0.0 0.0 0.0 0.0 0.13918188 0.0 0.0 0.0 0.0 0.0 0.0 0.051232878 0.12471291 0.0 0.013469692 0.032898024 0.0 0.0041671013 0.0 0.0 0.0 0.0 0.0 6.3768144e-05 0.03386384 0.0 0.12756017
0.01739117 0.0 0.0 0.0 0.037681483 0.0 0.0 0.0 0.0 0.12850311 0.026631787 0.0 0.0 0.14964505 0.0 0.0 0.011866957 0.03957444 0.027749298 0.04616477 0.0 0.0 0.020079197 0.0 0.0 0.0 0.13551398 0.03657335 0.0 0.0 0.0 0.057659995 0.0 0.0 0.0 0.0 0.032139674 0.075670846 0.0 0.0 0.068361856 0.0 0.0 0.0 0.0 0.0 0.0 0.0 0.0 0.114118375 0.004047823 0.0081972275 0.0 0.0 0.0 0.0
0.19933714 0.0 0.048769753 0.0 0.0 0.0 0.0 0.009918414 0.0 0.026631787 0.021129621 0.03343035 0.0 0.0 0.012709615 0.0 0.0 0.0 0.0 0.0 0.0 0.0 0.0 0.0 0.0 0.0 0.0 0.0 0.0 0.0 0.0 0.0 0.0037497485 0.0 0.15841928 0.0 0.26074323 0.0 0.0 0.0 0.0 0.0 0.0 0.0 0.17730856 0.0 0.005342759 0.0 0.0 0.042227834 0.0 0.011616408 0.0072806785 0.0 0.01626687 0.0
0.0 0.0 0.0 0.0 0.043639302 0.0 0.11779339 0.0 0.0 0.0 0.033430353 0.0 0.0 0.056772217 0.0 0.015950836 0.0 0.0 0.037948724 0.074922554 0.0 0.005894108 0.010413357 0.0 0.0 0.0063114148 0.05657144 0.0 0.0 0.0 0.0 0.0 0.0 0.0 0.046379764 0.0 0.0 0.0 0.0 0.0 0.008565065 0.0 0.0 0.0 0.0 0.15395373 0.0 0.017090652 0.0 0.0 0.08314182 0.09607992 0.0 0.0 0.0 0.0
0.0 0.17716481 0.0 0.09180209 0.0 0.044778984 0.0 0.01484896 0.0627526 0.0 0.0 0.0 0.23526777 0.0 0.0 0.0071681407 0.013654543 0.0 0.0 0.0 0.0 0.13695374 0.0 0.0 0.030642862 0.0 0.0 0.0 0.0 0.0 0.0 0.0 0.0 0.08647116 0.0 0.12743507 0.0 0.0 0.0 0.0 0.0 0.007928316 0.09537023 0.0 0.0 0.0 0.0 0.0 0.013481883 0.0 0.0 0.0 0.0 0.0 0.0 0.0
0.0044407514 0.0 0.0 0.0 0.0 0.030415839 0.0 0.016885763 0.0 0.14964503 0.0 0.056772217 0.0 0.0 0.099941865 0.0 0.0 0.0 0.0 0.06716864 0.0 0.0 0.13479516 0.0 0.0 0.0 0.0 0.0 0.0 0.011459912 0.0 0.0 0.0 0.0 0.0 0.0 0.0 0.0 0.17589432 0.0 0.0 0.0 0.0 0.00594661 0.0 0.0 0.0 0.047089666 0.1667162 0.046405863 0.081596695 0.0 0.017918717 0.0 0.011059356 0.0
0.0 0.0 0.0 0.0 0.0 0.0 0.06808493 0.0 0.008295183 0.0 0.012709615 0.0 0.0 0.099941865 0.0 0.0 0.021723118 0.0 0.01641985 0.0 0.006993322 0.083529845 0.0 0.0 0.0 0.088334195 0.0 0.0777541 0.0 0.0 0.0 0.0 0.04091076 0.17658357 0.0 0.0 0.0103164315 0.0 0.0 0.0 0.0 0.0 0.0 0.0 0.0 0.0 0.0 0.034043577 0.0663962 0.023571344 0.0 0.0 0.0 0.0 0.025921743 0.08879215
0.0 0.0 0.03305238 0.0 0.0 0.0 0.0 0.0 0.0 0.0 0.0 0.015950836 0.0071681407 0.0 0.0 0.0 0.0 0.0 0.0 0.0 0.17399737 0.0 0.0 0.0 0.32000196 0.04167018 0.0 0.0 0.0 0.0 0.0 0.0 0.0 0.0 0.0 0.0 0.0 0.0 0.0 0.0 0.0 0.0 0.0 0.026373126 0.0 0.0 0.0 0.0 0.020011142 0.004258639 0.0 0.0 0.32515737 0.0 0.0 0.0
0.0 0.0 0.0 0.0103435805 0.0 0.0 0.0 0.0 0.057907574 0.011866956 0.0 0.0 0.013654543 0.0 0.021723118 0.0 0.0037465992 0.0 0.0 0.0 0.0 0.0 0.10772803 0.0 0.013887584 0.0 0.044577945 0.0 0.0 0.008033223 0.022114 0.0 0.086868174 0.0 0.0052241846 0.090582244 0.0 0.023793254 0.16991848 0.0 0.0 0.010585836 0.0 0.0 0.0 0.035554443 0.0 0.0 0.10924355 0.0 0.028539086 0.0015122747 0.0 0.0 0.05030671 0.0
0.06475673 0.0 0.012974504 0.05463502 0.0 0.0 0.014941382 0.0 0.0 0.03957444 0.0 0.0 0.0 0.0 0.0 0.0 0.0 0.0 0.0 0.0 0.0 0.0 0.0 0.043136764 0.0 0.0 0.0 0.0 0.0 0.0 0.0 0.09391502 0.0 0.0 0.2579328 0.0 0.0 0.0031933046 0.019774139 0.0 0.0 0.0 0.0 0.0 0.040359262 0.0046137343 0.0 0.006338915 0.0 0.0 0.0 0.18372327 0.0 0.0 0.0 0.0
0.049513157 0.0 0.09804748 0.0 0.0 0.0 0.0 0.012278789 0.0 0.027749298 0.0 0.037948724 0.0 0.0 0.01641985 0.0 0.0 0.0 0.014568315 0.037926916 0.0049085505 0.13835284 0.0 0.0 0.0 0.0 0.0 0.0 0.0 0.0 0.0 0.0 0.0 0.030581241 0.07201708 0.0 0.015549302 0.0 0.0 0.0 0.0 0.0 0.0 0.025559457 0.20164676 0.02471483 0.0 0.13663724 0.0 0.0064733834 0.0 0.0 0.0 0.0 0.027052078 0.0
0.0 0.16239701 0.012886353 0.0 0.0 0.0 0.0 0.0 0.0 0.046164773 0.0 0.074922554 0.0 0.06716864 0.0 0.0 0.0 0.0 0.037926916 0.0 0.0 0.029880894 0.0 0.0 0.0 0.0 0.004149703 0.057715375 0.0 0.0 0.0 0.11552404 0.0971512 0.0 0.08054993 0.0 0.0 0.0 0.046625696 0.0544174 0.0 0.0 0.0 0.0 0.0 0.037472256 0.0 0.0 0.0 0.0 0.0 0.0 0.0 0.0 0.027474886 0.0
0.0 0.0 0.02349021 0.0 0.0046507283 0.0 0.024776636 0.0 0.1257988 0.0 0.0 0.0 0.0 0.0 0.006993322 0.17399737 0.0 0.0 0.0049085505 0.0 0.0 0.0 0.0 0.08958007 0.029090593 0.0 0.0 0.0 0.02609838 0.01679267 0.06192699 0.0 0.05776523 0.048187904 0.0 0.0 0.0 0.02371465 0.0 0.0 0.0 0.0 0.0 0.0 0.0 0.0 0.0 0.0 0.0 0.0 0.0 0.012402122 0.0 0.0 0.0 0.04541952
0.0 0.08181261 0.02841056 0.016820967 0.0 0.03273232 0.21966217 0.0 0.0 0.0 0.0 0.005894108 0.13695374 0.0 0.08352985 0.0 0.0 0.0 0.13835284 0.029880894 0.0 0.0 0.0 0.0 0.0 0.0 0.08765183 0.0 0.0050435583 0.0 0.0 0.0 0.0 0.0 0.0 0.0 0.0 0.0 0.0 0.0 0.0 0.0 0.09100714 0.0 0.0 0.0 0.0 0.036233008 0.0 0.0 0.0 0.0 0.0 0.0 0.0 0.0
0.0 0.0 0.0 0.0 0.0 0.0 0.0 0.028340047 0.0 0.020079197 0.0 0.010413356 0.0 0.13479516 0.0 0.0 0.10772803 0.0 0.0 0.0 0.0 0.0 0.0 0.0 0.011206185 0.040482722 0.0 0.06503737 0.15875162 0.0 0.0 0.0 0.0 0.008430857 0.024791768 0.0 0.0 0.0 0.0 0.20205234 0.17599945 0.02170574 0.0 0.0 0.0 0.0 0.058895443 0.0 0.0 0.0 0.0 0.0 0.0 0.09997647 0.0 0.1023422
0.08742354 0.0032275282 0.0 0.11718709 0.0 0.0 0.0 0.02136949 0.0 0.0 0.0 0.0 0.0 0.0 0.0 0.0 0.0 0.043136764 0.0 0.0 0.089580074 0.0 0.0 0.0 0.0 0.112512626 0.0 0.11821023 0.0 0.0 0.0 0.0 0.0 0.0 0.0 0.0 0.0 0.0 0.0 0.08323172 0.20691314 0.02945308 0.0 0.0 0.0 0.0 0.0 0.0 0.0 0.0 0.0 0.0 0.0 0.20758247 0.0 0.0
0.0 0.0 0.0 0.0 0.008684633 0.0017114119 0.0 0.0 0.0 0.0 0.0 0.0 0.030642863 0.0 0.0 0.32000193 0.013887584 0.0 0.0 0.0 0.029090593 0.0 0.011206185 0.0 0.0 0.04751102 0.008219959 0.045525663 0.0 0.0 0.016637001 0.0 0.16467132 0.0 0.0 0.0072619217 0.0 0.0 0.11563155 0.050373632 0.00023332094 0.0 0.0 0.0 0.0 0.0 0.0 0.0 0.059266154 0.0 0.009316052 0.055193722 0.0 0.0 0.13525651 0.0
0.0 0.014423273 0.0 0.029546632 0.0 0.0 0.0 0.00948121 0.0 0.0 0.0 0.0063114148 0.0 0.0 0.0883342 0.041670185 0.0 0.0 0.0 0.0 0.0 0.0 0.040482726 0.112512626 0.047511023 0.011286679 0.0 0.040760458 0.02574667 0.037208598 0.08259487 0.0 0.06577661 0.0 0.0 0.0 0.0 0.005275706 0.0 0.0008285605 0.0 0.0 0.0 0.0 0.0 0.0 0.0032153893 0.0 0.0 0.026061326 0.07177319 0.0 0.0 0.0 0.19826335 0.0
0.023201834 0.0 0.0 0.0 0.0 0.0 0.0 0.06161321 0.0 0.13551398 0.0 0.05657144 0.0 0.0 0.0 0.0 0.04457794 0.0 0.0 0.004149703 0.0 0.08765182 0.0 0.0 0.008219959 0.0 0.013743898 0.029870497 0.0 0.0 0.011923111 0.0 0.02670666 0.0 0.07259068 0.0 0.0 0.0 0.0 0.009709996 0.004204777 0.0 0.0 0.030958071 0.0 0.0 0.06314714 0.0 0.0 0.17430699 0.0 0.0 0.017390242 0.09271745 0.0 0.0
0.0 0.0 0.0 0.0 0.0 0.0 0.0 0.06840638 0.0 0.03657335 0.0 0.0 0.0 0.0 0.0777541 0.0 0.0 0.0 0.0 0.057715375 0.0 0.0 0.06503736 0.11821022 0.045525663 0.040760458 0.029870499 0.0 0.14600796 0.0 0.0 0.0 0.0 0.0 0.0 0.0 0.0 0.0 0.0 0.0 0.07577084 0.0 0.0 0.1762669 0.0 0.0 0.0 0.0 0.0 0.014939994 0.0 0.0 0.0 0.0 0.060263667 0.0
0.0 0.0 0.0 0.03697938 0.0 0.03246165 0.0 0.0 0.054213002 0.0 0.0 0.0 0.0 0.0 0.0 0.0 0.0 0.0 0.0 0.0 0.026098378 0.005043558 0.1587516 0.0 0.0 0.02574667 0.0 0.14600796 0.0 0.0 0.0 0.0 0.10592668 0.0 0.0 0.0 0.0 0.0 0.0 0.0 0.0 0.0 0.0 0.0 0.0 0.0 0.0 0.0 0.0 0.025860064 0.13993193 0.0638129 0.0 0.040011756 0.0 0.0
0.039649412 0.0 0.0 0.0 0.00395642 0.0 0.0 0.0 0.0 0.0 0.0 0.0 0.0 0.011459911 0.0 0.0 0.0080332225 0.0 0.0 0.0 0.01679267 0.0 0.0 0.0 0.0 0.037208594 0.0 0.0 0.0 0.0 0.0 0.0 0.0 0.0945732 0.0 0.0 0.049229812 0.17140017 0.0 0.0 0.0 0.0 0.0 0.0 0.0 0.029392501 0.0 0.0 0.0 0.0 0.0 0.12426827 0.0 0.0 0.0 0.19424683
0.05980328 0.01115778 0.0 0.0 0.0 0.0 0.0 0.009737905 0.0 0.0 0.0 0.0 0.0 0.0 0.0 0.0 0.022113997 0.0 0.0 0.0 0.06192699 0.0 0.0 0.0 0.016637001 0.08259487 0.01192311 0.0 0.0 0.0 0.0 0.0 0.11844141 0.0 0.005143984 0.0 0.0 0.0 0.0 0.0 0.0 0.006871151 0.0 0.0 0.116053246 0.0 0.15595378 0.0 0.13787934 0.04584124 0.0 0.0 0.0 0.0 0.07027222 0.0
0.11705557 0.0 0.0 0.0 0.0 0.0 0.043650303 0.07084465 0.0 0.05766 0.0 0.0 0.0 0.0 0.0 0.0 0.0 0.09391502 0.0 0.115524046 0.0 0.0 0.0 0.0 0.0 0.0 0.0 0.0 0.0 0.0 0.0 0.0 0.0 0.0 0.105411775 0.0 0.0 0.0 0.0 0.0 0.0 0.052070852 0.0 0.0 0.22465271 0.0 0.0 0.0019116048 0.0 0.0 0.0 0.023012385 0.0 0.0 0.0 0.028420564
0.0 0.0 0.0659993 0.0 0.03003103 0.0 0.010856337 0.0 0.0 0.0 0.0037497485 0.0 0.0 0.0 0.040910758 0.0 0.086868174 0.0 0.0 0.0971512 0.05776523 0.0 0.0 0.0 0.16467132 0.06577661 0.026706662 0.0 0.10592667 0.0 0.11844141 0.0 0.0 0.0 0.0 0.0 0.0 0.0 0.0 0.0015261673 0.0 0.013801087 0.07637087 0.0 0.0 0.0 0.039612655 0.0 0.0 0.0 0.0 0.0 0.0 0.0 0.0 0.0
0.0 0.0 0.09170488 0.14336005 0.06503587 0.0 0.0 0.0 0.13918188 0.0 0.0 0.0 0.08647117 0.0 0.17658357 0.0 0.0 0.0 0.030581241 0.0 0.048187908 0.0 0.008430857 0.0 0.0 0.0 0.0 0.0 0.0 0.09457319 0.0 0.0 0.0 0.0 0.0 0.0 0.0 0.0 0.0 0.0 0.0 0.09982851 0.030295081 0.004686342 0.0 0.0 0.0 0.0 0.0029866095 0.044171803 0.0 0.0 0.0 0.019857042 0.0 0.0
0.0 0.0 0.0 0.0 0.055046562 0.0 0.0 0.0 0.0 0.0 0.15841928 0.046379764 0.0 0.0 0.0 0.0 0.0052241846 0.2579328 0.07201708 0.08054994 0.0 0.0 0.024791768 0.0 0.0 0.0 0.07259069 0.0 0.0 0.0 0.005143984 0.105411775 0.0 0.0 0.0 0.0 0.0 0.115811326 0.02433198 0.0 0.0 0.0 0.0 0.0 0.0 0.026871255 0.0 0.02848686 0.0 0.011629519 0.098987006 0.0 0.0 0.0 0.0 0.0
0.0 0.04761217 0.0 0.0 0.0 0.0 0.0 0.03391152 0.0 0.0 0.0 0.0 0.12743507 0.0 0.0 0.0 0.090582244 0.0 0.0 0.0 0.0 0.0 0.0 0.0 0.0072619217 0.0 0.0 0.0 0.0 0.0 0.0 0.0 0.0 0.0 0.0 0.04257955 0.0 0.0 0.03398639 0.11319802 0.042393345 0.05903361 0.045070797 0.12510699 0.0 0.013899619 0.036555156 0.0 0.008464612 0.0 0.0 0.0 0.055169478 0.15672357 0.0 0.01528394
0.0 0.0 0.0 0.0 0.0 0.0 0.0 0.0 0.0 0.032139674 0.26074323 0.0 0.0 0.0 0.0103164315 0.0 0.0 0.0 0.015549303 0.0 0.0 0.0 0.0 0.0 0.0 0.0 0.0 0.0 0.0 0.049229812 0.0 0.0 0.0 0.0 0.0 0.0 0.4585676 0.0 0.0 0.009152906 0.0 0.0 0.0 0.0 0.022851622 0.0 0.0 0.0 0.0 0.0 0.0 0.0426367 0.0 0.0 0.0 0.0
0.10779023 0.0 0.043822747 0.0 0.0 0.0 0.0 0.015738087 0.0 0.075670846 0.0 0.0 0.0 0.0 0.0 0.0 0.023793254 0.0031933046 0.0 0.0 0.02371465 0.0 0.0 0.0 0.0 0.005275706 0.0 0.0 0.0 0.17140017 0.0 0.0 0.0 0.0 0.115811326 0.0 0.0 0.0 0.0 0.0 0.023157043 0.008412849 0.0 0.14791676 0.07960687 0.0077439058 0.0 0.0 0.0 0.021458365 0.0 0.0 0.007815317 0.0 0.0 0.08498927
0.0 0.0 0.0 0.0 0.12135481 0.0 0.0013300221 0.06049179 0.0 0.0 0.0 0.0 0.0 0.1758943 0.0 0.0 0.16991848 0.019774137 0.0 0.046625696 0.0 0.0 0.0 0.0 0.11563155 0.0 0.0 0.0 0.0 0.0 0.0 0.0 0.0 0.0 0.02433198 0.033986393 0.0 0.0 0.0 0.0 0.06126125 0.005115453 0.0 0.026283024 0.0 0.034077957 0.0060814964 0.0 0.0 0.0 0.0 0.079150595 0.0 0.0 0.0 0.0
0.0 0.0 0.0 0.0 0.0 0.23090865 0.0 0.13221279 0.0 0.0 0.0 0.0 0.0 0.0 0.0 0.0 0.0 0.0 0.0 0.0544174 0.0 0.0 0.20205233 0.08323172 0.05037363 0.0008285605 0.009709995 0.0 0.0 0.0 0.0 0.0 0.0015261673 0.0 0.0 0.11319802 0.009152906 0.0 0.0 0.0 0.0 0.0 0.056509987 0.0 0.0 0.0 0.0 0.00783395 0.00740278 0.0 0.0 0.0 0.0 0.0 0.0 0.0
0.0 0.0 0.0 0.0 0.0 0.018529184 0.0 0.06618854 0.051232878 0.068361856 0.0 0.008565065 0.0 0.0 0.0 0.0 0.0 0.0 0.0 0.0 0.0 0.0 0.17599945 0.20691314 0.00023332094 0.0 0.004204777 0.07577083 0.0 0.0 0.0 0.0 0.0 0.0 0.0 0.042393345 0.0 0.023157043 0.06126125 0.0 0.0 0.0 0.0 0.012250944 0.0 0.0 0.0 0.0 0.0 0.0 0.14567184 0.0 0.0 0.0 0.06727766 0.0
0.0 0.13032629 0.0 0.0 0.0 0.02609619 0.044965032 0.0 0.1247129 0.0 0.0 0.0 0.007928316 0.0 0.0 0.0 0.010585837 0.0 0.0 0.0 0.0 0.0 0.02170574 0.029453078 0.0 0.0 0.0 0.0 0.0 0.0 0.0068711503 0.052070852 0.013801087 0.09982851 0.0 0.05903361 0.0 0.008412849 0.0051154536 0.0 0.0 0.0 0.09446065 0.0 0.0 0.04939171 0.0 0.04769981 0.0 0.11508312 0.0 0.0 0.0 0.0 0.0 0.0
0.0 0.06053135 0.0 0.0 0.0 0.05654814 0.0 0.0 0.0 0.0 0.0 0.0 0.095370226 0.0 0.0 0.0 0.0 0.0 0.0 0.0 0.0 0.09100714 0.0 0.0 0.0 0.0 0.0 0.0 0.0 0.0 0.0 0.0 0.07637087 0.030295081 0.0 0.045070797 0.0 0.0 0.0 0.056509987 0.0 0.09446066 0.09155729 0.028773976 0.0 0.058786232 0.0 0.031239247 0.0 0.041994218 1.1344125e-28 0.0 0.04863885 0.0 0.0 0.018827127
0.0 0.0 0.0 0.0 0.0 0.0 0.0 0.0 0.013469692 0.0 0.0 0.0 0.0 0.00594661 0.0 0.026373126 0.0 0.0 0.025559457 0.0 0.0 0.0 0.0 0.0 0.0 0.0 0.030958071 0.17626691 0.0 0.0 0.0 0.0 0.0 0.004686342 0.0 0.12510699 0.0 0.14791676 0.026283022 0.0 0.012250944 0.0 0.028773976 0.0 0.0 0.0 0.044302776 0.0 0.0 0.0 0.12882762 0.044049125 8.571023e-06 0.0 0.0 0.0
0.0 0.0 0.0 0.0 0.10626637 0.0 0.0 0.0 0.03289802 0.0 0.17730856 0.0 0.0 0.0 0.0 0.0 0.0 0.040359262 0.20164676 0.0 0.0 0.0 0.0 0.0 0.0 0.0 0.0 0.0 0.0 0.0 0.116053246 0.2246527 0.0 0.0 0.0 0.0 0.022851622 0.07960687 0.0 0.0 0.0 0.0 0.0 0.0 0.0607915 0.022413157 0.0 0.0 0.0 0.0 0.0 0.088291615 0.0 0.0 0.0 0.0
0.03930953 0.0 0.122725405 0.019580627 0.0 0.0 0.07288128 0.019307304 0.0 0.0 0.0 0.15395373 0.0 0.0 0.0 0.0 0.03555444 0.004613734 0.024714828 0.03747225 0.0 0.0 0.0 0.0 0.0 0.0 0.0 0.0 0.0 0.029392501 0.0 0.0 0.0 0.0 0.026871257 0.013899619 0.0 0.0077439053 0.034077954 0.0 0.0 0.04939171 0.058786232 0.0 0.022413155 0.048823837 0.16478118 0.013036569 0.0 0.0 0.0 0.0 0.048201505 0.0 0.0 0.0
0.0 0.0 0.01860406 0.11817405 0.0 0.040061105 0.0 0.0 0.0041671013 0.0 0.005342759 0.0 0.0 0.0 0.0 0.0 0.0 0.0 0.0 0.0 0.0 0.0 0.05889544 0.0 0.0 0.0032153893 0.06314714 0.0 0.0 0.0 0.1559538 0.0 0.039612655 0.0 0.0 0.03655516 0.0 0.0 0.0060814964 0.0 0.0 0.0 0.0 0.04430278 0.0 0.16478118 0.0 0.11781742 0.027250623 0.0 0.0 0.0 0.0 0.0 0.06820191 0.0
0.06299264 0.0 0.0 0.115972884 0.05757765 0.0 0.0 0.0 0.0 0.0 0.0 0.01709065 0.0 0.047089666 0.034043577 0.0 0.0 0.006338915 0.13663724 0.0 0.0 0.036233008 0.0 0.0 0.0 0.0 0.0 0.0 0.0 0.0 0.0 0.0019116048 0.0 0.0 0.02848686 0.0 0.0 0.0 0.0 0.00783395 0.0 0.04769981 0.031239247 0.0 0.0 0.013036569 0.11781742 0.0 0.0 0.0 0.0 0.0 0.0 0.046939347 0.0 0.0
0.0 0.0 0.010219668 0.0 0.016826754 0.040656198 0.0 0.0 0.0 0.0 0.0 0.0 0.013481884 0.1667162 0.06639619 0.020011144 0.10924356 0.0 0.0 0.0 0.0 0.0 0.0 0.0 0.059266157 0.0 0.0 0.0 0.0 0.0 0.13787934 0.0 0.0 0.0029866097 0.0 0.008464612 0.0 0.0 0.0 0.0074027795 0.0 0.0 0.0 0.0 0.0 0.0 0.027250623 0.0 0.0 0.0 0.0 0.0 0.039685566 0.0 0.093657464 0.0
0.0 0.0 0.0 0.0 0.030577403 0.0 0.027821189 0.022643784 0.0 0.114118375 0.042227834 0.0 0.0 0.046405863 0.023571344 0.004258639 0.0 0.0 0.0064733834 0.0 0.0 0.0 0.0 0.0 0.0 0.026061324 0.17430697 0.014939994 0.025860062 0.0 0.045841243 0.0 0.0 0.044171803 0.011629519 0.0 0.0 0.021458363 0.0 0.0 0.0 0.11508312 0.041994218 0.0 0.0 0.0 0.0 0.0 0.0 0.0 0.011563327 0.06298056 0.0 0.0 0.070625156 0.0
0.083524555 0.014823472 0.0140626 0.0 0.0 0.0 0.0 0.15199275 0.0 0.004047823 0.0 0.083141826 0.0 0.081596695 0.0 0.0 0.028539084 0.0 0.0 0.0 0.0 0.0 0.0 0.0 0.009316052 0.07177319 0.0 0.0 0.13993193 0.0 0.0 0.0 0.0 0.0 0.098987 0.0 0.0 0.0 0.0 0.0 0.14567183 0.0 1.1344125e-28 0.12882763 0.0 0.0 0.0 0.0 0.0 0.011563328 0.0 0.0 0.054980926 0.0 0.0 0.0
0.05597725 0.0 0.0 0.0 0.0 0.0 0.0 0.0 0.0 0.0081972275 0.011616408 0.09607992 0.0 0.0 0.0 0.0 0.0015122747 0.18372329 0.0 0.0 0.012402122 0.0 0.0 0.0 0.055193722 0.0 0.0 0.0 0.0638129 0.12426826 0.0 0.023012385 0.0 0.0 0.0 0.0 0.042636696 0.0 0.079150595 0.0 0.0 0.0 0.0 0.044049125 0.088291615 0.0 0.0 0.0 0.0 0.06298056 0.0 0.0 0.1339678 0.0 0.0 0.0
0.0 0.0 0.0 0.028694302 0.010520699 0.037244447 0.070693485 0.0 6.3768144e-05 0.0 0.007280678 0.0 0.0 0.017918719 0.0 0.32515734 0.0 0.0 0.0 0.0 0.0 0.0 0.0 0.0 0.0 0.0 0.017390242 0.0 0.0 0.0 0.0 0.0 0.0 0.0 0.0 0.055169478 0.0 0.007815317 0.0 0.0 0.0 0.0 0.048638854 8.571022e-06 0.0 0.04820151 0.0 0.0 0.039685566 0.0 0.054980926 0.1339678 0.0 0.0 0.07197856 0.0
0.0 0.011000948 0.0 0.0 0.0 0.068611115 0.0138970185 0.0 0.03386384 0.0 0.0 0.0 0.0 0.0 0.0 0.0 0.0 0.0 0.0 0.0 0.0 0.0 0.09997647 0.20758246 0.0 0.0 0.09271745 0.0 0.040011756 0.0 0.0 0.0 0.0 0.019857042 0.0 0.15672359 0.0 0.0 0.0 0.0 0.0 0.0 0.0 0.0 0.0 0.0 0.0 0.04693935 0.0 0.0 0.0 0.0 0.0 0.0 0.054441974 0.0
0.0 0.0098862965 0.024425844 0.0 0.0 0.0 0.0 0.024206683 0.0 0.0 0.01626687 0.0 0.0 0.011059355 0.025921743 0.0 0.050306715 0.0 0.027052078 0.027474886 0.0 0.0 0.0 0.0 0.13525651 0.19826335 0.0 0.06026367 0.0 0.0 0.07027223 0.0 0.0 0.0 0.0 0.0 0.0 0.0 0.0 0.0 0.06727766 0.0 0.0 0.0 0.0 0.0 0.06820191 0.0 0.09365746 0.070625156 0.0 0.0 0.071978554 0.054441974 0.0 0.0
0.0 0.0 0.0 0.0 0.12868473 0.31482178 0.0 0.0 0.12756015 0.0 0.0 0.0 0.0 0.0 0.088792145 0.0 0.0 0.0 0.0 0.0 0.04541952 0.0 0.1023422 0.0 0.0 0.0 0.0 0.0 0.0 0.19424683 0.0 0.028420564 0.0 0.0 0.0 0.01528394 0.0 0.084989265 0.0 0.0 0.0 0.0 0.018827127 0.0 0.0 0.0 0.0 0.0 0.0 0.0 0.0 0.0 0.0 0.0 0.0 0.0
