0.0 0.05109854 0.0 0.029825842 0.0 0.0 0.029983906 0.0 0.035128064 0.0 0.0 0.0101631405 0.08048063 0.0 0.0 0.0 0.051405452 0.029395355 0.13310339 0.10691673 0.0 0.0 0.0 0.0 0.059124153 0.044655804 0.0 0.0 0.0 0.06985616 0.010110043 0.0 0.033232983 0.0 0.0 0.05276606 0.0 0.025870906 0.0 0.0 0.0 0.084308736 0.0021736906 0.0 0.0 0.16326886 0.05288559 0.0 0.0 0.0 0.0 0.0 0.068020076 0.0 0.0 0.0
0.051098537 0.0 0.0 0.0 0.0 0.0 0.0 0.0 0.0 0.1498183 0.0 0.099548995 0.0 0.0 0.0035329086 0.015686586 0.020311018 0.0 0.0 0.011992351 0.0 0.0 0.0 0.016708607 0.02809121 0.0 0.0 0.0 0.0 0.13531062 0.0 0.0 0.04055201 0.15887971 0.12085138 0.0051123677 0.0 0.0 0.0 0.0 0.0 0.0 0.0 0.016989786 0.0 0.0 0.0 0.0 0.014646593 0.0 0.0 0.0 0.0 0.0 0.0 0.0
0.0 0.0 0.0 0.0 0.020290455 0.0 0.0 0.0 0.0 0.0 0.0 0.0 0.0 0.3903846 0.0 0.0 0.0 0.0 0.0 0.0 0.0 0.0 0.0 0.0 0.0 0.0 0.06041421 0.017438056 0.0 0.0 0.0 0.0 0.0 0.0 0.0 0.0 0.0 0.0 0.0 0.056027446 0.06579286 0.0 0.0 0.13627331 0.0071987817 0.0 0.0 0.0 0.0 0.0 0.056325447 0.0 0.010163811 0.03892291 0.0 0.0
0.02982584 0.0 0.0 0.0 0.0 0.0 0.0 0.0 0.0 0.0 0.0 0.01883609 0.0 0.0 0.15875493 0.019486904 0.0 0.06265777 0.0 0.0 0.0 0.28397194 0.0 0.0 0.051275656 0.0 0.0 0.0 0.2517123 0.0 0.0 0.0 0.0 0.0749791 0.0 0.0 0.0 0.0 0.0 0.0 0.0 0.0 0.0 0.0 0.0 0.0 0.0 0.0 0.0 0.0 0.0 0.0 0.0 0.006774509 0.0 0.006746973
0.0 0.0 0.020290453 0.0 0.0 0.0 0.0 0.0 0.0 0.0 0.0 0.19144365 0.0 0.10129052 0.0 0.0 0.0 0.0 0.0 0.0 0.0 0.0 0.035291836 0.0 0.0030915358 0.0 0.033820156 0.0 0.0 0.0 0.0 0.0 0.0 0.0 0.0 0.17226015 0.0 0.0 0.0 0.0 0.15087192 0.0 0.0 0.00798661 0.0 0.0 0.0 0.0 0.0 0.0 0.0 0.0 0.0 0.0 0.0 0.0
0.0 0.0 0.0 0.0 0.0 0.0 0.0 0.0 0.017066564 0.0 0.0 0.0 0.0 0.0 0.14660561 0.0 0.0 0.0015320828 0.0 0.0 0.0 0.008631555 0.009670354 0.0 0.0 0.013160975 0.0 0.02922752 0.0 0.060590878 0.0 0.0 0.0 0.0 0.0 0.16338429 0.0 0.0 0.0 0.0 0.051424827 0.0 0.059511345 0.0 0.0 0.0 0.0 0.0 0.15632087 0.042078245 0.0 0.0 0.0 0.0 0.038953885 0.05399259
0.029983904 0.0 0.0 0.0 0.0 0.0 0.0 0.0 0.0 0.018649492 0.0 0.0 0.0 0.0 0.0 0.0 0.0 0.0 0.0 0.05106105 0.0 0.0 0.0 0.0 0.0 0.0 0.030079694 0.0 0.0 0.0 0.010644304 0.0 0.0 0.0 0.27229196 0.0 0.3077807 0.0 0.0 0.0 0.0 0.0 0.0 0.0 0.009599903 0.0071878415 0.0 0.08845596 0.0 0.0 0.0 0.0 0.0 0.0 0.0 0.0
0.0 0.0 0.0 0.0 0.0 0.0 0.0 0.12557995 0.0 0.0 0.0 0.021710297 0.0 0.01622732 0.0 0.0 0.060690872 0.0 0.055139802 0.0 0.0 0.0012749704 0.10197962 0.0 0.032213263 0.070498206 0.0 0.0 0.14065942 0.0 0.0064550806 0.009471236 0.0 0.0 0.0 0.0 0.0 0.03809345 0.08317625 0.0 0.0 0.0 0.0 0.0 0.0 0.077755414 0.0 0.0 0.0 0.0 0.0 0.0 0.091307074 0.06918296 0.019557897 0.0
0.035128064 0.0 0.0 0.0 0.0 0.017066564 0.0 0.0 0.0 0.13291942 0.17181732 0.0 0.0 0.0 0.0 0.0 0.0 0.0 0.0 0.016903581 0.0 0.0 0.0 0.0 0.0 0.0 0.18860666 0.0 0.0 0.0 0.02596054 0.0 0.0035217637 0.0 0.029888151 0.0 0.02854439 0.0 0.0 0.0 0.0 0.0 0.0 0.025390195 0.13088565 0.0 0.0 0.0 0.0 0.0 0.0 0.0 0.0 0.0 0.012644427 0.0
0.0 0.1498183 0.0 0.0 0.0 0.0 0.018649492 0.0 0.13291942 0.0 0.0 0.0 0.12702219 0.0 0.03424517 0.029906092 0.042441335 0.0 0.024551926 0.0 0.0 0.0 0.0075758975 0.0 0.0 0.080623165 0.0 0.030232335 0.0 0.0 0.14534943 0.0 0.0029183603 0.0 0.0 0.0 0.0 0.0595998 0.0 0.0 0.0 0.18869539 0.0 0.0 0.0 0.023707304 0.0 0.0 0.0 0.0 0.0 0.0 0.102268256 0.0 0.0 0.0
0.0 0.0 0.0 0.0 0.0 0.0 0.0 0.0 0.17181732 0.0 0.0 0.11121088 0.0 0.0 0.019794684 0.0 0.102014355 0.0 0.007596053 0.057448186 0.0 0.0 0.0 0.0 0.087938026 0.0 0.0 0.0 0.16113037 0.0 0.0 0.0 0.0 0.0 0.0 0.075311705 0.0 0.0 0.0 0.0 0.16814372 0.03089394 0.0 0.092918165 0.0 0.0 0.03954487 0.0 0.0 0.0 0.0 0.0 0.0 0.015109197 0.0 0.0
0.0101631405 0.099548995 0.0 0.018836088 0.19144367 0.0 0.0 0.021710299 0.0 0.0 0.11121089 0.0 0.0 0.0 0.0 0.10552496 0.0 0.0 0.0 0.045769718 0.02719863 0.0 0.005233201 0.030726373 0.0 0.05909986 0.02045956 0.0 0.0 0.0 0.0 0.0 0.0 0.0 0.0 0.0 0.0 0.09705678 0.0 0.06820732 0.0 0.0 0.0 0.0 0.0 0.0 0.0 0.0 0.0 0.0 0.099649064 0.0 0.0 0.0 0.05467713 0.0
0.08048062 0.0 0.0 0.0 0.0 0.0 0.0 0.0 0.0 0.12702219 0.0 0.0 0.0 0.0 0.0 0.0 0.0 0.0 0.0 0.0 0.0 0.020554362 0.0 0.15573518 0.0 0.0 0.0 0.0 0.0 0.0 0.0 0.0 0.0 0.0 0.037023667 0.0 0.0 0.0 0.0 0.0 0.0 0.0 0.01826366 0.033173107 0.03480691 0.0 0.0 0.010994036 0.0 0.047952913 0.0 0.19721353 0.0 0.0 0.0 0.1394713
0.0 0.0 0.39038458 0.0 0.10129052 0.0 0.0 0.01622732 0.0 0.0 0.0 0.0 0.0 0.0 0.0 0.0 0.022167616 0.015404342 0.0 0.0 0.079798445 0.0 0.0062854677 0.008877901 0.005304085 0.0 0.0 0.0 0.0 0.1678523 0.0 0.088529795 0.097423 0.08567619 0.0 0.0 0.0 0.029302241 0.007821839 0.0 0.0 0.0 0.0 0.0 0.0 0.0 0.0 0.0 0.05120324 0.0 0.0 0.0 0.0 0.0 0.0 0.0
0.0 0.0035329089 0.0 0.15875494 0.0 0.14660561 0.0 0.0 0.0 0.03424517 0.019794684 0.0 0.0 0.0 0.07873306 0.11669778 0.012550471 0.0 0.010337096 0.0 0.0 0.0 0.0 0.0 0.0 0.0 0.05088373 0.0 0.0 0.0 0.0 0.011108423 0.18348731 0.007957311 0.0 0.0 0.0 0.18999428 0.0 0.0 0.0 0.0 0.0 0.0 0.0 0.0 0.0 0.0 0.0 0.0 0.022365456 0.0 0.0 0.0 0.028973976 0.0
0.0 0.015686586 0.0 0.019486906 0.0 0.0 0.0 0.0 0.0 0.029906092 0.0 0.10552495 0.0 0.0 0.11669778 0.0 0.003209207 0.0 0.122129135 0.0 0.0 0.0 0.022890128 0.0 0.0 0.008394026 0.0 0.0 0.0 0.0023977763 0.0 0.0 0.007975661 0.0 0.0 0.0 0.0 0.0 0.047430005 0.0 0.0 0.0 0.0 0.0 0.0 0.0 0.0 0.07786191 0.14201707 0.10982068 0.0 0.0 0.1359033 0.0 0.0026614098 0.0
0.051405456 0.020311018 0.0 0.0 0.0 0.0 0.0 0.060690872 0.0 0.042441335 0.10201436 0.0 0.0 0.022167614 0.012550471 0.003209207 0.0 0.0 0.0 0.0 0.0 0.0 0.0 0.06960414 0.0 0.012834579 0.012328435 0.0 0.03466949 0.0 0.020354668 0.0 0.0 0.011018191 0.14475016 0.0 0.0015628312 0.0 0.0 0.0 0.0055243084 0.0 0.0 0.022726279 0.0012379833 0.0 0.0 0.0 0.0 0.0 0.0 0.014642599 0.0 0.1756221 0.066257715 0.0
0.029395357 0.0 0.0 0.06265777 0.0 0.0015320828 0.0 0.0 0.0 0.0 0.0 0.0 0.0 0.015404343 0.0 0.0 0.0 0.0 0.0 0.0 0.0 0.0571987 0.19656612 0.0 0.0 0.055856273 0.019574953 0.07512049 0.0 0.0 0.0 0.0 0.0 0.0 0.0 0.0 0.0 0.0 0.0 0.0 0.0028354279 0.0 0.0 0.0 0.0032054922 0.0 0.0 0.0 0.0 0.03677919 0.122775935 0.049545277 0.0 0.0 0.14446494 0.0
0.1331034 0.0 0.0 0.0 0.0 0.0 0.0 0.0551398 0.0 0.024551924 0.0075960527 0.0 0.0 0.0 0.010337097 0.122129135 0.0 0.0 0.0 0.0 0.0 0.0 0.0 0.0 0.047482237 0.0 0.0014790578 0.0 0.0 0.0 0.0 0.0 0.07395832 0.0 0.009395094 0.0 0.19110695 0.0 0.06314155 0.0 0.0 0.0 0.03738532 0.02218032 0.0 0.0 0.0 0.0 0.0 0.0 0.0 0.0 0.0 0.023585238 0.0 0.055677496
0.106916726 0.01199235 0.0 0.0 0.0 0.0 0.051061045 0.0 0.016903581 0.0 0.057448186 0.045769718 0.0 0.0 0.0 0.0 0.0 0.0 0.0 0.0 0.06355594 0.030274631 0.0 0.0 0.0 0.0 0.0 0.0099674435 0.0 0.076267846 0.0 0.13269943 0.0 0.05763215 0.0 0.036782257 0.0 0.040079676 0.0 0.0 0.0038283952 0.0 0.05841904 0.0 0.0 0.009685829 0.0 0.0 0.13436273 0.0 0.0 0.0 0.0 0.0 0.0 0.0
0.0 0.0 0.0 0.0 0.0 0.0 0.0 0.0 0.0 0.0 0.0 0.027198628 0.0 0.07979844 0.0 0.0 0.0 0.0 0.0 0.06355594 0.0 0.0379867 0.058544386 0.0 0.0 0.01632889 0.0 0.0 0.0 0.0065062507 0.0 0.0 0.0 0.0 0.10567122 0.0 0.0 0.0 0.0 0.0 0.10313079 0.0 0.17364582 0.0 0.0 0.0 0.0 0.0 0.0 0.0 0.0 0.0 0.0 0.071994156 0.0 0.06141669
0.0 0.0 0.0 0.28397194 0.0 0.008631555 0.0 0.0012749704 0.0 0.0 0.0 0.0 0.020554362 0.0 0.0 0.0 0.0 0.057198696 0.0 0.030274631 0.0379867 0.0 0.0 0.0 0.16140988 0.0 0.06538611 0.0 0.0 0.0 0.0 0.0 0.0 0.0 0.0 0.0 0.0 0.0006076031 0.0 0.0 0.0 0.0 0.0 0.0 0.0 0.0 0.0 0.0 0.0 0.0 0.0 0.0 0.09150004 0.0 0.008029908 0.0
0.0 0.0 0.0 0.0 0.035291836 0.0096703535 0.0 0.10197962 0.0 0.007575897 0.0 0.005233201 0.0 0.0062854677 0.0 0.022890128 0.0 0.19656612 0.0 0.0 0.058544386 0.0 0.15690091 0.0055680606 0.0 0.0 0.0 0.051378038 0.0 0.0 0.0 0.06638196 0.0 0.0 0.0 0.0 0.0 0.0 0.0 0.0 0.0 0.0 0.0 0.021922056 0.2006773 0.0 0.0 0.08625989 0.039329473 0.0 0.057881292 0.026151776 0.0 0.0 0.0 0.0
0.0 0.016708607 0.0 0.0 0.0 0.0 0.0 0.0 0.0 0.0 0.0 0.030726373 0.15573518 0.0088779 0.0 0.0 0.069604136 0.0 0.0 0.0 0.0 0.0 0.0055680606 0.00078714767 0.012975001 0.0 0.0 0.0 0.0 0.0 0.0 0.0 0.0 0.0 0.0 0.1261693 0.0 0.010417656 0.0 0.0 0.090095274 0.0731554 0.086821474 0.0 0.0 0.10792588 0.15123622 0.02232596 0.04998879 0.0 0.0 0.0 0.032223243 0.1339577 0.0 0.038682684
0.059124157 0.028091209 0.0 0.05127566 0.0030915358 0.0 0.0 0.032213267 0.0 0.0 0.08793803 0.0 0.0 0.005304085 0.0 0.0 0.0 0.0 0.047482237 0.0 0.0 0.16140988 0.0 0.012975001 0.0 0.0 0.06858184 0.0 0.0 0.0 0.0 0.0 0.0 0.0 0.04334304 0.0 0.0 0.0 0.0 0.17234601 0.014888273 0.0 0.052600317 0.0 0.0 0.0 0.0 0.0 0.0 0.0 0.027167207 0.0 0.0 0.045393016 0.23783086 0.0
0.044655804 0.0 0.0 0.0 0.0 0.013160974 0.0 0.07049821 0.0 0.080623165 0.0 0.05909986 0.0 0.0 0.0 0.008394026 0.012834579 0.055856273 0.0 0.0 0.01632889 0.0 0.0 0.0 0.0 0.0 0.0 0.0 0.0 0.036968764 0.010319539 0.011781554 0.02634465 0.0 0.0 0.0 0.011096497 0.0 0.07550931 0.0 0.0 0.0 0.0 0.062282994 0.03552201 0.0 0.0 0.0 0.0 0.24829972 0.0 0.0 0.08462373 0.0 0.0 0.0
0.0 0.0 0.06041421 0.0 0.033820156 0.0 0.030079696 0.0 0.18860668 0.0 0.0 0.02045956 0.0 0.0 0.05088373 0.0 0.012328435 0.019574953 0.001479058 0.0 0.0 0.06538611 0.0 0.0 0.06858184 0.0 0.0 0.10385134 0.0 0.039750174 0.0 0.034300294 0.0 0.037059262 0.0 0.10919916 0.0 0.0 0.0 0.0 0.0042934055 0.03604014 0.0055567557 0.0 0.0 0.0 0.0787374 0.0 0.11876194 0.033632014 0.0 0.0 0.0 0.0 0.0 0.12510777
0.0 0.0 0.017438056 0.0 0.0 0.029227521 0.0 0.0 0.0 0.030232335 0.0 0.0 0.0 0.0 0.0 0.0 0.0 0.07512049 0.0 0.0099674435 0.0 0.0 0.05137804 0.0 0.0 0.0 0.10385133 0.120145656 0.0 0.013915169 0.12484219 0.047035344 0.022898825 0.0 0.0 0.012469867 0.0 0.0 0.0 0.0 0.040194564 0.0 0.0 0.0 0.009592668 0.0 0.0 0.0905466 0.0 0.044247855 0.019885933 0.059839204 0.0 0.0 0.0 0.061940968
0.0 0.0 0.0 0.2517123 0.0 0.0 0.0 0.14065944 0.0 0.0 0.16113037 0.0 0.0 0.0 0.0 0.0 0.034669492 0.0 0.0 0.0 0.0 0.0 0.0 0.0 0.0 0.0 0.0 0.0 0.0 0.0 0.0788187 0.0 0.006603455 0.0 0.06900746 0.0 0.0 0.0 0.0 0.0521052 0.0 0.0 0.04840039 0.0 0.0 0.0 0.0 0.0 0.0 0.0 0.0 0.15714592 0.0 0.0 0.0 0.0
0.06985615 0.13531062 0.0 0.0 0.0 0.060590878 0.0 0.0 0.0 0.0 0.0 0.0 0.0 0.1678523 0.0 0.0023977763 0.0 0.0 0.0 0.07626784 0.0065062507 0.0 0.0 0.0 0.0 0.036968764 0.039750174 0.013915169 0.0 0.0 0.0 0.0 0.0 0.0 0.0 0.06257938 0.0 0.0 0.0 0.15630686 0.018958205 0.0 0.0 0.0 0.0 0.0 0.0 0.007192464 0.0 0.0 0.0 0.0 0.0 0.097990856 0.029630404 0.0059696333
0.010110043 0.0 0.0 0.0 0.0 0.0 0.010644304 0.006455081 0.02596054 0.14534943 0.0 0.0 0.0 0.0 0.0 0.0 0.020354668 0.0 0.0 0.0 0.0 0.0 0.0 0.0 0.0 0.010319539 0.0 0.1248422 0.0788187 0.0 0.0 0.0 0.0 0.014266689 0.0 0.0 0.0 0.0 0.0 0.0 0.10042703 0.0 0.14417343 0.0 0.0 0.0 0.19464283 0.0 0.0 0.0 0.0 0.0 0.0 0.10644694 0.0 0.08025582
0.0 0.0 0.0 0.0 0.0 0.0 0.0 0.009471235 0.0 0.0 0.0 0.0 0.0 0.088529795 0.011108423 0.0 0.0 0.0 0.0 0.13269943 0.0 0.0 0.06638196 0.0 0.0 0.011781553 0.034300297 0.04703534 0.0 0.0 0.0 0.010549719 0.11897 0.027864864 0.0 0.0 0.0 0.0 0.0 0.05003196 0.0 0.0 0.005506704 0.0 0.0 0.0 0.0 0.066208385 0.14539541 0.04385681 0.095654555 0.0 0.0 0.026571859 0.025044737 0.0
0.033232983 0.04055201 0.0 0.0 0.0 0.0 0.0 0.0 0.0035217637 0.0029183603 0.0 0.0 0.0 0.09742301 0.18348731 0.00797566 0.0 0.0 0.07395832 0.0 0.0 0.0 0.0 0.0 0.0 0.02634465 0.0 0.022898825 0.006603455 0.0 0.0 0.11896999 0.0 0.0 0.026216216 0.0 0.0 0.0 0.0 0.0 0.038302056 0.004949263 0.0 0.11813128 0.16728538 0.0 0.030203333 0.0 0.0 0.0 0.0 0.0 0.0 0.0050533693 0.0 0.01597806
0.0 0.15887971 0.0 0.0749791 0.0 0.0 0.0 0.0 0.0 0.0 0.0 0.0 0.0 0.08567619 0.007957311 0.0 0.011018191 0.0 0.0 0.057632152 0.0 0.0 0.0 0.0 0.0 0.0 0.037059262 0.0 0.0 0.0 0.014266688 0.027864864 0.0 0.0 0.03379677 0.011041798 0.0 0.0 0.0 0.0 0.0 0.0 0.0 0.12920095 0.0027108376 0.0 0.053617783 0.0 0.0 0.0 0.0 0.0 0.014492835 0.11256319 0.0 0.0
0.0 0.12085139 0.0 0.0 0.0 0.0 0.27229196 0.0 0.029888151 0.0 0.0 0.0 0.037023667 0.0 0.0 0.0 0.14475016 0.0 0.009395094 0.0 0.10567122 0.0 0.0 0.0 0.04334304 0.0 0.0 0.0 0.06900746 0.0 0.0 0.0 0.026216216 0.033796765 0.0 0.020210685 0.0 0.0 0.0 0.0 0.0 0.109108895 0.0 0.0 0.0 0.07876074 0.048585393 0.0 0.0 0.0 0.0 0.0 0.13018098 0.0130266035 0.0 0.012545629
0.05276606 0.005112368 0.0 0.0 0.17226014 0.16338429 0.0 0.0 0.0 0.0 0.075311705 0.0 0.0 0.0 0.0 0.0 0.0 0.0 0.0 0.03678226 0.0 0.0 0.0 0.12616928 0.0 0.0 0.10919917 0.012469867 0.0 0.06257938 0.0 0.0 0.0 0.011041798 0.020210685 0.0 0.0 0.0 0.0 0.0 0.0 0.0 0.0 0.0 0.0 0.0 0.0 0.0020811553 0.0 0.057567578 0.0 0.0 0.0 0.0 0.013085043 0.0
0.0 0.0 0.0 0.0 0.0 0.0 0.3077807 0.0 0.02854439 0.0 0.0 0.0 0.0 0.0 0.0 0.0 0.0015628312 0.0 0.19110693 0.0 0.0 0.0 0.0 0.0 0.0 0.011096496 0.0 0.0 0.0 0.0 0.0 0.0 0.0 0.0 0.0 0.0 0.012353365 0.093956456 0.40659994 0.0 0.0 0.0 0.0 0.0 0.0 0.011788428 0.0 0.0 0.0 0.0 0.0 0.0 0.020884456 0.0 0.0 0.0
0.025870906 0.0 0.0 0.0 0.0 0.0 0.0 0.03809345 0.0 0.0595998 0.0 0.09705678 0.0 0.02930224 0.18999428 0.0 0.0 0.0 0.0 0.040079672 0.0 0.0006076032 0.0 0.010417656 0.0 0.0 0.0 0.0 0.0 0.0 0.0 0.0 0.0 0.0 0.0 0.0 0.093956456 0.0 0.0 0.0 0.1499429 0.0 0.0 0.0 0.06355151 0.0 0.0 0.0 0.0 0.047314063 0.0 0.0 0.0 0.0027581477 0.0 0.0
0.0 0.0 0.0 0.0 0.0 0.0 0.0 0.083176255 0.0 0.0 0.0 0.0 0.0 0.007821839 0.0 0.047430005 0.0 0.0 0.06314155 0.0 0.0 0.0 0.0 0.0 0.0 0.07550932 0.0 0.0 0.0 0.0 0.0 0.0 0.0 0.0 0.0 0.0 0.40659997 0.0 0.0 0.003155178 0.013034698 0.0 0.0 0.0 0.02486548 0.0 0.0 0.0 0.0 0.14519212 0.0 0.0 0.0 0.013595497 0.01240705 0.0
0.0 0.0 0.05602745 0.0 0.0 0.0 0.0 0.0 0.0 0.0 0.0 0.06820732 0.0 0.0 0.0 0.0 0.0 0.0 0.0 0.0 0.0 0.0 0.0 0.0 0.172346 0.0 0.0 0.0 0.0521052 0.15630686 0.0 0.05003196 0.0 0.0 0.0 0.0 0.0 0.0 0.003155178 0.0 0.0 0.0 0.0 0.099106595 0.005383448 0.0 0.0 0.0 0.0 0.14665079 0.0 0.0 0.026341934 0.0 0.0 0.14797829
0.0 0.0 0.065792866 0.0 0.1508719 0.051424827 0.0 0.0 0.0 0.0 0.16814372 0.0 0.0 0.0 0.0 0.0 0.0055243084 0.0028354279 0.0 0.003828395 0.10313079 0.0 0.0 0.090095274 0.014888271 0.0 0.0042934055 0.040194564 0.0 0.018958205 0.100427024 0.0 0.038302056 0.0 0.0 0.0 0.0 0.1499429 0.013034699 0.0 0.0 0.0 0.0 0.0 0.0 0.04210264 0.0 0.0241862 0.0 0.0 0.06333074 0.0 0.0 0.0 0.030888539 0.0
0.084308736 0.0 0.0 0.0 0.0 0.0 0.0 0.0 0.0 0.18869539 0.03089394 0.0 0.0 0.0 0.0 0.0 0.0 0.0 0.0 0.0 0.0 0.0 0.0 0.07315541 0.0 0.0 0.036040142 0.0 0.0 0.0 0.0 0.0 0.004949263 0.0 0.109108895 0.0 0.0 0.0 0.0 0.0 0.0 0.0 0.0 0.0 0.043296427 0.0 0.0 0.0 0.0 0.0 0.118866146 0.06829844 0.0 0.0 0.08112901 0.0
0.0021736906 0.0 0.0 0.0 0.0 0.05951134 0.0 0.0 0.0 0.0 0.0 0.0 0.018263662 0.0 0.0 0.0 0.0 0.0 0.037385315 0.05841904 0.17364581 0.0 0.0 0.086821474 0.05260032 0.0 0.0055567557 0.0 0.048400395 0.0 0.14417343 0.005506704 0.0 0.0 0.0 0.0 0.0 0.0 0.0 0.0 0.0 0.0 0.0 0.0050106184 0.0 0.0 0.0 0.0 0.030431772 0.0 0.0 0.00767931 0.095850974 0.0 0.0 0.0
0.0 0.016989786 0.13627331 0.0 0.007986609 0.0 0.0 0.0 0.025390195 0.0 0.092918165 0.0 0.033173103 0.0 0.0 0.0 0.022726277 0.0 0.02218032 0.0 0.0 0.0 0.021922056 0.0 0.0 0.062282998 0.0 0.0 0.0 0.0 0.0 0.0 0.11813127 0.12920095 0.0 0.0 0.0 0.0 0.0 0.099106595 0.0 0.0 0.0050106184 0.0 0.0 0.0 0.0 0.0 0.0041660494 0.0 0.0 0.0 0.0 0.0 0.06598819 0.0
0.0 0.0 0.007198782 0.0 0.0 0.0 0.009599904 0.0 0.13088565 0.0 0.0 0.0 0.03480691 0.0 0.0 0.0 0.0012379833 0.0032054922 0.0 0.0 0.0 0.0 0.20067729 0.0 0.0 0.035522014 0.0 0.009592668 0.0 0.0 0.0 0.0 0.16728537 0.0027108376 0.0 0.0 0.0 0.063551515 0.02486548 0.005383448 0.0 0.04329643 0.0 0.0 0.0 0.074826345 0.0 0.0 0.0 0.0 0.25851777 0.0 0.0 0.0 0.11012459 0.0
0.16326886 0.0 0.0 0.0 0.0 0.0 0.0071878415 0.07775541 0.0 0.023707304 0.0 0.0 0.0 0.0 0.0 0.0 0.0 0.0 0.0 0.009685829 0.0 0.0 0.0 0.10792588 0.0 0.0 0.0 0.0 0.0 0.0 0.0 0.0 0.0 0.0 0.07876075 0.0 0.011788428 0.0 0.0 0.0 0.042102642 0.0 0.0 0.0 0.074826345 0.0 0.0 0.085382506 0.0 0.0 0.020348903 0.25293452 0.0 0.0 0.0 0.0
0.05288559 0.0 0.0 0.0 0.0 0.0 0.0 0.0 0.0 0.0 0.03954487 0.0 0.0 0.0 0.0 0.0 0.0 0.0 0.0 0.0 0.0 0.0 0.0 0.15123624 0.0 0.0 0.0787374 0.0 0.0 0.0 0.19464283 0.0 0.030203333 0.05361778 0.048585396 0.0 0.0 0.0 0.0 0.0 0.0 0.0 0.0 0.0 0.0 0.0 0.0 0.0 0.0 0.0 0.0 0.122740634 0.0 0.0 0.0 0.0
0.0 0.0 0.0 0.0 0.0 0.0 0.08845597 0.0 0.0 0.0 0.0 0.0 0.010994036 0.0 0.0 0.07786192 0.0 0.0 0.0 0.0 0.0 0.0 0.086259894 0.022325959 0.0 0.0 0.0 0.0905466 0.0 0.007192464 0.0 0.066208385 0.0 0.0 0.0 0.0020811555 0.0 0.0 0.0 0.0 0.0241862 0.0 0.0 0.0 0.0 0.0853825 0.0 0.0 0.0 0.0 0.02743054 0.0 0.001224611 0.04095141 0.0 0.0
0.0 0.014646593 0.0 0.0 0.0 0.15632088 0.0 0.0 0.0 0.0 0.0 0.0 0.0 0.05120324 0.0 0.14201707 0.0 0.0 0.0 0.13436273 0.0 0.0 0.03932947 0.04998879 0.0 0.0 0.11876195 0.0 0.0 0.0 0.0 0.14539541 0.0 0.0 0.0 0.0 0.0 0.0 0.0 0.0 0.0 0.0 0.030431772 0.0041660494 0.0 0.0 0.0 0.0 0.0 0.012642577 0.031260207 0.0 0.0 0.0 0.03131692 0.0
0.0 0.0 0.0 0.0 0.0 0.04207825 0.0 0.0 0.0 0.0 0.0 0.0 0.047952913 0.0 0.0 0.10982068 0.0 0.03677919 0.0 0.0 0.0 0.0 0.0 0.0 0.0 0.24829973 0.033632014 0.044247855 0.0 0.0 0.0 0.043856815 0.0 0.0 0.0 0.057567578 0.0 0.047314063 0.14519212 0.14665079 0.0 0.0 0.0 0.0 0.0 0.0 0.0 0.0 0.012642577 0.0 0.020916423 0.0 0.0 0.008370736 0.06413806 0.0
0.0 0.0 0.05632545 0.0 0.0 0.0 0.0 0.0 0.0 0.0 0.0 0.09964907 0.0 0.0 0.022365455 0.0 0.0 0.12277594 0.0 0.0 0.0 0.0 0.057881292 0.0 0.027167208 0.0 0.0 0.019885933 0.0 0.0 0.0 0.095654555 0.0 0.0 0.0 0.0 0.0 0.0 0.0 0.0 0.06333074 0.118866146 0.0 0.0 0.25851777 0.020348903 0.0 0.02743054 0.031260207 0.020916425 0.0 0.0 0.0 0.0 0.0 0.0
0.0 0.0 0.0 0.0 0.0 0.0 0.0 0.0 0.0 0.0 0.0 0.0 0.19721355 0.0 0.0 0.0 0.014642599 0.049545277 0.0 0.0 0.0 0.0 0.026151774 0.0 0.0 0.0 0.0 0.059839204 0.15714592 0.0 0.0 0.0 0.0 0.0 0.0 0.0 0.0 0.0 0.0 0.0 0.0 0.06829844 0.00767931 0.0 0.0 0.25293452 0.122740634 0.0 0.0 0.0 0.0 0.0 0.0 0.0 0.0 0.093034185
0.068020076 0.0 0.010163811 0.0 0.0 0.0 0.0 0.091307074 0.0 0.102268256 0.0 0.0 0.0 0.0 0.0 0.1359033 0.0 0.0 0.0 0.0 0.0 0.09150004 0.0 0.03222324 0.0 0.08462373 0.0 0.0 0.0 0.0 0.0 0.0 0.0 0.014492835 0.13018097 0.0 0.020884456 0.0 0.0 0.026341932 0.0 0.0 0.095850974 0.0 0.0 0.0 0.0 0.001224611 0.0 0.0 0.0 0.0 0.0 0.0 0.02876074 0.0
0.0 0.0 0.03892291 0.006774509 0.0 0.0 0.0 0.06918296 0.0 0.0 0.015109197 0.0 0.0 0.0 0.0 0.0 0.1756221 0.0 0.023585236 0.0 0.07199416 0.0 0.0 0.1339577 0.045393016 0.0 0.0 0.0 0.0 0.097990856 0.10644694 0.026571859 0.0050533693 0.11256319 0.0130266035 0.0 0.0 0.0027581474 0.013595497 0.0 0.0 0.0 0.0 0.0 0.0 0.0 0.0 0.04095141 0.0 0.008370737 0.0 0.0 0.0 0.0 0.0 0.0
0.0 0.0 0.0 0.0 0.0 0.038953885 0.0 0.019557899 0.012644426 0.0 0.0 0.05467713 0.0 0.0 0.028973976 0.0026614096 0.066257715 0.14446494 0.0 0.0 0.0 0.008029908 0.0 0.0 0.23783085 0.0 0.0 0.0 0.0 0.029630404 0.0 0.025044737 0.0 0.0 0.0 0.013085042 0.0 0.0 0.0124070505 0.0 0.030888539 0.08112901 0.0 0.06598819 0.11012459 0.0 0.0 0.0 0.031316917 0.06413806 0.0 0.0 0.028760742 0.0 0.0 0.0
0.0 0.0 0.0 0.0067469724 0.0 0.05399259 0.0 0.0 0.0 0.0 0.0 0.0 0.1394713 0.0 0.0 0.0 0.0 0.0 0.055677496 0.0 0.06141669 0.0 0.0 0.038682684 0.0 0.0 0.12510777 0.061940968 0.0 0.005969634 0.08025582 0.0 0.01597806 0.0 0.012545629 0.0 0.0 0.0 0.0 0.14797829 0.0 0.0 0.0 0.0 0.0 0.0 0.0 0.0 0.0 0.0 0.0 0.09303418 0.0 0.0 0.0 0.0
