0.0 0.0 0.14093716 0.0 0.0 0.0 0.0337081 0.0 0.17006092 0.0 0.0 0.0 0.0 0.0 0.0 0.0 0.0 0.31876874 0.0 0.0 0.0 0.0 0.0056866817 0.0 0.0 0.023272231 0.0 0.0010337038 0.013398439 0.069470294 0.0 0.11986732 0.0 0.0 0.0 0.045928057 0.0 0.0 0.06428887 0.007236028 0.0 0.018164838 0.017610548 0.0 0.0 0.0 0.0 0.012280548 0.0 0.0 0.0 0.0 0.0 0.0496181 0.09638887 0.0
0.0 0.0 0.0 0.0 0.0 0.0 0.0 0.05629355 0.0 0.0 0.0 0.0 0.0 0.0 0.0 0.0 0.0 0.0 0.0 0.0 0.0029544493 0.0 0.09805427 0.07251653 0.0 0.043275658 0.06339147 0.13598587 0.0 0.0 0.046295036 0.0 0.042489182 0.0 0.0 0.0 0.0 0.0 0.0 0.0 0.0 0.0 0.0 0.0 0.0 0.0 0.0 0.0 0.0074269604 0.0 0.19986412 0.14343047 0.0 0.0 0.0 0.0
0.14093716 0.0 0.0 0.0 0.11962152 0.0 0.0 0.0 0.0 0.0 0.0 0.0 0.0 0.0 0.123547755 0.0 0.0 0.0 0.0 0.0 0.0 0.0 0.0 0.011182424 0.0 0.0 0.0 0.0 0.0 0.0 0.0 0.0 0.0 0.02537419 0.0 0.0 0.0 0.11629483 0.0 0.0 0.18130738 0.014461506 0.0 0.0 0.0 0.0 0.0 0.0 0.0 0.0 0.0 0.013321165 0.0 0.018252753 0.0 0.0
0.0 0.0 0.0 0.18296002 0.0 0.0 0.0045018606 0.0 0.0 0.0 0.015864689 0.0 0.0484266 0.0 0.0 0.053970616 0.0 0.0 0.0 0.0 0.14932765 0.0 0.0 0.0 0.0 0.0 0.04360009 0.041830733 0.0 0.0 0.11713749 0.0 0.17191485 0.0 0.0 0.0 0.0 0.0 0.0 0.020356314 0.0 0.0 0.06818329 0.0 0.0 0.12662555 0.032658704 0.0 0.0 0.0 0.059983 0.0 0.0 0.0 0.0 0.0
0.0 0.0 0.11962152 0.0 0.0 0.0031482733 0.0 0.0 0.0 0.0 0.0 0.23309158 0.0968378 0.034385424 0.0 0.0 0.07214755 0.0 0.0 0.0 0.07214601 0.035646077 0.0 0.0 0.08550673 0.0 0.0 0.0 0.0 0.038265042 0.06759864 0.0 0.02718096 0.0 0.0 0.0 0.0 0.0 0.0 0.0 0.0 0.0 0.0 0.055456806 0.0 0.0 0.06705208 0.0 0.089747414 0.0 0.0 0.0 0.04666791 0.0 0.0 0.0
0.0 0.0 0.0 0.0 0.0031482733 0.0 0.025112843 0.0 0.0 0.0 0.0 0.15335768 0.0 0.0 0.0712785 0.0 0.06608654 0.0 0.0 0.0 0.0 0.0 0.0 0.0 0.1521706 0.0 0.0 0.09903924 0.20024274 0.0 0.0 0.0 0.0 0.04736558 0.0 0.0 0.0 0.07072647 0.0 0.0 0.0 0.0 0.05009232 0.0 0.0 0.0514791 0.0 0.06741982 0.023088409 0.0 0.0 0.0 0.011945914 0.0 0.0 0.009646286
0.0337081 0.0 0.0 0.0045018606 0.0 0.025112843 0.058249064 0.0 0.0 0.0 0.0 0.0 0.0 0.10244756 0.0 0.0 0.05137678 0.0 0.0 0.0 0.0 0.0 0.022782287 0.0 0.0 0.0 0.0 0.0 0.06464102 0.0 0.0 0.0 0.0 0.0 0.0 0.0068250536 0.0 0.0 0.0 0.02754845 0.04368919 0.0 0.0 0.09411079 0.0 0.048909854 0.0 0.032555226 0.0 0.0 0.0 0.0 0.0 0.052844778 0.0 0.0
0.0 0.05629355 0.0 0.0 0.0 0.0 0.0 0.0 0.36885583 0.0 0.0 0.009260027 0.0 0.0 0.0 0.0 0.0 0.0 0.016388478 0.0 0.0 0.0 0.0 0.0 0.0 0.18664393 0.0 0.0 0.0 0.0 0.0 0.00015157738 0.0 0.0 0.0 0.0 0.0 0.0 0.08039429 0.0 0.0 0.0 0.0 0.0 0.0 0.0 0.0 0.0 0.0 0.0 0.0 0.0 0.013475629 0.20646948 0.013111911 0.0
0.17006092 0.0 0.0 0.0 0.0 0.0 0.0 0.36885586 0.0 0.15388404 0.0 0.0 0.0 0.0 0.0 0.0 0.0 0.0 0.0 0.0 0.0 0.0 0.0 0.0 0.0 0.0 0.0 0.0 0.0 0.0 0.0 0.0 0.0 0.0 0.0 0.0 0.118466966 0.0 0.0 0.0 0.0038841942 0.0 0.0 0.0 0.113067314 0.0 0.0 0.0 0.0 0.0 0.0 0.055675104 0.0 0.0 0.0 0.0
0.0 0.0 0.0 0.0 0.0 0.0 0.0 0.0 0.15388405 0.0 0.0 0.0 0.0 0.0 0.0 0.0 0.0 0.17488499 0.0 0.0 0.0 0.0 0.12277403 0.0 0.0 0.019216672 0.0 0.08770585 0.0 0.083753675 0.0 0.112781644 0.0 0.0 0.0 0.0 0.0 0.0 0.013616819 0.0 0.0 0.0 0.013338146 0.0 0.0 0.0 0.0 0.021854676 0.0 0.0 0.091839656 0.0 0.0 0.0932449 0.21167576 0.0
0.0 0.0 0.0 0.015864689 0.0 0.0 0.0 0.0 0.0 0.0 0.0 0.0 0.0 0.0 0.0 0.0 0.016549515 0.0 0.0 0.0 0.006858306 0.0 0.0 0.0 0.13877885 0.0 0.0 0.0 0.0 0.0 0.07640345 0.0109017575 0.03323151 0.0 0.0 0.0 0.0 0.0 0.0 0.124538295 0.0 0.0 0.0721839 0.0 0.0 0.0 0.0 0.019314121 0.14760634 0.0 0.0 0.0 0.26902354 0.0025303517 0.0 0.0
0.0 0.0 0.0 0.0 0.23309158 0.1533577 0.0 0.009260027 0.0 0.0 0.0 0.0 0.0 0.0 0.052202128 0.0 0.0 0.0 0.0 0.0 0.031805757 0.0 0.0 0.018432336 0.013457341 0.0 0.0 0.003801011 0.0 0.0 0.021817354 0.0 0.0 0.0 0.0 0.0 0.0 0.27744487 0.0 0.0 0.0 0.0 0.008002216 0.0 0.0 0.04419278 0.0 0.0 0.06824585 0.0 0.0 0.0 0.0 0.0 0.0 0.0
0.0 0.0 0.0 0.0484266 0.0968378 0.0 0.0 0.0 0.0 0.0 0.0 0.0 0.21844369 0.0060786298 0.0 0.039172873 0.13535365 0.00021513017 0.040332597 0.0 0.0 0.0 0.0 0.0 0.0 0.0 0.10027727 0.0 0.04157951 0.0 0.0 0.0 0.06516012 0.0 0.0 0.0 0.0 0.0 0.0 0.0 0.0 0.0 0.0 0.0 0.0 0.044895843 0.020614915 0.0 0.0 0.0 0.0 0.0 0.0 0.0 0.0 0.0
0.0 0.0 0.0 0.0 0.034385428 0.0 0.10244757 0.0 0.0 0.0 0.0 0.0 0.0060786298 0.091693304 0.082938366 0.0 0.14528425 0.0 0.16726147 0.0 0.0 0.0 0.0 0.0 0.0 0.0 0.0 0.0 0.0 0.0 0.0 0.0 0.0 0.0 0.0 0.0 0.026197959 0.0 0.0 0.0 0.0 0.0 0.0 0.19499463 0.0972666 0.0 0.0 0.0 0.0 0.0 0.0 0.0 0.0 0.0 0.0 0.17598201
0.0 0.0 0.123547755 0.0 0.0 0.07127849 0.0 0.0 0.0 0.0 0.0 0.052202128 0.0 0.082938366 0.0 0.0 0.0775554 0.0 0.0 0.0 0.0 0.0 0.0 0.10107455 0.0 0.0 0.050690018 0.045863993 0.0 0.0 0.0 0.0 0.0 0.0 0.0 0.018335775 0.0 0.0 0.0 0.0 0.0 0.009048159 0.0 0.0 0.0 0.007708967 0.018305043 0.03391548 0.0 0.0 0.0 0.04237491 0.0 0.0 0.0 0.0
0.0 0.0 0.0 0.053970616 0.0 0.0 0.0 0.0 0.0 0.0 0.0 0.0 0.039172873 0.0 0.0 0.0 0.0 0.0 0.0 0.0 0.0 0.0 0.052200414 0.08002256 0.0 0.0 0.034789514 0.15048815 0.0 0.0 0.0 0.0 0.02731254 0.0 0.0 0.0 0.0 0.022702554 0.0 0.07047952 0.0 0.0 0.0 0.0 0.0 0.016151909 0.0 0.0 0.11444515 0.0 0.19500747 0.08819394 0.0 0.0 0.0 0.0
0.0 0.0 0.0 0.0 0.07214754 0.06608654 0.05137678 0.0 0.0 0.0 0.016549515 0.0 0.13535365 0.14528424 0.077555396 0.0 0.0 0.0 0.0 0.0 0.0 0.0 0.057517126 0.07114482 0.0 0.06883006 0.16497166 0.0 0.0 0.0 0.0 0.0 0.0 0.0 0.0 0.021988692 0.0 0.0041283383 0.0 0.0 0.056558665 0.0 0.0 0.005838362 0.0 0.0 0.08153722 0.0 0.0 0.0 0.0 0.07322717 0.0 0.0018564785 0.0030975677 0.0
0.3187687 0.0 0.0 0.0 0.0 0.0 0.0 0.0 0.0 0.17488499 0.0 0.0 0.00021513017 0.0 0.0 0.0 0.0 0.0 0.0 0.051928584 0.0 0.0 0.0 0.0 0.0 0.012100475 0.0 0.0 0.0 0.0 0.018503085 0.0 0.0 0.0 0.0 0.0 0.11653931 0.0 0.0 0.0 0.046794318 0.05844055 0.0 0.0 0.09992299 0.0 0.0 0.0 0.0 0.0 0.0 0.0 0.0 0.017584875 0.0005432197 0.0
0.0 0.0 0.0 0.0 0.0 0.0 0.0 0.016388478 0.0 0.0 0.0 0.0 0.040332593 0.16726147 0.0 0.0 0.0 0.0 0.0 0.0 0.0 0.0 0.0 0.0 0.13087492 0.07107373 0.0 0.0 0.0 0.0 0.023888886 0.0 0.0 0.0 0.0 0.0 0.0 0.0 0.0 0.0 0.0 0.0 0.0 0.0 0.0 0.016210264 0.0 0.0 0.009359874 0.0 0.0 0.17598926 0.0 0.0 0.0 0.0
0.0 0.0 0.0 0.0 0.0 0.0 0.0 0.0 0.0 0.0 0.0 0.0 0.0 0.0 0.0 0.0 0.0 0.051928584 0.0 0.0 0.0 0.0 0.0 0.28187075 0.0 0.0 0.0 0.0 0.0 0.0 0.0 0.0 0.0 0.0 0.16194595 0.0429834 0.0 0.0 0.0 0.0 0.038199708 0.0 0.0 0.0 0.0 0.0 0.0 0.0 0.0 0.0 0.0 0.25221413 0.0 0.0 0.0 0.0
0.0 0.0029544493 0.0 0.14932765 0.072146006 0.0 0.0 0.0 0.0 0.0 0.0068583065 0.031805757 0.0 0.0 0.0 0.0 0.0 0.0 0.0 0.0 0.0 0.0 0.0 0.0 0.10728958 0.0 0.0 0.067891516 0.0 0.02095757 0.078235164 0.0 0.017775392 0.0 0.0 0.0 0.0 0.0 0.0 0.0 0.0 0.0 0.0 0.0 0.0 0.0 0.0 0.0 0.17008556 0.0 0.0 0.0 0.044396363 0.0 0.0 0.0
0.0 0.0 0.0 0.0 0.035646074 0.0 0.0 0.0 0.0 0.0 0.0 0.0 0.0 0.0 0.0 0.0 0.0 0.0 0.0 0.0 0.0 0.0 0.0 0.0 0.076399475 0.0 0.0 0.0 0.045102317 0.0 0.0 0.0 0.0 0.0 0.0 0.33387777 0.0 0.063581035 0.0 0.0 0.115924954 0.121278085 0.09403639 0.020027405 0.0 0.10075763 0.0 0.0 0.0 0.0 0.0 0.0 0.0 0.0 0.0 0.0
0.005686682 0.09805427 0.0 0.0 0.0 0.0 0.022782287 0.0 0.0 0.12277403 0.0 0.0 0.0 0.0 0.0 0.052200414 0.057517122 0.0 0.0 0.0 0.0 0.0 0.0 0.0 0.0 0.0 0.0 0.0 0.11879399 0.0 0.0 0.027170192 0.0 0.0 0.07329458 0.0 0.0 0.012096847 0.0 0.020959143 0.0 0.0 0.08068489 0.0 0.0 0.04035332 0.0 0.0 0.0 0.0 0.0 0.0 0.0060650185 0.0 0.0 0.2977292
0.0 0.07251654 0.011182425 0.0 0.0 0.0 0.0 0.0 0.0 0.0 0.0 0.018432336 0.0 0.0 0.10107455 0.08002255 0.07114482 0.0 0.0 0.28187078 0.0 0.0 0.0 0.0 0.0 0.0 0.0 0.0 0.042743072 0.032402333 0.0 0.00873052 0.0 0.0 0.0018544691 0.0 0.0 0.0 0.0 0.0 0.079036586 0.0 0.0 0.1300151 0.0 0.0 0.0 0.03858943 0.0 0.08625366 0.0 0.0 0.10055921 0.057726756 0.0 0.09801052
0.0 0.0 0.0 0.0 0.08550672 0.1521706 0.0 0.0 0.0 0.0 0.13877885 0.013457341 0.0 0.0 0.0 0.0 0.0 0.0 0.13087493 0.0 0.10728958 0.076399475 0.0 0.0 0.0 0.0 0.05369428 0.0 0.0 0.0 0.17719752 0.0 0.0 0.0 0.0 0.0 0.0 0.005778688 0.0 0.0 0.13649003 0.06448846 0.053822022 0.0 0.0 0.0 0.070253946 0.0 0.0 0.0 0.0 0.0 0.0 0.0 0.0 0.0
0.023272231 0.04327566 0.0 0.0 0.0 0.0 0.0 0.18664393 0.0 0.019216672 0.0 0.0 0.0 0.0 0.0 0.0 0.068830065 0.012100475 0.07107373 0.0 0.0 0.0 0.0 0.0 0.0 0.0 0.0 0.0 0.0 0.0 0.0 0.071983635 0.0 0.0 0.028946439 0.06625863 0.06872766 0.0 0.0 0.0 0.0 0.048602775 0.0 0.0 0.0 0.0 0.07741133 0.0 0.0 0.0 0.0 0.0 0.06666223 0.0 0.0 0.060082495
0.0 0.06339147 0.0 0.04360009 0.0 0.0 0.0 0.0 0.0 0.0 0.0 0.0 0.10027727 0.0 0.050690018 0.034789514 0.16497165 0.0 0.0 0.0 0.0 0.0 0.0 0.0 0.05369428 0.0 0.0 0.0 0.034191173 0.0 0.0 0.0 0.0 0.0 0.0 0.0 0.0 0.0 0.0 0.14160895 0.0 0.025872333 0.034939617 0.09739081 0.0 0.0 0.01259014 0.0 0.0 0.0 0.0 0.0 0.09853368 0.0 0.0 0.13553216
0.0010337037 0.13598587 0.0 0.041830737 0.0 0.09903925 0.0 0.0 0.0 0.08770584 0.0 0.0038010115 0.0 0.0 0.045863993 0.15048815 0.0 0.0 0.0 0.0 0.067891516 0.0 0.0 0.0 0.0 0.0 0.0 0.0 0.0 0.0 0.0 0.011315722 0.030912206 0.0 0.0 0.0 0.009839206 0.0 0.0 0.02299335 0.0 0.0 0.0 0.0 0.0 0.0 0.0 0.058086116 0.0 0.0 0.035039946 0.0 0.02253458 0.0 0.009981675 0.0
0.013398438 0.0 0.0 0.0 0.0 0.20024276 0.06464102 0.0 0.0 0.0 0.0 0.0 0.041579507 0.0 0.0 0.0 0.0 0.0 0.0 0.0 0.0 0.04510232 0.118793994 0.04274307 0.0 0.0 0.034191173 0.0 0.0 0.0 0.0054277494 0.0 0.0 0.0 0.0 0.0 0.0 0.034935344 0.08025543 0.0 0.016436635 0.0 0.0 0.0 0.0 0.0 0.0 0.0 0.0 0.157171 0.0 0.0 0.0 0.0 0.03791524 0.0
0.069470294 0.0 0.0 0.0 0.038265046 0.0 0.0 0.0 0.0 0.083753675 0.0 0.0 0.0 0.0 0.0 0.0 0.0 0.0 0.0 0.0 0.020957572 0.0 0.0 0.032402333 0.0 0.0 0.0 0.0 0.0 0.046174526 0.0 0.0 0.0 0.0 0.0 0.0 0.046960995 0.13995281 0.0 0.0 0.064205244 0.0 0.0 0.0 0.1759596 0.0 0.0 0.0 0.007883236 0.0 0.0 0.025214758 0.014498765 0.0 0.022499047 0.0
0.0 0.046295036 0.0 0.11713749 0.06759864 0.0 0.0 0.0 0.0 0.0 0.07640345 0.021817354 0.0 0.0 0.0 0.0 0.0 0.018503083 0.023888884 0.0 0.078235164 0.0 0.0 0.0 0.17719752 0.0 0.0 0.0 0.0054277494 0.0 0.0 0.0 0.025930677 0.0 0.0 0.0 0.0 0.0 0.0 0.074851826 0.0 0.0 0.034784418 0.056630414 0.0 0.042114522 0.0 0.0 0.03408068 0.0 0.0 0.0 0.03310778 0.0 0.0 0.0
0.119867325 0.0 0.0 0.0 0.0 0.0 0.0 0.00015157738 0.0 0.112781644 0.0109017575 0.0 0.0 0.0 0.0 0.0 0.0 0.0 0.0 0.0 0.0 0.0 0.02717019 0.00873052 0.0 0.071983635 0.0 0.011315721 0.0 0.0 0.0 0.0 0.0 0.0 0.0 0.0 0.10013048 0.0 0.0 0.04494314 0.013262602 0.0 0.0 0.0 0.013781307 0.0 0.0 0.0 0.0 0.0 0.0750018 0.20991363 0.0 0.0 0.0 0.0
0.0 0.04248918 0.0 0.17191485 0.027180962 0.0 0.0 0.0 0.0 0.0 0.033231515 0.0 0.06516012 0.0 0.0 0.02731254 0.0 0.0 0.0 0.0 0.017775392 0.0 0.0 0.0 0.0 0.0 0.0 0.030912207 0.0 0.0 0.025930675 0.0 0.019750187 0.03657888 0.0 0.0 0.0 0.11709507 0.0 0.1284759 0.0 0.0 0.11203923 0.0 0.0 0.0 0.2598208 0.0 0.010452671 0.0 0.035076957 0.0 0.0 0.0 0.03027637 0.0
0.0 0.0 0.025374189 0.0 0.0 0.04736558 0.0 0.0 0.0 0.0 0.0 0.0 0.0 0.0 0.0 0.0 0.0 0.0 0.0 0.0 0.0 0.0 0.0 0.0 0.0 0.0 0.0 0.0 0.0 0.0 0.0 0.0 0.03657888 0.41738674 0.0 0.12212406 0.0 0.0 0.0 0.0 0.0 0.0 0.0 0.0 0.0 0.0 0.0 0.14118797 0.056904204 0.078071475 0.0 0.036175434 0.0 0.0 0.0 0.0
0.0 0.0 0.0 0.0 0.0 0.0 0.0 0.0 0.0 0.0 0.0 0.0 0.0 0.0 0.0 0.0 0.0 0.0 0.0 0.16194595 0.0 0.0 0.07329458 0.0018544691 0.0 0.028946439 0.0 0.0 0.0 0.0 0.0 0.0 0.0 0.0 0.0 0.0 0.0 0.0 0.49990138 0.0 0.0 0.0 0.0 0.0 0.0 0.0 0.0 0.0 0.0 0.06867349 0.014251323 0.0 0.0 0.0 0.07607168 0.0
0.045928057 0.0 0.0 0.0 0.0 0.0 0.006825053 0.0 0.0 0.0 0.0 0.0 0.0 0.0 0.018335775 0.0 0.02198869 0.0 0.0 0.0429834 0.0 0.33387777 0.0 0.0 0.0 0.06625863 0.0 0.0 0.0 0.0 0.0 0.0 0.0 0.12212406 0.0 0.0 0.047409724 0.0 0.0 0.0 0.0 0.0 0.0 0.0 0.083543174 0.0 0.0 0.0 0.0 0.0 0.0 0.0 0.0 0.0 0.0 0.0
0.0 0.0 0.0 0.0 0.0 0.0 0.0 0.0 0.11846697 0.0 0.0 0.0 0.0 0.026197959 0.0 0.0 0.0 0.11653931 0.0 0.0 0.0 0.0 0.0 0.0 0.0 0.06872766 0.0 0.009839206 0.0 0.046960995 0.0 0.10013049 0.0 0.0 0.0 0.047409724 0.0 0.0 0.010063356 0.015671024 0.0 0.0 0.0 0.0 0.0 0.0 0.0 0.0 0.0 0.07131383 0.0 0.0 0.07978203 0.23738581 0.111336984 0.0
0.0 0.0 0.11629482 0.0 0.0 0.07072648 0.0 0.0 0.0 0.0 0.0 0.2774449 0.0 0.0 0.0 0.022702554 0.0041283383 0.0 0.0 0.0 0.0 0.063581035 0.012096847 0.0 0.005778688 0.0 0.0 0.0 0.034935344 0.13995281 0.0 0.0 0.11709507 0.0 0.0 0.0 0.0 0.0 0.0 0.0 0.0 0.0 0.0 0.0 0.0 0.0 0.0 0.11185798 0.04650186 0.0 0.0 0.0 0.1302885 0.0 0.0 0.0
0.06428888 0.0 0.0 0.0 0.0 0.0 0.0 0.08039429 0.0 0.013616819 0.0 0.0 0.0 0.0 0.0 0.0 0.0 0.0 0.0 0.0 0.0 0.0 0.0 0.0 0.0 0.0 0.0 0.0 0.08025543 0.0 0.0 0.0 0.0 0.0 0.49990138 0.0 0.010063356 0.0 0.0 0.0 0.14405476 0.10736513 0.0 0.03612267 0.028469857 0.0 0.0 0.0 0.0 0.0 0.0 0.0 0.0 0.0 0.0 0.0
0.0072360276 0.0 0.0 0.020356314 0.0 0.0 0.02754845 0.0 0.0 0.0 0.124538295 0.0 0.0 0.0 0.0 0.07047952 0.0 0.0 0.0 0.0 0.0 0.0 0.020959144 0.0 0.0 0.0 0.14160897 0.02299335 0.0 0.0 0.074851826 0.044943135 0.1284759 0.0 0.0 0.0 0.015671022 0.0 0.0 0.0 0.0 0.0 0.0 0.0 0.0 0.07592382 0.0 0.0 0.0 0.0 0.19718014 0.0 0.0 0.0 0.0 0.0
0.0 0.0 0.18130738 0.0 0.0 0.0 0.04368919 0.0 0.0038841944 0.0 0.0 0.0 0.0 0.0 0.0 0.0 0.056558665 0.046794318 0.0 0.03819971 0.0 0.115924954 0.0 0.079036586 0.13649003 0.0 0.0 0.0 0.016436635 0.064205244 0.0 0.013262602 0.0 0.0 0.0 0.0 0.0 0.0 0.14405476 0.0 0.0 0.0 0.0 0.047786128 0.0 0.025883755 0.0 0.0 0.0 0.0 0.0 0.0 0.0 0.0 0.0 0.0
0.018164836 0.0 0.014461506 0.0 0.0 0.0 0.0 0.0 0.0 0.0 0.0 0.0 0.0 0.0 0.009048159 0.0 0.0 0.058440547 0.0 0.0 0.0 0.12127808 0.0 0.0 0.06448846 0.048602775 0.025872331 0.0 0.0 0.0 0.0 0.0 0.0 0.0 0.0 0.0 0.0 0.0 0.107365124 0.0 0.0 0.0 0.0 0.02018937 0.12271742 0.19305332 0.0 0.0 0.0 0.036558982 0.0 0.010306893 0.0 0.0 0.0 0.0
0.017610548 0.0 0.0 0.06818329 0.0 0.050092317 0.0 0.0 0.0 0.013338145 0.0721839 0.008002216 0.0 0.0 0.0 0.0 0.0 0.0 0.0 0.0 0.0 0.09403639 0.08068489 0.0 0.053822022 0.0 0.034939617 0.0 0.0 0.0 0.034784418 0.0 0.11203923 0.0 0.0 0.0 0.0 0.0 0.0 0.0 0.0 0.0 0.0 0.0 0.1205651 0.15433395 0.0 0.0 0.022648081 0.0 0.0 0.0 0.0 0.0 0.0 0.0
0.0 0.0 0.0 0.0 0.055456806 0.0 0.094110794 0.0 0.0 0.0 0.0 0.0 0.0 0.19499463 0.0 0.0 0.005838362 0.0 0.0 0.0 0.0 0.020027407 0.0 0.1300151 0.0 0.0 0.09739081 0.0 0.0 0.0 0.05663041 0.0 0.0 0.0 0.0 0.0 0.0 0.0 0.03612267 0.0 0.047786128 0.020189371 0.0 0.0 0.017788729 0.0 0.0 0.058578845 0.0 0.0 0.0 0.0 0.0 0.0 0.0 0.0
0.0 0.0 0.0 0.0 0.0 0.0 0.0 0.0 0.113067314 0.0 0.0 0.0 0.0 0.0972666 0.0 0.0 0.0 0.09992299 0.0 0.0 0.0 0.0 0.0 0.0 0.0 0.0 0.0 0.0 0.0 0.1759596 0.0 0.013781307 0.0 0.0 0.0 0.08354317 0.0 0.0 0.028469857 0.0 0.0 0.12271742 0.1205651 0.017788729 0.0 0.03398196 0.0 0.0 0.0 0.08143177 0.0 0.0 0.0029074713 0.18342204 0.067145295 0.0
0.0 0.0 0.0 0.12662555 0.0 0.051479097 0.048909858 0.0 0.0 0.0 0.0 0.044192784 0.044895843 0.0 0.007708967 0.016151909 0.0 0.0 0.016210264 0.0 0.0 0.10075762 0.04035332 0.0 0.0 0.0 0.0 0.0 0.0 0.0 0.04211452 0.0 0.0 0.0 0.0 0.0 0.0 0.0 0.0 0.07592383 0.025883755 0.19305332 0.15433395 0.0 0.03398196 0.0 0.0111134155 0.0 0.0 0.0 0.0 0.0 0.013862446 0.013709095 0.0 0.0
0.0 0.0 0.0 0.032658704 0.06705208 0.0 0.0 0.0 0.0 0.0 0.0 0.0 0.020614915 0.0 0.018305045 0.0 0.08153722 0.0 0.0 0.0 0.0 0.0 0.0 0.0 0.070253946 0.07741133 0.012590141 0.0 0.0 0.0 0.0 0.0 0.2598208 0.0 0.0 0.0 0.0 0.0 0.0 0.0 0.0 0.0 0.0 0.0 0.0 0.0111134155 0.0 0.0 0.0 0.0 0.0 0.0 0.0 0.0 0.0 0.0
0.012280548 0.0 0.0 0.0 0.0 0.06741982 0.032555226 0.0 0.0 0.021854676 0.019314121 0.0 0.0 0.0 0.03391548 0.0 0.0 0.0 0.0 0.0 0.0 0.0 0.0 0.03858943 0.0 0.0 0.0 0.05808612 0.0 0.0 0.0 0.0 0.0 0.14118797 0.0 0.0 0.0 0.11185798 0.0 0.0 0.0 0.0 0.0 0.05857885 0.0 0.0 0.0 0.0 0.0 0.15006253 0.0 0.0 0.0 0.0 0.024405792 0.0
0.0 0.007426961 0.0 0.0 0.089747414 0.023088409 0.0 0.0 0.0 0.0 0.14760636 0.06824585 0.0 0.0 0.0 0.11444515 0.0 0.0 0.009359873 0.0 0.17008556 0.0 0.0 0.0 0.0 0.0 0.0 0.0 0.0 0.007883236 0.034080677 0.0 0.010452672 0.056904204 0.0 0.0 0.0 0.046501864 0.0 0.0 0.0 0.0 0.02264808 0.0 0.0 0.0 0.0 0.0 0.22465998 0.0 0.0 0.0 0.0 0.0 0.0 0.0
0.0 0.0 0.0 0.0 0.0 0.0 0.0 0.0 0.0 0.0 0.0 0.0 0.0 0.0 0.0 0.0 0.0 0.0 0.0 0.0 0.0 0.0 0.0 0.08625366 0.0 0.0 0.0 0.0 0.157171 0.0 0.0 0.0 0.0 0.078071475 0.0686735 0.0 0.07131383 0.0 0.0 0.0 0.0 0.036558982 0.0 0.0 0.08143176 0.0 0.0 0.15006253 0.0 0.0 0.0 0.0 0.0 0.0 0.20479363 0.0
0.0 0.19986413 0.0 0.059983 0.0 0.0 0.0 0.0 0.0 0.09183966 0.0 0.0 0.0 0.0 0.0 0.19500747 0.0 0.0 0.0 0.0 0.0 0.0 0.0 0.0 0.0 0.0 0.0 0.035039946 0.0 0.0 0.0 0.0750018 0.035076957 0.0 0.0142513225 0.0 0.0 0.0 0.0 0.19718012 0.0 0.0 0.0 0.0 0.0 0.0 0.0 0.0 0.0 0.0 0.0 0.0 0.0708683 0.0 0.0 0.079178624
0.0 0.14343047 0.013321166 0.0 0.0 0.0 0.0 0.0 0.055675104 0.0 0.0 0.0 0.0 0.0 0.04237491 0.088193946 0.07322717 0.0 0.17598927 0.25221413 0.0 0.0 0.0 0.0 0.0 0.0 0.0 0.0 0.0 0.02521476 0.0 0.20991361 0.0 0.036175434 0.0 0.0 0.0 0.0 0.0 0.0 0.0 0.010306893 0.0 0.0 0.0 0.0 0.0 0.0 0.0 0.0 0.0 0.0 0.06055018 0.0 0.0 0.11462499
0.0 0.0 0.0 0.0 0.04666791 0.011945913 0.0 0.013475629 0.0 0.0 0.26902354 0.0 0.0 0.0 0.0 0.0 0.0 0.0 0.0 0.0 0.044396367 0.0 0.006065019 0.100559205 0.0 0.06666223 0.09853368 0.02253458 0.0 0.014498764 0.03310778 0.0 0.0 0.0 0.0 0.0 0.07978203 0.13028851 0.0 0.0 0.0 0.0 0.0 0.0 0.0029074713 0.013862445 0.0 0.0 0.0 0.0 0.0708683 0.06055018 0.0 0.0 0.027441064 0.0
0.0496181 0.0 0.018252753 0.0 0.0 0.0 0.05284478 0.20646948 0.0 0.0932449 0.0025303517 0.0 0.0 0.0 0.0 0.0 0.0018564784 0.017584877 0.0 0.0 0.0 0.0 0.0 0.05772676 0.0 0.0 0.0 0.0 0.0 0.0 0.0 0.0 0.0 0.0 0.0 0.0 0.23738582 0.0 0.0 0.0 0.0 0.0 0.0 0.0 0.18342204 0.013709094 0.0 0.0 0.0 0.0 0.0 0.0 0.0 0.0 0.0 0.0
0.09638887 0.0 0.0 0.0 0.0 0.0 0.0 0.013111911 0.0 0.21167576 0.0 0.0 0.0 0.0 0.0 0.0 0.0030975677 0.0005432197 0.0 0.0 0.0 0.0 0.0 0.0 0.0 0.0 0.0 0.009981675 0.03791524 0.022499047 0.0 0.0 0.03027637 0.0 0.07607168 0.0 0.111336984 0.0 0.0 0.0 0.0 0.0 0.0 0.0 0.06714529 0.0 0.0 0.024405792 0.0 0.20479363 0.0 0.0 0.027441064 0.0 0.0 0.06374651
0.0 0.0 0.0 0.0 0.0 0.009646286 0.0 0.0 0.0 0.0 0.0 0.0 0.0 0.17598203 0.0 0.0 0.0 0.0 0.0 0.0 0.0 0.0 0.2977292 0.09801052 0.0 0.060082495 0.13553216 0.0 0.0 0.0 0.0 0.0 0.0 0.0 0.0 0.0 0.0 0.0 0.0 0.0 0.0 0.0 0.0 0.0 0.0 0.0 0.0 0.0 0.0 0.0 0.07917862 0.114625 0.0 0.0 0.06374651 0.0
