0.0 0.0 0.0 0.0 0.0 0.013998871 0.0 0.0024517141 0.0 0.0 0.0 0.0 0.0 0.17419845 0.0 0.0 0.0033222206 0.0 0.0 0.0 0.0 0.0 0.0 0.12662624 0.0 0.014824245 0.0 0.0 0.0 0.0 0.0 0.0 0.0 0.0 0.0 0.0 0.0 0.0 0.0 0.18416992 0.0 0.06621315 0.11689378 0.0 0.0 0.0 0.0 0.0 0.0 0.0 0.0 0.0 0.076442964 0.32799336 0.0 0.0
0.0 0.0 0.091074474 0.0 0.0 0.0 0.0 0.07814967 0.057977177 0.047286578 0.06360937 0.0 0.0 0.0 0.06151219 0.0 0.0 0.0 0.024852734 0.0 0.0 0.0 0.0 0.005265953 0.0 0.0 0.0 0.0 0.0 0.0 0.0 0.0 0.014227077 0.0 0.12172819 0.0319341 0.081003286 0.07851977 0.0 0.0 0.0 0.0 0.0 0.0 0.0 0.0 0.0 0.032327764 0.0 0.0 0.008871721 0.0498893 0.0 0.0 0.0 0.0
0.0 0.091074474 0.037756808 0.0 0.0 0.0 0.0 0.0 0.10482539 0.0 0.0 0.0 0.0865652 0.023219407 0.0 0.0 0.0 0.0 0.0 0.0 0.0 0.0 0.0 0.0 0.0 0.0 0.0 0.0040897694 0.095588125 0.0 0.0 0.0 0.0 0.0 0.0 0.0 0.0 0.0 0.0 0.0 0.04800348 0.05870819 0.0 0.0 0.0 0.0 0.0 0.0 0.0 0.0 0.0 0.08649453 0.021831058 0.034864817 0.0 0.29188016
0.0 0.0 0.0 0.0 0.0 0.0 0.0 0.14415637 0.0 0.068932414 0.0 0.0118923355 0.0 0.0 0.0 0.0 0.0 0.0 0.0 0.07697706 0.00645642 0.01866805 0.23567298 0.0 0.0 0.0 0.0 0.0 0.0 0.0 0.055256844 0.0 0.0 0.0 0.016561657 0.0 0.0 0.027216325 0.0 0.0 0.0 0.0 0.0 0.111610524 0.0076619564 0.08801567 0.0 0.0 0.0 0.0 0.0 0.0 0.0 0.0 0.05721265 0.0
0.0 0.0 0.0 0.0 0.0 0.0 0.0 0.0 0.0 0.08271434 0.0 0.0 0.054847848 0.0 0.0 0.0 0.0 0.0 0.0 0.0 0.0065631177 0.0 0.0 0.07815763 0.0 0.005109901 0.0 0.0 0.038892232 0.0 0.0 0.0 0.0 0.14204545 0.39685777 0.0 0.0 0.0 0.007938869 0.0 0.0 0.0 0.0 0.012290107 0.0 0.006440847 0.0 0.0 0.0 0.0 0.0 0.112138286 0.0 0.0 0.004322094 0.0
0.01399887 0.0 0.0 0.0 0.0 0.0 0.022855561 0.18748829 0.0 0.12484235 0.039575465 0.123445 0.0 0.0054398277 0.0 0.0 0.0 0.05320968 0.0 0.0 0.0 0.08815718 0.0 0.0 0.011555375 0.0 0.0 0.0 0.0 0.0 0.0 0.0 0.015094282 0.0 0.010243472 0.0 0.041206792 0.0 0.0 0.0 0.013859289 0.0 0.0 0.0 0.044192895 0.0 0.0 0.0 0.0 0.0 0.0 0.15542002 0.0 0.0 0.0 0.0
0.0 0.0 0.0 0.0 0.0 0.022855563 0.0 0.0 0.0 0.0 0.09209454 0.16953966 0.0 0.0 0.0 0.0 0.052367914 0.0 0.0 0.0 0.06874715 0.0 0.0 0.0 0.0 0.0 0.0 0.0 0.0 0.24357288 0.0 0.0 0.0 0.0 0.0 0.0 0.0 0.0 0.09301972 0.0 0.0 0.08926755 0.024956075 0.0 0.0 0.0 0.0 0.0 0.0 0.0 0.0 0.0 0.0 0.0 0.0 0.0
0.0024517141 0.07814967 0.0 0.14415637 0.0 0.18748827 0.0 0.0 0.0 0.0 0.013915912 0.0 0.0 0.0 0.0 0.0 0.0 0.0 0.0 0.0 0.0 0.0 0.0 0.0 0.0 0.0 0.28759485 0.14680438 0.0 0.04313222 0.0 0.012682678 0.0 0.0 0.0 0.0 0.0 0.02085893 0.0 0.0 0.0 0.0 0.08107341 0.0 0.0 0.0 0.0 0.0 0.020142775 0.0 0.010427117 0.0 0.014490808 0.0 0.0 0.0
0.0 0.057977177 0.10482539 0.0 0.0 0.0 0.0 0.0 0.0 0.0 0.0 0.0 0.0 0.0 0.0 0.0 0.0 0.0 0.0 0.0 0.2377917 0.0 0.0 0.0 0.0 0.08744903 0.0 0.053069312 0.0 0.0 0.0767593 0.0 0.0 0.049225565 0.0 0.014243505 0.0 0.0 0.0 0.0 0.0 0.0 0.0 0.0 0.0 0.054986216 0.0 0.0 0.0 0.0 0.11485232 0.017501585 0.0 0.0 0.07176766 0.0
0.0 0.047286574 0.0 0.068932414 0.08271434 0.12484236 0.0 0.0 0.0 0.0 0.016896965 0.0 0.0 0.0673646 0.021320412 0.0 0.0 0.0 0.09754751 0.0 0.0 0.0 0.05669589 0.061954115 0.0 0.0 0.104341336 0.16478261 0.0 0.10396955 0.0 0.055757985 0.0 0.0 0.0 0.0 0.0 0.024869116 0.0 0.0 0.0 0.012432203 0.03686552 0.0 0.0 0.0 0.0 0.0 0.020969225 0.0 0.0 0.0 0.06339294 0.0 0.0 0.0
0.0 0.06360937 0.0 0.0 0.0 0.03957546 0.09209453 0.013915913 0.0 0.016896965 0.0 0.101206355 0.0 0.0 0.0 0.006872357 0.019733459 0.0 0.0 0.12048362 0.008672077 0.0 0.025050938 0.09997793 0.0 0.037316136 0.019650646 0.0 0.0 0.0 0.0 0.0 0.0 0.0 0.014562078 0.0 0.0 0.0 0.0 0.0 0.0 0.0 0.0 0.0 0.0 0.0 0.0 0.0 0.0 0.0 0.08655322 0.0 0.0 0.0 0.0 0.0
0.0 0.0 0.0 0.0118923355 0.0 0.123445004 0.16953966 0.0 0.0 0.0 0.10120636 0.016827215 0.0 0.0 0.0 0.0 0.0 0.0 0.0 0.0 0.0037540896 0.0 0.0 0.0 0.0 0.03352518 0.0 0.0 0.0003687875 0.0 0.0 0.010781462 0.0 0.0 0.0 0.0 0.0 0.0 0.0 0.18040787 0.0 0.02347942 0.0 0.0 0.0 0.0 0.0 0.0 0.13186805 0.0 0.001721674 0.0 0.0 0.0 0.0 0.3258293
0.0 0.0 0.0865652 0.0 0.05484785 0.0 0.0 0.0 0.0 0.0 0.0 0.0 0.0 0.0 0.14943528 0.11077735 0.0 0.0 0.0 0.0 0.11077489 0.0 0.0 0.0 0.0 0.0 0.0 0.0 0.0 0.0 0.2609054 0.0 0.0 0.0 0.0 0.0 0.0 0.05551937 0.0 0.0 0.0 0.0 0.0 0.0 0.0 0.0 0.0051141893 0.0 0.016148154 0.0 0.13556316 0.0 0.020951353 0.0 0.0 0.0
0.17419845 0.0 0.023219407 0.0 0.0 0.005439827 0.0 0.0 0.0 0.0673646 0.0 0.0 0.0 0.0 0.0387963 0.0 0.0 0.0 0.0 0.0 0.0 0.0 0.0 0.0 0.025882358 0.0 0.0 0.0 0.0 0.0 0.11167691 0.0 0.0 0.029130775 0.0 0.0 0.24960998 0.19444706 0.0 0.0 0.0 0.0 0.0 0.0 0.0 0.0 0.008290286 0.026654037 0.011121413 0.0 0.060790036 0.0 0.0 0.0 0.0 0.0
0.0 0.061512195 0.0 0.0 0.0 0.0 0.0 0.0 0.0 0.021320414 0.0 0.0 0.14943528 0.038796294 0.0 0.0 0.090981506 0.0 0.0 0.0 0.0 0.0 0.0 0.0 0.0 0.014459189 0.0 0.0 0.0 0.0 0.0 0.0 0.0 0.0 0.0 0.0 0.0 0.0 0.0 0.035078224 0.21464095 0.10134548 0.07266125 0.0 0.0 8.1948325e-05 0.037510693 0.0 0.0 0.0 0.0 0.0 0.0 0.07916087 0.0089994855 0.0
0.0 0.0 0.0 0.0 0.0 0.0 0.0 0.0 0.0 0.0 0.006872357 0.0 0.110777356 0.0 0.0 0.06783112 0.20342991 0.0 0.02913967 0.0 0.06441901 0.09635614 0.0 0.0 0.0352085 0.0 0.0 0.0 0.0 0.0 0.06889278 0.0 0.0 0.0 0.0 0.0 0.0 0.0 0.0 0.0 0.0 0.0 0.10275593 0.0 0.0 0.0 0.0 0.0 0.017307768 0.0846592 0.0 0.0 0.0 0.0 0.0 0.0
0.0033222206 0.0 0.0 0.0 0.0 0.0 0.052367914 0.0 0.0 0.0 0.019733459 0.0 0.0 0.0 0.09098151 0.2034299 0.0 0.0 0.023620533 0.0 0.0 0.0 0.0 0.0 0.0 0.0 0.0 0.0 0.0 0.0 0.025291707 0.0 0.0 0.02987143 0.0 0.0 0.1479176 0.0 0.0 0.0 0.0 0.07206862 0.03665843 0.0 0.023293626 0.0 0.03453819 0.03652002 0.0 0.0 0.034023188 0.039788164 0.018360365 0.017355815 0.03743907 0.041083813
0.0 0.0 0.0 0.0 0.0 0.05320968 0.0 0.0 0.0 0.0 0.0 0.0 0.0 0.0 0.0 0.0 0.0 0.0 0.0 0.0 0.0 0.0 0.023380654 0.0 0.0 0.21142328 0.0 0.0 0.07405473 0.0 0.0 0.0 0.03944171 0.0852412 0.0 0.0 0.0 0.0 0.28548774 0.0 0.0 0.0 0.0 0.029784719 0.0 0.0 0.0 0.0 0.0 0.0 0.0033811592 0.043512322 0.0 0.0 0.0032547442 0.1617693
0.0 0.024852736 0.0 0.0 0.0 0.0 0.0 0.0 0.0 0.0975475 0.0 0.0 0.0 0.0 0.0 0.02913967 0.023620533 0.0 0.0 0.023608046 0.053712465 0.0 0.0 0.0 0.0 0.08660235 0.0 0.0 0.0 0.106866434 0.08178662 0.0 0.04573137 0.0 0.0 0.0 0.0 0.0 0.0 0.0 0.046217766 0.0 0.0 0.0 0.015076339 0.0071639814 0.0 0.034609932 0.019475153 0.0 0.0 0.0 0.0 0.0 0.099615 0.0
0.0 0.0 0.0 0.07697706 0.0 0.0 0.0 0.0 0.0 0.0 0.120483615 0.0 0.0 0.0 0.0 0.0 0.0 0.0 0.023608048 0.0 0.0 0.0 0.25946113 0.026388777 0.0 0.0 0.0903814 0.0 0.0 0.0 0.0 0.015990622 0.15083773 0.0 0.0 0.0 0.0 0.0 0.0 0.0 0.0 0.0 0.0 0.0 0.0 0.0 0.0 0.07356 0.08937501 0.0 0.101984344 0.0 0.0 0.0 0.08007499 0.0
0.0 0.0 0.0 0.0064564194 0.0065631177 0.0 0.06874715 0.0 0.2377917 0.0 0.008672077 0.0037540898 0.1107749 0.0 0.0 0.06441901 0.0 0.0 0.053712465 0.0 0.0 0.0 0.011066333 0.0 0.0 0.0 0.0 0.0 0.0 0.0 0.10800632 0.036547583 0.0 0.060443196 0.0 0.0 0.0 0.0 0.0 0.12910447 0.0 0.01744247 0.0 0.0 0.0 0.0 0.031959694 0.06368616 0.0 0.0 0.0 0.0 0.0 0.0 0.051700972 0.0
0.0 0.0 0.0 0.01866805 0.0 0.08815717 0.0 0.0 0.0 0.0 0.0 0.0 0.0 0.0 0.0 0.09635614 0.0 0.0 0.0 0.0 0.0 0.0 0.027760211 0.0 0.031646717 0.0 0.14950536 0.0 0.0 0.058129087 0.0 0.15974824 0.0 0.0 0.0 0.0 0.0 0.0 0.0 0.0 0.0 0.010443231 0.0 0.0 0.0 0.0 0.0047369404 0.056486595 0.1517567 0.0 0.056826968 0.0 0.0 0.0 0.0 0.0
0.0 0.0 0.0 0.235673 0.0 0.0 0.0 0.0 0.0 0.05669589 0.025050936 0.0 0.0 0.0 0.0 0.0 0.0 0.023380654 0.0 0.2594611 0.011066333 0.02776021 0.0 0.0 0.1724203 0.010383603 0.0 0.0 0.0 0.0 0.0 0.0 0.068236366 0.0 0.0 0.0 0.0058366437 0.044766482 0.0 0.0 0.0 0.0 0.0 0.0 0.0 0.0 0.0 0.0 0.031342905 0.026228903 0.0 0.0 0.0 0.0 0.07862849 0.0
0.12662622 0.0052659535 0.0 0.0 0.07815763 0.0 0.0 0.0 0.0 0.061954122 0.09997793 0.0 0.0 0.0 0.0 0.0 0.0 0.0 0.0 0.026388777 0.0 0.0 0.0 0.0 0.0 0.0 0.08116626 0.030476283 0.0 0.00983253 0.0 0.0 0.0 0.0015688618 0.0 0.0 0.1041012 0.13489552 0.0 0.0 0.0 0.0 0.0 0.0 0.27114555 0.0 0.0 0.0 0.0 0.0 0.030108096 0.0061535537 0.0 0.0 0.0 0.0
0.0 0.0 0.0 0.0 0.0 0.011555375 0.0 0.0 0.0 0.0 0.0 0.0 0.0 0.025882358 0.0 0.035208505 0.0 0.0 0.0 0.0 0.0 0.031646717 0.17242031 0.0 0.0 0.0 0.18796863 0.012458356 0.0 0.0 0.0 0.0 0.0 0.0 0.0 0.0 0.0 0.0 0.0 0.03799354 0.0 0.0 0.0 0.0 0.0 0.0 0.0 0.07668747 0.008097498 0.0 0.07686813 0.04810419 0.0 0.0 0.22123937 0.001874541
0.014824246 0.0 0.0 0.0 0.0051099006 0.0 0.0 0.0 0.08744902 0.0 0.037316132 0.03352518 0.0 0.0 0.01445919 0.0 0.0 0.21142328 0.08660236 0.0 0.0 0.0 0.010383604 0.0 0.0 0.0 0.0 0.0 0.0 0.0 0.027503522 0.0 0.0 0.0 0.0 0.009039538 0.0 0.0 0.0 0.0 0.0 0.0 0.0 0.0 0.0 0.19297974 0.11757989 0.08810267 0.0 0.0 0.002352597 0.0 0.038162597 0.0 0.0 0.0
0.0 0.0 0.0 0.0 0.0 0.0 0.0 0.28759485 0.0 0.10434133 0.019650646 0.0 0.0 0.0 0.0 0.0 0.0 0.0 0.0 0.0903814 0.0 0.14950536 0.0 0.08116627 0.18796863 0.0 0.0 0.0 0.0 0.0 0.0 0.0 0.0 0.0 0.047136784 0.0 0.0 0.0 0.0 0.0 0.02007106 0.0 0.0 0.06957644 0.0 0.0 0.0 0.0 0.0 0.0 0.0 0.0 0.0 0.0 0.026205562 0.0
0.0 0.0 0.0040897694 0.0 0.0 0.0 0.0 0.14680438 0.053069312 0.16478263 0.0 0.0 0.0 0.0 0.0 0.0 0.0 0.0 0.0 0.0 0.0 0.0 0.0 0.030476283 0.012458356 0.0 0.0 0.0 0.0 0.0 0.0 0.0 0.0 0.0 0.0 0.10398345 0.0 0.049602386 0.0 0.0 0.0 0.053209282 0.0 0.0 0.0 0.0 0.11556376 0.0 0.0 0.0 0.054215528 0.0 0.0 0.0 0.0 0.0
0.0 0.0 0.095588125 0.0 0.038892232 0.0 0.0 0.0 0.0 0.0 0.0 0.00036878747 0.0 0.0 0.0 0.0 0.0 0.07405473 0.0 0.0 0.0 0.0 0.0 0.0 0.0 0.0 0.0 0.0 0.026108218 0.048509184 0.0 0.29623997 0.0 0.025314672 0.0 0.044953927 0.0 0.0 0.023702294 0.0 0.0 0.040531684 0.0 0.0 0.0 0.0 0.006122931 0.0 0.0 0.0 0.007516339 0.0 0.12784216 0.015348725 0.0 0.0
0.0 0.0 0.0 0.0 0.0 0.0 0.24357288 0.043132223 0.0 0.10396955 0.0 0.0 0.0 0.0 0.0 0.0 0.0 0.0 0.10686643 0.0 0.0 0.058129087 0.0 0.009832529 0.0 0.0 0.0 0.0 0.048509184 0.024327595 0.0 0.0 0.0 0.0 0.0 0.0 0.07368687 0.0 0.0 0.0 0.0 0.0 0.0 0.0 0.223191 0.0 0.0 0.0 0.0 0.0 0.0 0.051945917 0.0 0.0 0.0 0.0
0.0 0.0 0.0 0.055256844 0.0 0.0 0.0 0.0 0.0767593 0.0 0.0 0.0 0.2609054 0.11167692 0.0 0.06889277 0.025291707 0.0 0.08178662 0.0 0.10800633 0.0 0.0 0.0 0.0 0.027503522 0.0 0.0 0.0 0.0 0.0 0.0 0.0 0.029147709 0.018821456 0.0 0.0 0.0 0.0 0.12098175 0.007441501 0.0 0.0 0.10446391 0.0 0.015113683 0.036135685 0.0 0.0 0.0 0.0 0.0 0.0 0.0 0.00927367 0.0
0.0 0.0 0.0 0.0 0.0 0.0 0.0 0.012682677 0.0 0.055757985 0.0 0.010781462 0.0 0.0 0.0 0.0 0.0 0.0 0.0 0.015990622 0.036547583 0.15974823 0.0 0.0 0.0 0.0 0.0 0.0 0.29623997 0.0 0.0 0.0 0.0 0.0 0.25499845 0.0045212302 0.0 0.0 0.0 0.0 0.0 0.0 0.0 0.06225831 0.045131885 0.020749254 0.0 0.0 0.0 0.0 0.0 0.008376795 0.009220985 0.0 0.0 0.0
0.0 0.014227076 0.0 0.0 0.0 0.015094282 0.0 0.0 0.0 0.0 0.0 0.0 0.0 0.0 0.0 0.0 0.0 0.03944171 0.04573137 0.15083772 0.0 0.0 0.06823636 0.0 0.0 0.0 0.0 0.0 0.0 0.0 0.0 0.0 0.13334444 0.0 0.0 0.0 0.0 0.0 0.0 0.0 0.0 0.0 0.0 0.0 0.0 0.0 0.0 0.0 0.045619693 0.16578937 0.0 0.031403974 0.041938663 0.0 0.088340856 0.027191676
0.0 0.0 0.0 0.0 0.14204547 0.0 0.0 0.0 0.049225565 0.0 0.0 0.0 0.0 0.029130775 0.0 0.0 0.029871432 0.08524119 0.0 0.0 0.0604432 0.0 0.0 0.0015688618 0.0 0.0 0.0 0.0 0.025314672 0.0 0.029147709 0.0 0.0 0.0 0.0 0.0 0.0 0.0 0.0 0.0 0.031496484 0.0 0.0 0.0 0.0 0.24245872 0.0 0.0 0.0 0.0 0.0 0.0 0.13291524 0.0 0.0 0.0
0.0 0.12172819 0.0 0.016561657 0.39685777 0.010243472 0.0 0.0 0.0 0.0 0.014562078 0.0 0.0 0.0 0.0 0.0 0.0 0.0 0.0 0.0 0.0 0.0 0.0 0.0 0.0 0.0 0.047136784 0.0 0.0 0.0 0.018821456 0.25499842 0.0 0.0 0.0 0.0 0.0 0.0 0.0 0.0 0.0 0.0 0.04810744 0.0 0.0 0.047916584 0.0 0.0 0.058073185 0.0 0.0056111063 0.0 0.0 0.040054474 0.0 0.0
0.0 0.0319341 0.0 0.0 0.0 0.0 0.0 0.0 0.014243504 0.0 0.0 0.0 0.0 0.0 0.0 0.0 0.0 0.0 0.0 0.0 0.0 0.0 0.0 0.0 0.0 0.009039538 0.0 0.10398344 0.044953927 0.0 0.0 0.0045212302 0.0 0.0 0.0 0.29699963 0.0 0.0 0.047324963 0.0 0.0 0.0 0.0 0.0 0.0 0.0 0.0 0.0 0.0 0.0 0.2135851 0.151555 0.0 0.0 0.0 0.0
0.0 0.08100328 0.0 0.0 0.0 0.04120679 0.0 0.0 0.0 0.0 0.0 0.0 0.0 0.24960998 0.0 0.0 0.14791758 0.0 0.0 0.0 0.0 0.0 0.0058366437 0.10410121 0.0 0.0 0.0 0.0 0.0 0.07368687 0.0 0.0 0.0 0.0 0.0 0.0 0.0 0.0 0.0 0.007506057 0.0 0.0 0.13895525 0.0 0.0 0.0 0.0 0.007017133 0.0 0.11958347 0.0 0.0 0.031970855 0.0 0.0 0.037647206
0.0 0.07851978 0.0 0.027216325 0.0 0.0 0.0 0.02085893 0.0 0.024869118 0.0 0.0 0.055519372 0.19444704 0.0 0.0 0.0 0.0 0.0 0.0 0.0 0.0 0.044766482 0.1348955 0.0 0.0 0.0 0.049602382 0.0 0.0 0.0 0.0 0.0 0.0 0.0 0.0 0.0 0.0 0.0 0.11064654 0.0 0.0 0.0 0.0 0.0 0.0 0.0 0.0 0.0 0.0 0.07920204 0.0866543 0.0 0.0 0.0 0.0
0.0 0.0 0.0 0.0 0.007938869 0.0 0.09301971 0.0 0.0 0.0 0.0 0.0 0.0 0.0 0.0 0.0 0.0 0.28548774 0.0 0.0 0.0 0.0 0.0 0.0 0.0 0.0 0.0 0.0 0.023702294 0.0 0.0 0.0 0.0 0.0 0.0 0.047324963 0.0 0.0 0.0 0.0 0.0 0.0 0.0 0.0 0.0 0.10076955 0.0 0.0 0.0 0.16313149 0.0 0.19539209 0.0 0.0 0.014361282 0.031963848
0.18416992 0.0 0.0 0.0 0.0 0.0 0.0 0.0 0.0 0.0 0.0 0.18040787 0.0 0.0 0.035078224 0.0 0.0 0.0 0.0 0.0 0.12910447 0.0 0.0 0.0 0.03799354 0.0 0.0 0.0 0.0 0.0 0.12098175 0.0 0.0 0.0 0.0 0.0 0.007506057 0.110646546 0.0 0.0 0.0 0.0 0.0 0.016207917 0.0 0.19404645 0.0 0.01735827 0.0 0.0 0.036662944 0.0 0.0 0.0 0.0 0.0
0.0 0.0 0.04800348 0.0 0.0 0.013859289 0.0 0.0 0.0 0.0 0.0 0.0 0.0 0.0 0.21464095 0.0 0.0 0.0 0.046217766 0.0 0.0 0.0 0.0 0.0 0.0 0.0 0.02007106 0.0 0.0 0.0 0.0074415007 0.0 0.0 0.03149648 0.0 0.0 0.0 0.0 0.0 0.0 0.10344755 0.19417432 0.0 0.04177572 0.0 0.0 0.19885918 0.0 0.0 0.0 0.0 0.0 0.0 0.15600397 0.0 0.0
0.06621315 0.0 0.058708195 0.0 0.0 0.0 0.08926755 0.0 0.0 0.012432202 0.0 0.023479423 0.0 0.0 0.10134548 0.0 0.072068624 0.0 0.0 0.0 0.01744247 0.010443231 0.0 0.0 0.0 0.0 0.0 0.053209282 0.04053168 0.0 0.0 0.0 0.0 0.0 0.0 0.0 0.0 0.0 0.0 0.0 0.19417432 0.101152875 0.0 0.10582791 0.05258817 0.0 0.0 0.0 0.0 0.01795914 0.0 0.0 0.0 0.0 0.0 0.0
0.11689379 0.0 0.0 0.0 0.0 0.0 0.024956077 0.08107341 0.0 0.036865525 0.0 0.0 0.0 0.0 0.07266125 0.10275592 0.03665843 0.0 0.0 0.0 0.0 0.0 0.0 0.0 0.0 0.0 0.0 0.0 0.0 0.0 0.0 0.0 0.0 0.0 0.04810744 0.0 0.13895525 0.0 0.0 0.0 0.0 0.0 0.0 0.07888043 0.18712638 0.0 0.0 0.09989531 0.0 0.024556113 0.0015222294 0.0 0.0 0.0 0.0 0.0
0.0 0.0 0.0 0.111610524 0.012290107 0.0 0.0 0.0 0.0 0.0 0.0 0.0 0.0 0.0 0.0 0.0 0.0 0.029784719 0.0 0.0 0.0 0.0 0.0 0.0 0.0 0.0 0.06957644 0.0 0.0 0.0 0.10446391 0.062258314 0.0 0.0 0.0 0.0 0.0 0.0 0.0 0.016207919 0.041775715 0.10582791 0.07888043 0.0 0.0 0.0059076934 0.1939005 0.0 0.0 0.0 0.0 0.0 0.07006129 0.13552742 0.0 0.0
0.0 0.0 0.0 0.0076619564 0.0 0.044192895 0.0 0.0 0.0 0.0 0.0 0.0 0.0 0.0 0.0 0.0 0.023293627 0.0 0.01507634 0.0 0.0 0.0 0.0 0.27114552 0.0 0.0 0.0 0.0 0.0 0.223191 0.0 0.045131885 0.0 0.0 0.0 0.0 0.0 0.0 0.0 0.0 0.0 0.05258817 0.18712637 0.0 0.067384034 0.0 0.0 0.0 0.098869994 0.029936606 0.0 0.0 0.0 0.0 0.0 0.0
0.0 0.0 0.0 0.08801566 0.006440847 0.0 0.0 0.0 0.054986216 0.0 0.0 0.0 0.0 0.0 8.1948325e-05 0.0 0.0 0.0 0.007163982 0.0 0.0 0.0 0.0 0.0 0.0 0.19297975 0.0 0.0 0.0 0.0 0.0151136825 0.020749254 0.0 0.24245872 0.04791658 0.0 0.0 0.0 0.10076955 0.19404645 0.0 0.0 0.0 0.005907694 0.0 0.0 0.0011069454 0.0 0.0 0.0 0.0 0.0 0.0 0.0 0.0 0.0
0.0 0.0 0.0 0.0 0.0 0.0 0.0 0.0 0.0 0.0 0.0 0.0 0.0051141893 0.008290287 0.03751069 0.0 0.03453819 0.0 0.0 0.0 0.031959698 0.0047369404 0.0 0.0 0.0 0.11757989 0.0 0.115563765 0.006122931 0.0 0.036135685 0.0 0.0 0.0 0.0 0.0 0.0 0.0 0.0 0.0 0.19885918 0.0 0.0 0.1939005 0.0 0.0011069453 0.0 0.0 0.0 0.0 0.079427175 0.0 0.03580134 0.0 0.0 0.0
0.0 0.032327764 0.0 0.0 0.0 0.0 0.0 0.0 0.0 0.0 0.0 0.0 0.0 0.026654037 0.0 0.0 0.03652002 0.0 0.034609932 0.07355999 0.06368616 0.056486595 0.0 0.0 0.07668748 0.08810267 0.0 0.0 0.0 0.0 0.0 0.0 0.0 0.0 0.0 0.0 0.007017133 0.0 0.0 0.017358268 0.0 0.0 0.09989531 0.0 0.0 0.0 0.0 0.07988354 0.0 0.004843433 0.04355807 0.0 0.0243353 0.0 0.028399264 0.036305238
0.0 0.0 0.0 0.0 0.0 0.0 0.0 0.020142777 0.0 0.020969225 0.0 0.13186805 0.016148154 0.011121413 0.0 0.017307768 0.0 0.0 0.01947515 0.08937502 0.0 0.15175669 0.031342905 0.0 0.008097498 0.0 0.0 0.0 0.0 0.0 0.0 0.0 0.045619693 0.0 0.058073185 0.0 0.0 0.0 0.0 0.0 0.0 0.0 0.0 0.0 0.09886999 0.0 0.0 0.0 0.0 0.091465585 0.0 0.034684807 0.0 0.0 0.042273793 0.011419889
0.0 0.0 0.0 0.0 0.0 0.0 0.0 0.0 0.0 0.0 0.0 0.0 0.0 0.0 0.0 0.0846592 0.0 0.0 0.0 0.0 0.0 0.0 0.026228903 0.0 0.0 0.0 0.0 0.0 0.0 0.0 0.0 0.0 0.16578937 0.0 0.0 0.0 0.11958347 0.0 0.1631315 0.0 0.0 0.01795914 0.024556113 0.0 0.029936606 0.0 0.0 0.004843433 0.091465585 0.19733708 0.0 0.0 0.06177514 0.02734082 0.03684834 0.009258636
0.0 0.008871721 0.0 0.0 0.0 0.0 0.0 0.010427117 0.114852324 0.0 0.08655322 0.0017216739 0.13556316 0.060790036 0.0 0.0 0.034023188 0.0033811594 0.0 0.101984344 0.0 0.05682697 0.0 0.030108096 0.076868124 0.002352597 0.0 0.054215528 0.0075163385 0.0 0.0 0.0 0.0 0.0 0.0056111068 0.21358511 0.0 0.07920205 0.0 0.036662944 0.0 0.0 0.0015222294 0.0 0.0 0.0 0.079427175 0.043558072 0.0 0.0 0.0 0.022439187 0.0 0.0 0.010190415 0.0
0.0 0.049889296 0.08649453 0.0 0.112138286 0.15542004 0.0 0.0 0.017501587 0.0 0.0 0.0 0.0 0.0 0.0 0.0 0.039788168 0.043512322 0.0 0.0 0.0 0.0 0.0 0.006153554 0.048104193 0.0 0.0 0.0 0.0 0.051945917 0.0 0.008376794 0.031403974 0.0 0.0 0.151555 0.0 0.0866543 0.19539209 0.0 0.0 0.0 0.0 0.0 0.0 0.0 0.0 0.0 0.034684807 0.0 0.022439187 0.0 0.0 0.0 0.0 0.0
0.076442964 0.0 0.021831058 0.0 0.0 0.0 0.0 0.014490807 0.0 0.06339294 0.0 0.0 0.020951351 0.0 0.0 0.0 0.018360367 0.0 0.0 0.0 0.0 0.0 0.0 0.0 0.0 0.0381626 0.0 0.0 0.12784216 0.0 0.0 0.009220986 0.041938663 0.13291524 0.0 0.0 0.031970855 0.0 0.0 0.0 0.0 0.0 0.0 0.070061296 0.0 0.0 0.03580134 0.024335299 0.0 0.06177514 0.0 0.0 0.0 0.0 0.089807875 0.06997168
0.32799336 0.0 0.03486482 0.0 0.0 0.0 0.0 0.0 0.0 0.0 0.0 0.0 0.0 0.0 0.07916088 0.0 0.017355815 0.0 0.0 0.0 0.0 0.0 0.0 0.0 0.0 0.0 0.0 0.0 0.015348725 0.0 0.0 0.0 0.0 0.0 0.040054474 0.0 0.0 0.0 0.0 0.0 0.15600397 0.0 0.0 0.1355274 0.0 0.0 0.0 0.0 0.0 0.02734082 0.0 0.0 0.0 0.0 0.0 0.0
0.0 0.0 0.0 0.05721265 0.0043220934 0.0 0.0 0.0 0.07176766 0.0 0.0 0.0 0.0 0.0 0.0089994855 0.0 0.03743907 0.003254744 0.099615 0.080074996 0.051700972 0.0 0.07862849 0.0 0.22123939 0.0 0.026205564 0.0 0.0 0.0 0.009273669 0.0 0.088340856 0.0 0.0 0.0 0.0 0.0 0.014361283 0.0 0.0 0.0 0.0 0.0 0.0 0.0 0.0 0.028399266 0.042273793 0.036848336 0.010190415 0.0 0.089807875 0.0 0.0 0.0
0.0 0.0 0.29188016 0.0 0.0 0.0 0.0 0.0 0.0 0.0 0.0 0.3258293 0.0 0.0 0.0 0.0 0.041083813 0.1617693 0.0 0.0 0.0 0.0 0.0 0.0 0.001874541 0.0 0.0 0.0 0.0 0.0 0.0 0.0 0.027191678 0.0 0.0 0.0 0.037647203 0.0 0.031963848 0.0 0.0 0.0 0.0 0.0 0.0 0.0 0.0 0.036305238 0.011419889 0.009258636 0.0 0.0 0.06997168 0.0 0.0 0.0
