0.06343534 0.003215198 0.0 0.0 0.0 0.0 0.0035741734 0.23901342 0.0 0.017231213 0.0 0.08683176 0.0 0.0 0.0 0.0 0.0 0.0 0.0 0.0 0.0 0.08576916 0.0 0.0 0.0 0.0 0.0 0.0023413037 0.0 0.16026841 0.0 0.0 0.0 0.0 0.0575432 0.0 0.0 0.0 0.0 0.0 0.0 0.0 0.009284463 0.019250946 0.027318511 0.14589998 0.0 0.0 0.0 0.050390564 0.0 0.07789756 0.0 0.0019723957 0.0 0.026188385
0.0032151977 0.0 0.0 0.0 0.0 0.025399128 0.0 0.094532505 0.0 0.0 0.0 0.0 0.0 0.0 0.0 0.0 0.0 0.0 0.0 0.0 0.0 0.0 0.1013505 0.038801536 0.0 0.0 0.021802856 0.037681613 0.0 0.0 0.0 0.0 0.02737424 0.01153455 0.0 0.0 0.0 0.20491321 0.0 0.0 0.0 0.0 0.0 0.0 0.0 0.00034309537 0.018061034 0.1714215 0.0 0.0 0.0 0.0 0.0 0.0 0.104485795 0.0
0.0 0.0 0.0 0.0 0.0 0.0 0.051200673 0.0 0.0 0.0 0.030259702 0.0 0.0 0.0 0.002717973 0.0 0.0 0.14424288 0.0 0.0710845 0.0 0.15814163 0.19305344 0.0 0.0 0.0 0.07006342 0.0 0.0 0.0 0.0 0.0715954 0.0 0.0 0.0 0.0 0.0 0.010392084 0.06467028 0.0 0.0 0.0 0.0 0.019699376 0.0 0.0 0.0 0.0 0.0 0.0 0.0032062538 0.0 0.0 0.0 0.0 0.0
0.0 0.0 0.0 0.26918438 0.13535026 0.0 0.039505016 0.0 0.13995804 0.0 0.0 0.0 0.0 0.0 0.0 0.04320542 0.0 0.0 0.0 0.012699509 0.0 0.0 0.029512294 0.0034976448 0.008837361 0.0 0.04323777 0.0 0.0 0.0 0.0 0.13263099 0.0 0.0 0.0 0.07019982 0.0 0.0883943 0.0 0.0 0.0 0.0 0.0 0.0 0.0 0.010904781 0.0 0.012508603 0.0 0.0 0.0 0.0 0.0 0.0 0.0077735605 0.0
0.0 0.0 0.0 0.13535026 0.0 0.06716569 0.0 0.0 0.0 0.0 0.0 0.0 0.15314943 0.015970381 0.0 0.0 0.0 0.0 0.0 0.014851753 0.25197354 0.0 0.086024344 0.0 0.0 0.0 0.052603234 0.0 0.0 0.0 0.0 0.0 0.0 0.0 0.0 0.0 0.0 0.0 0.0 0.0 0.0 0.026244922 0.0 0.004010058 0.0 0.0 0.0 0.0 0.0 0.0 0.0 0.0 0.0 0.0 0.030747272 0.014304848
0.0 0.025399128 0.0 0.0 0.067165695 0.0 0.0 0.0 0.0 0.0 0.0 0.053119272 0.0 0.034388058 0.01889604 0.0 0.23822427 0.053521916 0.0 0.0 0.02754559 0.0 0.0 0.0 0.15127718 0.0 0.0 0.0 0.0 0.083845295 0.0 0.019511905 0.0 0.0 0.0 0.0 0.0 0.0 0.0 0.0 0.0 0.051251132 0.004190013 0.26177698 0.0 0.024473565 0.04951592 0.0 0.0 0.012394172 0.0 0.0 0.07628644 0.0 0.0 0.0
0.0035741734 0.0 0.051200677 0.039505016 0.0 0.0 0.06636219 0.113920614 0.0 0.051756814 0.0 0.02072076 0.0 0.0 0.0 0.0 0.0 0.052034233 0.0 0.0 0.0 0.0 0.0 0.0 0.0 0.0 0.0 0.0 0.0 0.0539445 0.0 0.011214262 0.0 0.0 0.0 0.0 0.0 0.0 0.0 0.0 0.0 0.017692266 0.055017047 0.0 0.1456643 0.0 0.0 0.0 0.0 0.0 0.0 0.0 0.08904713 0.0 0.0 0.0
0.23901342 0.0945325 0.0 0.0 0.0 0.0 0.11392062 0.0477104 0.0 0.15022467 0.0 0.01428735 0.0 0.0 0.0 0.0 0.0 0.0 0.009070544 0.0 0.0 0.0 0.0 0.0 0.0 0.0 0.00929077 0.022960972 0.0 0.0 0.0 0.0 0.0 0.0 0.14241529 0.0 0.06094091 0.0 0.0 0.0 0.0 0.0 0.0 0.0 0.055140417 0.0 0.025905665 0.0 0.0 0.0 0.0 0.0 0.0 0.0 0.035027158 0.0
0.0 0.0 0.0 0.13995804 0.0 0.0 0.0 0.0 0.120375484 0.0 0.10821404 0.0 0.044248387 0.0 0.0 0.0 0.0 0.0 0.0 0.033733364 0.0057053696 0.0 0.0 0.0 0.0 0.0 0.1367415 0.0 0.1569067 0.0 0.018300166 0.079844154 0.0 0.0 0.0 0.0 0.0 0.0 0.0 0.0 0.0 0.0024871028 0.0 0.0 0.0 0.0 0.0 0.0 0.0 0.0 0.0 0.0 0.0 0.0 0.0 0.0
0.017231213 0.0 0.0 0.0 0.0 0.0 0.051756814 0.15022467 0.0 0.11365203 0.0 0.033151653 0.0 0.0 0.0 0.0 0.0 0.0 0.0 0.0 0.0 0.07535531 0.0 0.0 0.0 0.0 0.0 0.05973096 0.0062178797 0.0 0.0 0.0 0.0 0.07141489 0.05256086 0.0 0.0 0.0 0.0 0.0 0.17770894 0.0 0.1359615 0.0568805 0.0 0.0 0.0 0.0 0.0 0.055877075 0.0 0.033006303 0.0 0.0 0.0 0.06045794
0.0 0.0 0.030259702 0.0 0.0 0.0 0.0 0.0 0.10821404 0.0 0.0 0.0 0.0 0.046991374 0.0 0.0 0.04295677 0.0 0.0 0.0 0.0 0.0 0.0 0.0 0.0 0.010782586 0.0 0.033218753 0.034243517 0.0 0.0 0.0 0.0 0.039430313 0.0 0.087225206 0.0 0.0 0.0 0.07514354 0.1367983 0.13438992 0.02470603 0.0 0.0 0.026897805 0.06026636 0.0 0.0 0.0 0.0 0.0 0.0 0.027762223 0.0 0.15360594
0.08683176 0.0 0.0 0.0 0.0 0.053119276 0.02072076 0.014287349 0.0 0.033151653 0.0 0.0 0.0 0.0 0.0 0.0 0.042186376 0.0 0.0 0.0 0.0 0.0 0.057894114 0.0 0.0 0.0 0.0 0.0 0.0 0.0 0.0 0.0 0.0 0.0 0.34885114 0.0 0.0 0.0 0.0 0.0 0.0 0.0 0.0 0.043466434 0.0 0.0 0.0 0.012525091 0.0 0.0 0.0 0.08441914 0.0 0.0 0.062501095 0.0
0.0 0.0 0.0 0.0 0.15314941 0.0 0.0 0.0 0.044248387 0.0 0.0 0.0 0.0 0.095324636 0.0018380656 0.0 0.0 0.19749793 0.05063426 0.06778302 0.0 0.0 0.04611958 0.026582822 0.03195964 0.0 0.061575208 0.0 0.0 0.0 0.020917853 0.16311657 0.0017653581 0.0 0.0 0.026272653 0.0 0.018340336 0.0 0.0 0.0 0.0 0.0 0.0 0.0 0.0 0.0 0.0 0.0 0.0 0.095669985 0.0 0.0 0.0 0.0 0.0
0.0 0.0 0.0 0.0 0.015970381 0.034388054 0.0 0.0 0.0 0.0 0.04699137 0.0 0.095324636 0.0 0.05644252 0.23271352 0.0 0.0945388 0.014559671 0.040454544 0.0 0.0 0.0 0.0 0.0 0.0 0.31371275 0.009244702 0.101395994 0.0 0.0 0.0 0.0 0.0 0.0 0.0 0.0036508816 0.0 0.0 0.0 0.0 0.0 0.0 0.0 0.0 0.0 0.0 0.0 0.0 0.0 0.0017461465 0.0 0.0 0.0 0.0 0.0
0.0 0.0 0.0027179727 0.0 0.0 0.01889604 0.0 0.0 0.0 0.0 0.0 0.0 0.0018380656 0.05644252 0.0 0.0 0.0 0.0 0.0 0.0 0.0 0.0 0.042845275 0.0 0.05402302 0.017158266 0.0 0.0 0.0 0.0 0.0 0.017664064 0.0 0.0 0.0 0.01437204 0.0 0.0 0.011472063 0.092429824 0.14051442 0.0 0.0 0.05900973 0.0 0.0 0.0 0.0 0.0 0.0 0.0 0.058692858 0.0 0.25637767 0.0 0.0
0.0 0.0 0.0 0.04320542 0.0 0.0 0.0 0.0 0.0 0.0 0.0 0.0 0.0 0.23271352 0.0 0.0 0.0 0.0 0.01074079 0.0 0.0 0.0 0.0 0.07888311 0.03621798 0.0 0.0 0.0 0.0 0.0 0.0 0.06690868 0.0 0.0 0.0 0.014756863 0.0 0.0 0.0 0.0 0.01742823 0.0 0.0 0.041621353 0.000710694 0.1693218 0.009585037 0.018463628 0.0 0.0 0.0 0.03468289 0.051219966 0.01284057 0.0 0.0
0.0 0.0 0.0 0.0 0.0 0.23822428 0.0 0.0 0.0 0.0 0.04295677 0.04218638 0.0 0.0 0.0 0.0 0.0 0.0 0.0 0.0 0.049279474 0.0 0.032842066 0.0 0.0 0.0 0.0 0.0 0.0 0.0 0.0 0.096430525 0.10954669 0.0 0.0 0.020004263 0.0 0.043470524 0.0 0.0 0.0 0.0 0.0 0.0 0.0 0.0 0.0 0.0319341 0.03875074 0.008315548 0.0 0.0 0.0 0.0 0.09632841 0.0
0.0 0.0 0.14424288 0.0 0.0 0.053521916 0.052034236 0.0 0.0 0.0 0.0 0.0 0.19749795 0.0945388 0.0 0.0 0.0 0.0 0.0 0.0 0.0 0.0 0.086987026 0.0 0.0 0.0 0.0 0.0 0.0 0.0 0.0 0.0 0.0 0.0 0.0 0.0 0.0 0.0 0.0 0.05673427 0.0 0.0145953065 0.0 0.0 0.0 0.0 0.0 0.05179225 0.0 0.0 0.0 0.02618308 0.0 0.0 0.013956678 0.042531442
0.0 0.0 0.0 0.0 0.0 0.0 0.0 0.0090705445 0.0 0.0 0.0 0.0 0.05063426 0.014559671 0.0 0.01074079 0.0 0.0 0.0 0.0 0.0 0.0 0.0 0.0 0.010201031 0.03433039 0.0 0.0 0.0 0.0 0.0 0.0 0.012338199 0.11315915 0.020738743 0.0 0.0 0.0 0.0 0.1862849 0.12959395 0.09772603 0.0 0.002200598 0.0 0.0 0.0 0.026432334 0.029877359 0.0 0.0 0.0 0.0 0.016538298 0.0900434 0.0
0.0 0.0 0.07108451 0.012699509 0.014851753 0.0 0.0 0.0 0.033733364 0.0 0.0 0.0 0.06778302 0.040454548 0.0 0.0 0.0 0.0 0.0 0.0 0.19067775 0.0 0.03458502 0.0 0.0 0.0 0.0 0.0 0.0 0.120238684 0.0 0.0 0.0 0.03613579 0.0 0.0 0.0 0.0 0.0 0.012676677 0.023264866 0.0 0.16302738 0.027628183 0.0 0.0 0.015197989 0.0 0.23414381 0.0 0.0 0.01936669 0.0 0.0 0.0 0.0
0.0 0.0 0.0 0.0 0.25197354 0.027545588 0.0 0.0 0.0057053696 0.0 0.0 0.0 0.0 0.0 0.0 0.0 0.04927947 0.0 0.0 0.19067775 0.0 0.0 0.0 0.0 0.0 0.0 0.0279698 0.0 0.007878099 0.0 0.0 0.12976386 0.01848022 0.0 0.005869826 0.070104524 0.0 0.027895624 0.0 0.0 0.0 0.003002565 0.0 0.0 0.0 0.015519913 0.0 0.016582062 0.0 0.0 0.0 0.0 0.0 0.0 0.0 0.0
0.085769154 0.0 0.15814164 0.0 0.0 0.0 0.0 0.0 0.0 0.07535531 0.0 0.0 0.0 0.0 0.0 0.0 0.0 0.0 0.0 0.0 0.0 0.0 0.0 0.0 0.0 0.0 0.0 0.0 0.0 0.0 0.0 0.009939943 0.0 0.0 0.053289514 0.14414898 0.28565437 0.0 0.0 0.0 0.0 0.0 0.0 0.0 0.0 0.0 0.0 0.0 0.0 0.0 0.0 0.14756826 0.0 0.0 0.0 0.0
0.0 0.10135051 0.19305344 0.029512295 0.086024344 0.0 0.0 0.0 0.0 0.0 0.0 0.057894114 0.046119582 0.0 0.042845275 0.0 0.032842066 0.086987026 0.0 0.034585025 0.0 0.0 0.030432109 0.0 0.11153018 0.0153164035 0.0 0.0 0.0 0.013158554 0.070214204 0.0 0.0 0.022566533 0.0 0.0 0.0 0.0 0.0 0.05199057 0.0 0.014513189 0.049927603 0.021877136 0.0 0.0 0.0403591 0.049567107 0.0 0.011054851 0.042343885 0.0 0.013546659 0.0064686895 0.0 0.0
0.0 0.038801532 0.0 0.003497645 0.0 0.0 0.0 0.0 0.0 0.0 0.0 0.0 0.026582824 0.0 0.0 0.078883104 0.0 0.0 0.0 0.0 0.0 0.0 0.0 0.0 0.0 0.20843452 0.0 0.36283204 0.0 0.0 0.0 0.0 0.0 0.021920523 0.0 0.0 0.0 0.0 0.0 0.0 0.0 0.0 0.0 0.0 0.0 0.0 0.0 0.0 0.043460034 0.0 0.047567904 0.0 0.15884572 0.0 0.036559254 0.0
0.0 0.0 0.0 0.008837361 0.0 0.1512772 0.0 0.0 0.0 0.0 0.0 0.0 0.031959638 0.0 0.05402302 0.036217984 0.0 0.0 0.01020103 0.0 0.0 0.0 0.111530185 0.0 0.13135608 0.0 0.0 0.0 0.0 0.0 0.0 0.13708167 0.06288411 0.0 0.0 0.0 0.0 0.0 0.0 0.0 0.0 0.0 0.0 0.0 0.0 0.016339554 0.0 0.0 0.012513971 0.0 0.0 0.0 0.0 0.005471606 0.16393909 0.0
0.0 0.0 0.0 0.0 0.0 0.0 0.0 0.0 0.0 0.0 0.010782586 0.0 0.0 0.0 0.017158266 0.0 0.0 0.0 0.034330394 0.0 0.0 0.0 0.0153164035 0.20843452 0.0 0.0 0.02249835 0.0 0.0 0.0 0.22854322 0.0 0.022369191 0.0 0.0 0.0 0.039330404 0.15004875 0.0 0.0 0.0 0.0 0.0 0.0 0.0 0.0 0.04783938 0.0 0.0 0.0 0.1856633 0.0 0.0 0.0 0.043901373 0.0
0.0 0.021802856 0.07006342 0.04323777 0.052603234 0.0 0.0 0.00929077 0.1367415 0.0 0.0 0.0 0.061575208 0.31371275 0.0 0.0 0.0 0.0 0.0 0.0 0.027969798 0.0 0.0 0.0 0.0 0.02249835 0.068296485 0.0 0.0 0.0 0.0 0.0 0.0 0.053782478 0.0 0.0 0.0 0.0 0.0 0.0017503067 0.10831151 0.024459835 0.0035293642 0.0 0.0 0.0 0.12519497 0.0 0.0 0.0 0.0 0.0 0.0 0.0 0.0 0.0
0.0023413037 0.037681613 0.0 0.0 0.0 0.0 0.0 0.022960974 0.0 0.05973096 0.033218753 0.0 0.0 0.009244702 0.0 0.0 0.0 0.0 0.0 0.0 0.0 0.0 0.0 0.36283204 0.0 0.0 0.0 0.0 0.03945358 0.0 0.0 0.0 0.0 0.0 0.0 0.0 0.0 0.010482468 0.0 0.0 0.0 0.0 0.0 0.0 0.036117617 0.0 0.0 0.03516011 0.0 0.0 0.051846117 0.2277351 0.0 0.0 0.0 0.0
0.0 0.0 0.0 0.0 0.0 0.0 0.0 0.0 0.15690671 0.00621788 0.034243513 0.0 0.0 0.101395994 0.0 0.0 0.0 0.0 0.0 0.0 0.007878099 0.0 0.0 0.0 0.0 0.0 0.0 0.03945358 0.06652913 0.0 0.0 0.0 0.0 0.0 0.028213223 0.0 0.0 0.0 0.0 0.25584996 0.0 0.0 0.09078233 0.0 0.0 0.0 0.0 0.0 0.0 0.0 0.0 0.0 0.0 0.06183647 0.0 0.0
0.16026841 0.0 0.0 0.0 0.0 0.083845295 0.0539445 0.0 0.0 0.0 0.0 0.0 0.0 0.0 0.0 0.0 0.0 0.0 0.0 0.120238684 0.0 0.0 0.013158554 0.0 0.0 0.0 0.0 0.0 0.0 0.0 0.0 0.0 0.0 0.0 0.08923638 0.0032077136 0.0 0.0 0.0 0.0 0.0 0.087065585 0.0 0.04538204 0.0 0.0 0.0 0.0 0.0 0.0 0.0 0.0 0.0 0.01418511 0.10156191 0.0
0.0 0.0 0.0 0.0 0.0 0.0 0.0 0.0 0.018300164 0.0 0.0 0.0 0.020917853 0.0 0.0 0.0 0.0 0.0 0.0 0.0 0.0 0.0 0.070214204 0.0 0.0 0.22854324 0.0 0.0 0.0 0.0 0.0 0.0 0.0 0.048564933 0.0 0.027517773 0.0 0.10854221 0.0 0.21588215 0.0378611 0.011584198 0.0 0.12971358 0.0 0.0 0.0 0.010419063 0.005158355 0.0 0.0 0.0 0.0 0.0 0.0 0.0
0.0 0.0 0.0715954 0.13263099 0.0 0.019511905 0.011214262 0.0 0.079844154 0.0 0.0 0.0 0.16311657 0.0 0.017664062 0.06690868 0.096430525 0.0 0.0 0.0 0.12976386 0.009939943 0.0 0.0 0.13708167 0.0 0.0 0.0 0.0 0.0 0.0 0.0 0.0 0.010489364 0.0 0.0 0.0 0.0 0.0 0.0 0.0 0.09310975 0.0 0.04176152 0.0 0.0 0.10863141 0.0 0.0 0.0 0.0 0.0 0.03625977 0.0 0.0 0.008823753
0.0 0.027374242 0.0 0.0 0.0 0.0 0.0 0.0 0.0 0.0 0.0 0.0 0.0017653581 0.0 0.0 0.0 0.10954669 0.0 0.012338199 0.0 0.01848022 0.0 0.0 0.0 0.062884115 0.022369191 0.0 0.0 0.0 0.0 0.0 0.0 0.17277722 0.0 0.0 0.0 0.0 0.0 0.2453768 0.0 0.0 0.0 0.0 0.021193586 0.0 0.09154017 0.0 0.0 0.032158613 0.1470641 0.0 0.007196046 0.0 0.07515657 0.0 0.0
0.0 0.01153455 0.0 0.0 0.0 0.0 0.0 0.0 0.0 0.07141489 0.039430313 0.0 0.0 0.0 0.0 0.0 0.0 0.0 0.11315915 0.03613579 0.0 0.0 0.02256653 0.021920523 0.0 0.0 0.053782474 0.0 0.0 0.0 0.048564933 0.010489364 0.0 0.0 0.0 0.0 0.04325917 0.16061352 0.0 0.0 0.0 0.0 0.014137665 0.0 0.0 0.10998841 0.0 0.0 0.0 0.0 0.025807654 0.0 0.0 0.07834938 0.040575888 0.0
0.0575432 0.0 0.0 0.0 0.0 0.0 0.0 0.14241529 0.0 0.052560855 0.0 0.34885114 0.0 0.0 0.0 0.0 0.0 0.0 0.020738743 0.0 0.005869826 0.053289514 0.0 0.0 0.0 0.0 0.0 0.0 0.028213223 0.08923638 0.0 0.0 0.0 0.0 0.0 0.0 0.013995433 0.0 0.0 0.0 0.0 0.0 0.0 0.0 0.12652008 0.0 0.0 0.0 0.09961046 0.0 0.0 0.0049324227 0.0 0.0 0.0 0.013258203
0.0 0.0 0.0 0.070199825 0.0 0.0 0.0 0.0 0.0 0.0 0.087225206 0.0 0.026272655 0.0 0.014372039 0.014756862 0.020004263 0.0 0.0 0.0 0.07010453 0.14414898 0.0 0.0 0.0 0.0 0.0 0.0 0.0 0.0032077138 0.027517773 0.0 0.0 0.0 0.0 0.0 0.0 0.0 0.0 0.0 0.0 0.002145358 0.0 0.0 0.0 0.0 0.0 0.0 0.0 0.0 0.0 0.0 0.33560783 0.0 0.0 0.0
0.0 0.0 0.0 0.0 0.0 0.0 0.0 0.060940906 0.0 0.0 0.0 0.0 0.0 0.0036508816 0.0 0.0 0.0 0.0 0.0 0.0 0.0 0.28565434 0.0 0.0 0.0 0.039330404 0.0 0.0 0.0 0.0 0.0 0.0 0.0 0.04325917 0.013995433 0.0 0.0 0.0 0.0 0.029605098 0.18814291 0.023123551 0.15954341 0.010502759 0.0 0.0 0.040788636 0.0 0.0 0.008794035 0.0 0.0 0.038676694 0.060048543 0.0 0.059607226
0.0 0.20491321 0.010392084 0.08839429 0.0 0.0 0.0 0.0 0.0 0.0 0.0 0.0 0.018340336 0.0 0.0 0.0 0.043470524 0.0 0.0 0.0 0.027895624 0.0 0.0 0.0 0.0 0.15004876 0.0 0.010482467 0.0 0.0 0.10854222 0.0 0.0 0.16061352 0.0 0.0 0.0 0.0 0.0 0.015364113 0.0 0.17171547 0.0 0.020023363 0.0 0.0 0.0 0.0 0.0 0.0 0.0 0.0 0.05088019 0.0 0.0 0.0
0.0 0.0 0.06467029 0.0 0.0 0.0 0.0 0.0 0.0 0.0 0.0 0.0 0.0 0.0 0.011472063 0.0 0.0 0.0 0.0 0.0 0.0 0.0 0.0 0.0 0.0 0.0 0.0 0.0 0.0 0.0 0.0 0.0 0.24537681 0.0 0.0 0.0 0.0 0.0 0.21057935 0.0 0.0 0.0 0.0 0.0 0.0 0.090926655 0.0 0.01972117 0.1905194 0.12969676 0.0 0.0 0.0 0.03556946 0.0022470376 0.041381493
0.0 0.0 0.0 0.0 0.0 0.0 0.0 0.0 0.0 0.0 0.07514354 0.0 0.0 0.0 0.092429824 0.0 0.0 0.05673427 0.1862849 0.012676677 0.0 0.0 0.051990572 0.0 0.0 0.0 0.0017503068 0.0 0.25584996 0.0 0.21588214 0.0 0.0 0.0 0.0 0.0 0.0296051 0.015364113 0.0 0.0 0.0 0.0 0.0 0.0 0.0 0.0 0.0 0.14623164 0.0 0.0 0.14763734 0.0 0.0 0.0 0.0 0.0
0.0 0.0 0.0 0.0 0.0 0.0 0.0 0.0 0.0 0.17770892 0.1367983 0.0 0.0 0.0 0.14051442 0.01742823 0.0 0.0 0.12959395 0.023264866 0.0 0.0 0.0 0.0 0.0 0.0 0.10831151 0.0 0.0 0.0 0.0378611 0.0 0.0 0.0 0.0 0.0 0.1881429 0.0 0.0 0.0 0.0 0.0 0.054012273 0.0 0.07517818 0.0 0.0062980386 0.0 0.0 0.0 0.0 0.0 0.0 0.0 0.012003647 0.0
0.0 0.0 0.0 0.0 0.026244922 0.051251132 0.017692264 0.0 0.0024871028 0.0 0.13438992 0.0 0.0 0.0 0.0 0.0 0.0 0.014595307 0.09772603 0.0 0.003002565 0.0 0.014513189 0.0 0.0 0.0 0.024459837 0.0 0.0 0.087065585 0.011584198 0.09310975 0.0 0.0 0.0 0.002145358 0.023123553 0.17171547 0.0 0.0 0.0 0.0 0.0031293444 0.0 0.0 0.16839296 0.0 0.053537343 0.0 0.0 0.0 0.0 0.0 0.0 0.0 0.0
0.009284463 0.0 0.0 0.0 0.0 0.004190013 0.055017043 0.0 0.0 0.13596152 0.02470603 0.0 0.0 0.0 0.0 0.0 0.0 0.0 0.0 0.16302738 0.0 0.0 0.049927607 0.0 0.0 0.0 0.0035293642 0.0 0.09078233 0.0 0.0 0.0 0.0 0.014137664 0.0 0.0 0.15954341 0.0 0.0 0.0 0.05401227 0.0031293444 0.0 0.0 0.053674195 0.0 0.0 0.011484368 0.0 0.0 0.033009958 0.0 0.0 0.0 0.0 0.022060778
0.019250946 0.0 0.019699378 0.0 0.004010058 0.26177698 0.0 0.0 0.0 0.0568805 0.0 0.043466438 0.0 0.0 0.05900973 0.041621357 0.0 0.0 0.002200598 0.027628185 0.0 0.0 0.021877138 0.0 0.0 0.0 0.0 0.0 0.0 0.04538204 0.1297136 0.04176152 0.021193586 0.0 0.0 0.0 0.010502758 0.020023363 0.0 0.0 0.0 0.0 0.0 0.0 0.0 0.0 0.0 0.0 0.0 0.0 0.0 0.0 0.0 0.0 0.102537215 0.0
0.027318511 0.0 0.0 0.0 0.0 0.0 0.1456643 0.055140413 0.0 0.0 0.0 0.0 0.0 0.0 0.0 0.00071069406 0.0 0.0 0.0 0.0 0.0 0.0 0.0 0.0 0.0 0.0 0.0 0.036117617 0.0 0.0 0.0 0.0 0.0 0.0 0.12652008 0.0 0.0 0.0 0.0 0.0 0.07517818 0.0 0.05367419 0.0 0.0 0.0 0.111584 0.03060175 0.03846866 0.0 0.0 0.15382455 0.0 0.12718819 0.0 0.019671043
0.14589998 0.00034309537 0.0 0.010904781 0.0 0.024473565 0.0 0.0 0.0 0.0 0.026897803 0.0 0.0 0.0 0.0 0.16932182 0.0 0.0 0.0 0.0 0.015519912 0.0 0.0 0.0 0.016339554 0.0 0.0 0.0 0.0 0.0 0.0 0.0 0.09154017 0.1099884 0.0 0.0 0.0 0.0 0.090926655 0.0 0.0 0.16839296 0.0 0.0 0.0 0.0 0.029640546 0.0 0.0 0.007895336 0.0 0.0 0.0 0.0 0.0 0.0
0.0 0.018061034 0.0 0.0 0.0 0.04951592 0.0 0.025905663 0.0 0.0 0.060266357 0.0 0.0 0.0 0.0 0.009585038 0.0 0.0 0.0 0.0151979895 0.0 0.0 0.040359095 0.0 0.0 0.047839377 0.12519497 0.0 0.0 0.0 0.0 0.10863141 0.0 0.0 0.0 0.0 0.04078864 0.0 0.0 0.0 0.0062980386 0.0 0.0 0.0 0.111584 0.029640546 0.0 0.0 0.0 0.0 0.0 0.0 0.0 0.0 0.071439065 0.0
0.0 0.1714215 0.0 0.012508604 0.0 0.0 0.0 0.0 0.0 0.0 0.0 0.012525092 0.0 0.0 0.0 0.018463628 0.031934097 0.05179225 0.026432332 0.0 0.016582062 0.0 0.049567107 0.0 0.0 0.0 0.0 0.03516011 0.0 0.0 0.010419063 0.0 0.0 0.0 0.0 0.0 0.0 0.0 0.019721169 0.14623164 0.0 0.05353734 0.011484368 0.0 0.030601751 0.0 0.0 0.0 0.0 0.056708723 0.0 0.0 0.0 0.0 0.06352925 0.033129416
0.0 0.0 0.0 0.0 0.0 0.0 0.0 0.0 0.0 0.0 0.0 0.0 0.0 0.0 0.0 0.0 0.03875074 0.0 0.02987736 0.23414381 0.0 0.0 0.0 0.043460038 0.012513971 0.0 0.0 0.0 0.0 0.0 0.005158355 0.0 0.032158613 0.0 0.09961046 0.0 0.0 0.0 0.19051942 0.0 0.0 0.0 0.0 0.0 0.03846866 0.0 0.0 0.0 0.0 0.15375903 0.0 0.11801925 0.0 0.0 0.003725733 0.0
0.050390564 0.0 0.0 0.0 0.0 0.012394172 0.0 0.0 0.0 0.05587707 0.0 0.0 0.0 0.0 0.0 0.0 0.008315548 0.0 0.0 0.0 0.0 0.0 0.011054851 0.0 0.0 0.0 0.0 0.0 0.0 0.0 0.0 0.0 0.1470641 0.0 0.0 0.0 0.008794035 0.0 0.12969676 0.0 0.0 0.0 0.0 0.0 0.0 0.0078953365 0.0 0.056708723 0.15375903 0.19971262 0.0 0.0 0.0 0.06773625 0.04385018 0.0072964644
0.0 0.0 0.003206254 0.0 0.0 0.0 0.0 0.0 0.0 0.0 0.0 0.0 0.095669985 0.0017461466 0.0 0.0 0.0 0.0 0.0 0.0 0.0 0.0 0.042343885 0.0475679 0.0 0.1856633 0.0 0.051846113 0.0 0.0 0.0 0.0 0.0 0.025807656 0.0 0.0 0.0 0.0 0.0 0.14763734 0.0 0.0 0.033009958 0.0 0.0 0.0 0.0 0.0 0.0 0.0 0.0467503 0.0432779 0.0 0.0037114301 0.0 0.23125072
0.07789756 0.0 0.0 0.0 0.0 0.0 0.0 0.0 0.0 0.033006303 0.0 0.084419146 0.0 0.0 0.058692858 0.034682892 0.0 0.026183082 0.0 0.01936669 0.0 0.14756824 0.0 0.0 0.0 0.0 0.0 0.22773512 0.0 0.0 0.0 0.0 0.007196046 0.0 0.0049324227 0.0 0.0 0.0 0.0 0.0 0.0 0.0 0.0 0.0 0.15382457 0.0 0.0 0.0 0.11801926 0.0 0.0432779 0.0 0.10972875 0.0 0.0 0.0
0.0 0.0 0.0 0.0 0.0 0.076286435 0.08904713 0.0 0.0 0.0 0.0 0.0 0.0 0.0 0.0 0.05121997 0.0 0.0 0.0 0.0 0.0 0.0 0.013546659 0.15884572 0.0 0.0 0.0 0.0 0.0 0.0 0.0 0.03625977 0.0 0.0 0.0 0.3356078 0.038676694 0.05088019 0.0 0.0 0.0 0.0 0.0 0.0 0.0 0.0 0.0 0.0 0.0 0.0 0.0 0.10972876 0.0 0.0 0.038220275 0.0
0.0019723955 0.0 0.0 0.0 0.0 0.0 0.0 0.0 0.0 0.0 0.027762225 0.0 0.0 0.0 0.2563777 0.012840569 0.0 0.0 0.016538298 0.0 0.0 0.0 0.0064686895 0.0 0.005471606 0.0 0.0 0.0 0.061836466 0.01418511 0.0 0.0 0.07515657 0.07834939 0.0 0.0 0.060048543 0.0 0.035569463 0.0 0.0 0.0 0.0 0.0 0.12718819 0.0 0.0 0.0 0.0 0.067736246 0.0037114304 0.0 0.0 0.0 0.030406997 0.15937787
0.0 0.104485795 0.0 0.0077735605 0.03074727 0.0 0.0 0.035027154 0.0 0.0 0.0 0.062501095 0.0 0.0 0.0 0.0 0.096328415 0.013956678 0.0900434 0.0 0.0 0.0 0.0 0.036559254 0.16393909 0.043901373 0.0 0.0 0.0 0.10156191 0.0 0.0 0.0 0.04057589 0.0 0.0 0.0 0.0 0.0022470376 0.0 0.012003647 0.0 0.0 0.102537215 0.0 0.0 0.071439065 0.06352925 0.003725733 0.043850183 0.0 0.0 0.038220275 0.030406998 0.0 0.0
0.026188387 0.0 0.0 0.0 0.014304849 0.0 0.0 0.0 0.0 0.06045794 0.15360594 0.0 0.0 0.0 0.0 0.0 0.0 0.042531446 0.0 0.0 0.0 0.0 0.0 0.0 0.0 0.0 0.0 0.0 0.0 0.0 0.0 0.008823753 0.0 0.0 0.013258203 0.0 0.059607226 0.0 0.04138149 0.0 0.0 0.0 0.022060778 0.0 0.019671043 0.0 0.0 0.033129416 0.0 0.0072964644 0.23125073 0.0 0.0 0.15937787 0.0 0.11744651
