0.0 0.0131424405 0.0 0.0 0.0 0.0062336153 0.058875073 0.0 0.0 0.0 0.0 0.0 0.0 0.0 0.011657327 0.0 0.0 0.0 0.0 0.41600937 0.0 0.24798502 0.0 0.0 0.0 0.0 0.0 0.0 0.030904721 0.0 0.02988381 0.0 0.0 0.0 0.06685204 0.0 0.0 0.0 0.0 0.0 0.0 0.0 0.0 0.0 0.056030758 0.0 0.0 0.16997145 0.0 0.0 0.01186066 0.0 0.0 0.012281652 0.025574287 0.0
0.01314244 0.0 0.0 0.0 0.08001592 0.0 0.0 0.0 0.0 0.0 0.0 0.092966646 0.008309427 0.11931127 0.006335793 0.0 0.059393357 0.008804013 0.0 0.0 0.0 0.0 0.0 0.008286879 0.019457074 0.021738531 0.0 0.0 0.0 0.034795843 0.0 0.016118951 0.0 0.0 0.0 0.116377376 0.0 0.0 0.018203018 0.0 0.05147624 0.0 0.06372926 0.047013327 0.025073085 0.024550078 0.025403973 0.0 0.0 0.0 0.0 0.09272557 0.0 0.0 0.0 0.0
0.0 0.0 0.0 0.0 0.0 0.16032766 0.0 0.0 0.0 0.025480978 0.033279695 0.0 0.029753141 0.0 0.0 0.0 0.0 0.0 0.0 0.0 0.03920983 0.0 0.02268463 0.0 0.026059555 0.0 0.038687084 0.0 0.0 0.02708713 0.0 0.0 0.21848851 0.0 0.0 0.0 0.020612456 0.03326817 0.07353468 0.0 0.0 0.0 0.0 0.0 0.005596363 0.0 0.0 0.0 0.16432229 0.0152715705 0.0 0.0 0.008280322 0.0 0.0 0.0
0.0 0.0 0.0 0.14353693 0.1446277 0.0 0.0 0.0 0.0 0.0 0.028778978 0.0 0.0 0.0 0.0 0.0 0.0874997 0.22520216 0.0 0.0 0.0 0.0 0.0 0.0 0.0 0.0 0.12871549 0.0 0.0 0.0 0.23738073 0.0 0.0 0.0 0.0 0.0 0.0 0.0 0.0 0.0 0.0 0.026055327 0.0 0.0 0.0 0.14055395 0.0 0.0 0.0 0.0 0.0 0.0 0.0 0.0 0.0 0.0
0.0 0.08001591 0.0 0.14462772 0.0 0.05505383 0.0 0.0 0.099785276 0.0 0.0 0.023207571 0.034588125 0.0 0.0 0.0 0.0 0.024060627 0.0 0.0 0.0 0.0 0.03836696 0.0 0.23057711 0.0 0.0 0.0 0.0 0.0 0.0 0.029927427 0.0 0.0 0.0 0.0 0.0 0.0 0.0 0.0 0.0 0.095729165 0.0068147555 0.0 0.0 0.0 0.0 0.0 0.043299023 0.0 0.0 0.0 0.0 0.067967534 0.0 0.0
0.0062336153 0.0 0.16032764 0.0 0.05505383 0.0 0.0 0.0 0.05053163 0.022602716 0.075221814 0.03985674 0.0 0.0 0.02752525 0.0 0.07708512 0.018760394 0.057055596 0.0 0.006884148 0.024736103 0.0031629547 0.0 0.10525152 0.0 0.0 0.0 0.0 0.004624843 0.0 0.07369925 0.0 0.0 0.0 0.034959454 0.0 0.022506373 0.0 0.0 0.0 0.0 0.0 0.0 0.0 0.056398038 0.031116793 0.0 0.0 0.0 0.0 0.0 0.10831177 0.0 0.0 0.0
0.058875073 0.0 0.0 0.0 0.0 0.0 0.0 0.096485965 0.0 0.0898776 0.0 0.0 0.0 0.0 0.057284676 0.0 0.0 0.0 0.0 0.0 0.0 0.0 0.010687006 0.12012502 0.0 0.0 0.0 0.0 0.0 0.0 0.0 0.0 0.022026012 0.0 0.0 0.0 0.016775394 0.30533856 0.0 0.0 0.0 0.0 0.0 0.0 0.027951818 0.0 0.0 0.0 0.0 0.0 0.0 0.026496332 0.0 0.0 0.0 0.0
0.0 0.0 0.0 0.0 0.0 0.0 0.096485965 0.1331585 0.0 0.0 0.044279963 0.0 0.0 0.0 0.04314842 0.031363036 0.0 0.0 0.08817912 0.0 0.02773702 0.025891276 0.0 0.06415914 0.0 0.0 0.0 0.0 0.0 0.026802769 0.0 0.0 0.0 0.0 0.13734935 0.0 0.17396612 0.024454182 0.11147075 0.0 0.0 0.0 0.0 0.0 0.042808793 0.0 0.0 0.0 0.005264657 0.11874833 0.0 0.0065087294 0.0075855036 0.0 0.0 0.0
0.0 0.0 0.0 0.0 0.099785276 0.050531633 0.0 0.0 0.062389318 0.0 0.0 0.0 0.0 0.0 0.0 0.0 0.0 0.0 0.0 0.0 0.0 0.0 0.0 0.0 0.0 0.0 0.0 0.0 0.07800161 0.0 0.0 0.0 0.0 0.034725282 0.0 0.021837557 0.0 0.035191152 0.026609326 0.017933993 0.0 0.13233742 0.0 0.20533384 0.0 0.0036925026 0.017622886 0.0 0.123031184 0.0 0.0 0.0 0.0 0.11509686 0.015156324 0.0
0.0 0.0 0.025480978 0.0 0.0 0.022602718 0.08987759 0.0 0.0 0.0 0.0 0.07304115 0.0 0.0 0.14369854 0.017996106 0.0 0.0 0.0 0.022918427 0.09598101 0.0979442 0.0 0.0 0.019737396 0.0 0.0 0.0 0.0 0.19438224 0.0024598867 0.0 0.0 0.0 0.018308962 0.0 0.0 0.0 0.0 0.0 0.004251476 0.0 0.10299647 0.0 0.0 0.0 0.0 0.12428204 0.0043169907 0.13468195 0.0 0.0 0.08116445 0.0 0.0 0.0
0.0 0.0 0.033279695 0.02877898 0.0 0.075221814 0.0 0.044279963 0.0 0.0 0.0 0.0 0.0 0.0 0.0 0.019527733 0.0 0.0037557548 0.0 0.08085227 0.0 0.0 0.04902226 0.010338051 0.0 0.08918603 0.030460536 0.0 0.0 0.0 0.08493168 0.1932407 0.0 0.0 0.0 0.0 0.0 0.0 0.0 0.0 0.0 0.0 0.0 0.0 0.0 0.05981442 0.0 0.0 0.0 0.0 0.13879691 0.0 0.0 0.0 0.0 0.0
0.0 0.092966646 0.0 0.0 0.023207571 0.039856736 0.0 0.0 0.0 0.07304114 0.0 0.21616776 0.0 0.0 0.0 0.0 0.0 0.0 0.05098665 0.0 0.0 0.012645248 0.0 0.0 0.16126199 0.0 0.0 0.0 0.0 0.0 0.0 0.019322108 0.0 0.0 0.0 0.0 0.0 0.0 0.0 0.0 0.0 0.0 0.0 0.02475997 0.08651749 0.0 0.062865466 0.0 0.0 0.0 0.0 0.0 0.06603144 0.0 0.0 0.0
0.0 0.008309426 0.02975314 0.0 0.034588125 0.0 0.0 0.0 0.0 0.0 0.0 0.0 0.0 0.0 0.0 0.0 0.0 0.0 0.0 0.0 0.0 0.0 0.0 0.0 0.0 0.0 0.0063343216 0.0 0.040068388 0.0 0.0 0.0 0.07781302 0.21129295 0.0 0.0 0.0 0.0 0.112038285 0.024653122 0.0 0.111974046 0.0 0.0 0.0 0.0 0.0 0.0 0.0 0.0 0.0 0.16157472 0.0 0.0 0.0 0.11895985
0.0 0.11931128 0.0 0.0 0.0 0.0 0.0 0.0 0.0 0.0 0.0 0.0 0.0 0.24519965 0.0 0.0 0.001708869 0.0 0.0 0.0 0.27065685 0.0 0.0 0.0 0.0 0.0 0.0 0.0 0.0 0.0 0.0 0.0 0.0 0.0 0.0 0.0 0.0 0.0 0.03616147 0.0 0.0767815 0.0 0.008815219 0.07371368 0.0 0.0 0.0040954817 0.0 0.0 0.0 0.0 0.080850795 0.0 0.123658165 0.0 0.0
0.011657327 0.006335793 0.0 0.0 0.0 0.02752525 0.05728468 0.04314842 0.0 0.14369854 0.0 0.0 0.0 0.0 0.0 0.0 0.0 0.0 0.0 0.009234182 0.0 0.04456548 0.0 0.10862965 0.0 0.0 0.0 0.0 0.080247 0.0 0.0 0.0 0.0 0.0 0.037658412 0.0 0.010240409 0.0 0.0 0.0 0.14579326 0.0 0.06078231 0.0 0.0 0.0 0.003220254 0.036900047 0.0 0.0 0.0 0.05559226 0.0 0.0 0.013048362 0.0
0.0 0.0 0.0 0.0 0.0 0.0 0.0 0.031363036 0.0 0.017996108 0.019527733 0.0 0.0 0.0 0.0 0.0 0.0 0.0 0.0 0.037417565 0.0 0.0 0.098016225 0.0 0.0 0.0 0.047652707 0.0057904213 0.0 0.0 0.009657278 0.0 0.0 0.0 0.17039171 0.0 0.0 0.0 0.0 0.0 0.0 0.0 0.0 0.0 0.0 0.06401064 0.0 0.029369665 0.0 0.0 0.21128269 0.13361616 0.0 0.0 0.04203278 0.0
0.0 0.05939336 0.0 0.08749971 0.0 0.07708513 0.0 0.0 0.0 0.0 0.0 0.0 0.0 0.0017088689 0.0 0.0 0.0 0.0 0.010604888 0.0 0.10966476 0.0 0.031871744 0.0 0.019061724 0.0 0.0 0.0 0.0 0.0 0.0 0.0 0.14164135 0.0 0.0 0.0 0.0 0.08474145 0.12921758 0.0 0.0 0.0 0.13521841 0.0 0.050872244 0.0 0.0 0.0 0.08843922 0.0 0.0 0.0 0.009871762 0.0 0.0 0.0
0.0 0.008804014 0.0 0.22520216 0.024060626 0.018760394 0.0 0.0 0.0 0.0 0.0037557548 0.0 0.0 0.0 0.0 0.0 0.0 0.2892377 0.0 0.01317778 0.0 0.0 0.009582285 0.0 0.035583038 0.0 0.068729825 0.0 0.0 0.0 0.043034963 0.10929693 0.0 0.0 0.0 0.0 0.0 0.013399505 0.0 0.0 0.0 0.0 0.0 0.0 0.0 0.0 0.0 0.0 0.0 0.0 0.0 0.0 0.0 0.0 0.0 0.0
0.0 0.0 0.0 0.0 0.0 0.057055593 0.0 0.08817912 0.0 0.0 0.0 0.05098665 0.0 0.0 0.0 0.0 0.010604888 0.0 0.0 0.0 0.0 0.035523027 0.0 0.008724228 0.0 0.0 0.0 0.0 0.0 0.08939369 0.0 0.0 0.043421783 0.02996696 0.17854355 0.0 0.07670803 0.0 0.0 0.0 0.0 0.051773217 0.0 0.0 0.015896866 0.0 0.0 0.0 0.0 0.0 0.0 0.0 0.0 0.0 0.0 0.021085741
0.4160094 0.0 0.0 0.0 0.0 0.0 0.0 0.0 0.0 0.02291843 0.08085228 0.0 0.0 0.0 0.009234182 0.037417557 0.0 0.0131777795 0.0 0.0 0.0 0.0 0.0 0.0 0.0 0.034431268 0.023033671 0.020587517 0.0 0.0 0.0 0.0 0.0 0.0 0.0 0.0 0.029299397 0.0 0.0 0.0 0.0 0.0 0.0 0.0 0.117977515 0.0 0.024272975 0.0 0.0 0.0 0.0 0.0 0.0 0.0 0.0 0.0
0.0 0.0 0.03920983 0.0 0.0 0.006884148 0.0 0.027737021 0.0 0.09598101 0.0 0.0 0.0 0.27065688 0.0 0.0 0.10966476 0.0 0.0 0.0 0.0 0.0 0.0042934967 0.0 0.0 0.0 0.0 0.0 0.0 0.01568757 0.0 0.0 0.022402747 0.0 0.0 0.0 0.0 0.0 0.0 0.0 0.0 0.0 0.003727451 0.044248626 0.0 0.0 0.0 0.0 0.0 0.0 0.0 0.008218279 0.12786657 0.0 0.0 0.0
0.24798504 0.0 0.0 0.0 0.0 0.024736103 0.0 0.025891276 0.0 0.09794421 0.0 0.012645248 0.0 0.0 0.044565484 0.0 0.0 0.0 0.035523027 0.0 0.0 0.06627571 0.009530099 0.0 0.0 0.0 0.0 0.0 0.0 0.0 0.0 0.0 0.0 0.0 0.0 0.0 0.0 0.0 0.0 0.0 0.0 0.0 0.0 0.0 0.088102505 0.0 0.07268643 0.0 0.0 0.1376778 0.0 0.0 0.0 0.0 0.0 0.0
0.0 0.0 0.02268463 0.0 0.03836696 0.0031629547 0.010687006 0.0 0.0 0.0 0.049022257 0.0 0.0 0.0 0.0 0.098016225 0.031871744 0.009582286 0.0 0.0 0.0042934967 0.0095301 0.047427736 0.0 0.0 0.043507937 0.0 0.2052733 0.0 0.0 0.0 0.0 0.0 0.0 0.0 0.08416768 0.0 0.0 0.0 0.0 0.16637549 0.0 0.0066254134 0.0 0.0 0.08781799 0.0 0.0 0.0 0.0 0.024694435 0.0 0.0 0.0 0.11048565 0.02588692
0.0 0.0082868785 0.0 0.0 0.0 0.0 0.12012502 0.06415914 0.0 0.0 0.010338051 0.0 0.0 0.0 0.108629644 0.0 0.0 0.0 0.008724228 0.0 0.0 0.0 0.0 0.0 0.0 0.0 0.0 0.10354707 0.0 0.0 0.0 0.0 0.0 0.048611324 0.13051896 0.0 0.044611257 0.0 0.0 0.0 0.0 0.0 0.0 0.0 0.0 0.0 0.023291346 0.0 0.0025437018 0.00024793815 0.0 0.121184066 0.0 0.0 0.12052383 0.041281674
0.0 0.019457074 0.026059555 0.0 0.2305771 0.10525151 0.0 0.0 0.0 0.019737396 0.0 0.16126199 0.0 0.0 0.0 0.0 0.019061722 0.03558304 0.0 0.0 0.0 0.0 0.0 0.0 0.18366438 0.0 0.0 0.0 0.0 0.0 0.013122851 0.025204727 0.037096657 0.006300781 0.0 0.0 0.0 0.0 0.0 0.0 0.0 0.0 0.0 0.14993082 0.016992584 0.0 0.0 0.0 0.06806395 0.0 0.0 0.0 0.0 0.0 0.0 0.0
0.0 0.021738531 0.0 0.0 0.0 0.0 0.0 0.0 0.0 0.0 0.08918603 0.0 0.0 0.0 0.0 0.0 0.0 0.0 0.0 0.03443127 0.0 0.0 0.043507937 0.0 0.0 0.0 0.0 0.024321629 0.08348115 0.0 0.0 0.0 0.046832584 0.013977939 0.0 0.0 0.09364615 0.0 0.0 0.0 0.0 0.0 0.0 0.0 0.0 0.0 0.0 0.110645406 0.0 0.012422047 0.054270357 0.0 0.0 0.0 0.19902591 0.0
0.0 0.0 0.038687084 0.12871549 0.0 0.0 0.0 0.0 0.0 0.0 0.030460536 0.0 0.0063343216 0.0 0.0 0.047652707 0.0 0.068729825 0.0 0.02303367 0.0 0.0 0.0 0.0 0.0 0.0 0.0 0.10479566 0.0 0.0 0.0 0.12913176 0.0 0.0 0.0 0.0 0.0 0.0 0.0 0.22114587 0.0 0.0 0.0 0.0 0.0 0.033817593 0.0 0.0 0.0 0.0 0.10598964 0.0 0.0 0.0 0.0 0.0
0.0 0.0 0.0 0.0 0.0 0.0 0.0 0.0 0.0 0.0 0.0 0.0 0.0 0.0 0.0 0.0057904213 0.0 0.0 0.0 0.020587517 0.0 0.0 0.20527332 0.10354707 0.0 0.02432163 0.10479566 0.0 0.0 0.0 0.0 0.0 0.0 0.0 0.0 0.0 0.0 0.0 0.0 0.0688525 0.011567837 0.0 0.0 0.0 0.0 0.0 0.0 0.013315313 0.0 0.0 0.2710806 0.061146054 0.0 0.0 0.09450409 0.0
0.030904721 0.0 0.0 0.0 0.0 0.0 0.0 0.0 0.07800162 0.0 0.0 0.0 0.040068384 0.0 0.080247 0.0 0.0 0.0 0.0 0.0 0.0 0.0 0.0 0.0 0.0 0.083481155 0.0 0.0 0.0 0.0 0.007961924 0.0 0.0 0.0 0.0 0.0 0.0 0.2487218 0.24157889 0.0 0.0 0.0 0.0 0.0 0.0 0.0 0.0 0.0 0.0 0.0 0.0 0.0076459595 0.0 0.034266826 0.0 0.0
0.0 0.034795843 0.02708713 0.0 0.0 0.004624843 0.0 0.026802769 0.0 0.19438224 0.0 0.0 0.0 0.0 0.0 0.0 0.0 0.0 0.08939369 0.0 0.015687568 0.0 0.0 0.0 0.0 0.0 0.0 0.0 0.0 0.0 0.0 0.0 0.0 0.0 0.0 0.0 0.11888556 0.0 0.0 0.0 0.0 0.0 0.0 0.04669471 0.18244322 0.0 0.0 0.0 0.0 0.0 0.0 0.0 0.0 0.0 0.0 0.22644797
0.02988381 0.0 0.0 0.23738071 0.0 0.0 0.0 0.0 0.0 0.0024598867 0.08493168 0.0 0.0 0.0 0.0 0.009657278 0.0 0.043034963 0.0 0.0 0.0 0.0 0.0 0.0 0.01312285 0.0 0.0 0.0 0.007961924 0.0 0.0 0.07167737 0.015566108 0.10831304 0.0 0.05699206 0.0 0.0 0.0 0.0 0.0 0.05434381 0.0 0.0 0.0 0.14524351 0.0 0.0 0.0 0.0 0.0 0.0 0.0 0.010226988 0.0 0.0
0.0 0.016118951 0.0 0.0 0.029927425 0.07369924 0.0 0.0 0.0 0.0 0.1932407 0.019322107 0.0 0.0 0.0 0.0 0.0 0.10929693 0.0 0.0 0.0 0.0 0.0 0.0 0.025204727 0.0 0.12913176 0.0 0.0 0.0 0.07167737 0.11532248 0.06122546 0.1144747 0.0 0.0 0.0 0.07040517 0.0 0.0 0.0 0.0 0.0 0.0 0.0 0.059202068 0.0 0.0 0.06400602 0.0 0.0 0.0 0.0 0.0 0.0 0.0
0.0 0.0 0.21848851 0.0 0.0 0.0 0.022026012 0.0 0.0 0.0 0.0 0.0 0.07781302 0.0 0.0 0.0 0.14164136 0.0 0.04342178 0.0 0.022402748 0.0 0.0 0.0 0.037096657 0.046832584 0.0 0.0 0.0 0.0 0.015566108 0.061225455 0.0 0.0 0.0 0.17119794 0.0 0.0 0.0 0.0 0.0 0.0 0.092623144 0.0 0.0 0.09924571 0.0054708687 0.0 0.0 0.0 0.0 0.0 0.104885146 0.0 0.0 0.019096738
0.0 0.0 0.0 0.0 0.0 0.0 0.0 0.0 0.03472528 0.0 0.0 0.0 0.21129295 0.0 0.0 0.0 0.0 0.0 0.02996696 0.0 0.0 0.0 0.0 0.048611324 0.006300781 0.013977939 0.0 0.0 0.0 0.0 0.10831304 0.11447471 0.0 0.0 0.0 0.0843054 0.0 0.0 0.0 0.07058488 0.0 0.0 0.094740145 0.0 0.0 0.0 0.016034164 0.0 0.042600464 0.0 0.0 0.06165661 0.0 0.0 0.0 0.0
0.06685204 0.0 0.0 0.0 0.0 0.0 0.0 0.13734935 0.0 0.018308964 0.0 0.0 0.0 0.0 0.037658412 0.17039171 0.0 0.0 0.17854354 0.0 0.0 0.0 0.0 0.13051896 0.0 0.0 0.0 0.0 0.0 0.0 0.0 0.0 0.0 0.0 0.0 0.0 0.0 0.0 0.0 0.0 0.039590135 0.0 0.052822433 0.0 0.0 0.0 0.0 0.074511185 0.0 0.021772828 0.0 0.0 0.0 0.009704875 0.021711323 0.0
0.0 0.116377376 0.0 0.0 0.0 0.034959454 0.0 0.0 0.021837559 0.0 0.0 0.0 0.0 0.0 0.0 0.0 0.0 0.0 0.0 0.0 0.0 0.0 0.084167674 0.0 0.0 0.0 0.0 0.0 0.0 0.0 0.056992065 0.0 0.17119794 0.0843054 0.0 0.0 0.0 0.0900349 0.07290737 0.0 0.0 0.0 0.0 0.0 0.0 0.0 0.0 0.0 0.050443247 0.0 0.0 0.0 0.0 0.051717162 0.044759274 0.0
0.0 0.0 0.020612458 0.0 0.0 0.0 0.016775394 0.17396614 0.0 0.0 0.0 0.0 0.0 0.0 0.010240409 0.0 0.0 0.0 0.07670803 0.029299397 0.0 0.0 0.0 0.044611257 0.0 0.09364615 0.0 0.0 0.0 0.11888556 0.0 0.0 0.0 0.0 0.0 0.0 0.0 0.0 0.0 0.0 0.027996957 0.0 0.0 0.0 0.0 0.0 0.018981272 0.0 0.0 0.30036956 0.0 0.0 0.0037165415 0.0 0.0 0.0
0.0 0.0 0.03326817 0.0 0.0 0.022506373 0.30533856 0.024454182 0.035191152 0.0 0.0 0.0 0.0 0.0 0.0 0.0 0.08474145 0.013399505 0.0 0.0 0.0 0.0 0.0 0.0 0.0 0.0 0.0 0.0 0.24872178 0.0 0.0 0.07040517 0.0 0.0 0.0 0.090034895 0.0 0.0 0.0 0.0 0.0 0.1305923 0.0 0.0 0.0 0.03736643 0.0 0.024250843 0.0 0.0 0.0 0.0 0.0 0.0 0.0 0.013650115
0.0 0.01820302 0.07353468 0.0 0.0 0.0 0.0 0.111470744 0.026609328 0.0 0.0 0.0 0.112038285 0.03616147 0.0 0.0 0.1292176 0.0 0.0 0.0 0.0 0.0 0.0 0.0 0.0 0.0 0.0 0.0 0.24157888 0.0 0.0 0.0 0.0 0.0 0.0 0.072907366 0.0 0.0 0.0 0.0 0.0 0.0025408536 0.036583316 0.01887711 0.011799217 0.0 0.0 0.0 0.0 0.0 0.0 0.0 0.13560914 0.0 0.0 0.0
0.0 0.0 0.0 0.0 0.0 0.0 0.0 0.0 0.017933993 0.0 0.0 0.0 0.024653124 0.0 0.0 0.0 0.0 0.0 0.0 0.0 0.0 0.0 0.0 0.0 0.0 0.0 0.22114587 0.06885249 0.0 0.0 0.0 0.0 0.0 0.07058488 0.0 0.0 0.0 0.0 0.0 0.33134317 0.024962198 0.08339668 0.0 0.01637279 0.0 0.0 0.0 0.0 0.0 0.0 0.0 0.030984193 0.0 0.0 0.041443463 0.0
0.0 0.05147624 0.0 0.0 0.0 0.0 0.0 0.0 0.0 0.0042514754 0.0 0.0 0.0 0.07678149 0.14579327 0.0 0.0 0.0 0.0 0.0 0.0 0.0 0.16637547 0.0 0.0 0.0 0.0 0.011567837 0.0 0.0 0.0 0.0 0.0 0.0 0.03959013 0.0 0.027996955 0.0 0.0 0.0249622 0.0 0.0 0.0 0.0 0.0 0.0 0.0 0.04087524 0.0 0.0 0.20919359 0.16670123 0.0 0.0 0.0 0.0
0.0 0.0 0.0 0.026055325 0.09572917 0.0 0.0 0.0 0.13233742 0.0 0.0 0.0 0.111974046 0.0 0.0 0.0 0.0 0.0 0.051773217 0.0 0.0 0.0 0.0 0.0 0.0 0.0 0.0 0.0 0.0 0.0 0.05434381 0.0 0.0 0.0 0.0 0.0 0.0 0.1305923 0.0025408533 0.08339668 0.0 0.0 0.09846606 0.025464596 0.0 0.0 0.20955086 0.0 0.0 0.0 0.0 0.0 0.0 0.0 0.0 0.0
0.0 0.06372926 0.0 0.0 0.006814755 0.0 0.0 0.0 0.0 0.10299646 0.0 0.0 0.0 0.008815219 0.06078231 0.0 0.13521841 0.0 0.0 0.0 0.003727451 0.0 0.0066254134 0.0 0.0 0.0 0.0 0.0 0.0 0.0 0.0 0.0 0.092623144 0.09474014 0.052822433 0.0 0.0 0.0 0.036583316 0.0 0.0 0.09846606 0.0 0.0 0.0 0.0 0.0 0.0 0.0 0.0 0.040403448 0.0 0.0 0.0 0.0 0.0
0.0 0.047013327 0.0 0.0 0.0 0.0 0.0 0.0 0.20533383 0.0 0.0 0.02475997 0.0 0.07371369 0.0 0.0 0.0 0.0 0.0 0.0 0.044248626 0.0 0.0 0.0 0.14993083 0.0 0.0 0.0 0.0 0.04669471 0.0 0.0 0.0 0.0 0.0 0.0 0.0 0.0 0.018877111 0.01637279 0.0 0.025464596 0.0 0.0 0.0 0.0 0.02090693 0.0 0.009349186 0.0 0.0 0.0 0.086125836 0.044805225 0.0 0.18760177
0.056030758 0.025073083 0.005596363 0.0 0.0 0.0 0.027951818 0.042808797 0.0 0.0 0.0 0.08651748 0.0 0.0 0.0 0.0 0.050872244 0.0 0.015896866 0.117977515 0.0 0.088102505 0.0 0.0 0.016992584 0.0 0.0 0.0 0.0 0.18244322 0.0 0.0 0.0 0.0 0.0 0.0 0.0 0.0 0.011799217 0.0 0.0 0.0 0.0 0.0 0.11124239 0.0 0.05110562 0.17034376 0.0 0.10183029 0.0 0.0 0.09013724 0.0 0.0 0.0
0.0 0.02455008 0.0 0.14055395 0.0 0.056398038 0.0 0.0 0.0036925026 0.0 0.05981442 0.0 0.0 0.0 0.0 0.06401064 0.0 0.0 0.0 0.0 0.0 0.0 0.08781799 0.0 0.0 0.0 0.033817593 0.0 0.0 0.0 0.14524353 0.05920207 0.09924571 0.0 0.0 0.0 0.0 0.037366427 0.0 0.0 0.0 0.0 0.0 0.0 0.0 0.02387632 0.0 0.0 0.0761466 0.0 0.0 0.0 0.0 0.0 0.0 0.0
0.0 0.02540397 0.0 0.0 0.0 0.031116791 0.0 0.0 0.017622886 0.0 0.0 0.062865466 0.0 0.0040954812 0.003220254 0.0 0.0 0.0 0.0 0.024272975 0.0 0.07268643 0.0 0.023291344 0.0 0.0 0.0 0.0 0.0 0.0 0.0 0.0 0.0054708687 0.016034164 0.0 0.0 0.018981272 0.0 0.0 0.0 0.0 0.20955084 0.0 0.02090693 0.051105622 0.0 0.0 0.0 0.043969985 0.0 0.0 0.0 0.0 0.16228369 0.04426457 0.0
0.16997145 0.0 0.0 0.0 0.0 0.0 0.0 0.0 0.0 0.12428204 0.0 0.0 0.0 0.0 0.036900047 0.029369665 0.0 0.0 0.0 0.0 0.0 0.0 0.0 0.0 0.0 0.110645406 0.0 0.0133153135 0.0 0.0 0.0 0.0 0.0 0.0 0.074511185 0.0 0.0 0.02425084 0.0 0.0 0.04087524 0.0 0.0 0.0 0.17034376 0.0 0.0 0.0 0.0 0.0 0.0 0.0 0.0 0.0 0.0 0.0018504146
0.0 0.0 0.16432229 0.0 0.043299023 0.0 0.0 0.005264657 0.123031184 0.0043169907 0.0 0.0 0.0 0.0 0.0 0.0 0.08843922 0.0 0.0 0.0 0.0 0.0 0.0 0.0025437018 0.06806396 0.0 0.0 0.0 0.0 0.0 0.0 0.064006016 0.0 0.042600464 0.0 0.050443247 0.0 0.0 0.0 0.0 0.0 0.0 0.0 0.009349186 0.0 0.0761466 0.043969985 0.0 0.040437017 0.0 0.0 0.0 0.09318874 0.0 0.0 0.0
0.0 0.0 0.01527157 0.0 0.0 0.0 0.0 0.11874833 0.0 0.13468194 0.0 0.0 0.0 0.0 0.0 0.0 0.0 0.0 0.0 0.0 0.0 0.1376778 0.0 0.00024793815 0.0 0.012422046 0.0 0.0 0.0 0.0 0.0 0.0 0.0 0.0 0.021772828 0.0 0.3003696 0.0 0.0 0.0 0.0 0.0 0.0 0.0 0.10183029 0.0 0.0 0.0 0.0 0.09030523 0.0 0.0 0.041108828 0.0 0.0 0.0
0.01186066 0.0 0.0 0.0 0.0 0.0 0.0 0.0 0.0 0.0 0.13879691 0.0 0.0 0.0 0.0 0.2112827 0.0 0.0 0.0 0.0 0.0 0.0 0.024694435 0.0 0.0 0.054270357 0.10598965 0.27108064 0.0 0.0 0.0 0.0 0.0 0.0 0.0 0.0 0.0 0.0 0.0 0.0 0.20919359 0.0 0.040403444 0.0 0.0 0.0 0.0 0.0 0.0 0.0 0.007077093 0.0 0.0 0.0 0.13087352 0.0
0.0 0.09272557 0.0 0.0 0.0 0.0 0.026496332 0.00650873 0.0 0.0 0.0 0.0 0.16157472 0.0808508 0.05559226 0.13361618 0.0 0.0 0.0 0.0 0.008218279 0.0 0.0 0.121184066 0.0 0.0 0.0 0.061146054 0.007645959 0.0 0.0 0.0 0.0 0.06165661 0.0 0.0 0.0 0.0 0.0 0.030984195 0.16670123 0.0 0.0 0.0 0.0 0.0 0.0 0.0 0.0 0.0 0.0 0.0 0.0 0.11225124 0.0129327485 0.05532436
0.0 0.0 0.008280323 0.0 0.0 0.10831178 0.0 0.0075855036 0.0 0.08116445 0.0 0.06603145 0.0 0.0 0.0 0.0 0.009871763 0.0 0.0 0.0 0.12786657 0.0 0.0 0.0 0.0 0.0 0.0 0.0 0.0 0.0 0.0 0.0 0.10488515 0.0 0.0 0.0 0.0037165415 0.0 0.13560914 0.0 0.0 0.0 0.0 0.086125836 0.09013725 0.0 0.0 0.0 0.09318874 0.041108828 0.0 0.0 0.0 0.13456583 0.0 0.13775599
0.012281651 0.0 0.0 0.0 0.067967534 0.0 0.0 0.0 0.11509686 0.0 0.0 0.0 0.0 0.12365816 0.0 0.0 0.0 0.0 0.0 0.0 0.0 0.0 0.0 0.0 0.0 0.0 0.0 0.0 0.034266826 0.0 0.010226988 0.0 0.0 0.0 0.009704875 0.051717162 0.0 0.0 0.0 0.0 0.0 0.0 0.0 0.044805225 0.0 0.0 0.1622837 0.0 0.0 0.0 0.0 0.11225124 0.13456585 0.0 0.0 0.0
0.025574287 0.0 0.0 0.0 0.0 0.0 0.0 0.0 0.015156323 0.0 0.0 0.0 0.0 0.0 0.013048363 0.04203278 0.0 0.0 0.0 0.0 0.0 0.0 0.11048566 0.12052383 0.0 0.19902593 0.0 0.09450409 0.0 0.0 0.0 0.0 0.0 0.0 0.021711323 0.044759274 0.0 0.0 0.0 0.041443463 0.0 0.0 0.0 0.0 0.0 0.0 0.044264574 0.0 0.0 0.0 0.13087352 0.012932748 0.0 0.0 0.22541276 0.0
0.0 0.0 0.0 0.0 0.0 0.0 0.0 0.0 0.0 0.0 0.0 0.0 0.11895985 0.0 0.0 0.0 0.0 0.0 0.021085741 0.0 0.0 0.0 0.02588692 0.041281678 0.0 0.0 0.0 0.0 0.0 0.22644797 0.0 0.0 0.019096738 0.0 0.0 0.0 0.0 0.013650116 0.0 0.0 0.0 0.0 0.0 0.18760177 0.0 0.0 0.0 0.0018504146 0.0 0.0 0.0 0.055324364 0.13775598 0.0 0.0 0.0
