0.0 0.0 0.0 0.0 0.24158946 0.0 0.0 0.0 0.0 0.0 0.0 0.0 0.0 0.0 0.0 0.0 0.0 0.0025778569 0.0 0.060817435 0.0 0.12539713 0.0 0.22375758 0.0 0.0 0.0 0.0 0.0 0.0 0.0 0.020372596 0.0 0.0 0.0 0.024612201 0.0 0.0 0.0 0.0 0.0 0.0 0.0 0.0 0.0 0.19588569 0.106205046 0.0 0.0 0.0 0.0 0.00041630652 0.0 0.029243937 0.0075426097 0.07010363
0.0 0.0 0.0 0.0858422 0.0 0.26049083 0.0 0.0 0.0 0.0 0.0 0.0 0.0 0.0 0.0 0.0 0.0 0.0 0.0 0.0 0.04624808 0.0 0.029472342 0.0 0.0 0.0 0.0 0.0 0.0 0.0 0.0 0.0 0.11601436 0.03126071 0.0 0.0 0.0 0.0 0.028201401 0.22203596 0.0 0.0 0.0 0.0 0.0 0.0 0.02403859 0.0 0.096311145 0.0 0.0 0.0 0.0 0.0 0.0 0.0
0.0 0.0 0.0 0.0 0.0 0.0 0.0 0.0 0.0 0.0 0.05487015 0.1286988 0.0 0.0 0.0 0.13966057 0.0 0.022614835 0.0 0.0 0.016166555 0.0 0.0 0.0 0.0 0.0 0.0 0.0 0.03408323 0.0 0.0 0.07801999 0.0 0.008670617 0.0 0.024714006 0.0 0.0 0.037305843 0.0 0.0 0.0 0.07227103 0.13926086 0.046208825 0.0 0.0 0.0 0.033320177 0.0 0.0 0.0 0.0 0.0 0.0 0.037698153
0.0 0.0858422 0.0 0.13759471 0.0 0.018175934 0.0 0.0 0.03606286 0.0 0.09133337 0.0 0.0 0.0 0.0 0.0 0.0 0.0 0.0 0.0 0.1107901 0.0 0.08369178 0.0 0.125856 0.0 0.0 0.0 0.0 0.0 0.22627486 0.0 0.06777609 0.0 0.0 0.0 0.0 0.1855656 0.0 0.015898285 0.0 0.0 0.0 0.0 0.0 0.0 0.0 0.0 0.0 0.0 0.0044582556 0.0 0.015566073 0.0 0.009826701 0.0
0.24158946 0.0 0.0 0.0 0.0 0.0 0.0 0.060934335 0.0 0.2869687 0.0 0.0 0.0 0.0 0.0 0.0 0.0 0.0067630573 0.0 0.0 0.0 0.0 0.048486248 0.0 0.0 0.0 0.0 0.0 0.013811892 0.0 0.0 0.0 0.0 0.0 0.0 0.0 0.028016277 0.0 0.0 0.0 0.0 0.0 0.0 0.0 0.24863043 0.0 0.0 0.0 0.0 0.0 0.0 0.022308351 0.0 0.0 0.0 0.0
0.0 0.26049083 0.0 0.018175934 0.0 0.0 0.042967178 0.0 0.0 0.0 0.063515685 0.0 0.039193675 0.0 0.0 0.0 0.045647852 0.0 0.0 0.0 0.0 0.0 0.0 0.0 0.13215835 0.0 0.0 0.0 0.020626228 0.024070418 0.0 0.0 0.0 0.0 0.009068145 0.0 0.0 0.0 0.0 0.0 0.121606946 0.011492624 0.08161251 0.0 0.0 0.0 0.023809168 0.0 0.0 0.0 0.0 0.0 0.057514016 0.0 0.0 0.0
0.0 0.0 0.0 0.0 0.0 0.042967178 0.10162505 0.030915339 0.0 0.0 0.0 0.0 0.0 0.0 0.14739846 0.0 0.0 0.12727302 0.0 0.0 0.0 0.0 0.0 0.0 0.0 0.017612195 0.0 0.01815145 0.060458217 0.0 0.0 0.01605466 0.0 0.0 0.0 0.012175371 0.031806495 0.0 0.0 0.0 0.0 0.0880211 0.0 0.0 0.12909 0.0 0.0 0.0 0.0 0.0 0.0 0.02222841 0.025721986 0.0 0.0 0.0
0.0 0.0 0.0 0.0 0.060934335 0.0 0.030915339 0.0 0.0 0.04408824 0.0 0.0 0.0 0.0 0.0 0.05474155 0.0 0.0 0.13117634 0.11675844 0.013936596 0.025591206 0.0 0.02264892 0.0 0.0 0.054753818 0.0 0.0 0.0 0.0 0.013072881 0.0 0.0 0.0 0.0 0.04927123 0.13837038 0.0 0.0 0.0 0.0 0.0 0.031446725 0.0 0.0019558154 0.05775484 0.04959492 0.01151109 0.094609186 0.0 0.0 0.0 0.0 0.0 0.0
0.0 0.0 0.0 0.03606286 0.0 0.0 0.0 0.0 0.0 0.0 0.08304235 0.0 0.0 0.0 0.011453051 0.0 0.0 0.0 0.0 0.0010281464 0.0 0.0 0.10542566 0.0 0.0 0.08997166 0.0 0.0 0.0 0.0 0.1593694 0.0 0.0 0.0037457275 0.0 0.0 0.0 0.0 0.0 0.18241869 0.0 0.0 0.0 0.0 0.0 0.0 0.0 0.0 0.08833935 0.0 0.12720664 0.0 0.0 0.0 0.0 0.0
0.0 0.0 0.0 0.0 0.2869687 0.0 0.0 0.04408824 0.0 0.0 0.0 0.0 0.034343433 0.0589874 0.0 0.09935973 0.0 0.0 0.0 0.0 0.0 0.017340213 0.0 0.023102352 0.0 0.0 0.0 0.0 0.00606742 0.0 0.0 0.07783835 0.0 0.0 0.0 0.0 0.0 0.0 0.0 0.0 0.026662985 0.0 0.03514517 0.0 0.0 0.09550268 0.05629575 0.0 0.0 0.0 0.0 0.0 0.0 0.0 0.0 0.18213919
0.0 0.0 0.05487015 0.09133337 0.0 0.063515685 0.0 0.0 0.08304235 0.0 0.0 0.062657215 0.005299364 0.0 0.0 0.013344509 0.0 0.0 0.0 0.0 0.0 0.0 0.0067154285 0.0 0.0 0.0 0.045839645 0.0 0.0 0.051405568 0.0 0.0 0.027948745 0.0 0.0 0.0 0.0 0.0 0.042226978 0.03523574 0.0 0.0 0.0 0.0 0.0 0.076602705 0.0 0.088279545 0.04423912 0.039282754 0.0 0.0 0.14871259 0.0 0.0 0.0
0.0 0.0 0.12869881 0.0 0.0 0.0 0.0 0.0 0.0 0.0 0.062657215 0.0 0.0 0.0 0.0 0.08349551 0.0 0.12788476 0.0 0.0 0.0 0.0 0.0 0.021820026 0.0 0.0 0.093010835 0.032934662 0.0 0.0 0.013965974 0.076645486 0.0 0.0 0.0 0.0 0.0 0.030407751 0.0 0.0 0.081461474 0.0 0.0 0.0 0.012091127 0.0 0.0 0.0 0.0 0.0 0.0 0.0 0.0 0.0 0.0 0.0
0.0 0.0 0.0 0.0 0.0 0.039193675 0.0 0.0 0.0 0.034343433 0.005299364 0.0 0.0 0.0 0.0 0.0 0.0 0.0 0.008892406 0.0 0.0 0.0 0.07007879 0.0 0.0 0.056313265 0.0 0.0 0.0 0.009511533 0.0 0.008774689 0.1856095 0.094954506 0.029125687 0.0 0.09371496 0.0 0.14108057 0.0 0.0 0.0 0.0 0.0 0.0 0.0 0.013767261 0.0 0.13005193 0.0 0.025113093 0.0 0.0 0.0 0.0 0.0
0.0 0.0 0.0 0.0 0.0 0.0 0.0 0.0 0.0 0.0589874 0.0 0.0 0.0 0.0 0.0 0.0 0.0 0.0 0.0 0.0 0.0 0.0 0.0 0.0 0.0 0.0 0.0 0.0 0.0 0.0 0.0 0.0 0.021927336 0.10330278 0.022710456 0.0 0.21455194 0.0 0.0 0.029497696 0.0 0.056965657 0.0 0.0 0.0 0.0 0.06718707 0.05183172 0.0 0.04183407 0.013001599 0.0 0.0 0.0 0.08582857 0.14220029
0.0 0.0 0.0 0.0 0.0 0.0 0.14739846 0.0 0.011453051 0.0 0.0 0.0 0.0 0.0 0.0 0.0 0.04534326 0.0 0.0 0.0 0.05787742 0.0 0.0 0.0 0.027823089 0.057265043 0.0 0.0 0.17741466 0.0062049706 0.0 0.0 0.0 0.0 0.0 0.0 0.0 0.0 0.0 0.12035756 0.029166587 0.035210393 0.065416075 0.045284986 0.0 0.0 0.01044573 0.0 0.0 0.0 0.0 0.0 0.0068272706 0.14296198 0.0 0.070181966
0.0 0.0 0.13966057 0.0 0.0 0.0 0.0 0.05474155 0.0 0.09935972 0.0133445095 0.083495505 0.0 0.0 0.0 0.0 0.12835065 0.0 0.0 0.0 0.0 0.0 0.031459007 0.0 0.0 0.0 0.0 0.0 0.12813699 0.14539176 0.0 0.0 0.07780507 0.0 0.0 0.0 0.0 0.051217213 0.0 0.0 0.0 0.0 0.0 0.0 0.013783948 0.0 0.0 0.0 0.009138287 0.07706743 0.0 0.0 0.0 0.0 0.0 0.0
0.0 0.0 0.0 0.0 0.0 0.045647852 0.0 0.0 0.0 0.0 0.0 0.0 0.0 0.0 0.04534326 0.12835066 0.0 0.020000972 0.0 0.0 0.20510949 0.0 0.03754464 0.0 0.0 0.03676408 0.0 0.046356715 0.0 0.0 0.043326307 0.0 0.0 0.0 0.0 0.0 0.0 0.0 0.0 0.06654421 0.023960816 0.02936144 0.034161076 0.06914705 0.0 0.0 0.0 0.03138753 0.014125315 0.0 0.0 0.0 0.0 0.0094605135 0.022555413 0.0
0.0025778566 0.0 0.022614837 0.0 0.0067630573 0.0 0.12727304 0.0 0.0 0.0 0.0 0.12788476 0.0 0.0 0.0 0.0 0.020000972 0.4158948 0.0 0.0 0.0 0.0 0.0 0.0 0.13784328 0.0 0.0 0.0 0.0 0.0 0.0 0.0 0.0 0.0 0.0 0.0 0.0 0.0 0.0 0.0 0.0 0.0 0.0 0.0 0.027597463 0.0 0.0 0.06787822 0.0 0.0 0.0 0.0 0.0 0.0015702789 0.0 0.0
0.0 0.0 0.0 0.0 0.0 0.0 0.0 0.13117635 0.0 0.0 0.0 0.0 0.008892407 0.0 0.0 0.0 0.0 0.0 0.0 0.0 0.0 0.028335048 0.10879034 0.04886004 0.0 0.08845228 0.0 0.0 0.0 0.0 0.0 0.016775899 0.0 0.0 0.008774417 0.0 0.0 0.032593224 0.0 0.0 0.1089128 0.007237063 0.042579602 0.012545859 0.0 0.0 0.0 0.0 0.0 0.0 0.017046854 0.20459253 0.0 0.06698334 0.0 0.0
0.060817443 0.0 0.0 0.0 0.0 0.0 0.0 0.11675845 0.0010281464 0.0 0.0 0.0 0.0 0.0 0.0 0.0 0.0 0.0 0.0 0.0 0.0 0.0 0.08118732 0.04084699 0.0 0.0 0.06921752 0.06532055 0.0 0.0 0.025219077 0.0 0.0 0.0 0.027050447 0.0 0.12963544 0.009927538 0.0 0.0 0.05440845 0.0 0.0 0.0 0.0 0.0 0.0 0.0 0.0 0.0 0.0 0.015883448 0.0 0.0 0.21185645 0.0
0.0 0.04624808 0.016166555 0.110790096 0.0 0.0 0.0 0.013936597 0.0 0.0 0.0 0.0 0.0 0.0 0.05787742 0.0 0.2051095 0.0 0.0 0.0 0.0 0.0 0.0 0.01642539 0.014306768 0.0 0.0 0.0 0.0 0.0444037 0.0 0.0 0.060178846 0.0 0.044957172 0.0 0.0 0.0 0.0040482585 0.0 0.018991966 0.018283807 0.005900893 0.029058777 0.0 0.0 0.0 0.0 0.0 0.0 0.0 0.0 0.18049794 0.0 0.0 0.0
0.12539713 0.0 0.0 0.0 0.0 0.0 0.0 0.025591204 0.0 0.017340213 0.0 0.0 0.0 0.0 0.0 0.0 0.0 0.0 0.02833505 0.0 0.0 0.0 0.0 0.0 0.0 0.0 0.0 0.0 0.14370866 0.0 0.0 0.0 0.0 0.0 0.12929395 0.0 0.0 0.0 0.0 0.0 0.22413 0.061249465 0.0 0.021492615 0.07288309 0.0 0.04708841 0.0 0.0 0.0 0.0 0.0 0.0 0.0 0.0 0.07428623
0.0 0.02947234 0.0 0.08369178 0.048486248 0.0 0.0 0.0 0.10542566 0.0 0.006715429 0.0 0.07007878 0.0 0.0 0.031459007 0.03754464 0.0 0.10879033 0.08118732 0.0 0.0 0.031572606 0.0 0.04168631 0.0 0.06619188 0.0 0.0 0.0 0.0 0.10824348 0.022572028 0.0 0.0 0.0 0.0 0.0 0.0 0.050718702 0.0062813614 0.0 0.0 0.0 0.0 0.025640326 0.07692277 0.059560448 0.0 0.0 0.013252028 0.0 0.0 0.081622444 0.092094585 0.0
0.22375758 0.0 0.0 0.0 0.0 0.0 0.0 0.02264892 0.0 0.023102352 0.0 0.021820027 0.0 0.0 0.0 0.0 0.0 0.0 0.048860043 0.04084699 0.016425392 0.0 0.0 0.023695366 0.0 0.005911284 0.058976967 0.0 0.027544133 0.0 0.0 0.0 0.0 0.0 0.042543545 0.0 0.030256785 0.0090793 0.0 0.0 0.0 0.0 0.0 0.0 0.15104432 0.0 0.0 0.1065765 0.0 0.07368711 0.0 0.08397566 0.0 0.0 0.0 0.0
0.0 0.0 0.0 0.12585598 0.0 0.13215835 0.0 0.0 0.0 0.0 0.0 0.0 0.0 0.0 0.027823089 0.0 0.0 0.13784328 0.0 0.0 0.014306768 0.0 0.04168631 0.0 0.0 0.013290992 0.0 0.0 0.0 0.004941264 0.047793426 0.0 0.0 0.0 0.0 0.0 0.0 0.056180354 0.0 0.0 0.106553964 0.0 0.11415088 0.08423111 0.0 0.0 0.0 0.0 0.0 0.0 0.0 0.0 0.0 0.0 0.0 0.0
0.0 0.0 0.0 0.0 0.0 0.0 0.017612195 0.0 0.08997166 0.0 0.0 0.0 0.056313265 0.0 0.057265043 0.0 0.03676408 0.0 0.08845229 0.0 0.0 0.0 0.0 0.0059112837 0.013290992 0.0 0.009748935 0.0 0.0 0.09256325 0.0 0.13751045 0.0 0.0 0.04350927 0.06691978 0.04552527 0.0 0.0 0.0 0.0 0.0 0.0 0.0 0.0 0.0 0.046122596 0.0 0.0 0.0 0.009518485 0.005573345 0.0 0.0 0.0 0.018764352
0.0 0.0 0.0 0.0 0.0 0.0 0.0 0.054753818 0.0 0.0 0.045839645 0.093010835 0.0 0.0 0.0 0.0 0.0 0.0 0.0 0.06921752 0.0 0.0 0.06619188 0.058976967 0.0 0.009748935 0.14208713 0.0 0.0 0.0 0.0 0.0 0.0 0.0 0.0836734 0.0 0.036624104 0.019436216 0.0 0.0 0.0 0.0 0.0 0.0 0.008074419 0.027407348 0.021865143 0.048399854 0.0 0.015305229 0.13631454 0.15322419 0.0 0.0 0.074532844 0.0
0.0 0.0 0.0 0.0 0.0 0.0 0.01815145 0.0 0.0 0.0 0.0 0.032934662 0.0 0.0 0.0 0.0 0.046356715 0.0 0.0 0.065320544 0.0 0.0 0.0 0.0 0.0 0.0 0.0 0.0 0.0 0.07762744 0.0 0.0 0.034657605 0.0 0.04042584 0.0 0.1724395 0.0 0.19369172 0.0 0.0 0.0 0.0 0.0 0.017101074 0.03378152 0.0 0.072193846 0.0 0.21740113 0.0 0.0 0.0 0.0 0.045755096 0.0
0.0 0.0 0.03408323 0.0 0.013811891 0.020626228 0.060458213 0.0 0.0 0.00606742 0.0 0.0 0.0 0.0 0.17741464 0.12813699 0.0 0.0 0.0 0.0 0.0 0.14370866 0.0 0.027544133 0.0 0.0 0.0 0.0 0.0 0.0 0.0 0.0 0.0 0.01574803 0.07028654 0.0 0.0 0.0 0.0 0.0 0.0 0.09775271 0.032594625 0.0 0.031040119 0.0 0.0 0.0 0.0 0.0 0.0 0.029234828 0.0 0.0 0.0 0.0
0.0 0.0 0.0 0.0 0.0 0.024070418 0.0 0.0 0.0 0.0 0.051405568 0.0 0.009511533 0.0 0.0062049706 0.14539176 0.0 0.0 0.0 0.0 0.0444037 0.0 0.0 0.0 0.004941264 0.09256326 0.0 0.07762744 0.0 0.0 0.02536803 0.029293502 0.0 0.0 0.0 0.0 0.0 0.033408232 0.0 0.044010542 0.038007993 0.0 0.13286413 0.074766636 0.021678215 0.0 0.0 0.0 0.0 0.0 0.0 0.0 0.0 0.09205711 0.0 0.0
0.0 0.0 0.0 0.22627485 0.0 0.0 0.0 0.0 0.1593694 0.0 0.0 0.013965974 0.0 0.0 0.0 0.0 0.043326307 0.0 0.0 0.025219077 0.0 0.0 0.0 0.0 0.047793426 0.0 0.0 0.0 0.0 0.02536803 0.11762653 0.0 0.07101761 0.0 0.0 0.0 0.0 0.0 0.19067563 0.0 0.05085906 0.0 0.0 0.0 0.0 0.0 0.0 0.0 0.0 0.0 0.0 0.0 0.0 0.0 0.0067110285 0.0
0.020372594 0.0 0.07801999 0.0 0.0 0.0 0.01605466 0.013072881 0.0 0.07783835 0.0 0.076645486 0.008774689 0.0 0.0 0.0 0.0 0.0 0.0167759 0.0 0.0 0.0 0.10824347 0.0 0.0 0.13751045 0.0 0.0 0.0 0.029293504 0.0 0.0 0.0 0.0 0.0 0.0 0.0 0.0 0.0 0.0 0.113198474 0.0 0.0 0.20410936 0.025075488 0.0 0.0 0.0 0.03593883 0.0 0.0 0.05774628 0.0 0.0 0.0 0.0
0.0 0.11601437 0.0 0.06777609 0.0 0.0 0.0 0.0 0.0 0.0 0.027948746 0.0 0.1856095 0.021927334 0.0 0.07780507 0.0 0.0 0.0 0.0 0.060178846 0.0 0.022572028 0.0 0.0 0.0 0.0 0.034657605 0.0 0.0 0.07101761 0.0 0.0 0.0 0.0 0.0 0.0 0.0 0.0 0.0730942 0.0 0.0 0.06298925 0.0 0.0 0.0 0.0 0.0 0.0072495798 0.0 0.10056263 0.0 0.056831464 0.0 0.042124208 0.0
0.0 0.031260706 0.008670617 0.0 0.0 0.0 0.0 0.0 0.0037457275 0.0 0.0 0.0 0.09495451 0.103302784 0.0 0.0 0.0 0.0 0.0 0.0 0.0 0.0 0.0 0.0 0.0 0.0 0.0 0.0 0.01574803 0.0 0.0 0.0 0.0 0.0 0.0 0.20181258 0.0 0.0 0.0 0.032203615 0.038045984 0.12596327 0.15466322 0.02563758 0.0 0.0 0.14194378 0.0 0.0 0.0 0.0 0.0 0.0 0.054166898 0.0 0.029892992
0.0 0.0 0.0 0.0 0.0 0.009068145 0.0 0.0 0.0 0.0 0.0 0.0 0.029125687 0.022710456 0.0 0.0 0.0 0.0 0.008774417 0.027050449 0.044957172 0.12929395 0.0 0.042543545 0.0 0.043509275 0.0836734 0.04042584 0.07028654 0.0 0.0 0.0 0.0 0.0 0.0 0.12494703 0.0 0.0 0.0 0.01691376 0.0 0.027280763 0.0 0.0 0.0 0.0 0.0 0.010140102 0.0 0.019305656 0.0 0.0 0.0 0.0 0.0 0.0964155
0.024612201 0.0 0.024714006 0.0 0.0 0.0 0.012175371 0.0 0.0 0.0 0.0 0.0 0.0 0.0 0.0 0.0 0.0 0.0 0.0 0.0 0.0 0.0 0.0 0.0 0.0 0.06691978 0.0 0.0 0.0 0.0 0.0 0.0 0.0 0.20181257 0.124947034 0.0 0.0 0.0 0.0 0.10172879 0.0 0.0 0.0 0.20769359 0.012770763 0.0 0.0 0.0 0.0 0.013121534 0.07418375 0.033534907 0.0 0.0 0.0 0.0
0.0 0.0 0.0 0.0 0.028016275 0.0 0.0318065 0.04927123 0.0 0.0 0.0 0.0 0.09371497 0.21455196 0.0 0.0 0.0 0.0 0.0 0.12963545 0.0 0.0 0.0 0.030256787 0.0 0.045525275 0.0366241 0.17243952 0.0 0.0 0.0 0.0 0.0 0.0 0.0 0.0 0.0 0.0 0.0 0.0 0.0 0.0038893032 0.102717735 0.0 0.0 0.0 0.0 0.0 0.0 0.0 0.0 0.0 0.0 0.09697451 0.0 0.114035174
0.0 0.0 0.0 0.1855656 0.0 0.0 0.0 0.13837038 0.0 0.0 0.0 0.030407751 0.0 0.0 0.0 0.051217213 0.0 0.0 0.032593224 0.009927538 0.0 0.0 0.0 0.0090793 0.056180354 0.0 0.019436216 0.0 0.0 0.033408232 0.0 0.0 0.0 0.0 0.0 0.0 0.0 0.0 0.0 0.0 0.0 0.0 0.0 0.0 0.0070341774 0.0 0.0 0.045924783 0.0 0.04630398 0.0 0.024048481 0.060476746 0.0 0.0 0.0
0.0 0.028201403 0.037305843 0.0 0.0 0.0 0.0 0.0 0.0 0.0 0.042226978 0.0 0.14108057 0.0 0.0 0.0 0.0 0.0 0.0 0.0 0.004048258 0.0 0.0 0.0 0.0 0.0 0.0 0.19369172 0.0 0.0 0.19067563 0.0 0.0 0.0 0.0 0.0 0.0 0.0 0.05886346 0.0 0.0 0.0 0.01483163 0.0 0.0 0.0 0.0 0.0 0.0 0.0 0.0 0.0 0.13413753 0.07342766 0.0 0.0
0.0 0.22203596 0.0 0.015898285 0.0 0.0 0.0 0.0 0.18241867 0.0 0.03523574 0.0 0.0 0.029497698 0.12035756 0.0 0.06654421 0.0 0.0 0.0 0.0 0.0 0.0507187 0.0 0.0 0.0 0.0 0.0 0.0 0.044010542 0.0 0.0 0.0730942 0.03220361 0.01691376 0.10172879 0.0 0.0 0.0 0.0 0.0 0.0 0.0 0.0 0.0 0.0 0.0 0.0 0.0 0.0 0.0 0.0088739 0.0136250155 0.0 0.0 0.0
0.0 0.0 0.0 0.0 0.0 0.121606946 0.0 0.0 0.0 0.026662985 0.0 0.081461474 0.0 0.0 0.029166587 0.0 0.023960816 0.0 0.1089128 0.05440845 0.018991966 0.22412999 0.006281362 0.0 0.10655396 0.0 0.0 0.0 0.0 0.038007993 0.050859064 0.113198474 0.0 0.03804598 0.0 0.0 0.0 0.0 0.0 0.0 0.0 0.059559103 0.0 0.0 0.0 0.0 0.0017003744 0.0 0.0 0.0090184165 0.0 0.019891145 0.0 0.0 0.0 0.0
0.0 0.0 0.0 0.0 0.0 0.011492625 0.0880211 0.0 0.0 0.0 0.0 0.0 0.0 0.056965657 0.035210393 0.0 0.02936144 0.0 0.007237063 0.0 0.018283807 0.061249465 0.0 0.0 0.0 0.0 0.0 0.0 0.09775271 0.0 0.0 0.0 0.0 0.12596327 0.027280763 0.0 0.003889303 0.0 0.0 0.0 0.059559107 0.34848392 0.0 0.0071747284 0.038770318 0.0 0.0 0.0 0.0 0.0 0.0 0.0 0.0 0.0 0.0 0.0
0.0 0.0 0.07227102 0.0 0.0 0.081612505 0.0 0.0 0.0 0.03514517 0.0 0.0 0.0 0.0 0.065416075 0.0 0.034161076 0.0 0.042579602 0.0 0.005900893 0.0 0.0 0.0 0.11415088 0.0 0.0 0.0 0.032594625 0.13286413 0.0 0.0 0.06298925 0.15466323 0.0 0.0 0.102717735 0.0 0.01483163 0.0 0.0 0.0 0.0 0.0 0.0 0.0 0.0 0.0 0.1250399 0.06778731 0.0 0.0 0.028394168 0.0 0.0 0.0
0.0 0.0 0.13926087 0.0 0.0 0.0 0.0 0.031446725 0.0 0.0 0.0 0.0 0.0 0.0 0.045284986 0.0 0.06914705 0.0 0.012545859 0.0 0.029058777 0.021492615 0.0 0.0 0.0842311 0.0 0.0 0.0 0.0 0.07476664 0.0 0.20410936 0.0 0.02563758 0.0 0.20769359 0.0 0.0 0.0 0.0 0.0 0.0071747284 0.0 0.0 0.0 0.0 0.0 0.0 0.0 0.0 0.0 0.0 0.1408508 0.0 0.0 0.0
0.0 0.0 0.04620883 0.0 0.24863046 0.0 0.12909 0.0 0.0 0.0 0.0 0.012091127 0.0 0.0 0.0 0.013783948 0.0 0.02759746 0.0 0.0 0.0 0.07288309 0.0 0.15104432 0.0 0.0 0.008074419 0.017101076 0.03104012 0.021678215 0.0 0.025075488 0.0 0.0 0.0 0.012770763 0.0 0.007034177 0.0 0.0 0.0 0.038770318 0.0 0.0 0.0 0.24950558 0.003466203 0.0 0.0 0.0 0.0 0.0 0.017461952 0.0 0.0 0.093161866
0.19588567 0.0 0.0 0.0 0.0 0.0 0.0 0.0019558154 0.0 0.09550268 0.076602705 0.0 0.0 0.0 0.0 0.0 0.0 0.0 0.0 0.0 0.0 0.0 0.025640326 0.0 0.0 0.0 0.02740735 0.033781517 0.0 0.0 0.0 0.0 0.0 0.0 0.0 0.0 0.0 0.0 0.0 0.0 0.0 0.0 0.0 0.0 0.24950558 0.0 0.0 0.077674925 0.02351762 0.0 0.05973023 0.0 0.0 0.0 0.0 0.0
0.106205046 0.024038592 0.0 0.0 0.0 0.023809167 0.0 0.05775484 0.0 0.05629575 0.0 0.0 0.013767262 0.06718708 0.010445729 0.0 0.0 0.0 0.0 0.0 0.0 0.047088407 0.07692277 0.0 0.0 0.046122592 0.021865143 0.0 0.0 0.0 0.0 0.0 0.0 0.14194378 0.0 0.0 0.0 0.0 0.0 0.0 0.0017003744 0.0 0.0 0.0 0.0034662033 0.0 0.0 0.0 0.0 0.0 0.053574394 0.072696514 0.0 0.0 0.041906133 0.0
0.0 0.0 0.0 0.0 0.0 0.0 0.0 0.049594924 0.0 0.0 0.08827955 0.0 0.0 0.05183172 0.0 0.0 0.03138753 0.06787822 0.0 0.0 0.0 0.0 0.059560444 0.1065765 0.0 0.0 0.048399854 0.07219385 0.0 0.0 0.0 0.0 0.0 0.0 0.010140101 0.0 0.0 0.045924783 0.0 0.0 0.0 0.0 0.0 0.0 0.0 0.077674925 0.0 0.0707374 0.0 0.06768398 0.039276257 0.045036953 0.0 0.0 0.11354779 0.0
0.0 0.096311145 0.033320177 0.0 0.0 0.0 0.0 0.01151109 0.08833936 0.0 0.04423912 0.0 0.13005193 0.0 0.0 0.009138287 0.0141253155 0.0 0.0 0.0 0.0 0.0 0.0 0.0 0.0 0.0 0.0 0.0 0.0 0.0 0.0 0.03593883 0.0072495793 0.0 0.0 0.0 0.0 0.0 0.0 0.0 0.0 0.0 0.1250399 0.0 0.0 0.02351762 0.0 0.0 0.0 0.0 0.0 0.0 0.25407022 0.01785951 0.0 0.0
0.0 0.0 0.0 0.0 0.0 0.0 0.0 0.09460919 0.0 0.0 0.03928275 0.0 0.0 0.041834075 0.0 0.07706743 0.0 0.0 0.0 0.0 0.0 0.0 0.0 0.07368711 0.0 0.0 0.015305229 0.21740115 0.0 0.0 0.0 0.0 0.0 0.0 0.019305658 0.013121535 0.0 0.04630398 0.0 0.0 0.0090184165 0.0 0.06778731 0.0 0.0 0.0 0.0 0.06768398 0.0 0.0 0.07831377 0.041839503 0.0 0.13685113 0.06565735 0.0
0.0 0.0 0.0 0.0044582556 0.0 0.0 0.0 0.0 0.12720662 0.0 0.0 0.0 0.02511309 0.013001599 0.0 0.0 0.0 0.0 0.017046852 0.0 0.0 0.0 0.013252027 0.0 0.0 0.009518484 0.13631454 0.0 0.0 0.0 0.0 0.0 0.10056263 0.0 0.0 0.074183755 0.0 0.0 0.0 0.0 0.0 0.0 0.0 0.0 0.0 0.05973023 0.053574394 0.039276257 0.0 0.07831377 0.0089313425 0.03557062 0.011456373 0.034495033 0.18364552 0.0
0.00041630652 0.0 0.0 0.0 0.02230835 0.0 0.022228409 0.0 0.0 0.0 0.0 0.0 0.0 0.0 0.0 0.0 0.0 0.0 0.20459253 0.015883448 0.0 0.0 0.0 0.083975665 0.0 0.0055733453 0.15322419 0.0 0.029234827 0.0 0.0 0.05774628 0.0 0.0 0.0 0.033534907 0.0 0.024048481 0.0 0.0088738995 0.019891147 0.0 0.0 0.0 0.0 0.0 0.072696514 0.045036953 0.0 0.0418395 0.035570625 0.0 0.0 0.0 0.0 0.009410751
0.0 0.0 0.0 0.015566074 0.0 0.05751402 0.025721986 0.0 0.0 0.0 0.14871259 0.0 0.0 0.0 0.0068272706 0.0 0.0 0.0 0.0 0.0 0.18049794 0.0 0.0 0.0 0.0 0.0 0.0 0.0 0.0 0.0 0.0 0.0 0.056831464 0.0 0.0 0.0 0.0 0.060476746 0.13413753 0.013625015 0.0 0.0 0.028394166 0.1408508 0.017461954 0.0 0.0 0.0 0.25407022 0.0 0.011456373 0.0 0.0 0.0 0.0 0.0
0.029243937 0.0 0.0 0.0 0.0 0.0 0.0 0.0 0.0 0.0 0.0 0.0 0.0 0.0 0.14296198 0.0 0.009460513 0.001570279 0.06698334 0.0 0.0 0.0 0.08162244 0.0 0.0 0.0 0.0 0.0 0.0 0.09205711 0.0 0.0 0.0 0.054166894 0.0 0.0 0.096974514 0.0 0.073427655 0.0 0.0 0.0 0.0 0.0 0.0 0.0 0.0 0.0 0.017859511 0.13685113 0.03449503 0.0 0.0 0.0 0.0 0.0
0.00754261 0.0 0.0 0.009826701 0.0 0.0 0.0 0.0 0.0 0.0 0.0 0.0 0.0 0.085828565 0.0 0.0 0.022555413 0.0 0.0 0.21185647 0.0 0.0 0.092094585 0.0 0.0 0.0 0.07453284 0.045755096 0.0 0.0 0.006711029 0.0 0.042124208 0.0 0.0 0.0 0.0 0.0 0.0 0.0 0.0 0.0 0.0 0.0 0.0 0.0 0.04190613 0.11354779 0.0 0.06565735 0.18364552 0.0 0.0 0.0 0.0 0.019181324
0.07010363 0.0 0.03769815 0.0 0.0 0.0 0.0 0.0 0.0 0.18213919 0.0 0.0 0.0 0.14220029 0.07018197 0.0 0.0 0.0 0.0 0.0 0.0 0.07428624 0.0 0.0 0.0 0.01876435 0.0 0.0 0.0 0.0 0.0 0.0 0.0 0.029892992 0.0964155 0.0 0.11403517 0.0 0.0 0.0 0.0 0.0 0.0 0.0 0.093161866 0.0 0.0 0.0 0.0 0.0 0.0 0.009410751 0.0 0.0 0.019181322 0.10309267
