0.42932138 0.0 0.0 0.0 0.0 0.0 0.0 0.0 0.0 0.10901726 0.0 0.060000297 0.0 0.0 0.0 0.0 0.00072255137 0.0 0.0 0.0 0.0 0.0 0.0 0.0 0.0 0.0 0.0 0.0 0.0 0.0 0.0 0.0 0.0 0.0 0.0 0.0 0.0 0.0 0.0 0.0 0.0 0.0 0.0 0.0 0.3433616 0.0 0.0 0.0 0.0 0.0 0.0 0.0 0.0 0.0 0.0 0.0
0.0 0.0 0.0 0.013948702 0.0 0.0 0.0789912 0.0 0.0 0.07602205 0.05006912 0.0 0.0 0.0 0.0 0.0 0.0 0.0 0.0 0.0 0.0 0.08229406 0.0 0.0 0.0 0.0 0.0 0.022749798 0.0 0.0 0.0 0.0 0.054374583 0.0 0.0 0.0 0.18296 0.0 0.0 0.0 0.0 0.0 0.0 0.0 0.0 0.0 0.0 0.10897247 0.0 0.0 0.14597653 0.09642781 0.0 0.0 0.0 0.0
0.0 0.0 0.0 0.04244823 0.0 0.0 0.0 0.0 0.03794754 0.0 0.0 0.0 0.0 0.0 0.06581627 0.025931008 0.006922521 0.028565876 0.0 0.0 0.0 0.0 0.0 0.28956634 0.018868176 0.039511874 0.01919033 0.0 0.09786626 0.0 0.0113172205 0.043782078 0.0 0.0 0.0 0.030604122 0.0 0.0 0.0 0.0 0.0 0.0 0.0 0.0 0.0 0.0289203 0.0 0.0 0.0 0.0 0.0 0.0 0.0 0.027658492 0.029873746 0.09528667
0.0 0.013948702 0.042448234 0.0 0.0 0.0 0.019978555 0.0 0.09600497 0.0 0.0 0.0070479205 0.0 0.06724765 0.0 0.0 0.0 0.0 0.0 0.0 0.014296665 0.04211579 0.0 0.0 0.13412629 0.006601361 0.0 0.0 0.046679024 0.009983033 0.0 0.0 0.0 0.0 0.0 0.0 0.0 0.0 0.03460856 0.0 0.0 0.0 0.0 0.008245117 0.0 0.0 0.04584883 0.0 0.18834314 0.0 0.0 0.0 0.24459694 0.0 0.0 0.023004001
0.0 0.0 0.0 0.0 0.0 0.0 0.0 0.2456511 0.0039979694 0.0 0.0 0.0 0.0 0.0 0.0 0.0 0.0 0.0 0.0 0.0 0.0 0.017677989 0.0 0.09601168 0.0 0.0 0.0 0.0 0.04441302 0.0 0.0 0.0 0.0 0.0 0.13957417 0.09723968 0.013502147 0.0 0.0 0.0 0.0 0.0055688764 0.12072679 0.0 0.0 0.0 0.0 0.0 0.0 0.0 0.0 0.12093276 0.0 0.032631844 0.0 0.056775708
0.0 0.0 0.0 0.0 0.0 0.0 0.0 0.0 0.0 0.0 0.0 0.0 0.0 0.052946128 0.0 0.029732535 0.0 0.016767126 0.0 0.0011335278 0.0 0.0 0.0 0.032900795 0.0 0.17215443 0.0 0.06330041 0.0 0.0 0.066738755 0.0 0.0 0.0 0.0 0.0 0.0 0.0 0.11573555 0.0 0.0 0.0 0.039841514 0.0 0.0 0.0 0.0043128612 0.0 0.010440329 0.0 0.009286634 0.0 0.058204558 0.0 0.0 0.0
0.0 0.078991205 0.0 0.019978555 0.0 0.0 0.0 0.0 0.09303839 0.06406778 0.0 0.0 0.0 0.0 0.0 0.0 0.0 0.0 0.0 0.0 0.0 0.0 0.0 0.0 0.0 0.0 0.05604338 0.12935388 0.0 0.0 0.073925786 0.0 0.029344037 0.0 0.0 0.0 0.0 0.0 0.0 0.0 0.0 0.019152436 0.0 0.0022986287 0.0 0.0 0.0 0.0 0.0 0.0 0.0 0.0 0.0 0.04762639 0.019412527 0.028274832
0.0 0.0 0.0 0.0 0.2456511 0.0 0.0 0.0 0.0 0.0 0.0 0.0 0.0 0.0 0.0 0.0 0.0 0.0 0.1104525 0.0 0.048850086 0.0 0.0 0.0 0.0 0.0 0.0 0.0 0.0 0.0 0.0056532226 0.27146927 0.0 0.031379037 0.0 0.084410176 0.0 0.018599354 0.0 0.0 0.02978761 0.11897561 0.04917011 0.0 0.0 0.0 0.053946316 0.0 0.0 0.0 0.0 0.0 0.0 0.02539745 0.0 0.0
0.0 0.0 0.03794754 0.09600497 0.00399797 0.0 0.09303839 0.0 0.0 0.0 0.0 0.0 0.0 0.0 0.024398478 0.024441302 0.0 0.0914134 0.0 0.0 0.0 0.010733475 0.052289918 0.036998197 0.0 0.0 0.0 0.00388871 0.0 0.0 0.0 0.0 0.0 0.0 0.0 0.0 0.006799782 0.0 0.0 0.0 0.0 0.0 0.0 0.0 0.0 0.0 0.0 0.12253243 0.0 0.0 0.17930381 0.2221261 0.015467728 0.0 0.0 0.0
0.10901726 0.07602205 0.0 0.0 0.0 0.0 0.06406778 0.0 0.0 0.0 0.0 0.0 0.0 0.0 0.0 0.0 0.0 0.0 0.0 0.0 0.021014543 0.0 0.0 0.0 0.0 0.0 0.0 0.0 0.17596939 0.0 0.101557694 0.046473667 0.0 0.14568946 0.0 0.026777185 0.0 0.0 0.0 0.07117302 0.0 0.0049755094 0.032765307 0.0 0.0 0.0 0.014569017 0.0 0.0 0.014848547 0.0 0.0 0.0 0.0075052874 0.0 0.22589424
0.0 0.05006912 0.0 0.0 0.0 0.0 0.0 0.0 0.0 0.0 0.0 0.0 0.0 0.037035204 0.109646924 0.19256377 0.0047305506 0.12651852 0.0 0.0 0.0 0.04171098 0.0 0.0 0.0 0.11003844 0.0 0.0 0.0 0.0 0.0 0.0 0.0 0.0 0.0 0.0 0.0 0.0 0.0 0.0 0.0 0.0 0.0 0.07462606 0.031174216 0.0 0.035558596 0.0 0.0 0.0 0.0 0.0 0.015225326 0.011415496 0.0 0.0067633023
0.060000297 0.0 0.0 0.0070479205 0.0 0.0 0.0 0.0 0.0 0.0 0.0 0.0 0.0 0.0 0.0 0.009968781 0.0 0.0 0.0 0.038818922 0.0 0.0 0.026702879 0.0 0.0 0.0 0.16878672 0.032413483 0.0 0.0 0.0 0.0 0.0 0.0 0.033685975 0.0 0.0021780143 0.11908715 0.0 0.0 0.0 0.0 0.06282176 0.0 0.05633352 0.1302873 0.0 0.01800904 0.0 0.0 0.012057767 0.0 0.0 0.0 0.1969247 0.0
0.0 0.0 0.0 0.0 0.0 0.0 0.0 0.0 0.0 0.0 0.0 0.0 0.25944358 0.040650856 0.0 0.0 0.06671961 0.0 0.0 0.0 0.0033378168 0.0 0.0 0.0 0.0 0.0 0.0 0.04519288 0.0 0.0 0.0 0.0 0.0 0.0 0.0 0.0 0.0 0.0 0.0 0.048839577 0.30324298 0.016153214 0.026139872 0.030221129 0.0 0.0 0.036838893 0.0 0.0 0.0 0.0007423216 0.0 0.0 0.0 0.0 0.15159118
0.0 0.0 0.0 0.06724766 0.0 0.052946124 0.0 0.0 0.0 0.0 0.037035204 0.0 0.040650856 0.0 0.0 0.0 0.0 0.0 0.0 0.0 0.17531994 0.0 0.07706983 0.0 0.031159611 0.0 0.12230571 0.0 0.0 0.0 0.013965544 0.0 0.21902345 0.0 0.0 0.0 0.0 0.0 0.0 0.0 0.08722166 0.0 0.0 0.0 0.0 0.0 0.0 0.0 0.0 0.06899488 0.1102144 0.0 0.0 0.0 0.0 0.0
0.0 0.0 0.06581627 0.0 0.0 0.0 0.0 0.0 0.024398478 0.0 0.109646924 0.0 0.0 0.0 0.0 0.0 0.0 0.079195686 0.037573688 0.0 0.0 0.0 0.0 0.0 0.0 0.0 0.0 0.0 0.0 0.21512549 0.0 0.0 0.0 0.0 0.0010380845 0.0303715 0.07739806 0.14559677 0.0 0.0 0.0 0.0 0.019858314 0.0 0.0 0.03588518 0.022390865 0.07153436 0.0 0.0 0.0 0.00628727 0.0 0.0 0.0 0.0
0.0 0.0 0.025931008 0.0 0.0 0.029732535 0.0 0.0 0.0244413 0.0 0.19256377 0.00996878 0.0 0.0 0.0 0.0 0.12903203 0.29815805 0.0 0.0 0.0 0.0 0.0 0.0 0.0 0.0 0.0 0.0 0.0 0.044230033 0.0 0.0 0.0 0.0 0.0 0.0 0.0 0.10774054 0.0 0.0 0.0 0.0 0.0 0.031948254 0.0 0.036138963 0.06355344 0.0 0.0 0.0 0.0 0.0 0.075477965 0.0 0.0 0.0
0.00072255137 0.0 0.0069225216 0.0 0.0 0.0 0.0 0.0 0.0 0.0 0.0047305506 0.0 0.06671961 0.0 0.0 0.12903205 0.0 0.0 0.10573004 0.0 0.0 0.027473453 0.0 0.0 0.0 0.0 0.13214219 0.09595115 0.0 0.0 0.0 0.0 0.0 0.0 0.0 0.13479815 0.0 0.0 0.0 0.0 0.019573316 0.08998921 0.0 0.0 0.0 0.0 0.0028987324 0.0 0.0 0.0 0.0 0.0 0.0 0.009689218 0.029686032 0.09975803
0.0 0.0 0.028565876 0.0 0.0 0.016767127 0.0 0.0 0.0914134 0.0 0.12651853 0.0 0.0 0.0 0.079195686 0.29815805 0.0 0.0 0.0 0.05937469 0.0 0.0 0.0 0.0 0.0 0.0 0.080072 0.032154143 0.0 0.0 0.04978352 0.031106727 0.0 0.0 0.0 0.0 0.0 0.023897726 0.0 0.007959704 0.0 0.0 0.010868827 0.0 0.0 0.0 0.0 0.02436459 0.0 0.0 0.0 0.0 0.0 0.0 0.028803883 0.0
0.0 0.0 0.0 0.0 0.0 0.0 0.0 0.11045251 0.0 0.0 0.0 0.0 0.0 0.0 0.037573688 0.0 0.10573005 0.0 0.11125359 0.0 0.0 0.0 0.0 0.0 0.0 0.0 0.0 0.0 0.0 0.042885173 0.0 0.0 0.0 0.0 0.18016523 0.0 0.14794405 0.0 0.0 0.0 0.0 0.049901094 0.013004159 0.0 0.0 0.0 0.028162379 0.05036333 0.0046428023 0.0 0.0 0.07687328 0.0048495457 0.0 0.0 0.029378977
0.0 0.0 0.0 0.0 0.0 0.0011335277 0.0 0.0 0.0 0.0 0.0 0.038818926 0.0 0.0 0.0 0.0 0.0 0.05937469 0.0 0.18393216 0.0 0.0 0.26871654 0.0040317983 0.0 0.0 0.19567513 0.0 0.0 0.0 0.030051991 0.14101098 0.0 0.0 0.0 0.0 0.0 0.0 0.00990957 0.0 0.0 0.0 0.0 0.0 0.0 0.0 0.0 0.0 0.0 0.0 0.02954771 0.0 0.0 0.0 0.0 0.0
0.0 0.0 0.0 0.014296665 0.0 0.0 0.0 0.04885008 0.0 0.021014543 0.0 0.0 0.0033378166 0.17531995 0.0 0.0 0.0 0.0 0.0 0.0 0.0 0.0 0.05407357 0.06444833 0.0 0.26204562 0.0022373446 0.09423069 0.0 0.0101411985 0.0 0.0 0.0 0.0 0.017774977 0.0 0.0 0.0 0.0 0.0 0.0 0.0 0.0 0.0 0.0 0.030392228 0.0 0.0 0.0 0.0 0.066841915 0.12870128 0.0 0.0 0.0 0.0
0.0 0.08229406 0.0 0.042115793 0.017677989 0.0 0.0 0.0 0.010733475 0.0 0.041710977 0.0 0.0 0.0 0.0 0.0 0.027473455 0.0 0.0 0.0 0.0 0.018273724 0.0 0.0 0.080714814 0.0 0.0 0.0 0.0 0.0 0.063734524 0.07375214 0.0 0.0 0.0 0.024661426 0.0 0.0 0.0 0.0 0.0 0.0 0.0 0.0 0.0 0.21504502 0.062407006 0.0 0.0 0.0 0.0 0.0 0.0 0.06294526 0.0 0.0
0.0 0.0 0.0 0.0 0.0 0.0 0.0 0.0 0.052289918 0.0 0.0 0.026702879 0.0 0.077069834 0.0 0.0 0.0 0.0 0.0 0.2687165 0.054073572 0.0 0.0 0.0 0.008479031 0.0 0.0 0.0 0.0 0.0 0.0 0.0 0.0 0.0 0.0 0.0 0.0 0.0 0.24623942 0.030809104 0.0 0.0 0.0 0.096742816 0.021137308 0.0779777 0.0 0.0 0.0 0.0 0.0 0.0 0.0 0.0 0.0 0.0
0.0 0.0 0.2895663 0.0 0.09601168 0.0329008 0.0 0.0 0.0369982 0.0 0.0 0.0 0.0 0.0 0.0 0.0 0.0 0.0 0.0 0.0040317983 0.06444833 0.0 0.0 0.0 0.0 0.0 0.0 0.0 0.0 0.0 0.0 0.0061852173 0.0 0.08507872 0.0 0.10542573 0.0 0.0 0.0 0.16825216 0.0 0.011723228 0.0 0.0 0.0 0.0 0.0 0.0071535683 0.034823313 0.0 0.0 0.06975594 0.0 0.0 0.0 0.0
0.0 0.0 0.018868176 0.13412629 0.0 0.0 0.0 0.0 0.0 0.0 0.0 0.0 0.0 0.031159613 0.0 0.0 0.0 0.0 0.0 0.0 0.0 0.08071481 0.008479031 0.0 0.0 0.04467784 0.09054502 0.0 0.0 0.0 0.0 0.0 0.0 0.0 0.0 0.0 0.0 0.0478079 0.0 0.0 0.10130075 0.25999606 0.16777965 0.0 0.0 0.013842212 0.03946585 0.006553798 0.0 0.0 0.0 0.0 0.0 0.15885964 0.0 0.0
0.0 0.0 0.039511874 0.006601361 0.0 0.17215441 0.0 0.0 0.0 0.0 0.110038444 0.0 0.0 0.0 0.0 0.0 0.0 0.0 0.0 0.0 0.26204562 0.0 0.0 0.0 0.044677835 0.0 0.0 0.0 0.0 0.039729517 0.0 0.0 0.19220528 0.0 0.013698979 0.0 0.0 0.0 0.019815058 0.0 0.0 0.0 0.0 0.0 0.0 0.0 0.0 0.0 0.0 0.16531615 0.0 0.0 0.0 0.0 0.009058351 0.0
0.0 0.0 0.01919033 0.0 0.0 0.0 0.056043375 0.0 0.0 0.0 0.0 0.16878672 0.0 0.122305706 0.0 0.0 0.13214219 0.080072 0.0 0.19567513 0.0022373446 0.0 0.0 0.0 0.09054503 0.0 0.015496535 0.0 0.067772865 0.0 0.026954783 0.020060752 0.0 0.0 0.0 0.02125463 0.0 0.0 0.0 0.0 0.0 0.0 0.0 0.00595643 0.027326755 0.03236955 0.0019220997 0.0 0.0 0.0 0.0 0.0 0.071074374 0.0 0.0 0.040986426
0.0 0.022749798 0.0 0.0 0.0 0.06330041 0.12935388 0.0 0.0038887102 0.0 0.0 0.032413486 0.04519288 0.0 0.0 0.0 0.09595114 0.032154143 0.0 0.0 0.0942307 0.0 0.0 0.0 0.0 0.0 0.0 0.08400102 0.0 0.0 0.06292993 0.0 0.04517388 0.018384352 0.0 0.0 0.0 0.0 0.0 0.081470504 0.0 0.0 0.0 0.03951448 0.0 0.0 0.12493962 0.0 0.0 0.05248694 0.0 0.0 0.013103598 0.0 0.0 0.013442495
0.0 0.0 0.09786625 0.046679027 0.044413023 0.0 0.0 0.0 0.0 0.1759694 0.0 0.0 0.0 0.0 0.0 0.0 0.0 0.0 0.0 0.0 0.0 0.0 0.0 0.0 0.0 0.0 0.067772865 0.0 0.0 0.0 0.05073085 0.0 0.028178385 0.0 0.0 0.0 0.0834535 0.0 0.0 0.0 0.0 0.0 0.0 0.0 0.0 0.0 0.0 0.051849816 0.0 0.08540848 0.0 0.0 0.0 0.0 0.009642148 0.0
0.0 0.0 0.0 0.009983032 0.0 0.0 0.0 0.0 0.0 0.0 0.0 0.0 0.0 0.0 0.21512549 0.044230033 0.0 0.0 0.042885173 0.0 0.010141198 0.0 0.0 0.0 0.0 0.039729517 0.0 0.0 0.0 0.0 0.0 0.0 0.0 0.0 0.086271495 0.0 0.0 0.023017868 0.0 0.0 0.0 0.088772565 0.0 0.0 0.002813019 0.11583254 0.025485206 0.004427246 0.0 0.0 0.0 0.046024244 0.0 0.0 0.17885016 0.020210996
0.0 0.0 0.011317221 0.0 0.0 0.066738755 0.073925786 0.0056532226 0.0 0.101557694 0.0 0.0 0.0 0.013965543 0.0 0.0 0.0 0.049783517 0.0 0.030051993 0.0 0.06373452 0.0 0.0 0.0 0.0 0.026954783 0.06292993 0.050730847 0.0 0.0 0.0 0.0 0.0 0.06424007 0.0 0.0 0.0 0.058314465 0.0 0.0 0.0 0.0 0.00712426 0.12364056 0.0 0.0 0.018345838 0.0 0.04947925 0.0051659252 0.0 0.0 0.0 0.0 0.0
0.0 0.0 0.043782078 0.0 0.0 0.0 0.0 0.27146927 0.0 0.046473663 0.0 0.0 0.0 0.0 0.0 0.0 0.0 0.031106727 0.0 0.14101098 0.0 0.07375214 0.0 0.0061852173 0.0 0.0 0.020060752 0.0 0.0 0.0 0.0 0.0 0.0 0.0 0.05513608 0.0 0.037362665 0.0 0.0 0.0 0.0 0.0 0.0 0.0 0.103128865 0.0 0.0 0.16926548 0.0 0.0 0.0 0.0 0.0 0.0 0.0 0.0
0.0 0.054374583 0.0 0.0 0.0 0.0 0.029344039 0.0 0.0 0.0 0.0 0.0 0.0 0.21902344 0.0 0.0 0.0 0.0 0.0 0.0 0.0 0.0 0.0 0.0 0.0 0.19220527 0.0 0.045173876 0.028178385 0.0 0.0 0.0 0.0 0.0 0.0 0.0 0.0 0.0 0.0 0.020732662 0.080582075 0.00098003 0.037918385 0.18023285 0.0 0.020698218 0.036325805 0.0 0.0 0.0 0.008841589 0.00085746945 0.0 0.08469003 0.016762493 0.0
0.0 0.0 0.0 0.0 0.0 0.0 0.0 0.031379033 0.0 0.14568946 0.0 0.0 0.0 0.0 0.0 0.0 0.0 0.0 0.0 0.0 0.0 0.0 0.0 0.08507872 0.0 0.0 0.0 0.018384352 0.0 0.0 0.0 0.0 0.0 0.0 0.26233354 0.0 0.36952928 0.0 0.0 0.0 0.0 0.0 0.0 0.0 0.0 0.0 0.0 0.0 0.0 0.0 0.027777456 0.1301432 0.0 0.0 0.04946951 0.0
0.0 0.0 0.0 0.0 0.13957417 0.0 0.0 0.0 0.0 0.0 0.0 0.03368598 0.0 0.0 0.0010380846 0.0 0.0 0.0 0.18016525 0.0 0.017774977 0.0 0.0 0.0 0.0 0.013698979 0.0 0.0 0.0 0.0862715 0.06424007 0.05513608 0.0 0.26233354 0.013688705 0.0 0.0 0.0 0.0 0.0 0.0026089267 0.0 0.0 0.0 0.0 0.0 0.0 0.0 0.0 0.015265665 0.0 0.0 0.0 0.0 0.0 0.0
0.0 0.0 0.030604124 0.0 0.09723967 0.0 0.0 0.084410176 0.0 0.026777184 0.0 0.0 0.0 0.0 0.0303715 0.0 0.13479815 0.0 0.0 0.0 0.0 0.024661426 0.0 0.10542573 0.0 0.0 0.02125463 0.0 0.0 0.0 0.0 0.0 0.0 0.0 0.0 0.0 0.0 0.0 0.0 0.0 0.0 0.0 0.0 0.0 0.0 0.0 0.0 0.17362468 0.0 0.0 0.0 0.03802499 0.0 0.0 0.0 0.0
0.0 0.18296 0.0 0.0 0.013502147 0.0 0.0 0.0 0.006799782 0.0 0.0 0.0021780143 0.0 0.0 0.07739806 0.0 0.0 0.0 0.14794405 0.0 0.0 0.0 0.0 0.0 0.0 0.0 0.0 0.0 0.0834535 0.0 0.0 0.037362665 0.0 0.36952928 0.0 0.0 0.0 0.0 0.0 0.091182075 0.0 0.0 0.0 0.0 0.0 0.0 0.0 0.0 0.0 0.0 0.0 0.0 0.0 0.0 0.0 0.0
0.0 0.0 0.0 0.0 0.0 0.0 0.0 0.018599356 0.0 0.0 0.0 0.11908715 0.0 0.0 0.14559677 0.10774053 0.0 0.023897724 0.0 0.0 0.0 0.0 0.0 0.0 0.0478079 0.0 0.0 0.0 0.0 0.023017868 0.0 0.0 0.0 0.0 0.0 0.0 0.0 0.0 0.14309785 0.0 0.0 0.0 0.0 0.02301401 0.080725424 0.0 0.0 0.0 0.050230075 0.0 0.0 0.0 0.08277682 0.0 0.0 0.0
0.0 0.0 0.0 0.03460856 0.0 0.11573555 0.0 0.0 0.0 0.0 0.0 0.0 0.0 0.0 0.0 0.0 0.0 0.0 0.0 0.00990957 0.0 0.0 0.24623942 0.0 0.0 0.019815058 0.0 0.0 0.0 0.0 0.058314465 0.0 0.0 0.0 0.0 0.0 0.0 0.14309785 0.0 0.0 0.0 0.0 0.0059049577 0.0 0.0 0.18448831 0.0 0.0 0.0649167 0.0 0.044507924 0.0 0.0 0.0 0.14729819 0.0
0.0 0.0 0.0 0.0 0.0 0.0 0.0 0.0 0.0 0.07117302 0.0 0.0 0.048839573 0.0 0.0 0.0 0.0 0.007959704 0.0 0.0 0.0 0.0 0.030809103 0.16825216 0.0 0.0 0.0 0.0814705 0.0 0.0 0.0 0.0 0.020732662 0.0 0.0 0.0 0.091182075 0.0 0.0 0.11955411 0.0 0.0 0.0 0.14886898 0.0 0.0 0.0 0.0 0.07854182 0.07118491 0.10381942 0.057608128 0.0 0.0 0.0 0.0
0.0 0.0 0.0 0.0 0.0 0.0 0.0 0.02978761 0.0 0.0 0.0 0.0 0.30324298 0.08722166 0.0 0.0 0.019573316 0.0 0.0 0.0 0.0 0.0 0.0 0.0 0.10130076 0.0 0.0 0.0 0.0 0.0 0.0 0.0 0.080582075 0.0 0.0026089267 0.0 0.0 0.0 0.0 0.0 0.17360486 0.015206218 0.0 0.0 0.0 0.0 0.0 0.0 0.0 0.11589962 0.0 0.0 0.0 0.06044866 0.0 0.0
0.0 0.0 0.0 0.0 0.005568876 0.0 0.019152436 0.11897561 0.0 0.004975509 0.0 0.0 0.016153216 0.0 0.0 0.0 0.089989215 0.0 0.049901094 0.0 0.0 0.0 0.0 0.011723227 0.25999606 0.0 0.0 0.0 0.0 0.08877257 0.0 0.0 0.00098003 0.0 0.0 0.0 0.0 0.0 0.0 0.0 0.015206219 0.0 0.0 0.0 0.0 0.0 0.0 0.02909996 0.04267299 0.0 0.0 0.0 0.06416229 0.0 0.0 0.0
0.0 0.0 0.0 0.0 0.12072679 0.039841514 0.0 0.04917011 0.0 0.032765307 0.0 0.06282176 0.026139872 0.0 0.019858316 0.0 0.0 0.010868828 0.013004159 0.0 0.0 0.0 0.0 0.0 0.16777964 0.0 0.0 0.0 0.0 0.0 0.0 0.0 0.03791838 0.0 0.0 0.0 0.0 0.0 0.0059049577 0.0 0.0 0.0 0.0 0.0 0.0 0.0 0.0 0.009417778 0.06302024 0.0 0.0 0.0 0.13753474 0.0 0.0 0.0
0.0 0.0 0.0 0.008245116 0.0 0.0 0.0022986284 0.0 0.0 0.0 0.07462606 0.0 0.030221129 0.0 0.0 0.031948254 0.0 0.0 0.0 0.0 0.0 0.0 0.096742816 0.0 0.0 0.0 0.00595643 0.03951448 0.0 0.0 0.0071242605 0.0 0.18023284 0.0 0.0 0.0 0.0 0.02301401 0.0 0.14886898 0.0 0.0 0.0 0.0 0.0 0.0 0.0 0.052270148 0.029950147 0.038179595 0.11233781 0.0 0.0 0.03352479 0.14237954 0.0
0.3433616 0.0 0.0 0.0 0.0 0.0 0.0 0.0 0.0 0.0 0.031174215 0.05633352 0.0 0.0 0.0 0.0 0.0 0.0 0.0 0.0 0.0 0.0 0.021137308 0.0 0.0 0.0 0.027326755 0.0 0.0 0.002813019 0.12364056 0.103128865 0.0 0.0 0.0 0.0 0.0 0.08072542 0.0 0.0 0.0 0.0 0.0 0.0 0.10182264 0.07152938 0.0 0.0 0.0 0.08074567 0.0 0.0 0.0 0.0 0.0 0.0
0.0 0.0 0.028920298 0.0 0.0 0.0 0.0 0.0 0.0 0.0 0.0 0.13028729 0.0 0.0 0.03588518 0.036138963 0.0 0.0 0.0 0.0 0.030392228 0.21504502 0.077977695 0.0 0.013842212 0.0 0.032369547 0.0 0.0 0.11583254 0.0 0.0 0.02069822 0.0 0.0 0.0 0.0 0.0 0.18448833 0.0 0.0 0.0 0.0 0.0 0.07152937 0.030236462 0.0 0.002520371 0.032592844 0.0 0.0 0.0 0.058229517 0.0 0.0 0.0
0.0 0.0 0.0 0.04584883 0.0 0.0043128612 0.0 0.053946316 0.0 0.014569017 0.0355586 0.0 0.036838893 0.0 0.022390865 0.06355344 0.0028987322 0.0 0.028162379 0.0 0.0 0.06240701 0.0 0.0 0.039465845 0.0 0.0019220996 0.12493962 0.0 0.025485206 0.0 0.0 0.03632581 0.0 0.0 0.0 0.0 0.0 0.0 0.0 0.0 0.0 0.0 0.0 0.0 0.0 0.0 0.0581604 0.0 0.0 0.0 0.0 0.21889807 0.0 0.02051975 0.0
0.0 0.10897247 0.0 0.0 0.0 0.0 0.0 0.0 0.12253243 0.0 0.0 0.018009042 0.0 0.0 0.07153436 0.0 0.0 0.02436459 0.050363332 0.0 0.0 0.0 0.0 0.0071535683 0.006553798 0.0 0.0 0.0 0.051849812 0.0044272454 0.018345838 0.16926548 0.0 0.0 0.0 0.1736247 0.0 0.0 0.0 0.0 0.0 0.02909996 0.009417777 0.052270148 0.0 0.0025203708 0.0581604 0.0 0.0 0.0 0.0 0.0 0.1523156 0.0 0.0 0.0
0.0 0.0 0.0 0.18834314 0.0 0.01044033 0.0 0.0 0.0 0.0 0.0 0.0 0.0 0.0 0.0 0.0 0.0 0.0 0.0046428023 0.0 0.0 0.0 0.0 0.034823317 0.0 0.0 0.0 0.0 0.0 0.0 0.0 0.0 0.0 0.0 0.0 0.0 0.0 0.05023008 0.0649167 0.07854182 0.0 0.042672995 0.06302023 0.02995015 0.0 0.032592848 0.0 0.0 0.0 0.0 0.08624557 0.0 0.0 0.0 0.14183155 0.0
0.0 0.0 0.0 0.0 0.0 0.0 0.0 0.0 0.0 0.014848547 0.0 0.0 0.0 0.06899488 0.0 0.0 0.0 0.0 0.0 0.0 0.0 0.0 0.0 0.0 0.0 0.16531615 0.0 0.05248694 0.08540848 0.0 0.049479254 0.0 0.0 0.0 0.015265664 0.0 0.0 0.0 0.0 0.07118491 0.11589963 0.0 0.0 0.038179595 0.08074567 0.0 0.0 0.0 0.0 0.0 0.0 0.009280272 0.0 0.20724511 0.023631098 0.025442328
0.0 0.14597653 0.0 0.0 0.0 0.009286635 0.0 0.0 0.17930382 0.0 0.0 0.012057766 0.0007423216 0.110214405 0.0 0.0 0.0 0.0 0.0 0.02954771 0.06684191 0.0 0.0 0.0 0.0 0.0 0.0 0.0 0.0 0.0 0.0051659252 0.0 0.008841589 0.027777456 0.0 0.0 0.0 0.0 0.044507924 0.10381943 0.0 0.0 0.0 0.11233781 0.0 0.0 0.0 0.0 0.08624557 0.0 0.0 0.0 0.0 0.0 0.0 0.15786238
0.0 0.09642781 0.0 0.0 0.12093276 0.0 0.0 0.0 0.22212608 0.0 0.0 0.0 0.0 0.0 0.00628727 0.0 0.0 0.0 0.07687327 0.0 0.12870127 0.0 0.0 0.069755934 0.0 0.0 0.0 0.0 0.0 0.046024244 0.0 0.0 0.00085746945 0.1301432 0.0 0.038024995 0.0 0.0 0.0 0.057608128 0.0 0.0 0.0 0.0 0.0 0.0 0.0 0.0 0.0 0.009280272 0.0 0.014763573 0.0 0.041618865 0.0 0.0
0.0 0.0 0.0 0.24459694 0.0 0.058204554 0.0 0.0 0.015467728 0.0 0.015225327 0.0 0.0 0.0 0.0 0.07547796 0.0 0.0 0.004849546 0.0 0.0 0.0 0.0 0.0 0.0 0.0 0.071074374 0.013103598 0.0 0.0 0.0 0.0 0.0 0.0 0.0 0.0 0.0 0.08277682 0.0 0.0 0.0 0.06416229 0.13753474 0.0 0.0 0.058229517 0.21889809 0.1523156 0.0 0.0 0.0 0.0 0.0 0.044720918 0.0032060298 0.0
0.0 0.0 0.027658492 0.0 0.032631844 0.0 0.04762639 0.025397452 0.0 0.0075052874 0.0114154965 0.0 0.0 0.0 0.0 0.0 0.009689218 0.0 0.0 0.0 0.0 0.06294526 0.0 0.0 0.15885964 0.0 0.0 0.0 0.0 0.0 0.0 0.0 0.08469003 0.0 0.0 0.0 0.0 0.0 0.0 0.0 0.060448665 0.0 0.0 0.03352479 0.0 0.0 0.0 0.0 0.0 0.2072451 0.0 0.041618865 0.044720918 0.029406026 0.0 0.0
0.0 0.0 0.029873746 0.0 0.0 0.0 0.019412527 0.0 0.0 0.0 0.0 0.19692472 0.0 0.0 0.0 0.0 0.029686034 0.028803881 0.0 0.0 0.0 0.0 0.0 0.0 0.0 0.00905835 0.0 0.0 0.009642148 0.17885014 0.0 0.0 0.016762493 0.04946951 0.0 0.0 0.0 0.0 0.14729819 0.0 0.0 0.0 0.0 0.14237954 0.0 0.0 0.020519752 0.0 0.14183155 0.023631098 0.0 0.0 0.0032060298 0.0 0.0 0.015879754
0.0 0.0 0.09528667 0.023004001 0.056775708 0.0 0.028274832 0.0 0.0 0.22589424 0.0067633027 0.0 0.15159118 0.0 0.0 0.0 0.09975803 0.0 0.029378975 0.0 0.0 0.0 0.0 0.0 0.0 0.0 0.040986426 0.013442494 0.0 0.020210996 0.0 0.0 0.0 0.0 0.0 0.0 0.0 0.0 0.0 0.0 0.0 0.0 0.0 0.0 0.0 0.0 0.0 0.0 0.0 0.025442328 0.15786238 0.0 0.0 0.0 0.015879754 0.035614956
