0.0 0.005502637 0.082381204 0.0 0.12294255 0.0 0.0 0.0 0.0 0.0 0.0 0.0 0.0 0.0 0.0 0.0 0.023378344 0.1493149 0.0 0.0 0.0 0.0 0.0 0.0 0.17011099 0.002120905 0.0 0.0 0.021540929 0.021832375 0.0 0.10219046 0.0 0.0 0.00394439 0.1805118 0.0 0.011945066 0.32259738 0.0 0.0 0.0 0.0 0.0 0.0 0.0 0.0 0.0 0.0 0.0 0.0 0.002139327 0.13227558 0.0 0.0 0.0
0.005502637 0.19997281 0.0 0.016344465 0.0 0.0 0.0 0.0 0.022585846 0.06411145 0.0 0.0 0.0 0.0 0.0 0.0 0.0 0.0 0.0 0.0 0.18428433 0.0 0.0 0.009260271 0.0 0.0 0.0 0.0 0.0 0.007795304 0.0 0.028526431 0.0 0.0 0.0 0.0 0.03775955 0.0 0.0 0.01352413 0.0 0.0 0.0 0.0 0.054127194 0.0 0.0075624455 0.013829159 0.07412365 0.041474156 0.0 0.0 0.0 0.0 0.0 0.057266336
0.082381204 0.0 0.0 0.0 0.0 0.0 0.0 0.013480371 0.0 0.0 0.0 0.0 0.0 0.0 0.0 0.0 0.0 0.0 0.0 0.0 0.0 0.0 0.1021612 0.0 0.0 0.0 0.041281257 0.0 0.0 0.0 0.0 0.00536142 0.0 0.0 0.0 0.0 0.31053677 0.0 0.0 0.0 0.0 0.0 0.0 0.0 0.12580778 0.046637245 0.0 0.0 0.0 0.0 0.050896775 0.0 0.0 0.0 0.0 0.0
0.0 0.016344465 0.0 0.0 0.0 0.0 0.025385251 0.0 0.0 0.0 0.0 0.0039699627 0.026053023 0.0 0.0 0.0 0.0 0.0 0.0 0.0 0.0 0.0 0.0 0.039168514 0.0 0.0 0.0 0.0 0.18904932 0.0 0.0 0.0 0.0 0.03133504 0.06741392 0.0 0.0 0.0 0.0 0.008160935 0.0 0.18527184 0.0 0.0 0.0 0.0 0.0 0.0 0.0 0.0 0.0 0.0016667926 0.0 0.10569327 0.0 0.39856455
0.12294256 0.0 0.0 0.0 0.0 0.0 0.11578928 0.08290045 0.04697513 0.0 0.0 0.0 0.028771184 0.0 0.15544581 0.0 0.0 0.0 0.0 0.0 0.0 0.0 0.0 0.08579082 0.0 0.0 0.0 0.0 0.0 0.0 0.0 0.0 0.0 0.0 0.23075502 0.0 0.0 0.0 0.0 0.0 0.004421568 0.0 0.0 0.0 0.0 0.0 0.0 0.0 0.0 0.0 0.0 0.0 0.0 0.13199869 0.0 0.0
0.0 0.0 0.0 0.0 0.0 0.0 0.0 0.0 0.18257728 0.0 0.022618812 0.0 0.0 0.0 0.03819466 0.0 0.0 0.0 0.0 0.0 0.06582294 0.0 0.0 0.0 0.0 0.0 0.0 0.0 0.0 0.13767359 0.0 0.11733424 0.0 0.0 0.0 0.0 0.07792155 0.016318992 0.0 0.0 0.0 0.0 0.015865233 0.007170056 0.0 0.007775537 0.0 0.0 0.06637415 0.13304396 0.013274769 0.0 0.0 0.0 0.0 0.0
0.0 0.0 0.0 0.025385251 0.11578928 0.0 0.0 0.0 0.0 0.0 0.0 0.05670356 0.0 0.0 0.0 0.0 0.0 0.0 0.0 0.0 0.10250881 0.13230121 0.0 0.0 0.053303916 0.0 0.0 0.0 0.0 0.0 0.0 0.0 0.0 0.0 0.0 0.0 0.022137834 0.0 0.0 0.0 0.0 0.0 0.0 0.06711871 0.010317391 0.0 0.0 0.0 0.1862059 0.0 0.0 0.0 0.0 0.0 0.0 0.0
0.0 0.0 0.013480371 0.0 0.08290045 0.0 0.0 0.0 0.0 0.0 0.0 0.013417834 0.0 0.0 0.0 0.0 0.0 0.0599161 0.018427176 0.15817319 0.0 0.0 0.0 0.0 0.044847324 0.0 0.0 0.0 0.0 0.0 0.0 0.04136935 0.0 0.0 0.0 0.0 0.0 0.0 0.14859205 0.0 0.0 0.00039922135 0.0 0.0 0.0 0.0676609 0.44122267 0.0 0.0 0.0 0.0 0.0 0.06556821 0.0 0.0 0.0
0.0 0.022585846 0.0 0.0 0.04697513 0.18257728 0.0 0.0 0.042594627 0.0 0.0 0.19360101 0.03583751 0.0 0.0 0.0 0.0 0.0 0.059294682 0.0 0.016215244 0.0 0.0 0.0 0.0 0.0 0.0 0.0 0.0 0.0 0.0 0.0 0.076943815 0.0 0.0 0.0 0.0 0.031703874 0.0072724354 0.0 0.0 0.0 0.0 0.025860721 0.0 0.07963152 0.0 0.023097977 0.13482228 0.0 0.0 0.0 0.0 0.016573142 0.0 0.0
0.0 0.06411145 0.0 0.0 0.0 0.0 0.0 0.0 0.0 0.07937978 0.0 0.0 0.0 0.0 0.0 0.0 0.0 0.23836324 0.0 0.0 0.0 0.0 0.06289424 0.0 0.0 0.0 0.0 0.0 0.0 0.0 0.0 0.04260349 0.0 0.0 0.00741356 0.0 0.0 0.0 0.0 0.0 0.0 0.0 0.0 0.020968154 0.0 0.0 0.0 0.0 0.0 0.0 0.0 0.0013396568 0.039958913 0.0 0.3366466 0.0
0.0 0.0 0.0 0.0 0.0 0.022618813 0.0 0.0 0.0 0.0 0.0 0.0 0.03921739 0.05918249 0.0 0.0 0.057946656 0.025483405 0.22519277 0.0 0.011658743 0.022796517 0.0 0.0 0.0 0.0 0.0 0.0 0.0 0.016906098 0.0 0.0051178443 0.0 0.0 0.038805086 0.08371475 0.0 0.0 0.0 0.0 0.30257353 0.1678155 0.02176548 0.0 0.0 0.0 0.0 0.0 0.0 0.020431483 0.0 0.0057212627 0.07665906 0.006923015 0.0 0.0
0.0 0.0 0.0 0.0039699627 0.0 0.0 0.05670356 0.013417834 0.19360101 0.0 0.0 0.0 0.0 0.0 0.0 0.0 0.028304558 0.0 0.0 0.0 0.0 0.0 0.0 0.0 0.05367792 0.0 0.0 0.0 0.300605 0.0 0.0 0.0 0.0 0.0 0.0 0.0 0.0 0.0 0.0 0.0 0.0 0.0 0.0 0.15221354 0.012022842 0.05461131 0.090555646 0.0 0.0 0.0 0.0 0.0 0.0 0.0 0.0 0.0
0.0 0.0 0.0 0.02605302 0.028771184 0.0 0.0 0.0 0.035837512 0.0 0.039217386 0.0 0.14592089 0.0 0.0 0.06069316 0.0 0.0 0.0 0.0 0.0 0.0 0.0 0.0 0.0 0.0 0.07959021 0.041452877 0.0 0.0 0.04926101 0.09339292 0.09646215 0.0 0.0 0.023884408 0.0 0.03991851 0.0 0.028278189 0.0 0.0 0.0 0.0 0.0 0.004676762 0.0 0.0668386 0.009275367 0.0 0.016731534 0.0 0.0 0.0 0.0 0.0
0.0 0.0 0.0 0.0 0.0 0.0 0.0 0.0 0.0 0.0 0.05918249 0.0 0.0 0.32459322 0.0 0.0 0.0 0.0 0.0 0.0 0.0 0.0 0.0 0.0 0.033621587 0.1940794 0.006037692 0.0 0.0 0.0 0.09033376 0.06658111 0.0 0.0 0.0 0.0 0.0 0.0 0.0 0.0 0.0 0.0 0.0 0.0 0.0 0.0 0.0 0.0 0.026530122 0.006712433 0.0 0.057578284 0.0 0.02317867 0.0 0.0
0.0 0.0 0.0 0.0 0.15544581 0.038194664 0.0 0.0 0.0 0.0 0.0 0.0 0.0 0.0 0.0 0.0 0.018423308 0.0 0.0 0.028461607 0.0 0.020480115 0.05503913 0.0 0.005016719 0.0 0.1410797 0.08997892 0.0 0.0 0.02584017 0.0 0.0 0.0 0.0 0.0 0.0 0.0 0.0 0.012323566 0.0 0.05095732 0.0 0.0 0.0 0.0 0.013816315 0.0 0.0 0.0 0.007494576 0.0 0.0 0.09702341 0.0 0.0
0.0 0.0 0.0 0.0 0.0 0.0 0.0 0.0 0.0 0.0 0.0 0.0 0.060693156 0.0 0.0 0.0 0.0 0.0 0.0 0.0 0.0 0.0 0.1775743 0.0 0.0 0.07080174 0.06419683 0.11795962 0.0 0.0 0.0 0.0 0.0 0.0 0.0 0.0 0.0 0.0 0.0 0.2673135 0.0 0.0 0.012922098 0.0 0.0 0.0 0.0 0.0 0.0 0.0 0.048162438 0.0 0.0 0.025550611 0.0 0.0
0.023378344 0.0 0.0 0.0 0.0 0.0 0.0 0.0 0.0 0.0 0.057946656 0.02830456 0.0 0.0 0.018423308 0.0 0.0 0.0 0.0 0.12268349 0.0 0.02495545 0.0040376205 0.0 0.0 0.0 0.0 0.0 0.0 0.0 0.124410406 0.01854008 0.08902982 0.0 0.0 0.0 0.0 0.0 0.0 0.0 0.0 0.0 0.0290029 0.23511055 0.07322845 0.017595131 0.0 0.0 0.014656258 0.0 0.0 0.0 0.0 0.0 0.0 0.0
0.14931488 0.0 0.0 0.0 0.0 0.0 0.0 0.059916098 0.0 0.23836324 0.025483405 0.0 0.0 0.0 0.0 0.0 0.0 0.0 0.0 0.0 0.0 0.0 0.0 0.1702292 0.0 0.0 0.0 0.0 0.0 0.0 0.0 0.0 0.0 0.0 0.05141664 0.0 0.07504219 0.022524131 0.0 0.0 0.0 0.0 0.0 0.0 0.07692604 0.0 0.0 0.0 0.0 0.0 0.0 0.0 0.0 0.009892531 0.0 0.004702408
0.0 0.0 0.0 0.0 0.0 0.0 0.0 0.018427176 0.05929468 0.0 0.22519277 0.0 0.0 0.0 0.0 0.0 0.0 0.0 0.01110732 0.0 0.0 0.0 0.0 0.22506104 0.0 0.0 0.01282863 0.026640657 0.006742057 0.0 0.0 0.0 0.0 0.0 0.0 0.019942008 0.0 0.0079741245 0.0 0.0 0.0 0.0 0.0 0.0 0.0 0.12651877 0.0 0.0 0.020368706 0.0 0.0 0.0 0.0031045207 0.0 0.0 0.0
0.0 0.0 0.0 0.0 0.0 0.0 0.0 0.15817317 0.0 0.0 0.0 0.0 0.0 0.0 0.028461607 0.0 0.12268349 0.0 0.0 0.0 0.0 0.15701234 0.0 0.022520557 0.0 0.0 0.0 0.03195167 0.0 0.0 0.0 0.0 0.0 0.0 0.011784 0.0 0.0 0.0 0.0 0.0 0.0 0.0 0.17706858 0.0 0.0 0.0 0.0 0.0 0.0 0.0 0.08471689 0.0 0.0 0.034641407 0.0 0.0
0.0 0.18428433 0.0 0.0 0.0 0.06582294 0.10250881 0.0 0.016215244 0.0 0.011658743 0.0 0.0 0.0 0.0 0.0 0.0 0.0 0.0 0.0 0.16481106 0.059836023 0.0702529 0.0 0.0 0.0 0.057061706 0.0 0.0 0.026045123 0.0 0.0 0.021263361 0.0 0.0 0.0 0.0 0.0 0.0135723185 0.0 0.0 0.009274159 0.0 0.0 0.0 0.0 0.0 0.0 0.0 0.0 0.17033063 0.0 0.0 0.0 0.06119189 0.0
0.0 0.0 0.0 0.0 0.0 0.0 0.13230121 0.0 0.0 0.0 0.022796517 0.0 0.0 0.0 0.020480115 0.0 0.02495545 0.0 0.0 0.15701234 0.059836023 0.0 0.0 0.0 0.03262418 0.0 0.0 0.0 0.0 0.041829105 0.0 0.0 0.0 0.018861327 0.0 0.0 0.027717955 0.0 0.0 0.0 0.0 0.0 0.0 0.0 0.12718219 0.0 0.0550149 0.0 0.0 0.065809056 0.0 0.0 0.114901215 0.0 0.0 0.0
0.0 0.0 0.1021612 0.0 0.0 0.0 0.0 0.0 0.0 0.06289424 0.0 0.0 0.0 0.0 0.05503913 0.17757429 0.004037621 0.0 0.0 0.0 0.0702529 0.0 0.0 0.0453768 0.0 0.034636553 0.036408477 0.0 0.0 0.0 0.0 0.0 0.015310685 0.066451535 0.021390064 0.0 0.030044053 0.088019274 0.017516537 0.0 0.0 0.0 0.0 0.0 0.0 0.0 0.0 0.0 0.0 0.06102214 0.0 0.2450347 0.0 0.0 0.0 0.0
0.0 0.009260272 0.0 0.039168518 0.08579082 0.0 0.0 0.0 0.0 0.0 0.0 0.0 0.0 0.0 0.0 0.0 0.0 0.1702292 0.22506104 0.022520557 0.0 0.0 0.045376796 0.0640649 0.0 0.072483875 0.0 0.0 0.0 0.0 0.11838573 0.054535504 0.0 0.0 0.0 0.02839484 0.0 0.072981365 0.0 0.010228275 0.0 0.026114682 0.0 0.0 0.0 0.0 0.0 0.0 0.0 0.0 0.0 0.008526261 0.0 0.06708373 0.0 0.0
0.17011099 0.0 0.0 0.0 0.0 0.0 0.053303912 0.044847324 0.0 0.0 0.0 0.05367792 0.0 0.033621587 0.005016719 0.0 0.0 0.0 0.0 0.0 0.0 0.032624178 0.0 0.0 0.0 0.0 0.0 0.0 0.0 0.0 0.016243448 0.0 0.009219776 0.0 0.0 0.0 0.0 0.0 0.0 0.0 0.060954385 0.0 0.0 0.0742262 0.29907304 0.117973976 0.0 0.0 0.0 0.0 0.0135566145 0.0 0.0 0.0 0.0 0.0
0.002120905 0.0 0.0 0.0 0.0 0.0 0.0 0.0 0.0 0.0 0.0 0.0 0.0 0.19407938 0.0 0.07080174 0.0 0.0 0.0 0.0 0.0 0.0 0.03463655 0.072483875 0.0 0.1529766 0.0 0.039345134 0.021702113 0.0 0.0 0.0 0.0 0.0 0.13730863 0.0 0.050850786 0.0 0.0 0.0 0.0 0.0 0.0 0.0 0.0018276428 0.0 0.0 0.0 0.0 0.0 0.0 0.14227867 0.0 0.124947675 0.0 0.0
0.0 0.0 0.041281253 0.0 0.0 0.0 0.0 0.0 0.0 0.0 0.0 0.0 0.07959021 0.0060376916 0.1410797 0.064196825 0.0 0.0 0.01282863 0.0 0.05706171 0.0 0.03640848 0.0 0.0 0.0 0.0 0.06068468 0.007367212 0.0 0.0 0.01652143 0.0 0.1319273 0.08542882 0.0 0.0 0.15281084 0.0 0.001351192 0.0 0.0 0.17195177 0.0 0.0 0.0 0.0 0.011650255 0.0 0.057854343 0.0 0.011682665 0.0 0.024174828 0.0 0.034889165
0.0 0.0 0.0 0.0 0.0 0.0 0.0 0.0 0.0 0.0 0.0 0.0 0.041452877 0.0 0.08997892 0.11795962 0.0 0.0 0.026640657 0.03195167 0.0 0.0 0.0 0.0 0.0 0.039345134 0.060684677 0.10141834 0.0 0.0 0.0 0.10009498 0.0 0.0 0.00017679615 0.07123738 0.0 0.0 0.0 0.093983665 0.0 0.0624298 0.1059371 0.0 0.0 0.0 0.0 0.0 0.0 0.0 0.010795715 0.10102267 0.0 0.0 0.012677924 0.0
0.021540929 0.0 0.0 0.18904932 0.0 0.0 0.0 0.0 0.0 0.0 0.0 0.30060503 0.0 0.0 0.0 0.0 0.0 0.0 0.0067420565 0.0 0.0 0.0 0.0 0.0 0.0 0.021702113 0.0073672123 0.0 0.0 0.0 0.16150539 0.0 0.0 0.0 0.0 0.0 0.0 0.0 0.0 0.0 0.0 0.0 0.0 0.14499544 0.0 0.0 0.0 0.0 0.0 0.0 0.05753312 0.0 0.0 0.0 0.0125746755 0.0
0.021832375 0.0077953036 0.0 0.0 0.0 0.13767359 0.0 0.0 0.0 0.0 0.016906098 0.0 0.0 0.0 0.0 0.0 0.0 0.0 0.0 0.0 0.026045123 0.041829105 0.0 0.0 0.0 0.0 0.0 0.0 0.0 0.012307664 0.0 0.0 0.07460323 0.0 0.0 0.0 0.0 0.0 0.0 0.0 0.20405588 0.0 0.0 0.1712569 0.0 0.035720214 0.0 0.0 0.0744787 0.0373734 0.0 0.0 0.0 0.0 0.0 0.0
0.0 0.0 0.0 0.0 0.0 0.0 0.0 0.0 0.0 0.0 0.0 0.0 0.04926101 0.09033376 0.025840169 0.0 0.124410406 0.0 0.0 0.0 0.0 0.0 0.0 0.11838573 0.016243447 0.0 0.0 0.0 0.16150539 0.0 0.0 0.0 0.0 0.0 0.10102713 0.0 0.0 0.0 0.0 0.013128249 0.003986639 0.060588133 0.0321031 0.0 0.0 0.0 0.0 0.0 0.0 0.05542276 0.0 0.042124715 0.0 0.0712372 0.0 0.0
0.10219046 0.028526431 0.0053614196 0.0 0.0 0.11733424 0.0 0.04136935 0.0 0.042603485 0.0051178443 0.0 0.09339292 0.06658111 0.0 0.0 0.018540079 0.0 0.0 0.0 0.0 0.0 0.0 0.05453551 0.0 0.0 0.01652143 0.10009498 0.0 0.0 0.0 0.0 0.0 0.0 0.0 0.0 0.04968637 0.0 0.0 0.0 0.0 0.0 0.0 0.050491963 0.008884902 0.012318849 0.0 0.0 0.0030441026 0.023209762 0.0 0.0 0.0 0.075661786 0.0 0.044277504
0.0 0.0 0.0 0.0 0.0 0.0 0.0 0.0 0.076943815 0.0 0.0 0.0 0.09646215 0.0 0.0 0.0 0.089029826 0.0 0.0 0.0 0.021263361 0.0 0.015310685 0.0 0.009219777 0.0 0.0 0.0 0.0 0.07460324 0.0 0.0 0.07242476 0.14813818 0.0 0.0 0.0 0.003764732 0.024892364 0.068533964 0.082705446 0.010765299 0.14331426 0.0 0.0 0.0 0.0 0.0 0.0 0.12709631 0.0 0.0 0.0 0.0 0.0 0.0
0.0 0.0 0.0 0.03133504 0.0 0.0 0.0 0.0 0.0 0.0 0.0 0.0 0.0 0.0 0.0 0.0 0.0 0.0 0.0 0.0 0.0 0.018861327 0.066451535 0.0 0.0 0.0 0.13192728 0.0 0.0 0.0 0.0 0.0 0.14813818 0.0 0.0 0.0 0.15696092 0.0 0.0 0.054997623 0.0 0.0 0.0 0.0 0.07783195 0.0 0.0 0.10880439 0.04502127 0.0 0.013919149 0.0 0.0 0.015581967 0.0933475 0.0
0.00394439 0.0 0.0 0.06741392 0.230755 0.0 0.0 0.0 0.0 0.0074135605 0.038805082 0.0 0.0 0.0 0.0 0.0 0.0 0.05141664 0.0 0.011784 0.0 0.0 0.021390064 0.0 0.0 0.13730861 0.08542882 0.00017679615 0.0 0.0 0.10102712 0.0 0.0 0.0 0.0 0.0 0.0 0.04061418 0.018705325 0.0 0.0 0.0 0.0 0.0 0.0 0.007913369 0.0 0.0 0.0 0.0 0.17760146 0.0 0.0 0.0 0.061557654 0.0
0.18051179 0.0 0.0 0.0 0.0 0.0 0.0 0.0 0.0 0.0 0.08371475 0.0 0.023884408 0.0 0.0 0.0 0.0 0.0 0.01994201 0.0 0.0 0.0 0.0 0.02839484 0.0 0.0 0.0 0.07123738 0.0 0.0 0.0 0.0 0.0 0.0 0.0 0.0 0.17024077 0.0 0.0 0.0 0.0 0.0 0.0 0.0 0.0011268796 0.0 0.0 0.0777295 0.04294755 0.02748764 0.0 0.0 0.0 0.05124748 0.0 0.0
0.0 0.037759554 0.31053677 0.0 0.0 0.07792155 0.022137834 0.0 0.0 0.0 0.0 0.0 0.0 0.0 0.0 0.0 0.0 0.07504218 0.0 0.0 0.0 0.027717955 0.030044055 0.0 0.0 0.050850786 0.0 0.0 0.0 0.0 0.0 0.04968637 0.0 0.1569609 0.0 0.17024077 0.0 0.04077467 0.0 0.0 0.0 0.0 0.0 0.0 0.0 0.0 0.09835376 0.00032878006 0.0 0.0 0.0 0.0334906 0.0 0.0 0.0 0.0
0.011945066 0.0 0.0 0.0 0.0 0.01631899 0.0 0.0 0.03170387 0.0 0.0 0.0 0.03991851 0.0 0.0 0.0 0.0 0.022524131 0.007974125 0.0 0.0 0.0 0.088019274 0.072981365 0.0 0.0 0.15281084 0.0 0.0 0.0 0.0 0.0 0.0037647318 0.0 0.040614177 0.0 0.04077467 0.02403907 0.0 0.08176985 0.0 0.0 0.08241216 0.0 0.030424928 0.009794591 0.0 0.008236902 0.0 0.0048592105 0.0 0.0 0.0 0.03500204 0.0 0.010777049
0.32259738 0.0 0.0 0.0 0.0 0.0 0.0 0.14859205 0.007272435 0.0 0.0 0.0 0.0 0.0 0.0 0.0 0.0 0.0 0.0 0.0 0.0135723185 0.0 0.017516537 0.0 0.0 0.0 0.0 0.0 0.0 0.0 0.0 0.0 0.024892366 0.0 0.018705323 0.0 0.0 0.0 0.0 0.0 0.075867005 0.0 0.0 0.064474925 0.0410681 0.07286933 0.0 0.0 0.0 0.0 0.0101691745 0.034375977 0.0 0.0 0.0 0.0
0.0 0.01352413 0.0 0.008160935 0.0 0.0 0.0 0.0 0.0 0.0 0.0 0.0 0.02827819 0.0 0.012323565 0.2673135 0.0 0.0 0.0 0.0 0.0 0.0 0.0 0.010228275 0.0 0.0 0.001351192 0.09398366 0.0 0.0 0.013128249 0.0 0.06853397 0.054997623 0.0 0.0 0.0 0.08176985 0.0 0.0 0.0 0.0 0.0 0.0 0.0 0.0 0.0 0.27510113 0.16278729 0.0 0.0756269 0.0 0.0 0.0 0.0 0.0
0.0 0.0 0.0 0.0 0.004421568 0.0 0.0 0.0 0.0 0.0 0.30257353 0.0 0.0 0.0 0.0 0.0 0.0 0.0 0.0 0.0 0.0 0.0 0.0 0.0 0.060954385 0.0 0.0 0.0 0.0 0.20405588 0.003986639 0.0 0.08270545 0.0 0.0 0.0 0.0 0.0 0.075867005 0.0 0.0 0.0 0.0 0.0 0.0 0.0 0.0 0.0 0.021522176 0.0 0.0 0.0 0.10497694 0.0 0.0 0.0
0.0 0.0 0.0 0.18527184 0.0 0.0 0.0 0.00039922135 0.0 0.0 0.1678155 0.0 0.0 0.0 0.05095732 0.0 0.0 0.0 0.0 0.0 0.009274159 0.0 0.0 0.026114682 0.0 0.0 0.0 0.0624298 0.0 0.0 0.06058813 0.0 0.010765298 0.0 0.0 0.0 0.0 0.0 0.0 0.0 0.0 0.0 0.0 0.0 0.0 0.017380241 0.0 0.0 0.28520432 0.0 0.0 0.0 0.0 0.0 0.0 0.0
0.0 0.0 0.0 0.0 0.0 0.015865231 0.0 0.0 0.0 0.0 0.02176548 0.0 0.0 0.0 0.0 0.012922098 0.029002901 0.0 0.0 0.17706858 0.0 0.0 0.0 0.0 0.0 0.0 0.17195177 0.10593709 0.0 0.0 0.0321031 0.0 0.14331426 0.0 0.0 0.0 0.0 0.08241216 0.0 0.0 0.0 0.0 0.01810992 0.0 0.07647124 0.0 0.0 0.07414506 0.016076777 0.0 0.18414822 0.0 0.0 0.0 0.0 0.0
0.0 0.0 0.0 0.0 0.0 0.0071700565 0.06711871 0.0 0.025860721 0.020968154 0.0 0.15221356 0.0 0.0 0.0 0.0 0.23511057 0.0 0.0 0.0 0.0 0.0 0.0 0.0 0.0742262 0.0 0.0 0.0 0.14499544 0.17125688 0.0 0.050491963 0.0 0.0 0.0 0.0 0.0 0.0 0.064474925 0.0 0.0 0.0 0.0 0.057338215 0.0 0.008763148 0.04601231 0.0 0.0 0.023805844 0.0 0.0 0.025379868 0.0 0.0 0.16134542
0.0 0.054127198 0.12580778 0.0 0.0 0.0 0.01031739 0.0 0.0 0.0 0.0 0.012022842 0.0 0.0 0.0 0.0 0.07322845 0.07692604 0.0 0.0 0.0 0.12718219 0.0 0.0 0.29907304 0.0018276428 0.0 0.0 0.0 0.0 0.0 0.008884902 0.0 0.07783195 0.0 0.0011268796 0.0 0.030424928 0.0410681 0.0 0.0 0.0 0.07647123 0.0 0.0 0.0 0.0 0.0 0.0 0.0 0.0 0.00050883985 0.1341599 0.0 0.018277328 0.0
0.0 0.0 0.046637245 0.0 0.0 0.0077755367 0.0 0.0676609 0.07963152 0.0 0.0 0.05461131 0.004676762 0.0 0.0 0.0 0.017595131 0.0 0.12651876 0.0 0.0 0.0 0.0 0.0 0.117973976 0.0 0.0 0.0 0.0 0.035720214 0.0 0.01231885 0.0 0.0 0.007913369 0.0 0.0 0.009794592 0.07286933 0.0 0.0 0.01738024 0.0 0.008763148 0.0 0.10736229 0.0 0.0 0.0 0.022071322 0.0 0.0 0.25100285 0.0 0.0 0.0
0.0 0.0075624455 0.0 0.0 0.0 0.0 0.0 0.44122264 0.0 0.0 0.0 0.09055565 0.0 0.0 0.013816314 0.0 0.0 0.0 0.0 0.0 0.0 0.0550149 0.0 0.0 0.0 0.0 0.0 0.0 0.0 0.0 0.0 0.0 0.0 0.0 0.0 0.0 0.09835376 0.0 0.0 0.0 0.0 0.0 0.0 0.04601231 0.0 0.0 0.0 0.0 0.0 0.0 0.0 0.0 0.0 0.0 0.0 0.0
0.0 0.01382916 0.0 0.0 0.0 0.0 0.0 0.0 0.023097979 0.0 0.0 0.0 0.0668386 0.0 0.0 0.0 0.0 0.0 0.0 0.0 0.0 0.0 0.0 0.0 0.0 0.0 0.011650255 0.0 0.0 0.0 0.0 0.0 0.0 0.10880439 0.0 0.07772951 0.0003287801 0.008236902 0.0 0.27510113 0.0 0.0 0.07414506 0.0 0.0 0.0 0.0 0.0 0.0 0.0 0.066409804 0.06736923 0.0 0.033842143 0.021908158 0.0
0.0 0.07412365 0.0 0.0 0.0 0.06637415 0.18620591 0.0 0.13482228 0.0 0.0 0.0 0.009275366 0.026530124 0.0 0.0 0.014656258 0.0 0.020368705 0.0 0.0 0.0 0.0 0.0 0.0 0.0 0.0 0.0 0.0 0.0744787 0.0 0.0030441026 0.0 0.045021273 0.0 0.04294755 0.0 0.0 0.0 0.16278729 0.021522176 0.28520435 0.016076775 0.0 0.0 0.0 0.0 0.0 0.0 0.0 0.0 0.0 0.0 0.0 0.0 0.0
0.0 0.041474156 0.0 0.0 0.0 0.13304396 0.0 0.0 0.0 0.0 0.020431483 0.0 0.0 0.006712433 0.0 0.0 0.0 0.0 0.0 0.0 0.0 0.065809056 0.06102214 0.0 0.0 0.0 0.057854343 0.0 0.0 0.0373734 0.055422757 0.023209762 0.12709631 0.0 0.0 0.027487641 0.0 0.004859211 0.0 0.0 0.0 0.0 0.0 0.023805846 0.0 0.022071322 0.0 0.0 0.0 0.08393331 0.098216966 0.0 0.0 0.0 0.0 0.0
0.0 0.0 0.050896775 0.0 0.0 0.013274769 0.0 0.0 0.0 0.0 0.0 0.0 0.016731534 0.0 0.0074945763 0.048162434 0.0 0.0 0.0 0.08471688 0.17033063 0.0 0.0 0.0 0.0135566145 0.0 0.0 0.010795715 0.05753312 0.0 0.0 0.0 0.0 0.0139191495 0.17760146 0.0 0.0 0.0 0.010169174 0.0756269 0.0 0.0 0.1841482 0.0 0.0 0.0 0.0 0.066409804 0.0 0.09821697 0.0 0.06162076 0.0 0.0 0.0 0.0
0.0021393273 0.0 0.0 0.0016667926 0.0 0.0 0.0 0.0 0.0 0.0013396568 0.005721262 0.0 0.0 0.057578284 0.0 0.0 0.0 0.0 0.0 0.0 0.0 0.0 0.24503468 0.00852626 0.0 0.14227867 0.011682665 0.10102267 0.0 0.0 0.042124715 0.0 0.0 0.0 0.0 0.0 0.0334906 0.0 0.034375977 0.0 0.0 0.0 0.0 0.0 0.00050883985 0.0 0.0 0.06736922 0.0 0.0 0.061620757 0.0 0.0 0.021116717 0.30217576 0.0
0.13227557 0.0 0.0 0.0 0.0 0.0 0.0 0.065568216 0.0 0.039958913 0.07665906 0.0 0.0 0.0 0.0 0.0 0.0 0.0 0.0031045207 0.0 0.0 0.11490121 0.0 0.0 0.0 0.0 0.0 0.0 0.0 0.0 0.0 0.0 0.0 0.0 0.0 0.0 0.0 0.0 0.0 0.0 0.10497694 0.0 0.0 0.025379868 0.13415991 0.25100285 0.0 0.0 0.0 0.0 0.0 0.0 0.0 0.0 0.0 0.08117573
0.0 0.0 0.0 0.10569327 0.13199869 0.0 0.0 0.0 0.016573142 0.0 0.0069230148 0.0 0.0 0.02317867 0.09702341 0.025550611 0.0 0.009892531 0.0 0.034641407 0.0 0.0 0.0 0.06708373 0.0 0.124947675 0.02417483 0.0 0.0 0.0 0.07123721 0.075661786 0.0 0.015581967 0.0 0.051247478 0.0 0.03500204 0.0 0.0 0.0 0.0 0.0 0.0 0.0 0.0 0.0 0.033842143 0.0 0.0 0.0 0.021116715 0.0 0.0 0.0 0.0
0.0 0.0 0.0 0.0 0.0 0.0 0.0 0.0 0.0 0.3366466 0.0 0.0 0.0 0.0 0.0 0.0 0.0 0.0 0.0 0.0 0.061191887 0.0 0.0 0.0 0.0 0.0 0.0 0.012677924 0.0125746755 0.0 0.0 0.0 0.0 0.0933475 0.061557654 0.0 0.0 0.0 0.0 0.0 0.0 0.0 0.0 0.0 0.018277328 0.0 0.0 0.021908158 0.0 0.0 0.0 0.3021758 0.0 0.0 0.0 0.0
0.0 0.057266336 0.0 0.39856455 0.0 0.0 0.0 0.0 0.0 0.0 0.0 0.0 0.0 0.0 0.0 0.0 0.0 0.004702408 0.0 0.0 0.0 0.0 0.0 0.0 0.0 0.0 0.034889165 0.0 0.0 0.0 0.0 0.0442775 0.0 0.0 0.0 0.0 0.0 0.010777049 0.0 0.0 0.0 0.0 0.0 0.16134544 0.0 0.0 0.0 0.0 0.0 0.0 0.0 0.0 0.08117574 0.0 0.0 0.0
