0.0 0.0 0.0 0.19264497 0.0 0.004794859 0.0 0.0 0.1130394 0.0 0.0 0.0 0.029852675 0.0063153324 0.14028372 0.0 0.0 0.0 0.0 0.0036198362 0.0 0.0 0.0 0.0 0.030218905 0.0 0.0 0.052971598 0.0 0.0 0.0 0.0 0.0 0.0 0.0 0.0 0.0 0.0 0.0 0.12151065 0.039606463 0.0 0.19006673 0.0 0.0 0.0 0.03052159 0.0 0.0 0.0 0.06712036 0.0 0.020983744 0.07088248 0.16214353 0.0
0.0 0.0 0.0 0.038919587 0.1808927 0.0 0.0 0.0 0.0 0.0 0.0 0.0 0.0 0.0 0.0 0.07611237 0.0 0.0 0.0 0.007450395 0.0 0.0 0.0 0.055942256 0.0 0.047191236 0.0 0.0 0.0 0.0 0.0053222664 0.0 0.0 0.0 0.0 0.22225057 0.0 0.0 0.0 0.0 0.0 0.06867664 0.0 0.0 0.0 0.0 0.0 0.063023716 0.0 0.0 0.01037724 0.0 0.0 0.013322695 0.0 0.003760549
0.0 0.0 0.0 0.122290716 0.0 0.026818668 0.0 0.0 0.0 0.0 0.01419081 0.0 0.0 0.0 0.0 0.0 0.0 0.0 0.0032287952 0.0 0.22975571 0.0 0.0154988505 0.0 0.0 0.0 0.002727466 0.0 0.0 0.0 0.0 0.0 0.070129596 0.0 0.0 0.0 0.0 0.0 0.086026266 0.0 0.0 0.016600735 0.0 0.0 0.0 0.0 0.0 0.0 0.46848723 0.0 0.0 0.0 0.017697135 0.0 0.0 0.0
0.19264495 0.038919587 0.12229071 0.0 0.0 0.0 0.004465372 0.0 0.0 0.07630907 0.0 0.0 0.0 0.0 0.0 0.0 0.0 0.07482364 0.0 0.03990403 0.0 0.06596691 0.0 0.0 0.0 0.0 0.0 0.0 0.0 0.0 0.0 0.0 0.0 0.0 0.0 0.0 0.0 0.0 0.0 0.0 0.0 0.0 0.0 0.0 0.043975033 0.16556463 0.0 0.022033587 0.043908954 0.0 0.0 0.0 0.0 0.0 0.0 0.0
0.0 0.1808927 0.0 0.0 0.0 0.0 0.0 0.0 0.0 0.0 0.0 0.0 0.0 0.0 0.0 0.0 0.0 0.0 0.0 0.0 0.0 0.0 0.037517536 0.0 0.034454342 0.012882655 0.0 0.0 0.0 0.0 0.07015994 0.0 0.0 0.0 0.0 0.0 0.0061984337 0.0 0.21455328 0.0 0.17840439 0.027734406 0.0 0.0 0.0 0.0126454625 0.023100225 0.0 0.0 0.0 0.0 0.0 0.0049908245 0.0 0.0 0.0
0.004794859 0.0 0.02681867 0.0 0.0 0.0 0.0 0.0 0.0 0.023303129 0.025226891 0.0 0.0 0.0 0.0 0.0 0.0 0.0764342 0.0 0.0 0.0 0.0 0.0 0.0 0.0 0.0 0.25627372 0.0 0.0 0.0 0.059306167 0.0 0.1097551 0.0 0.0 0.0 0.0 0.0 0.14935693 0.0 0.0 0.0 0.0 0.0 0.0 0.040049326 0.0 0.01929392 0.0 0.0 0.00334914 0.0 0.0 0.0 0.0 0.0
0.0 0.0 0.0 0.004465372 0.0 0.0 0.0 0.0 0.14912973 0.0031451199 0.0 0.0 0.0 0.0 0.057435792 0.0 0.0 0.0 0.0 0.0 0.0 0.0 0.0013110271 0.0 0.0 0.053903792 0.0 0.016700454 0.0 0.0 0.0 0.0 0.2593781 0.12611176 0.0 0.0 0.0 0.0 0.09458445 0.011768106 0.0 0.0032428848 0.0 0.0 0.0 0.0 0.0 0.0 0.07071506 0.04297911 0.0 0.0 0.12645733 0.0 0.0 0.0
0.0 0.0 0.0 0.0 0.0 0.0 0.0 0.020964961 0.0 0.0 0.0 0.22344421 0.0 0.0 0.0 0.0 0.0 0.0 0.0144239245 0.102684446 0.0 0.0 0.180839 0.036351267 0.0 0.0 0.0 0.07618231 0.0 0.015624927 0.0 0.0 0.0 0.0 0.0 0.0 0.0 0.0 0.0 0.0 0.036072843 0.0 0.0043018637 0.0 0.0 0.0 0.004230428 0.0 0.0 0.0 0.112139516 0.065852605 0.0 0.0 0.0 0.0
0.1130394 0.0 0.0 0.0 0.0 0.0 0.14912973 0.0 0.0 0.057533197 0.0 0.0 0.0 0.0 0.0 0.0 0.0 0.0 0.0 0.0 0.0 0.0 0.0 0.0056445296 0.0 0.0 0.0 0.0 0.0 0.0 0.0 0.0 0.0 0.0 0.22333455 0.008907169 0.1180187 0.0 0.0 0.0 0.0 0.029052403 0.0 0.0 0.0550771 0.0 0.0 0.0 0.0 0.0 0.0 0.0 0.0 0.0 0.0 0.0
0.0 0.0 0.0 0.07630907 0.0 0.023303129 0.0031451199 0.0 0.057533197 0.0 0.0 0.0 0.0 0.0 0.0 0.017577726 0.0 0.0 0.0 0.0 0.0 0.0 0.009013277 0.0 0.0 0.1512093 0.00079675374 0.32786253 0.0 0.0 0.0 0.0 0.0 0.0 0.0 0.0 0.0 0.0 0.0 0.21663128 0.037094653 0.0 0.06359567 0.0 0.0 0.0 0.0 0.0 0.0 0.0 0.1321378 0.03006881 0.0 0.0 0.13005255 0.0
0.0 0.0 0.014190811 0.0 0.0 0.025226891 0.0 0.0 0.0 0.0 0.0 0.0 0.0 0.023766177 0.0 0.0 0.17980476 0.08855193 0.0 0.0 0.0 0.0 0.0 0.0 0.05226247 0.0 0.0 0.0 0.07162679 0.0 0.0 0.0 0.0 0.0 0.0 0.0 0.0 0.0 0.019187778 0.0 0.014537934 0.0 0.0 0.017837677 0.0 0.13491042 0.0 0.0 0.0 0.058340013 0.0 0.0 0.27306652 0.0 0.0 0.06695606
0.0 0.0 0.0 0.0 0.0 0.0 0.0 0.2234442 0.0 0.0 0.0 0.0 0.0 0.0 0.17434333 0.0 0.0 0.0 0.0 0.0 0.0 0.0 0.074937895 0.10113603 0.0 0.0 0.0 0.0 0.0 0.001976857 0.0 0.0 0.0 0.0 0.0 0.0 0.0 0.0 0.0 0.0 0.07389601 0.0 0.0 0.24167283 0.0 0.0 0.0 0.0 0.0 0.0 0.0 0.013001879 0.0 0.0 0.0 0.0
0.029852675 0.0 0.0 0.0 0.0 0.0 0.0 0.0 0.0 0.0 0.0 0.0 0.0 0.0 0.0 0.0 0.021381648 0.0 0.0166935 0.0 0.0 0.037687697 0.0 0.110468864 0.00169397 0.0 0.014944499 0.0 0.0 0.0 0.0 0.0 0.0 0.0 0.2078412 0.121320605 0.0 0.0 0.0 0.0 0.0 0.0 0.0 0.0 0.26188698 0.009975993 0.0 0.0 0.0 0.0 0.0 0.0 0.0 0.0 0.0 0.0
0.0063153324 0.0 0.0 0.0 0.0 0.0 0.0 0.0 0.0 0.0 0.023766179 0.0 0.0 0.0 0.0 0.21037516 0.0 0.0 0.021447133 0.16602688 0.0 0.26050892 0.0 0.0 0.0 0.008838493 0.037300583 0.0 0.0 0.0 0.0 0.03510465 0.0 0.0 0.0 0.0 0.017319988 0.26057854 0.0 0.0 0.0 0.0 0.0 0.0 0.0 0.0 0.0 0.0 0.0034450311 0.0 0.0 0.0 0.0 0.0 0.0 0.0
0.14028372 0.0 0.0 0.0 0.0 0.0 0.057435792 0.0 0.0 0.0 0.0 0.17434333 0.0 0.0 0.13269441 0.0 0.050864257 0.0 0.0 0.055476397 0.02220921 0.0 0.0 0.0033505785 0.01894426 0.0 0.0 0.0 0.028632423 0.12140379 0.0 0.0 0.0 0.0 0.0 0.0 0.0 0.0 0.0 0.0 0.0 0.0 0.0 0.020297982 0.0 0.005558473 0.0 0.03238504 0.0 0.05469076 0.0 0.0 0.011722443 0.0 0.0 0.0
0.0 0.07611236 0.0 0.0 0.0 0.0 0.0 0.0 0.0 0.017577728 0.0 0.0 0.0 0.21037516 0.0 0.0 0.0 0.27127814 0.0 0.0 0.0 0.0 0.0 0.0 0.0 0.0 0.03484657 0.0 0.0 0.0 0.0 0.0 0.0 0.0 0.0 0.10692915 0.0 0.0 0.0 0.0 0.019219937 0.0111821825 0.0 0.0 0.0 0.026964799 0.0383433 0.015681831 0.0 0.0 0.0 0.05835819 0.0 0.0 0.0 0.0
0.0 0.0 0.0 0.0 0.0 0.0 0.0 0.0 0.0 0.0 0.17980474 0.0 0.02138165 0.0 0.050864253 0.0 0.033541206 0.0 0.0 0.016820423 0.0 0.0 0.010965804 0.0 0.0 0.0 0.0066596377 0.0 0.0 0.17937782 0.0 0.0 0.04566214 0.0 0.0 0.0 0.0 0.060922965 0.0 0.0 0.0 0.01195835 0.0 0.038203903 0.0 0.0 0.0 0.0570804 0.0 0.08651702 0.0 0.0 0.13924335 0.0 0.023748724 0.0
0.0 0.0 0.0 0.07482364 0.0 0.076434195 0.0 0.0 0.0 0.0 0.08855194 0.0 0.0 0.0 0.0 0.2712781 0.0 0.0 0.0 0.0 0.0 0.0 0.10296519 0.0 0.0 0.0 0.07283624 0.0 0.0 0.0 0.0 0.0 0.0 0.0 0.0 0.0 0.0 0.20587336 0.0 0.0 0.0 0.0 0.0 0.0 0.0 0.13061813 0.0 0.0 0.0 0.0 0.01373103 0.0 0.0 0.0 0.0 0.0
0.0 0.0 0.0032287952 0.0 0.0 0.0 0.0 0.0144239245 0.0 0.0 0.0 0.0 0.0166935 0.021447133 0.0 0.0 0.0 0.0 0.0 0.0 0.0 0.0 0.0 0.035993166 0.0 0.0055110273 0.0 0.0 0.0 0.0 0.0 0.0 0.012446919 0.25263017 0.0 0.28673038 0.0 0.0 0.0 0.0057445485 0.0 0.09933191 0.0 0.0 0.0 0.0 0.0 0.0 0.0 0.0 0.0 0.050388478 0.0 0.0 0.0 0.0
0.0036198362 0.0074503943 0.0 0.039904024 0.0 0.0 0.0 0.102684446 0.0 0.0 0.0 0.0 0.0 0.16602688 0.055476397 0.0 0.016820425 0.0 0.0 0.0 0.08599505 0.0 0.0 0.0 0.0 0.07944691 0.045447435 0.0 0.0 0.0 0.038328525 0.0 0.0 0.0 0.0 0.0 0.0 0.0 0.0 0.03138978 0.16355711 0.0 0.03194625 0.03886978 0.0 0.0 0.0 0.0 0.0 0.10781305 0.0 0.0 0.0 0.07149763 0.018913338 0.026902393
0.0 0.0 0.22975571 0.0 0.0 0.0 0.0 0.0 0.0 0.0 0.0 0.0 0.0 0.0 0.02220921 0.0 0.0 0.0 0.0 0.08599505 0.38379568 0.0 0.0 0.0 0.0 0.0 0.0 0.0 0.0 0.020963259 0.12787138 0.0 0.0 0.0 0.0 0.0043320665 0.0 0.0 0.0 0.0 0.0 0.0 0.0 0.0 0.0 0.0 0.0 0.0 0.0 0.0 0.0 0.0 0.0 0.0 0.0 0.0
0.0 0.0 0.0 0.06596691 0.0 0.0 0.0 0.0 0.0 0.0 0.0 0.0 0.037687693 0.26050892 0.0 0.0 0.0 0.0 0.0 0.0 0.0 0.0 0.012816082 0.0 0.0 0.11372163 0.0 0.0 0.0 0.0 0.12096662 0.0 0.0 0.0 0.0 0.0 0.0 0.0 0.0 0.088177554 0.07485645 0.0 0.0 0.0 0.0 0.0 0.0 0.0 0.06749679 0.0127279805 0.0 0.0 0.0 0.0 0.0 0.0
0.0 0.0 0.0154988505 0.0 0.037517536 0.0 0.0013110271 0.180839 0.0 0.009013277 0.0 0.074937895 0.0 0.0 0.0 0.0 0.010965804 0.1029652 0.0 0.0 0.0 0.012816082 0.0 0.015858524 0.07654484 0.0 0.0 0.0 0.27824235 0.0 0.0 0.17160977 0.0 0.0 0.0 0.0 0.0 0.0 0.0 0.0 0.0 0.0 0.0 0.05220512 0.0 0.0 0.0056339256 0.034442816 0.0 0.0 0.0 0.038534284 0.0 0.027715247 0.0 0.11123697
0.0 0.055942252 0.0 0.0 0.0 0.0 0.0 0.036351267 0.005644529 0.0 0.0 0.10113603 0.11046886 0.0 0.0033505785 0.0 0.0 0.0 0.035993166 0.0 0.0 0.0 0.015858524 0.0 0.0 0.0 0.0 0.0 0.15317792 0.03813758 0.0 0.0 0.0 0.0 0.0 0.025801139 0.12824158 0.0 0.19889833 0.0 0.0 0.0 0.0 0.0 0.0 0.0 0.10487011 0.0 0.0 0.0 0.024869878 0.15760535 0.0 0.012210642 0.0 0.04297319
0.030218903 0.0 0.0 0.0 0.034454342 0.0 0.0 0.0 0.0 0.0 0.052262474 0.0 0.0016939699 0.0 0.018944258 0.0 0.0 0.0 0.0 0.0 0.0 0.0 0.07654484 0.0 0.0 0.0 0.11128936 0.0 0.0 0.0 0.172553 0.0 0.0 0.0 0.0 0.0 0.0 0.023354007 0.0 0.0 0.0 0.013652504 0.0 0.12778223 0.0 0.0 0.013321383 0.016247822 0.0 0.0 0.0 0.0 0.0 0.17541455 0.11636773 0.0
0.0 0.04719124 0.0 0.0 0.0128826555 0.0 0.05390379 0.0 0.0 0.1512093 0.0 0.0 0.0 0.008838493 0.0 0.0 0.0 0.0 0.0055110273 0.07944691 0.0 0.11372163 0.0 0.0 0.0 0.0 0.08008538 0.0 0.06302479 0.0 0.02450268 0.051674012 0.05258168 0.0 0.008522125 0.0 0.0063919574 0.0 0.0 0.0 0.0 0.07975609 0.0 0.0 0.0 0.0 0.020340856 0.0 0.0 0.0 0.0 0.0 0.0 0.0 0.0 0.0
0.0 0.0 0.0027274662 0.0 0.0 0.25627375 0.0 0.0 0.0 0.00079675374 0.0 0.0 0.014944498 0.03730058 0.0 0.03484657 0.006659638 0.07283624 0.0 0.04544744 0.0 0.0 0.0 0.0 0.11128936 0.08008538 0.023291655 0.0 0.0335437 0.025395993 0.0096799405 0.0 0.0 0.0 0.0 0.0 0.0 0.0 0.050692312 0.0 0.0 0.02110495 0.041579254 0.0 0.0 0.0 0.15617001 0.05362651 0.0 0.0 0.0 0.0 0.046454627 0.0 0.0 0.020519895
0.052971598 0.0 0.0 0.0 0.0 0.0 0.016700456 0.07618231 0.0 0.32786253 0.0 0.0 0.0 0.0 0.0 0.0 0.0 0.0 0.0 0.0 0.0 0.0 0.0 0.0 0.0 0.0 0.0 0.0 0.022860989 0.0 0.0 0.0 0.0 0.11041203 0.09310155 0.0 0.22170496 0.0 0.0 0.0 0.0 0.0 0.0 0.0 0.0 0.0 0.0 0.0 0.0 0.0 0.0 0.0 0.0 0.0 0.0 0.0
0.0 0.0 0.0 0.0 0.0 0.0 0.0 0.0 0.0 0.0 0.07162678 0.0 0.0 0.0 0.028632423 0.0 0.0 0.0 0.0 0.0 0.0 0.0 0.27824232 0.15317792 0.0 0.06302479 0.0335437 0.022860989 0.0 0.0 0.0 0.02998551 0.028843338 0.0 0.0 0.0 0.0 0.061170943 0.0 0.012637934 0.0 0.0 0.0 0.0 0.0 0.0 0.0 0.035470206 0.0 0.0 0.11277035 0.03610249 0.0 0.0 0.0 0.0
0.0 0.0 0.0 0.0 0.0 0.0 0.0 0.015624928 0.0 0.0 0.0 0.001976857 0.0 0.0 0.1214038 0.0 0.17937784 0.0 0.0 0.0 0.020963259 0.0 0.0 0.038137585 0.0 0.0 0.025395993 0.0 0.0 0.0 0.0 0.0 0.0 0.0 0.0 0.0 0.0 0.0 0.0 0.0 0.023848642 0.0 0.0 0.12271536 0.16840649 0.0 0.0 0.0 0.0 0.005863202 0.0 0.04117106 0.0025654607 0.049295887 0.034637555 0.0
0.0 0.005322267 0.0 0.0 0.070159934 0.059306167 0.0 0.0 0.0 0.0 0.0 0.0 0.0 0.0 0.0 0.0 0.0 0.0 0.0 0.038328525 0.12787138 0.12096661 0.0 0.0 0.172553 0.024502678 0.0096799405 0.0 0.0 0.0 0.021497011 0.0 0.0 0.0 0.0 0.0 0.0 0.0 0.028020153 0.0 0.0 0.061465528 0.0 0.0 0.0 0.0 0.06466482 0.0 0.11328837 0.0 0.0 0.0 0.040194385 0.0028947787 0.0 0.25248677
0.0 0.0 0.0 0.0 0.0 0.0 0.0 0.0 0.0 0.0 0.0 0.0 0.0 0.035104655 0.0 0.0 0.0 0.0 0.0 0.0 0.0 0.0 0.17160977 0.0 0.0 0.051674012 0.0 0.0 0.02998551 0.0 0.0 0.0 0.0 0.009898237 0.0 0.0 0.0 0.0 0.0 0.0 0.08444427 0.07372983 0.0 0.0837116 0.0 0.20658034 0.0 0.045958724 0.0 0.0 0.0 0.0020437774 0.0 0.0 0.0 0.023780717
0.0 0.0 0.070129596 0.0 0.0 0.1097551 0.2593781 0.0 0.0 0.0 0.0 0.0 0.0 0.0 0.0 0.0 0.045662135 0.0 0.012446919 0.0 0.0 0.0 0.0 0.0 0.0 0.052581675 0.0 0.0 0.028843338 0.0 0.0 0.0 0.0 0.0 0.0 0.0 0.0 0.0 0.0 0.0 0.0 0.0 0.090117596 0.0 0.0 0.06447591 0.0 0.08412608 0.0 0.0 0.0 0.0 0.0 0.22948956 0.0 0.036308873
0.0 0.0 0.0 0.0 0.0 0.0 0.12611176 0.0 0.0 0.0 0.0 0.0 0.0 0.0 0.0 0.0 0.0 0.0 0.25263017 0.0 0.0 0.0 0.0 0.0 0.0 0.0 0.0 0.11041203 0.0 0.0 0.0 0.009898237 0.0 0.06814404 0.104663745 0.0 0.0 0.0 0.0 0.0 0.0 0.05716435 0.0 0.0 0.0 0.0 0.0 0.03275462 0.0 0.0 0.02283499 0.0 0.023954567 0.0071839876 0.0 0.0
0.0 0.0 0.0 0.0 0.0 0.0 0.0 0.0 0.22333457 0.0 0.0 0.0 0.2078412 0.0 0.0 0.0 0.0 0.0 0.0 0.0 0.0 0.0 0.0 0.0 0.0 0.008522125 0.0 0.09310155 0.0 0.0 0.0 0.0 0.0 0.104663745 0.0 0.0 0.0 0.0 0.0 0.15487121 0.0123323845 0.0 0.08099327 0.0 0.0 0.0 0.0 0.0 0.011035203 0.03275606 0.107544355 0.0 0.0 0.0 0.017657623 0.02801132
0.0 0.22225057 0.0 0.0 0.0 0.0 0.0 0.0 0.008907169 0.0 0.0 0.0 0.1213206 0.0 0.0 0.10692915 0.0 0.0 0.28673038 0.0 0.0043320665 0.0 0.0 0.025801139 0.0 0.0 0.0 0.0 0.0 0.0 0.0 0.0 0.0 0.0 0.0 0.0 0.0 0.0 0.0 0.0 0.0 0.15056565 0.06333523 0.0 0.0 0.0 0.07295325 0.0 0.0 0.0 0.0 0.0 0.0 0.057539623 0.0 0.0
0.0 0.0 0.0 0.0 0.0061984337 0.0 0.0 0.0 0.118018694 0.0 0.0 0.0 0.0 0.017319988 0.0 0.0 0.0 0.0 0.0 0.0 0.0 0.0 0.0 0.1282416 0.0 0.0063919574 0.0 0.22170496 0.0 0.0 0.0 0.0 0.0 0.0 0.0 0.0 0.0 0.0 0.0 0.04056417 0.0 0.0 0.0 0.0 0.0 0.0 0.0 0.0 0.0 0.0 0.1494085 0.27062973 0.0 0.0 0.0019901711 0.0
0.0 0.0 0.0 0.0 0.0 0.0 0.0 0.0 0.0 0.0 0.0 0.0 0.0 0.2605785 0.0 0.0 0.060922965 0.20587336 0.0 0.0 0.0 0.0 0.0 0.0 0.023354009 0.0 0.0 0.0 0.061170943 0.0 0.0 0.0 0.0 0.0 0.0 0.0 0.0 0.0 0.0 0.0 0.16869693 0.0 0.0 0.01905961 0.0 0.0 0.032561727 0.014668603 0.0 0.0 0.0 0.05678728 0.0 0.09466441 0.0 0.13515766
0.0 0.0 0.08602626 0.0 0.2145533 0.14935693 0.09458446 0.0 0.0 0.0 0.019187778 0.0 0.0 0.0 0.0 0.0 0.0 0.0 0.0 0.0 0.0 0.0 0.0 0.19889833 0.0 0.0 0.050692312 0.0 0.0 0.0 0.028020151 0.0 0.0 0.0 0.0 0.0 0.0 0.0 0.0 0.0 0.0 0.0 0.0 0.014817625 0.0 0.0 0.0 0.12149609 0.0 0.0 0.0 0.0 0.0 0.0 0.1397234 0.0
0.12151065 0.0 0.0 0.0 0.0 0.0 0.011768106 0.0 0.0 0.21663128 0.0 0.0 0.0 0.0 0.0 0.0 0.0 0.0 0.0057445485 0.03138978 0.0 0.088177554 0.0 0.0 0.0 0.0 0.0 0.0 0.012637935 0.0 0.0 0.0 0.0 0.0 0.15487121 0.0 0.04056417 0.0 0.0 0.0 0.0 0.0 0.0 0.0 0.2780663 0.0 0.0 0.084114924 0.0 0.0 0.0 0.0 0.0 0.0 0.0 0.0
0.039606463 0.0 0.0 0.0 0.17840438 0.0 0.0 0.03607284 0.0 0.03709465 0.014537934 0.073896006 0.0 0.0 0.0 0.019219937 0.0 0.0 0.0 0.1635571 0.0 0.074856445 0.0 0.0 0.0 0.0 0.0 0.0 0.0 0.023848642 0.0 0.08444427 0.0 0.0 0.0123323845 0.0 0.0 0.16869694 0.0 0.0 0.0 0.0 0.063850835 0.0 0.062712885 0.0 0.0186694 0.0 0.0 0.0 0.0 0.0 0.0 0.0 0.0 0.0
0.0 0.06867665 0.016600735 0.0 0.027734406 0.0 0.0032428848 0.0 0.029052405 0.0 0.0 0.0 0.0 0.0 0.0 0.0111821825 0.0119583495 0.0 0.09933191 0.0 0.0 0.0 0.0 0.0 0.013652504 0.07975608 0.02110495 0.0 0.0 0.0 0.061465528 0.073729835 0.0 0.05716435 0.0 0.15056565 0.0 0.0 0.0 0.0 0.0 0.1098366 0.00332107 0.0 0.0 0.0 0.07197856 0.0 0.0 0.0 0.0 0.0 0.18260445 0.0 0.0 0.0
0.19006673 0.0 0.0 0.0 0.0 0.0 0.0 0.0043018637 0.0 0.06359567 0.0 0.0 0.0 0.0 0.0 0.0 0.0 0.0 0.0 0.031946246 0.0 0.0 0.0 0.0 0.0 0.0 0.04157925 0.0 0.0 0.0 0.0 0.0 0.090117596 0.0 0.080993265 0.063335225 0.0 0.0 0.0 0.0 0.063850835 0.00332107 0.0 0.0 0.09992925 0.0 0.0 0.06125887 0.0 0.0071741473 0.0 0.0 0.0 0.0 0.0 0.0
0.0 0.0 0.0 0.0 0.0 0.0 0.0 0.0 0.0 0.0 0.017837677 0.24167283 0.0 0.0 0.020297982 0.0 0.038203906 0.0 0.0 0.038869776 0.0 0.0 0.052205123 0.0 0.12778223 0.0 0.0 0.0 0.0 0.122715354 0.0 0.0837116 0.0 0.0 0.0 0.0 0.0 0.01905961 0.014817625 0.0 0.0 0.0 0.0 0.013035431 0.0 0.0 0.0059008277 0.033539582 0.0 0.2921434 0.0 0.0 0.056432568 0.0 0.0 0.0
0.0 0.0 0.0 0.04397503 0.0 0.0 0.0 0.0 0.0550771 0.0 0.0 0.0 0.26188698 0.0 0.0 0.0 0.0 0.0 0.0 0.0 0.0 0.0 0.0 0.0 0.0 0.0 0.0 0.0 0.0 0.16840649 0.0 0.0 0.0 0.0 0.0 0.0 0.0 0.0 0.0 0.2780663 0.06271288 0.0 0.09992925 0.0 0.0 0.0 0.0 0.0 0.0 0.05253277 0.15875913 0.005217187 0.0 0.0 0.059532903 0.0
0.0 0.0 0.0 0.16556463 0.0126454625 0.040049326 0.0 0.0 0.0 0.0 0.13491043 0.0 0.009975993 0.0 0.005558473 0.026964797 0.0 0.13061811 0.0 0.0 0.0 0.0 0.0 0.0 0.0 0.0 0.0 0.0 0.0 0.0 0.0 0.20658033 0.06447591 0.0 0.0 0.0 0.0 0.0 0.0 0.0 0.0 0.0 0.0 0.0 0.0 0.0 0.103941195 0.0 0.0 0.0 0.0 0.0 0.0 0.0 0.0 0.0
0.03052159 0.0 0.0 0.0 0.023100223 0.0 0.0 0.0042304285 0.0 0.0 0.0 0.0 0.0 0.0 0.0 0.0383433 0.0 0.0 0.0 0.0 0.0 0.0 0.005633926 0.10487012 0.013321382 0.020340856 0.15617001 0.0 0.0 0.0 0.06466482 0.0 0.0 0.0 0.0 0.07295325 0.0 0.03256173 0.0 0.0 0.0186694 0.071978554 0.0 0.0059008277 0.0 0.10394119 0.0 0.0 0.0 0.0 0.0 0.0 0.08289363 0.0 0.0 0.0
0.0 0.063023716 0.0 0.022033587 0.0 0.01929392 0.0 0.0 0.0 0.0 0.0 0.0 0.0 0.0 0.03238504 0.01568183 0.0570804 0.0 0.0 0.0 0.0 0.0 0.034442816 0.0 0.016247822 0.0 0.053626508 0.0 0.035470206 0.0 0.0 0.045958724 0.08412608 0.03275462 0.0 0.0 0.0 0.014668603 0.12149608 0.08411492 0.0 0.0 0.061258875 0.033539582 0.0 0.0 0.0 0.0 0.0 0.03254564 0.0 0.0 0.0 0.06168914 0.0 0.0
0.0 0.0 0.46848723 0.043908954 0.0 0.0 0.07071506 0.0 0.0 0.0 0.0 0.0 0.0 0.0034450311 0.0 0.0 0.0 0.0 0.0 0.0 0.0 0.0674968 0.0 0.0 0.0 0.0 0.0 0.0 0.0 0.0 0.11328837 0.0 0.0 0.0 0.011035202 0.0 0.0 0.0 0.0 0.0 0.0 0.0 0.0 0.0 0.0 0.0 0.0 0.0 0.017126704 0.0 0.0 0.0 0.0 0.09570482 0.0 0.0
0.0 0.0 0.0 0.0 0.0 0.0 0.04297911 0.0 0.0 0.0 0.05834001 0.0 0.0 0.0 0.05469076 0.0 0.08651701 0.0 0.0 0.10781305 0.0 0.0127279805 0.0 0.0 0.0 0.0 0.0 0.0 0.0 0.0058632013 0.0 0.0 0.0 0.0 0.03275606 0.0 0.0 0.0 0.0 0.0 0.0 0.0 0.0071741473 0.2921434 0.052532766 0.0 0.0 0.03254564 0.0 0.0 0.0 0.0 0.0 0.0 0.0062494758 0.0
0.06712036 0.010377239 0.0 0.0 0.0 0.00334914 0.0 0.112139516 0.0 0.1321378 0.0 0.0 0.0 0.0 0.0 0.0 0.0 0.013731029 0.0 0.0 0.0 0.0 0.0 0.024869878 0.0 0.0 0.0 0.0 0.11277034 0.0 0.0 0.0 0.0 0.02283499 0.107544355 0.0 0.1494085 0.0 0.0 0.0 0.0 0.0 0.0 0.0 0.15875915 0.0 0.0 0.0 0.0 0.0 0.0 0.063620836 0.0 0.0 0.0 0.068708114
0.0 0.0 0.0 0.0 0.0 0.0 0.0 0.065852605 0.0 0.030068807 0.0 0.013001879 0.0 0.0 0.0 0.058358192 0.0 0.0 0.050388478 0.0 0.0 0.0 0.038534284 0.15760534 0.0 0.0 0.0 0.0 0.036102492 0.041171063 0.0 0.0020437774 0.0 0.0 0.0 0.0 0.27062976 0.056787282 0.0 0.0 0.0 0.0 0.0 0.0 0.005217187 0.0 0.0 0.0 0.0 0.0 0.063620836 0.118558675 0.0 0.0 0.0 0.0
0.020983744 0.0 0.017697137 0.0 0.0049908245 0.0 0.12645733 0.0 0.0 0.0 0.27306652 0.0 0.0 0.0 0.011722443 0.0 0.13924335 0.0 0.0 0.0 0.0 0.0 0.0 0.0 0.0 0.0 0.046454627 0.0 0.0 0.0025654607 0.040194385 0.0 0.0 0.023954565 0.0 0.0 0.0 0.0 0.0 0.0 0.0 0.18260446 0.0 0.056432564 0.0 0.0 0.08289363 0.0 0.0 0.0 0.0 0.0 0.0 0.0 0.0 0.0
0.07088248 0.013322695 0.0 0.0 0.0 0.0 0.0 0.0 0.0 0.0 0.0 0.0 0.0 0.0 0.0 0.0 0.0 0.0 0.0 0.07149763 0.0 0.0 0.027715247 0.012210642 0.17541455 0.0 0.0 0.0 0.0 0.049295887 0.0028947787 0.0 0.22948958 0.0071839876 0.0 0.057539627 0.0 0.09466441 0.0 0.0 0.0 0.0 0.0 0.0 0.0 0.0 0.0 0.06168914 0.09570482 0.0 0.0 0.0 0.0 0.0 0.02277051 0.0
0.16214354 0.0 0.0 0.0 0.0 0.0 0.0 0.0 0.0 0.13005257 0.0 0.0 0.0 0.0 0.0 0.0 0.023748726 0.0 0.0 0.018913338 0.0 0.0 0.0 0.0 0.11636773 0.0 0.0 0.0 0.0 0.03463756 0.0 0.0 0.0 0.0 0.017657625 0.0 0.0019901711 0.0 0.13972339 0.0 0.0 0.0 0.0 0.0 0.0595329 0.0 0.0 0.0 0.0 0.0062494758 0.0 0.0 0.0 0.02277051 0.0 0.040487085
0.0 0.0037605488 0.0 0.0 0.0 0.0 0.0 0.0 0.0 0.0 0.06695606 0.0 0.0 0.0 0.0 0.0 0.0 0.0 0.0 0.026902393 0.0 0.0 0.11123697 0.04297319 0.0 0.0 0.020519895 0.0 0.0 0.0 0.25248677 0.023780715 0.03630887 0.0 0.02801132 0.0 0.0 0.13515766 0.0 0.0 0.0 0.0 0.0 0.0 0.0 0.0 0.0 0.0 0.0 0.0 0.068708114 0.0 0.0 0.0 0.04048709 0.0
