0.019785995 0.0 0.0 0.08262041 0.0 0.06517687 0.026445383 0.0 0.09705955 0.0 0.0058741285 0.0 0.0 0.018668419 0.12546316 0.0 0.0037152579 0.066210665 0.0 0.0 0.0 0.12813714 0.0 0.0 0.041810002 0.066605784 0.005298004 0.0 0.0 0.047150243 0.0 0.12699543 0.0 0.0 0.0 0.0 0.0 0.0 0.0 0.0037295294 0.0 0.0 0.0 0.0 0.013466108 0.0 0.039164703 0.0 0.0 0.0 0.0 0.0 0.06892266 0.0 0.0072568627 0.0
0.0 0.0 0.0 0.0 0.0 0.0 0.0 0.0 0.0 0.25566313 0.0 0.0 0.0 0.0 0.0054390808 0.0 0.0 0.0 0.0 0.0 0.0 0.0 0.0 0.03443119 0.0 0.0 0.0 0.023731168 0.0 0.0 0.0 0.0 0.0 0.0 0.0 0.0 0.0 0.0 0.0 0.0 0.0 0.0 0.0 0.0 0.0 0.0 0.05661202 0.0 0.0 0.048813727 0.13757873 0.0 0.0 0.0 0.25451985 0.0
0.0 0.0 0.0 0.0 0.014987533 0.0 0.0 0.0 0.05159549 0.0 0.0 0.0 0.0076613524 0.0 0.0 0.0 0.017762898 0.0 0.0 0.0 0.019164182 0.0 0.08211501 0.0 0.0 0.22654615 0.0 0.0 0.0 0.0 0.0 0.0 0.0 0.02066216 0.0 0.0 0.0 0.05154549 0.0 0.0 0.0 0.0 0.0 0.0 0.0 0.0 0.0 0.059376534 0.21714418 0.029768534 0.040150926 0.006768206 0.0 0.0 0.0 0.0
0.08262041 0.0 0.0 0.0 0.0 0.0 0.0 0.054236133 0.0 0.0 0.02200986 0.0 0.0 0.0 0.015774677 0.0 0.0 0.0 0.0 0.0 0.0 0.0 0.22403099 0.1228923 0.0 0.0 0.0 0.043834444 0.052500304 0.0 0.0 0.0 0.0 0.0 0.19185211 0.089051485 0.0 0.0 0.0 0.0 0.0 0.0 0.0 0.0 0.0 0.0 0.0 0.0 0.0 0.0 0.0 0.022125235 0.0 0.0 0.0 0.0
0.0 0.0 0.014987534 0.0 0.08613047 0.044510808 0.0 0.0 0.0 0.0 0.0 0.29163545 0.0 0.0 0.043054268 0.075911365 0.0 0.0 0.0 0.0920515 0.0 0.04397939 0.0 0.0 0.0 0.0 0.0 0.0 0.0 0.08025408 0.0 0.0 0.015421989 0.0 0.0 0.16736287 0.0 0.0 0.032356437 0.0 0.0 0.08110045 0.0 0.0 0.0 0.0 0.00865302 0.032276947 0.0 0.0 0.0 0.0 0.0 0.0 0.0 0.0
0.065176874 0.0 0.0 0.0 0.04451081 0.0 0.0 0.119861074 0.0 0.19145475 0.13878047 0.0 0.0 0.0 0.0 0.010796374 0.0 0.0020097308 0.0 0.07484235 0.0 0.0 0.0 0.0 0.0 0.0 0.052548967 0.0 0.04371315 0.0 0.010313289 0.0 0.0 0.0 0.027560955 0.0 0.045349568 0.016014671 0.0 0.0 0.023399051 0.0 0.008308898 0.0 0.16988796 0.040550563 0.032157883 0.0 0.0 0.0 0.0 0.0 0.0 0.0 0.014674495 0.0
0.026445383 0.0 0.0 0.0 0.0 0.0 0.026099224 0.0 0.0 0.10054518 0.0 0.0 0.0 0.0 0.0 0.0 0.0 0.023952143 0.0 0.0 0.0 0.0 0.0 0.0 0.0 0.0 0.004236947 0.0 0.0 0.0 0.09145159 0.0 0.0 0.013548944 0.037312508 0.0 0.100937486 0.0 0.0 0.0 0.0 0.15558295 0.12165894 0.0 0.0 0.0 0.1507579 0.03105589 0.0 0.0012381689 0.0 0.0 0.023870429 0.0 0.018443486 0.0
0.0 0.0 0.0 0.054236133 0.0 0.11986108 0.0 0.0 0.05011048 0.0 0.0 0.0 0.0 0.10898405 0.07177059 0.011247541 0.075775705 0.0 0.22513822 0.0 0.05761406 0.05213592 0.0 0.0 0.0 0.0 0.0 0.0 0.0 0.05520041 0.0 0.0 0.0 0.0 0.0 0.0 0.0 0.0 0.0 0.0 0.0 0.056173675 0.09063343 0.0 0.0 0.0 0.004366182 0.0 0.0 0.0054085343 0.0 0.0 0.07189951 0.051307045 0.0 0.0
0.09705955 0.0 0.05159549 0.0 0.0 0.0 0.0 0.050110485 0.0 0.0 0.0 0.12536907 0.0 0.0 0.0 0.0 0.0 0.0 0.0 0.0 0.0 0.0 0.0 0.011379251 0.08617461 0.0 0.0 0.007028174 0.014123476 0.0 0.0 0.0 0.013358874 0.0 0.06557107 0.0 0.06265471 0.10789459 0.075029895 0.0 0.0 0.030815909 0.0 0.00508575 0.0 0.0 0.0 0.039278377 0.0 0.04064282 0.0 0.019588614 0.0 0.0 0.0 0.0
0.0 0.2556631 0.0 0.0 0.0 0.19145475 0.100545175 0.0 0.0 0.0 0.0 0.0 0.0 0.0 0.19475354 0.020073285 0.0 0.0 0.013736719 0.0 0.04226773 0.0 0.0 0.0 0.0 0.0 0.0 0.0 0.0 0.012013141 0.04926026 0.0 0.0 0.0 0.0 0.0 0.0 0.0 0.0 0.0 0.0 0.0 0.062271938 0.0 0.0 0.0 0.037155136 0.0 0.0 0.0 0.0 0.0 0.10798876 0.0 0.00979461 0.0074740765
0.0058741285 0.0 0.0 0.02200986 0.0 0.13878046 0.0 0.0 0.0 0.0 0.0 0.0 0.0 0.017248224 0.0 0.0 0.0 0.0 0.0011563153 0.022899926 0.0 0.018928736 0.0 0.0 0.0 0.0 0.03231134 0.0 0.0 0.0 0.03224686 0.09787293 0.0 0.0 0.0 0.0 0.0 0.0047513186 0.061737712 0.079016894 0.008137704 0.0 0.0 0.0435146 0.0 0.02244812 0.08370878 0.0 0.04542358 0.0 0.10150711 0.0 0.0 0.0 0.0 0.0
0.0 0.0 0.0 0.0 0.29163545 0.0 0.0 0.0 0.12536907 0.0 0.0 0.053824335 0.0 0.0 0.0 0.0 0.024204172 0.0 0.0 0.064335234 0.023083813 0.029343667 0.0 0.0 0.0 0.0 0.0 0.0 0.0 0.0 0.0 0.0 0.0 0.0 0.0 0.0 0.0 0.018862445 0.0 0.0 0.0 0.112749286 0.0 0.0 0.0 0.0 0.0 0.16371782 0.004919653 0.0 0.0 0.0 0.004208357 0.0 0.0 0.0
0.0 0.0 0.007661353 0.0 0.0 0.0 0.0 0.0 0.0 0.0 0.0 0.0 0.15891452 0.10609775 0.0 0.0 0.0 0.0 0.0 0.0 0.0 0.0 0.12721018 0.03308696 0.0 0.0 0.0 0.115544535 0.0 0.0 0.0 0.0 0.0 0.0 0.011450285 0.053793907 0.0 0.0 0.0 0.057210103 0.0 0.10443636 0.0 0.0 0.0 0.0 0.0 0.0 0.0 0.0 0.047912035 0.0 0.0 0.0 0.021825407 0.0
0.018668419 0.0 0.0 0.0 0.0 0.0 0.0 0.10898405 0.0 0.0 0.017248224 0.0 0.10609776 0.2030814 0.05095563 0.04824925 0.0070248973 0.10422242 0.0 0.0 0.0 0.0 0.0 0.07380019 0.0 0.0 0.0 0.0 0.0 0.0 0.0 0.0 0.0 0.0 0.018937856 0.002665022 0.0 0.0 0.0 0.0 0.0 0.0 0.0 0.0 0.0 0.0 0.0 0.0 0.0 0.0 0.0 0.0 0.0 0.21542804 0.0 0.0
0.12546316 0.0054390808 0.0 0.015774677 0.043054268 0.0 0.0 0.07177059 0.0 0.19475356 0.0 0.0 0.0 0.05095563 0.0 0.0 0.0 0.0 0.01281587 0.0 0.0 0.0 0.0 0.0018793922 0.008352853 0.02121104 0.0052759624 0.0 0.0 0.0 0.0 0.0 0.0 0.0 0.082656585 0.0 0.006954217 0.0 0.0 0.0 0.016870515 0.0 0.0 0.0 0.05105383 0.0 0.0 0.0 0.0 0.0 0.0 0.22683734 0.0 0.003832107 0.0437972 0.0
0.0 0.0 0.0 0.0 0.07591136 0.010796374 0.0 0.011247541 0.0 0.020073285 0.0 0.0 0.0 0.048249245 0.0 0.0717443 0.0 0.0 0.0 0.016272634 0.0 0.0 0.25020975 0.0 0.0 0.0 0.11815428 0.0 0.0 0.0 0.0 0.0 0.014898214 0.0 0.0 0.0 0.0 0.0 0.0 0.0 0.0 0.0 0.0 0.0 0.002079372 0.0 0.0 0.0 0.0 0.0 0.12018231 0.07932791 0.0 0.0 0.14780769 0.0
0.0037152576 0.0 0.017762898 0.0 0.0 0.0 0.0 0.075775705 0.0 0.0 0.0 0.024204172 0.0 0.007024897 0.0 0.0 0.105423264 0.054901075 0.0 0.0 0.0 0.0 0.0 0.0 0.0 0.031674176 0.0 0.0 0.2806304 0.0 0.0 0.0 0.0 0.013815488 0.042288408 0.0 0.0 0.0 0.0 0.0 0.0 0.050236307 0.008985161 0.0 0.006590338 0.0 0.0 0.015711809 0.0 0.050485525 0.0 0.08889944 0.0 0.03719115 0.0 0.14624375
0.066210665 0.0 0.0 0.0 0.0 0.0020097308 0.023952143 0.0 0.0 0.0 0.0 0.0 0.0 0.10422242 0.0 0.0 0.054901075 0.0 0.0 0.0 0.0 0.09961304 0.0 0.0 0.0 0.0143489 0.0 0.0 0.022927033 0.0 0.0 0.0 0.0 0.11286714 0.051955458 0.0 0.04444524 0.0 0.0 0.0 0.0 0.0 0.0 0.015092444 0.13732445 0.0 0.0 0.0 0.0 0.0 0.0 0.0 0.0 0.0 0.0 0.2107822
0.0 0.0 0.0 0.0 0.0 0.0 0.0 0.22513822 0.0 0.013736719 0.0011563154 0.0 0.0 0.0 0.01281587 0.0 0.0 0.0 0.0 0.0 0.0 0.0 0.0 0.0 0.0 0.0 0.0 0.0 0.026761753 0.0 0.0 0.0 0.0 0.0 0.08587588 0.0 0.0 0.0 0.0 0.0 0.08461699 0.0 0.03925056 0.0 0.0 0.0 0.0091627985 0.01694295 0.0 0.1694669 0.0 0.13736446 0.0 0.009497632 0.0 0.0
0.0 0.0 0.0 0.0 0.0920515 0.07484234 0.0 0.0 0.0 0.0 0.022899926 0.064335234 0.0 0.0 0.0 0.016272634 0.0 0.0 0.0 0.083304144 0.03133354 0.016440403 0.0 0.0 0.0 0.0 0.047086358 0.0 0.0 0.0 0.0 0.24387895 0.0 0.0 0.0 0.0 0.0 0.0 0.0 0.0 0.0 0.0 0.0014736415 0.0 0.0 0.107044384 0.05633989 0.0 0.0 0.0 0.00472936 0.0 0.0 0.0 0.016761748 0.0
0.0 0.0 0.019164182 0.0 0.0 0.0 0.0 0.05761406 0.0 0.04226773 0.0 0.023083815 0.0 0.0 0.0 0.0 0.0 0.0 0.0 0.03133354 0.0 0.0 0.0 0.0 0.0 0.0 0.0 0.0 0.042116534 0.0 0.0 0.0 0.0 0.0 0.14792661 0.0 0.18201268 0.0 0.0 0.0 0.0 0.02212553 0.0 0.0 0.0 0.0 0.03101981 0.041187875 0.0 0.13065733 0.0 0.0 0.0 0.0 0.0 0.054496527
0.12813716 0.0 0.0 0.0 0.04397939 0.0 0.0 0.052135915 0.0 0.0 0.018928738 0.029343668 0.0 0.0 0.0 0.0 0.0 0.09961304 0.0 0.016440403 0.0 0.0 0.024683578 0.0029238393 0.0 0.0 0.15854853 0.0 0.0 0.0 0.0 0.020395888 0.0 0.0 0.0 0.0 0.025464445 0.0 0.0 0.0 0.0 0.0 0.0 0.0 0.042767864 0.0 0.0 0.12181488 0.027160559 0.04581615 0.0 0.0 0.0 0.0 0.086824544 0.0
0.0 0.0 0.08211502 0.224031 0.0 0.0 0.0 0.0 0.0 0.0 0.0 0.0 0.12721018 0.0 0.0 0.25020975 0.0 0.0 0.0 0.0 0.0 0.024683578 0.0 0.0 0.0 0.0 0.0 0.0 0.0 0.0 0.0 0.0 0.0 0.0 0.0 0.0 0.0 0.0 0.0 0.0857558 0.031900994 0.0 0.0 0.03920163 0.0 0.20453729 0.0 0.0 0.08827267 0.0 0.0 0.0 0.0 0.0 0.0 0.0
0.0 0.034431193 0.0 0.1228923 0.0 0.0 0.0 0.0 0.011379251 0.0 0.0 0.0 0.03308696 0.07380019 0.0018793921 0.0 0.0 0.0 0.0 0.0 0.0 0.0029238393 0.0 0.0 0.0 0.0 0.0 0.0 0.0 0.0 0.051188607 0.0 0.0 0.0 0.0 0.015354789 0.0 0.0 0.0 0.17113082 0.17131545 0.07676589 0.0 0.06688499 0.0 0.0 0.019257877 0.0 0.0 0.0 0.0 0.0 0.0 0.16043445 0.0 0.100399844
0.041810002 0.0 0.0 0.0 0.0 0.0 0.0 0.0 0.08617461 0.0 0.0 0.0 0.0 0.0 0.008352853 0.0 0.0 0.0 0.0 0.0 0.0 0.0 0.0 0.0 0.0 0.0 0.0 0.14031944 0.07246492 0.0 0.0 0.0 0.0 0.070335954 0.0 0.020563148 0.16389412 0.08446159 0.029550647 0.0 0.0 0.0 0.0 0.0 0.0 0.0 0.0 0.087384276 0.0 0.034561068 0.0 0.0 0.0 0.0 0.0 0.19362219
0.06660578 0.0 0.22654615 0.0 0.0 0.0 0.0 0.0 0.0 0.0 0.0 0.0 0.0 0.0 0.02121104 0.0 0.031674176 0.0143489 0.0 0.0 0.0 0.0 0.0 0.0 0.0 0.0 0.0 0.0 0.0 0.12428799 0.0 0.0 0.0 0.0 0.0 0.07537633 0.0 0.0 0.022743437 0.0 0.0 0.0 0.0 0.12961443 0.0033090245 0.08935865 0.0 0.0 0.0 0.08470796 0.0 0.0 0.049089443 0.0 0.0 0.0
0.005298004 0.0 0.0 0.0 0.0 0.05254897 0.004236947 0.0 0.0 0.0 0.032311343 0.0 0.0 0.0 0.005275963 0.11815428 0.0 0.0 0.0 0.047086358 0.0 0.15854853 0.0 0.0 0.0 0.0 0.0 0.0 0.103857286 0.07714668 0.0 0.0 0.0 0.0 0.004615137 0.0 0.0 0.0 0.058846027 0.0 0.0 0.0017175173 0.036836438 0.004814444 0.0 0.0681978 0.0 0.0 0.0 0.0 0.0 0.0 0.2050056 0.0 0.0 0.065643996
0.0 0.023731168 0.0 0.04383444 0.0 0.0 0.0 0.0 0.007028174 0.0 0.0 0.0 0.11554454 0.0 0.0 0.0 0.0 0.0 0.0 0.0 0.0 0.0 0.0 0.0 0.14031944 0.0 0.0 0.0 0.0 0.13269572 0.11412785 0.102589644 0.0 0.0 0.0 0.016842233 0.0 0.0 0.049253896 0.014985583 0.0 0.0 0.0 0.07674372 0.0 0.052119464 0.0 0.0 0.0 0.0 0.0 0.0 0.18122023 0.0 0.0 0.0
0.0 0.0 0.0 0.0525003 0.0 0.043713145 0.0 0.0 0.014123476 0.0 0.0 0.0 0.0 0.0 0.0 0.0 0.28063038 0.022927033 0.026761753 0.0 0.042116534 0.0 0.0 0.0 0.07246492 0.0 0.103857286 0.0 0.0 0.0 0.0 0.0 0.0 0.026483672 0.0 0.0 0.0 0.014031755 0.0 0.0 0.0 0.0 0.22131774 0.0 0.0 0.0 0.0 0.0 0.0 0.0 0.0 0.0 0.0 0.0 0.0 0.0
0.04715024 0.0 0.0 0.0 0.080254085 0.0 0.0 0.05520041 0.0 0.012013141 0.0 0.0 0.0 0.0 0.0 0.0 0.0 0.0 0.0 0.0 0.0 0.0 0.0 0.0 0.0 0.12428799 0.07714667 0.13269572 0.0 0.0 0.0 0.0 0.0 0.0 0.0 0.0 0.20245469 0.103263386 0.0 0.0 0.0 0.0 0.0 0.0 0.038042095 0.0 0.0 0.034996253 0.0 0.0 0.0 0.0 0.0 0.0 0.0 0.0
0.0 0.0 0.0 0.0 0.0 0.01031329 0.091451585 0.0 0.0 0.049260255 0.03224686 0.0 0.0 0.0 0.0 0.0 0.0 0.0 0.0 0.0 0.0 0.0 0.0 0.051188607 0.0 0.0 0.0 0.11412786 0.0 0.0 0.0 0.0 0.0007984941 0.01955329 0.15460779 0.27157274 0.0 0.0 0.0 0.0011486984 0.08388703 0.0 0.0 0.0 0.0 0.032761905 0.0 0.0 0.0 0.0 0.0 0.029952986 0.0 0.0 0.0 0.0
0.12699543 0.0 0.0 0.0 0.0 0.0 0.0 0.0 0.0 0.0 0.09787293 0.0 0.0 0.0 0.0 0.0 0.0 0.0 0.0 0.24387895 0.0 0.020395888 0.0 0.0 0.0 0.0 0.0 0.102589644 0.0 0.0 0.0 0.0 0.018886764 0.0 0.0035223102 0.0 0.076108955 0.0 0.0 0.0 0.0 0.0 0.0 0.010024272 0.19476943 0.0 0.0 0.11823118 0.0 0.0 0.0 0.0 0.0 0.0 0.0 0.0
0.0 0.0 0.0 0.0 0.015421988 0.0 0.0 0.0 0.013358874 0.0 0.0 0.0 0.0 0.0 0.0 0.014898214 0.0 0.0 0.0 0.0 0.0 0.0 0.0 0.0 0.0 0.0 0.0 0.0 0.0 0.0 0.0007984941 0.018886765 0.09867779 0.06393186 0.0 0.053022966 0.0 0.07456719 0.24011308 0.108379535 0.122060955 0.069129564 0.0 0.0051948563 0.0 0.0491911 0.0 0.0 0.051391587 0.0 0.021787623 0.0 0.0 0.0 0.0 0.0
0.0 0.0 0.02066216 0.0 0.0 0.0 0.013548944 0.0 0.0 0.0 0.0 0.0 0.0 0.0 0.0 0.0 0.013815488 0.11286713 0.0 0.0 0.0 0.0 0.0 0.0 0.070335954 0.0 0.0 0.0 0.026483672 0.0 0.019553293 0.0 0.06393187 0.0 0.06665492 0.09546586 0.03205425 0.086169094 0.0 0.0 0.0 0.056133404 0.0 0.0 0.0 0.0 0.05230705 0.0 0.0 0.022422202 0.0 0.036905713 0.0 0.0 0.0 0.0
0.0 0.0 0.0 0.1918521 0.0 0.027560955 0.037312508 0.0 0.06557107 0.0 0.0 0.0 0.011450285 0.018937856 0.08265659 0.0 0.042288408 0.051955454 0.08587588 0.0 0.14792663 0.0 0.0 0.0 0.0 0.0 0.004615137 0.0 0.0 0.0 0.15460779 0.00352231 0.0 0.06665492 0.0 0.0038878024 0.0 0.0 0.0 0.0 0.0 0.0 0.07848694 0.0 0.0 0.0 0.011709685 0.0 0.0 0.0 0.0 0.0 0.0 0.07296783 0.060351748 0.0
0.0 0.0 0.0 0.089051485 0.16736287 0.0 0.0 0.0 0.0 0.0 0.0 0.0 0.053793907 0.002665022 0.0 0.0 0.0 0.0 0.0 0.0 0.0 0.0 0.0 0.015354789 0.020563146 0.075376324 0.0 0.016842233 0.0 0.0 0.27157274 0.0 0.053022966 0.09546586 0.0038878024 0.0 0.0 0.0 0.0 0.06822324 0.0 0.0 0.0 0.0 0.0 0.0 0.0 0.0 0.0 0.0 0.0 0.0 0.0 0.04019968 0.0 0.0
0.0 0.0 0.0 0.0 0.0 0.045349564 0.100937486 0.0 0.06265471 0.0 0.0 0.0 0.0 0.0 0.0069542164 0.0 0.0 0.04444524 0.0 0.0 0.18201268 0.025464445 0.0 0.0 0.16389412 0.0 0.0 0.0 0.0 0.20245467 0.0 0.07610895 0.0 0.03205425 0.0 0.0 0.0 0.0 0.038368974 0.0 0.0 0.0 0.0 0.08658335 0.0 0.0 0.038471345 0.0 0.0 0.0 0.0 0.019472405 0.09207823 0.0 0.0 0.0
0.0 0.0 0.05154549 0.0 0.0 0.016014671 0.0 0.0 0.10789459 0.0 0.0047513186 0.018862445 0.0 0.0 0.0 0.0 0.0 0.0 0.0 0.0 0.0 0.0 0.0 0.0 0.08446159 0.0 0.0 0.0 0.014031756 0.10326339 0.0 0.0 0.07456719 0.0861691 0.0 0.0 0.0 0.007207993 0.1026602 0.11730161 0.0 0.0 0.0 0.105833195 0.0 0.0 0.0 0.0 0.17896569 0.0 0.0 0.0 0.0 0.0 0.0 0.05815834
0.0 0.0 0.0 0.0 0.032356437 0.0 0.0 0.0 0.075029895 0.0 0.061737716 0.0 0.0 0.0 0.0 0.0 0.0 0.0 0.0 0.0 0.0 0.0 0.0 0.0 0.029550647 0.022743437 0.05884603 0.0492539 0.0 0.0 0.0 0.0 0.24011308 0.0 0.0 0.0 0.038368974 0.1026602 0.072706364 0.0009603184 0.12612782 0.0 0.0 0.0 0.024944147 0.0 0.0 0.039099116 0.012038926 0.0 0.0 0.0 0.0 0.0 0.0 0.0
0.0037295292 0.0 0.0 0.0 0.0 0.0 0.0 0.0 0.0 0.0 0.07901689 0.0 0.0572101 0.0 0.0 0.0 0.0 0.0 0.0 0.0 0.0 0.0 0.0857558 0.17113082 0.0 0.0 0.0 0.014985583 0.0 0.0 0.0011486984 0.0 0.10837954 0.0 0.0 0.06822324 0.0 0.117301606 0.0009603184 0.1264724 0.026854416 0.0 0.057523828 0.0 0.0 0.065709345 0.0 0.0 0.030224435 0.0 0.05660289 0.025770633 0.0 0.0 0.043363698 0.0
0.0 0.0 0.0 0.0 0.0 0.023399053 0.0 0.0 0.0 0.0 0.008137704 0.0 0.0 0.0 0.016870515 0.0 0.0 0.0 0.084617 0.0 0.0 0.0 0.031900994 0.17131543 0.0 0.0 0.0 0.0 0.0 0.0 0.08388703 0.0 0.12206095 0.0 0.0 0.0 0.0 0.0 0.12612782 0.026854414 0.0 0.0 0.0 0.0 0.0 0.0 0.0 0.0 0.0 0.09333092 0.0041734977 0.006080555 0.0 0.0 0.084814094 0.0
0.0 0.0 0.0 0.0 0.08110045 0.0 0.15558295 0.056173675 0.030815909 0.0 0.0 0.112749286 0.10443636 0.0 0.0 0.0 0.05023631 0.0 0.0 0.0 0.022125531 0.0 0.0 0.076765895 0.0 0.0 0.0017175173 0.0 0.0 0.0 0.0 0.0 0.06912957 0.0561334 0.0 0.0 0.0 0.0 0.0 0.0 0.0 0.0 0.0 0.0 0.0 0.0 0.0 0.0231142 0.0 0.1148545 0.0 0.018985387 0.0 0.0 0.0 0.0
0.0 0.0 0.0 0.0 0.0 0.008308899 0.12165894 0.09063343 0.0 0.062271934 0.0 0.0 0.0 0.0 0.0 0.0 0.008985162 0.0 0.039250564 0.0014736416 0.0 0.0 0.0 0.0 0.0 0.0 0.036836438 0.0 0.22131774 0.0 0.0 0.0 0.0 0.0 0.078486934 0.0 0.0 0.0 0.0 0.057523828 0.0 0.0 0.053325538 0.0 0.0 0.0 0.03182046 0.07508845 0.0 0.013314664 0.0 0.0 0.0 0.0 0.0 0.11109067
0.0 0.0 0.0 0.0 0.0 0.0 0.0 0.0 0.0050857505 0.0 0.0435146 0.0 0.0 0.0 0.0 0.0 0.0 0.015092444 0.0 0.0 0.0 0.0 0.03920163 0.066884995 0.0 0.12961443 0.004814444 0.07674372 0.0 0.0 0.0 0.010024271 0.005194856 0.0 0.0 0.0 0.08658335 0.1058332 0.0 0.0 0.0 0.0 0.0 0.0 0.100065805 0.0 0.0038982122 0.023244258 0.0 0.0 0.057646226 0.08810529 0.0 0.0 0.058223497 0.0
0.013466108 0.0 0.0 0.0 0.0 0.16988797 0.0 0.0 0.0 0.0 0.0 0.0 0.0 0.0 0.051053826 0.002079372 0.006590338 0.13732444 0.0 0.0 0.0 0.042767864 0.0 0.0 0.0 0.0033090245 0.0 0.0 0.0 0.038042095 0.0 0.19476943 0.0 0.0 0.0 0.0 0.0 0.0 0.024944147 0.0 0.0 0.0 0.0 0.100065805 0.14303246 0.0 0.1259538 0.0 0.0 0.0 0.0 0.0 0.026687557 0.0 0.0 0.0
0.0 0.0 0.0 0.0 0.0 0.040550563 0.0 0.0 0.0 0.0 0.02244812 0.0 0.0 0.0 0.0 0.0 0.0 0.0 0.0 0.10704439 0.0 0.0 0.20453729 0.0 0.0 0.08935865 0.06819781 0.052119464 0.0 0.0 0.0327619 0.0 0.0491911 0.0 0.0 0.0 0.0 0.0 0.0 0.065709345 0.0 0.0 0.0 0.0 0.0 0.0 0.0 0.038860682 0.0 0.0 0.15315357 0.0 0.0 0.0 0.039882872 0.0
0.0391647 0.056612015 0.0 0.0 0.00865302 0.032157887 0.15075791 0.004366182 0.0 0.037155133 0.08370878 0.0 0.0 0.0 0.0 0.0 0.0 0.0 0.0091627985 0.05633989 0.03101981 0.0 0.0 0.019257877 0.0 0.0 0.0 0.0 0.0 0.0 0.0 0.0 0.0 0.052307054 0.011709685 0.0 0.03847134 0.0 0.0 0.0 0.0 0.0 0.03182046 0.0038982122 0.12595378 0.0 0.0 0.0 0.0035102256 0.19421317 0.0 0.0 0.0 0.0 0.0 0.028958632
0.0 0.0 0.05937653 0.0 0.032276947 0.0 0.03105589 0.0 0.039278377 0.0 0.0 0.16371782 0.0 0.0 0.0 0.0 0.015711809 0.0 0.01694295 0.0 0.041187875 0.121814884 0.0 0.0 0.087384276 0.0 0.0 0.0 0.0 0.034996253 0.0 0.11823118 0.0 0.0 0.0 0.0 0.0 0.0 0.03909912 0.0 0.0 0.0231142 0.07508845 0.023244258 0.0 0.038860686 0.0 0.0 0.0 0.0 0.0 0.0 0.042273913 0.003167309 0.0 0.0
0.0 0.0 0.21714419 0.0 0.0 0.0 0.0 0.0 0.0 0.0 0.04542358 0.004919653 0.0 0.0 0.0 0.0 0.0 0.0 0.0 0.0 0.0 0.027160559 0.08827267 0.0 0.0 0.0 0.0 0.0 0.0 0.0 0.0 0.0 0.051391587 0.0 0.0 0.0 0.0 0.17896569 0.012038926 0.030224435 0.0 0.0 0.0 0.0 0.0 0.0 0.0035102258 0.0 0.15965565 0.0 0.18882152 0.0 0.0 0.0 0.0 0.0
0.0 0.048813727 0.029768534 0.0 0.0 0.0 0.0012381688 0.0054085343 0.040642824 0.0 0.0 0.0 0.0 0.0 0.0 0.0 0.050485525 0.0 0.1694669 0.0 0.13065733 0.04581615 0.0 0.0 0.03456107 0.08470796 0.0 0.0 0.0 0.0 0.0 0.0 0.0 0.0224222 0.0 0.0 0.0 0.0 0.0 0.0 0.09333092 0.1148545 0.013314663 0.0 0.0 0.0 0.19421315 0.0 0.0 0.0 0.0 0.0 0.0 0.0 0.0 0.0
0.0 0.13757873 0.04015092 0.0 0.0 0.0 0.0 0.0 0.0 0.0 0.10150711 0.0 0.04791204 0.0 0.0 0.12018231 0.0 0.0 0.0 0.00472936 0.0 0.0 0.0 0.0 0.0 0.0 0.0 0.0 0.0 0.0 0.0 0.0 0.021787623 0.0 0.0 0.0 0.0 0.0 0.0 0.05660289 0.0041734977 0.0 0.0 0.05764623 0.0 0.15315358 0.0 0.0 0.18882151 0.0 0.15343095 0.0 0.0 0.0 0.0 0.0
0.0 0.0 0.0067682057 0.022125235 0.0 0.0 0.0 0.0 0.019588614 0.0 0.0 0.0 0.0 0.0 0.22683734 0.07932791 0.08889943 0.0 0.13736446 0.0 0.0 0.0 0.0 0.0 0.0 0.0 0.0 0.0 0.0 0.0 0.029952986 0.0 0.0 0.036905713 0.0 0.0 0.019472405 0.0 0.0 0.025770633 0.006080555 0.018985387 0.0 0.08810528 0.0 0.0 0.0 0.0 0.0 0.0 0.0 0.0 0.014763312 0.24036703 0.0 0.0
0.06892266 0.0 0.0 0.0 0.0 0.0 0.023870429 0.07189951 0.0 0.10798876 0.0 0.004208357 0.0 0.0 0.0 0.0 0.0 0.0 0.0 0.0 0.0 0.0 0.0 0.0 0.0 0.049089443 0.20500559 0.18122023 0.0 0.0 0.0 0.0 0.0 0.0 0.0 0.0 0.092078224 0.0 0.0 0.0 0.0 0.0 0.0 0.0 0.026687555 0.0 0.0 0.042273913 0.0 0.0 0.0 0.014763312 0.0 0.0 0.04619657 0.0
0.0 0.0 0.0 0.0 0.0 0.0 0.0 0.05130704 0.0 0.0 0.0 0.0 0.0 0.21542804 0.003832107 0.0 0.03719115 0.0 0.009497633 0.0 0.0 0.0 0.0 0.16043445 0.0 0.0 0.0 0.0 0.0 0.0 0.0 0.0 0.0 0.0 0.07296783 0.04019968 0.0 0.0 0.0 0.0 0.0 0.0 0.0 0.0 0.0 0.0 0.0 0.0031673093 0.0 0.0 0.0 0.24036703 0.0 0.0 0.0 0.0
0.0072568627 0.25451985 0.0 0.0 0.0 0.014674495 0.018443484 0.0 0.0 0.009794609 0.0 0.0 0.021825407 0.0 0.043797195 0.14780769 0.0 0.0 0.0 0.016761748 0.0 0.08682454 0.0 0.0 0.0 0.0 0.0 0.0 0.0 0.0 0.0 0.0 0.0 0.0 0.060351748 0.0 0.0 0.0 0.0 0.043363694 0.084814094 0.0 0.0 0.0582235 0.0 0.039882872 0.0 0.0 0.0 0.0 0.0 0.0 0.046196572 0.0 0.0 0.008052983
0.0 0.0 0.0 0.0 0.0 0.0 0.0 0.0 0.0 0.007474077 0.0 0.0 0.0 0.0 0.0 0.0 0.14624377 0.21078221 0.0 0.0 0.05449653 0.0 0.0 0.100399844 0.19362219 0.0 0.065643996 0.0 0.0 0.0 0.0 0.0 0.0 0.0 0.0 0.0 0.0 0.05815834 0.0 0.0 0.0 0.0 0.11109067 0.0 0.0 0.0 0.028958632 0.0 0.0 0.0 0.0 0.0 0.0 0.0 0.008052983 0.0
