0.012367832 0.12053247 0.03621983 0.0 0.0 0.0 0.0 0.031543083 0.025501397 0.0 0.0 0.007906459 0.017701136 0.09542988 0.0 0.0 0.009747597 0.0 0.0 0.0 0.00035139307 0.009625644 0.0 0.0 0.017153393 0.035990927 0.0 0.0005618742 0.0 0.09613238 0.0 0.0 0.02367745 0.02422531 0.007921446 0.03358978 0.0 0.023106748 0.0 0.058404665 0.0298535 0.004231443 0.06467161 0.14189178 0.0 0.0 0.014386435 0.0 0.0 0.0 0.0 0.017009532 0.0 0.068121515 0.008817491 0.097097285
0.12053247 0.0 0.0 0.0 0.0 0.0 0.0 0.113350466 0.0 0.050394665 0.021440063 0.0 0.0 0.0 0.0 0.0 0.026596455 0.0 0.011575886 0.0 0.0 0.0 0.03544338 0.035154853 0.0 0.0 0.0 0.04136278 0.024302522 0.0 0.0 0.0 0.0 0.0 0.020242551 0.033010677 0.10799272 0.0 0.0 0.0 0.007060985 0.0 0.015428948 0.0 0.07148271 0.0 0.0 0.0048540467 0.0 0.0 0.04232777 0.123778224 0.0 0.0 0.008165119 0.0068332525
0.036219835 0.0 0.0 0.0 0.0 0.0 0.028546827 0.06130071 0.0 0.002088376 0.0 0.0 0.0 0.0 0.0 0.0 0.0 0.0 0.0 0.0 0.0 0.0 0.0 0.017993944 0.0 0.053938907 0.0 0.0 0.1634897 0.016370824 0.0 0.0 0.0 0.0 0.058437634 0.032314166 0.0 0.0 0.0 0.0 0.011668666 0.0 0.0 0.0 0.0839978 0.0 0.0 0.03328758 0.0 0.0 0.0 0.14361641 0.0 0.03216622 0.009155274 0.16442294
0.0 0.0 0.0 0.0 0.0 0.0 0.009822027 0.0 0.0 0.0 0.0 0.0 0.0 0.0 0.0 0.0 0.17750823 0.0 0.04229744 0.0 0.0 0.040714387 0.0 0.0 0.07955016 0.003109452 0.0 0.0584605 0.0 0.036429234 0.0 0.0049397917 0.0 0.0 0.0 0.0 0.0 0.0 0.06985365 0.0 0.18032175 0.051963508 0.0 0.0 0.0 0.0 0.06523193 0.016284475 0.026929583 0.024923382 0.007001766 0.0 0.0 0.0 0.0 0.034330763
0.0 0.0 0.0 0.0 0.10243978 0.0649893 0.0 0.031625368 0.0 0.0 0.06296956 0.0 0.0 0.0 0.011468838 0.0 0.027896164 0.0 0.040678333 0.0 0.0 0.113301486 0.0 0.0 0.0030304145 0.0511137 0.0 0.018674225 0.0049591116 0.019125398 0.070881136 0.019065091 0.0 0.0 0.0 0.0 0.0 0.13178653 0.0 0.0 0.0 0.006028957 0.0 0.0 0.0 0.0 0.0 0.0 0.14428905 0.0 0.019273357 0.048214205 0.018788075 0.0 0.0 0.0
0.0 0.0 0.0 0.0 0.06498929 0.10110976 0.0 0.0 0.0 0.0 0.0 0.0 0.0 0.0 0.058908504 0.017823081 0.03436205 0.0 0.030143103 0.010600284 0.05038633 0.0 0.06909595 0.0 0.0 0.017141275 0.025331125 0.03247991 0.0 0.08651688 0.05064257 0.0413283 0.0 0.0 0.010939805 0.0 0.021085456 0.03966766 0.050861828 0.0 0.0 0.0 0.0 0.0 0.01894148 0.009734942 0.0 0.03238299 0.024419053 0.0 0.009700477 0.01233907 0.0 0.0 0.03611032 0.0
0.0 0.0 0.028546827 0.009822026 0.0 0.0 0.027556058 0.0 0.0 0.0 0.0 0.0 0.12704088 0.054642666 0.0217808 0.002121958 0.014846325 0.09626549 0.041617803 0.0 0.040099315 0.015863962 0.011203753 0.005732719 0.06984373 0.0 0.06514466 0.0 0.0 0.07569215 0.032173257 0.026008591 0.0 0.0 0.0 0.0 0.0 0.0 0.013992177 0.0 0.021482257 0.019025851 0.04983696 0.0 0.0 0.0 0.0 0.0 0.03179427 0.0 0.0 0.0 0.014585539 0.01720751 0.0 0.0
0.03154308 0.113350466 0.061300706 0.0 0.031625364 0.0 0.0 0.043874647 0.047333475 0.0037749873 0.049015515 0.0 0.004819947 0.026003286 0.015271955 0.02999352 0.0 0.07304739 0.046116598 0.024954805 0.03939264 0.022591366 0.0 0.0 0.0067621917 0.0 0.0 0.014117492 0.0 0.0 0.0 0.0 0.09488309 0.0 0.0 0.04601992 0.08693535 0.0 0.0 0.0 0.0 0.0 0.0 0.0 0.0045417952 0.0 0.0052497885 0.01805066 0.0 0.020826189 0.0 0.0013733635 0.0018474491 0.0 0.022643674 0.0
0.025501397 0.0 0.0 0.0 0.0 0.0 0.0 0.047333475 0.0 0.045020618 0.0 0.0 0.0 0.0 0.0 0.0 0.0 0.0101887835 0.0 0.0 0.008199354 0.022120098 0.04989728 0.0 0.013443411 0.062096927 0.05979887 0.0 0.026535247 0.0 0.031039353 0.0 0.013556132 0.0 0.0 0.0 0.033668373 0.0 0.094461456 0.0 0.013890989 0.0058761914 0.0 0.0 0.109641604 0.0 0.0 0.08341562 0.0 0.051405974 0.040600456 0.024742374 0.0 0.0 0.0001871447 0.0
0.0 0.05039467 0.0020883759 0.0 0.0 0.0 0.0 0.0037749873 0.045020618 0.0 0.0 0.0 0.08719158 0.03151054 0.0 0.12307896 0.081882395 0.037092313 0.09611697 0.014656763 0.0 0.0063846135 0.0 0.010356659 0.029304456 0.0 0.0 0.004502711 0.0 0.028093405 0.0 0.0 0.0 0.05047813 0.0 0.0010134476 0.0 0.007415104 0.0 0.029103335 0.025059767 0.014833777 0.093106896 0.10309937 0.0 0.0 0.07663622 0.014595052 0.0 0.014845161 0.0 0.0 0.09308821 0.0 0.030783894 0.0
0.0 0.021440063 0.0 0.0 0.06296956 0.0 0.0 0.04901551 0.0 0.0 0.0 0.0 0.0 0.0 0.10987865 0.06421886 0.102073975 0.0 0.0 0.0 0.02674014 0.056457233 0.003540658 0.0 0.14850755 0.0 0.0 0.034469157 0.0 0.011614213 0.07164369 0.0 0.0 0.0 0.0 0.0 0.0 0.020254297 0.0 0.0 0.0 0.068151124 0.0 0.0 0.0 0.0 0.0222455 0.0 0.06559515 0.0 0.013744774 0.0 0.0 0.028141042 0.0 0.0
0.007906459 0.0 0.0 0.0 0.0 0.0 0.0 0.0 0.0 0.0 0.0 0.0 0.0 0.06513544 0.0 0.0 0.0 0.0 0.0 0.0 0.0 0.0 0.04490902 0.0 0.0 0.18309306 0.019710114 0.0 0.0 0.0 0.0 0.0 0.0 0.013435633 0.0 0.033099048 0.0042765574 0.0 0.017989269 0.052707452 0.0 0.0 0.0 0.0 0.06773989 0.0 0.0 0.0 0.0 0.0 0.01283702 0.013159231 0.0 0.13888718 0.089970045 0.073361464
0.017701136 0.0 0.0 0.0 0.0 0.0 0.12704088 0.0048199473 0.0 0.08719158 0.0 0.0 0.0 0.0 0.0 0.0 0.0 0.0 0.0 0.0 0.0 0.046290103 0.0383318 0.05757253 0.0 0.027629197 0.056857277 0.0 0.027892955 0.0 0.0 0.0 0.027431121 0.017827904 0.010749386 0.0 0.03878101 0.0 0.08657339 0.017393248 0.0 0.0 0.0 0.0 0.041015476 0.0 0.0 0.083086416 0.032707535 0.024606409 0.013427595 0.06897342 0.0 0.0 0.012099651 0.0
0.09542988 0.0 0.0 0.0 0.0 0.0 0.054642666 0.026003286 0.0 0.03151054 0.0 0.06513544 0.0 0.0 0.0 0.0 0.0 0.0 0.0 0.029717697 0.024007788 0.026391264 0.0 0.0 0.015871683 0.0 0.09547595 0.0 0.0 0.0 0.0 0.0 0.10583089 0.022807512 0.0656502 0.0 0.030705892 0.0 0.021909313 0.021546323 0.0 0.0 0.0 0.0 0.07421973 0.07570209 0.0 0.0 0.0 0.069495134 0.0306356 0.052514147 0.0 0.0 0.06829459 0.0
0.0 0.0 0.0 0.0 0.011468838 0.058908504 0.021780798 0.015271955 0.0 0.0 0.10987866 0.0 0.0 0.0 0.0 0.104499996 0.0 0.0072862105 0.09536681 0.0 0.039668586 0.0 0.070385106 0.0 0.0 0.0 0.0 0.026972981 0.0 0.0 0.045157433 0.0 0.0 0.0 0.0 0.0 0.0 0.046696704 0.058532696 0.0 0.0 0.0 0.0 0.00078071386 0.0 0.0 0.037286345 0.024277166 0.038757958 8.579461e-05 0.0 0.0 0.0 0.0 0.0 0.0
0.0 0.0 0.0 0.0 0.0 0.017823081 0.0021219582 0.029993521 0.0 0.12307896 0.06421886 0.0 0.0 0.0 0.104499996 0.12786421 0.0 0.0 0.040245797 0.0 0.013203774 0.0 0.06659114 0.0037410643 0.0 0.0 0.0 0.039008316 0.008844578 0.0 0.0 0.021951357 0.0 0.0 0.0 0.0 0.11946964 0.0 0.0 0.0 0.0 0.0 0.0074405493 0.0 0.028209107 0.0 0.0 0.016607104 0.0014925044 0.0 0.036695976 0.06161095 0.0 0.0 0.0 0.0
0.009747597 0.026596455 0.0 0.17750823 0.027896164 0.03436205 0.014846325 0.0 0.0 0.081882395 0.102073975 0.0 0.0 0.0 0.0 0.0 0.026288386 0.057246 0.0041301926 0.0 0.0 0.0 0.058961596 0.020402594 0.0008631987 0.0 0.0 0.0 0.0 0.02910279 0.06684907 0.025937786 0.0 0.0 0.04150986 0.028452022 0.0 0.031313628 0.013361606 0.0 0.0 0.0080764545 0.0 0.0 0.0 0.08128995 0.0048476453 0.0 0.0 0.0 0.0 0.017021777 0.0 0.0 0.0 0.0
0.0 0.0 0.0 0.0 0.0 0.0 0.09626549 0.07304739 0.0101887835 0.03709231 0.0 0.0 0.0 0.0 0.007286211 0.0 0.057246 0.0 0.0 0.0 0.0 0.023483207 0.0 0.0 0.0 0.0 0.0 0.0 0.16306083 0.0029865305 0.0 0.0066383225 0.0 0.0730808 0.026863355 0.006439733 0.0 0.0 0.0 0.0 0.023904707 0.12635915 0.0093280915 0.0 0.0 0.0 0.032985613 0.010370573 0.0 0.0 0.0 0.0 0.0 0.008814512 0.0 0.18291791
0.0 0.011575886 0.0 0.042297445 0.040678337 0.030143104 0.041617803 0.046116598 0.0 0.09611697 0.0 0.0 0.0 0.0 0.09536681 0.040245797 0.0041301926 0.0 0.0 0.007846538 0.0 0.0 0.07814442 0.04322993 0.0 0.0 0.0 0.0 0.010653254 0.0 0.075697795 0.0 0.0 0.0 0.0 0.0 0.0 0.026976733 0.019058483 0.0 0.0 0.0 0.044394627 0.009228949 0.040131398 0.0 0.0040211948 0.017211858 0.0027299135 0.0005842743 0.0 0.0042645982 0.0 0.0 0.0 0.0
0.0 0.0 0.0 0.0 0.0 0.010600283 0.0 0.024954803 0.0 0.014656763 0.0 0.0 0.0 0.029717699 0.0 0.0 0.0 0.0 0.007846538 0.0 0.0 0.020920692 0.0 0.015653765 0.0 0.10512622 0.0 0.06752764 0.0063021304 0.021386294 0.0 0.05805134 0.0 0.0 0.0 0.0 0.01645311 0.0 0.0 0.07422936 0.05618476 0.017929504 0.0057296553 0.014253386 0.07064656 0.0 0.0 0.0 0.0 0.044625685 0.0 0.054397196 0.0 0.088802904 0.0074770786 0.0
0.00035139307 0.0 0.0 0.0 0.0 0.05038633 0.040099315 0.03939264 0.008199354 0.0 0.02674014 0.0 0.0 0.024007788 0.03966859 0.013203774 0.0 0.0 0.0 0.0 0.0 0.0 0.063701816 0.0 0.0 0.0 0.0 0.041952465 0.0 0.053328954 0.0 0.025957288 0.058917765 0.0 0.03408879 0.0016500454 0.0 0.04987274 0.034855083 0.04945439 0.012048489 0.017581739 0.0 0.0 0.04574452 0.025276808 0.0 0.0 0.017312285 0.0055790637 0.079174295 0.0622657 0.0 0.016735915 0.055447254 0.0
0.009625644 0.0 0.0 0.040714387 0.11330148 0.0 0.015863962 0.022591367 0.022120098 0.0063846135 0.056457233 0.0 0.046290103 0.026391262 0.0 0.0 0.0 0.02348321 0.0 0.020920692 0.0 0.0 0.030195499 0.07705286 0.0 0.0 0.03983253 0.029591253 0.0 0.0 0.048478838 0.042047188 0.0 0.0 0.0 0.0 0.0 0.0 0.0 0.0 0.0 0.0 0.0 0.0 0.0 0.10307191 0.0 0.0 0.0 0.0 0.04616705 0.068356715 0.0 0.0 0.09460546 0.0
0.0 0.03544338 0.0 0.0 0.0 0.069095954 0.011203752 0.0 0.049897276 0.0 0.0035406582 0.04490902 0.038331803 0.0 0.07038511 0.06659114 0.058961593 0.0 0.07814442 0.0 0.063701816 0.030195495 0.0 0.0 0.045787454 0.0 0.0 0.0 0.0 0.0 0.0 0.02203173 0.013967888 0.055371292 0.0 0.0 0.0 0.0 0.023824032 0.047921427 0.032084893 0.021444526 0.034131248 0.0 0.0 0.018589051 0.12863782 0.0 0.014734659 0.03519761 0.0 0.0 0.065775976 0.0 0.000554809 0.015296773
0.0 0.035154853 0.017993944 0.0 0.0 0.0 0.005732719 0.0 0.0 0.01035666 0.0 0.0 0.057572525 0.0 0.0 0.0037410646 0.020402594 0.0 0.043229926 0.015653765 0.0 0.07705286 0.0 0.0 0.023465214 0.0 0.0 0.0 0.12493794 0.0 0.0 0.0 0.038369447 0.042347826 0.09352406 0.0048984094 0.077544264 0.0 0.016175507 0.0 0.043336265 0.023364274 0.003975795 0.044825543 0.0 0.0 0.093674466 0.0 0.0 0.05589726 0.0 0.0 0.044207096 0.010225993 0.025040202 0.07045525
0.017153395 0.0 0.0 0.07955016 0.0030304145 0.0 0.069843724 0.0067621917 0.013443411 0.029304454 0.14850755 0.0 0.0 0.015871683 0.0 0.0 0.0008631988 0.0 0.0 0.0 0.0 0.0 0.045787454 0.023465212 0.0 0.0 0.0136661 0.0016207854 0.0 0.0 0.1350765 0.056224655 0.0 0.0 0.0 0.06825475 0.066704035 0.04311294 0.0 0.041904654 0.0 0.0 0.023998206 0.0 0.0 0.00834695 0.0 0.0 0.0 0.0 0.08257768 0.007844085 0.0 0.0 0.010088789 0.0
0.035990927 0.0 0.053938907 0.0031094518 0.0511137 0.017141275 0.0 0.0 0.062096924 0.0 0.0 0.18309306 0.027629197 0.0 0.0 0.0 0.0 0.0 0.0 0.10512622 0.0 0.0 0.0 0.0 0.0 0.0 0.02493598 0.0 0.0 0.0 0.0 0.061723474 0.042029053 0.0 0.0 0.02644472 0.0 0.0 0.0588527 0.01027962 0.0 0.0 0.0 0.07562872 0.0 0.041514497 0.0 0.0046551726 0.023938157 0.0 0.0 0.0 0.047132313 0.0 0.0 0.0
0.0 0.0 0.0 0.0 0.0 0.025331125 0.06514466 0.0 0.059798874 0.0 0.0 0.019710114 0.056857277 0.09547595 0.0 0.0 0.0 0.0 0.0 0.0 0.0 0.03983253 0.0 0.0 0.013666101 0.02493598 0.0 0.0 0.009977402 0.010433145 0.0 0.0 0.0 0.0 0.021242544 0.00021262525 0.0 0.0 0.0 0.1480728 0.11055842 0.031153308 0.009501204 0.0 0.0 0.0 0.023210919 0.06557609 0.0 0.0 0.0056970017 0.0 0.028011186 0.024876736 0.020563588 0.00931955
0.0005618741 0.04136278 0.0 0.0584605 0.018674225 0.03247991 0.0 0.014117492 0.0 0.004502711 0.034469154 0.0 0.0 0.0 0.02697298 0.039008312 0.0 0.0 0.0 0.06752764 0.04195247 0.029591251 0.0 0.0 0.0016207854 0.0 0.0 0.0 0.0 0.0 0.019071523 0.14977637 0.022958504 0.0031801225 0.0 0.0 0.07643617 0.0 0.015673015 0.0 0.0 0.0 0.0 0.0 0.0 0.005805205 0.0 0.016172102 0.040668335 0.0 0.013760594 0.021979721 0.055577844 0.0 0.0 0.0
0.0 0.024302522 0.1634897 0.0 0.0049591116 0.0 0.0 0.0 0.026535247 0.0 0.0 0.0 0.027892953 0.0 0.0 0.008844577 0.0 0.16306083 0.010653253 0.0063021304 0.0 0.0 0.0 0.12493794 0.0 0.0 0.009977402 0.0 0.0 0.0 0.0 0.0 0.0 0.106413685 0.0 0.10269781 0.0 0.063779294 0.014575168 0.0 0.0 0.0 0.0 0.040493064 0.0 0.011897306 0.0 0.0 0.0 0.0 0.0 0.0 0.09848222 0.0 0.0 0.0
0.09613238 0.0 0.016370824 0.036429234 0.0191254 0.08651688 0.07569215 0.0 0.0 0.028093405 0.011614213 0.0 0.0 0.0 0.0 0.0 0.02910279 0.0029865305 0.0 0.021386294 0.053328954 0.0 0.0 0.0 0.0 0.0 0.010433145 0.0 0.0 0.034899388 0.01231042 0.0 0.0 0.050777346 0.0 0.06453444 0.04239074 0.07854052 0.0 0.0 0.0 0.007383695 0.0 0.0 0.0700965 0.0 0.0 0.0 0.0041355714 0.0 0.0 0.022552647 0.0 0.009958657 0.016586939 0.028164793
0.0 0.0 0.0 0.0 0.070881136 0.050642572 0.032173257 0.0 0.031039352 0.0 0.07164369 0.0 0.0 0.0 0.045157433 0.0 0.06684906 0.0 0.075697795 0.0 0.0 0.048478838 0.0 0.0 0.1350765 0.0 0.0 0.019071525 0.0 0.012310419 0.033471655 0.049350318 0.0 0.0 0.0 0.0 0.0 0.0 0.0 0.0 0.015401184 0.018275341 0.014189278 0.0022075286 0.0 0.010346143 0.07540388 0.0 0.033696976 0.0 0.0 0.0 0.0 0.0 0.0 0.027290756
0.0 0.0 0.0 0.0049397913 0.019065093 0.0413283 0.02600859 0.0 0.0 0.0 0.0 0.0 0.0 0.0 0.0 0.021951355 0.025937786 0.006638323 0.0 0.05805134 0.025957288 0.042047188 0.02203173 0.0 0.056224655 0.061723474 0.0 0.14977637 0.0 0.0 0.049350318 0.06986416 0.0 0.0 0.0 0.0 0.0 0.0 0.08768867 0.0 0.014401595 0.054086715 0.0 0.0 0.0 0.0 0.0 0.08051672 0.039592024 0.009383563 0.08298723 0.0 0.016800089 0.0 0.0 0.0
0.02367745 0.0 0.0 0.0 0.0 0.0 0.0 0.09488309 0.013556131 0.0 0.0 0.0 0.027431121 0.10583089 0.0 0.0 0.0 0.0 0.0 0.0 0.058917765 0.0 0.013967889 0.038369447 0.0 0.042029053 0.0 0.022958502 0.0 0.0 0.0 0.0 0.0 0.0 0.03287563 0.0 0.024654478 0.0 0.0 0.06535563 0.104387894 0.06815016 0.061109547 0.0 0.0 0.0 0.0066720783 0.0 0.0 0.0 0.05378284 0.0068519465 0.0 0.039035365 0.12147111 0.0
0.02422531 0.0 0.0 0.0 0.0 0.0 0.0 0.0 0.0 0.05047813 0.0 0.013435633 0.017827904 0.022807512 0.0 0.0 0.0 0.0730808 0.0 0.0 0.0 0.0 0.055371292 0.042347826 0.0 0.0 0.0 0.0031801225 0.106413685 0.050777346 0.0 0.0 0.0 0.02501833 0.046590216 0.09805573 0.04990205 0.0 0.0 0.01925164 0.0 0.0 0.0 0.0 0.065366805 0.002182213 0.0 0.0 0.0 0.0 0.02041666 0.008810477 0.0 0.025374193 0.0 0.02680992
0.007921446 0.020242551 0.058437634 0.0 0.0 0.010939805 0.0 0.0 0.0 0.0 0.0 0.0 0.010749386 0.0656502 0.0 0.0 0.04150986 0.026863357 0.0 0.0 0.03408879 0.0 0.0 0.09352407 0.0 0.0 0.021242544 0.0 0.0 0.0 0.0 0.0 0.03287563 0.046590216 0.0 0.0 0.0 0.0 0.03132996 0.0052808016 0.0 0.0071727666 0.0 0.22379963 0.0 0.026427934 0.013423239 0.0 0.0 0.06856124 0.0 0.0 0.055002343 0.03182968 0.07438649 0.0
0.033589777 0.033010677 0.032314166 0.0 0.0 0.0 0.0 0.046019923 0.0 0.0010134476 0.0 0.03309905 0.0 0.0 0.0 0.0 0.028452024 0.006439733 0.0 0.0 0.0016500455 0.0 0.0 0.0048984094 0.06825475 0.02644472 0.00021262525 0.0 0.10269782 0.06453444 0.0 0.0 0.0 0.09805573 0.0 0.0 0.0 0.06473942 0.0 0.0 0.01822237 0.0140472455 0.0 0.0067114476 0.015351046 0.002085701 0.0 0.0 0.026281482 0.13034622 0.0 0.0 0.041835517 0.0 0.0 0.10630861
0.0 0.10799272 0.0 0.0 0.0 0.021085458 0.0 0.086935356 0.03366837 0.0 0.0 0.004276557 0.038781013 0.030705892 0.0 0.119469635 0.0 0.0 0.0 0.016453112 0.0 0.0 0.0 0.077544264 0.06670404 0.0 0.0 0.07643617 0.0 0.04239074 0.0 0.0 0.024654478 0.04990205 0.0 0.0 0.0 0.009390507 0.0 0.02899446 0.0 0.045000356 0.024559142 0.05855383 0.0 0.0 0.00673518 0.0 0.0 0.0 0.0 0.0023288669 0.0 0.011145722 0.0010194919 0.0
0.023106746 0.0 0.0 0.0 0.13178653 0.03966766 0.0 0.0 0.0 0.007415104 0.020254297 0.0 0.0 0.0 0.046696708 0.0 0.031313628 0.0 0.026976734 0.0 0.04987274 0.0 0.0 0.0 0.043112937 0.0 0.0 0.0 0.063779294 0.07854052 0.0 0.0 0.0 0.0 0.0 0.06473941 0.009390507 0.08394325 0.053995848 0.0 0.004464653 0.054977432 0.01107427 0.0 0.0065695094 0.0 0.05043459 0.051714193 0.073894136 0.03002836 0.0 0.0 0.009106589 0.0 0.0 0.0
0.0 0.0 0.0 0.06985365 0.0 0.050861828 0.013992177 0.0 0.09446146 0.0 0.0 0.017989269 0.08657339 0.021909313 0.058532696 0.0 0.013361606 0.0 0.019058483 0.0 0.034855083 0.0 0.023824032 0.016175507 0.0 0.0588527 0.0 0.015673015 0.014575168 0.0 0.0 0.08768867 0.0 0.0 0.03132996 0.0 0.0 0.05399585 0.0 0.06798068 0.0 0.045264293 0.04944234 0.03164466 0.0 0.009943939 0.060147468 0.0 0.0 0.0 0.034702506 0.0 0.0 0.07021572 0.0 0.0
0.05840466 0.0 0.0 0.0 0.0 0.0 0.0 0.0 0.0 0.029103335 0.0 0.052707452 0.017393248 0.021546323 0.0 0.0 0.0 0.0 0.0 0.07422935 0.049454395 0.0 0.047921423 0.0 0.041904658 0.01027962 0.1480728 0.0 0.0 0.0 0.0 0.0 0.06535563 0.01925164 0.0052808016 0.0 0.028994458 0.0 0.06798068 0.0 0.042088147 0.0 0.0 0.0 0.01338226 0.06553252 0.006136804 0.06886622 0.0306044 0.11007384 0.059203133 0.010534386 0.0 0.0 0.024775665 0.0
0.0298535 0.0070609855 0.011668666 0.18032174 0.0 0.0 0.021482257 0.0 0.013890989 0.025059769 0.0 0.0 0.0 0.0 0.0 0.0 0.0 0.023904707 0.0 0.05618476 0.012048489 0.0 0.032084893 0.043336265 0.0 0.0 0.11055842 0.0 0.0 0.0 0.015401184 0.014401594 0.104387894 0.0 0.0 0.01822237 0.0 0.004464653 0.0 0.042088147 0.0 0.0 0.0 0.0 0.0 0.09103995 0.0 0.04631701 0.00017122811 0.0 0.057752043 0.014432532 0.04511509 0.0 0.016045919 0.0
0.004231443 0.0 0.0 0.051963504 0.006028957 0.0 0.019025851 0.0 0.0058761914 0.014833777 0.068151124 0.0 0.0 0.0 0.0 0.0 0.0080764545 0.12635916 0.0 0.017929506 0.017581739 0.0 0.021444524 0.023364274 0.0 0.0 0.031153306 0.0 0.0 0.007383695 0.018275341 0.05408671 0.06815016 0.0 0.0071727666 0.0140472455 0.045000356 0.054977432 0.04526429 0.0 0.0 0.0 0.0 0.0 0.053624935 0.013594998 0.0 0.062241558 0.0 0.0 0.0034051104 0.04928528 0.037847977 0.0 0.0 0.0
0.06467162 0.015428948 0.0 0.0 0.0 0.0 0.04983696 0.0 0.0 0.093106896 0.0 0.0 0.0 0.0 0.0 0.0074405493 0.0 0.0093280915 0.044394623 0.0057296553 0.0 0.0 0.034131248 0.0039757947 0.023998208 0.0 0.009501204 0.0 0.0 0.0 0.014189278 0.0 0.06110955 0.0 0.0 0.0 0.02455914 0.01107427 0.04944234 0.0 0.0 0.0 0.0 0.0 0.079244584 0.014395379 0.0 0.06315844 0.08137438 0.022518132 0.05467449 0.030185968 0.038990047 0.0 0.00963917 0.0
0.14189178 0.0 0.0 0.0 0.0 0.0 0.0 0.0 0.0 0.10309937 0.0 0.0 0.0 0.0 0.00078071386 0.0 0.0 0.0 0.009228949 0.014253387 0.0 0.0 0.0 0.044825543 0.0 0.07562871 0.0 0.0 0.040493067 0.0 0.0022075288 0.0 0.0 0.0 0.22379963 0.0067114476 0.058553834 0.0 0.031644657 0.0 0.0 0.0 0.0 0.0 0.0 0.0 0.0 0.040550698 0.0 0.0 0.02009658 0.028234215 0.0 0.0 0.010608992 0.009922499
0.0 0.07148272 0.08399781 0.0 0.0 0.01894148 0.0 0.0045417952 0.109641604 0.0 0.0 0.06773989 0.041015476 0.07421973 0.0 0.028209107 0.0 0.0 0.040131394 0.07064656 0.045744523 0.0 0.0 0.0 0.0 0.0 0.0 0.0 0.0 0.07009649 0.0 0.0 0.0 0.0653668 0.0 0.015351047 0.0 0.0065695094 0.0 0.01338226 0.0 0.053624935 0.079244584 0.0 0.0 0.0 0.0 0.0 0.0 0.0 0.0 0.0 0.0 0.08755934 0.099328555 0.0075505115
0.0 0.0 0.0 0.0 0.0 0.009734942 0.0 0.0 0.0 0.0 0.0 0.0 0.0 0.0757021 0.0 0.0 0.08128995 0.0 0.0 0.0 0.02527681 0.10307191 0.018589053 0.0 0.00834695 0.041514497 0.0 0.0058052056 0.011897306 0.0 0.010346143 0.0 0.0 0.002182213 0.026427934 0.002085701 0.0 0.0 0.00994394 0.06553251 0.09103995 0.013594998 0.014395379 0.0 0.0 0.0 0.0 0.0015422257 0.0036839114 0.009612918 0.060693637 0.0043187584 0.0 0.013495291 0.0 0.090461865
0.014386434 0.0 0.0 0.065231934 0.0 0.0 0.0 0.005249788 0.0 0.07663621 0.0222455 0.0 0.0 0.0 0.037286345 0.0 0.004847645 0.032985613 0.0040211948 0.0 0.0 0.0 0.12863782 0.093674466 0.0 0.0 0.023210917 0.0 0.0 0.0 0.075403884 0.0 0.0066720783 0.0 0.013423239 0.0 0.0067351805 0.05043459 0.060147468 0.006136804 0.0 0.0 0.0 0.0 0.0 0.0 0.0 0.00833376 0.014855116 0.0 0.07804516 0.035178293 0.0 0.016017072 0.0 0.0
0.0 0.0048540463 0.033287585 0.016284475 0.0 0.03238299 0.0 0.018050661 0.08341562 0.014595052 0.0 0.0 0.083086416 0.0 0.024277166 0.016607106 0.0 0.010370573 0.017211856 0.0 0.0 0.0 0.0 0.0 0.0 0.004655172 0.06557609 0.016172102 0.0 0.0 0.0 0.08051672 0.0 0.0 0.0 0.0 0.0 0.051714193 0.0 0.068866216 0.04631701 0.06224156 0.06315844 0.0405507 0.0 0.0015422257 0.00833376 0.0 0.0 0.0 0.014373618 0.023117598 0.0004916306 0.089306936 0.0793428 0.0
0.0 0.0 0.0 0.026929583 0.14428905 0.02441905 0.03179427 0.0 0.0 0.0 0.06559515 0.0 0.03270753 0.0 0.038757958 0.0014925043 0.0 0.0 0.0027299135 0.0 0.017312285 0.0 0.014734659 0.0 0.0 0.023938157 0.0 0.040668335 0.0 0.004135571 0.033696976 0.03959202 0.0 0.0 0.0 0.026281482 0.0 0.073894136 0.0 0.030604402 0.00017122811 0.0 0.08137438 0.0 0.0 0.0036839114 0.014855116 0.0 0.0 0.0 0.11765251 0.0 0.0 0.045711704 0.019825142 0.0
0.0 0.0 0.0 0.024923384 0.0 0.0 0.0 0.02082619 0.051405974 0.014845162 0.0 0.0 0.024606409 0.06949514 8.57946e-05 0.0 0.0 0.0 0.0005842743 0.044625685 0.0055790637 0.0 0.035197612 0.05589726 0.0 0.0 0.0 0.0 0.0 0.0 0.0 0.009383563 0.0 0.0 0.06856123 0.13034621 0.0 0.030028362 0.0 0.11007384 0.0 0.0 0.02251813 0.0 0.0 0.009612918 0.0 0.0 0.0 0.0 0.07270702 0.0 0.0 0.06814555 0.059042376 0.0
0.0 0.042327773 0.0 0.007001766 0.019273357 0.009700477 0.0 0.0 0.040600456 0.0 0.013744773 0.012837021 0.013427595 0.030635603 0.0 0.036695972 0.0 0.0 0.0 0.0 0.079174295 0.04616705 0.0 0.0 0.08257768 0.0 0.005697002 0.013760594 0.0 0.0 0.0 0.08298722 0.053782836 0.020416658 0.0 0.0 0.0 0.0 0.034702506 0.059203133 0.05775204 0.0034051104 0.054674488 0.02009658 0.0 0.060693637 0.07804516 0.014373619 0.11765251 0.07270701 0.0 0.0 0.07397498 0.0 0.0087618865 0.0
0.017009532 0.12377822 0.14361642 0.0 0.048214205 0.01233907 0.0 0.0013733634 0.024742374 0.0 0.0 0.013159231 0.06897342 0.052514143 0.0 0.061610945 0.017021777 0.0 0.0042645982 0.0543972 0.062265698 0.068356715 0.0 0.0 0.007844084 0.0 0.0 0.021979721 0.0 0.022552647 0.0 0.0 0.0068519465 0.008810477 0.0 0.0 0.0023288669 0.0 0.0 0.010534386 0.014432532 0.049285278 0.030185968 0.028234215 0.0 0.0043187584 0.035178296 0.023117596 0.0 0.0 0.0 0.0 0.1476094 0.0 0.012792852 0.0
0.0 0.0 0.0 0.0 0.018788075 0.0 0.014585538 0.001847449 0.0 0.0930882 0.0 0.0 0.0 0.0 0.0 0.0 0.0 0.0 0.0 0.0 0.0 0.0 0.065775976 0.044207096 0.0 0.04713231 0.028011186 0.055577844 0.098482214 0.0 0.0 0.016800089 0.0 0.0 0.055002343 0.041835517 0.0 0.009106589 0.0 0.0 0.04511509 0.037847977 0.038990047 0.0 0.0 0.0 0.0 0.0004916306 0.0 0.0 0.07397498 0.1476094 0.0 0.023361403 0.0 0.0
0.068121515 0.0 0.03216622 0.0 0.0 0.0 0.01720751 0.0 0.0 0.0 0.02814104 0.13888718 0.0 0.0 0.0 0.0 0.0 0.008814512 0.0 0.088802904 0.016735915 0.0 0.0 0.010225993 0.0 0.0 0.024876736 0.0 0.0 0.0099586565 0.0 0.0 0.039035365 0.02537419 0.03182968 0.0 0.011145722 0.0 0.07021572 0.0 0.0 0.0 0.0 0.0 0.08755934 0.013495291 0.01601707 0.089306936 0.045711704 0.06814554 0.0 0.0 0.023361402 0.0 0.0 0.0020210207
0.008817492 0.008165119 0.009155274 0.0 0.0 0.036110323 0.0 0.022643674 0.00018714469 0.030783894 0.0 0.089970045 0.01209965 0.068294585 0.0 0.0 0.0 0.0 0.0 0.007477079 0.055447258 0.09460546 0.000554809 0.025040202 0.010088789 0.0 0.020563588 0.0 0.0 0.016586939 0.0 0.0 0.12147111 0.0 0.07438649 0.0 0.0010194919 0.0 0.0 0.024775665 0.016045919 0.0 0.009639171 0.010608992 0.09932855 0.0 0.0 0.079342805 0.019825142 0.059042376 0.0087618865 0.012792852 0.0 0.0 0.028916785 0.00691299
0.097097285 0.006833252 0.16442296 0.034330763 0.0 0.0 0.0 0.0 0.0 0.0 0.0 0.07336146 0.0 0.0 0.0 0.0 0.0 0.18291791 0.0 0.0 0.0 0.0 0.015296773 0.07045525 0.0 0.0 0.00931955 0.0 0.0 0.028164791 0.027290756 0.0 0.0 0.026809918 0.0 0.10630862 0.0 0.0 0.0 0.0 0.0 0.0 0.0 0.009922498 0.0075505115 0.090461865 0.0 0.0 0.0 0.0 0.0 0.0 0.0 0.0020210207 0.0069129895 0.0
