0.06753348 0.0 0.0006442216 0.0 0.05966192 0.023203649 0.0 0.050419718 0.0 0.013332825 0.09535842 0.0 0.0 0.0 0.0 0.085819714 0.028474454 0.027560519 0.0 0.0265655 0.0100235315 0.0 0.012355543 0.0 0.047869004 0.0 0.0 0.0 0.0 0.016444992 0.0 0.05664532 0.0 0.03359394 0.030080898 0.045439325 0.0609323 0.092963606 0.0 0.0 0.0 0.0 0.0 0.0 0.0 0.011390772 0.0 0.0010098976 0.0 0.0 0.0 0.0 0.0 0.014690607 0.0170212 0.0
0.0 0.0 0.03445858 0.0133675495 0.0 0.045182437 0.04813305 0.0 0.0 0.0 0.0 0.0 0.15265052 0.029190931 0.0 0.0 0.0 0.0 0.0 0.0 0.0 0.016873443 0.019266667 0.0 0.0 0.041570805 0.0 0.0 0.0 0.056560542 0.0 0.0 0.053731315 0.0 0.0016106386 0.0 0.0 0.0 0.058491126 0.015994601 0.05109462 0.020887205 0.00086171227 0.0 0.0 0.0 0.0 0.0 0.077597335 0.109591745 0.0 0.06762258 0.0 0.009401465 0.036771152 0.005464464
0.0006442216 0.034458585 0.0 0.10795416 0.023327986 0.0 0.0 0.0 0.017840836 0.0 0.0 0.011401693 0.0 0.0 0.0 0.0 0.0 0.029616522 0.0 0.0 0.0 0.0 0.0 0.0 0.05962066 0.0 0.0 0.0 0.0 0.051867083 0.026386274 0.0 0.04038905 0.0 0.009443264 0.02839143 0.0029997635 0.0 0.032091986 0.0 0.057714764 0.036911856 0.051460464 0.051336206 0.004245528 0.025846595 0.17122445 0.0 0.0 0.0 0.0 0.0 0.043717332 0.016513951 0.0 0.058318526
0.0 0.0133675495 0.10795416 0.0 0.008293288 0.0 0.026829792 0.0 0.069839686 0.0 0.0 0.10916544 0.0 0.0032569198 0.0 0.0 0.020018974 0.12303993 0.0017957743 0.013169726 0.009578234 0.0 0.0 0.0055243145 0.0 0.0012659351 0.0 0.0 0.0 0.09446258 0.014733849 0.03246097 0.003913464 0.0 0.0 0.0 0.02992397 0.012414105 0.0 0.0 0.008301755 0.009421806 0.035703324 0.0 0.0 0.0 0.117613584 0.022243185 0.015271287 0.041580867 0.0 0.0 0.011348175 0.0 0.0 0.0
0.05966192 0.0 0.023327986 0.008293287 0.0 0.082244 0.0 0.0 0.0 0.013335099 0.10196267 0.0 0.0 0.0 0.0 0.0 0.0 0.058968157 0.0 0.042736713 0.0 0.0 0.0 0.043254677 0.02354122 0.0 0.0039921803 0.0 0.017589377 0.08092466 0.039635986 0.0 0.055346534 0.0 0.0 0.028500283 0.0 0.042700093 0.0 0.0 0.0 0.0 0.020059733 0.0 0.0 0.034765538 0.0 0.070597015 0.09033892 0.019559374 0.03143803 0.018321766 0.007526606 0.0 0.0 0.0
0.023203649 0.045182437 0.0 0.0 0.082244 0.08323621 0.0 0.0 0.09127634 0.0010362342 0.0 0.060714394 0.0 0.0 0.0 0.0 0.019266753 0.039072856 0.009015742 0.08282681 0.09972355 0.011057314 0.0 0.0351886 0.013629537 0.0 0.0060172486 0.0023310285 0.0 0.0 0.0 0.028468965 0.004785923 0.0 0.0007475181 0.016972426 0.0 0.0 0.09523107 0.0 0.0 0.0 0.0 0.0328535 0.0 0.0 0.0 0.0 0.0 0.0 0.05096591 0.0 0.042419355 0.0 0.008211107 0.0
0.0 0.048133045 0.0 0.026829792 0.0 0.0 0.0 0.039381295 0.14670482 0.0 0.012838853 0.0 0.071567915 0.0 0.0 0.04159131 0.0 0.024114322 0.0 0.0 0.0088865785 0.029070942 0.011649478 0.0 0.0631062 0.0 0.0 0.0 0.0 0.00011314777 0.016831342 0.08560081 0.0 0.0 0.0 0.0 0.0 0.033450183 0.0 0.0 0.0 0.088643625 0.0 0.0 0.0 0.0 0.0 0.0 0.0 0.0 0.053918976 0.0 0.006758012 0.0 0.035634633 0.003232244
0.05041972 0.0 0.0 0.0 0.0 0.0 0.039381295 0.17013356 0.0 0.0 0.017911602 0.0 0.02591494 0.0 0.05562684 0.008192241 0.013118273 0.0 0.025312116 0.031732988 0.0 6.2243835e-08 0.0 0.08243847 0.0 0.036257323 0.0 0.0 0.043398254 0.0 0.0 0.0 0.0 0.08911426 0.0077207624 0.041963596 0.04085364 0.088386446 0.0 0.0 0.03044144 0.0098563675 0.0 0.0017209001 0.01091248 0.045615673 0.0 0.012325657 0.0 0.014705752 0.0 0.043299053 0.0 0.021171488 0.054915633 0.0
0.0 0.0 0.017840836 0.069839686 0.0 0.09127634 0.14670482 0.0 0.01049465 0.0 0.006743022 0.01805054 0.04897955 0.03786151 0.0 0.0 0.0 0.0 0.0 0.0 0.0 0.0 0.0 0.0378025 0.011664474 0.02687296 0.0 0.109101355 0.0 0.032191202 0.008455457 0.0 0.0026000051 0.0 0.0 0.0 0.0 0.0 0.0 0.008016625 0.0016574963 0.05379206 0.0 0.0 0.0 0.0 0.0 0.036327403 0.13131912 0.0 0.0 0.03691798 0.0 0.0 0.017110072 0.021397118
0.013332824 0.0 0.0 0.0 0.013335099 0.0010362343 0.0 0.0 0.0 0.0 0.049540028 0.0 0.0 0.0 0.0294202 0.059267655 0.04855071 0.005119871 0.031537145 0.029059539 0.05967196 0.0 0.0 0.0 0.09143192 0.0 0.0 0.0 0.037138395 0.0 0.0 0.07642394 0.0 0.0 0.0 0.05783206 0.0 0.160029 0.0 0.017054707 0.0 0.0 0.0 0.0 0.0 0.10521422 0.0 0.021675246 0.0 0.0 0.0 0.0 0.082953416 0.009265608 0.0 0.0
0.09535842 0.0 0.0 0.0 0.10196266 0.0 0.012838853 0.017911604 0.0067430222 0.049540028 0.037595082 0.0 0.0 0.0 0.0 0.0 0.0 0.0 0.0 0.040845133 0.0 0.0 0.028109532 0.12417684 0.0034697233 0.015654927 0.0 0.07314278 0.0 0.0 0.023461267 0.0 0.0 0.0075625847 0.04815681 0.052731473 0.03534448 0.012693525 0.0 0.0 0.0 0.0 0.06708057 0.0 0.0 0.0115631595 0.0 0.117454484 0.0 0.0 0.04394287 0.033690244 0.0 0.0 0.10188198 0.0
0.0 0.0 0.011401693 0.10916544 0.0 0.06071439 0.0 0.0 0.01805054 0.0 0.0 0.03962228 0.0 0.0 0.0 0.0037746506 0.0 0.0094321035 0.0 0.040540967 0.0048677223 0.0 0.0 0.0 0.071741335 0.047257457 0.019144857 0.0 0.0 0.063168265 0.0 0.023105884 0.04218503 0.0047178986 0.0 0.0064786407 0.0 0.0 0.07974339 0.05210434 0.03681053 0.0 0.0323446 0.049595542 0.0 0.0 0.06114165 0.0 0.07401406 0.020428576 0.026367141 0.0 0.056577973 0.0 0.015759224 0.023271488
0.0 0.15265052 0.0 0.0 0.0 0.0 0.07156792 0.025914937 0.04897955 0.0 0.0 0.0 0.29283264 0.0058512683 0.0 0.0 0.0 0.0 0.0 0.0 0.0 0.0 0.0 0.020400597 0.0 0.0051858183 0.0 0.0 0.0 0.0 0.0 0.00012796659 0.0 0.009725657 0.0 0.04892813 0.0 0.0 0.0 0.037211664 0.058171555 0.03892443 0.0 0.0 0.0 0.0 0.0276442 0.0 0.0 0.0 0.0 0.0 0.0 0.077326216 0.009151532 0.02207141
0.0 0.029190933 0.0 0.0032569196 0.0 0.0 0.0 0.0 0.03786151 0.0 0.0 0.0 0.0058512683 0.07878715 0.043186147 0.024371147 0.003512095 0.0 0.08957878 0.0 0.0 0.05290626 0.06557332 0.0 0.0 0.010468111 0.0 0.052965593 0.0 0.0 0.1050004 0.0 0.034574725 0.058758836 0.0 0.0066802935 0.0 0.0016942064 0.0 0.07630995 0.0 0.0 0.0 0.0 0.0 0.06262977 0.0 0.07723054 0.017726136 0.0 0.04630746 0.0037802793 0.0 0.010819212 0.009036867 0.0
0.0 0.0 0.0 0.0 0.0 0.0 0.0 0.055626843 0.0 0.029420199 0.0 0.0 0.0 0.043186147 0.0 0.0 0.0 0.0 0.0 0.0 0.0 0.0 0.012562337 0.038669318 0.0 0.13660035 0.014427447 0.0 0.0 0.0 0.0 0.0 0.02859825 0.0 0.18019105 0.0 0.03554567 0.0 0.0 0.015785368 0.004914002 0.0 0.0 0.0 0.02335059 0.0 0.0 0.0 0.0018985238 0.028960273 0.069878586 0.11418836 0.0 0.04498546 0.026464056 0.0
0.085819714 0.0 0.0 0.0 0.0 0.0 0.04159131 0.008192241 0.0 0.05926766 0.0 0.0037746506 0.0 0.024371147 0.0 0.0 0.0648683 0.0 0.0152672995 0.0 0.019704103 0.0 0.022652846 0.029341983 0.044612132 0.031352844 0.0 0.0 0.112178415 0.038798694 0.014278097 0.0 0.041212745 0.0 0.032203946 0.0 0.15941449 0.0 0.0 0.0 0.0 0.0050686058 0.0 0.0 0.017598148 0.0 0.0 0.006936876 0.0 0.0046460466 0.0 0.006574479 0.0 0.022640057 0.0 0.0
0.028474452 0.0 0.0 0.020018972 0.0 0.01926675 0.0 0.013118273 0.0 0.04855071 0.0 0.0 0.0 0.0035120947 0.0 0.0648683 0.0 0.0 0.0 0.0 0.0 0.0 0.0022557213 0.0 0.0 0.011089485 0.053238615 0.08114582 0.0 0.023130268 0.0 0.0 0.08913517 0.0 0.0 0.0015409007 0.0 0.0 0.029648438 0.0 0.087250136 0.0 0.0 0.0 0.020233406 0.0 0.0 0.025625758 0.0 0.057988316 0.1532334 0.029052323 0.011538235 0.037549764 0.04774653 0.0
0.027560517 0.0 0.029616522 0.12303994 0.058968153 0.039072856 0.02411432 0.0 0.0 0.005119871 0.0 0.0094321035 0.0 0.0 0.0 0.0 0.0 0.12529086 0.0 0.011705636 0.009446534 0.013591284 0.0 0.0 0.09834497 0.0 0.0 0.0 0.0 0.110843584 0.0 0.020107495 0.054049887 0.0 0.0 0.0 0.0 0.0 0.01807813 0.0 0.0 0.05341641 0.0045079356 0.0 0.0 0.0 0.053166874 0.0 0.051457386 0.011645564 0.0 0.0 0.01333042 0.0042075273 0.0 0.0
0.0 0.0 0.0 0.0017957744 0.0 0.009015742 0.0 0.025312116 0.0 0.031537145 0.0 0.0 0.0 0.08957878 0.0 0.015267299 0.0 0.0 0.0 0.0 0.009695767 0.047494333 0.01518239 0.025260264 0.0 0.10838868 0.0 0.046953022 0.0 0.0 0.0 0.0 0.022813296 0.0 0.027950112 0.026668096 0.0024870962 0.0 0.0 0.026762288 0.0 0.0 0.0 0.0 0.01923611 0.0 0.0 0.014595523 0.0 0.055702597 0.0 0.11834776 0.0 0.12414301 0.012898523 0.09625598
0.0265655 0.0 0.0 0.013169726 0.042736717 0.08282681 0.0 0.03173299 0.0 0.02905954 0.04084513 0.040540967 0.0 0.0 0.0 0.0 0.0 0.011705636 0.0 0.03543909 0.0 0.029029237 0.03553267 0.0 0.0 0.0 0.0 0.0 0.009135431 0.0 0.011744982 0.0 0.008570615 0.012036134 0.056834765 0.0 0.10359946 0.017175002 0.056376886 0.0 0.001814918 0.001864559 0.0 0.023478266 0.044052247 0.0 0.01942107 0.013918111 0.0 0.04639204 0.050743517 0.014845814 0.0 0.0 0.06288797 0.0
0.0100235315 0.0 0.0 0.0095782345 0.0 0.099723555 0.008886579 0.0 0.0 0.05967196 0.0 0.0048677223 0.0 0.0 0.0 0.019704103 0.0 0.009446534 0.009695767 0.0 0.0 0.0 0.011670089 0.02520044 0.0 0.0 0.096715644 0.07935376 0.0 0.0 0.0077346936 0.0 0.05969506 0.0 0.024653807 0.0 0.022629041 0.0 0.008175183 0.0 0.013403288 0.0 0.0 0.017878449 0.04150484 0.042329825 0.012969623 0.0005748283 0.04452634 0.07411434 0.061460864 0.0 0.01019175 0.008751765 0.0 0.0
0.0 0.016873443 0.0 0.0 0.0 0.011057314 0.029070944 6.2243835e-08 0.0 0.0 0.0 0.0 0.0 0.05290626 0.0 0.0 0.0 0.013591284 0.047494333 0.029029233 0.0 0.03282929 0.0 0.0 0.0 0.0706381 0.0 0.051096153 0.0 0.0 0.011094411 0.006829986 0.012875219 0.016277583 0.03338761 0.020620422 0.0 0.0 0.05546439 0.022690114 0.02533469 0.02282888 0.019485127 0.058686834 0.057600003 0.03655821 0.0 0.012434745 0.0 0.009121879 0.07633746 0.0066410564 0.004955467 0.0 0.047333155 0.02953667
0.012355543 0.019266667 0.0 0.0 0.0 0.0 0.011649478 0.0 0.0 0.0 0.028109532 0.0 0.0 0.06557332 0.012562337 0.022652844 0.0022557213 0.0 0.015182389 0.035532665 0.011670089 0.0 0.28160915 0.08741992 0.0 0.0 0.055133395 0.0 0.0049344255 0.0 0.023107687 0.03626678 0.0 0.0 0.010432624 0.0 0.029077798 0.0 0.0 0.0 0.0 0.0 0.0022792919 0.01690252 0.0 0.0 0.0 0.0 0.0 0.0 0.050481573 0.07712912 0.0 0.035785716 0.014240598 0.0
0.0 0.0 0.0 0.0055243145 0.043254677 0.0351886 0.0 0.08243848 0.0378025 0.0 0.124176845 0.0 0.020400597 0.0 0.038669318 0.029341983 0.0 0.0 0.025260264 0.0 0.02520044 0.0 0.08741992 0.0 0.02245936 0.0 0.0 0.0 0.0 0.0 0.04941704 0.09966808 0.0 0.0 0.0 0.0 0.0 0.12910008 0.0 0.0019340661 0.0 0.027071252 0.0 0.008906469 0.0 0.03762671 0.0 0.0 0.0 0.0 0.026659753 0.030544398 0.0 0.0 0.006889943 0.0
0.047869004 0.0 0.059620656 0.0 0.023541221 0.013629538 0.06310621 0.0 0.011664473 0.091431916 0.0034697235 0.071741335 0.0 0.0 0.0 0.044612132 0.0 0.09834497 0.0 0.0 0.0 0.0 0.0 0.02245936 0.0 0.0 0.019682955 0.03103882 0.0 0.09202298 0.008582073 0.0 0.0 0.0 0.0 0.016149081 0.0 0.0 0.0 0.019956026 0.006286468 0.0 0.07426687 0.0 0.019230805 0.0068122055 0.063847646 0.0 0.047428828 0.0647503 0.0 0.0 0.025477374 0.0 0.0 0.06527675
0.0 0.041570805 0.0 0.0012659351 0.0 0.0 0.0 0.036257323 0.02687296 0.0 0.015654929 0.04725746 0.0051858183 0.010468111 0.13660035 0.031352844 0.011089485 0.0 0.10838867 0.0 0.0 0.0706381 0.0 0.0 0.0 0.0 0.0 0.01009484 0.0 0.0 0.050445065 0.0 0.030855881 0.012678964 0.0 0.070489906 0.0 0.02925093 0.0 0.024175497 0.0 0.0 0.0042258436 0.026666392 0.0 0.03209789 0.0 0.0 0.0 0.008305156 0.0 0.0 0.0 0.012468936 0.010192546 0.0
0.0 0.0 0.0 0.0 0.003992181 0.006017248 0.0 0.0 0.0 0.0 0.0 0.019144857 0.0 0.0 0.014427447 0.0 0.05323861 0.0 0.0 0.0 0.096715644 0.0 0.055133395 0.0 0.019682955 0.0 0.0 0.0 0.0 0.0 0.12728757 0.030826727 0.0 0.0 0.0 0.0 0.0 0.0 0.03837008 0.0 0.0 0.0 0.0 0.097874306 0.0 0.024378393 0.0 0.005583138 0.033796087 0.0044287634 0.06223258 0.0 0.15692362 0.0 0.025861505 0.0
0.0 0.0 0.0 0.0 0.0 0.0023310285 0.0 0.0 0.109101355 0.0 0.07314278 0.0 0.0 0.052965593 0.0 0.0 0.08114582 0.0 0.046953022 0.0 0.07935376 0.05109615 0.0 0.0 0.031038819 0.01009484 0.0 0.0 0.0 0.0 0.06883114 0.10363607 0.0 0.0 0.0 0.0155429235 0.0 0.012994384 0.0032830602 0.004630633 0.0 0.050031308 0.04485468 0.04259997 0.0 0.086757734 0.006135021 0.0 0.0 0.0 0.0 0.0 0.024453858 0.015199881 0.0 0.0
0.0 0.0 0.0 0.0 0.017589377 0.0 0.0 0.043398257 0.0 0.03713839 0.0 0.0 0.0 0.0 0.0 0.112178415 0.0 0.0 0.0 0.009135431 0.0 0.0 0.0049344255 0.0 0.0 0.0 0.0 0.0 0.0 0.0 0.0 0.0 0.09559992 0.0 0.04520533 0.017857889 0.03274388 0.0 0.0 0.033783566 0.07768298 0.040660825 0.0 0.0 0.14292733 0.0 0.0 0.0 0.007871203 0.04118462 0.056521844 0.0048521194 0.0 0.0020457653 0.14642045 0.0
0.016444992 0.056560542 0.051867083 0.09446258 0.08092466 0.0 0.00011314777 0.0 0.032191202 0.0 0.0 0.06316826 0.0 0.0 0.0 0.038798697 0.023130268 0.110843584 0.0 0.0 0.0 0.0 0.0 0.0 0.09202298 0.0 0.0 0.0 0.0 0.0 0.0 0.008092798 0.0832343 0.0 0.011913038 0.0 0.0 0.0 0.028244035 0.0 0.0 0.005974641 0.039800987 0.0 0.09389138 0.011863138 0.030479852 0.0 0.0 0.0 0.0 0.0 0.002522362 0.0 0.0 0.0
0.0 0.0 0.026386274 0.014733849 0.03963599 0.0 0.016831342 0.0 0.008455457 0.0 0.023461267 0.0 0.0 0.1050004 0.0 0.014278097 0.0 0.0 0.0 0.011744983 0.0077346936 0.011094411 0.023107687 0.049417045 0.008582074 0.050445065 0.12728757 0.06883114 0.0 0.0 0.0 0.0 0.04437149 0.0 0.020464797 0.0 0.0 0.0 0.0 0.021274002 0.081145294 0.0 0.0015872611 0.0 0.0 0.0 0.0 0.0 0.0 0.016755287 0.11532681 0.017220913 0.0 0.015122804 0.0 0.0
0.05664532 0.0 0.0 0.03246097 0.0 0.028468965 0.08560081 0.0 0.0 0.076423936 0.0 0.023105884 0.00012796659 0.0 0.0 0.0 0.0 0.020107497 0.0 0.0 0.0 0.006829986 0.036266785 0.09966808 0.0 0.0 0.030826725 0.10363607 0.0 0.008092798 0.0 0.0 0.09168621 0.0 0.0 0.0 0.023318969 0.0 0.0 0.0 0.0 0.0 0.017343748 0.0 0.0 0.0 0.00023437574 0.075196825 0.051830042 0.049736187 0.015359835 0.06808333 0.0 0.0 0.0 0.025654547
0.0 0.05373132 0.04038905 0.003913464 0.055346534 0.004785923 0.0 0.0 0.0026000051 0.0 0.0 0.04218503 0.0 0.034574725 0.02859825 0.04121274 0.08913517 0.054049887 0.022813296 0.008570615 0.05969506 0.012875218 0.0 0.0 0.0 0.03085588 0.0 0.0 0.09559992 0.0832343 0.044371493 0.09168622 0.0 0.0046851775 0.0 0.0 0.0 0.0 0.0 0.0 0.027845088 0.0 0.0 0.05856286 0.0 0.0 0.08243274 0.0 0.010922345 0.0 0.0030362476 0.0 0.0 0.0 0.0 0.0
0.03359394 0.0 0.0 0.0 0.0 0.0 0.0 0.089114256 0.0 0.0 0.0075625847 0.0047178986 0.009725657 0.058758836 0.0 0.0 0.0 0.0 0.0 0.012036134 0.0 0.016277583 0.0 0.0 0.0 0.012678963 0.0 0.0 0.0 0.0 0.0 0.0 0.0046851775 0.048549335 0.012806814 0.014871129 0.0011594739 0.0 0.0 0.119546436 0.1106252 0.0345808 0.0 0.018174358 0.016772522 0.009151397 0.0 0.0039586443 0.0 0.0049620224 0.0 0.003009135 0.0 0.0 0.077635966 0.19725752
0.030080896 0.0016106385 0.009443264 0.0 0.0 0.0007475181 0.0 0.007720762 0.0 0.0 0.04815681 0.0 0.0 0.0 0.18019107 0.032203946 0.0 0.0 0.027950112 0.05683476 0.024653807 0.03338761 0.010432623 0.0 0.0 0.0 0.0 0.0 0.045205325 0.011913039 0.020464797 0.0 0.0 0.012806813 0.061793678 0.0 0.009843237 0.113129504 0.020375742 0.0 0.0 0.0 0.0 0.0 0.1811451 0.017944016 0.0 0.0660806 0.0 0.0 0.0 0.0 0.0 0.0 0.017681146 0.0
0.045439325 0.0 0.02839143 0.0 0.028500283 0.016972424 0.0 0.041963596 0.0 0.05783206 0.052731473 0.006478641 0.04892813 0.0066802935 0.0 0.0 0.0015409007 0.0 0.026668094 0.0 0.0 0.020620424 0.0 0.0 0.016149081 0.0704899 0.0 0.015542923 0.017857889 0.0 0.0 0.0 0.0 0.014871129 0.0 0.02512031 0.026675152 0.0 3.152603e-07 0.0006276588 0.0119775925 0.028783495 0.0007570331 0.0082032895 0.0 0.0042657666 0.0 0.021390855 0.0 0.023720091 0.0 0.081301294 0.0 0.007172329 0.0 0.1999004
0.060932297 0.0 0.0029997637 0.029923968 0.0 0.0 0.0 0.04085364 0.0 0.0 0.03534448 0.0 0.0 0.0 0.03554567 0.1594145 0.0 0.0 0.002487096 0.10359946 0.022629041 0.0 0.029077798 0.0 0.0 0.0 0.0 0.0 0.032743882 0.0 0.0 0.023318969 0.0 0.0011594739 0.009843237 0.026675152 0.07510444 0.10633731 0.0 0.008951361 0.0 0.04138267 0.0 0.0 0.05301499 0.007077694 0.0 0.0 0.0 0.0 0.022542957 0.0636376 0.0 0.0 0.033307306 0.0
0.092963606 0.0 0.0 0.012414105 0.042700093 0.0 0.033450183 0.088386446 0.0 0.160029 0.012693525 0.0 0.0 0.0016942065 0.0 0.0 0.0 0.0 0.0 0.017175002 0.0 0.0 0.0 0.12910008 0.0 0.02925093 0.0 0.012994384 0.0 0.0 0.0 0.0 0.0 0.0 0.11312951 0.0 0.10633731 0.0 0.0 0.0 0.00864521 0.01083359 0.0 0.0 0.0 0.016411394 0.0 0.03039348 0.0 0.0 0.0 0.10849475 0.0 0.0055511533 0.0 0.0
0.0 0.058491126 0.032091986 0.0 0.0 0.09523107 0.0 0.0 0.0 0.0 0.0 0.07974339 0.0 0.0 0.0 0.0 0.02964844 0.01807813 0.0 0.056376882 0.008175183 0.055464394 0.0 0.0 0.0 0.0 0.038370077 0.0032830602 0.0 0.028244035 0.0 0.0 0.0 0.0 0.020375742 3.152603e-07 0.0 0.0 0.0 0.03818833 0.0 0.0 0.07613436 0.039397452 0.03550277 0.017746774 0.0 0.0 0.0 0.040888086 0.037601575 0.0 0.09896621 0.022969924 0.0 0.012061137
0.0 0.015994601 0.0 0.0 0.0 0.0 0.0 0.0 0.008016626 0.017054707 0.0 0.05210434 0.03721166 0.07630995 0.01578537 0.0 0.0 0.0 0.026762288 0.0 0.0 0.022690115 0.0 0.0019340661 0.019956026 0.024175495 0.0 0.004630633 0.033783566 0.0 0.021274002 0.0 0.0 0.119546436 0.0 0.0006276588 0.008951361 0.0 0.03818833 0.0 0.031812713 0.0 0.0 0.024185106 0.047092523 0.0 0.0 0.038920246 0.0 0.06146005 0.0 0.0 0.0 0.13297394 0.043800455 0.078162625
0.0 0.05109462 0.05771476 0.008301755 0.0 0.0 0.0 0.03044144 0.0016574962 0.0 0.0 0.036810525 0.05817156 0.0 0.004914002 0.0 0.087250136 0.0 0.0 0.001814918 0.013403287 0.02533469 0.0 0.0 0.006286468 0.0 0.0 0.0 0.07768298 0.0 0.081145294 0.0 0.027845088 0.11062521 0.0 0.0119775925 0.0 0.00864521 0.0 0.031812713 0.100038774 0.05566736 0.02318186 0.06968957 0.0 0.055015083 0.011671254 0.0 0.017715791 0.049615458 0.0 0.0 0.0 0.0 0.04857746 0.0
0.0 0.020887207 0.036911856 0.009421806 0.0 0.0 0.088643625 0.009856367 0.05379206 0.0 0.0 0.0 0.038924426 0.0 0.0 0.0050686058 0.0 0.053416412 0.0 0.001864559 0.0 0.02282888 0.0 0.027071254 0.0 0.0 0.0 0.050031304 0.040660825 0.005974641 0.0 0.0 0.0 0.034580797 0.0 0.028783495 0.04138267 0.01083359 0.0 0.0 0.05566736 0.08198801 0.09627463 0.0 0.0 0.0 0.020822516 0.0 0.0 0.03237237 0.0 0.0 0.0 0.05499647 0.02546353 0.046292197
0.0 0.0008617123 0.051460467 0.03570332 0.020059733 0.0 0.0 0.0 0.0 0.0 0.06708057 0.0323446 0.0 0.0 0.0 0.0 0.0 0.0045079356 0.0 0.0 0.0 0.019485127 0.0022792919 0.0 0.07426687 0.0042258436 0.0 0.044854682 0.0 0.039800983 0.0015872611 0.017343748 0.0 0.0 0.0 0.0007570331 0.0 0.0 0.07613436 0.0 0.02318186 0.09627463 0.0 0.033316795 0.0 0.007836525 0.00546095 0.1235113 0.0 0.02780132 0.0 0.0 0.059023287 0.0011588772 0.0 0.04306909
0.0 0.0 0.051336203 0.0 0.0 0.032853495 0.0 0.0017209001 0.0 0.0 0.0 0.04959554 0.0 0.0 0.0 0.0 0.0 0.0 0.0 0.023478266 0.017878449 0.05868683 0.01690252 0.008906468 0.0 0.026666392 0.097874306 0.04259997 0.0 0.0 0.0 0.0 0.058562856 0.01817436 0.0 0.008203289 0.0 0.0 0.039397452 0.024185106 0.06968957 0.0 0.033316795 0.039080143 0.05820792 0.0 0.0 0.023774298 0.0 0.10361454 0.027417364 0.0 0.0 0.107242 0.0048724776 0.0
0.0 0.0 0.004245528 0.0 0.0 0.0 0.0 0.01091248 0.0 0.0 0.0 0.0 0.0 0.0 0.02335059 0.017598148 0.020233406 0.0 0.01923611 0.044052243 0.04150484 0.057600003 0.0 0.0 0.019230805 0.0 0.0 0.0 0.14292735 0.09389139 0.0 0.0 0.0 0.016772522 0.1811451 0.0 0.05301499 0.0 0.035502773 0.047092527 0.0 0.0 0.0 0.05820792 0.15041952 0.0 0.0060815504 0.0 0.0 0.0 0.0 2.1959306e-06 0.003810519 0.0 0.0 0.005152106
0.011390773 0.0 0.025846593 0.0 0.034765538 0.0 0.0 0.045615677 0.0 0.10521422 0.011563159 0.0 0.0 0.06262977 0.0 0.0 0.0 0.0 0.0 0.0 0.042329825 0.036558207 0.0 0.03762671 0.006812205 0.03209789 0.024378393 0.08675773 0.0 0.0118631385 0.0 0.0 0.0 0.009151397 0.017944016 0.0042657666 0.007077694 0.016411396 0.017746774 0.0 0.05501508 0.0 0.007836525 0.0 0.0 0.0 0.0048193107 0.026669882 0.03472221 0.07659395 0.01844302 0.04994811 0.0026045688 0.0096573755 0.004111841 0.0
0.0 0.0 0.17122445 0.117613584 0.0 0.0 0.0 0.0 0.0 0.0 0.0 0.06114165 0.027644202 0.0 0.0 0.0 0.0 0.053166874 0.0 0.019421073 0.012969623 0.0 0.0 0.0 0.063847646 0.0 0.0 0.006135021 0.0 0.03047985 0.0 0.00023437574 0.08243274 0.0 0.0 0.0 0.0 0.0 0.0 0.0 0.011671254 0.020822518 0.00546095 0.0 0.00608155 0.004819311 0.0 0.0 0.06866745 0.0 0.0 0.0 0.02768112 0.0 0.0 0.058246534
0.0010098976 0.0 0.0 0.022243185 0.07059702 0.0 0.0 0.012325656 0.036327403 0.021675244 0.11745449 0.0 0.0 0.077230535 0.0 0.006936876 0.025625758 0.0 0.0145955235 0.013918111 0.0005748283 0.012434745 0.0 0.0 0.0 0.0 0.005583138 0.0 0.0 0.0 0.0 0.07519683 0.0 0.0039586443 0.0660806 0.021390857 0.0 0.030393481 0.0 0.038920246 0.0 0.0 0.123511285 0.023774298 0.0 0.026669882 0.0 0.05678771 0.0 0.0 0.0183763 0.0 0.061730407 0.01597844 0.032884747 0.0
0.0 0.077597335 0.0 0.0152712865 0.09033893 0.0 0.0 0.0 0.13131914 0.0 0.0 0.07401405 0.0 0.017726135 0.0018985237 0.0 0.0 0.051457386 0.0 0.0 0.04452634 0.0 0.0 0.0 0.047428828 0.0 0.033796087 0.0 0.007871203 0.0 0.0 0.051830042 0.010922346 0.0 0.0 0.0 0.0 0.0 0.0 0.0 0.01771579 0.0 0.0 0.0 0.0 0.034722205 0.06866745 0.0 0.0 0.0 0.0 0.0 0.19848798 0.0 0.0 0.0
0.0 0.10959174 0.0 0.041580867 0.019559374 0.0 0.0 0.014705752 0.0 0.0 0.0 0.020428577 0.0 0.0 0.028960275 0.004646046 0.05798832 0.011645564 0.055702597 0.04639204 0.07411434 0.009121879 0.0 0.0 0.06475029 0.008305156 0.0044287634 0.0 0.041184623 0.0 0.016755287 0.049736187 0.0 0.0049620224 0.0 0.023720091 0.0 0.0 0.040888082 0.061460055 0.049615458 0.03237237 0.027801322 0.10361453 0.0 0.07659395 0.0 0.0 0.0 0.0 0.0 0.0 0.01718746 0.0 0.0 0.0
0.0 0.0 0.0 0.0 0.03143803 0.050965913 0.05391898 0.0 0.0 0.0 0.04394287 0.026367141 0.0 0.046307463 0.069878586 0.0 0.1532334 0.0 0.0 0.050743517 0.061460864 0.07633745 0.05048157 0.026659753 0.0 0.0 0.062232576 0.0 0.056521848 0.0 0.1153268 0.015359836 0.0030362476 0.0 0.0 0.0 0.022542957 0.0 0.037601575 0.0 0.0 0.0 0.0 0.027417364 0.0 0.01844302 0.0 0.0183763 0.0 0.0 0.0 0.0 0.0 0.018864717 0.0 0.0
0.0 0.06762258 0.0 0.0 0.018321766 0.0 0.0 0.04329905 0.03691798 0.0 0.033690248 0.0 0.0 0.0037802793 0.114188366 0.0065744794 0.02905232 0.0 0.11834775 0.014845814 0.0 0.0066410564 0.07712912 0.0305444 0.0 0.0 0.0 0.0 0.0048521194 0.0 0.017220914 0.06808333 0.0 0.003009135 0.0 0.08130129 0.0636376 0.10849476 0.0 0.0 0.0 0.0 0.0 0.0 2.1959306e-06 0.04994811 0.0 0.0 0.0 0.0 0.0 0.07274616 0.0 0.0092951115 0.031759813 0.0
0.0 0.0 0.043717332 0.011348175 0.007526606 0.04241936 0.0067580123 0.0 0.0 0.082953416 0.0 0.056577973 0.0 0.0 0.0 0.0 0.011538235 0.01333042 0.0 0.0 0.010191749 0.004955467 0.0 0.0 0.025477374 0.0 0.1569236 0.024453858 0.0 0.0025223617 0.0 0.0 0.0 0.0 0.0 0.0 0.0 0.0 0.09896621 0.0 0.0 0.0 0.059023287 0.0 0.003810519 0.0026045688 0.027681122 0.061730407 0.19848798 0.01718746 0.0 0.0 0.07443175 0.0 0.0 0.0
0.014690607 0.009401465 0.016513951 0.0 0.0 0.0 0.0 0.021171488 0.0 0.009265607 0.0 0.0 0.077326216 0.010819212 0.04498546 0.022640057 0.037549764 0.0042075273 0.124143004 0.0 0.008751764 0.0 0.035785716 0.0 0.0 0.012468936 0.0 0.015199881 0.0020457653 0.0 0.015122805 0.0 0.0 0.0 0.0 0.007172329 0.0 0.005551153 0.022969924 0.13297394 0.0 0.05499647 0.0011588773 0.107242 0.0 0.0096573755 0.0 0.015978443 0.0 0.0 0.01886472 0.0092951115 0.0 0.0 0.04603772 0.0066090026
0.017021202 0.036771152 0.0 0.0 0.0 0.008211107 0.035634633 0.054915633 0.017110072 0.0 0.10188197 0.015759222 0.009151532 0.009036867 0.026464056 0.0 0.04774653 0.0 0.012898523 0.06288797 0.0 0.047333155 0.014240598 0.006889943 0.0 0.010192546 0.025861504 0.0 0.14642045 0.0 0.0 0.0 0.0 0.077635966 0.017681146 0.0 0.033307303 0.0 0.0 0.04380045 0.048577465 0.02546353 0.0 0.004872477 0.0 0.004111841 0.0 0.032884747 0.0 0.0 0.0 0.031759817 0.0 0.04603772 0.0 0.0
0.0 0.005464464 0.05831853 0.0 0.0 0.0 0.003232244 0.0 0.021397116 0.0 0.0 0.023271488 0.02207141 0.0 0.0 0.0 0.0 0.0 0.09625597 0.0 0.0 0.02953667 0.0 0.0 0.06527674 0.0 0.0 0.0 0.0 0.0 0.0 0.025654545 0.0 0.19725752 0.0 0.19990042 0.0 0.0 0.012061137 0.078162625 0.0 0.046292197 0.043069094 0.0 0.005152106 0.0 0.058246534 0.0 0.0 0.0 0.0 0.0 0.0 0.0066090026 0.0 0.0
