0.0 0.03542277 0.0 0.08237284 0.05575518 0.0 0.0 0.0 0.0 0.0 0.0 0.0 0.11408973 0.10496499 0.0 0.0 0.0 0.048056882 0.0 0.017175457 0.0 0.0 0.0 0.08239023 0.023537694 0.05753558 0.0 0.0 0.0 0.0 0.0 0.01154951 0.057647966 0.0 0.091033354 0.0 0.02968197 0.0038305798 0.0 0.0 0.01523277 0.017531596 0.0 0.0 0.0 0.0 0.0 0.0 0.0 0.0 0.033126127 0.029261814 0.0 0.027598985 0.0 0.028170608
0.03542277 0.0 0.0 0.0 0.0 0.0 0.014471007 0.006264726 0.0 0.08931592 0.01861018 0.024315841 0.0 0.0 0.013753884 0.0034996322 0.0 0.0 0.0 0.0 0.0 0.0 0.06268571 0.0 0.0 0.047533356 0.0 0.020392628 0.0 0.0 0.03952349 0.0 0.0 0.0 0.05919946 0.0 0.08884812 0.0 0.07892623 0.033277813 0.0 0.0 0.0 0.0 0.06307037 0.009237578 0.0 0.032887395 0.0 0.0 0.0 0.022625588 0.019964714 0.0 0.03116983 0.0
0.0 0.0 0.0 0.0 0.0 0.0 0.08416379 0.00832277 0.0 0.0 0.0 0.0 0.008073218 0.0 0.0 0.007421534 0.12483531 0.0 0.0 0.0 0.106374726 0.0 0.0 0.007632495 0.08347434 0.06952336 0.0 0.11230408 0.027529482 0.029809434 0.004011061 0.0 0.0 0.0 0.0 0.0 0.0 0.0 0.0 0.0 0.0 0.0068096635 0.0 0.060908735 0.0 0.0 0.0 0.056751292 0.0 0.0 0.0 0.0 0.0 0.022970652 0.0 0.032216284
0.08237284 0.0 0.0 0.016737446 0.0 0.03525417 0.02836716 0.05657481 0.0 0.086299665 0.0027407312 0.0 0.0 0.0 0.0 0.02601237 0.0 0.0 0.004020161 0.024951495 0.030787652 0.0 0.014047177 0.016686944 0.0 0.0 0.021016173 0.047078967 0.0 0.0 0.03972691 0.0 0.017963061 0.008826695 0.027695676 0.0 0.058859974 0.03898764 0.016083973 0.0 0.0 0.0 0.015776131 0.0 0.11333775 0.026141938 0.018945111 0.0 0.035483073 0.0 0.002114173 0.0 0.0 0.0 0.059648644 0.0
0.05575518 0.0 0.0 0.0 0.0 0.0 0.048218478 0.09650571 0.0 0.040911674 0.015810233 0.0 0.0 0.0 0.0 0.005397487 0.0020241058 0.0 0.041899126 0.0 0.012727207 0.08867196 0.003971028 0.0 0.009191189 0.0 0.03412119 0.07690769 0.0 0.0 0.0 0.0 0.0 0.0 0.008614226 0.0 0.013494338 0.0 0.0 0.0 0.0 0.0 0.017049782 0.011222374 0.08749381 0.0 0.0 0.013541011 0.06467128 0.0 0.017730922 0.0 0.12097706 0.0 0.043261304 0.0
0.0 0.0 0.0 0.03525417 0.0 0.0 0.010667102 0.042945687 0.0 0.0 0.0 0.0 0.0 0.0 0.0 0.0 0.0 0.0057293815 0.023051428 0.0069229496 0.0 0.018440908 0.0 0.0 0.015403168 0.0 0.0 0.0 0.29591075 0.013839077 0.0051462953 0.0015712803 0.0 0.09394776 0.0 0.0 0.02248134 0.012594203 0.0 0.0 0.0 0.0 0.053567886 0.021357244 0.03275646 0.02054507 0.0 0.0 0.0 0.02605749 0.0 0.0 0.0 0.01733138 0.024541218 0.050903
0.0 0.014471006 0.0841638 0.02836716 0.048218478 0.010667102 0.03363899 0.0 0.0 0.0 0.051020034 0.06777877 0.0075098737 0.0 0.010669375 0.0 0.0 0.0 0.039639782 0.007533531 0.09663586 0.009609729 0.0 0.0 0.1442067 0.0 0.0 0.016177861 0.0 0.045638237 0.021012112 0.087273516 0.0 0.0 0.0 0.0 0.0 0.0 0.0 0.03912389 0.019620053 0.023661703 0.0 0.0 0.0 0.0 0.037426893 0.0 0.0 0.0 0.0 0.0 0.11559536 0.0 0.0 0.0
0.0 0.0062647257 0.00832277 0.05657481 0.09650571 0.042945687 0.0 0.009823756 0.020468675 0.0043283207 0.0 0.0016735666 0.015104598 0.0 0.09070966 0.111576244 0.017895335 0.0 0.00096450804 0.08274083 0.0 0.029794144 0.007963384 0.011453347 0.0022703689 0.02300694 0.017224582 0.0 0.0 0.0 0.018600242 0.009944898 0.050347816 0.0 0.0062973686 0.0 0.08067179 0.04289972 0.060584538 0.0 0.0 0.0830521 0.0 0.02563883 0.018408975 0.0647617 0.0 0.010920929 0.030955091 0.0 0.026098562 0.0 0.0 0.0 0.028297273 0.0
0.0 0.0 0.0 0.0 0.0 0.0 0.0 0.020468675 0.0 0.048896626 0.0 0.109996475 0.0 0.0 0.0 0.0 0.102677 0.0 0.020561201 0.0 0.05043179 0.046190266 0.0 0.0 0.04901315 0.002123984 0.0 0.088439174 0.05372331 0.045541324 0.0 0.0 0.0012957751 0.0 0.0 0.0 0.0070633767 0.0 0.004272962 0.012940956 0.0 0.004487304 0.03573598 0.1225445 0.02882957 0.0 0.05925537 0.0 0.0 0.0 0.0 0.0 0.051351994 0.0 0.05371109 0.019030845
0.0 0.08931593 0.0 0.086299665 0.040911674 0.0 0.0 0.0043283207 0.048896626 0.0 0.0033711097 0.0 0.062047526 0.031462647 0.0 0.0 0.0 0.0 0.0 0.0 0.0 0.0 0.0 0.08601471 0.0 0.06451187 0.0 0.0 0.024296269 0.0 0.0 0.022792675 0.0 0.045236178 0.025866844 0.17114086 0.0 0.0 0.0 0.0 0.010184462 0.030573104 0.0 0.0 0.0 0.0 0.0 0.0201883 0.0 0.0 0.060223833 0.013298048 0.0 0.08447325 0.0 0.0
0.0 0.01861018 0.0 0.0027407312 0.015810233 0.0 0.051020034 0.0 0.0 0.0033711097 0.0 0.04080977 0.0 0.0 0.0 0.0 0.0 0.0 0.0030378427 0.035163496 0.0 0.09623361 0.03172007 0.009428306 0.0 0.034879807 0.0 0.0 0.0 0.0 0.008609086 0.020251425 0.012896619 0.071038224 0.0 0.031361952 0.0 0.0 0.05531003 0.0 0.0 0.060833376 0.04307193 0.052102145 0.0 0.015361315 0.06338563 0.04342844 0.018892955 0.0 0.023793718 0.0 0.018823827 0.027665872 0.03504172 0.0
0.0 0.024315841 0.0 0.0 0.0 0.0 0.06777877 0.0016735666 0.109996475 0.0 0.04080977 0.0 0.0 0.0 0.0 0.0 0.0 0.0 0.0 0.0 0.0 0.0 0.0 0.08664215 0.08035424 0.0 0.007310557 0.003858319 0.0 0.0 0.08869126 0.033035085 0.0 0.0 0.025909176 0.07112117 0.0 0.0 0.0 0.0 0.0 0.0 0.0 0.0 0.0 0.0 0.026691522 0.01870297 0.0 0.0 0.0 0.034953743 0.0 0.0 0.028570777 0.0
0.11408973 0.0 0.008073218 0.0 0.0 0.0 0.0075098732 0.015104598 0.0 0.06204753 0.0 0.0 0.0 0.0024370956 0.0071706898 0.026641948 0.01625457 0.049703956 0.0 0.029542945 0.0 0.0 0.01971795 0.0 0.007925074 0.004100941 0.025861697 0.012341495 0.031051425 0.070884034 0.016516412 0.0 0.0 0.0 0.06949342 0.0 0.017560484 0.0 0.0 0.019651406 0.013293712 0.06968411 0.0 0.0 0.09098508 0.0 0.0 0.0 0.0 0.06882419 0.0 0.024185298 0.013223623 0.0 0.012812726 0.11745385
0.104964994 0.0 0.0 0.0 0.0 0.0 0.0 0.0 0.0 0.031462647 0.0 0.0 0.0024370959 0.010008501 0.0 0.10382365 0.011283938 0.0 0.0 0.0 0.0 0.0 0.0 0.03941382 0.0 0.009616005 0.01638508 0.0 0.0 0.009758982 0.0013008105 0.0 0.061830766 0.0 0.065382496 0.0 0.032378394 0.017421626 0.031026216 0.016142419 0.09542399 0.03187535 0.0 0.0 0.13103783 0.0 0.0 0.0 0.0 0.03356315 0.0 0.028933544 0.0 0.0 0.010247686 0.065057
0.0 0.013753884 0.0 0.0 0.0 0.0 0.010669375 0.090709664 0.0 0.0 0.0 0.0 0.0071706893 0.0 0.028615596 0.0 0.0 0.038617063 0.005874365 0.024168106 0.0 0.062840596 0.0 0.0 0.0 0.0 0.0 0.0 0.039184507 0.0 0.05731499 0.0 0.0 0.049965918 0.09187762 0.0 0.0059992233 0.005692686 0.045668427 0.0 0.0 0.0 0.0 0.034307126 0.027794741 0.0 0.0 0.041617107 0.0 0.0 0.05577834 0.0 0.0 0.0 0.019059347 0.0
0.0 0.0034996325 0.007421534 0.02601237 0.0053974865 0.0 0.0 0.111576244 0.0 0.0 0.0 0.0 0.026641948 0.10382365 0.0 0.0 0.0 0.0 0.0 0.0 0.0 0.0042865346 0.033317983 0.0 0.0 0.0487576 0.0 0.0 0.0 0.0 0.0 0.0 0.0 0.014038081 0.0 0.0 0.0 0.0 0.0 0.1331182 0.086035185 0.0 0.01091724 0.04063715 0.0 0.0 0.0 0.012770667 0.007560588 0.012146649 0.04575279 0.013158714 0.015769852 0.09779256 0.03903165 0.0
0.0 0.0 0.12483531 0.0 0.0020241058 0.0 0.0 0.017895335 0.102677 0.0 0.0 0.0 0.01625457 0.011283938 0.0 0.0 0.0 0.034343105 0.0 0.0 0.021234572 0.0 0.050990276 0.0 0.06334858 0.007501577 0.0 0.082963005 0.06615667 0.019344028 0.022890795 0.019067412 0.0 0.0010580528 0.056251395 0.0 0.0047356165 0.0 0.0 0.05390257 0.0068778587 0.011323769 0.0 0.06387356 0.0 0.0 0.005820308 0.0 0.0 0.0 0.0 0.012769607 0.04031905 0.0 0.0 0.07510453
0.04805688 0.0 0.0 0.0 0.0 0.0057293815 0.0 0.0 0.0 0.0 0.0 0.0 0.049703956 0.0 0.038617067 0.0 0.034343105 0.0 0.0 0.0 0.020475876 0.010495116 0.046944376 0.0 0.01272402 0.011461895 0.0 0.027054025 0.0 0.0 0.0 0.0046302946 0.0 0.05513866 0.03155139 0.0 0.0 0.0 0.0 0.0 0.0 0.0 0.0 0.012766935 0.0 0.0 0.0 0.0 0.0 0.0 0.10295439 0.037368767 0.044239044 0.0 0.12098506 0.0
0.0 0.0 0.0 0.004020161 0.041899122 0.023051428 0.039639782 0.000964508 0.0205612 0.0 0.0030378427 0.0 0.0 0.0 0.0058743646 0.0 0.0 0.0 0.03645023 0.03109193 0.0 0.0031627037 0.0 0.0035729322 0.0 0.0 0.007216251 0.07389749 0.0030261928 0.0 0.06702809 0.074097544 0.0 0.0 0.0 0.053380687 0.002947102 0.005325339 0.0028449325 0.05541043 0.0 0.0 0.016896069 0.0 0.0 0.0 0.068174876 0.0 0.0 0.0 0.047686484 0.0 0.048317466 0.06785359 0.056240253 0.0
0.017175457 0.0 0.0 0.024951493 0.0 0.0069229496 0.007533531 0.08274083 0.0 0.0 0.0351635 0.0 0.029542945 0.0 0.024168106 0.0 0.0 0.0 0.031091928 0.0 0.0 0.019666607 0.0 0.035048768 0.0 0.0 0.029131847 0.03904048 0.0 0.0 0.00024642324 0.042657774 0.0 0.04874161 0.013089636 0.10305758 0.0 0.07793336 0.0 0.0 0.018092316 0.01973563 0.0015235589 0.044612445 0.032587893 0.0128046945 0.0 0.0 0.0070567736 0.0 0.0 0.0 0.0 0.04231026 0.0 0.0
0.0 0.0 0.106374726 0.030787652 0.012727207 0.0 0.09663586 0.0 0.050431795 0.0 0.0 0.0 0.0 0.0 0.0 0.0 0.021234572 0.020475876 0.0 0.0 0.009669245 0.0132037895 0.0 0.0 0.008084805 0.0 0.0 0.0 0.099556796 0.0 0.050443534 0.058727786 0.007174677 0.031620733 0.0028121087 0.033167187 0.0 0.002634374 0.0 0.0 0.0 0.0 0.037625562 0.0 0.0 0.06563916 0.028409563 0.0 0.023273753 0.018155552 0.0 0.0 0.0074649695 0.0 0.0 0.07793011
0.0 0.0 0.0 0.0 0.08867196 0.01844091 0.009609729 0.029794144 0.046190266 0.0 0.096233614 0.0 0.0 0.0 0.06284059 0.0042865346 0.0 0.010495117 0.0031627037 0.019666607 0.0132037895 0.0 0.012318366 0.051524065 0.0065742214 0.0 0.12545116 0.0 0.0 0.0 0.038021423 0.12552094 0.0 0.0 0.009196715 0.03701449 0.0088911075 0.05029842 0.0 0.0053064153 0.0 0.0 0.0 0.004464167 0.0 0.0 0.0 0.009654553 0.0 0.0 0.017295396 0.06433691 0.0 0.0 0.0 0.0
0.0 0.06268571 0.0 0.0140471775 0.0039710277 0.0 0.0 0.0079633845 0.0 0.0 0.031720072 0.0 0.01971795 0.0 0.0 0.033317983 0.050990276 0.046944372 0.0 0.0 0.0 0.012318366 0.09736346 0.0 0.0 0.0061039887 0.003941419 0.0003517077 0.0 0.0 0.0 0.0 0.09552253 0.038682535 0.0 0.014875146 0.0 0.0 0.033120107 0.021714076 0.0 0.034014467 0.11696227 0.004895695 0.0 0.059780344 0.012561909 0.025309829 0.14956397 0.0021094198 0.08000343 0.0 0.017682565 0.02784856 0.020398352 0.0028788475
0.08239023 0.0 0.0076324954 0.016686944 0.0 0.0 0.0 0.011453347 0.0 0.08601472 0.009428305 0.086642146 0.0 0.039413817 0.0 0.0 0.0 0.0 0.0035729324 0.03504877 0.0 0.05152406 0.0 0.011467346 0.0 0.009789239 0.0059784916 0.0 0.0 0.0036538495 0.013657505 0.0 0.09144301 0.0 0.03807812 0.0 0.049227558 0.0 0.0114016365 0.015957003 0.0 0.04483151 0.0 0.017844139 0.091234915 0.013359721 0.0 0.013206333 0.12877059 0.0774689 0.04298325 0.0 0.0 0.019510962 0.013274263 0.0
0.023537692 0.0 0.08347434 0.0 0.00919119 0.015403169 0.14420672 0.0022703686 0.04901315 0.0 0.0 0.08035424 0.007925074 0.0 0.0 0.0 0.06334858 0.01272402 0.0 0.0 0.008084804 0.0065742214 0.0 0.0 0.0 0.0121207 0.0 0.007583135 0.04656076 0.026868002 0.0 0.034754135 0.0 0.0 0.04396342 0.0 0.0 0.0 0.0 0.039470118 0.00056137244 0.045794178 0.050116356 0.0 0.0 0.0 0.07071555 0.015314107 0.0 0.043053262 0.0 0.0 0.0 0.0 0.0 0.12943116
0.057535585 0.047533356 0.06952336 0.0 0.0 0.0 0.0 0.02300694 0.002123984 0.06451187 0.03487981 0.0 0.004100941 0.009616006 0.0 0.048757598 0.007501577 0.011461894 0.0 0.0 0.0 0.0 0.0061039887 0.009789238 0.012120701 0.044815015 0.0 0.0040851496 0.0 0.0 0.0 0.0 0.06398725 0.0 0.0 0.0 0.052063696 0.0 0.056714915 0.0 0.011546538 0.003809115 0.016663954 0.006269558 0.046404283 0.041525714 0.0 0.036685742 0.0011128945 0.10065058 0.0 0.045335487 0.0 0.04289289 0.008793549 0.013197709
0.0 0.0 0.0 0.021016173 0.03412119 0.0 0.0 0.01722458 0.0 0.0 0.0 0.007310557 0.025861697 0.01638508 0.0 0.0 0.0 0.0 0.007216251 0.029131847 0.0 0.12545116 0.0039414195 0.0059784916 0.0 0.0 0.0 0.0 0.0 0.0 0.039346885 0.0 0.10426434 0.036748923 0.0 0.0 0.0 0.00593568 0.019375393 0.0 0.0 0.023648521 0.07873658 0.0 0.0723505 0.13714227 0.0 0.0032798517 0.021243 0.0 0.0016517957 0.0 0.0 0.014234102 0.044449054 0.0
0.0 0.020392628 0.11230408 0.047078963 0.07690769 0.0 0.016177863 0.0 0.088439174 0.0 0.0 0.003858319 0.012341495 0.0 0.0 0.0 0.08296301 0.027054025 0.073897496 0.03904048 0.0 0.0 0.0003517077 0.0 0.0075831343 0.004085149 0.0 0.0 0.0 0.08630822 0.0 0.06471394 0.046220537 0.0 0.0 0.036945693 0.0 0.009901278 0.038849294 0.0 0.0 0.038118456 0.0058459626 0.0 0.0 0.05747354 0.028090872 0.0 0.055526644 0.0 0.0 0.0 0.083349876 0.0 0.0 0.01977411
0.0 0.0 0.027529484 0.0 0.0 0.29591075 0.0 0.0 0.05372331 0.02429627 0.0 0.0 0.031051425 0.0 0.039184507 0.0 0.06615667 0.0 0.0030261928 0.0 0.099556796 0.0 0.0 0.0 0.04656076 0.0 0.0 0.0 0.0 0.06750355 0.0 0.06435271 0.0 0.0 0.0 0.0 0.022534182 0.0 0.0 0.0 0.03241775 0.0 0.0 0.0 0.0 0.0 0.0 0.04437377 0.0 0.0 0.0 0.022413392 0.062599 0.0 0.0 0.0
0.0 0.0 0.029809434 0.0 0.0 0.013839078 0.045638237 0.0 0.045541324 0.0 0.0 0.0 0.070884034 0.009758982 0.0 0.0 0.019344028 0.0 0.0 0.0 0.0 0.0 0.0 0.0036538497 0.026868004 0.0 0.0 0.086308226 0.06750354 0.03224346 0.0 0.0 0.0 0.036398288 0.027771398 0.0 0.021811472 0.01426898 0.0 0.0 0.036344137 0.024442978 0.012018798 0.031679973 0.0 0.0 0.07388816 0.009180281 0.0 0.0 0.0 0.032727316 0.0053381347 0.0 0.0 0.036212612
0.0 0.03952349 0.004011061 0.03972691 0.0 0.0051462953 0.021012112 0.018600242 0.0 0.0 0.008609087 0.08869126 0.01651641 0.0013008105 0.057314992 0.0 0.022890795 0.0 0.06702809 0.00024642324 0.05044353 0.038021423 0.0 0.013657504 0.0 0.0 0.039346885 0.0 0.0 0.0 0.11008709 0.014477151 0.07893131 0.084429495 0.0 0.0 0.0 0.003811612 0.0 0.050733574 0.0 0.009439168 0.07368847 0.0 0.0075658485 0.034131255 0.028324673 0.030651227 0.04447731 0.013655953 0.0 0.0 0.0029901243 0.0 0.07236815 0.0
0.011549511 0.0 0.0 0.0 0.0 0.0015712804 0.08727351 0.009944898 0.0 0.022792675 0.020251427 0.033035085 0.0 0.0 0.0 0.0 0.019067412 0.0046302946 0.074097544 0.04265777 0.05872779 0.12552094 0.0 0.0 0.034754135 0.0 0.0 0.06471393 0.064352706 0.0 0.0144771505 0.0 0.0 0.020365678 0.0026533632 0.0 0.0 0.0 0.0 0.0 0.0 0.0129663 0.0 0.06296327 0.026478259 0.0 0.1320119 0.0 0.0 0.0 0.0 0.0 0.060507204 0.00932171 0.023188842 0.0
0.057647962 0.0 0.0 0.017963061 0.0 0.0 0.0 0.050347816 0.0012957752 0.0 0.012896619 0.0 0.0 0.061830763 0.0 0.0 0.0 0.0 0.0 0.0 0.0071746767 0.0 0.09552253 0.091443 0.0 0.06398725 0.10426434 0.046220537 0.0 0.0 0.07893131 0.0 0.0 0.0 0.008921539 0.018146656 0.0 0.040385287 0.004916595 0.0 0.0 0.0 0.0 0.0 0.011472686 0.0 0.0 0.0345661 0.017350793 0.075551085 0.072555944 0.0052639716 0.0 0.0 0.04509189 0.0
0.0 0.0 0.0 0.008826695 0.0 0.09394776 0.0 0.0 0.0 0.045236174 0.071038224 0.0 0.0 0.0 0.049965914 0.014038081 0.0010580529 0.055138662 0.0 0.048741605 0.031620733 0.0 0.03868253 0.0 0.0 0.0 0.036748923 0.0 0.0 0.036398284 0.084429495 0.020365678 0.0 0.0 0.025299653 0.0 0.062316053 0.0 0.03422462 0.0 0.0 0.0 0.0 0.0 0.048962735 0.0 0.0 0.0 0.0 0.013223185 0.0 0.05506635 0.0 0.0 0.014560388 0.0
0.091033354 0.05919946 0.0 0.027695676 0.008614226 0.0 0.0 0.0062973686 0.0 0.025866844 0.0 0.025909176 0.06949342 0.0653825 0.09187762 0.0 0.056251395 0.03155139 0.0 0.013089637 0.0028121087 0.009196715 0.0 0.03807812 0.043963417 0.0 0.0 0.0 0.0 0.027771398 0.0 0.0026533632 0.008921539 0.025299653 0.0 0.023378517 0.019560114 0.0052012107 0.0 0.0 0.03824983 0.03697379 0.028056504 0.017015308 0.028329123 0.027018232 0.015337958 0.0 0.0 0.020382378 0.0 0.0 0.020531205 0.08465368 0.0 0.03991072
0.0 0.0 0.0 0.0 0.0 0.0 0.0 0.0 0.0 0.17114085 0.031361952 0.07112117 0.0 0.0 0.0 0.0 0.0 0.0 0.05338069 0.10305758 0.033167187 0.037014496 0.014875145 0.0 0.0 0.0 0.0 0.036945697 0.0 0.0 0.0 0.0 0.018146656 0.0 0.023378517 0.0 0.12733148 0.0 0.015895693 0.0 0.0 0.026726527 0.06675077 0.02929871 0.0 0.0 0.009250134 0.0 0.0 0.0 0.0 0.0 0.01585672 0.0 0.0 0.0
0.02968197 0.08884813 0.0 0.058859974 0.013494339 0.02248134 0.0 0.08067179 0.0070633767 0.0 0.0 0.0 0.017560484 0.032378394 0.005999224 0.0 0.004735616 0.0 0.002947102 0.0 0.0 0.008891108 0.0 0.049227554 0.0 0.052063696 0.0 0.0 0.022534182 0.021811472 0.0 0.0 0.0 0.062316053 0.019560114 0.12733148 0.0 0.0 0.0 0.053440325 0.03808437 0.028160254 0.0 0.0 0.0 0.015026805 0.0 0.07245576 0.0 0.0 0.0 0.018777698 0.024831848 0.047219466 0.0011513068 0.03045312
0.0038305798 0.0 0.0 0.03898764 0.0 0.012594204 0.0 0.04289972 0.0 0.0 0.0 0.0 0.0 0.017421624 0.0056926864 0.0 0.0 0.0 0.005325339 0.07793336 0.002634374 0.050298423 0.0 0.0 0.0 0.0 0.0059356806 0.009901278 0.0 0.014268981 0.0038116118 0.0 0.040385287 0.0 0.0052012107 0.0 0.0 0.0 0.07673264 0.09630533 0.015703494 0.0 0.012660383 0.0 0.033477053 0.042846493 0.0 0.022505522 0.0 0.050222743 0.097636215 0.0 0.016009852 0.013325115 0.085058175 0.0
0.0 0.07892623 0.0 0.016083974 0.0 0.0 0.0 0.060584538 0.004272962 0.0 0.05531003 0.0 0.0 0.031026216 0.04566843 0.0 0.0 0.0 0.0028449323 0.0 0.0 0.0 0.033120103 0.0114016365 0.0 0.05671491 0.019375393 0.038849294 0.0 0.0 0.0 0.0 0.004916595 0.034224615 0.0 0.015895693 0.0 0.076732635 0.032155816 0.05082615 0.026547337 0.0 0.016891308 0.0 0.0 0.0 0.032753147 0.05133873 0.027265752 0.0 0.08946398 0.10895818 0.0 0.0840129 0.0 0.0
0.0 0.033277813 0.0 0.0 0.0 0.0 0.03912389 0.0 0.012940957 0.0 0.0 0.0 0.019651407 0.016142419 0.0 0.13311821 0.053902574 0.0 0.055410437 0.0 0.0 0.0053064157 0.021714076 0.015957003 0.039470118 0.0 0.0 0.0 0.0 0.0 0.050733574 0.0 0.0 0.0 0.0 0.0 0.053440325 0.096305326 0.05082615 0.0 0.015682567 0.05311523 0.09194715 0.0 0.03920702 0.0 0.031792574 0.0 0.0023429575 0.0 0.0 0.0 0.019309953 0.053159405 0.019900106 0.022778781
0.01523277 0.0 0.0 0.0 0.0 0.0 0.019620053 0.0 0.0 0.010184463 0.0 0.0 0.013293712 0.09542398 0.0 0.086035185 0.006877858 0.0 0.0 0.018092316 0.0 0.0 0.0 0.0 0.0005613724 0.011546538 0.0 0.0 0.03241775 0.036344133 0.0 0.0 0.0 0.0 0.03824983 0.0 0.03808437 0.015703494 0.026547337 0.015682567 0.20595554 0.025838472 0.0 0.0 0.009973525 0.005589331 0.0 0.0 0.0 0.11339803 0.0 0.0 0.011628727 0.082953654 0.0 0.112543665
0.017531596 0.0 0.006809663 0.0 0.0 0.0 0.023661703 0.0830521 0.004487304 0.030573105 0.06083338 0.0 0.06968411 0.031875346 0.0 0.0 0.011323769 0.0 0.0 0.019735632 0.0 0.0 0.034014463 0.04483151 0.045794178 0.0038091152 0.023648521 0.03811846 0.0 0.024442976 0.0094391685 0.0129663 0.0 0.0 0.03697379 0.026726525 0.028160252 0.0 0.0 0.053115234 0.025838474 0.0 0.0 0.0 1.5974618e-05 0.0 0.009647141 0.0 0.0 0.0 0.0 0.08384932 0.0 0.0 0.033155143 0.033024102
0.0 0.0 0.0 0.015776131 0.017049782 0.053567886 0.0 0.0 0.03573598 0.0 0.04307193 0.0 0.0 0.0 0.0 0.01091724 0.0 0.0 0.016896069 0.001523559 0.037625562 0.0 0.11696227 0.0 0.050116353 0.016663952 0.07873658 0.005845963 0.0 0.012018798 0.07368847 0.0 0.0 0.0 0.028056504 0.06675077 0.0 0.012660383 0.016891306 0.09194715 0.0 0.0 0.0 0.06679747 0.0 0.0 0.0047909813 0.0 0.0 0.0 0.06306089 0.025289498 0.0037391898 0.0 0.049624838 0.0
0.0 0.0 0.06090873 0.0 0.011222373 0.021357242 0.0 0.02563883 0.122544505 0.0 0.052102145 0.0 0.0 0.0 0.034307126 0.04063715 0.06387356 0.012766935 0.0 0.044612445 0.0 0.0044641676 0.0048956946 0.017844139 0.0 0.006269558 0.0 0.0 0.0 0.031679973 0.0 0.06296327 0.0 0.0 0.017015308 0.02929871 0.0 0.0 0.0 0.0 0.0 0.0 0.06679747 0.0 0.0 0.026617352 0.10140493 0.00069622986 0.0 0.0 0.0 0.0 0.02159378 0.0 0.0 0.06986711
0.0 0.06307037 0.0 0.11333775 0.08749381 0.03275646 0.0 0.018408975 0.028829575 0.0 0.0 0.0 0.09098508 0.13103783 0.02779474 0.0 0.0 0.0 0.0 0.032587893 0.0 0.0 0.0 0.091234915 0.0 0.046404283 0.0723505 0.0 0.0 0.0 0.007565848 0.026478259 0.011472685 0.048962735 0.028329121 0.0 0.0 0.033477053 0.0 0.03920702 0.009973525 1.5974618e-05 0.0 0.0 0.0023604569 0.029871518 0.0 0.06513214 0.0 0.0 0.037258394 0.040805478 0.0 0.02543071 0.0 0.0031660178
0.0 0.009237578 0.0 0.026141938 0.0 0.02054507 0.0 0.0647617 0.0 0.0 0.015361315 0.0 0.0 0.0 0.0 0.0 0.0 0.0 0.0 0.0128046945 0.06563917 0.0 0.05978034 0.01335972 0.0 0.041525718 0.13714227 0.057473544 0.0 0.0 0.034131255 0.0 0.0 0.0 0.027018232 0.0 0.015026806 0.042846497 0.0 0.0 0.0055893315 0.0 0.0 0.026617352 0.02987152 0.04655399 0.00967298 0.0599179 0.0153105315 0.010269692 0.046221945 0.06505405 0.0049145753 0.0 0.059713442 0.0
0.0 0.0 0.0 0.018945111 0.0 0.0 0.037426893 0.0 0.05925537 0.0 0.06338562 0.026691524 0.0 0.0 0.0 0.0 0.005820308 0.0 0.068174876 0.0 0.028409565 0.0 0.012561908 0.0 0.07071555 0.0 0.0 0.02809087 0.0 0.07388816 0.028324673 0.1320119 0.0 0.0 0.01533796 0.009250134 0.0 0.0 0.032753147 0.031792574 0.0 0.009647141 0.0047909813 0.10140492 0.0 0.009672979 0.0 0.0 0.0 0.0 0.0038294604 0.0 0.0774808 0.0 0.011216884 0.0
0.0 0.032887395 0.056751296 0.0 0.013541011 0.0 0.0 0.010920929 0.0 0.0201883 0.043428436 0.01870297 0.0 0.0 0.041617103 0.012770666 0.0 0.0 0.0 0.0 0.0 0.009654553 0.025309827 0.013206333 0.015314107 0.036685742 0.0032798517 0.0 0.04437377 0.00918028 0.030651227 0.0 0.0345661 0.0 0.0 0.0 0.072455764 0.022505522 0.05133873 0.0 0.0 0.0 0.0 0.00069622986 0.06513214 0.059917897 0.0 0.13182227 0.02785914 0.10840642 0.0 0.011550092 0.031335786 0.0 0.0 0.0
0.0 0.0 0.0 0.03548307 0.06467128 0.0 0.0 0.030955091 0.0 0.0 0.018892955 0.0 0.0 0.0 0.0 0.0075605875 0.0 0.0 0.0 0.007056773 0.023273753 0.0 0.14956397 0.12877059 0.0 0.0011128945 0.021242999 0.055526644 0.0 0.0 0.044477306 0.0 0.017350793 0.0 0.0 0.0 0.0 0.0 0.027265754 0.0023429578 0.0 0.0 0.0 0.0 0.0 0.015310532 0.0 0.02785914 0.0 0.0 0.1638625 0.015795765 0.0 0.0 0.0 0.0
0.0 0.0 0.0 0.0 0.0 0.02605749 0.0 0.0 0.0 0.0 0.0 0.0 0.06882419 0.033563145 0.0 0.01214665 0.0 0.0 0.0 0.0 0.018155552 0.0 0.0021094198 0.077468894 0.043053262 0.10065058 0.0 0.0 0.0 0.0 0.013655952 0.0 0.075551085 0.013223185 0.020382378 0.0 0.0 0.050222743 0.0 0.0 0.11339803 0.0 0.0 0.0 0.0 0.010269693 0.0 0.10840642 0.0 0.0 0.0 0.119558424 0.0 0.0 0.0 0.0
0.033126123 0.0 0.0 0.002114173 0.017730922 0.0 0.0 0.026098566 0.0 0.06022383 0.023793718 0.0 0.0 0.0 0.05577834 0.04575279 0.0 0.10295439 0.047686484 0.0 0.0 0.017295398 0.08000344 0.042983245 0.0 0.0 0.0016517957 0.0 0.0 0.0 0.0 0.0 0.072555944 0.0 0.0 0.0 0.0 0.097636215 0.08946398 0.0 0.0 0.0 0.06306089 0.0 0.037258394 0.046221945 0.0038294604 0.0 0.1638625 0.0 0.0 0.0 0.0 0.0 0.02533407 0.0
0.029261816 0.02262559 0.0 0.0 0.0 0.0 0.0 0.0 0.0 0.013298048 0.0 0.034953743 0.0241853 0.02893354 0.0 0.013158714 0.012769607 0.037368767 0.0 0.0 0.0 0.0643369 0.0 0.0 0.0 0.045335487 0.0 0.0 0.022413392 0.032727316 0.0 0.0 0.0052639716 0.055066347 0.0 0.0 0.0187777 0.0 0.10895818 0.0 0.0 0.08384931 0.025289498 0.0 0.040805478 0.06505406 0.0 0.011550092 0.015795765 0.119558424 0.0 0.03062361 0.0 0.034621138 0.016048318 0.043849535
0.0 0.019964714 0.0 0.0 0.12097705 0.0 0.11559537 0.0 0.051351994 0.0 0.018823827 0.0 0.013223622 0.0 0.0 0.01576985 0.040319048 0.044239044 0.048317466 0.0 0.0074649695 0.0 0.017682565 0.0 0.0 0.0 0.0 0.083349876 0.062599 0.0053381342 0.0029901243 0.060507197 0.0 0.0 0.020531205 0.01585672 0.02483185 0.01600985 0.0 0.019309953 0.011628727 0.0 0.0037391894 0.021593781 0.0 0.0049145753 0.07748079 0.031335786 0.0 0.0 0.0 0.0 0.0 0.0 0.010280076 0.0041028867
0.027598985 0.0 0.022970652 0.0 0.0 0.01733138 0.0 0.0 0.0 0.08447325 0.02766587 0.0 0.0 0.0 0.0 0.09779256 0.0 0.0 0.0678536 0.042310264 0.0 0.0 0.027848559 0.019510962 0.0 0.04289289 0.014234102 0.0 0.0 0.0 0.0 0.00932171 0.0 0.0 0.08465369 0.0 0.047219466 0.013325115 0.0840129 0.053159405 0.082953654 0.0 0.0 0.0 0.02543071 0.0 0.0 0.0 0.0 0.0 0.0 0.034621138 0.0 0.0 0.016793083 0.0
0.0 0.03116983 0.0 0.059648648 0.04326131 0.024541216 0.0 0.028297273 0.053711087 0.0 0.03504172 0.028570777 0.012812725 0.010247686 0.019059347 0.03903165 0.0 0.12098506 0.056240253 0.0 0.0 0.0 0.020398352 0.013274263 0.0 0.00879355 0.04444905 0.0 0.0 0.0 0.07236815 0.02318884 0.045091886 0.014560388 0.0 0.0 0.0011513068 0.085058175 0.0 0.019900106 0.0 0.033155147 0.04962484 0.0 0.0 0.059713442 0.011216884 0.0 0.0 0.0 0.025334071 0.016048318 0.010280076 0.016793083 0.040334735 0.0
0.028170608 0.0 0.032216284 0.0 0.0 0.050903 0.0 0.0 0.019030845 0.0 0.0 0.0 0.11745385 0.065057 0.0 0.0 0.07510453 0.0 0.0 0.0 0.07793011 0.0 0.0028788475 0.0 0.12943116 0.013197709 0.0 0.019774107 0.0 0.036212612 0.0 0.0 0.0 0.0 0.03991072 0.0 0.030453118 0.0 0.0 0.022778781 0.112543665 0.033024106 0.0 0.06986712 0.0031660178 0.0 0.0 0.0 0.0 0.0 0.0 0.043849535 0.0041028867 0.0 0.0 0.00570094
