0.0 0.026950205 0.0 0.0 0.02845395 0.018992689 0.090890996 0.0057081203 0.0 0.0034069018 0.004373672 0.059329145 0.0 0.0 0.0 0.0 0.12056523 0.030619072 0.0 0.09526807 0.0 0.089868434 0.0 0.0 0.0 0.0 0.005724342 0.0 0.0 0.044735778 0.09554838 0.022164555 0.0 0.0 0.0 0.0 0.006356534 0.0 0.1383635 0.0 0.029608654 0.022092395 0.0 0.0 0.04944521 0.010478459 0.0 0.015952054 0.0 0.0 0.0 0.006206651 0.0 0.0 0.0 0.0
0.026950205 0.0 0.005302022 0.042141818 0.018518666 0.0 0.0 0.0 0.0841947 0.06376197 0.0 0.0 0.0 0.0 0.0 0.09906278 0.0 0.05497445 0.011672361 0.0 0.028536322 0.027452769 0.0 0.12772107 0.0 0.04614785 0.0058378223 0.019068599 0.010400914 0.0 0.01790626 0.00844443 0.019750725 0.013927645 0.0 0.019237688 0.0 0.03736825 0.0 0.0033835957 0.0 0.0 0.0471944 0.0 0.0 0.06664896 0.0 0.013906543 0.0 0.0 0.0 0.031391263 0.0 0.0 0.0 0.018109294
0.0 0.0053020217 0.021017114 0.030043183 0.14947228 0.0 0.022922201 0.0 0.057583064 0.0 0.0 0.0 0.00829095 0.0 0.0 0.0 0.0 0.036782227 0.0043303235 0.0030118152 0.018278768 0.0 0.0 0.0 0.09718654 0.0 0.02866557 0.0 0.0 0.11548503 0.0 0.11110926 0.0 0.00944019 0.0 0.030570682 0.006562172 0.0698545 0.013754795 0.012531146 0.0 0.0 0.0 0.0 0.0 0.044312764 0.027425814 0.0 0.018988678 0.017421773 0.0 0.0 0.054516938 0.0 0.0 0.0
0.0 0.042141818 0.030043181 0.05387928 0.0 0.025017876 0.02436925 0.0 0.0 0.0 0.0013017365 0.0 0.0181676 0.0 0.004908028 0.019581838 0.10370746 0.0 0.09543729 0.0 0.019058192 0.044788416 0.0 0.03880781 0.01388182 0.0 0.0 0.009339757 0.026116926 0.07355011 0.023291023 0.0 0.012978172 0.046673268 0.01146151 0.038733024 0.0 0.0 0.0 0.02502201 0.03905585 0.0 0.0068861037 0.061671603 0.0 0.024915697 0.0 0.0 0.0 0.0 0.0 0.009035822 0.07359201 0.0 0.0 0.008114053
0.02845395 0.018518666 0.14947228 0.0 0.014488085 0.0 0.0 0.0 0.0 0.0 0.0 0.049512938 0.051032357 0.0 0.0 0.0015698567 0.0 0.0 0.0 0.0 0.02168386 0.055183962 0.0 0.029860836 0.006648125 0.0 0.020706477 0.0 0.19113502 0.051094275 0.0 0.0065837093 0.0892258 0.0 0.0025852935 0.0 0.0 0.014178488 0.0 0.008458811 0.0 0.012716998 0.0 0.045991376 0.0 0.0 0.084411785 0.0 0.0 0.0 0.0 0.0 0.018566633 0.0 0.0 0.04233528
0.018992689 0.0 0.0 0.025017878 0.0 0.0 0.0 0.0 0.0 0.009503586 0.0 0.007032891 0.0 0.0 0.0 0.0 0.0 0.0 0.0 0.038821846 0.023044076 0.0 0.073073775 0.06701945 0.0 0.0 0.13251747 0.025460739 0.0 0.0 0.019178538 0.0 0.053378485 0.0 0.0 0.0 0.0 0.0 0.04945683 0.0 0.0 0.0 0.0 0.0 0.0 0.042790174 0.0 0.053029068 0.0063592303 0.0 0.18027294 0.0 0.0 0.0 0.0 0.0
0.090890996 0.0 0.022922201 0.02436925 0.0 0.0 0.0 0.062001053 0.0 0.030386593 0.0 0.0 0.0 0.0 0.0 0.024233982 0.0 0.017710332 0.0 0.0 0.030407788 0.0 0.0851349 0.012769153 0.0 0.024693662 0.02949714 0.028348159 0.0 0.0 0.0 0.0 0.03501097 0.0 0.015538908 0.0 0.0 0.0 0.0 0.0 0.0 0.0 0.0 0.0 0.107951544 0.0 0.0 0.0042969696 0.0 0.016523894 0.076181546 0.0 0.0 0.0 0.076876536 0.036151137
0.0057081203 0.0 0.0 0.0 0.0 0.0 0.062001053 0.123861074 0.0 0.0 0.0 0.0 0.0 0.0 0.04053696 0.017030673 0.0 0.0 0.071916945 0.05668804 0.0 0.010534607 0.0 0.0012324981 0.0 0.05032847 0.031259257 0.015062474 0.004774728 0.0 0.032256097 0.0 0.0 0.0071606576 0.012979747 0.0 0.04108737 0.0 0.0 0.0407136 0.0 0.050272536 0.0 0.0 0.12943032 0.0 0.035970263 0.0115938 0.0 0.0 0.0 0.06308092 0.0 0.09669542 0.0 0.0048584924
0.0 0.084194705 0.05758307 0.0 0.0 0.0 0.0 0.0 0.10871168 0.0 0.0 0.0 0.10289962 0.0 0.0046640486 0.061811604 0.0 0.0 0.0 0.0 0.0 0.0015638531 0.0 0.011296921 0.0 0.0 0.011747265 0.104663335 0.0 0.0 0.0 0.0 0.0 0.027638242 0.0 0.0 0.0 0.07881123 0.0 0.16386938 0.0 0.057841513 0.0037096892 0.021743016 0.0 0.029177066 0.016353296 0.0 0.0 0.0 0.0078948345 0.014973482 0.0 0.06421503 0.0 0.0
0.003406902 0.06376197 0.0 0.0 0.0 0.009503586 0.030386593 0.0 0.0 0.0 0.00609209 0.0 0.0 0.027946595 0.0 0.053412605 0.0 0.0 0.0 0.08034696 0.037576742 0.008352567 0.061064564 0.0 0.0 0.042414863 0.10156807 0.0236542 0.0 0.0 0.0299829 0.0 0.0 0.0 0.0 0.0 0.0 0.021636365 0.0 0.009743985 0.09015758 0.0 0.0 0.0 0.09093612 0.0 0.0 0.026715335 0.0 0.0 0.02936118 0.107593775 0.0 0.0270283 0.08697311 0.0
0.0043736724 0.0 0.0 0.0013017365 0.0 0.0 0.0 0.0 0.0 0.00609209 0.0 0.0 0.0 0.056600936 0.0 0.015192371 0.0 0.0 0.0 0.0 0.0 0.0 0.023090048 0.09699508 0.0 0.0 0.05567985 0.07876896 0.003209341 0.0 0.0 0.0 0.026053844 0.0 0.053228058 0.0 0.0 0.009287762 0.0 0.0 0.25753155 0.0 0.0 0.0 0.026366238 0.0039609284 0.031126758 0.0 0.0 0.0 0.022552894 0.1329232 0.0 0.0057850066 0.0 0.0
0.059329145 0.0 0.0 0.0 0.049512934 0.0070328913 0.0 0.0 0.0 0.0 0.0 0.12964764 0.09629472 0.0 0.0 0.0 0.0 0.0 0.0 0.0 0.0 0.027040327 0.0 0.0 0.012468068 0.02951258 0.0 0.014878885 0.0 0.0 0.0 0.03816284 0.0 0.030676669 0.0 0.009190493 0.0 0.0 0.08480382 0.039985713 0.0 0.03126983 0.10876413 0.043409616 0.0 0.011293897 0.02508262 0.0 0.03022414 0.091702774 0.003135511 0.0 0.012034714 0.0 0.0 0.05054867
0.0 0.0 0.00829095 0.0181676 0.051032353 0.0 0.0 0.0 0.10289961 0.0 0.0 0.096294716 0.0 0.0 0.0 0.0 0.018450322 0.030008389 0.009851947 0.0 0.13062234 0.0 0.0 0.0 0.05414136 0.0021191488 0.0 0.0 0.0 0.0 0.0 0.0 0.0 0.036201067 0.031960133 0.0814123 0.012287586 0.0 0.010722523 0.0475321 0.0 0.031973727 0.0 0.03195476 0.0 0.05851458 0.026277576 0.026012942 0.0 0.005508451 0.0 0.0 0.12027657 0.03006777 0.0 0.030703543
0.0 0.0 0.0 0.0 0.0 0.0 0.0 0.0 0.0 0.027946593 0.056600936 0.0 0.0 0.0 0.0 0.0 0.040638 0.017366312 0.04626676 0.0048236367 0.011849116 0.0 0.0 0.0 0.0 0.024362957 0.0 0.08606906 0.1077444 0.0 0.0 0.033749513 0.0 0.07967167 0.053296372 0.022257835 0.0 0.0 0.010934217 0.0 0.0 0.18659754 0.026214918 0.0023536847 0.02206184 0.0 0.0040551387 0.016075727 0.0 0.0 0.0 0.0 0.07617844 0.048947793 0.0 0.07914366
0.0 0.0 0.0 0.0049080285 0.0 0.0 0.0 0.04053696 0.0046640486 0.0 0.0 0.0 0.0 0.0 0.060973253 0.0 0.0 0.0 0.009456979 0.0 0.0 0.0 0.010962166 0.07382479 0.0 0.07309337 0.05204445 0.030811293 0.10257709 0.0 0.0 0.0 0.0 0.037017938 0.0 0.017088382 0.0 0.0 0.014922651 0.0 0.024768384 0.024680339 0.0 0.0 0.0 0.0 0.034662142 0.11012088 0.01256256 0.0 0.018247202 0.012917888 0.0 0.014460208 0.0 0.0
0.0 0.099062786 0.0 0.019581836 0.0015698565 0.0 0.024233982 0.017030675 0.061811607 0.053412605 0.015192372 0.0 0.0 0.0 0.0 0.0 0.0 0.0 0.0 0.011241754 0.014788196 0.0071501634 0.0 0.0066887722 0.0 0.01094634 0.008193472 0.04312808 0.0 0.0 0.046431724 0.0 0.0 0.020016098 0.0 0.0 0.04541277 0.046988178 0.01258175 0.025821486 0.0 0.0 0.07187895 0.0 0.0 0.08616935 0.0 0.0 0.0 0.0048414785 0.0 0.047088902 0.02986674 0.0 0.0 0.0
0.120565236 0.0 0.0 0.10370746 0.0 0.0 0.0 0.0 0.0 0.0 0.0 0.0 0.018450322 0.040638 0.0 0.0 0.0 0.0 0.0 0.0 0.0 0.0 0.22082958 0.05255294 0.0 0.016689751 0.010417804 0.0 0.0 0.0 0.0 0.0 0.03248762 0.0 0.0 0.0 0.025817446 2.6047822e-10 0.0 0.0 0.0 0.0 0.0 0.0 0.08450671 0.0 0.0 0.0 0.00021955914 0.03014893 0.06848227 0.0022819622 0.008953692 0.0 0.0 0.0
0.030619074 0.05497445 0.036782227 0.0 0.0 0.0 0.01771033 0.0 0.0 0.0 0.0 0.0 0.030008389 0.017366312 0.0 0.0 0.0 0.0 0.0 0.0 0.0 0.0 0.0 0.0 0.014698665 0.011004759 0.015977968 0.037340377 0.0 0.09279852 0.0013638323 0.0 0.0 0.0 0.079844974 0.0051488425 0.0 0.0 0.0 0.015893964 0.06742114 0.03678517 0.037490033 0.050969396 0.0 0.0053663068 0.08557684 0.019717975 0.0 0.048120134 0.042539362 0.019232411 0.0 0.0 0.0 0.07552499
0.0 0.011672361 0.004330324 0.09543729 0.0 0.0 0.0 0.071916945 0.0 0.0 0.0 0.0 0.0098519465 0.04626676 0.00945698 0.0 0.0 0.0 0.0 0.0 0.016321423 0.0 0.03436031 0.11213912 0.0 0.02898853 0.022744196 0.094824776 0.0 0.0 0.0 0.004251257 0.0 0.0019275709 0.0 0.07981223 0.0 0.0 0.0 0.116517715 0.055922356 0.0 0.0 0.0 0.0 0.010223061 0.0029314104 0.0 0.0 0.0 0.011972177 0.020513246 0.0 0.0 0.04205262 0.0
0.09526807 0.0 0.0030118152 0.0 0.0 0.038821843 0.0 0.056688037 0.0 0.08034696 0.0 0.0 0.0 0.0048236367 0.0 0.011241753 0.0 0.0 0.0 0.0 0.0 0.023606027 0.010667143 0.035740983 0.0 0.0063010575 0.035100613 0.08610378 0.018977517 0.0 0.0 0.0 0.1329656 0.0 0.081912346 0.013761702 0.0 0.0 0.0 0.0 0.0 0.0 0.0 0.008781233 0.016557598 0.017154654 0.0 0.0 0.006669299 0.0 0.0 0.0720414 0.0 0.0 0.02591163 0.0
0.0 0.028536322 0.01827877 0.019058192 0.02168386 0.023044076 0.030407788 0.0 0.0 0.03757674 0.0 0.0 0.13062236 0.011849116 0.0 0.0147881955 0.0 0.0 0.016321423 0.0 0.0 0.046363354 0.0 0.0 0.0 0.010300672 0.0 0.011627292 0.020635085 0.037368637 0.031108228 0.0 0.0 0.04790665 0.0 0.014902598 0.0 0.0 0.0 0.060027495 0.0 0.0015861447 0.06807589 0.020418419 0.0 0.0 0.08089888 0.0 0.0029561943 0.0 0.004818687 0.0 0.0144121675 0.0 0.0 0.014690969
0.089868434 0.027452769 0.0 0.044788413 0.055183962 0.0 0.0 0.010534606 0.001563853 0.008352567 0.0 0.027040327 0.0 0.0 0.0 0.007150164 0.0 0.0 0.0 0.023606027 0.046363354 0.0 0.08088842 0.0 0.02390302 0.0 0.005562743 0.0 0.0 0.047948424 0.0 0.0117376605 0.054261614 0.051514912 0.0 0.03063072 0.0025104452 0.007612558 0.13290043 0.0 0.0 0.0 0.0 0.048597507 0.0 0.020455081 0.0 0.012432082 0.10624894 0.0 0.03297695 0.010865553 0.0 0.0 0.016378483 0.008173608
0.0 0.0 0.0 0.0 0.0 0.073073775 0.0851349 0.0 0.0 0.06106456 0.02309005 0.0 0.0 0.0 0.010962166 0.0 0.22082958 0.0 0.03436031 0.010667144 0.0 0.08088842 0.0 0.0 0.0 0.0 0.0 0.0 0.09329805 0.0 0.017167376 0.0 0.0 0.0 0.058408473 0.0037033595 0.018294403 0.0 0.0047318623 0.0 0.0059002913 0.0 0.0 0.0 0.0 0.02323061 0.0 0.053412583 0.0 0.0 0.0 0.090563364 0.021762049 0.0 0.0 0.121177725
0.0 0.12772107 0.0 0.03880781 0.029860834 0.067019455 0.012769154 0.0012324981 0.011296921 0.0 0.096995085 0.0 0.0 0.0 0.07382479 0.0066887722 0.05255294 0.0 0.11213911 0.035740983 0.0 0.0 0.0 0.0 0.014721099 0.0 0.04975642 0.0 0.0 0.0 0.050420597 0.044577174 0.04591621 0.0 0.0 0.0 0.0 0.014999487 0.0 0.0 0.0 0.10648342 0.0 0.0077883904 0.0 0.043224163 0.07005935 0.04469005 0.03447605 0.0 0.0 0.0 0.0 0.0 0.0025635043 0.0
0.0 0.0 0.097186536 0.01388182 0.006648125 0.0 0.0 0.0 0.0 0.0 0.0 0.012468067 0.054141365 0.0 0.0 0.0 0.0 0.014698664 0.0 0.0 0.0 0.023903022 0.0 0.014721099 0.16506425 0.0 0.0 0.0 0.025292024 0.052225098 0.0 0.08106208 0.012395281 0.0 0.014507888 0.0 0.0 0.01681278 0.088232 0.015493411 0.0 0.0 0.04161152 0.06425858 0.0 0.0 0.0040402887 0.0 0.0 0.09915873 0.0 0.013400323 0.07263031 0.0 0.0 0.0
0.0 0.04614785 0.0 0.0 0.0 0.0 0.024693662 0.05032847 0.0 0.042414863 0.0 0.02951258 0.0021191488 0.024362957 0.07309337 0.01094634 0.01668975 0.011004759 0.028988533 0.0063010575 0.010300673 0.0 0.0 0.0 0.0 0.22447199 0.0 0.018651683 0.09495465 0.0 0.005278687 0.0 0.0 0.052205417 0.0 0.0 0.009072808 0.0 0.0 0.0 0.025771037 0.03443761 0.0 0.0 0.047974445 0.0 0.0 0.0 0.0 0.02374765 0.0 0.0 0.019533623 0.020154575 0.029111154 0.08171879
0.005724342 0.005837823 0.028665572 0.0 0.020706477 0.13251747 0.02949714 0.03125926 0.011747264 0.10156807 0.05567985 0.0 0.0 0.0 0.052044455 0.008193472 0.010417804 0.015977968 0.022744196 0.035100613 0.0 0.0055627436 0.0 0.04975642 0.0 0.0 0.029890152 0.0 0.02523898 0.008626437 0.0 0.0 0.021066248 0.010995049 0.0 0.039599705 0.1291107 0.03302101 0.05708854 0.0 0.0 0.0 0.0 0.0 0.023580568 0.04490689 0.03247139 0.03802924 0.0481604 0.0 0.024418322 0.0 0.0 0.0 0.0 0.0
0.0 0.019068599 0.0 0.009339757 0.0 0.025460739 0.028348157 0.015062476 0.104663335 0.0236542 0.07876897 0.014878885 0.0 0.08606906 0.030811293 0.04312808 0.0 0.037340377 0.094824776 0.08610378 0.011627293 0.0 0.0 0.0 0.0 0.018651683 0.0 0.09670737 0.0 0.010636133 0.0 0.019393312 0.0 0.0 0.0 0.078820266 0.0 0.0 0.0 0.016458718 0.0026732064 0.0 0.0 0.0 0.00410404 0.0 0.0 0.0 0.0 0.018304475 0.0 0.038326122 0.021910459 0.0082756085 0.0 0.00947339
0.0 0.010400914 0.0 0.026116924 0.19113502 0.0 0.0 0.004774728 0.0 0.0 0.003209341 0.0 0.0 0.1077444 0.10257708 0.0 0.0 0.0 0.0 0.018977515 0.020635087 0.0 0.09329805 0.0 0.025292024 0.09495465 0.025238981 0.0 0.030135475 0.0 0.0 0.108499296 0.0 0.0 0.0 0.030028397 0.0 0.035472624 0.0 0.0 0.0 0.0 0.0 0.0 0.0 0.0 0.0 0.0 0.0 0.0 0.0 0.0 0.0 0.0 0.0030209734 0.0
0.044735774 0.0 0.115485035 0.07355012 0.05109427 0.0 0.0 0.0 0.0 0.0 0.0 0.0 0.0 0.0 0.0 0.0 0.0 0.09279853 0.0 0.0 0.03736864 0.047948424 0.0 0.0 0.052225098 0.0 0.008626437 0.010636134 0.0 0.0 0.0 0.048047245 0.054558717 0.0 0.0 0.0 0.0 0.019578902 0.05131644 0.0 0.0 0.0 0.0 0.0 0.0 0.0 0.0 0.0 0.14228596 0.0 0.0 0.0 0.08525235 0.0 0.0 0.0
0.09554838 0.01790626 0.0 0.023291025 0.0 0.019178538 0.0 0.032256093 0.0 0.0299829 0.0 0.0 0.0 0.0 0.0 0.046431724 0.0 0.0013638323 0.0 0.0 0.03110823 0.0 0.017167376 0.050420597 0.0 0.0052786865 0.0 0.0 0.0 0.0 0.0 0.0 0.1581845 0.0 0.16161782 0.019729195 0.012228821 0.0 0.0581041 0.016213886 0.0 0.0 0.0 0.0 0.07385055 0.018539403 0.0 0.037345726 0.012303549 0.0 0.045708586 0.022410408 0.014427223 0.0 0.0 0.0
0.022164557 0.00844443 0.11110925 0.0 0.0065837093 0.0 0.0 0.0 0.0 0.0 0.0 0.03816284 0.0 0.033749513 0.0 0.0 0.0 0.0 0.004251257 0.0 0.0 0.0117376605 0.0 0.044577178 0.081062086 0.0 0.0 0.019393312 0.108499296 0.048047245 0.0 0.0 0.030138858 0.0043075015 0.02363901 0.0 0.0 0.0 0.0 0.009128158 0.0 0.0 0.0 0.06146167 0.0 0.0 0.070421465 0.0 0.0 0.14157094 0.0 0.0 0.0 0.0 0.0 0.13113753
0.0 0.019750725 0.0 0.012978172 0.0892258 0.05337848 0.03501097 0.0 0.0 0.0 0.026053844 0.0 0.0 0.0 0.0 0.0 0.03248762 0.0 0.0 0.1329656 0.0 0.054261617 0.0 0.045916215 0.012395281 0.0 0.02106625 0.0 0.0 0.054558717 0.1581845 0.03013886 0.030334929 0.0 0.0057080556 0.0 0.012976676 0.02133573 0.0 0.0 0.0 0.004759327 0.037748948 0.0 0.0 0.027605891 0.00972855 0.0 0.1102138 0.0 0.036239445 0.0 0.013131384 0.0 0.055371176 0.0
0.0 0.013927645 0.00944019 0.046673268 0.0 0.0 0.0 0.007160658 0.027638242 0.0 0.0 0.030676667 0.036201067 0.07967167 0.037017938 0.020016098 0.0 0.0 0.001927571 0.0 0.04790665 0.051514912 0.0 0.0 0.0 0.052205417 0.01099505 0.0 0.0 0.0 0.0 0.004307501 0.0 0.0 0.0 0.0 0.0 0.0 0.0 0.08399572 0.0 0.08362424 0.044901635 0.023846256 0.0 0.0 0.04987156 0.0 0.02360217 0.0 0.019712029 0.0 0.027340788 0.1373665 0.009554839 0.0
0.0 0.0 0.0 0.01146151 0.0025852935 0.0 0.015538909 0.012979747 0.0 0.0 0.05322806 0.0 0.03196013 0.053296372 0.0 0.0 0.0 0.079844974 0.0 0.08191235 0.0 0.0 0.058408476 0.0 0.014507889 0.0 0.0 0.0 0.0 0.0 0.16161782 0.023639008 0.0057080556 0.0 0.0 0.0 0.0 0.011801253 0.014333883 0.0023064022 0.0 0.0 0.0 0.0 0.083241686 0.0 0.0 0.0057243723 0.013812225 0.037479527 0.0 0.00054437947 0.0 0.03387993 0.1392248 0.0
0.0 0.01923769 0.030570686 0.038733024 0.0 0.0 0.0 0.0 0.0 0.0 0.0 0.009190494 0.0814123 0.022257835 0.017088382 0.0 0.0 0.0051488425 0.07981223 0.013761703 0.014902598 0.030630723 0.0037033593 0.0 0.0 0.0 0.039599705 0.078820266 0.030028397 0.0 0.019729195 0.0 0.0 0.0 0.0 0.0 0.0 0.0 0.0 0.0 0.01818494 0.06752216 0.047904428 0.0 0.011541681 0.035088826 0.07267411 0.049848545 0.0 0.028465243 0.011060771 0.0 0.0 0.0 0.04837449 0.043620184
0.0063565336 0.0 0.006562172 0.0 0.0 0.0 0.0 0.041087367 0.0 0.0 0.0 0.0 0.012287585 0.0 0.0 0.04541277 0.025817446 0.0 0.0 0.0 0.0 0.0025104452 0.018294403 0.0 0.0 0.009072808 0.12911068 0.0 0.0 0.0 0.0122288205 0.0 0.012976676 0.0 0.0 0.0 0.0 0.021137409 0.0 0.0 0.13742022 0.0690619 0.0 0.044755798 0.01758639 0.0 0.06847799 0.025504475 0.0 0.0 0.0 0.10224775 0.0 0.060137734 0.056909915 0.014336681
0.0 0.03736825 0.069854505 0.0 0.014178488 0.0 0.0 0.0 0.07881123 0.021636363 0.009287762 0.0 0.0 0.0 0.0 0.04698818 2.6047822e-10 0.0 0.0 0.0 0.0 0.0076125585 0.0 0.014999487 0.01681278 0.0 0.033021007 0.0 0.035472624 0.019578902 0.0 0.0 0.02133573 0.0 0.011801253 0.0 0.021137409 0.31792137 0.0 0.0 0.018310703 0.0 0.0 0.023035293 0.0 0.09313385 0.0 0.035555962 0.0 0.0 0.0018463066 0.0 0.0 0.0 0.0 0.0
0.1383635 0.0 0.013754795 0.0 0.0 0.04945683 0.0 0.0 0.0 0.0 0.0 0.08480382 0.010722523 0.010934217 0.014922651 0.012581751 0.0 0.0 0.0 0.0 0.0 0.13290043 0.004731862 0.0 0.088232 0.0 0.05708854 0.0 0.0 0.05131644 0.0581041 0.0 0.0 0.0 0.014333883 0.0 0.0 0.0 0.051861312 0.0 0.0 0.0 0.0 0.0 0.025715506 0.0 0.0 0.0 0.0 0.0 0.011116635 0.0 0.04577698 0.0 0.004919591 0.0
0.0 0.0033835957 0.012531146 0.025022011 0.008458811 0.0 0.0 0.040713597 0.16386938 0.009743986 0.0 0.039985713 0.0475321 0.0 0.0 0.025821488 0.0 0.015893964 0.11651771 0.0 0.060027495 0.0 0.0 0.0 0.015493411 0.0 0.0 0.016458718 0.0 0.0 0.016213885 0.009128157 0.0 0.08399572 0.002306402 0.0 0.0 0.0 0.0 0.0 0.0 0.0 0.049655486 0.0 0.0 0.05540776 0.0 0.0 0.08281151 0.0 0.020590786 0.0 0.08919923 0.034899063 0.016372751 0.0
0.029608654 0.0 0.0 0.03905585 0.0 0.0 0.0 0.0 0.0 0.09015758 0.25753155 0.0 0.0 0.0 0.024768382 0.0 0.0 0.06742114 0.055922356 0.0 0.0 0.0 0.0059002917 0.0 0.0 0.025771037 0.0 0.0026732064 0.0 0.0 0.0 0.0 0.0 0.0 0.0 0.018184941 0.13742024 0.018310701 0.0 0.0 0.0 0.009575506 0.0 0.0 0.06012293 0.0 0.0 0.009305077 0.004323629 0.013906303 0.013005773 0.011609281 0.009092702 0.0 0.06784395 0.0
0.022092395 0.0 0.0 0.0 0.012716998 0.0 0.0 0.050272536 0.057841517 0.0 0.0 0.031269833 0.031973727 0.18659754 0.02468034 0.0 0.0 0.03678517 0.0 0.0 0.0015861447 0.0 0.0 0.10648342 0.0 0.03443761 0.0 0.0 0.0 0.0 0.0 0.0 0.004759327 0.08362424 0.0 0.06752216 0.0690619 0.0 0.0 0.0 0.009575506 0.0 0.0 0.010717723 0.0 0.0 0.0121608265 0.0 0.0 0.025832383 0.0 0.01773238 0.018892763 0.0 0.0 0.0
0.0 0.0471944 0.0 0.0068861037 0.0 0.0 0.0 0.0 0.0037096895 0.0 0.0 0.10876413 0.0 0.026214918 0.0 0.07187894 0.0 0.037490033 0.0 0.0 0.068075895 0.0 0.0 0.0 0.04161152 0.0 0.0 0.0 0.0 0.0 0.0 0.0 0.037748948 0.044901635 0.0 0.04790443 0.0 0.0 0.0 0.049655482 0.0 0.0 0.0 0.026515352 0.055706255 0.035543345 0.013821218 0.020582527 0.0 0.09966759 0.046658147 0.0 0.06462328 0.005482766 0.0 0.021502908
0.0 0.0 0.0 0.061671607 0.045991376 0.0 0.0 0.0 0.021743016 0.0 0.0 0.043409616 0.031954758 0.0023536847 0.0 0.0 0.0 0.050969396 0.0 0.008781233 0.020418419 0.048597507 0.0 0.0077883904 0.06425858 0.0 0.0 0.0 0.0 0.0 0.0 0.061461665 0.0 0.023846257 0.0 0.0 0.044755798 0.023035293 0.0 0.0 0.0 0.010717723 0.026515353 0.0 0.0 0.03796673 0.023659552 0.0 0.031348843 0.075790465 0.03015308 0.0 0.10845777 0.0 0.0 0.0
0.04944521 0.0 0.0 0.0 0.0 0.0 0.107951544 0.12943032 0.0 0.090936124 0.02636624 0.0 0.0 0.02206184 0.0 0.0 0.084506705 0.0 0.0 0.016557598 0.0 0.0 0.0 0.0 0.0 0.04797444 0.023580566 0.0041040406 0.0 0.0 0.07385055 0.0 0.0 0.0 0.083241686 0.011541681 0.01758639 0.0 0.025715504 0.0 0.06012293 0.0 0.05570625 0.0 0.057225227 0.0 0.0 0.0 0.0 0.0 0.0 0.03855405 0.0 0.0351855 0.083221145 0.0
0.010478459 0.06664896 0.044312764 0.024915697 0.0 0.042790174 0.0 0.0 0.02917707 0.0 0.0039609284 0.011293897 0.058514576 0.0 0.0 0.08616935 0.0 0.0053663068 0.010223061 0.017154654 0.0 0.02045508 0.023230609 0.043224163 0.0 0.0 0.044906892 0.0 0.0 0.0 0.018539403 0.0 0.027605893 0.0 0.0 0.035088826 0.0 0.09313385 0.0 0.05540776 0.0 0.0 0.035543345 0.03796673 0.0 0.0 0.016571604 0.0 0.0108221695 0.016695267 0.026473235 0.0043646703 0.0 0.056916483 0.03158396 0.0
0.0 0.0 0.027425814 0.0 0.08441178 0.0 0.0 0.035970263 0.016353296 0.0 0.031126758 0.02508262 0.026277576 0.004055138 0.034662142 0.0 0.0 0.08557684 0.0029314104 0.0 0.08089888 0.0 0.0 0.070059344 0.0040402883 0.0 0.03247139 0.0 0.0 0.0 0.0 0.070421465 0.009728551 0.049871564 0.0 0.07267411 0.06847798 0.0 0.0 0.0 0.0 0.012160827 0.013821218 0.023659552 0.0 0.016571604 0.051312916 0.0 0.0 0.029695073 0.0 0.0 0.0 0.0 0.004310214 0.0
0.015952054 0.013906544 0.0 0.0 0.0 0.053029068 0.0042969696 0.0115938 0.0 0.026715336 0.0 0.0 0.026012942 0.016075727 0.11012088 0.0 0.0 0.019717975 0.0 0.0 0.0 0.012432082 0.053412583 0.044690054 0.0 0.0 0.03802924 0.0 0.0 0.0 0.03734573 0.0 0.0 0.0 0.005724372 0.04984854 0.025504475 0.035555962 0.0 0.0 0.009305077 0.0 0.020582527 0.0 0.0 0.0 0.0 0.06503496 0.017844936 0.0 0.104550086 0.102032 0.0 0.0 0.098139256 0.0
0.0 0.0 0.018988678 0.0 0.0 0.0063592303 0.0 0.0 0.0 0.0 0.0 0.03022414 0.0 0.0 0.01256256 0.0 0.00021955912 0.0 0.0 0.006669299 0.0029561943 0.10624894 0.0 0.03447605 0.0 0.0 0.0481604 0.0 0.0 0.14228596 0.012303549 0.0 0.1102138 0.02360217 0.013812225 0.0 0.0 0.0 0.0 0.08281151 0.004323629 0.0 0.0 0.031348843 0.0 0.0108221695 0.0 0.017844936 0.0 0.12610447 0.0025146657 0.0 0.0041271416 0.0 0.011724308 0.0071838056
0.0 0.0 0.017421775 0.0 0.0 0.0 0.016523894 0.0 0.0 0.0 0.0 0.09170278 0.005508451 0.0 0.0 0.004841478 0.03014893 0.048120137 0.0 0.0 0.0 0.0 0.0 0.0 0.09915873 0.02374765 0.0 0.018304475 0.0 0.0 0.0 0.14157094 0.0 0.0 0.037479527 0.028465243 0.0 0.0 0.0 0.0 0.013906303 0.025832383 0.09966759 0.075790465 0.0 0.016695267 0.029695073 0.0 0.12610447 0.03571054 0.0 0.0 0.04141778 0.0 0.0 0.0
0.0 0.0 0.0 0.0 0.0 0.18027295 0.076181546 0.0 0.007894834 0.029361181 0.022552894 0.003135511 0.0 0.0 0.018247202 0.0 0.06848227 0.042539362 0.011972177 0.0 0.004818687 0.03297695 0.0 0.0 0.0 0.0 0.024418322 0.0 0.0 0.0 0.04570858 0.0 0.036239445 0.01971203 0.0 0.011060771 0.0 0.0018463066 0.011116635 0.020590786 0.013005773 0.0 0.04665815 0.030153083 0.0 0.026473233 0.0 0.104550086 0.0025146657 0.0 0.0463782 0.0 0.0 0.0 0.059564818 0.07586852
0.006206651 0.031391263 0.0 0.009035822 0.0 0.0 0.0 0.06308092 0.014973483 0.10759377 0.1329232 0.0 0.0 0.0 0.012917888 0.047088906 0.0022819624 0.019232411 0.020513246 0.07204141 0.0 0.010865553 0.090563364 0.0 0.013400323 0.0 0.0 0.038326126 0.0 0.0 0.022410408 0.0 0.0 0.0 0.00054437947 0.0 0.102247745 0.0 0.0 0.0 0.011609281 0.017732378 0.0 0.0 0.03855405 0.00436467 0.0 0.102032 0.0 0.0 0.0 0.033940673 0.0 0.065065496 0.051608704 0.0
0.0 0.0 0.054516938 0.073592015 0.01856663 0.0 0.0 0.0 0.0 0.0 0.0 0.012034714 0.12027658 0.07617844 0.0 0.02986674 0.008953692 0.0 0.0 0.0 0.014412168 0.0 0.02176205 0.0 0.072630316 0.019533621 0.0 0.021910459 0.0 0.085252345 0.014427221 0.0 0.013131384 0.027340787 0.0 0.0 0.0 0.0 0.04577698 0.08919923 0.009092702 0.018892763 0.06462328 0.10845777 0.0 0.0 0.0 0.0 0.0041271416 0.041417778 0.0 0.0 0.0 0.041859556 0.0 0.0
0.0 0.0 0.0 0.0 0.0 0.0 0.0 0.09669542 0.06421502 0.027028302 0.0057850066 0.0 0.03006777 0.048947793 0.014460208 0.0 0.0 0.0 0.0 0.0 0.0 0.0 0.0 0.0 0.0 0.020154575 0.0 0.008275608 0.0 0.0 0.0 0.0 0.0 0.1373665 0.03387993 0.0 0.060137734 0.0 0.0 0.034899063 0.0 0.0 0.005482766 0.0 0.0351855 0.056916483 0.0 0.0 0.0 0.0 0.0 0.065065496 0.041859552 0.039635826 0.023939926 0.06610424
0.0 0.0 0.0 0.0 0.0 0.0 0.076876536 0.0 0.0 0.086973116 0.0 0.0 0.0 0.0 0.0 0.0 0.0 0.0 0.042052615 0.02591163 0.0 0.016378483 0.0 0.0025635043 0.0 0.029111156 0.0 0.0 0.0030209732 0.0 0.0 0.0 0.055371176 0.009554839 0.1392248 0.04837449 0.056909915 0.0 0.004919591 0.016372751 0.06784395 0.0 0.0 0.0 0.083221145 0.031583965 0.0043102144 0.098139256 0.011724308 0.0 0.059564818 0.051608704 0.0 0.023939928 0.056909367 0.0
0.0 0.018109294 0.0 0.008114053 0.04233528 0.0 0.036151137 0.0048584924 0.0 0.0 0.0 0.050548673 0.030703543 0.07914365 0.0 0.0 0.0 0.075524986 0.0 0.0 0.014690969 0.008173608 0.12117773 0.0 0.0 0.08171878 0.0 0.00947339 0.0 0.0 0.0 0.13113753 0.0 0.0 0.0 0.04362018 0.014336681 0.0 0.0 0.0 0.0 0.0 0.02150291 0.0 0.0 0.0 0.0 0.0 0.0071838056 0.0 0.07586852 0.0 0.0 0.06610424 0.0 0.0
