0.0 0.059555564 0.0 0.0 0.00815059 0.0 0.0 0.0066649243 0.0 0.0 0.06513314 0.0 0.0 0.022289237 0.0 0.011078125 0.0 0.065692425 0.0 0.0 0.008352687 0.014751069 0.004022964 0.0 0.0 0.011362326 0.0 0.023765145 0.0 0.050275736 0.0 0.0 0.0 0.0 0.0 0.0 0.0 0.098723374 0.0 0.09692297 0.004351887 0.009064429 0.0 0.0654066 0.002640321 0.16523364 0.119648285 0.018667249 0.05532748 0.029186605 0.010563306 0.0 0.0 0.06595868 0.03948618 0.0
0.059555564 0.0 0.0 0.0 0.0 0.0 0.0 0.04712025 0.0 0.10167832 0.0 0.08538638 0.0 0.0 0.040149577 0.03317167 0.0 0.0 0.035898577 0.104111314 0.0 0.0 0.0 0.0106892865 0.0 0.0060958164 0.04736079 0.02458348 0.0 0.0 0.0 0.0 0.0 0.0 0.0 0.0 0.15162764 0.0 0.0 0.0 0.0 0.0 0.0 0.0 0.036245804 0.0 0.0 0.0 0.0 0.012124726 0.0 0.0 0.021465588 0.003221109 0.0 0.020865833
0.0 0.0 0.0 0.0 0.0 0.0 0.0 0.0273217 0.0 0.0 0.0 0.0026253168 0.054315776 0.024856258 0.0 0.0 0.0 0.047356836 0.0 0.0 0.0 0.0 0.018540695 0.0 0.031049997 0.003183086 0.0 0.089295916 0.06134894 0.012766614 0.012862625 0.0 0.023052463 0.0 0.0 0.0 0.034870423 0.0 0.05005491 0.037543695 0.1263858 0.0 0.011673252 0.19613957 0.0 0.0 0.0 0.0 0.0 0.0 0.0 0.0 0.008829386 0.0 0.0 0.0033453826
0.0 0.0 0.0 0.0 0.0 0.0 0.0 0.080933146 0.0010519259 0.030915663 0.008740062 0.032788906 0.0 0.0 0.0 0.17945445 0.0 0.0 0.0 0.03164656 0.025810085 0.0 0.033104375 0.025872257 0.0 0.007736555 0.042623162 0.0324714 0.0 0.0 0.0 0.0 0.012460292 0.009272692 0.0401723 0.040715527 0.025648944 0.0 0.0018149081 0.0 0.0 0.0 0.0 0.0 0.0 0.0 0.0 0.0 0.0 0.014146599 0.15701966 0.041493777 0.0 0.0 0.021985913 0.0
0.008150591 0.0 0.0 0.0 0.0 0.0 0.0 0.0 0.0 0.020644218 0.06833891 0.12138522 0.08214196 0.0 0.0 0.037116665 0.0 0.0 0.06944721 0.119731605 0.07417775 0.0 0.09632833 0.020035442 0.0 0.0 0.0 0.04340637 0.0 0.0 0.0 0.0 0.0 0.009076288 0.004018321 0.0 0.10115487 0.0 0.0 0.0 0.0 0.0 0.0 0.0 0.0 0.0 0.0 0.0 0.0 0.0 0.0041575283 0.044270106 0.0 0.0 0.0 0.0
0.0 0.0 0.0 0.0 0.0 0.0 0.036643274 0.072809674 0.0 0.042587083 0.0 0.0 0.0 0.0 0.0 0.049504302 0.0 0.0 0.0 0.0 0.0 0.0 0.0 0.014607145 0.022910252 0.0 0.0 0.0182009 0.0052691936 0.021904286 0.0 0.008301814 0.005048647 0.0 0.11583228 0.0 0.007447492 0.0 0.0 0.0 0.04216767 0.014123515 0.0 0.0 0.040799912 0.0 0.0 0.0 0.0 0.05181969 0.0 0.11509022 0.0 0.055732414 0.0 0.06124985
0.0 0.0 0.0 0.0 0.0 0.036643274 0.0 0.0 0.0 0.0 0.006452129 0.0 0.0 0.0 0.00089610554 0.0 0.0 0.0 0.0 0.05823254 0.0 0.0 0.013300411 0.0 0.0 0.0 0.02184426 0.0 0.0 0.0 0.12676135 0.0 0.24836808 0.0 0.0 0.0 0.0 0.0202427 0.010472246 0.023171097 0.0 0.0 0.010069036 0.0 0.048333317 0.0 0.0 0.0 0.0 0.0 0.057534326 0.0 0.0 0.0 0.0 0.0
0.006664925 0.047120247 0.027321698 0.080933146 0.0 0.07280967 0.0 0.0 0.0064923763 0.0 0.0 0.0 0.0 0.0 0.034879994 0.048383776 0.0 0.058057137 0.038581774 0.0 0.0 0.007358592 0.0 0.0 0.0 0.059680745 0.08503427 0.0042781206 0.0 0.0 0.0 0.056915086 0.07445899 0.0 0.029370066 0.0 0.0 0.00365617 0.06886243 0.0 0.0 0.0 0.0 0.0 0.0 0.024895258 0.03077141 0.030206315 0.054278653 0.03837473 0.09694498 0.0 0.0 0.036666762 0.13774583 0.0
0.0 0.0 0.0 0.001051926 0.0 0.0 0.0 0.0064923763 0.0 0.040937286 0.11315502 0.10427413 0.0 0.0 0.054128416 0.0 0.0 0.0 0.0 0.0038204032 0.0 0.022863712 0.16764465 0.15248701 0.0 0.027133482 0.08907661 0.02618238 0.0 0.0 0.0 0.0 0.0 0.0 0.0 0.0 0.014013682 0.0 0.0 0.0 0.0 0.0 0.0 0.0 0.0 0.0 0.0 0.0 0.0 0.08710031 0.013317262 0.02704845 0.0 0.0 0.0 0.0
0.0 0.10167832 0.0 0.030915665 0.020644218 0.042587083 0.0 0.0 0.040937286 0.0 0.0 0.0 0.042532243 0.019280856 0.0 0.035698023 0.0 0.0 0.018220434 0.0 0.0 0.007092156 0.06814577 0.0 0.0 0.02050019 0.03561387 0.0 0.021133734 0.0 0.0036936149 0.0026439677 0.0 0.0 0.059996385 0.0 0.0 0.0 0.0 0.17688246 0.010290785 0.020184057 0.024031226 0.051590823 0.0 0.0 0.027565138 0.0719309 0.0012977872 0.0 0.019987514 0.0 0.0 0.027810335 0.042457934 0.0
0.06513314 0.0 0.0 0.008740062 0.06833891 0.0 0.0064521288 0.0 0.113155015 0.0 0.0 0.04598022 0.06176904 0.0 0.020713782 0.07583607 0.0 0.0 0.17177188 0.0 0.026724288 0.0 0.013132521 0.06643245 0.0 0.021680633 0.0 0.0 0.0 0.0 0.0 0.0 0.0 0.036188934 0.0 0.07384875 0.031110613 0.0 0.0 0.0 0.0 0.0 0.0 0.0 0.0 0.0 0.0 0.0 0.0 0.0 0.0 0.0 0.0 0.04429791 0.0 0.0
0.0 0.08538637 0.0026253168 0.032788906 0.12138522 0.0 0.0 0.0 0.10427413 0.0 0.04598022 0.0 0.025130313 0.04032696 0.0 0.0 0.0 0.0 0.0 0.01298062 0.0068394793 0.0 0.019948304 0.0094209965 0.0 0.0 0.0 0.030641086 0.0 0.0 0.06426214 0.01975727 0.0 0.0 0.0111209545 0.0770265 0.0 0.06347837 0.0019961405 0.03555191 0.020745277 0.0 0.02346756 0.0 0.0 0.0 0.0 0.0 0.013268481 0.0 0.0 0.021399468 0.019926332 0.0 0.0 0.0
0.0 0.0 0.054315776 0.0 0.08214196 0.0 0.0 0.0 0.0 0.042532243 0.06176904 0.025130313 0.0 0.0 0.065827906 0.0 0.0 0.023807049 0.0 0.0 0.057893153 0.05613728 0.0 0.0 0.0 0.0 0.0 0.0 0.0 0.008793727 0.014096786 0.07085758 0.022996658 0.008921372 0.0 0.0 0.027656693 0.019028563 0.046536293 0.0 0.0 0.042817924 0.0 0.0 0.06616204 0.0 0.0 0.0 0.03057193 0.029616194 0.0 0.0 0.11368841 0.0 0.0 0.0080647655
0.022289237 0.0 0.024856258 0.0 0.0 0.0 0.0 0.0 0.0 0.019280856 0.0 0.04032696 0.0 0.0 0.12967414 0.0 0.044450648 0.023522018 0.0 0.0 0.015749402 0.11026257 0.0 0.0 0.018299695 0.10114174 0.0 0.0 0.0 0.0160874 0.039630227 0.030968057 0.037781317 0.0 0.0 0.0 0.012340359 0.0 0.026222859 0.0 0.0 0.029264865 0.0 0.0 0.1522987 0.008253992 0.0 0.02595777 0.0 0.030042032 0.0 0.0 0.10625634 0.0 0.03403105 0.0
0.0 0.040149577 0.0 0.0 0.0 0.0 0.0008961056 0.034879994 0.05412842 0.0 0.020713782 0.0 0.065827906 0.12967414 0.0104993135 0.0 0.0 0.0 0.04615702 0.0 0.0 0.0 0.0 0.021582246 0.02576571 0.02020302 0.0 0.0 0.04527208 0.0 0.0 0.0 0.0 0.0 0.041357953 0.033124354 0.017381424 0.0 0.0 0.15029658 0.013242364 0.09468051 0.016039861 0.059309952 0.0 0.0 0.028446713 0.0 0.0 0.0 0.0 0.03260131 0.0002779538 0.03382682 0.0 0.037921377
0.011078125 0.033171672 0.0 0.17945445 0.03711667 0.049504306 0.0 0.048383776 0.0 0.035698023 0.07583607 0.0 0.0 0.0 0.0 0.0 0.0 0.0 0.039345864 0.063707486 0.025915798 0.0 0.026193127 0.0 0.0 0.0 0.0 0.0 0.0 0.0 0.0 0.0 0.034458317 0.0 0.0 0.0 0.09914161 0.0035553633 0.03066896 0.0 0.0 0.0 0.0160903 0.0 0.00927843 0.0047574034 0.0 0.01827772 0.015358419 0.0 0.028136067 0.0 0.0 0.0 0.03828603 0.0
0.0 0.0 0.0 0.0 0.0 0.0 0.0 0.0 0.0 0.0 0.0 0.0 0.0 0.044450648 0.0 0.0 0.0 0.0 0.0 0.030876713 0.0 0.0 0.014977545 0.0 0.0 0.015273486 0.0 0.1290894 0.0 0.0 0.036771152 0.0 0.0 0.0 0.05904846 0.058027368 0.016856806 0.0 0.0 0.06957853 0.06700954 0.034311205 0.0 0.0 0.0 0.0 0.0 0.0 0.0 0.0 0.0 0.13273896 0.0 0.0 0.0 0.0
0.065692425 0.0 0.047356836 0.0 0.0 0.0 0.0 0.058057137 0.0 0.0 0.0 0.0 0.023807049 0.023522016 0.0 0.0 0.0 0.0 0.08202905 0.0 0.0 0.0 0.0 0.007155404 0.0067059915 0.0 0.0 0.0 0.1229276 0.0 0.0 0.0 0.0 0.0 0.09760653 0.043753527 0.012770768 0.0 0.0 0.0 0.0 0.008244724 0.0 0.029509807 0.0 0.0 0.05538714 0.0 0.0 0.0 0.0 0.10976758 0.0 0.0097446265 0.0 0.12487211
0.0 0.035898577 0.0 0.0 0.069447204 0.0 0.0 0.038581774 0.0 0.018220434 0.17177188 0.0 0.0 0.0 0.04615702 0.039345864 0.0 0.08202905 0.0 0.0 0.0 0.0 0.0 0.044575393 0.0 0.0 0.022815505 0.012573532 0.0 0.0 0.052769724 0.0 0.08291438 0.0 0.0 0.017838603 0.037268482 0.0 0.0 0.0 0.0 0.0 0.0 0.0 0.0072551034 0.0 0.0 0.0 0.0 0.0 0.056489263 0.020413887 0.0 0.0 0.0 0.0
0.0 0.104111314 0.0 0.03164656 0.11973161 0.0 0.05823254 0.0 0.0038204032 0.0 0.0 0.012980619 0.0 0.0 0.0 0.063707486 0.030876713 0.0 0.0 0.0 0.0 0.0 0.0 0.0 0.19334362 0.0 0.0 0.0 0.017945603 0.0 0.0 0.0 0.019812545 0.01691898 0.0 0.0 0.011396315 0.0 0.040516086 0.011147205 0.0 0.01486012 0.060146764 0.041607924 0.036283392 0.0 0.0 0.010344501 0.0 0.0036179791 0.0 0.0 0.07686065 0.011178329 0.0 0.040827878
0.008352688 0.0 0.0 0.025810083 0.07417775 0.0 0.0 0.0 0.0 0.0 0.026724286 0.0068394793 0.05789315 0.015749402 0.0 0.0259158 0.0 0.0 0.0 0.0 0.047691066 0.0 0.030634006 0.0 0.081848636 0.004286161 0.0 0.0 0.0 0.11057062 0.0 0.0028542327 0.059258036 0.0 0.0 0.0 0.0059738397 0.0 0.10915939 0.009837625 0.0 0.0 0.0 0.042824917 0.0 0.0 0.0 0.0 0.014817345 0.020596754 0.022451824 0.0 0.07647956 0.0 0.0 0.0
0.014751069 0.0 0.0 0.0 0.0 0.0 0.0 0.007358592 0.022863712 0.007092156 0.0 0.0 0.05613728 0.11026258 0.0 0.0 0.0 0.0 0.0 0.0 0.0 0.04880761 0.042578004 0.0 0.0338706 0.045909923 0.00013472198 0.0073158075 0.053761262 0.031203117 0.030826764 0.0 0.0 0.0 0.07725046 0.0 0.0 0.0027703561 0.0 0.119629234 0.12955047 0.0 0.0 0.0 0.0 0.0 0.0 0.0 0.0 0.0 0.0 0.0145560475 0.0 0.056268834 0.0 0.0
0.004022964 0.0 0.018540695 0.033104375 0.09632833 0.0 0.013300411 0.0 0.16764465 0.06814577 0.013132521 0.019948302 0.0 0.0 0.0 0.026193127 0.014977545 0.0 0.0 0.0 0.030634008 0.042578 0.0 0.029625442 0.02548113 0.0 0.0 0.0 0.0 0.029131679 0.0 0.086830154 0.0 0.1628332 0.006073482 0.02471466 0.04530971 0.06675176 0.0075289635 0.0 0.0 0.0 0.02943964 0.0 0.0 0.02842186 0.06863961 0.07464329 0.038896963 0.0 0.007659881 0.0 0.0 0.012252657 0.0 0.0
0.0 0.0106892865 0.0 0.025872255 0.020035442 0.014607145 0.0 0.0 0.15248702 0.0 0.06643245 0.0094209965 0.0 0.0 0.021582246 0.0 0.0 0.0071554044 0.044575393 0.0 0.0 0.0 0.029625442 0.03426422 0.0 0.020486897 0.0 0.0 0.0 0.011201702 0.0 0.1774389 0.0 0.064172685 0.0 0.030412117 0.0 0.08290103 0.0 0.0 0.0 0.0 0.039950024 0.0 0.0 0.10350564 0.05995019 0.039881356 0.0 0.0 0.0 0.0 0.0 0.041152783 0.009146805 0.0
0.0 0.0 0.031049997 0.0 0.0 0.02291025 0.0 0.0 0.0 0.0 0.0 0.0 0.0 0.018299693 0.025765708 0.0 0.0 0.0067059915 0.0 0.19334362 0.081848636 0.033870604 0.025481133 0.0 0.116480894 0.0 0.016002553 0.06427067 0.0 0.0 0.050860293 0.0 0.0360939 0.0 0.014389182 0.0 0.0 0.003415612 0.0674687 0.030233506 0.019896165 0.0 0.025430633 0.018416079 0.0 0.0 0.0 0.0 0.0 0.0 0.0030159757 0.014983889 0.07665979 0.028358022 0.02964616 0.0
0.011362327 0.0060958164 0.0031830857 0.0077365553 0.0 0.0 0.0 0.059680745 0.027133483 0.02050019 0.021680634 0.0 0.0 0.10114174 0.02020302 0.0 0.015273485 0.0 0.0 0.0 0.004286161 0.045909923 0.0 0.020486897 0.0 0.047153316 0.0 0.049722727 0.0 0.0 0.008413966 0.0 0.0 0.016511377 0.0 0.04376727 0.0 0.0 0.0089632785 0.1064875 0.12627272 0.0 0.018761266 0.031025829 0.0 0.01856194 0.0 0.047980394 0.0 0.0 0.048497938 0.0 0.0 0.03435326 0.017250946 0.0
0.0 0.04736079 0.0 0.042623166 0.0 0.0 0.021844259 0.08503427 0.0890766 0.035613872 0.0 0.0 0.0 0.0 0.0 0.0 0.0 0.0 0.022815505 0.0 0.0 0.00013472197 0.0 0.0 0.016002553 0.0 0.0 0.0 0.0 0.00539922 0.0 0.0 0.0 0.01920543 0.015092265 0.012728771 0.042923585 0.0 0.0 0.0 0.054574337 0.013234744 0.13688643 0.0 0.04517427 0.0 0.0190921 0.021258662 0.0 0.0 0.006239948 0.0 0.02873173 0.10365756 0.0 0.11122786
0.023765145 0.02458348 0.089295916 0.0324714 0.04340637 0.0182009 0.0 0.0042781206 0.02618238 0.0 0.0 0.030641086 0.0 0.0 0.0 0.0 0.12908939 0.0 0.012573532 0.0 0.0 0.007315808 0.0 0.0 0.06427067 0.04972273 0.0 0.0 0.0 0.15493806 0.0 0.08037615 0.0 0.034788314 0.0 0.05058297 0.04856816 0.0 0.0 0.0 0.0 0.0 0.0 0.0 0.0979335 0.0 0.07388367 0.023381118 0.0 0.0 0.0 0.0 0.0 0.0 0.0 0.0
0.0 0.0 0.061348945 0.0 0.0 0.0052691936 0.0 0.0 0.0 0.021133734 0.0 0.0 0.0 0.0 0.04527208 0.0 0.0 0.1229276 0.0 0.0179456 0.0 0.05376126 0.0 0.0 0.0 0.0 0.0 0.0 0.0 0.05596217 0.13677353 0.0 0.046133522 0.0 0.0 0.0 0.0 0.033398442 0.0 0.0 0.0 0.19215669 0.0 0.0 0.007829393 0.0 0.0 0.0 0.04066641 0.0 0.0 0.0 0.14064708 0.0 0.0 0.0
0.050275736 0.0 0.012766614 0.0 0.0 0.021904284 0.0 0.0 0.0 0.0 0.0 0.0 0.008793727 0.0160874 0.0 0.0 0.0 0.0 0.0 0.0 0.11057062 0.031203117 0.029131679 0.011201702 0.0 0.0 0.00539922 0.15493806 0.05596217 0.0 0.039841253 0.0 0.036259063 0.0 0.047702767 0.0 0.030329762 0.007944889 0.054102987 0.038675297 0.022551613 0.0 0.0 0.050943222 0.0014015833 0.0 0.0 0.0 0.0032065245 0.022793805 0.0 0.0 0.0 0.0 0.02667901 0.0
0.0 0.0 0.012862625 0.0 0.0 0.0 0.12676135 0.0 0.0 0.0036936146 0.0 0.06426214 0.014096787 0.039630227 0.0 0.0 0.036771152 0.0 0.052769728 0.0 0.0 0.030826764 0.0 0.0 0.050860293 0.008413966 0.0 0.0 0.13677353 0.039841253 0.0 0.0 0.0 0.05495589 0.0 0.0 0.0 0.0 0.044213694 0.013681511 0.0 0.0 0.05138641 0.09366748 0.002754276 0.0 0.0 0.0062200474 0.0 0.027785933 0.0 0.0 0.0 0.027102353 0.0 0.17258778
0.0 0.0 0.0 0.0 0.0 0.008301814 0.0 0.056915082 0.0 0.002643968 0.0 0.019757273 0.07085757 0.030968059 0.0 0.0 0.0 0.0 0.0 0.0 0.002854233 0.0 0.086830154 0.17743891 0.0 0.0 0.0 0.08037615 0.0 0.0 0.0 0.0 0.0 0.0 0.03100198 0.0 0.012112025 0.0 0.041159768 0.01181889 0.0 0.0 0.02541686 0.0 0.0 0.021067627 0.0 0.0 0.0 0.0 0.0 0.14686665 0.0 0.0 0.0 0.0020938518
0.0 0.0 0.023052463 0.012460292 0.0 0.005048647 0.2483681 0.07445899 0.0 0.0 0.0 0.0 0.02299666 0.03778132 0.0 0.034458313 0.0 0.0 0.08291438 0.019812545 0.059258033 0.0 0.0 0.0 0.0360939 0.0 0.0 0.0 0.04613352 0.036259063 0.0 0.0 0.0 0.060556185 0.051077 0.08244021 0.038188223 0.0 0.034110483 0.0 0.0 0.0 0.0 0.0 0.0 0.0 0.0 0.020152098 0.023479281 0.039464172 0.0 0.0 0.0 0.0228001 0.0 0.061196815
0.0 0.0 0.0 0.009272692 0.009076288 0.0 0.0 0.0 0.0 0.0 0.036188934 0.0 0.008921372 0.0 0.0 0.0 0.0 0.0 0.0 0.01691898 0.0 0.0 0.1628332 0.064172685 0.0 0.016511377 0.01920543 0.034788318 0.0 0.0 0.054955885 0.0 0.060556185 0.0 0.0 0.0 0.0 0.05112531 0.0 0.060778547 0.0 0.0 0.011619394 0.0 0.0 0.0 0.0 0.0 0.0 0.0 0.112037025 0.044830423 0.0 0.03539667 0.05175572 0.0
0.0 0.0 0.0 0.040172298 0.004018321 0.11583228 0.0 0.029370064 0.0 0.05999639 0.0 0.0111209545 0.0 0.0 0.041357957 0.0 0.05904846 0.097606525 0.0 0.0 0.0 0.077250466 0.0060734814 0.0 0.014389183 0.0 0.015092264 0.0 0.0 0.047702767 0.0 0.031001978 0.051077 0.0 0.0 0.0 0.010720706 0.07423898 0.042836692 0.0 0.008853936 0.0 0.0 0.0 0.051907986 0.055974394 0.0 0.009505959 0.09139957 0.0690208 0.017891629 0.0004925711 0.0 0.0 0.055474985 0.018224953
0.0 0.0 0.0 0.040715527 0.0 0.0 0.0 0.0 0.0 0.0 0.07384875 0.077026494 0.0 0.0 0.03312435 0.0 0.058027364 0.043753527 0.017838603 0.0 0.0 0.0 0.024714662 0.030412119 0.0 0.04376727 0.01272877 0.05058297 0.0 0.0 0.0 0.0 0.08244021 0.0 0.0 0.0 0.06284041 0.0026173908 0.008132266 0.020436319 0.0 0.0 0.0 0.0 0.0 0.012849976 0.0 0.0013642211 0.0 0.03118809 0.08071267 0.0 0.031049646 0.0 0.04549227 0.013834244
0.0 0.15162764 0.034870423 0.025648944 0.10115487 0.007447492 0.0 0.0 0.014013681 0.0 0.03111061 0.0 0.027656693 0.01234036 0.017381422 0.09914161 0.016856806 0.012770767 0.037268482 0.011396315 0.00597384 0.0 0.04530971 0.0 0.0 0.0 0.04292358 0.04856816 0.0 0.030329762 0.0 0.012112025 0.038188223 0.0 0.010720706 0.06284041 0.0 0.08831776 0.0 0.0 0.0 0.0 0.042501967 0.0 0.0 0.05202019 0.108553715 0.0 0.0 0.0 0.0 0.0 0.0 0.046656337 0.0 0.0
0.09872337 0.0 0.0 0.0 0.0 0.0 0.0202427 0.0036561703 0.0 0.0 0.0 0.063478366 0.019028563 0.0 0.0 0.0035553633 0.0 0.0 0.0 0.0 0.0 0.0027703561 0.06675177 0.08290104 0.003415612 0.0 0.0 0.0 0.033398442 0.007944888 0.0 0.0 0.0 0.051125314 0.07423897 0.0026173908 0.08831775 0.0 0.004881681 0.0 0.0 0.0 0.0 0.0 0.023155542 0.0 0.0 0.0 0.0 0.0 0.0 0.0 0.0 0.0 0.0 0.21549062
0.0 0.0 0.05005491 0.0018149081 0.0 0.0 0.010472246 0.06886243 0.0 0.0 0.0 0.0019961407 0.04653629 0.026222859 0.0 0.03066896 0.0 0.0 0.0 0.040516086 0.10915938 0.0 0.007528963 0.0 0.0674687 0.0089632785 0.0 0.0 0.0 0.054102987 0.044213694 0.04115977 0.034110487 0.0 0.042836696 0.008132267 0.0 0.004881681 0.055668253 0.0 0.0 0.0 0.0 0.058816396 0.0 0.0 0.0 0.0 0.10822767 0.09143273 0.001956357 0.01916479 0.0 0.0 0.011853062 0.013625129
0.09692297 0.0 0.03754369 0.0 0.0 0.0 0.023171097 0.0 0.0 0.17688248 0.0 0.03555191 0.0 0.0 0.15029658 0.0 0.06957852 0.0 0.0 0.011147205 0.009837625 0.11962924 0.0 0.0 0.030233506 0.106487505 0.0 0.0 0.0 0.0386753 0.013681511 0.01181889 0.0 0.060778547 0.0 0.020436319 0.0 0.0 0.0 0.0 0.0 0.0 0.0 0.0 0.0 0.0 0.009033015 0.0 0.0 0.0 0.0 0.0 0.0 0.0 0.0 0.0056596063
0.0043518874 0.0 0.1263858 0.0 0.0 0.04216767 0.0 0.0 0.0 0.010290786 0.0 0.020745277 0.0 0.0 0.013242364 0.0 0.067009546 0.0 0.0 0.0 0.0 0.12955047 0.0 0.0 0.019896165 0.12627272 0.054574337 0.0 0.0 0.022551613 0.0 0.0 0.0 0.0 0.008853936 0.0 0.0 0.0 0.0 0.0 0.039591327 0.0 0.0 0.0 0.06983804 0.0 0.0 0.0 0.0 0.021709766 0.05101839 0.0 0.0 0.0 0.12264987 0.0
0.0090644285 0.0 0.0 0.0 0.0 0.014123515 0.0 0.0 0.0 0.020184057 0.0 0.0 0.042817924 0.029264864 0.09468051 0.0 0.034311205 0.008244725 0.0 0.01486012 0.0 0.0 0.0 0.0 0.0 0.0 0.013234743 0.0 0.19215669 0.0 0.0 0.0 0.0 0.0 0.0 0.0 0.0 0.0 0.0 0.0 0.0 0.24476494 0.0 0.0 0.019737924 0.0 0.0 0.0 0.0 0.0 0.0 0.0 0.0 0.027301878 0.0 0.08897651
0.0 0.0 0.011673252 0.0 0.0 0.0 0.010069035 0.0 0.0 0.024031226 0.0 0.02346756 0.0 0.0 0.016039861 0.0160903 0.0 0.0 0.0 0.060146764 0.0 0.0 0.02943964 0.03995002 0.025430635 0.018761264 0.13688643 0.0 0.0 0.0 0.05138641 0.02541686 0.0 0.011619394 0.0 0.0 0.042501967 0.0 0.0 0.0 0.0 0.0 0.0 0.027987037 0.0 0.0 0.0 0.0 0.081548095 0.090495646 0.072651856 0.0 0.08307477 0.0 0.016775304 0.0
0.0654066 0.0 0.19613957 0.0 0.0 0.0 0.0 0.0 0.0 0.051590823 0.0 0.0 0.0 0.0 0.059309956 0.0 0.0 0.029509807 0.0 0.041607928 0.042824917 0.0 0.0 0.0 0.018416079 0.031025829 0.0 0.0 0.0 0.050943222 0.09366747 0.0 0.0 0.0 0.0 0.0 0.0 0.0 0.058816396 0.0 0.0 0.0 0.027987037 0.01345387 0.048218966 0.0 0.0 0.0 0.039504506 0.0 0.0 0.0 0.0 0.0 0.03550907 0.0
0.0026403212 0.0362458 0.0 0.0 0.0 0.040799916 0.048333317 0.0 0.0 0.0 0.0 0.0 0.06616204 0.15229869 0.0 0.009278431 0.0 0.0 0.0072551034 0.036283392 0.0 0.0 0.0 0.0 0.0 0.0 0.04517427 0.0979335 0.007829393 0.0014015833 0.002754276 0.0 0.0 0.0 0.051907983 0.0 0.0 0.02315554 0.0 0.0 0.06983803 0.019737924 0.0 0.048218966 0.022586513 0.026712846 0.0 0.128796 0.028328324 0.005490925 0.010605595 0.06049765 0.0 0.03649445 0.037320934 0.0
0.16523366 0.0 0.0 0.0 0.0 0.0 0.0 0.024895258 0.0 0.0 0.0 0.0 0.0 0.008253991 0.0 0.0047574034 0.0 0.0 0.0 0.0 0.0 0.0 0.02842186 0.10350565 0.0 0.018561939 0.0 0.0 0.0 0.0 0.0 0.021067627 0.0 0.0 0.055974394 0.012849976 0.05202019 0.0 0.0 0.0 0.0 0.0 0.0 0.0 0.026712848 0.0 0.0 0.0 0.016091933 0.040032364 0.027972506 0.12489212 0.0 0.0 0.0 0.0
0.11964829 0.0 0.0 0.0 0.0 0.0 0.0 0.030771408 0.0 0.02756514 0.0 0.0 0.0 0.0 0.028446713 0.0 0.0 0.055387143 0.0 0.0 0.0 0.0 0.06863962 0.05995019 0.0 0.0 0.019092102 0.07388367 0.0 0.0 0.0 0.0 0.0 0.0 0.0 0.0 0.108553715 0.0 0.0 0.009033015 0.0 0.0 0.0 0.0 0.0 0.0 0.0 0.0 0.0 0.0 0.024085388 0.16983837 0.0 0.0 0.025437908 0.029508179
0.018667249 0.0 0.0 0.0 0.0 0.0 0.0 0.030206315 0.0 0.0719309 0.0 0.0 0.0 0.02595777 0.0 0.018277721 0.0 0.0 0.0 0.010344501 0.0 0.0 0.07464329 0.039881356 0.0 0.047980394 0.021258662 0.023381118 0.0 0.0 0.0062200474 0.0 0.020152096 0.0 0.009505958 0.0013642212 0.0 0.0 0.0 0.0 0.0 0.0 0.0 0.0 0.128796 0.0 0.0 0.07416197 0.05981809 0.0 0.117378004 0.09347561 0.0 0.0 0.022181643 0.0
0.055327475 0.0 0.0 0.0 0.0 0.0 0.0 0.054278653 0.0 0.0012977872 0.0 0.01326848 0.030571932 0.0 0.0 0.015358419 0.0 0.0 0.0 0.0 0.014817345 0.0 0.038896963 0.0 0.0 0.0 0.0 0.0 0.04066641 0.0032065245 0.0 0.0 0.023479281 0.0 0.09139957 0.0 0.0 0.0 0.10822767 0.0 0.0 0.0 0.0815481 0.039504506 0.028328322 0.016091933 0.0 0.059818085 0.0 0.119863965 0.061211284 0.023832213 0.0 0.0 0.0 0.06642463
0.029186606 0.012124726 0.0 0.014146598 0.0 0.05181969 0.0 0.038374726 0.08710032 0.0 0.0 0.0 0.029616194 0.030042034 0.0 0.0 0.0 0.0 0.0 0.0036179791 0.020596754 0.0 0.0 0.0 0.0 0.0 0.0 0.0 0.0 0.022793803 0.027785933 0.0 0.039464176 0.0 0.0690208 0.03118809 0.0 0.0 0.09143272 0.0 0.021709766 0.0 0.09049564 0.0 0.005490925 0.040032364 0.0 0.0 0.11986397 0.0 0.04337585 0.0 0.038847126 0.011706897 0.046395876 0.0
0.010563306 0.0 0.0 0.15701966 0.0041575283 0.0 0.057534326 0.09694498 0.013317262 0.019987514 0.0 0.0 0.0 0.0 0.0 0.028136069 0.0 0.0 0.05648926 0.0 0.022451822 0.0 0.007659882 0.0 0.003015976 0.048497938 0.006239948 0.0 0.0 0.0 0.0 0.0 0.0 0.112037025 0.017891629 0.08071267 0.0 0.0 0.001956357 0.0 0.05101839 0.0 0.07265186 0.0 0.010605595 0.027972504 0.024085388 0.11737801 0.061211288 0.043375846 0.049616843 0.0 0.02969122 0.01815692 0.011067729 0.0
0.0 0.0 0.0 0.041493777 0.044270106 0.11509023 0.0 0.0 0.02704845 0.0 0.0 0.021399466 0.0 0.0 0.03260131 0.0 0.13273896 0.109767586 0.020413887 0.0 0.0 0.0145560475 0.0 0.0 0.014983889 0.0 0.0 0.0 0.0 0.0 0.0 0.14686665 0.0 0.044830423 0.0004925711 0.0 0.0 0.0 0.01916479 0.0 0.0 0.0 0.0 0.0 0.060497653 0.12489212 0.16983835 0.09347562 0.023832213 0.0 0.0 0.0 0.0 0.0 0.0 0.0
0.0 0.02146559 0.008829387 0.0 0.0 0.0 0.0 0.0 0.0 0.0 0.0 0.019926332 0.11368841 0.10625635 0.00027795378 0.0 0.0 0.0 0.0 0.07686065 0.07647956 0.0 0.0 0.0 0.07665979 0.0 0.028731728 0.0 0.14064708 0.0 0.0 0.0 0.0 0.0 0.0 0.031049646 0.0 0.0 0.0 0.0 0.0 0.0 0.08307476 0.0 0.0 0.0 0.0 0.0 0.0 0.038847126 0.02969122 0.0 0.029030154 0.0 0.0 0.010316229
0.06595868 0.003221109 0.0 0.0 0.0 0.055732414 0.0 0.036666762 0.0 0.027810333 0.044297915 0.0 0.0 0.0 0.033826817 0.0 0.0 0.0097446265 0.0 0.011178329 0.0 0.056268834 0.012252658 0.041152783 0.028358024 0.034353264 0.10365756 0.0 0.0 0.0 0.027102353 0.0 0.0228001 0.035396673 0.0 0.0 0.046656337 0.0 0.0 0.0 0.0 0.027301876 0.0 0.0 0.03649445 0.0 0.0 0.0 0.0 0.011706897 0.01815692 0.0 0.0 0.0 0.07544244 0.0
0.039486185 0.0 0.0 0.021985913 0.0 0.0 0.0 0.13774581 0.0 0.042457934 0.0 0.0 0.0 0.03403105 0.0 0.03828603 0.0 0.0 0.0 0.0 0.0 0.0 0.0 0.009146805 0.029646162 0.017250946 0.0 0.0 0.0 0.02667901 0.0 0.0 0.0 0.05175572 0.055474985 0.04549227 0.0 0.0 0.011853062 0.0 0.12264987 0.0 0.016775304 0.03550907 0.037320934 0.0 0.025437906 0.022181645 0.0 0.046395876 0.011067729 0.0 0.0 0.07544245 0.0 0.05740442
0.0 0.020865833 0.0033453829 0.0 0.0 0.061249845 0.0 0.0 0.0 0.0 0.0 0.0 0.0080647655 0.0 0.03792138 0.0 0.0 0.1248721 0.0 0.040827878 0.0 0.0 0.0 0.0 0.0 0.0 0.11122787 0.0 0.0 0.0 0.17258778 0.0020938518 0.061196815 0.0 0.018224953 0.013834244 0.0 0.21549062 0.013625127 0.0056596063 0.0 0.0889765 0.0 0.0 0.0 0.0 0.029508177 0.0 0.06642463 0.0 0.0 0.0 0.010316229 0.0 0.057404425 0.0
