0.0 0.031333543 0.08168177 0.10034794 0.03937141 0.0 0.0 0.0 0.0046933 0.0 0.016168287 0.14172558 0.032713857 0.056395307 0.05750127 0.0 0.2085813 0.0 0.0 0.0 0.0 0.0 0.005276742 0.0 0.0 0.011607186 0.004938774 0.0 0.0 0.0 0.0 0.0070867185 0.0 0.0 0.0 0.0 0.0 0.050901216 0.043023646 0.0 0.0 0.0 0.0029975232 0.09846684 0.05088087 0.019842802 0.0691561 0.0 0.0 0.0 0.0 0.0 0.009314155 0.02115277 0.0 0.0
0.031333543 0.0 0.0 0.0 0.0 0.0 0.0 0.009999607 0.04453467 0.0 0.0 0.0 0.011505172 0.0 0.0 0.0 0.0 0.0062844264 0.0 0.0 0.0087231565 0.012139261 0.0 0.0 0.039171208 0.030459475 0.0 0.0 0.0 0.077252746 0.0 0.0 0.023382349 0.0607116 0.0 0.013128663 0.0 0.0 0.0 0.032453988 0.21681581 0.0 0.008620536 0.0 0.0 0.0 0.0 0.0038063382 0.0 0.0 0.030241251 0.15448754 0.0 0.0 0.05951641 0.0
0.08168177 0.0 0.03661184 0.0 0.0 0.0 0.025206966 0.017497871 0.0 0.05062732 0.0 0.0 0.0 0.012200444 0.0 0.0094097555 0.0 0.0 0.0 0.0 0.0 0.0 0.0 0.00618271 0.081996866 0.06418007 0.0 0.0 0.1638535 0.0 0.0 0.0 0.0 0.0 0.021223996 0.0 0.0 0.0075769816 0.0033803463 0.0 0.008373153 0.059148338 0.0 0.0039379993 0.0 0.0 0.0 0.0 0.027634135 0.0 0.07363568 0.049172092 0.0 0.0 0.010927047 0.1458983
0.10034795 0.0 0.0 0.0062469584 0.0 0.03576276 0.0 0.0 0.0 0.10389921 0.0006414216 0.0066150706 0.0 0.0 0.0 0.029360363 0.0 0.0073395697 0.0 0.026708668 0.06963314 0.047285087 0.0071145156 0.0 0.0 0.015588184 0.022441195 0.0 0.022260442 0.019561214 0.020062048 0.0 0.078460276 0.022840166 0.0 0.0 0.085947625 0.0 0.028565949 0.0 0.0 0.0 0.0 0.0 0.045924306 0.0 0.0 0.047236513 0.039726354 0.09009991 0.0 0.0043379967 0.036408525 0.0 0.02176431 0.0
0.039371405 0.0 0.0 0.0 0.0 0.014509507 0.0070683206 0.004567934 0.0 0.09096108 0.0 0.0072960826 0.0 0.0 0.0 0.0 0.0 0.0 0.0 0.038744546 0.0 0.07292128 0.0 0.0 0.0 0.015006217 0.0014626144 0.0 0.08428616 0.0 0.0 0.0 0.0 0.06360391 0.09877001 0.007799557 0.22581558 0.0 0.021966496 0.033129513 0.0 0.0 0.0 0.0 0.023637636 0.03474724 0.0 0.01664511 0.018877216 0.056121282 0.0 0.0 0.0 0.0 0.037993252 0.05661964
0.0 0.0 0.0 0.035762765 0.014509507 0.0 0.0 0.019858982 0.012279929 0.0 0.0 0.0 0.04734702 0.13462386 0.0 0.0 0.052940805 0.0015450015 0.0 0.0 0.0 0.0 0.0 0.0 0.008039559 0.0 0.007726359 0.0 0.011661299 0.0029550954 0.0 0.0 0.0 0.0 0.0 0.034994386 0.0036904477 0.0 0.0 0.14706346 0.013633544 0.023135118 0.0 0.062768325 0.0 0.0 0.0 0.032457147 0.04902058 0.0 0.038017258 0.01951935 0.01765135 0.0 0.023238987 0.04191581
0.0 0.0 0.025206966 0.0 0.0070683206 0.0 0.0 0.049163368 0.05044574 0.0 0.0 0.0 0.0 0.0 0.0 0.0053753294 0.0 0.0 0.0 0.0 0.0 0.0 0.0 0.030115334 0.0 0.05469594 0.0 0.0 0.013395074 0.0 0.0 0.0 0.0 0.02727868 0.008113492 0.0 0.0 0.039981656 0.0 0.0363005 0.056737084 0.0 0.0 0.0 0.0 0.03149685 0.0 0.0 0.0 0.0 0.10248903 0.17942047 0.0 0.0 0.009958689 0.04326078
0.0 0.009999607 0.017497871 0.0 0.0045679347 0.01985898 0.04916337 0.12214288 0.0 0.009342734 0.0 0.124058664 0.0 0.014743249 0.016412098 0.017217502 0.008441539 0.0 0.0 0.01621476 0.0 0.03006135 0.0 0.0132556185 0.0 0.0 0.0 0.0 0.0 0.03679543 0.0 0.0050893114 0.0 0.056325335 0.008985442 0.0 0.010518621 0.10315778 0.019992847 0.0 0.009277584 0.08304008 0.09551631 0.0 0.092064016 0.14379014 0.012849745 0.0 0.0 0.0065679993 0.0 0.0 0.0 0.0059412485 0.0 0.0
0.0046933 0.04453467 0.0 0.0 0.0 0.012279929 0.050445735 0.0 0.0 0.0 0.0 0.0 0.0 0.0 0.0 0.0 0.0 0.0 0.00024021424 0.009602744 0.033298213 0.0 0.0 0.0 0.0 0.0 0.0 0.0 0.0989326 0.12714465 0.0 0.0 0.0 0.023818588 0.0 0.20084427 0.033812456 0.0 0.006987078 0.029408159 0.04428592 0.10115225 0.037950557 0.0 0.0 0.0 0.013166624 0.0 0.0 0.0 0.0 0.0 0.011567831 0.021948896 0.0 0.085293196
0.0 0.0 0.05062732 0.1038992 0.09096108 0.0 0.0 0.009342734 0.0 0.0 0.051031273 0.01860424 0.0 0.030351097 0.12109098 0.0023763129 0.031275403 0.0 0.0 0.0068795397 0.0 0.0 0.12655088 0.05265461 0.0 0.0064727035 0.032898776 0.0 0.0 0.0 0.0 0.0 0.0 0.0 0.0 0.0 0.0 0.045915302 0.123384915 0.0 0.0 0.0 0.0050007496 0.0327427 0.0 0.0042396435 0.011393267 0.0 0.0 0.0 0.04559088 0.0 0.0 0.0 0.0 0.0
0.016168287 0.0 0.0 0.00064142153 0.0 0.0 0.0 0.0 0.0 0.051031277 0.0 0.0 0.0 0.06738542 0.0 0.0 0.0 0.0 0.01760624 0.0 0.0 0.011876343 0.038520556 0.0442035 0.0 0.041755967 0.056685932 0.017966542 0.005945839 0.0 0.0 0.0 0.0 0.0 0.06558985 0.0 0.009723833 0.0 0.015177596 0.0 0.026063414 0.0 0.0 0.0 0.025740301 0.02499667 0.0 0.07868102 0.0 0.08174434 0.01705967 0.04568061 0.0 0.0 0.1585242 0.0
0.14172558 0.0 0.0 0.00661507 0.0072960826 0.0 0.0 0.124058664 0.0 0.018604241 0.0 0.0 0.0 0.020721482 0.0 0.0 0.0 0.01612732 0.0 0.0 0.0052031805 0.06743412 0.0 0.016590172 0.035783485 0.038097903 0.0 0.020738374 0.1657041 0.0 0.0 0.0 0.0 0.0 0.040970683 0.0 0.027276844 0.0 0.0 0.0 0.0 0.008992963 0.0 0.0 0.0 0.0 0.06424002 0.0 0.0 0.0 0.0020911545 0.07182449 0.013736451 0.0 0.0047288444 0.0
0.032713857 0.011505172 0.0 0.0 0.0 0.04734702 0.0 0.0 0.0 0.0 0.0 0.0 0.0 0.010961358 0.0 0.0 0.0 0.0 0.0 0.0 0.0 0.0 0.0 0.0 0.0057709934 0.03307588 0.0 0.20450947 0.0 0.020751676 0.017110076 0.0 0.05538262 0.13603024 0.00464771 0.047541924 0.035756547 0.0 0.0 0.0 0.07909087 0.0 0.0 0.0 0.0269258 0.046511363 0.0 0.0 0.030479737 0.013481205 0.0 0.0 0.0 0.015044622 0.0 0.0
0.056395307 0.0 0.012200444 0.0 0.0 0.13462386 0.0 0.014743248 0.0 0.030351097 0.06738542 0.020721482 0.0109613575 0.0 0.051893763 0.05468774 0.0 0.012139858 0.009134075 0.03263821 0.05602193 0.0 0.054517653 0.0 0.0 0.0 0.0 0.13056467 0.0 0.047337938 0.036574177 0.008615442 0.04013124 0.0 0.0 0.0 0.04830837 0.05971452 0.003061704 0.0 0.0 0.0 0.0 0.0 0.036873996 0.0 0.0 0.009679053 0.030366322 0.0 0.0 0.0 0.037124638 0.0 0.0015777615 0.0
0.05750127 0.0 0.0 0.0 0.0 0.0 0.0 0.016412098 0.0 0.12109098 0.0 0.0 0.0 0.051893763 0.0 0.020601284 0.0 0.0 0.0 0.0 0.0 0.06753616 0.01689648 0.0 0.0 0.024452275 0.0 0.0 0.05458014 0.0 0.0 0.0 0.0 0.0087514045 0.022513203 0.0 0.09793286 0.0 0.0 0.0 0.0992086 0.0 0.0 0.0 0.09868567 0.0 0.0 0.0204979 0.0 0.034410052 0.009412088 0.04807234 0.0 0.0 0.034402028 0.0
0.0 0.0 0.0094097555 0.029360361 0.0 0.0 0.0053753294 0.017217502 0.0 0.0023763129 0.0 0.0 0.0 0.05468774 0.020601284 0.1472094 0.019727198 0.00783434 0.078066066 0.0 0.058115654 0.0 0.0 0.028019298 0.0 0.015427912 0.0 0.0 0.0 0.0 0.018549662 0.0 0.0 0.0 0.022660382 0.0 0.0334865 0.010714885 0.03430505 0.0 0.005579825 0.0 0.0 0.027273685 0.0 0.0 0.0 0.0 0.009429026 0.0 0.0 0.036752477 0.0 0.0788492 0.072888784 0.0
0.2085813 0.0 0.0 0.0 0.0 0.05294081 0.0 0.008441539 0.0 0.031275403 0.0 0.0 0.0 0.0 0.0 0.019727198 0.0 0.035599504 0.0 0.0 0.0 0.09402658 0.0 0.0 0.0 0.013433042 0.0 0.0 0.0 0.0 0.0 0.0 0.0 0.0 0.0063149636 0.0 0.0043358947 0.0 0.0 0.0 0.0 0.01398684 0.0 0.011899683 0.04842783 0.0 0.055664077 0.0 0.13609923 0.042319898 0.011135758 0.012404164 0.026122253 0.0 0.0 0.02056691
0.0 0.0062844264 0.0 0.00733957 0.0 0.0015450015 0.0 0.0 0.0 0.0 0.0 0.016127322 0.0 0.012139858 0.0 0.00783434 0.0355995 0.0 0.0 0.0 0.0 0.15275998 0.0 0.013769648 0.009696687 0.032748412 0.023139754 0.0 0.00841307 0.004178405 0.0 0.0 0.03728437 0.1031999 0.07412182 0.0 0.0 0.0 0.030785965 0.013018364 0.0 0.0 0.0 0.042880937 0.001961107 0.007912745 0.017322516 0.024618024 0.010740333 0.12483062 0.0 0.0 0.0 0.0 0.06928919 0.12313561
0.0 0.0 0.0 0.0 0.0 0.0 0.0 0.0 0.00024021423 0.0 0.01760624 0.0 0.0 0.009134075 0.0 0.078066066 0.0 0.0 0.0 0.035107486 0.013718834 0.0 0.024166722 0.11624663 0.0 0.07755774 0.082768604 0.023256669 0.0 0.0 0.06722787 0.0 0.030811679 0.0 0.0 0.015560756 0.0 0.0 0.0 0.0070825457 0.0 0.0 0.008778438 0.0 0.0 0.0 0.0 0.039854035 0.010689825 0.0 0.18535012 0.0 0.0 0.024900526 0.050875556 0.0
0.0 0.0 0.0 0.02670867 0.038744546 0.0 0.0 0.01621476 0.009602745 0.0068795397 0.0 0.0 0.0 0.03263821 0.0 0.0 0.0 0.0 0.035107486 0.0 0.0 0.0037492546 0.0 0.10411529 0.0 0.04207189 0.0014415658 0.06757729 0.0 0.0 0.0 0.0014998025 0.0 0.0870397 0.047465038 0.04259506 0.0 0.0 0.0038764356 0.081774004 0.04811363 0.0 0.0 0.014999564 0.0 0.00103194 0.0 0.0 0.075951524 0.023176871 0.004568216 0.03487834 0.0 0.07133036 0.047472637 0.0
0.0 0.0087231565 0.0 0.06963313 0.0 0.0 0.0 0.0 0.033298213 0.0 0.0 0.0052031805 0.0 0.056021933 0.0 0.058115657 0.0 0.0 0.013718834 0.0 0.14323893 0.007993689 0.0 0.0 0.03052246 0.0 0.0 0.0 0.0 0.0 0.09549018 0.0 0.0 0.0 0.0 0.0 0.0 0.0 0.0 0.013813115 0.0 0.0 0.0 0.0 0.0 0.0 0.07869704 0.0 0.10214608 0.0 0.043291535 0.0 0.04781421 0.038774505 0.0047275284 0.0
0.0 0.012139261 0.0 0.047285087 0.072921276 0.0 0.0 0.03006135 0.0 0.0 0.011876343 0.06743411 0.0 0.0 0.06753617 0.0 0.09402658 0.15275998 0.0 0.0037492546 0.007993688 0.024803283 0.0 0.003667834 0.038852327 0.0 0.032017678 0.0 0.0 0.023805967 0.025933363 0.0 0.0 0.0 0.0 0.0 0.0 0.03228925 0.0 0.0 0.0 0.028621174 0.0 0.0 0.0 0.0 0.0041049956 0.0 0.06626914 0.039056066 0.0 0.0 0.096877865 0.0 0.0 0.0
0.005276742 0.0 0.0 0.007114516 0.0 0.0 0.0 0.0 0.0 0.12655088 0.038520552 0.0 0.0 0.05451765 0.01689648 0.0 0.0 0.0 0.024166724 0.0 0.0 0.0 0.09542354 0.10186987 0.0 0.0 0.0023912971 0.12860152 0.0 0.0 0.017056957 0.0 0.04168261 0.0 0.013356883 0.0 0.031719994 0.0057358188 0.044065576 0.04931327 0.0 0.0 0.0 0.0 0.053077765 0.0 0.0 0.0849549 0.0 0.0 0.0325926 0.044877574 0.0 0.009174889 0.05168647 0.0
0.0 0.0 0.00618271 0.0 0.0 0.0 0.030115332 0.0132556185 0.0 0.05265461 0.044203505 0.016590174 0.0 0.0 0.0 0.0280193 0.0 0.013769648 0.11624663 0.10411529 0.0 0.0036678342 0.10186987 0.08172102 0.0 0.011194155 0.0 0.0 0.0 0.08515214 0.0 0.0 0.018395316 0.0 0.005483855 0.003132208 0.017041152 0.0 0.05050747 0.0 0.0024601908 0.0 0.07420491 0.0 0.04744146 0.011297978 0.0 0.0 0.0 0.036601055 0.038852 0.029279375 0.0 0.0 0.0 0.0
0.0 0.039171208 0.081996866 0.0 0.0 0.00803956 0.0 0.0 0.0 0.0 0.0 0.035783485 0.0057709934 0.0 0.0 0.0 0.0 0.009696687 0.0 0.0 0.030522458 0.038852323 0.0 0.0 0.05827433 0.0 0.0 0.0 0.039916247 0.0 0.012207608 0.0 0.0 0.034313902 0.0026741445 0.01525967 0.015314719 0.02055708 0.0 0.0 0.0 0.15613993 0.0 0.0029558449 0.0 0.0 0.17173268 0.0 0.016585877 0.017928721 0.0 0.0 0.06079185 0.0 0.0 0.1612867
0.011607186 0.030459475 0.06418007 0.015588183 0.015006217 0.0 0.05469594 0.0 0.0 0.0064727035 0.041755967 0.038097903 0.033075884 0.0 0.024452275 0.015427912 0.013433042 0.032748412 0.07755774 0.042071886 0.0 0.0 0.0 0.011194154 0.0 0.0 0.0 0.047759008 0.053022604 0.0 0.0 0.07326122 0.0 0.029104022 0.0058335955 0.0 0.0 0.021303913 0.0 0.0 0.037570674 0.0 0.0848713 0.0 0.0044830684 0.037921175 0.01877163 0.0 0.0 0.0 0.0 0.004405504 0.0 0.032258537 0.0 0.045234542
0.0049387743 0.0 0.0 0.022441195 0.0014626144 0.007726359 0.0 0.0 0.0 0.032898776 0.05668593 0.0 0.0 0.0 0.0 0.0 0.0 0.023139754 0.08276861 0.0014415658 0.0 0.032017678 0.0023912971 0.0 0.0 0.0 0.05586729 0.0 0.0 0.0019046215 0.040955912 0.09679975 0.042667937 0.0 0.065707214 0.032330252 0.0 0.019511204 0.00055199536 0.0 0.015133455 0.0 0.0 0.044911552 0.0 0.010585082 0.015953582 0.04257732 0.014639019 0.047327925 0.0 0.0 0.027861746 0.0 0.11420297 0.0
0.0 0.0 0.0 0.0 0.0 0.0 0.0 0.0 0.0 0.0 0.017966544 0.020738374 0.20450945 0.13056467 0.0 0.0 0.0 0.0 0.023256669 0.06757729 0.0 0.0 0.12860152 0.0 0.0 0.047759008 0.0 0.0 0.0 0.006603386 0.0 0.0 0.0 0.0 0.0 0.0 0.0 0.010992345 0.0 0.0 0.0 0.0 0.09878374 0.0 0.0 0.0 0.0 0.0 0.0 0.0 0.03004343 0.029955551 0.0 0.0 0.03215217 0.0
0.0 0.0 0.1638535 0.022260442 0.08428616 0.011661299 0.013395074 0.0 0.098932594 0.0 0.005945839 0.16570409 0.0 0.0 0.054580137 0.0 0.0 0.00841307 0.0 0.0 0.0 0.0 0.0 0.0 0.039916247 0.05302261 0.0 0.0 0.0 0.0 0.0 0.0 0.0 0.0 0.0 0.0 0.0 0.022805935 0.0 0.0 0.0054132887 0.10514647 0.10058126 0.0 0.009929578 0.0 0.026483899 0.008147245 0.0 0.0 0.0021447777 0.0 0.0 0.038539916 0.0 0.0
0.0 0.077252746 0.0 0.019561214 0.0 0.0029550954 0.0 0.03679543 0.12714465 0.0 0.0 0.0 0.020751677 0.047337938 0.0 0.0 0.0 0.0041784053 0.0 0.0 0.0 0.023805968 0.0 0.08515214 0.0 0.0 0.0019046215 0.006603386 0.0 0.0 0.0 0.0 0.0 0.0 0.062170934 0.026349269 0.0 0.0 0.0 0.12364388 0.0047363425 0.0 0.0 0.0 0.0 0.0015522197 0.040781118 0.0 0.0 0.0 0.04035048 0.11022059 0.0 0.0 0.028769698 0.0
0.0 0.0 0.0 0.020062048 0.0 0.0 0.0 0.0 0.0 0.0 0.0 0.0 0.017110076 0.036574177 0.0 0.018549662 0.0 0.0 0.06722787 0.0 0.09549019 0.02593336 0.017056957 0.0 0.012207608 0.0 0.04095591 0.0 0.0 0.0 0.0 0.033242792 0.09818364 0.0063721607 0.0 0.041998826 0.0 0.010624739 0.03006883 0.055569343 0.0035244322 0.028035356 0.0 0.017073283 0.0 0.009276696 0.040970292 0.061312947 0.09002136 0.0 0.0 0.0 0.08118346 0.0 0.021653846 0.0
0.0070867185 0.0 0.0 0.0 0.0 0.0 0.0 0.0050893114 0.0 0.0 0.0 0.0 0.0 0.008615442 0.0 0.0 0.0 0.0 0.0 0.0014998025 0.0 0.0 0.0 0.0 0.0 0.07326122 0.096799746 0.0 0.0 0.0 0.033242792 0.0 0.026191987 0.0 0.0123921195 0.07006535 0.0 0.0 0.0 0.1909954 0.09618007 0.031218313 0.0393406 0.0 0.0 0.075003944 0.0 0.0022187436 0.0 0.0067176884 0.105041035 0.0 0.0 0.05419701 0.062239077 0.025614865
0.0 0.023382349 0.0 0.078460276 0.0 0.0 0.0 0.0 0.0 0.0 0.0 0.0 0.05538262 0.04013124 0.0 0.0 0.0 0.037284374 0.030811679 0.0 0.0 0.0 0.04168261 0.018395316 0.0 0.0 0.042667937 0.0 0.0 0.0 0.09818364 0.026191985 0.0 0.0 0.0 0.0 0.0 0.0 0.086883314 0.006606894 0.0 0.0 0.0 0.1209579 0.0 0.0 0.03017012 0.16358362 0.012534653 0.016772088 0.0 0.0 0.0 0.0028321731 0.0839322 0.0
0.0 0.060711604 0.0 0.022840166 0.06360391 0.0 0.02727868 0.056325335 0.02381859 0.0 0.0 0.0 0.13603024 0.0 0.0087514045 0.0 0.0 0.1031999 0.0 0.0870397 0.0 0.0 0.0 0.0 0.0343139 0.029104022 0.0 0.0 0.0 0.0 0.006372161 0.0 0.0 0.0056593847 0.0011014409 0.019666295 0.0 0.0 0.0 0.0 0.0 0.049493715 0.06326539 0.0074985097 0.0 0.0 0.0 0.0 0.0 0.0 0.0 0.0 0.0 0.0 0.0 0.0
0.0 0.0 0.021223996 0.0 0.09877 0.0 0.008113492 0.008985442 0.0 0.0 0.065589845 0.040970683 0.0046477094 0.0 0.022513203 0.02266038 0.0063149636 0.07412182 0.0 0.04746504 0.0 0.0 0.013356883 0.0054838555 0.0026741445 0.0058335955 0.065707214 0.0 0.0 0.06217093 0.0 0.0123921195 0.0 0.0011014408 0.0012006606 0.0 0.0 0.05984831 0.124561384 0.0 0.0 0.0 0.09430818 0.0 0.018767133 0.10459933 0.0 0.0 0.0 0.0 0.018197691 0.012784309 0.0 0.0 0.0 0.0
0.0 0.0131286625 0.0 0.0 0.007799557 0.034994386 0.0 0.0 0.20084427 0.0 0.0 0.0 0.047541924 0.0 0.0 0.0 0.0 0.0 0.015560756 0.04259506 0.0 0.0 0.0 0.0031322083 0.01525967 0.0 0.032330252 0.0 0.0 0.026349267 0.041998826 0.07006535 0.0 0.019666295 0.0 0.13658626 0.0 0.0 0.0 0.07272839 0.02531146 0.028653584 0.10831685 0.0 0.0 0.0 0.0 0.0 0.016080033 0.0 0.01296732 0.0 0.0 0.03067343 0.0 0.0
0.0 0.0 0.0 0.085947625 0.2258156 0.0036904474 0.0 0.010518621 0.033812456 0.0 0.009723833 0.027276844 0.035756547 0.04830837 0.09793285 0.0334865 0.004335895 0.0 0.0 0.0 0.0 0.0 0.031719994 0.017041152 0.01531472 0.0 0.0 0.0 0.0 0.0 0.0 0.0 0.0 0.0 0.0 0.0 0.0 0.045606375 0.055715706 0.0072212787 0.0 0.0 0.0 0.040462922 0.0 0.05742438 0.050919916 0.005144279 0.0 0.0 0.022156373 0.0 0.0 0.0 0.0 0.0
0.050901216 0.0 0.0075769816 0.0 0.0 0.0 0.039981656 0.10315778 0.0 0.045915302 0.0 0.0 0.0 0.059714515 0.0 0.010714885 0.0 0.0 0.0 0.0 0.0 0.03228925 0.0057358188 0.0 0.02055708 0.02130391 0.019511206 0.010992345 0.022805935 0.0 0.010624739 0.0 0.0 0.0 0.059848312 0.0 0.04560638 0.0 0.0 0.05623748 0.036399666 0.0 0.0 0.022925928 0.05024851 0.01636865 0.0 0.030363912 0.0 0.049216613 0.0 0.028523909 0.0 0.0 0.04878003 0.10008638
0.043023646 0.0 0.0033803463 0.028565945 0.021966496 0.0 0.0 0.019992847 0.0069870786 0.123384915 0.015177597 0.0 0.0 0.0030617043 0.0 0.034305047 0.0 0.030785963 0.0 0.0038764356 0.0 0.0 0.044065576 0.050507475 0.0 0.0 0.0005519954 0.0 0.0 0.0 0.03006883 0.0 0.086883314 0.0 0.1245614 0.0 0.055715706 0.0 0.0 0.0 0.0 0.0 0.0 0.03758854 0.17982464 0.0 0.0 0.106549814 0.0 0.0 0.018699473 0.03236511 0.0 0.0 0.026354833 0.0
0.0 0.032453988 0.0 0.0 0.033129513 0.14706346 0.0363005 0.0 0.029408159 0.0 0.0 0.0 0.0 0.0 0.0 0.0 0.0 0.013018364 0.0070825457 0.08177401 0.013813115 0.0 0.04931327 0.0 0.0 0.0 0.0 0.0 0.0 0.12364388 0.055569343 0.1909954 0.006606894 0.0 0.0 0.07272839 0.007221279 0.056237478 0.0 0.0 0.0 0.011047398 0.0026984909 0.0 0.0 0.07277908 0.0 0.0 0.0 0.0 0.0 0.0 0.0 0.017485065 0.0 0.0
0.0 0.21681583 0.008373154 0.0 0.0 0.013633544 0.056737084 0.009277584 0.04428592 0.0 0.026063414 0.0 0.07909087 0.0 0.09920861 0.005579825 0.0 0.0 0.0 0.04811363 0.0 0.0 0.0 0.0024601908 0.0 0.037570674 0.015133455 0.0 0.0054132887 0.0047363425 0.0035244322 0.09618007 0.0 0.0 0.0 0.025311459 0.0 0.036399666 0.0 0.0 0.0743788 0.033686295 0.056169536 0.0 0.0 0.030356476 0.02303956 0.0 0.0 0.0 0.0 0.0 0.0 0.063181005 0.0 0.0
0.0 0.0 0.059148338 0.0 0.0 0.023135118 0.0 0.08304008 0.10115225 0.0 0.0 0.008992963 0.0 0.0 0.0 0.0 0.013986841 0.0 0.0 0.0 0.0 0.028621174 0.0 0.0 0.15613993 0.0 0.0 0.0 0.105146475 0.0 0.028035358 0.031218313 0.0 0.04949371 0.0 0.028653584 0.0 0.0 0.0 0.011047398 0.033686295 0.0 0.04334596 0.0 0.0 0.016947174 0.0 0.0 0.0 0.0 0.0 0.0 0.014703626 0.0 0.0 0.0131425755
0.0029975232 0.008620536 0.0 0.0 0.0 0.0 0.0 0.09551631 0.037950557 0.0050007496 0.0 0.0 0.0 0.0 0.0 0.0 0.0 0.0 0.008778437 0.0 0.0 0.0 0.0 0.07420491 0.0 0.08487131 0.0 0.09878373 0.100581266 0.0 0.0 0.0393406 0.0 0.06326539 0.09430819 0.10831685 0.0 0.0 0.0 0.0026984909 0.056169536 0.043345965 0.0 0.0 0.0 0.0 0.0 0.0 0.0 0.0 0.0 0.07914021 0.0 0.071416035 0.0 0.0
0.09846685 0.0 0.0039379993 0.0 0.0 0.062768325 0.0 0.0 0.0 0.0327427 0.0 0.0 0.0 0.0 0.0 0.027273685 0.011899682 0.042880937 0.0 0.014999565 0.0 0.0 0.0 0.0 0.0029558449 0.0 0.044911556 0.0 0.0 0.0 0.017073281 0.0 0.120957896 0.0074985097 0.0 0.0 0.04046292 0.022925928 0.03758854 0.0 0.0 0.0 0.0 0.0 0.114087395 0.021079427 0.0 0.0 0.051001087 0.050909717 0.008899364 0.03878287 0.013896802 0.0 0.050816916 0.0
0.05088087 0.0 0.0 0.045924306 0.023637636 0.0 0.0 0.092064016 0.0 0.0 0.025740301 0.0 0.0269258 0.036873993 0.09868567 0.0 0.048427835 0.001961107 0.0 0.0 0.0 0.0 0.05307777 0.04744146 0.0 0.004483068 0.0 0.0 0.009929579 0.0 0.0 0.0 0.0 0.0 0.018767133 0.0 0.0 0.05024851 0.17982462 0.0 0.0 0.0 0.0 0.1140874 0.034894787 0.0 0.0 0.011192742 0.0 0.033687893 0.0 0.04779105 0.0 0.0 0.0 0.0
0.0198428 0.0 0.0 0.0 0.03474724 0.0 0.03149685 0.14379014 0.0 0.0042396435 0.02499667 0.0 0.04651136 0.0 0.0 0.0 0.0 0.007912745 0.0 0.00103194 0.0 0.0 0.0 0.011297978 0.0 0.03792118 0.010585081 0.0 0.0 0.0015522197 0.009276695 0.075003944 0.0 0.0 0.104599334 0.0 0.05742438 0.01636865 0.0 0.07277908 0.030356478 0.016947174 0.0 0.021079428 0.0 0.026882619 0.045597557 0.01292981 0.0 0.021262486 0.0 0.076665126 0.0 0.017338485 0.0 0.0059665414
0.0691561 0.0 0.0 0.0 0.0 0.0 0.0 0.012849744 0.013166624 0.011393268 0.0 0.06424003 0.0 0.0 0.0 0.0 0.055664077 0.017322516 0.0 0.0 0.07869705 0.0041049956 0.0 0.0 0.17173268 0.018771632 0.015953582 0.0 0.026483899 0.040781114 0.040970292 0.0 0.03017012 0.0 0.0 0.0 0.050919916 0.0 0.0 0.0 0.02303956 0.0 0.0 0.0 0.0 0.04559756 0.0 0.0 0.0 0.017096082 0.04077224 0.0 0.011779875 0.0 0.026058752 0.0
0.0 0.0038063382 0.0 0.04723651 0.01664511 0.032457147 0.0 0.0 0.0 0.0 0.07868102 0.0 0.0 0.009679053 0.0204979 0.0 0.0 0.024618024 0.03985403 0.0 0.0 0.0 0.0849549 0.0 0.0 0.0 0.04257732 0.0 0.008147245 0.0 0.06131295 0.0022187438 0.16358362 0.0 0.0 0.0 0.005144279 0.030363914 0.106549814 0.0 0.0 0.0 0.0 0.0 0.011192742 0.012929809 0.0 0.038586453 0.020733709 0.021448711 0.021370567 0.0 0.0 0.0 0.014638339 0.0
0.0 0.0 0.027634135 0.039726354 0.018877216 0.04902058 0.0 0.0 0.0 0.0 0.0 0.0 0.030479737 0.030366322 0.0 0.009429026 0.13609923 0.010740332 0.010689825 0.075951524 0.10214608 0.06626913 0.0 0.0 0.016585875 0.0 0.014639019 0.0 0.0 0.0 0.09002135 0.0 0.012534652 0.0 0.0 0.016080033 0.0 0.0 0.0 0.0 0.0 0.0 0.0 0.051001083 0.0 0.0 0.0 0.020733709 0.111010075 0.050646476 0.015763232 0.0 0.12054236 0.0 0.03337826 0.0
0.0 0.0 0.0 0.09009991 0.056121282 0.0 0.0 0.0065679993 0.0 0.0 0.08174434 0.0 0.013481205 0.0 0.034410052 0.0 0.042319898 0.124830626 0.0 0.023176871 0.0 0.039056066 0.0 0.036601055 0.017928721 0.0 0.04732793 0.0 0.0 0.0 0.0 0.0067176884 0.01677209 0.0 0.0 0.0 0.0 0.049216613 0.0 0.0 0.0 0.0 0.0 0.050909713 0.033687893 0.021262484 0.017096082 0.021448713 0.05064648 0.054339677 0.02344341 0.0 0.08674136 0.0 0.0041746744 0.0
0.0 0.030241251 0.07363568 0.0 0.0 0.038017258 0.10248903 0.0 0.0 0.04559088 0.017059669 0.0020911547 0.0 0.0 0.009412088 0.0 0.011135759 0.0 0.18535012 0.0045682164 0.043291535 0.0 0.0325926 0.038852002 0.0 0.0 0.0 0.030043432 0.0021447777 0.040350474 0.0 0.10504104 0.0 0.0 0.01819769 0.01296732 0.022156375 0.0 0.01869947 0.0 0.0 0.0 0.0 0.008899364 0.0 0.0 0.040772244 0.021370567 0.015763232 0.02344341 0.0 0.0 0.11412769 0.032357268 0.023158673 0.014921255
0.0 0.15448754 0.049172092 0.0043379967 0.0 0.01951935 0.17942049 0.0 0.0 0.0 0.04568061 0.07182448 0.0 0.0 0.04807234 0.036752477 0.012404164 0.0 0.0 0.03487834 0.0 0.0 0.044877574 0.029279375 0.0 0.004405504 0.0 0.029955551 0.0 0.11022059 0.0 0.0 0.0 0.0 0.012784309 0.0 0.0 0.028523905 0.03236511 0.0 0.0 0.0 0.079140216 0.03878287 0.04779105 0.07666513 0.0 0.0 0.0 0.0 0.0 0.0 0.0 0.037282698 0.0 0.0
0.009314156 0.0 0.0 0.036408525 0.0 0.01765135 0.0 0.0 0.011567832 0.0 0.0 0.013736451 0.0 0.037124638 0.0 0.0 0.026122253 0.0 0.0 0.0 0.047814205 0.096877865 0.0 0.0 0.06079185 0.0 0.027861744 0.0 0.0 0.0 0.08118346 0.0 0.0 0.0 0.0 0.0 0.0 0.0 0.0 0.0 0.0 0.014703626 0.0 0.0138968015 0.0 0.0 0.011779875 0.0 0.12054236 0.08674136 0.11412769 0.0 0.0 0.0 0.0018731188 0.0
0.02115277 0.0 0.0 0.0 0.0 0.0 0.0 0.005941248 0.021948896 0.0 0.0 0.0 0.015044623 0.0 0.0 0.0788492 0.0 0.0 0.024900526 0.07133036 0.0387745 0.0 0.009174889 0.0 0.0 0.032258537 0.0 0.0 0.038539913 0.0 0.0 0.05419701 0.0028321731 0.0 0.0 0.030673431 0.0 0.0 0.0 0.017485065 0.063181005 0.0 0.071416035 0.0 0.0 0.017338485 0.0 0.0 0.0 0.0 0.032357268 0.037282694 0.0 0.20121577 0.0 0.048813604
0.0 0.05951641 0.010927046 0.02176431 0.037993252 0.023238987 0.009958689 0.0 0.0 0.0 0.1585242 0.0047288444 0.0 0.0015777615 0.03440203 0.072888784 0.0 0.06928919 0.05087556 0.04747264 0.0047275284 0.0 0.05168647 0.0 0.0 0.0 0.11420296 0.03215217 0.0 0.028769698 0.021653846 0.06223907 0.0839322 0.0 0.0 0.0 0.0 0.048780035 0.026354833 0.0 0.0 0.0 0.0 0.050816916 0.0 0.0 0.026058752 0.014638338 0.03337826 0.0041746744 0.023158673 0.0 0.0018731188 0.0 0.0071065384 0.0
0.0 0.0 0.1458983 0.0 0.056619637 0.041915815 0.043260783 0.0 0.08529319 0.0 0.0 0.0 0.0 0.0 0.0 0.0 0.02056691 0.12313562 0.0 0.0 0.0 0.0 0.0 0.0 0.16128671 0.045234546 0.0 0.0 0.0 0.0 0.0 0.025614865 0.0 0.0 0.0 0.0 0.0 0.100086376 0.0 0.0 0.0 0.0131425755 0.0 0.0 0.0 0.0059665414 0.0 0.0 0.0 0.0 0.014921255 0.0 0.0 0.048813604 0.0 0.022170652
