0.0 0.0 0.0 0.0 0.0 0.0 0.006979416 0.08422666 0.0019338027 0.0 0.0 0.0 0.0 0.050532013 0.0 0.0 0.011162571 0.0 0.0 0.008847889 0.012545841 0.05631563 0.0 0.02438455 0.02700209 0.018598367 0.0443443 0.11930644 0.0 0.0152848475 0.0 0.0 0.03531684 0.041221987 0.08816927 0.0 0.03837013 0.0 0.0 0.0 0.024522785 0.014367357 0.0 0.016922567 0.066316016 0.0 0.029752346 0.0 0.07425154 0.0 0.0 0.041062843 0.025291527 0.032937776 0.07817632 0.05114717
0.0 0.048884667 0.022081736 0.013533244 0.0 0.0927762 0.056027718 0.018074496 0.0 0.0 0.0 0.025105953 0.020390956 0.06399415 0.024883104 0.017535143 0.00864799 0.007586721 0.05715124 0.0 0.10786906 0.0 0.026916621 0.0 0.009337478 0.0 0.0 0.0 0.0 0.052345917 0.0 0.067078926 0.0 0.0043122526 0.0 0.0 0.0 0.023252193 0.0 0.065807775 0.0 0.0752178 0.0 0.042885244 0.0 0.0 0.0 0.0 0.048597857 0.0 0.028947268 0.0053586112 0.027036093 0.014262693 0.0 0.0
0.0 0.022081738 0.0 0.06830408 0.0 0.0 0.022119319 0.009797448 0.0 0.0 0.0 0.006547905 0.0 0.14335449 0.027716769 0.02945148 0.0078047514 0.0 0.02638381 0.0 0.008565307 0.0 0.019581037 0.02174553 0.0 0.07645188 0.0 0.018104043 0.0 0.0 0.0 0.029826526 0.0 0.013638586 0.0 0.0 0.0 0.0027637843 0.0048667123 0.0049042176 0.05874463 0.044248205 0.0 0.0 0.0 0.0 0.0 0.03497946 0.0 0.0 0.060973797 0.0 0.0 0.14598487 0.032113083 0.0
0.0 0.013533244 0.068304084 0.0 0.07063138 0.0 0.037161853 0.0076858937 0.0 0.0 0.0816303 0.0 0.0 0.031928934 0.047535412 0.051327676 0.0 0.0 0.034147836 0.0 0.0 0.0 0.027056025 0.0 0.0 0.0 0.045862604 0.0 0.0 0.0 0.035375424 0.014057113 0.0 0.009870957 0.0 0.0 0.0 0.008743262 0.043413006 0.031876385 0.06699176 0.0 0.0 0.026768196 0.0 0.12828779 0.0 0.0 0.0 0.0 0.0 0.0 0.0 0.0 0.0 0.0
0.0 0.0 0.0 0.07063138 0.0 0.01565144 0.0 0.0 0.0 0.0 0.0 0.0 0.0 0.0043064626 0.0074354736 0.10300518 0.0 0.0 0.0 0.013661724 0.017749002 0.0 0.10091241 0.09750512 0.0 0.0 0.047721986 0.0 0.0 0.0 0.05919451 0.0 0.082228005 0.0 0.0 0.0 0.0 0.0027276764 0.060414057 0.0 0.0 0.0017979668 0.0021620323 0.0015826386 0.010277408 0.0 0.0 0.0732709 0.0 0.0 0.09372993 0.0 0.0 0.0 0.024025984 0.0
0.0 0.0927762 0.0 0.0 0.01565144 0.0 0.031109998 0.017064823 0.008879731 0.0 0.0 0.0 0.0 0.057799593 0.0 0.0 0.06894204 0.0 0.0 0.0 0.0 0.0 0.0 0.0 0.09690726 0.0 0.0 0.0 0.0 0.008706374 0.0 0.045877315 0.0 0.0 0.03724399 0.06896856 0.0 0.0 0.0 0.055057164 0.097428754 0.008112447 0.05057597 0.019985348 0.0 0.0 0.034132294 0.0 0.0 0.03990618 0.0 0.0 0.0066344272 0.030193374 0.0 0.018717263
0.006979416 0.05602772 0.022119319 0.037161853 0.0 0.031109996 0.0 0.0 0.010448458 0.014802971 0.0 0.038074482 0.0 0.0 0.030652968 0.016387435 0.0 0.043651823 0.0 0.08370956 0.0 0.0 0.0 0.0 0.0 0.0 0.0 0.01516911 0.0 0.0 0.0 0.096465096 0.060698073 0.0 0.0 0.0 0.0 0.15381475 0.008725159 0.0 0.0 0.0 0.0 0.0 0.008505915 0.0 0.0 0.029336805 0.025152816 0.013555801 0.017831739 0.0 0.07183484 0.0074269054 0.0 0.0
0.08422666 0.018074494 0.009797448 0.0076858937 0.0 0.017064823 0.0 0.07578414 0.004199287 0.08945842 0.050319202 0.021126917 0.009953331 0.0 0.11649205 0.0 0.0 0.050130937 0.0 0.0 0.020881938 0.03402212 0.0 0.020547487 0.0 0.0 0.0 0.008748825 0.04057667 0.0 0.0 0.0 0.019840535 0.0034614545 0.06481622 0.0 0.009858088 0.0 0.0 0.012366959 0.0 0.0 0.003503949 0.0 0.09115295 0.0 0.020579455 0.0 0.06978581 0.0 0.0 0.12823322 0.0 0.0 0.0170043 0.0
0.0019338027 0.0 0.0 0.0 0.0 0.0088797305 0.010448459 0.004199287 0.0 0.0 0.0 0.029717226 0.03226533 0.0939148 0.010967655 0.09336046 0.0 0.0 0.0 0.0 0.0 0.0 0.041278265 0.0 0.0 0.04484201 0.1224072 0.0 0.010341246 0.0 0.0 0.0 0.037302624 0.0 0.013934961 0.0 0.0 0.0 0.08055929 0.10051477 0.0 0.0 0.0 0.030301638 0.044747796 0.0 0.0 0.0048807687 0.0 0.03759052 0.07773905 0.03446641 0.0 0.0 0.0071408977 0.0
0.0 0.0 0.0 0.0 0.0 0.0 0.014802971 0.08945842 0.0 0.0024010246 0.0 0.0838403 0.0174455 0.0072039445 0.0 0.0 0.0 0.0 0.0 0.022465633 0.0 0.084519185 0.0 0.027886074 0.015004654 0.043121524 0.0 0.08285513 0.0 0.015204737 0.0 0.0 0.026673513 0.032082163 0.067815885 0.0 0.0 0.0 0.0 0.07183725 0.026156507 0.0 0.02067613 0.108783804 0.0 0.0 0.0 0.0 0.0063745226 0.0 0.0 0.0 0.031658616 0.0 0.06828806 0.16596141
0.0 0.0 0.0 0.0816303 0.0 0.0 0.0 0.0503192 0.0 0.0 0.0 0.0 0.0027743245 0.010106067 0.041378964 0.0025768648 0.0 0.0 0.0 0.050296035 0.03166099 0.0 0.0857236 0.043007523 0.0 0.008276773 0.14283036 0.0 0.0 0.0 0.0 0.0 0.027456319 0.0 0.0 0.0 0.0 0.0 0.0 0.04631378 0.0 0.0 0.0 0.037309606 0.0 0.025801636 0.0 0.028743662 0.0 0.0 0.12329964 0.015557358 0.0 0.0 0.06956445 0.0
0.0 0.025105953 0.006547905 0.0 0.0 0.0 0.038074482 0.021126917 0.029717227 0.0838403 0.0 0.0 0.0 0.03752533 0.0 0.0 0.0 0.0 0.017839944 0.0 0.0 0.03747805 0.011273729 0.017525434 0.022168782 0.04764751 0.0 0.0 0.04588566 0.0 0.0 0.0 0.0 0.018681336 0.035834674 0.16284361 0.0 0.0 0.014794968 0.0 0.00027136947 0.017099692 0.011083755 0.0 0.021623237 0.0 0.024948368 0.06268664 0.0 0.009962351 0.0 0.0 0.0 0.0 0.009705517 0.0
0.0 0.020390958 0.0 0.0 0.0 0.0 0.0 0.00995333 0.03226533 0.0174455 0.0027743245 0.0 0.08765677 0.045079935 0.0036840888 0.012237963 0.010799063 0.035765253 0.0 0.0 0.0 0.0 0.008194132 0.0148744285 0.0 0.0 0.025986832 0.044347055 0.0078091677 0.0 0.0 0.0 0.0 0.004815833 0.028397914 0.07007626 0.0 0.05062644 0.0 0.10645918 0.0 0.0 0.0 0.003945343 0.0 0.0 0.0 0.0 0.0 0.0 0.052385245 0.06258138 0.0 0.080329 0.004582963 0.0
0.05053201 0.06399415 0.1433545 0.031928934 0.0043064626 0.057799593 0.0 0.0 0.0939148 0.007203945 0.010106066 0.03752533 0.04507993 0.022200704 0.0 0.013277275 0.0004770534 0.0283078 0.06601701 0.0 0.01693655 0.020511936 0.0 0.0 0.0 0.0 0.0 0.027988 0.0 0.030631628 0.0 0.0 0.0 0.07876867 0.0 0.0 0.015262848 0.07849492 0.011864449 0.019759677 0.0 0.13077138 0.0 0.0032999616 0.0 0.0 0.014914911 0.0 0.016121535 0.0 0.0 0.013105528 0.0 0.004006109 0.0 0.0
0.0 0.024883104 0.027716769 0.047535412 0.0074354736 0.0 0.030652968 0.11649205 0.010967654 0.0 0.041378964 0.0 0.0036840888 0.0 0.0 0.0 0.0 0.0 0.016152522 0.018252797 0.0 0.0 0.064828224 0.09039511 0.0 0.0 0.008124774 0.012965987 0.0 0.0 0.0 0.045789238 0.019684635 0.0 0.041485634 0.0 0.053135183 0.024707858 0.0 0.027964057 0.0025767297 0.0 0.02296074 0.05355751 0.007534574 0.0318899 0.006252863 0.04144174 0.009519184 0.0 0.019765615 0.010686036 0.0 0.0 0.0858671 0.0013761935
0.0 0.017535144 0.02945148 0.051327676 0.103005186 0.0 0.016387433 0.0 0.09336046 0.0 0.0025768646 0.0 0.012237962 0.013277275 0.0 0.0 0.07637997 0.0 0.02470859 0.0 0.0 0.0 0.0 0.0 0.07559027 0.0 0.0 0.004230992 0.0 0.07655134 0.03753084 0.08150201 0.0 0.0333606 0.0 0.0 0.0 0.010726836 0.02298288 0.036820948 0.0 0.060782705 0.09884464 0.04368858 0.0 0.0 0.10678296 0.0026033532 0.020278798 0.0 0.0 0.0 0.06907823 0.006177841 0.0 0.008811435
0.011162571 0.00864799 0.0078047514 0.0 0.0 0.06894203 0.0 0.0 0.0 0.0 0.0 0.0 0.010799063 0.0004770534 0.0 0.07637997 0.0107387155 0.0 0.0 0.0075232666 0.021671554 0.030463452 0.09049517 0.05396025 0.015342493 0.0782653 0.0 0.04317393 0.0 0.06841751 0.017096626 0.0 0.021664053 0.0 0.0 0.0 0.0 0.011251981 0.02477704 0.0 0.0 0.0 0.0 0.0037612615 0.031757027 0.0035010485 0.0 0.043221366 0.0 0.12813662 0.041389257 0.0 0.042417094 0.0009290853 0.010228107 0.0
0.0 0.0075867204 0.0 0.0 0.0 0.0 0.043651827 0.050130937 0.0 0.0 0.0 0.0 0.035765253 0.028307801 0.0 0.0 0.0 0.0 0.0 0.0 0.0 0.0 0.0 0.10276477 0.0 0.051796373 0.003624919 0.013084762 0.0 0.0 0.002785014 0.0 0.0 0.01119914 0.02540098 0.11087086 0.0 0.0 0.0 0.057331868 0.053075183 0.018199561 0.0 0.007133351 0.0 0.022792635 0.013914578 0.005393923 0.0 0.0 0.0 0.017618166 0.0089540435 0.116816185 0.0 0.10835323
0.0 0.05715124 0.02638381 0.034147836 0.0 0.0 0.0 0.0 0.0 0.0 0.0 0.017839944 0.0 0.066017 0.016152522 0.02470859 0.0 0.0 0.031410623 0.0 0.03438958 0.0 0.039017573 0.0072071096 0.03138828 0.03657106 0.0 0.0 0.0053795236 0.0106302565 0.0 0.04693268 0.0 0.0 0.066906154 0.02049322 0.00027640874 0.04280084 0.01636233 0.11380286 0.034883335 0.017359974 0.0 0.0 0.0 0.019855306 0.02218694 0.0 0.0 0.030162044 0.0 0.01125731 0.03969877 0.0 0.0 0.0
0.0088478895 0.0 0.0 0.0 0.013661724 0.0 0.08370956 0.0 0.0 0.022465633 0.050296035 0.0 0.0 0.0 0.0182528 0.0 0.007523266 0.0 0.0 0.117560185 0.0 0.04164884 0.026546218 0.052792583 0.0 0.055218335 0.010318754 0.0 0.0 0.0 0.067461625 0.0 0.06283897 0.0 0.0 0.0 0.013991659 0.0 0.012953352 0.0 0.02794144 0.0 0.018516192 0.010746003 0.043152723 0.0 0.0 0.030064138 0.0492693 0.0 0.004506699 0.0061083473 0.0108653465 0.0011916484 0.01511797 0.016606644
0.012545841 0.10786907 0.008565308 0.0 0.017749002 0.0 0.0 0.020881936 0.0 0.0 0.03166099 0.0 0.0 0.016936552 0.0 0.0 0.021671556 0.0 0.034389585 0.0 0.15319134 0.0 0.0 0.005592013 0.0 0.0 0.0 0.0 0.0 0.010481509 0.0023454754 0.0 0.0 0.031055816 0.0 0.105139114 0.0 0.007912691 0.0 0.0055099814 0.033142626 0.0 0.0 0.03174072 0.0 0.014882366 0.0 0.022289038 0.0 0.039632786 0.0 0.0022296915 0.0 0.11560256 0.0 0.0
0.056315634 0.0 0.0 0.0 0.0 0.0 0.0 0.03402212 0.0 0.08451919 0.0 0.037478052 0.0 0.020511936 0.0 0.0 0.03046345 0.0 0.0 0.041648835 0.0 0.0 0.005861293 0.0 0.0 0.017615188 0.0 0.0 0.0 0.0070847003 0.0 0.0 0.06270135 0.10825711 0.011925573 0.0 0.006366646 0.019096067 0.0 0.036881335 0.027960345 0.004734772 0.0 0.0 0.10649359 0.0 0.0 0.051020134 0.0 0.057060305 0.0 0.0 0.0 0.010567667 0.052397083 0.04980518
0.0 0.02691662 0.019581037 0.027056023 0.10091241 0.0 0.0 0.0 0.041278265 0.0 0.0857236 0.01127373 0.008194132 0.0 0.064828224 0.0 0.09049517 0.0 0.039017573 0.026546218 0.0 0.005861293 0.0 0.0 0.058391888 0.0 0.0050790333 0.027569838 0.0 0.0 0.0 0.015663145 0.016232722 0.022776116 0.0 0.0064567793 0.0 0.0064924387 0.037660364 0.0 0.012374102 0.007189582 0.07255151 0.0647087 0.0 0.03348432 0.1563665 0.0 0.088952266 0.002409519 0.0 0.0 0.0027174447 0.0 0.0 0.0
0.02438455 0.0 0.02174553 0.0 0.09750512 0.0 0.0 0.020547485 0.0 0.027886072 0.043007523 0.017525434 0.014874428 0.0 0.09039511 0.0 0.053960245 0.10276477 0.0072071096 0.052792586 0.005592013 0.0 0.0 0.0 0.0 0.0 0.045030177 0.0 0.0 0.00237658 0.0 0.0 0.07440578 0.009289033 0.039271265 0.0 0.0 0.0 0.040072262 0.0 0.0 0.0 0.03306359 0.024337282 0.0040920475 0.18930693 0.0 0.0 0.026921052 0.0 0.0 0.0 0.0 0.0 0.01960367 0.0
0.02700209 0.009337477 0.0 0.0 0.0 0.096907265 0.0 0.0 0.0 0.0150046535 0.0 0.022168782 0.0 0.0 0.0 0.07559027 0.015342493 0.0 0.03138828 0.0 0.0 0.0 0.058391888 0.0 0.0 0.0 0.0088576535 0.0 0.0 0.0052497396 0.07501119 0.029107608 0.012875387 0.0 0.0 0.0 0.0 0.015192407 0.011864796 0.0 0.0 0.0 0.0 0.0 0.054014873 0.0 0.0 0.12473568 0.0 0.1958392 0.052605018 0.0 0.0 0.037390895 0.0 0.0
0.018598365 0.0 0.076451875 0.0 0.0 0.0 0.0 0.0 0.04484201 0.04312152 0.008276772 0.04764751 0.0 0.0 0.0 0.0 0.0782653 0.051796373 0.03657106 0.055218335 0.0 0.017615188 0.0 0.0 0.0 0.0 0.0 0.034080584 0.08993902 0.01859394 0.0 0.0 0.0 0.035812385 0.032044616 0.0 0.10664555 0.0031292725 0.035315752 0.0 0.0 0.0 0.0019006626 0.0 0.0 0.0 0.00696238 0.0 0.037203234 0.01661117 0.0 0.0 0.039302237 0.0 0.0 0.0
0.0443443 0.0 0.0 0.045862604 0.047721986 0.0 0.0 0.0 0.122407205 0.0 0.14283036 0.0 0.025986832 0.0 0.008124774 0.0 0.0 0.003624919 0.0 0.010318754 0.0 0.0 0.0050790333 0.045030177 0.0088576535 0.0 0.0 0.0 0.0 0.040630072 0.028166786 0.061471898 0.009485091 0.021709744 0.013284942 0.04098514 0.0 0.011540468 0.00072802074 0.022698617 0.061857548 0.0 0.11850401 0.0 0.0 0.020986315 0.036306467 0.015491984 0.0 0.0 0.033282857 0.028401092 0.0 0.0 0.04418115 0.0
0.11930644 0.0 0.018104041 0.0 0.0 0.0 0.015169109 0.008748825 0.0 0.082855135 0.0 0.0 0.044347055 0.027988 0.012965987 0.004230992 0.043173935 0.013084762 0.0 0.0 0.0 0.0 0.027569838 0.0 0.0 0.034080584 0.0 0.04275945 0.0 0.0 0.0 0.0 0.019371847 0.028017681 0.050569057 0.0 0.11403516 0.0 0.073251136 0.00408305 0.020633548 0.03463537 0.013467849 0.009407593 0.050567817 0.0 0.0 0.0 0.0 0.0 0.0075906906 0.039775513 0.0 0.0 0.020795247 0.027063323
0.0 0.0 0.0 0.0 0.0 0.0 0.0 0.04057667 0.010341247 0.0 0.0 0.045885663 0.0078091673 0.0 0.0 0.0 0.0 0.0 0.005379524 0.0 0.0 0.0 0.0 0.0 0.0 0.08993901 0.0 0.0 0.4608382 0.0 0.0 0.0 0.0 0.03982221 0.0 0.0 0.0 0.0 0.0 0.0 0.0 0.059426665 0.0 0.0 0.022875028 0.0 0.0 0.0 0.0 0.0 0.00945111 0.0 0.0 0.0 0.0 0.06402427
0.015284848 0.052345917 0.0 0.0 0.0 0.008706374 0.0 0.0 0.0 0.015204738 0.0 0.0 0.0 0.030631624 0.0 0.07655134 0.06841751 0.0 0.0106302565 0.0 0.010481509 0.0070847003 0.0 0.0023765801 0.005249739 0.01859394 0.040630072 0.0 0.0 0.100386955 0.028943202 0.02022523 0.048326418 0.024248991 0.0 0.0 0.0 0.024762975 0.026299065 0.0 0.001477462 0.0100458665 0.0 0.0 0.0 0.0 0.008888371 0.11208095 0.0 0.0 0.0 0.0 0.030246265 0.01705501 0.0 0.0
0.0 0.0 0.0 0.035375424 0.059194513 0.0 0.0 0.0 0.0 0.0 0.0 0.0 0.0 0.0 0.0 0.03753084 0.017096626 0.002785014 0.0 0.06746163 0.0023454754 0.0 0.0 0.0 0.07501118 0.0 0.028166786 0.0 0.0 0.0289432 0.15338829 0.0 0.11159484 0.0 0.0 0.0 0.0 0.0 0.07159593 0.0 0.0 0.0 0.09523411 0.054080486 0.0 0.0025774925 0.0 0.025697919 0.005367972 0.0 0.01158259 0.0 0.0 0.0076887957 0.023240397 0.0
0.0 0.067078926 0.029826524 0.014057113 0.0 0.04587731 0.096465096 0.0 0.0 0.0 0.0 0.0 0.0 0.0 0.045789234 0.08150202 0.0 0.0 0.04693268 0.0 0.0 0.0 0.015663143 0.0 0.02910761 0.0 0.0614719 0.0 0.0 0.02022523 0.0 0.06976972 0.005703732 0.0 0.0 0.0 0.0 0.036533967 0.06272848 0.0 0.0 0.046696294 0.0074745994 0.066302046 0.0024691497 0.06320784 0.0 0.020152926 0.0 0.0 0.0 0.0 0.0 0.0 0.0 0.0
0.03531684 0.0 0.0 0.0 0.082228005 0.0 0.06069807 0.019840535 0.037302624 0.02667351 0.02745632 0.0 0.0 0.0 0.019684637 0.0 0.021664053 0.0 0.0 0.06283897 0.0 0.06270135 0.01623272 0.07440579 0.0128753865 0.0 0.009485091 0.019371847 0.0 0.048326418 0.11159483 0.0057037314 0.07742953 0.00069082394 0.0 0.0529938 0.031655855 0.017436357 0.006375371 0.0 0.0 0.0 0.015501782 0.0031780936 0.0 0.022077119 0.054938864 0.041435704 0.0 0.004594935 0.0 0.0 0.0036704503 0.0104143545 0.010699105 0.0
0.04122199 0.0043122526 0.013638587 0.009870956 0.0 0.0 0.0 0.0034614545 0.0 0.032082163 0.0 0.018681336 0.004815833 0.07876868 0.0 0.0333606 0.0 0.01119914 0.0 0.0 0.031055817 0.108257115 0.022776116 0.009289033 0.0 0.035812385 0.021709742 0.028017681 0.03982221 0.02424899 0.0 0.0 0.00069082394 0.0 0.011645403 0.0 0.0 0.0034556116 0.0 0.0025855992 0.03568984 0.06723484 0.016066164 0.0 0.04113527 0.0 0.0 0.0 0.0 0.07919798 0.0 0.015763154 0.0033825007 0.0 0.0 0.04723941
0.08816928 0.0 0.0 0.0 0.0 0.037243992 0.0 0.06481622 0.0139349615 0.067815885 0.0 0.035834674 0.028397912 0.0 0.041485634 0.0 0.0 0.025400978 0.066906154 0.0 0.0 0.011925573 0.0 0.03927126 0.0 0.032044616 0.013284942 0.050569057 0.0 0.0 0.0 0.0 0.0 0.011645403 0.0 0.0 0.068685874 0.012396743 0.0 0.0 0.0 0.0 0.0 0.0 0.010223891 0.0061517665 0.031973816 0.0 0.059739497 0.0 0.0 0.05675327 0.11287556 0.024849992 0.004551346 0.053199925
0.0 0.0 0.0 0.0 0.0 0.06896855 0.0 0.0 0.0 0.0 0.0 0.16284361 0.07007626 0.0 0.0 0.0 0.0 0.11087086 0.02049322 0.0 0.10513912 0.0 0.006456779 0.0 0.0 0.0 0.04098514 0.0 0.0 0.0 0.0 0.0 0.0529938 0.0 0.0 0.0 0.0 0.0 0.095257975 0.0 0.0 0.0 0.0 0.068969555 0.03034369 0.0 0.0 0.0 0.0 0.02018646 0.0430611 0.0 0.0 0.0 0.029928833 0.0
0.038370132 0.0 0.0 0.0 0.0 0.0 0.0 0.009858089 0.0 0.0 0.0 0.0 0.0 0.015262848 0.05313518 0.0 0.0 0.0 0.00027640874 0.0139916595 0.0 0.006366646 0.0 0.0 0.0 0.10664555 0.0 0.11403516 0.0 0.0 0.0 0.0 0.03165586 0.0 0.068685874 0.0 0.0 0.0 0.0 0.054936774 0.0 0.04605852 0.0 0.046659436 0.03483276 0.0 0.0 0.020528758 0.0 0.0 0.021419212 0.039471716 0.05205071 0.044355866 0.08341467 0.11096144
0.0 0.023252191 0.0027637845 0.008743262 0.0027276764 0.0 0.15381473 0.0 0.0 0.0 0.0 0.0 0.05062644 0.07849492 0.024707858 0.010726836 0.011251982 0.0 0.04280084 0.0 0.007912691 0.019096067 0.0064924383 0.0 0.015192408 0.0031292725 0.011540469 0.0 0.0 0.024762975 0.0 0.036533967 0.017436357 0.0034556114 0.012396743 0.0 0.0 0.0 0.026284752 0.07193216 0.0030343276 0.0 0.036054723 0.12513824 0.0 0.043414954 0.0 0.0064573917 0.0 0.004481884 0.0 0.0 0.0 0.0 0.0 0.040103648
0.0 0.0 0.0048667123 0.043413006 0.060414053 0.0 0.008725159 0.0 0.08055929 0.0 0.0 0.014794967 0.0 0.011864449 0.0 0.02298288 0.02477704 0.0 0.01636233 0.012953353 0.0 0.0 0.037660364 0.040072262 0.011864796 0.035315752 0.00072802074 0.07325113 0.0 0.026299067 0.07159593 0.06272848 0.0063753715 0.0 0.0 0.095257975 0.0 0.026284752 0.0025315965 0.04049359 0.06791488 0.009577976 0.0021599827 0.0 0.0 0.0 0.044097245 0.03405372 0.0 0.01824584 0.040868912 0.0 0.01358426 0.08013085 0.0015403389 0.0
0.0 0.06580777 0.0049042176 0.03187638 0.0 0.055057164 0.0 0.01236696 0.10051478 0.07183725 0.04631378 0.0 0.10645918 0.019759675 0.027964057 0.036820948 0.0 0.057331868 0.113802865 0.0 0.0055099814 0.036881335 0.0 0.0 0.0 0.0 0.022698615 0.00408305 0.0 0.0 0.0 0.0 0.0 0.0025855992 0.0 0.0 0.05493677 0.07193216 0.040493593 0.0 0.0 0.0013659189 0.0 0.0 0.0 0.052140843 0.0 0.0 0.04025204 0.0 0.012064182 0.07636617 0.0 0.0 0.0 0.0
0.024522785 0.0 0.05874463 0.06699176 0.0 0.097428754 0.0 0.0 0.0 0.026156506 0.0 0.00027136947 0.0 0.0 0.0025767297 0.0 0.0 0.053075183 0.034883335 0.027941441 0.033142626 0.027960345 0.012374102 0.0 0.0 0.0 0.061857548 0.020633548 0.0 0.001477462 0.0 0.0 0.0 0.03568984 0.0 0.0 0.0 0.0030343276 0.06791488 0.0 0.0 0.0 0.0 0.0 0.0 0.0 0.0 0.0 0.04978628 0.0 0.05128068 0.14432894 0.0 0.0 0.043705907 0.0
0.014367356 0.0752178 0.044248205 0.0 0.0017979669 0.008112446 0.0 0.0 0.0 0.0 0.0 0.01709969 0.0 0.1307714 0.0 0.060782705 0.0 0.01819956 0.017359974 0.0 0.0 0.004734772 0.007189582 0.0 0.0 0.0 0.0 0.03463537 0.059426665 0.0100458665 0.0 0.046696294 0.0 0.06723484 0.0 0.0 0.04605852 0.0 0.009577976 0.0013659189 0.0 0.05374476 0.0 0.0 0.0 0.0 0.0 0.0 0.0 0.0 0.0 0.0 0.06346783 0.0 0.025330193 0.0
0.0 0.0 0.0 0.0 0.0021620323 0.050575968 0.0 0.0035039491 0.0 0.02067613 0.0 0.011083756 0.0 0.0 0.02296074 0.09884463 0.0 0.0 0.0 0.018516192 0.0 0.0 0.07255151 0.03306359 0.0 0.0019006627 0.118504 0.01346785 0.0 0.0 0.09523411 0.0074745994 0.015501783 0.016066166 0.0 0.0 0.0 0.036054723 0.0021599827 0.0 0.0 0.0 0.0 0.0 0.039098103 0.049628824 0.0 0.0 0.004918381 0.0 0.06273311 0.042197872 0.018145293 0.0 0.039608873 0.0
0.016922567 0.042885248 0.0 0.026768196 0.0015826386 0.019985348 0.0 0.0 0.030301638 0.1087838 0.037309602 0.0 0.0039453437 0.0032999618 0.05355751 0.04368858 0.0037612617 0.0071333516 0.0 0.010746003 0.03174072 0.0 0.064708695 0.024337284 0.0 0.0 0.0 0.009407593 0.0 0.0 0.054080486 0.066302046 0.0031780933 0.0 0.0 0.06896956 0.046659432 0.12513824 0.0 0.0 0.0 0.0 0.0 0.0 0.0038078316 0.0 0.018614966 0.022684984 0.0 0.0 0.022733582 0.006655868 0.0 0.0 0.0 0.0
0.06631601 0.0 0.0 0.0 0.010277408 0.0 0.008505915 0.09115295 0.044747792 0.0 0.0 0.021623237 0.0 0.0 0.0075345733 0.0 0.031757027 0.0 0.0 0.043152723 0.0 0.10649359 0.0 0.004092048 0.054014873 0.0 0.0 0.050567813 0.022875028 0.0 0.0 0.0024691497 0.0 0.04113527 0.010223891 0.03034369 0.03483276 0.0 0.0 0.0 0.0 0.0 0.0390981 0.0038078316 0.01138837 0.0 0.057159394 0.0 0.008170459 0.0 0.0 0.0 0.116841026 0.039575115 0.028901925 0.12563981
0.0 0.0 0.0 0.12828779 0.0 0.0 0.0 0.0 0.0 0.0 0.025801638 0.0 0.0 0.0 0.0318899 0.0 0.0035010485 0.022792637 0.019855307 0.0 0.014882366 0.0 0.03348432 0.18930693 0.0 0.0 0.020986315 0.0 0.0 0.0 0.0025774925 0.06320785 0.022077119 0.0 0.006151766 0.0 0.0 0.043414954 0.0 0.052140843 0.0 0.0 0.049628824 0.0 0.0 0.011443734 0.0 0.02877766 0.0 0.0 0.081875704 0.014826926 0.0 0.0 0.0 0.0
0.029752346 0.0 0.0 0.0 0.0 0.034132294 0.0 0.020579455 0.0 0.0 0.0 0.024948368 0.0 0.01491491 0.0062528634 0.10678296 0.0 0.013914578 0.02218694 0.0 0.0 0.0 0.1563665 0.0 0.0 0.00696238 0.036306467 0.0 0.0 0.00888837 0.0 0.0 0.054938868 0.0 0.031973816 0.0 0.0 0.0 0.044097245 0.0 0.0 0.0 0.0 0.018614966 0.057159394 0.0 0.0 0.023773419 0.0018947733 0.014587821 0.037875105 0.0077983597 0.01472936 0.0 0.0655046 0.0043522627
0.0 0.0 0.03497946 0.0 0.07327091 0.0 0.029336805 0.0 0.0048807687 0.0 0.028743662 0.06268664 0.0 0.0 0.04144174 0.0026033535 0.04322137 0.0053939223 0.0 0.030064138 0.022289038 0.05102013 0.0 0.0 0.124735676 0.0 0.015491984 0.0 0.0 0.11208094 0.025697919 0.020152926 0.041435704 0.0 0.0 0.0 0.020528758 0.0064573917 0.03405372 0.0 0.0 0.0 0.0 0.022684984 0.0 0.02877766 0.023773419 0.0 0.043411735 0.059149794 0.0 0.0 0.055831064 0.0 0.0 0.0
0.07425154 0.048597857 0.0 0.0 0.0 0.0 0.025152816 0.06978581 0.0 0.0063745226 0.0 0.0 0.0 0.016121535 0.009519184 0.020278798 0.0 0.0 0.0 0.0492693 0.0 0.0 0.08895227 0.02692105 0.0 0.037203237 0.0 0.0 0.0 0.0 0.0053679724 0.0 0.0 0.0 0.059739497 0.0 0.0 0.0 0.0 0.040252045 0.049786285 0.0 0.0049183816 0.0 0.0081704585 0.0 0.0018947733 0.043411735 0.0 0.0 0.059093628 0.07610317 0.0 0.015111899 0.001255238 0.0
0.0 0.0 0.0 0.0 0.0 0.039906178 0.013555801 0.0 0.037590515 0.0 0.0 0.009962351 0.0 0.0 0.0 0.0 0.12813662 0.0 0.030162042 0.0 0.039632782 0.057060305 0.002409519 0.0 0.1958392 0.01661117 0.0 0.0 0.0 0.0 0.0 0.0 0.004594935 0.07919798 0.0 0.02018646 0.0 0.0044818847 0.01824584 0.0 0.0 0.0 0.0 0.0 0.0 0.0 0.014587821 0.05914979 0.0 0.0 0.0 0.0 0.07466388 0.08108289 0.006108229 0.033218607
0.0 0.028947268 0.060973793 0.0 0.09372993 0.0 0.017831737 0.0 0.07773906 0.0 0.12329964 0.0 0.052385245 0.0 0.019765615 0.0 0.041389257 0.0 0.0 0.0045066993 0.0 0.0 0.0 0.0 0.052605018 0.0 0.033282857 0.0075906906 0.00945111 0.0 0.01158259 0.0 0.0 0.0 0.0 0.043061096 0.021419212 0.0 0.040868916 0.012064182 0.051280677 0.0 0.06273311 0.022733582 0.0 0.08187571 0.037875105 0.0 0.059093628 0.0 0.0 0.03195234 0.04063224 0.0 0.028857904 0.0040603783
0.041062843 0.0053586112 0.0 0.0 0.0 0.0 0.0 0.12823322 0.03446641 0.0 0.015557358 0.0 0.06258138 0.013105528 0.010686035 0.0 0.0 0.017618168 0.011257311 0.0061083473 0.0022296913 0.0 0.0 0.0 0.0 0.0 0.028401092 0.039775513 0.0 0.0 0.0 0.0 0.0 0.015763154 0.05675327 0.0 0.039471712 0.0 0.0 0.076366164 0.14432894 0.0 0.042197872 0.006655868 0.0 0.014826926 0.00779836 0.0 0.07610318 0.0 0.03195234 0.0 0.0033503978 0.043608263 0.053976998 0.03400878
0.025291527 0.027036093 0.0 0.0 0.0 0.0066344272 0.07183484 0.0 0.0 0.03165862 0.0 0.0 0.0 0.0 0.0 0.06907822 0.042417094 0.0089540435 0.03969877 0.010865347 0.0 0.0 0.002717445 0.0 0.0 0.039302237 0.0 0.0 0.0 0.030246263 0.0 0.0 0.0036704503 0.0033825007 0.112875566 0.0 0.052050713 0.0 0.01358426 0.0 0.0 0.06346783 0.018145293 0.0 0.11684102 0.0 0.014729359 0.055831064 0.0 0.07466388 0.040632237 0.0033503978 0.0 0.051821686 0.003753498 0.036998797
0.03293778 0.014262693 0.14598489 0.0 0.0 0.030193375 0.007426905 0.0 0.0 0.0 0.0 0.0 0.080329 0.004006109 0.0 0.0061778408 0.00092908525 0.11681619 0.0 0.0011916484 0.11560257 0.010567667 0.0 0.0 0.037390895 0.0 0.0 0.0 0.0 0.01705501 0.0076887957 0.0 0.010414354 0.0 0.024849994 0.0 0.044355866 0.0 0.08013085 0.0 0.0 0.0 0.0 0.0 0.039575115 0.0 0.0 0.0 0.0151119 0.08108289 0.0 0.043608263 0.051821686 0.0 0.0 0.015107144
0.07817632 0.0 0.032113083 0.0 0.024025984 0.0 0.0 0.0170043 0.007140897 0.06828806 0.069564454 0.009705517 0.0045829634 0.0 0.0858671 0.0 0.010228107 0.0 0.0 0.015117971 0.0 0.052397083 0.0 0.01960367 0.0 0.0 0.044181153 0.020795248 0.0 0.0 0.023240397 0.0 0.010699105 0.0 0.0045513455 0.029928833 0.08341467 0.0 0.0015403389 0.0 0.043705907 0.025330193 0.039608873 0.0 0.028901927 0.0 0.06550461 0.0 0.001255238 0.006108229 0.028857905 0.053976994 0.003753498 0.0 0.0 0.016991815
0.051147174 0.0 0.0 0.0 0.0 0.018717261 0.0 0.0 0.0 0.16596141 0.0 0.0 0.0 0.0 0.0013761936 0.008811435 0.0 0.10835322 0.0 0.016606644 0.0 0.049805183 0.0 0.0 0.0 0.0 0.0 0.027063323 0.06402426 0.0 0.0 0.0 0.0 0.047239415 0.053199925 0.0 0.11096143 0.040103648 0.0 0.0 0.0 0.0 0.0 0.0 0.12563983 0.0 0.0043522627 0.0 0.0 0.033218607 0.0040603783 0.03400878 0.036998797 0.015107145 0.016991815 0.0
