0.0 0.0 0.020937145 0.0 0.0 0.011649087 0.0053776815 0.0 0.0 0.09787255 0.0 0.19747943 0.06847272 0.0 0.0 0.0 0.0043251333 0.0 0.0 0.0 0.0 0.0 0.0 0.0 0.10444838 0.0 0.0 0.0 0.0 0.011685227 0.0 0.0 0.020977076 0.04162372 0.02057623 0.050223883 0.0 0.0 0.0 0.0 0.0 0.0054871906 0.01726816 0.0 0.0063852374 0.0 0.019127 0.0 0.0 0.0 0.053151928 0.0 0.1436562 0.0 0.0 0.0
0.0 0.05072455 0.07782771 0.0 0.0 0.014482829 0.0 0.0 0.04195614 0.0 0.0 0.0 0.0 0.069198735 0.000365676 0.019727828 0.009504761 0.0 0.0 0.0 0.0 0.0 0.015494457 0.0 0.0 0.0 0.07895106 0.0 0.0 0.08609077 0.0 0.044475686 0.033935316 0.0 0.0 0.0 0.0 0.0 0.01181971 0.034718443 0.0070104175 0.010445361 0.07677835 0.0 0.0 0.04415777 0.0 0.027687682 0.0 0.0 0.05391802 0.014894575 0.0 0.037837714 0.098524004 0.0
0.020937143 0.0778277 0.14938341 0.0 0.0 0.0 0.11850842 0.0 0.0 0.0 0.0 0.0 0.0 0.0 0.0 0.0 0.0 0.0 0.070652924 0.06626374 0.0 0.0 0.0 0.0 0.0 0.0 0.0 0.0 0.0 0.17352276 0.0 0.0 0.0 0.0031829623 0.0 0.008641332 0.0 0.0 0.0 0.0 0.0 0.09471924 0.033133168 0.040750936 0.02503216 0.033912677 0.0 0.0047784834 0.0 0.0 0.0 0.0 0.032024488 0.0 0.0 0.0
0.0 0.0 0.0 0.0 0.0 0.0 0.0 0.012207098 0.06296864 0.0 0.05393594 0.0 0.0 0.08631517 0.110741295 0.09765081 0.0 0.0 0.015366843 0.062377945 0.0 0.0 0.03372806 0.028669942 0.0 0.044037584 0.06732758 0.06516085 0.0 0.010416397 0.0 0.0 0.062092166 0.0 0.042319413 0.0 0.0 0.0052127396 0.0 0.018888682 0.0 0.0 0.031476103 0.0 0.0 0.0 0.0 0.0 0.0 0.0 0.031005254 0.021848315 0.0 0.0 0.036459647 0.0
0.0 0.0 0.0 0.0 0.0 0.0 0.0 0.0 0.07540879 0.029580295 0.0 0.0 0.0 0.013715926 0.02942629 0.0070060124 0.02771863 0.016328499 0.0 0.0026880424 0.0 0.0 0.0 0.17797591 0.0 0.12873895 0.025459452 0.0 0.0 0.028855804 0.0 0.0 0.023057958 0.0 0.054164037 0.0 0.015461625 0.039493103 0.0 0.037978243 0.0 0.0 0.0 0.0 0.0 0.0059303255 0.0 0.0 0.0 0.010163264 0.0 0.0 0.0 0.0 0.028844247 0.0
0.011649087 0.014482828 0.0 0.0 0.0 0.0035397226 0.116816975 0.0 0.0 0.024723051 0.016494498 0.0 0.0 0.013138482 0.0 0.0 0.025946153 0.0 0.03768827 0.0 0.0 0.08027981 0.0 0.013467764 0.0 0.0 0.0 0.0 0.10541988 0.001571048 0.0 0.0 0.0 0.025947556 0.09286262 0.0 0.0 0.0 0.0 0.055507742 0.0 0.13774408 0.09924953 0.0 0.0 0.0 0.030101681 0.0 0.0 0.032555163 0.0 0.0 0.0 0.042510666 0.0 0.012609713
0.005377682 0.0 0.11850843 0.0 0.0 0.116816975 0.018520283 0.0 0.0 0.0 0.0 0.0 0.0 0.0 0.0 0.0 0.0 0.0 0.0 0.0 0.056564484 0.008422729 0.0 0.0 0.10375686 0.0 0.0 0.0 0.0 0.039620813 0.0 0.036616117 0.0051167044 0.007787886 0.0 0.040463164 0.0 0.0 0.047333222 0.0 0.0 0.06803929 0.045313474 0.0 0.042462353 0.0 0.0 0.0 0.0 0.0 0.0 0.0 0.11157051 0.0 0.0 0.0
0.0 0.0 0.0 0.012207098 0.0 0.0 0.0 0.05258084 0.0037203769 0.012414938 0.0063083367 0.08646803 0.029911462 0.015268836 0.0 0.0 0.0536351 0.05054135 0.0 0.0 0.0 0.054822877 0.0 0.0 0.01880411 0.0 0.0 0.0 0.009138576 0.0 0.0 0.0694785 0.0 0.022733666 0.019699758 0.06693808 0.0 0.0 0.0 0.0 0.014180977 0.0 0.0 0.0 0.0 0.0 0.1662569 0.0 0.0 0.006794641 0.0 0.0 0.07644836 0.0 0.0 0.08896501
0.0 0.041956145 0.0 0.06296864 0.07540878 0.0 0.0 0.003720377 0.0 0.0 0.08022768 0.0 0.0 0.042867463 0.0 0.0815822 0.014274057 0.0 0.0 0.018110523 0.03611365 0.0 0.0 0.0725886 0.0 0.0 0.0 0.0 0.0 0.0 0.21452136 0.01415671 0.020437231 0.0 0.013131896 0.0 0.0 0.101988986 0.0 0.047405206 0.0076833963 0.0 0.0 0.0 0.01601486 0.06384188 0.0 0.012273607 0.0 0.0 0.0 0.0 0.0 0.0 0.0 0.0
0.09787255 0.0 0.0 0.0 0.029580295 0.024723051 0.0 0.012414939 0.0 0.0 0.0 0.09816206 0.0 0.078944325 0.0 0.0 0.015806453 0.057374004 0.0008700191 0.0 0.0 0.049605865 0.015479449 0.0 0.030614052 0.0 0.0 0.0 0.12545295 0.0 0.0 0.0 0.0 0.0 0.009078753 0.058603078 0.0 0.0 0.0 0.0027729906 0.015947925 0.0 0.024425916 0.02198639 0.0 0.01418094 0.014208454 0.010490308 0.0 0.0 0.06559111 0.02600173 0.019804481 0.013233282 0.0 0.0057560764
0.0 0.0 0.0 0.05393594 0.0 0.016494498 0.0 0.0063083367 0.08022768 0.0 0.07401661 0.0 0.0 0.0 0.014663669 0.0070306608 0.07708759 0.061592843 0.0034331768 0.024827985 0.059649054 0.009945132 0.0 0.0 0.013082958 0.026621368 0.054686066 0.0 0.016385166 0.0055105463 0.084844254 0.038668685 0.008556421 0.00951812 0.039217226 0.0 0.0 0.002625056 0.0 0.01283023 0.0 0.013044417 0.0689478 0.088187374 0.0021397078 0.009617563 0.041439787 0.0030528507 0.0 0.0 0.0 0.0009557092 0.0 0.044841617 0.020816248 0.0321868
0.19747943 0.0 0.0 0.0 0.0 0.0 0.0 0.08646803 0.0 0.09816206 0.0 0.0 0.0 0.0 0.0 0.0 0.0 0.0 0.0 0.0 0.0 0.0 0.02279834 0.0 0.0 0.0 0.0 0.03794512 0.0 0.05917387 0.0 0.0 0.013528738 0.0 0.0 0.0 0.2312572 0.0 0.05543233 0.0 0.0 0.029669637 0.0 0.0 0.07245339 0.0 0.0 0.01989724 0.0 0.016134696 0.013561658 0.0 0.0 0.0 0.02650907 0.0
0.06847272 0.0 0.0 0.0 0.0 0.0 0.0 0.029911462 0.0 0.0 0.0 0.0 0.0 0.0 0.0 0.0 0.0 0.0 0.0 0.0 0.0 0.08773938 0.029940978 0.0 0.0 0.0 0.07431626 0.038401794 0.008229691 0.0 0.0 0.0 0.107262105 0.0 0.0 0.0 0.0 0.0 0.052106455 0.020781053 0.0 0.0 0.0 0.09022976 0.036710374 0.0 0.0 0.059057597 0.055636927 0.10876962 0.016462028 0.08611127 0.0 0.0 0.06429158 0.013029467
0.0 0.06919873 0.0 0.08631517 0.013715926 0.013138482 0.0 0.015268835 0.042867463 0.078944325 0.0 0.0 0.0 0.0059949537 0.02493901 0.0711777 0.0 0.029951468 0.011471174 0.03535637 0.03480046 0.015013306 0.002960605 0.0 0.0 0.0 0.00693031 0.010315579 0.0 0.0 0.0 0.016732326 0.03356513 0.0 0.0 0.07235486 0.0 0.047660552 0.024367435 0.0 0.0051867883 0.017896948 0.0 0.01846061 0.015164168 0.0 0.0 0.0 0.014766704 0.0 0.0 0.074395485 0.056211494 0.014693953 0.0 0.03009154
0.0 0.000365676 0.0 0.110741295 0.029426292 0.0 0.0 0.0 0.0 0.0 0.014663669 0.0 0.0 0.024939008 0.23221186 0.026926765 0.0 0.0 0.0043883324 0.026175259 0.062352877 0.0 0.08234323 0.009736492 0.0 0.0 0.02633307 0.005127648 0.0 0.0064682947 0.051116575 0.01245176 0.019375112 0.0 0.030076072 0.0 0.0 0.0 0.0 0.0 0.0 0.0 0.0 0.0 0.0 0.029652871 0.0 0.019300804 0.07666534 0.0 0.017395467 0.06566379 0.0 0.0 0.0 0.0
0.0 0.019727828 0.0 0.09765081 0.0070060124 0.0 0.0 0.0 0.0815822 0.0 0.0070306608 0.0 0.0 0.07117769 0.026926765 0.0 0.0 0.0 0.05795931 0.0 0.0 0.0 0.0 0.13644308 0.022261972 0.030761527 0.022239882 0.010069193 0.041774787 0.0 0.023704333 0.011442779 0.0 0.01985406 0.0 0.0 0.010813828 0.0 0.022277415 0.013575984 0.0 0.0 0.0 0.0 0.0 0.006159947 0.0 0.0 0.0 0.017508568 0.039086025 0.0027626879 0.0 0.111206844 0.0 0.0
0.0043251337 0.009504761 0.0 0.0 0.02771863 0.025946153 0.0 0.053635105 0.014274057 0.015806453 0.07708759 0.0 0.0 0.0 0.0 0.0 0.0 0.049352862 0.0 0.09100993 0.020766215 0.0 0.08107655 0.0 0.0 0.0 0.04382864 0.07315354 0.0 0.0179493 0.0 0.054486245 0.0 0.0 0.018780116 0.0 0.0 0.0 0.0 0.040158685 0.06786028 0.0792773 0.0631995 0.0 0.0 0.05552025 0.0 0.0 0.0 0.0 0.03816831 0.0 0.002722228 0.0 0.015220829 0.0
0.0 0.0 0.0 0.0 0.016328499 0.0 0.0 0.05054135 0.0 0.057374004 0.061592847 0.0 0.0 0.029951464 0.0 0.0 0.049352862 0.0 0.0025088994 0.0 0.02570443 0.0 0.1494611 0.022342917 0.0 0.044101346 0.077694915 0.0 0.0 0.0 0.0 0.0 0.0 0.0 0.0285606 0.0 0.0 0.0 0.0 0.0 0.10214411 0.0 0.0027717005 0.049509004 0.0 0.043739557 0.0 0.0 0.0071864855 0.0 0.061028864 0.08191079 0.0 0.0 0.0 0.0
0.0 0.0 0.07065292 0.015366842 0.0 0.03768827 0.0 0.0 0.0 0.0008700191 0.003433177 0.0 0.0 0.011471174 0.0043883324 0.057959314 0.0 0.0025088997 0.0 0.031221224 0.08373083 0.0 0.035901688 0.0 0.0 0.0 0.118135005 0.0 0.0 0.0 0.03622364 0.040001906 0.061059877 0.0 0.0 0.0 0.0 0.0 0.014581796 0.0 0.0 0.0 0.013064051 0.0 0.07964349 0.0 0.0 0.023133088 0.0 0.09383369 0.061962616 0.0 0.0 0.0 0.041102484 0.0
0.0 0.0 0.06626374 0.06237795 0.0026880424 0.0 0.0 0.0 0.018110521 0.0 0.024827987 0.0 0.0 0.03535637 0.026175257 0.0 0.09100993 0.0 0.031221226 0.0 0.0829617 0.02623063 0.0 0.0 0.103359744 0.018844143 0.0 0.0054628653 0.10859464 0.0 0.024864422 0.0 0.0 0.069994345 0.010283043 0.004144997 0.0 0.0 0.0 0.0 0.0 0.082409754 0.0 0.0040313676 0.0 0.06996948 0.004504845 0.0 0.0 0.04273427 0.0 0.0 0.0 0.0 0.0 0.0019506172
0.0 0.0 0.0 0.0 0.0 0.0 0.056564484 0.0 0.03611365 0.0 0.059649054 0.0 0.0 0.034800455 0.062352877 0.0 0.020766217 0.02570443 0.08373084 0.08296169 0.056882367 0.0 0.0 0.0 0.0 0.0 0.0042364486 0.0 0.0 0.0 0.0 0.0074648275 0.003921002 0.0 0.0 0.0 0.0 0.026890483 0.010530509 0.11645498 0.0 0.0 0.0 0.0 0.0 0.18155324 0.0 0.0 0.023143167 0.017334579 0.0 0.014550495 0.0 0.0 0.0 0.0
0.0 0.0 0.0 0.0 0.0 0.080279805 0.008422729 0.054822877 0.0 0.04960587 0.009945132 0.0 0.08773938 0.0150133055 0.0 0.0 0.0 0.0 0.0 0.026230628 0.0 0.0 0.0 0.021437425 0.0 0.0 0.11697801 0.11503278 0.0 0.0 0.0 0.0 0.009302761 0.011101016 0.0 0.0 0.0 0.0 0.0 0.031878963 0.021011403 0.03656017 0.005872511 0.0 0.07543114 0.0 0.0 0.018882452 0.0 0.09242371 0.0043228604 0.018860333 0.0 0.015957754 0.0129939625 0.0
0.0 0.015494458 0.0 0.03372806 0.0 0.0 0.0 0.0 0.0 0.015479449 0.0 0.02279834 0.029940978 0.002960605 0.08234323 0.0 0.08107654 0.1494611 0.035901684 0.0 0.0 0.0 0.0 0.0 0.051708877 0.082659446 0.0 0.0 0.1257617 0.0 0.0 0.0 0.0 0.0 0.057756443 0.0 0.09170803 0.058804516 0.0 0.0026256223 0.0 0.0 0.0 0.0 0.0035152258 0.0 0.008169975 0.0065441313 0.0336906 0.0028240723 0.0 0.0 0.0 0.07638814 0.0 0.030775618
0.0 0.0 0.0 0.02866994 0.17797591 0.013467764 0.0 0.0 0.0725886 0.0 0.0 0.0 0.0 0.0 0.009736492 0.13644308 0.0 0.022342917 0.0 0.0 0.0 0.021437425 0.0 0.12047867 0.0065795667 0.08945906 0.0 0.0 0.0 0.0 0.0 0.012195584 0.0 0.0 0.0 0.102099545 0.0 0.08950278 0.0 0.0013603156 0.0 0.0 0.0 0.0078711165 0.0 0.022683566 0.023636146 0.0 0.013412782 0.0 0.0 0.0 0.015436767 0.07067807 0.0 0.003867605
0.10444838 0.0 0.0 0.0 0.0 0.0 0.10375685 0.01880411 0.0 0.03061405 0.013082958 0.0 0.0 0.0 0.0 0.022261972 0.0 0.0 0.0 0.103359744 0.0 0.0 0.051708877 0.0065795663 0.0 0.0354852 0.117101036 0.09434168 0.0 0.03252425 0.0 0.0 0.006009071 0.016715514 0.01080893 0.0 0.0 0.006907483 0.0 0.071468234 0.023415715 0.0 0.010117054 0.0 0.017736686 0.031207783 0.0 0.033253856 0.0 0.0 0.06313203 0.009721919 0.0060824207 0.0 0.0297207 0.0
0.0 0.0 0.0 0.044037584 0.12873895 0.0 0.0 0.0 0.0 0.0 0.026621368 0.0 0.0 0.0 0.0 0.030761525 0.0 0.044101346 0.0 0.01884414 0.0 0.0 0.082659446 0.08945906 0.035485197 0.0 0.016256053 0.0 0.0 0.0 0.0 0.107389726 0.009128995 0.0 0.0 0.0 0.0 0.06418109 0.09156938 0.0 0.0 0.0 0.0 0.0 0.0040736967 0.017676514 0.027030371 0.06499311 0.050022315 0.0 0.014415226 0.0107324375 0.0 0.0 0.001880851 0.0
0.0 0.07895106 0.0 0.067327574 0.025459453 0.0 0.0 0.0 0.0 0.0 0.054686066 0.0 0.07431626 0.0069303103 0.02633307 0.022239882 0.043828636 0.077694915 0.118135005 0.0 0.0042364486 0.11697801 0.0 0.0 0.11710103 0.016256053 0.0 0.0 0.0 0.0 0.0 0.028377205 0.0 0.023425056 0.0 0.0 0.031357337 0.023973238 0.0 0.0 0.0 0.0 0.0 0.0 0.01650506 0.0 0.0 0.0 0.049323794 0.0 0.0 0.0 0.0 0.0516015 0.0 0.013942582
0.0 0.0 0.0 0.06516085 0.0 0.0 0.0 0.0 0.0 0.0 0.0 0.03794512 0.038401794 0.010315579 0.005127648 0.010069194 0.07315355 0.0 0.0 0.0054628653 0.0 0.11503278 0.0 0.0 0.09434168 0.0 0.0 0.0 0.0 0.0 0.0 0.0 0.0 0.0 0.0 0.023519149 0.0 0.0 0.034675058 0.0 0.0 0.0 0.0 0.0 0.0 0.0 0.15085296 0.0 0.0 0.0 0.0 0.0 0.06328163 0.013296714 0.0 0.19378121
0.0 0.0 0.0 0.0 0.0 0.105419874 0.0 0.009138576 0.0 0.12545297 0.016385166 0.0 0.008229691 0.0 0.0 0.041774787 0.0 0.0 0.0 0.10859464 0.0 0.0 0.1257617 0.0 0.0 0.0 0.0 0.0 0.0 0.0 0.005982276 0.0 0.10074004 0.0 0.0021790427 0.0 0.0 0.0 0.068980776 0.0 0.0 0.0021173302 0.0 0.0 0.024969293 0.0 0.0 0.014087616 0.020389741 0.0 0.09953101 0.05416696 0.029598089 0.0037282638 0.108830124 0.0
0.011685227 0.08609078 0.17352277 0.010416397 0.0288558 0.001571048 0.039620813 0.0 0.0 0.0 0.0055105463 0.05917387 0.0 0.0 0.0064682947 0.0 0.0179493 0.0 0.0 0.0 0.0 0.0 0.0 0.0 0.03252425 0.0 0.0 0.0 0.0 0.14656682 0.053699367 0.023972522 0.0 0.028344804 0.0 0.0 0.0 0.0 0.0 0.00605914 0.0064942394 0.075915836 0.044784576 0.0 0.0 0.0598613 0.0072092675 0.0 0.009881407 0.0 0.0 0.0 0.12302078 0.0 0.0 0.0
0.0 0.0 0.0 0.0 0.0 0.0 0.0 0.0 0.21452136 0.0 0.084844254 0.0 0.0 0.0 0.051116575 0.023704333 0.0 0.0 0.036223635 0.024864424 0.0 0.0 0.0 0.0 0.0 0.0 0.0 0.0 0.005982276 0.053699367 0.040467925 0.07387535 0.0 0.0 0.0 0.0 0.02790394 0.058448493 0.0 0.018539492 0.012355991 0.0 0.0 0.0 0.0 0.019276168 0.0 0.08710935 0.051494095 0.0 0.0 0.007814052 0.0 0.0 0.0 0.0
0.0 0.044475686 0.0 0.0 0.0 0.0 0.036616117 0.0694785 0.014156709 0.0 0.03866869 0.0 0.0 0.016732326 0.01245176 0.011442779 0.05448624 0.0 0.040001906 0.0 0.007464827 0.0 0.0 0.012195583 0.0 0.107389726 0.028377205 0.0 0.0 0.023972522 0.073875345 0.0328598 0.011975388 0.0 0.014040103 0.0 0.0 0.06692785 0.0 0.15548421 0.06430793 0.0 0.03854226 0.0 0.0 0.08422841 0.0 0.0 0.0 0.0144395875 0.011061185 0.0 0.0 0.0 0.0 0.0
0.020977076 0.033935316 0.0 0.062092166 0.023057958 0.0 0.0051167044 0.0 0.020437233 0.0 0.008556421 0.013528738 0.1072621 0.03356513 0.019375112 0.0 0.0 0.0 0.061059877 0.0 0.0039210026 0.009302761 0.0 0.0 0.006009071 0.009128994 0.0 0.0 0.10074004 0.0 0.0 0.011975389 0.0 0.16692342 0.034017805 0.0 0.012963937 0.0006645513 0.0 0.05619635 0.004938308 0.028843408 0.09442139 0.018929347 0.0 0.07306471 0.06968447 0.0 0.0 0.0 0.0 0.0 0.0 0.05232848 0.0 0.03799155
0.04162372 0.0 0.0031829625 0.0 0.0 0.025947556 0.007787886 0.022733668 0.0 0.0 0.00951812 0.0 0.0 0.0 0.0 0.01985406 0.0 0.0 0.0 0.069994345 0.0 0.011101016 0.0 0.0 0.016715514 0.0 0.023425056 0.0 0.0 0.028344806 0.0 0.0 0.16692342 0.0 0.0 0.0 0.0 0.0 0.09250769 0.0 0.0 0.023234995 0.0 0.0 0.04774156 0.0 0.0 0.24725014 0.02725089 0.0 0.015863148 0.0 0.0 0.0 0.028434867 0.0
0.02057623 0.0 0.0 0.042319413 0.054164037 0.09286262 0.0 0.019699758 0.013131896 0.009078753 0.039217226 0.0 0.0 0.0 0.030076073 0.0 0.018780116 0.028560601 0.0 0.010283043 0.0 0.0 0.05775644 0.0 0.010808931 0.0 0.0 0.0 0.0021790427 0.0 0.0 0.014040104 0.034017805 0.0 0.0 0.07319622 0.015858144 0.046258498 0.0 0.010389091 0.0 0.0 0.02066333 0.0 0.0 0.0075924196 0.030366087 0.041048713 0.043580916 0.0 0.033857703 0.076596215 0.09349421 0.06235933 0.0 0.0
0.05022388 0.0 0.008641332 0.0 0.0 0.0 0.040463164 0.06693808 0.0 0.058603078 0.0 0.0 0.0 0.07235486 0.0 0.0 0.0 0.0 0.0 0.0041449964 0.0 0.0 0.0 0.102099545 0.0 0.0 0.0 0.023519149 0.0 0.0 0.0 0.0 0.0 0.0 0.07319622 0.0 0.0 0.0 0.0 0.0 0.03214283 0.0 0.0 0.0 0.13388091 0.0 0.0 0.0062995995 0.0 0.04880332 0.0 0.081703216 0.0 0.0 0.04135336 0.12881939
0.0 0.0 0.0 0.0 0.015461625 0.0 0.0 0.0 0.0 0.0 0.0 0.2312572 0.0 0.0 0.0 0.010813828 0.0 0.0 0.0 0.0 0.0 0.0 0.09170803 0.0 0.0 0.0 0.031357333 0.0 0.0 0.0 0.02790394 0.0 0.012963937 0.0 0.015858145 0.0 0.0 0.0 0.029405892 0.0 0.0 0.0 0.0 0.0 0.0055856216 0.0 0.0 0.06031991 0.03908485 0.10122779 0.15022056 0.029405534 0.0 0.018009525 0.021946883 0.0
0.0 0.0 0.0 0.0052127396 0.039493106 0.0 0.0 0.0 0.10198899 0.0 0.002625056 0.0 0.0 0.047660552 0.0 0.0 0.0 0.0 0.0 0.0 0.026890483 0.0 0.058804516 0.08950278 0.0069074826 0.06418109 0.023973238 0.0 0.0 0.0 0.058448497 0.06692785 0.0006645513 0.0 0.046258498 0.0 0.0 0.025005577 0.0 0.041889515 0.0 0.0 0.025469102 0.055209022 0.0 0.022350095 0.0 0.0 0.0 0.0 0.08603765 0.03225381 0.0 0.0 0.032602437 0.0
0.0 0.01181971 0.0 0.0 0.0 0.0 0.047333222 0.0 0.0 0.0 0.0 0.05543233 0.05210646 0.024367435 0.0 0.022277415 0.0 0.0 0.014581796 0.0 0.010530509 0.0 0.0 0.0 0.0 0.09156938 0.0 0.034675058 0.068980776 0.0 0.0 0.0 0.0 0.09250769 0.0 0.0 0.029405892 0.0 0.0 0.048691023 0.01823329 0.0 0.030757533 0.0 0.08009678 0.0 0.0 0.032047648 0.07168471 0.0 0.021373296 0.048123408 0.0 0.0040035653 0.0 0.018823601
0.0 0.034718443 0.0 0.018888682 0.037978247 0.055507742 0.0 0.0 0.04740521 0.0027729906 0.0128302295 0.0 0.020781051 0.0 0.0 0.013575984 0.040158685 0.0 0.0 0.0 0.11645499 0.03187896 0.0026256223 0.0013603155 0.071468234 0.0 0.0 0.0 0.0 0.00605914 0.018539494 0.15548421 0.056196347 0.0 0.010389091 0.0 0.0 0.041889515 0.048691023 0.0 0.0 0.019929998 0.0 0.0 0.032547202 0.0 0.0 0.036305748 0.042840127 0.0 0.0 0.0 0.03723533 0.0 0.0 0.050577663
0.0 0.007010418 0.0 0.0 0.0 0.0 0.0 0.014180978 0.007683396 0.015947925 0.0 0.0 0.0 0.0051867883 0.0 0.0 0.06786028 0.10214411 0.0 0.0 0.0 0.021011403 0.0 0.0 0.023415713 0.0 0.0 0.0 0.0 0.0064942394 0.012355991 0.064307936 0.004938308 0.0 0.0 0.032142833 0.0 0.0 0.01823329 0.0 0.0 0.057019636 0.0 0.091102734 0.0 0.01952369 0.1360095 0.0 0.0 0.0 0.0 0.0 0.07206621 0.1000392 0.0 0.05174644
0.005487191 0.010445361 0.09471924 0.0 0.0 0.13774408 0.06803929 0.0 0.0 0.0 0.013044417 0.029669635 0.0 0.017896948 0.0 0.0 0.07927729 0.0 0.0 0.08240976 0.0 0.03656017 0.0 0.0 0.0 0.0 0.0 0.0 0.0021173302 0.075915836 0.0 0.0 0.028843408 0.023234995 0.0 0.0 0.0 0.0 0.0 0.019929998 0.057019636 0.1342329 0.02838913 0.007687746 0.058388084 0.0 0.0043727816 0.0 0.0 0.0 0.0 0.0 0.009554896 0.0 0.0 0.0
0.017268158 0.07677835 0.033133168 0.031476106 0.0 0.09924953 0.045313474 0.0 0.0 0.024425916 0.0689478 0.0 0.0 0.0 0.0 0.0 0.06319949 0.0027717005 0.013064052 0.0 0.0 0.005872511 0.0 0.0 0.010117054 0.0 0.0 0.0 0.0 0.044784576 0.0 0.03854226 0.09442139 0.0 0.02066333 0.0 0.0 0.025469104 0.030757533 0.0 0.0 0.028389132 0.054269 0.02564753 0.014623264 0.0 0.012956398 0.03061235 0.0 0.019786628 0.0 0.0 0.0 0.0 0.02502699 0.0037665057
0.0 0.0 0.040750936 0.0 0.0 0.0 0.0 0.0 0.0 0.021986388 0.08818738 0.0 0.09022976 0.01846061 0.0 0.0 0.0 0.049509 0.0 0.0040313676 0.0 0.0 0.0 0.0078711165 0.0 0.0 0.0 0.0 0.0 0.0 0.0 0.0 0.018929347 0.0 0.0 0.0 0.0 0.055209022 0.0 0.0 0.09110273 0.0076877456 0.02564753 0.14536256 0.0 0.034033746 0.0 0.0 0.0 0.0 0.0 0.0 0.03539728 0.0 0.04319627 0.0
0.0063852374 0.0 0.025032159 0.0 0.0 0.0 0.042462356 0.0 0.01601486 0.0 0.0021397076 0.07245339 0.036710374 0.015164168 0.0 0.0 0.0 0.0 0.07964349 0.0 0.0 0.07543114 0.0035152258 0.0 0.017736686 0.0040736967 0.01650506 0.0 0.024969291 0.0 0.0 0.0 0.0 0.04774156 0.0 0.13388091 0.0055856216 0.0 0.08009678 0.032547202 0.0 0.058388088 0.014623264 0.0 0.03348668 0.016942061 0.037751157 0.0 0.10012873 0.0 0.070415765 0.0040966207 0.07038565 0.032525755 0.031467885 0.0
0.0 0.04415777 0.033912677 0.0 0.005930325 0.0 0.0 0.0 0.06384189 0.014180939 0.009617563 0.0 0.0 0.0 0.029652871 0.006159947 0.05552025 0.043739557 0.0 0.069969475 0.18155324 0.0 0.0 0.022683566 0.031207783 0.017676516 0.0 0.0 0.0 0.0598613 0.01927617 0.08422841 0.07306471 0.0 0.007592419 0.0 0.0 0.022350095 0.0 0.0 0.01952369 0.0 0.0 0.034033746 0.016942061 0.0 0.0 0.0 0.0 0.015556898 0.0 0.0 0.0 0.0 0.0 0.0
0.019127 0.0 0.0 0.0 0.0 0.030101681 0.0 0.16625692 0.0 0.014208454 0.041439787 0.0 0.0 0.0 0.0 0.0 0.0 0.0 0.0 0.004504845 0.0 0.0 0.008169976 0.023636146 0.0 0.027030371 0.0 0.15085296 0.0 0.0072092675 0.0 0.0 0.06968447 0.0 0.030366091 0.0 0.0 0.0 0.0 0.0 0.13600951 0.0043727816 0.012956398 0.0 0.037751157 0.0 0.0 0.036308397 0.0 0.0 0.03261566 0.0068051843 0.0 0.0 0.1574667 0.0
0.0 0.02768768 0.0047784834 0.0 0.0 0.0 0.0 0.0 0.012273608 0.010490308 0.0030528507 0.01989724 0.059057593 0.0 0.019300804 0.0 0.0 0.0 0.02313309 0.0 0.0 0.018882453 0.0065441313 0.0 0.033253856 0.06499311 0.0 0.0 0.014087616 0.0 0.08710935 0.0 0.0 0.24725014 0.041048713 0.0062995995 0.060319915 0.0 0.032047648 0.036305748 0.0 0.0 0.030612351 0.0 0.0 0.0 0.036308397 0.0 0.0 0.0 0.007623781 0.0 0.0 0.0 0.0 0.0
0.0 0.0 0.0 0.0 0.0 0.0 0.0 0.0 0.0 0.0 0.0 0.0 0.055636927 0.014766705 0.07666534 0.0 0.0 0.007186485 0.0 0.0 0.023143165 0.0 0.033690598 0.013412782 0.0 0.050022315 0.049323794 0.0 0.020389741 0.009881407 0.051494095 0.0 0.0 0.027250888 0.043580916 0.0 0.03908485 0.0 0.07168471 0.042840123 0.0 0.0 0.0 0.0 0.10012873 0.0 0.0 0.0 0.0 0.07489909 0.017687194 0.0 0.0012262474 0.0 0.0 0.0
0.0 0.0 0.0 0.0 0.010163264 0.032555163 0.0 0.006794641 0.0 0.0 0.0 0.016134696 0.10876962 0.0 0.0 0.01750857 0.0 0.0 0.09383369 0.042734265 0.01733458 0.09242371 0.0028240723 0.0 0.0 0.0 0.0 0.0 0.0 0.0 0.0 0.0144395875 0.0 0.0 0.0 0.04880332 0.10122779 0.0 0.0 0.0 0.0 0.0 0.019786628 0.0 0.0 0.015556899 0.0 0.0 0.07489909 0.0 0.09224489 0.0 0.08073166 0.014985137 0.005374706 0.0
0.053151924 0.053918015 0.0 0.03100525 0.0 0.0 0.0 0.0 0.0 0.06559111 0.0 0.013561657 0.016462026 0.0 0.017395467 0.03908602 0.03816831 0.061028864 0.061962616 0.0 0.0 0.00432286 0.0 0.0 0.06313203 0.014415227 0.0 0.0 0.09953102 0.0 0.0 0.011061185 0.0 0.015863148 0.033857703 0.0 0.15022056 0.08603766 0.021373296 0.0 0.0 0.0 0.0 0.0 0.070415765 0.0 0.032615658 0.0076237815 0.017687194 0.092244886 0.0 0.012234573 0.0 0.043732822 0.0 0.038837455
0.0 0.014894577 0.0 0.021848314 0.0 0.0 0.0 0.0 0.0 0.026001731 0.00095570914 0.0 0.08611127 0.074395485 0.06566379 0.0027626876 0.0 0.08191079 0.0 0.0 0.014550494 0.018860333 0.0 0.0 0.009721919 0.0107324375 0.0 0.0 0.05416696 0.0 0.0078140525 0.0 0.0 0.0 0.07659622 0.08170322 0.029405534 0.03225381 0.04812341 0.0 0.0 0.0 0.0 0.0 0.0040966207 0.0 0.0068051843 0.0 0.0 0.0 0.012234574 0.0 0.0025935913 0.06580833 0.0 0.14189304
0.1436562 0.0 0.03202449 0.0 0.0 0.0 0.11157051 0.07644836 0.0 0.01980448 0.0 0.0 0.0 0.056211494 0.0 0.0 0.0027222282 0.0 0.0 0.0 0.0 0.0 0.0 0.015436767 0.0060824207 0.0 0.0 0.06328163 0.029598089 0.12302078 0.0 0.0 0.0 0.0 0.09349421 0.0 0.0 0.0 0.0 0.037235327 0.0720662 0.009554896 0.0 0.03539728 0.07038565 0.0 0.0 0.0 0.0012262475 0.08073166 0.0 0.0025935913 0.0 0.0 0.0 0.0
0.0 0.037837714 0.0 0.0 0.0 0.042510666 0.0 0.0 0.0 0.013233281 0.044841617 0.0 0.0 0.014693952 0.0 0.111206844 0.0 0.0 0.0 0.0 0.0 0.015957754 0.07638815 0.07067807 0.0 0.0 0.0516015 0.013296713 0.0037282638 0.0 0.0 0.0 0.052328475 0.0 0.06235933 0.0 0.018009525 0.0 0.0040035653 0.0 0.1000392 0.0 0.0 0.0 0.032525755 0.0 0.0 0.0 0.0 0.014985137 0.043732822 0.06580834 0.0 0.0605251 0.01242715 0.060001437
0.0 0.09852401 0.0 0.036459647 0.028844245 0.0 0.0 0.0 0.0 0.0 0.020816248 0.02650907 0.064291574 0.0 0.0 0.0 0.015220829 0.0 0.041102484 0.0 0.0 0.0129939625 0.0 0.0 0.0297207 0.0018808509 0.0 0.0 0.108830124 0.0 0.0 0.0 0.0 0.028434865 0.0 0.04135336 0.021946883 0.032602437 0.0 0.0 0.0 0.0 0.02502699 0.04319627 0.031467885 0.0 0.1574667 0.0 0.0 0.005374706 0.0 0.0 0.0 0.01242715 0.0 0.07498925
0.0 0.0 0.0 0.0 0.0 0.012609713 0.0 0.08896501 0.0 0.005756077 0.032186802 0.0 0.013029467 0.030091543 0.0 0.0 0.0 0.0 0.0 0.0019506171 0.0 0.0 0.030775618 0.003867605 0.0 0.0 0.013942583 0.19378121 0.0 0.0 0.0 0.0 0.037991554 0.0 0.0 0.12881938 0.0 0.0 0.018823601 0.050577663 0.05174644 0.0 0.003766506 0.0 0.0 0.0 0.0 0.0 0.0 0.0 0.038837455 0.14189304 0.0 0.060001433 0.07498925 0.0
