0.020887645 0.0 0.0 0.0016484564 0.038665485 0.054150805 0.0 0.010197722 0.0 0.0 0.030520115 0.0 0.0 0.0 0.002491942 0.014653714 0.0 0.00729202 0.0 0.106900476 0.035973214 0.0 0.05729816 0.046427034 0.0 0.0 0.0017757686 0.015360715 0.0 0.0 0.025470264 0.0 0.089862004 0.0 0.0 0.0 0.020088734 0.010821973 0.0 0.0035797807 0.0 0.0 0.0 0.0 0.1015792 0.03324689 0.0 0.051845353 0.037515666 0.021047018 0.1306318 0.0 0.0 0.0 0.09896022 0.0
0.0 0.0 0.0 0.035092093 0.0 0.0 0.0 0.0 0.0 0.07069303 0.0111531345 0.0 0.0 0.09079931 0.0 0.09517906 0.0 0.0 0.0 0.0 0.0 0.0 0.06423272 0.0 0.0 0.0 0.08173197 0.03786584 0.0 0.004054961 0.0 0.0 0.0 0.010492986 0.0069230516 0.0 0.0 0.0006816282 0.006578149 0.021674512 0.0071825343 0.0014110579 0.0 0.11825356 0.0 0.0 0.0 0.0 0.019059353 0.15849276 0.0 0.0 0.0 0.059145924 0.018743578 0.0
0.0 0.0 0.011023399 0.0 0.0 0.0 0.058571283 0.0 0.0 0.0 0.0 0.0 0.0 0.025817456 0.0 0.023793612 0.0035209064 0.015981333 0.05473431 0.0 0.0 0.014583515 0.0 0.0 0.08572437 0.0036540325 0.0 0.0 0.0 0.0101689 0.0 0.035641603 0.0 0.048439804 0.0 0.10226504 0.007724643 0.0 0.0 0.0 0.012509168 0.13788591 0.021609815 0.0052913344 0.0 0.004905864 0.10238342 0.0 0.011072167 0.0 0.0 0.004012856 0.0019071712 0.0739885 0.0 0.03983243
0.0016484563 0.035092093 0.0 0.0 0.0 0.0 0.056572884 0.0 0.0 0.0 0.0 0.0 0.05187514 0.025159698 0.014970842 0.0 0.0722452 0.0 0.0159777 0.0 0.0 0.049609993 0.0 0.0 0.0 0.0 0.0 0.0 0.13370919 0.0 0.0 0.0 0.0 0.0 0.019561931 0.0 0.0 0.0 0.0 0.028114747 0.08909068 0.04274779 0.0 0.044997364 0.0 0.0 0.09366314 0.0 0.0 0.015661785 0.0 0.0 0.1359292 0.0 0.0 0.15592371
0.038665485 0.0 0.0 0.0 0.0 0.0 0.114043914 0.0 0.0 0.12714669 0.08381403 0.005333357 0.0 0.0 0.09387998 0.09934044 0.0 0.0 0.014795758 0.0 0.0 0.016835831 0.0036018763 0.0 0.0031488552 0.0 0.076071545 0.0 0.023518648 0.043850724 0.0 0.0 0.010368954 0.0 0.009318251 0.0 0.021208888 0.0 0.0 0.0 0.0 0.003345151 0.0 0.081448376 0.0 0.0 0.0 0.007541406 0.0 0.049607668 0.0 0.04153246 0.004766082 0.0065540485 0.0 0.005406527
0.054150805 0.0 0.0 0.0 0.0 0.0 0.03651761 0.04260555 0.0 0.028184816 0.01695373 0.0 0.013605897 0.03953762 0.0 0.0071215923 0.0 0.0 0.026699863 0.0311704 0.0 0.0 0.022325046 0.0418695 0.0 0.032242462 0.014410854 0.048103847 0.03242228 0.0 0.0 0.0 0.023429433 0.015830116 0.20809036 0.0 0.021049457 0.0 0.0 0.050893847 0.012510536 0.0 0.013745636 0.0 0.08775175 0.0 0.0 0.015928993 0.0 0.0 0.0 0.0 0.0 0.026145328 0.026228325 0.05710831
0.0 0.0 0.058571283 0.056572884 0.114043914 0.036517605 0.0 0.0 0.0 0.0 0.020769294 0.0 0.0 0.0 0.0 0.0 0.054190494 0.05926641 0.015896602 0.0 0.065704696 0.0 0.006296124 0.0 0.058722395 0.0 0.0 0.0 0.0 0.0 0.030784685 0.0 0.0 0.012682784 0.0 0.08721052 0.0 0.06089879 0.0 0.0 0.0 0.061304152 0.0 0.0 0.0 0.0 0.050300293 0.0 0.02130092 0.097196355 0.0181555 0.0 0.020492993 0.0 0.0 0.0
0.010197722 0.0 0.0 0.0 0.0 0.042605553 0.0 0.0 0.0 0.0 0.018516982 0.0 0.16528812 0.0 0.0 0.009186054 0.0 0.048865475 0.0 0.015823362 0.059267458 0.0 0.0 0.011990124 0.0 0.06677594 0.0 0.16179469 0.026765134 0.010443275 0.011663459 0.0 0.0 0.0 0.0 0.0 0.020345058 0.0 0.0 0.075919546 0.005419317 0.0 0.0 0.027861316 0.06619072 0.045743465 0.0 0.031182617 0.0039716996 0.0 0.082369916 0.0 0.0 0.0 0.01761028 0.0
0.0 0.0 0.0 0.0 0.0 0.0 0.0 0.0 0.0 0.0017252186 0.079070956 0.0 0.0 0.0 0.05463711 0.03127314 0.0 0.0 0.0 0.043689072 0.016810546 0.0 0.12908733 0.0 0.0 0.0 0.1624691 0.02796935 0.0 0.0 0.004365871 0.0 0.03342508 0.0 0.0 0.0 0.0 0.023559896 0.0 0.0 0.0 0.0 0.0 0.030244688 0.0 0.010683629 0.012500691 0.0 0.013595786 0.00721148 0.120986335 0.04153889 0.0 0.0 0.03993599 0.0
0.0 0.07069303 0.0 0.0 0.12714669 0.028184816 0.0 0.0 0.0017252186 0.0 0.028442435 0.043715302 0.029697 0.0 0.030772967 0.0074165477 0.021350142 0.0880026 0.0 0.033783924 0.0 0.0016129203 0.0 0.0 0.0 0.0 0.0 0.0 0.0017228877 0.0 0.0 0.025823511 0.004512218 0.0 0.003327864 0.0 0.0 0.0 0.0 0.081038475 0.0 0.09867238 0.00059530843 0.0 0.07939206 0.08315204 0.043002617 0.045518868 0.0 0.0 0.059702456 0.0 0.0 0.0 0.0 0.0
0.030520115 0.0111531345 0.0 0.0 0.08381403 0.016953731 0.020769294 0.018516982 0.079070956 0.028442435 0.0 0.007598403 0.039492607 0.0 0.0 0.089227796 0.017071212 0.04353348 0.058198262 0.021013439 0.022249449 0.011745184 0.0025013576 0.0 0.0 0.0 0.0 0.023097139 0.09946074 0.022901122 0.0 0.0 0.0 0.0 0.0 0.034912266 0.0 0.03257339 0.0 0.03927157 0.0 0.021378106 0.0 0.048748076 0.0 0.069694296 0.025842357 0.005470305 0.0 0.0 0.0 0.0 0.03284205 0.0021358256 0.0 0.014367147
0.0 0.0 0.0 0.0 0.005333357 0.0 0.0 0.0 0.0 0.043715302 0.0075984024 0.0 0.0 0.036476325 0.072060905 0.09934928 0.0 0.0 0.01331743 0.0 0.0 0.0 0.0056683905 0.035592157 0.0 0.0 0.0 0.0 0.0 0.0 0.081698716 0.0 0.0 0.037466366 0.010697791 0.020102333 0.0 0.0 0.017757853 0.03715292 0.011365645 0.01057939 0.0 0.019001884 0.0 0.0031993166 0.0 0.0091715185 0.007440346 0.032351773 0.14271347 0.07946628 0.0 0.05682625 0.076090984 0.0036057022
0.0 0.0 0.0 0.051875144 0.0 0.013605896 0.0 0.16528812 0.0 0.029697 0.039492607 0.0 0.0 0.0 0.0 0.006872647 0.0 0.0 0.0 0.032316465 0.0 0.0 0.028450381 0.09544672 0.0 0.04400911 0.070968576 0.01814645 0.0 0.0 0.0 0.0 0.007093001 0.0 0.039499655 0.0 0.0 0.0 0.0 0.0 0.051287834 0.0 0.028397232 0.0 0.049200647 0.0 0.0 0.0 0.0 0.0054064607 0.0037096397 0.013100607 0.0 0.05648081 0.035789043 0.0
0.0 0.09079931 0.025817456 0.025159698 0.0 0.03953762 0.0 0.0 0.0 0.0 0.0 0.036476325 0.0 0.0 0.0 0.0 0.0 0.0 0.0 0.005415968 0.0 0.06834223 0.10688001 0.0 0.0056031784 0.0 0.0021845947 0.010825865 0.0 0.061721455 0.0268072 0.0 0.036083236 0.0 0.0 0.0 0.0020038097 0.029275697 0.090280764 0.0 0.0048348475 0.0 0.09162203 0.08248884 0.0 0.12102629 0.0 0.0 0.012106181 0.0 0.0 0.0 0.04628908 0.0 0.0 0.0
0.002491942 0.0 0.0 0.014970842 0.09387998 0.0 0.0 0.0 0.05463711 0.030772967 0.0 0.0720609 0.0 0.0 0.0 0.0 0.0 0.035080716 0.0 0.08491945 0.09857222 0.0058060433 0.0023130435 0.0 0.016170286 0.0 0.06319515 0.0 0.0 0.015166643 0.037782345 0.021938032 0.0 0.0 0.0 0.0046450086 0.06034887 0.02062128 0.0 0.0 0.0 0.0281712 0.01797472 0.0 0.0 0.0 0.04970814 0.03721861 0.0 0.029187616 0.0 0.0 0.05657993 0.0 0.0 0.0
0.014653714 0.09517905 0.02379361 0.0 0.09934044 0.0071215928 0.0 0.009186053 0.03127314 0.0074165477 0.089227796 0.09934928 0.006872647 0.0 0.0 0.0 0.1278794 0.0254915 0.05871495 0.020855326 0.030286796 0.0 0.0 0.0 0.023881963 0.0 0.0 0.0 0.0 0.017517535 0.0 0.017854908 0.0 0.0 0.015683899 0.0 0.0 0.06111639 0.0 0.0 0.0 0.0051570474 0.08566505 0.0 0.0 0.0 0.011079616 0.008702997 0.0062795 0.0 0.0 0.0 0.10742428 0.0 0.0 0.0
0.0 0.0 0.0035209064 0.0722452 0.0 0.0 0.054190498 0.0 0.0 0.021350143 0.017071214 0.0 0.0 0.0 0.0 0.1278794 0.0 0.021650195 0.033487067 0.0 0.0 0.0 0.036412463 0.0 0.0 0.0 0.017601503 0.0 0.0 0.0 0.019003633 0.018496778 0.0 0.0 0.049355123 0.0028074067 0.0 0.021523202 0.025944943 0.0 0.0020580464 0.010789813 0.0 0.0 0.0 0.005370561 0.0 0.013910957 0.057609364 0.0 0.0 0.05474238 0.0 0.05687053 0.025825273 0.01320809
0.00729202 0.0 0.015981335 0.0 0.0 0.0 0.05926641 0.048865475 0.0 0.0880026 0.043533478 0.0 0.0 0.0 0.035080716 0.0254915 0.021650195 0.0 0.027333722 0.0 0.026179334 0.026504809 0.010460801 0.0 0.0 0.0 0.0 0.0 0.055347767 0.007291323 0.0 0.009495791 0.012853438 0.061265808 0.04655963 0.036582656 0.0 0.0 0.0 0.0 0.0 0.081013165 0.0 0.002250341 0.006578813 0.0 0.052691862 0.025259117 0.0 0.051196173 0.0 0.12873062 0.0 0.0 0.0 0.055138737
0.0 0.0 0.054734312 0.0159777 0.014795759 0.026699863 0.015896602 0.0 0.0 0.0 0.058198262 0.01331743 0.0 0.0 0.0 0.058714945 0.03348707 0.027333722 0.0 0.06029613 0.01817369 0.0 0.008523159 0.0 0.0195831 0.0 0.05489408 0.0 0.0 0.0 0.0023257667 0.0 0.0 0.00068269 0.020094838 0.0 0.0 0.0 0.033227153 0.0 0.044699546 0.0 0.002904773 0.024723055 0.0 0.015039533 0.11975947 0.0 0.0 0.07534026 0.0 0.007996633 0.0062081288 0.043410167 0.0 0.0
0.106900476 0.0 0.0 0.0 0.0 0.0311704 0.0 0.015823364 0.043689072 0.033783924 0.021013439 0.0 0.03231646 0.0054159686 0.08491946 0.020855326 0.0 0.0 0.060296126 0.11568383 0.0 0.0 0.06279125 0.03341877 0.0 0.0 0.0 0.01374593 0.0 0.0 0.0 0.0 0.011352169 0.0 0.024997469 0.0 0.0 0.003942561 0.0 0.004292659 0.0 0.0 0.0 0.0 0.040537924 0.0 0.0 0.0 0.0 0.0 0.0 0.12365379 0.0 0.009164895 0.023523092 0.0
0.035973214 0.0 0.0 0.0 0.0 0.0 0.065704696 0.059267458 0.016810546 0.0 0.02224945 0.0 0.0 0.0 0.09857221 0.030286798 0.0 0.026179334 0.01817369 0.0 0.0 0.0 0.013409295 0.11956709 0.0 0.0 0.0 0.0 0.015617681 0.0 0.0 0.0 0.0 0.0 0.13372825 0.0903391 0.0 0.0032869838 0.0 0.001990288 0.0070564686 0.0 0.0 0.0 0.0 0.01039273 0.0 0.0 0.0 0.0 0.0 0.12441652 0.0 0.0061094183 0.0 0.0
0.0 0.0 0.014583515 0.049609993 0.016835831 0.0 0.0 0.0 0.0 0.0016129202 0.011745184 0.0 0.0 0.06834223 0.005806043 0.0 0.0 0.026504809 0.0 0.0 0.0 0.0 0.024444364 0.05273905 0.0 0.0 0.009449725 0.09060026 0.0 0.0 0.01665134 0.039185114 0.05213797 0.02316633 0.050198026 0.15249187 0.0 0.0 0.0151267955 0.0 0.015962338 0.0036059103 0.019798873 0.0 0.0 0.0 0.0 0.06384538 0.035982415 0.0 0.080390714 0.0 0.0 0.036756776 0.083364524 0.0
0.05729816 0.064232714 0.0 0.0 0.0036018768 0.022325044 0.006296124 0.0 0.12908733 0.0 0.0025013576 0.00566839 0.028450381 0.10688 0.0023130432 0.0 0.036412466 0.0104608005 0.008523159 0.06279125 0.013409296 0.024444364 0.0 0.06357715 0.0 0.056112908 0.0 0.026774265 0.0 0.0 0.028274778 0.0 0.019629687 0.0 0.0 0.0 0.0 0.0 0.0 0.076640256 0.021351662 0.0 0.14762864 0.0 0.0 0.020483084 0.0 0.08152864 0.0 0.0 0.0 0.012203557 0.0 0.0 0.0 0.0
0.046427034 0.0 0.0 0.0 0.0 0.041869503 0.0 0.011990124 0.0 0.0 0.0 0.035592157 0.09544672 0.0 0.0 0.0 0.0 0.0 0.0 0.03341877 0.119567096 0.05273905 0.06357715 0.0 0.0 0.12915124 0.059382748 0.022632316 0.0021904963 0.0 0.0 0.0 0.044393227 0.0 0.0 0.0 0.022289697 0.0 0.0 0.02944087 0.0 0.0064214356 0.021242954 0.01504703 0.030629763 0.0 0.0 0.035171475 0.0 0.0 0.04427185 0.0040680985 0.0 0.0 0.034215555 0.0
0.0 0.0 0.08572437 0.0 0.0031488552 0.0 0.058722395 0.0 0.0 0.0 0.0 0.0 0.0 0.0056031784 0.016170286 0.023881963 0.0 0.0 0.0195831 0.0 0.0 0.0 0.0 0.0 0.0 0.0 0.0 0.0 0.0 0.0 0.0 0.07186643 0.0 0.1335159 0.030387297 0.011655096 0.0 0.0 0.09459367 0.0 0.0 0.0042530685 0.0 0.02396553 0.0 0.0 0.10548535 0.0 0.0 0.0 0.0 0.0 0.0 0.13410474 0.0 0.20808354
0.0 0.0 0.0036540325 0.0 0.0 0.032242462 0.0 0.06677593 0.0 0.0 0.0 0.0 0.04400911 0.0 0.0 0.0 0.0 0.0 0.0 0.0 0.0 0.0 0.056112908 0.12915124 0.0 0.1015385 0.015746675 0.09028759 0.0 0.0 0.034787502 0.0 0.046633434 0.0 0.0 0.0 0.0 0.0 0.10810971 0.035468496 0.03178166 0.0 0.014318883 0.0 0.011763526 0.0 0.0 0.0 0.025920026 0.0 0.06782807 0.0 0.0 0.0 0.008466447 0.0
0.0017757686 0.08173197 0.0 0.0 0.076071545 0.014410854 0.0 0.0 0.16246912 0.0 0.0 0.0 0.07096858 0.0021845945 0.06319515 0.0 0.017601503 0.0 0.05489408 0.0 0.0 0.009449725 0.0 0.05938275 0.0 0.015746675 0.020099496 0.0 0.0 0.02639429 0.0 0.0 0.0 0.024569413 0.0 0.028115077 0.029443191 0.06265234 0.0 0.0 0.0 0.0 0.075418234 0.0 0.012666981 0.07349663 0.0 0.029521951 0.0 0.0 0.003402336 0.073056705 0.0 0.0 0.0 0.0
0.015360715 0.037865836 0.0 0.0 0.0 0.04810385 0.0 0.1617947 0.02796935 0.0 0.023097139 0.0 0.01814645 0.010825865 0.0 0.0 0.0 0.0 0.0 0.013745929 0.0 0.09060025 0.026774265 0.022632316 0.0 0.09028759 0.0 0.048593752 0.012170488 0.0 0.0 0.0 0.084024884 0.0 0.0068779537 0.0 0.05589946 0.037375625 0.0 0.025517369 0.0 0.0 0.035609107 0.0 0.018465115 0.081021726 0.0 0.0 0.0 0.0 0.0006060257 0.0 0.0 0.0 0.0 0.0
0.0 0.0 0.0 0.13370919 0.023518648 0.032422278 0.0 0.026765136 0.0 0.0017228876 0.09946074 0.0 0.0 0.0 0.0 0.0 0.0 0.05534777 0.0 0.0 0.015617682 0.0 0.0 0.0021904965 0.0 0.0 0.0 0.012170489 0.0 0.0 0.10197702 0.048343137 0.0 0.0 0.0 0.013688136 0.0 0.14971158 0.0 0.0 0.0 0.0 0.0 3.213238e-12 0.03797594 0.0041442155 0.0 0.0 0.03292492 0.0 0.02584707 0.050508313 0.0 0.0 0.05227672 0.0
0.0 0.0040549613 0.010168901 0.0 0.043850724 0.0 0.0 0.010443275 0.0 0.0 0.02290112 0.0 0.0 0.061721455 0.015166643 0.017517533 0.0 0.007291323 0.0 0.0 0.0 0.0 0.0 0.0 0.0 0.0 0.026394289 0.0 0.0 0.0 0.01740617 0.06450418 0.006352985 0.01432797 0.032103192 0.057506263 0.0 0.0 0.0 0.031613298 0.12697746 0.04394006 0.039118852 0.011312008 0.0 0.0 0.08637777 0.0 0.014054227 0.0044870633 0.051046994 0.056108776 0.0 0.004893271 0.03543666 0.04313917
0.025470266 0.0 0.0 0.0 0.0 0.0 0.030784685 0.011663459 0.0043658717 0.0 0.0 0.08169871 0.0 0.0268072 0.037782345 0.0 0.019003633 0.0 0.002325767 0.0 0.0 0.01665134 0.02827478 0.0 0.0 0.034787502 0.0 0.0 0.10197702 0.017406167 0.0 0.0 0.0 0.06996456 0.038520306 0.026134785 0.0035755497 0.0 0.023861941 0.033841718 0.08621355 0.03682931 0.030914357 0.04044253 0.0 0.0 0.0 0.014641657 0.0 0.052479986 0.0037850789 0.0 0.028292779 0.033254795 0.0 0.08909144
0.0 0.0 0.035641607 0.0 0.0 0.0 0.0 0.0 0.0 0.025823511 0.0 0.0 0.0 0.0 0.021938032 0.017854907 0.018496778 0.009495791 0.0 0.0 0.0 0.039185114 0.0 0.0 0.07186643 0.0 0.0 0.0 0.048343137 0.064504184 0.0 0.007892842 0.00548069 0.023447273 0.024870498 0.026570586 0.0 0.0 0.0 0.0 0.035575178 0.022663487 0.026236478 0.14889789 0.0 0.0 0.050780322 0.0 0.0 0.0656012 0.023121038 0.0 0.12769511 0.0 0.0 0.10950538
0.089862004 0.0 0.0 0.0 0.010368954 0.023429435 0.0 0.0 0.033425078 0.004512218 0.0 0.0 0.0070930007 0.036083236 0.0 0.0 0.0 0.012853439 0.0 0.011352169 0.0 0.05213797 0.019629687 0.044393227 0.0 0.046633434 0.0 0.08402488 0.0 0.006352985 0.0 0.00548069 0.0 0.0 0.0 0.014467765 0.0 0.0 0.0020348316 0.048466116 0.10863767 0.0 0.0 0.0 0.0 0.0 0.0 0.11978252 0.0 0.014755925 0.061368495 0.0 0.0 0.016212178 0.09954454 0.0
0.0 0.010492985 0.04843981 0.0 0.0 0.015830116 0.012682784 0.0 0.0 0.0 0.0 0.037466366 0.0 0.0 0.0 0.0 0.0 0.061265808 0.00068269006 0.0 0.0 0.02316633 0.0 0.0 0.13351588 0.0 0.02456941 0.0 0.0 0.01432797 0.069964565 0.023447273 0.0 0.0 0.013368238 0.006484745 0.0 0.0 0.026812188 0.0 0.0 0.10922596 0.0 0.00087566825 0.070493676 0.028823096 0.0 0.0 0.024222797 0.024264434 0.0 0.0 0.02597482 0.0 0.013721244 0.01298703
0.0 0.006923051 0.0 0.019561933 0.009318251 0.20809036 0.0 0.0 0.0 0.003327864 0.0 0.010697791 0.039499655 0.0 0.0 0.015683899 0.049355123 0.04655963 0.020094838 0.024997469 0.13372825 0.050198026 0.0 0.0 0.0303873 0.0 0.0 0.006877954 0.0 0.032103192 0.038520306 0.0248705 0.0 0.013368238 0.0 0.0 0.0017332691 0.011678651 0.004398821 0.030951252 0.0 0.0440098 0.0 0.0 0.038179204 0.0 0.0 0.0 0.0 0.0 0.0 0.0 0.028324615 0.0 0.013487698 0.0
0.0 0.0 0.102265045 0.0 0.0 0.0 0.08721052 0.0 0.0 0.0 0.034912266 0.020102335 0.0 0.0 0.004645009 0.0 0.0028074067 0.036582656 0.0 0.0 0.0903391 0.15249187 0.0 0.0 0.011655095 0.0 0.028115075 0.0 0.013688137 0.057506267 0.026134785 0.026570586 0.014467766 0.006484745 0.0 0.0 0.0 0.01061779 0.004011144 0.0 0.0 0.018458616 0.03202248 0.0 0.0 0.0 0.0 0.0 0.0 0.043961562 0.0 0.0 0.03364925 0.0 0.011700012 0.0
0.020088734 0.0 0.007724643 0.0 0.021208888 0.021049457 0.0 0.020345058 0.0 0.0 0.0 0.0 0.0 0.0020038097 0.060348872 0.0 0.0 0.0 0.0 0.0 0.0 0.0 0.0 0.022289697 0.0 0.0 0.029443191 0.055899464 0.0 0.0 0.0035755497 0.0 0.0 0.0 0.0017332691 0.0 0.030731449 0.0 0.0 0.13541962 0.0498706 0.08075006 0.0 0.0 0.12260552 0.0 0.0 0.12469821 0.0 0.0075443857 0.038422152 0.0 0.0 0.0339546 0.09893937 0.013307038
0.010821972 0.0006816282 0.0 0.0 0.0 0.0 0.060898792 0.0 0.023559894 0.0 0.03257339 0.0 0.0 0.029275699 0.02062128 0.061116386 0.0215232 0.0 0.0 0.003942561 0.0032869836 0.0 0.0 0.0 0.0 0.0 0.06265234 0.03737563 0.14971158 0.0 0.0 0.0 0.0 0.0 0.011678651 0.01061779 0.0 0.0 0.0 0.0 0.014064202 0.08424382 0.035134137 0.05555739 0.0 0.016955074 0.0 0.0 0.0 0.034109905 0.0 0.009944348 0.033307556 0.15694228 0.0 0.028824706
0.0 0.006578149 0.0 0.0 0.0 0.0 0.0 0.0 0.0 0.0 0.0 0.017757853 0.0 0.090280764 0.0 0.0 0.025944943 0.0 0.033227153 0.0 0.0 0.015126796 0.0 0.0 0.09459367 0.108109705 0.0 0.0 0.0 0.0 0.023861941 0.0 0.0020348316 0.026812188 0.004398821 0.004011144 0.0 0.0 0.06668735 0.06337176 0.06895897 0.0 0.0037755938 0.073504314 0.0 0.0 0.0 0.006807306 0.11675336 0.0 0.0 0.0 0.050146475 0.07209405 0.02559306 0.0
0.0035797807 0.021674512 0.0 0.028114745 0.0 0.05089385 0.0 0.07591954 0.0 0.081038475 0.039271574 0.037152924 0.0 0.0 0.0 0.0 0.0 0.0 0.0 0.004292659 0.0019902883 0.0 0.076640256 0.02944087 0.0 0.0354685 0.0 0.025517369 0.0 0.031613298 0.033841718 0.0 0.048466116 0.0 0.030951254 0.0 0.13541964 0.0 0.063371755 0.0 0.0 0.0 0.02927032 0.0 0.09053897 0.012672929 0.017257802 0.0 0.11332275 0.015430714 0.0 0.00022930889 0.002000052 0.0 0.0018136136 0.0
0.0 0.0071825343 0.012509169 0.08909068 0.0 0.012510535 0.0 0.005419317 0.0 0.0 0.0 0.011365645 0.051287837 0.0048348475 0.0 0.0 0.0020580464 0.0 0.044699546 0.0 0.007056468 0.015962338 0.02135166 0.0 0.0 0.03178166 0.0 0.0 0.0 0.12697746 0.08621355 0.035575178 0.108637676 0.0 0.0 0.0 0.049870603 0.014064202 0.06895897 0.0 0.0 0.0 0.0 0.0 0.014859547 0.051781937 0.0 0.0 0.08375426 0.0 0.008860751 0.0 0.062859505 0.008705675 0.0 0.0
0.0 0.0014110579 0.13788591 0.042747796 0.003345151 0.0 0.061304156 0.0 0.0 0.09867238 0.021378106 0.01057939 0.0 0.0 0.0281712 0.005157048 0.0107898135 0.081013165 0.0 0.0 0.0 0.0036059103 0.0 0.006421435 0.0042530685 0.0 0.0 0.0 0.0 0.04394006 0.03682931 0.022663487 0.0 0.10922595 0.044009805 0.018458616 0.08075006 0.08424382 0.0 0.0 0.0 0.0 0.0029017217 0.0 0.0 0.004528719 0.006956037 0.0 0.0 0.056518164 0.0 0.02220227 0.0 0.0 0.0 0.0
0.0 0.0 0.021609815 0.0 0.0 0.013745635 0.0 0.0 0.0 0.00059530843 0.0 0.0 0.028397232 0.09162203 0.017974718 0.08566505 0.0 0.0 0.002904773 0.0 0.0 0.019798871 0.14762864 0.021242954 0.0 0.014318883 0.075418234 0.03560911 0.0 0.039118852 0.030914359 0.026236478 0.0 0.0 0.0 0.03202248 0.0 0.035134137 0.0037755936 0.02927032 0.0 0.002901722 0.0 0.0 0.0 0.0 0.0 0.0 0.0 0.04054663 0.06915046 0.025867805 0.0 0.0 0.05295975 0.0
0.0 0.11825356 0.0052913344 0.044997364 0.08144838 0.0 0.0 0.027861316 0.030244684 0.0 0.04874808 0.019001884 0.0 0.08248885 0.0 0.0 0.0 0.0022503412 0.024723055 0.0 0.0 0.0 0.0 0.01504703 0.023965532 0.0 0.0 0.0 3.2132383e-12 0.011312009 0.040442534 0.1488979 0.0 0.0008756682 0.0 0.0 0.0 0.055557385 0.073504314 0.0 0.0 0.0 0.0 0.0 0.0 0.011151536 0.0 0.0 0.07351243 0.0 0.040552717 0.0 0.011160576 0.0 0.0 0.0
0.101579204 0.0 0.0 0.0 0.0 0.08775175 0.0 0.06619072 0.0 0.07939206 0.0 0.0 0.049200647 0.0 0.0 0.0 0.0 0.006578813 0.0 0.040537927 0.0 0.0 0.0 0.030629763 0.0 0.011763526 0.012666981 0.018465115 0.03797594 0.0 0.0 0.0 0.0 0.070493676 0.038179208 0.0 0.12260552 0.0 0.0 0.09053897 0.014859548 0.0 0.0 0.0 0.04440528 0.0 0.0 0.055758204 0.0 0.007352301 0.0 0.0 0.0 0.0 0.08030207 0.015529284
0.03324689 0.0 0.0049058646 0.0 0.0 0.0 0.0 0.045743465 0.010683629 0.08315205 0.06969429 0.0031993166 0.0 0.1210263 0.0 0.0 0.0053705606 0.0 0.015039533 0.0 0.010392731 0.0 0.020483084 0.0 0.0 0.0 0.07349663 0.081021726 0.0041442155 0.0 0.0 0.0 0.0 0.028823096 0.0 0.0 0.0 0.016955076 0.0 0.012672929 0.051781934 0.004528719 0.0 0.011151536 0.0 0.0 0.0 0.012105908 0.0 0.017002475 0.030908432 0.05804525 0.0 0.0 0.06213309 0.0
0.0 0.0 0.10238342 0.09366314 0.0 0.0 0.050300293 0.0 0.01250069 0.043002617 0.025842357 0.0 0.0 0.0 0.04970814 0.011079615 0.0 0.052691862 0.11975947 0.0 0.0 0.0 0.0 0.0 0.10548535 0.0 0.0 0.0 0.0 0.08637776 0.0 0.050780322 0.0 0.0 0.0 0.0 0.0 0.0 0.0 0.017257802 0.0 0.006956037 0.0 0.0 0.0 0.0 0.0 0.0 0.0 0.0 0.0 0.0 0.0 0.0 0.0 0.08154179
0.05184535 0.0 0.0 0.0 0.007541406 0.015928993 0.0 0.031182617 0.0 0.045518864 0.005470305 0.009171519 0.0 0.0 0.03721861 0.008702997 0.013910957 0.025259115 0.0 0.0 0.0 0.06384538 0.08152864 0.035171475 0.0 0.0 0.029521951 0.0 0.0 0.0 0.014641657 0.0 0.119782515 0.0 0.0 0.0 0.1246982 0.0 0.006807306 0.0 0.0 0.0 0.0 0.0 0.055758208 0.012105909 0.0 0.05123455 0.0 0.0 0.0 0.00578883 0.023072634 0.004074002 0.03362217 0.0
0.037515666 0.019059353 0.011072167 0.0 0.0 0.0 0.02130092 0.0039716996 0.013595787 0.0 0.0 0.007440346 0.0 0.012106182 0.0 0.0062795 0.057609364 0.0 0.0 0.0 0.0 0.035982415 0.0 0.0 0.0 0.025920024 0.0 0.0 0.03292492 0.014054227 0.0 0.0 0.0 0.024222797 0.0 0.0 0.0 0.0 0.11675336 0.11332274 0.08375426 0.0 0.0 0.07351242 0.0 0.0 0.0 0.0 0.0 0.025139175 0.0 0.0 0.0 0.0713402 0.0 0.08165501
0.021047017 0.15849274 0.0 0.015661787 0.049607668 0.0 0.09719635 0.0 0.0072114794 0.0 0.0 0.032351773 0.0054064603 0.0 0.029187616 0.0 0.0 0.05119617 0.07534026 0.0 0.0 0.0 0.0 0.0 0.0 0.0 0.0 0.0 0.0 0.0044870633 0.052479986 0.0656012 0.014755925 0.024264436 0.0 0.04396156 0.0075443853 0.034109905 0.0 0.015430714 0.0 0.056518164 0.04054663 0.0 0.0073523005 0.017002476 0.0 0.0 0.025139175 0.0 0.0 0.0 0.0 0.0 0.006252937 0.0
0.1306318 0.0 0.0 0.0 0.0 0.0 0.0181555 0.082369916 0.120986335 0.059702452 0.0 0.14271347 0.0037096397 0.0 0.0 0.0 0.0 0.0 0.0 0.0 0.0 0.080390714 0.0 0.04427185 0.0 0.06782807 0.003402336 0.0006060257 0.02584707 0.051046994 0.0037850789 0.023121038 0.061368488 0.0 0.0 0.0 0.038422152 0.0 0.0 0.0 0.008860751 0.0 0.06915046 0.040552717 0.0 0.030908436 0.0 0.0 0.0 0.0 0.0 0.0 0.024420902 0.0 0.0 0.0
0.0 0.0 0.004012856 0.0 0.041532464 0.0 0.0 0.0 0.041538894 0.0 0.0 0.07946628 0.013100607 0.0 0.0 0.0 0.05474238 0.12873062 0.007996634 0.12365379 0.12441653 0.0 0.012203557 0.0040680985 0.0 0.0 0.0730567 0.0 0.050508313 0.056108776 0.0 0.0 0.0 0.0 0.0 0.0 0.0 0.009944348 0.0 0.00022930889 0.0 0.02220227 0.025867805 0.0 0.0 0.05804525 0.0 0.00578883 0.0 0.0 0.0 0.0 0.120194905 0.0 0.0049372627 0.0
0.0 0.0 0.0019071712 0.13592921 0.004766082 0.0 0.020492993 0.0 0.0 0.0 0.03284205 0.0 0.0 0.046289083 0.056579925 0.10742428 0.0 0.0 0.0062081288 0.0 0.0 0.0 0.0 0.0 0.0 0.0 0.0 0.0 0.0 0.0 0.028292777 0.12769511 0.0 0.02597482 0.028324613 0.03364925 0.0 0.033307556 0.050146475 0.0020000522 0.062859505 0.0 0.0 0.011160576 0.0 0.0 0.0 0.023072634 0.0 0.0 0.024420904 0.120194905 0.0 0.0469922 0.0 0.0
0.0 0.059145927 0.0739885 0.0 0.0065540485 0.026145328 0.0 0.0 0.0 0.0 0.0021358256 0.05682625 0.056480814 0.0 0.0 0.0 0.056870528 0.0 0.04341017 0.009164895 0.0061094183 0.036756776 0.0 0.0 0.13410473 0.0 0.0 0.0 0.0 0.0048932703 0.033254795 0.0 0.016212178 0.0 0.0 0.0 0.0339546 0.15694228 0.07209406 0.0 0.008705676 0.0 0.0 0.0 0.0 0.0 0.0 0.004074002 0.0713402 0.0 0.0 0.0 0.0469922 0.0 0.0 0.016255226
0.09896022 0.018743578 0.0 0.0 0.0 0.026228324 0.0 0.01761028 0.039935987 0.0 0.0 0.076090984 0.035789043 0.0 0.0 0.0 0.025825273 0.0 0.0 0.023523094 0.0 0.083364524 0.0 0.034215555 0.0 0.008466446 0.0 0.0 0.052276723 0.035436664 0.0 0.0 0.09954455 0.0137212435 0.013487697 0.011700012 0.09893937 0.0 0.025593057 0.0018136136 0.0 0.0 0.052959755 0.0 0.08030206 0.062133092 0.0 0.03362217 0.0 0.006252937 0.0 0.0049372627 0.0 0.0 0.018515324 0.005646712
0.0 0.0 0.039832436 0.15592372 0.005406527 0.057108305 0.0 0.0 0.0 0.0 0.014367147 0.0036057022 0.0 0.0 0.0 0.0 0.013208089 0.055138737 0.0 0.0 0.0 0.0 0.0 0.0 0.20808354 0.0 0.0 0.0 0.0 0.04313917 0.08909144 0.10950538 0.0 0.01298703 0.0 0.0 0.013307037 0.028824706 0.0 0.0 0.0 0.0 0.0 0.0 0.015529284 0.0 0.08154179 0.0 0.081655 0.0 0.0 0.0 0.0 0.016255224 0.005646712 0.0
