0.036696505 0.0 0.0 0.12255957 0.057792958 0.0 0.032294266 0.031045021 0.0 0.06914053 0.060324527 0.0016941081 0.0 0.024496272 0.0 0.0 0.0 0.03487279 0.0984087 0.0 0.026634386 0.0 0.031830683 0.006258145 0.0056854566 0.01639487 0.0 0.0 0.0 0.0 0.06667828 0.04748708 0.04255184 0.0 0.0 0.0 0.0 0.0031427152 0.049418576 0.0 0.0 0.04344179 0.0 0.046918508 0.0 0.00039903482 0.0 0.014006777 0.017740944 0.027904557 0.0 0.016880495 0.011222601 0.010484004 0.0 0.0
0.0 0.0 0.026938293 0.07477533 0.04078893 0.0 0.0 0.0 0.0 0.0 0.0 0.0 0.0 0.0 0.015210457 0.0 0.0 0.0 0.0 0.0 0.0 0.0 0.033523053 0.0 0.042290285 0.0 0.01853416 0.028569644 0.0 0.0 0.07124196 0.0031571838 0.024686417 0.021857947 0.0 0.0 0.0 0.0 0.024065267 0.090600245 0.013626827 0.0 0.0 0.01829413 0.0 0.0 0.003692688 0.0 0.10470569 0.0 0.03257909 0.0 0.0 0.021083364 0.12665 0.003287753
0.0 0.026938295 0.07921706 0.026652679 0.0054800073 0.09477916 0.0 0.0 0.027072353 0.0 0.0 0.013684973 0.044264548 0.0 0.045661308 0.0 0.0 0.0 0.030799955 0.0 0.0060474467 0.0 0.0 0.0 0.012296029 0.0 0.0 0.0 0.030608395 0.11526702 0.0 0.042973757 0.0027290324 0.05910065 0.030629277 0.11474534 0.0 0.0 0.04370059 0.00095474307 0.0 0.030631268 0.0 0.0 0.0 0.0 0.100921 0.019527566 0.0 0.0 0.0 0.0 0.0 0.0 0.0 0.07050457
0.12255958 0.07477533 0.026652679 0.0 0.0 0.0 0.0 0.060495887 0.0 0.0 0.094457634 0.0 0.0 0.041904468 0.0 0.0 0.0 0.0 0.0 0.0062128115 0.0 0.0033915185 0.0 0.0 0.0 0.0 0.0 0.024910396 0.048206277 0.0 0.0 0.0 0.0 0.0700171 0.047256254 0.0074864645 0.022908974 0.0 0.0 0.01700569 0.04172455 0.0 0.030334007 0.0 0.0 0.0 0.0 0.0 0.0 0.0 0.0 0.0 0.0 0.0 0.049160663 0.107997194
0.057792958 0.04078893 0.0054800073 0.0 0.0 0.0 0.0 0.040870167 0.11768943 0.04473175 0.037199926 0.0 0.019947661 0.0119741345 0.038487833 0.0 0.0 0.008362476 0.038729437 0.0 0.0 0.0 0.0 0.0 0.029192027 0.0 0.02233553 0.0 0.06537095 0.0 0.0 0.0 0.0 0.09337804 0.023525096 0.016812768 0.0058581745 0.0 0.0 0.06201842 0.0037568258 0.05424167 0.05480864 0.0 0.0 0.0 0.040157966 0.0 0.0 0.0 0.0 0.0 0.0 0.038842283 0.002224282 0.084439
0.0 0.0 0.09477917 0.0 0.0 0.0 0.016997341 0.034614682 0.0 0.021972146 0.01537143 0.0 0.016558751 0.050136093 0.011291883 0.055821408 0.0 0.013160351 0.0 0.02834512 0.0 0.065825514 0.044659674 0.004034176 0.06821021 0.0 0.07549081 0.0 0.0 0.0 0.0048988666 0.01466867 0.0 0.04249806 0.021939501 0.0 0.0 0.0 0.0153030725 0.029461736 0.019456554 0.027629465 0.007938078 0.0 0.022632118 0.0 0.0 0.02415194 0.0 0.0 0.011602614 0.0072714863 0.02003899 0.0051649613 0.07428956 0.0
0.032294266 0.0 0.0 0.0 0.0 0.016997341 0.0 0.055273455 0.0 0.059634287 0.0 0.0 0.0 0.03199654 0.05967775 0.06469446 0.0 0.024241464 0.0 0.032356806 0.0 0.0 0.0 0.026988307 0.0 0.0 0.075281024 0.0 0.0 0.0 0.0 0.0 0.0 0.0 0.026365966 0.0073908227 0.052104227 0.0 0.0 0.0 0.0 0.021808216 0.0 0.0 0.03507965 0.018325435 0.0 0.0 0.0 0.0 0.0 0.1348192 0.0 0.0 0.12980619 0.0
0.031045021 0.0 0.0 0.060495887 0.040870164 0.034614682 0.05527345 0.026773559 0.0 0.07815861 0.017857037 0.0 0.0 0.0 0.006961654 0.0 0.014490883 0.0 0.020311711 0.0 0.11463259 0.0076964167 0.008966951 0.0 0.035887975 0.02305833 0.0 0.0 0.0 0.0029784548 0.014772995 0.0 0.09919332 0.0 0.0 0.0 0.0007277352 0.0 0.022838663 0.0 0.0 0.0 0.0 0.0855401 0.0773206 0.0 0.0 0.046224963 0.0014338563 0.09820155 0.049888223 0.0 0.100406855 0.010898621 0.0053457986 0.0
0.0 0.0 0.027072353 0.0 0.11768944 0.0 0.0 0.0 0.0 0.0 0.0 0.0 0.0 0.0 0.0 0.0 0.022077972 0.0 0.0 0.07624507 0.025790276 0.07605337 0.0 0.0 0.0 0.0 0.08120358 0.0 0.0 0.0 0.0 0.0 0.08957417 0.0 0.0 0.0 0.025797678 0.02000102 0.0 0.0 0.0 0.07239148 0.028840357 0.0 0.021551564 0.003611145 0.0 0.0 0.04805331 0.0 0.020356087 0.0 0.0 0.0 0.04879425 0.061317172
0.06914053 0.0 0.0 0.0 0.04473175 0.021972146 0.059634287 0.0781586 0.0 0.072986186 0.0 0.0 0.0 0.0 0.0 0.0 0.0 0.0 0.036296282 0.022087377 0.029827643 0.010794999 0.021049052 0.0 0.0130454395 0.06725535 0.0 0.0 0.0 0.0 0.03372431 0.0 0.0 0.0 0.0 0.0 0.068128765 0.0 0.0 0.0 0.0 0.0 0.0 0.1240315 0.045185495 0.0 0.0 0.031059884 0.0 0.058657832 0.009116989 0.037816968 0.0060770856 0.010868664 0.00057497475 0.010692074
0.060324527 0.0 0.0 0.094457634 0.037199926 0.01537143 0.0 0.017857037 0.0 0.0 0.0 0.0 0.0 0.024471011 0.026844542 0.0 0.021618027 0.0 0.04870032 0.018908776 0.023933008 0.0 0.04438786 0.0 0.0 0.0 0.021111544 0.0 0.0 0.05385368 0.06460891 0.0 0.08591204 0.0 0.0 0.0 0.004003112 0.00041796797 0.036020566 0.0 0.0 0.018219795 0.020272631 0.0 0.0 0.0027178102 0.0 0.027496284 0.01114457 0.0 0.007114824 0.03289464 0.0 0.0 0.002048331 0.0
0.001694108 0.0 0.013684974 0.0 0.0 0.0 0.0 0.0 0.0 0.0 0.0 0.032918744 0.2712429 0.014091421 0.01895326 0.0 0.0 0.0 0.0 0.0 0.0 0.0 0.0 0.003606816 0.003116286 0.0 0.024303114 0.0 0.090604514 0.024856834 0.0 0.0 0.0 0.004642304 0.0 0.022406649 0.0 0.0 0.009026775 0.13846892 0.0 0.026812805 0.0 0.0 0.0 0.0 0.0 0.0 0.0 0.0 0.0 0.04213344 0.0 0.0 0.030970035 0.052736945
0.0 0.0 0.044264548 0.0 0.019947661 0.016558751 0.0 0.0 0.0 0.0 0.0 0.2712429 0.0 0.0 0.015708782 0.0 0.009666947 0.0 0.017061016 0.029112099 0.11718144 0.09072444 0.0 0.0 0.029184345 0.0 0.0 0.0 0.0056991214 0.013858203 0.0 0.0 0.09010946 0.0 0.0069468482 0.0 0.04031945 0.0 0.029533098 0.0 0.016524894 0.008542459 0.0 0.0 0.029285815 0.023614867 0.0 0.0 0.1089329 0.014064135 0.0 0.0 0.011405269 0.0 0.004720007 0.0
0.024496272 0.0 0.0 0.041904468 0.0119741345 0.050136093 0.03199654 0.0 0.0 0.0 0.024471011 0.014091422 0.0 0.0 0.0 0.042420976 0.0 0.0 0.0 0.12411085 0.019372229 0.07532907 0.057117578 0.0 0.0 0.0 0.016937543 0.0032923156 0.0 0.0021811519 0.0755649 0.0 0.10321763 0.0 0.047459964 0.0 0.05425029 0.056263395 0.012408316 0.0 0.008218177 0.0 0.0 0.0 0.026812831 0.033900805 0.0 0.0054312167 0.0 0.06309897 0.12710758 0.0 0.0 0.0 0.009640865 0.0
0.0 0.015210458 0.045661308 0.0 0.038487833 0.011291883 0.05967775 0.006961654 0.0 0.0 0.02684454 0.018953258 0.015708782 0.0 0.0 0.0 0.018989494 0.0 0.02961642 0.0 0.044618964 0.02301559 0.0 0.0 0.117767185 0.0 0.027018202 0.0 0.0 0.027110714 0.0 0.06381498 0.03410004 0.0 0.02056147 0.015989568 0.0 0.0 0.027069455 0.0 0.0 0.053045724 0.041247748 0.0 0.0 0.0027851334 0.015301564 0.0 0.0 0.027482575 0.0 0.017891554 0.041323148 0.04900843 0.0 0.013824717
0.0 0.0 0.0 0.0 0.0 0.055821408 0.06469446 0.0 0.0 0.0 0.0 0.0 0.0 0.042420976 0.0 0.0 0.1054007 0.028215794 0.006779897 0.0050907917 0.0 0.0 0.0 0.019340605 0.16358271 0.0 0.0 0.0 0.019101428 0.0027804587 0.0 0.0 0.029273184 0.036748067 0.0 0.0 0.0 0.0 0.044767383 0.0 0.0 0.0 0.0 0.016171051 0.01338948 0.0 0.0 0.03231974 0.0 0.07672791 0.0 0.0 0.08440529 0.0 0.0 0.0
0.0 0.0 0.0 0.0 0.0 0.0 0.0 0.014490884 0.02207797 0.0 0.021618025 0.0 0.009666947 0.0 0.018989494 0.105400704 0.0 0.0 0.00997795 0.0 0.0 0.0 0.03248932 0.14617653 0.0 0.0 0.058677077 0.009304538 0.0 0.0 0.067546435 0.0 0.0 0.0 0.11428257 0.046199586 0.011230198 0.13062643 0.0 0.044328954 0.0 0.0 0.0 0.0 0.0 0.0 0.016524848 0.0 0.0 0.0 0.04099915 0.055532712 0.0027378888 0.0 0.04295798 0.0
0.03487279 0.0 0.0 0.0 0.008362475 0.013160351 0.024241464 0.0 0.0 0.0 0.0 0.0 0.0 0.0 0.0 0.028215796 0.0 0.0 0.016198797 0.0 0.0 0.035665795 0.0858115 0.08463342 0.0 0.0 0.12204115 0.03276597 0.0 0.0 0.0 0.042186223 0.013368619 0.0 0.055855233 0.0 0.012745979 0.0 0.027684975 0.08367938 0.0 0.0 0.0 0.0 0.0 0.0 0.0 0.0 0.0 0.0 0.008053024 0.015400068 0.0 0.015759986 0.04912083 0.0
0.0984087 0.0 0.030799959 0.0 0.038729437 0.0 0.0 0.020311711 0.0 0.036296282 0.048700325 0.0 0.017061016 0.0 0.029616417 0.0067798966 0.00997795 0.016198797 0.0 0.010606835 0.0 0.0 0.0 0.0 0.0 0.0 0.007226884 0.0071368795 0.08264442 0.0 0.0 0.0 0.0 0.05604559 0.022966558 0.09415919 0.08330617 0.0 0.0 0.034673974 0.0 0.015435679 0.01900555 0.0 0.0 0.0 0.0 0.0 0.0 0.0 0.0 0.061819572 0.0 0.00916566 0.017324511 0.022915877
0.0 0.0 0.0 0.0062128115 0.0 0.02834512 0.032356806 0.0 0.07624508 0.022087378 0.018908776 0.0 0.029112097 0.12411085 0.0 0.0050907917 0.0 0.0 0.010606834 0.0 0.0 0.0 0.0 0.0111490665 0.0 0.03010023 0.0 0.0 0.0538714 0.0038392271 0.0 0.0062967474 0.0 0.04323222 0.038764626 0.032029036 0.0 0.0 0.0 0.040482573 0.096583284 0.0070467605 0.061567705 0.055674355 0.0 0.0 0.0 0.0028316993 0.0 0.01007 0.0 0.0 0.015303272 0.0699454 0.0022865369 0.022275347
0.026634388 0.0 0.0060474463 0.0 0.0 0.0 0.0 0.1146326 0.025790276 0.029827645 0.023933008 0.0 0.11718144 0.019372229 0.044618964 0.0 0.0 0.0 0.0 0.0 0.0 0.027192391 0.0 0.026403533 0.0 0.024615522 0.0 0.0 0.028559646 0.0 0.0 0.0 0.0 0.0 0.12632881 0.13118413 0.0 0.0 0.0048091956 0.00881955 0.0043498897 0.016748354 0.0 0.0 0.0 0.0 0.019324873 0.0007076674 0.0 0.0 0.0 0.04689747 0.0 0.0 0.025318855 0.024854857
0.0 0.0 0.0 0.0033915187 0.0 0.065825514 0.0 0.007696416 0.076053366 0.010794999 0.0 0.0 0.09072444 0.07532908 0.02301559 0.0 0.0 0.035665795 0.0 0.0 0.027192393 0.0 0.0067434143 0.008877414 0.038286973 0.0 0.020369098 0.0 0.0 0.020777516 0.011306967 0.05983406 0.0 0.0411649 0.0 0.046905465 0.0 0.0 0.0 0.04301523 0.011535892 0.0 0.0 0.0 0.0 0.04493104 0.0 0.0 0.0 0.0 0.022781923 0.066470556 0.0 0.0 0.032716725 0.0
0.031830683 0.033523053 0.0 0.0 0.0 0.044659674 0.0 0.008966952 0.0 0.021049052 0.04438786 0.0 0.0 0.057117574 0.0 0.0 0.03248932 0.0858115 0.0 0.0 0.0 0.0067434143 0.025463905 0.09385908 0.0 0.17471665 0.0 0.044103034 0.0 0.0 0.0 0.0027258177 0.0 0.004400897 0.0 0.0 0.01266706 0.0 0.0 0.0 0.049362633 0.0 0.10131744 0.0 0.0 0.0027823667 0.0 0.07788089 0.0 0.058745366 0.03400259 0.0013567773 0.0 0.014671025 0.0 0.0
0.006258145 0.0 0.0 0.0 0.0 0.004034176 0.026988307 0.0 0.0 0.0 0.0 0.0036068163 0.0 0.0 0.0 0.019340603 0.14617653 0.08463342 0.0 0.0111490665 0.026403535 0.008877414 0.09385908 0.0 0.048314877 0.07448096 0.0 0.0 0.0 0.0 0.0 0.0 0.07890561 0.0 0.0 0.0 0.0 0.0 0.056137856 0.0 0.0 0.0 0.0 0.007457974 0.05560159 0.0 0.0 0.034862686 0.0077366177 0.05950064 0.016685173 0.0 0.090570204 0.0 0.0139599275 0.0
0.0056854566 0.042290285 0.012296028 0.0 0.029192029 0.06821021 0.0 0.035887975 0.0 0.0130454395 0.0 0.0031162861 0.029184347 0.0 0.11776719 0.16358271 0.0 0.0 0.0 0.0 0.0 0.03828697 0.0 0.048314877 0.0 0.0 0.028122403 0.0 0.0 0.0 0.023461247 0.0 0.0 0.011765391 0.0439449 0.0 0.008686646 0.122645125 0.0 0.019747835 0.0 0.0 0.0282436 0.0 0.029757757 0.052313585 0.014800433 0.0 0.0 0.0 0.0 0.07194087 0.0 0.0 0.008031378 0.0
0.01639487 0.0 0.0 0.0 0.0 0.0 0.0 0.023058333 0.0 0.06725534 0.0 0.0 0.0 0.0 0.0 0.0 0.0 0.0 0.0 0.030100232 0.02461552 0.0 0.17471665 0.07448096 0.0 0.033419926 0.0 0.027189812 0.0 0.0 0.0019216577 0.0 0.04756391 0.0 0.0016308395 0.0 0.00398575 0.0 0.0 0.0 0.040563487 0.0 0.0 0.0 0.10025053 0.0 5.1898135e-09 0.076198295 0.004571075 0.03941535 0.1388699 0.032941937 0.019110972 0.009123605 0.040197928 0.006296
0.0 0.01853416 0.0 0.0 0.02233553 0.07549082 0.075281024 0.0 0.08120358 0.0 0.021111544 0.024303114 0.0 0.016937543 0.027018202 0.0 0.05867708 0.12204115 0.0072268834 0.0 0.0 0.0203691 0.0 0.0 0.028122403 0.0 0.016640052 0.007747188 0.10524968 0.0887585 0.0 0.06476578 0.0054824296 0.011264952 0.013197903 0.013718312 0.0 0.0 0.0 0.0 0.0 0.0 0.055706125 0.0045557907 0.019373313 0.0 0.0 0.057635535 0.0 0.055256516 0.0 0.026483899 0.0 0.0 0.0 0.036101017
0.0 0.028569642 0.0 0.024910396 0.0 0.0 0.0 0.0 0.0 0.0 0.0 0.0 0.0 0.0032923156 0.0 0.0 0.009304538 0.03276597 0.00713688 0.0 0.0 0.0 0.044103034 0.0 0.0 0.027189812 0.0077471887 0.02385841 0.0 0.019224366 0.01974421 0.0 0.06490771 0.014434734 0.0 0.0 0.0061397715 0.0 0.0 0.0 0.15994154 0.0 0.007812192 0.005055357 0.0 0.025637692 0.0 0.008270047 0.0 0.11606559 0.117713585 0.0 0.03527761 0.014005068 0.0 0.0
0.0 0.0 0.030608397 0.048206273 0.065370955 0.0 0.0 0.0 0.0 0.0 0.0 0.09060451 0.0056991214 0.0 0.0 0.019101428 0.0 0.0 0.08264441 0.0538714 0.028559646 0.0 0.0 0.0 0.0 0.0 0.10524969 0.0 0.0 0.020471651 0.04598419 0.031005558 0.013201472 0.0 0.0 0.045134995 0.0 0.0 0.033966064 0.0 0.0 0.015503819 0.0 0.0278091 0.0 0.03996096 0.0 0.0 0.033154063 0.0 0.0 0.0 0.0041549345 0.0 0.099745326 0.0
0.0 0.0 0.11526702 0.0 0.0 0.0 0.0 0.0029784546 0.0 0.0 0.053853683 0.024856834 0.013858202 0.0021811519 0.027110714 0.0027804587 0.0 0.0 0.0 0.003839227 0.0 0.020777518 0.0 0.0 0.0 0.0 0.0887585 0.019224366 0.020471651 0.076409675 0.02743497 0.012564123 0.0 0.054565523 0.0015510474 0.0 0.0 0.0 0.053123876 0.11164682 0.0 0.034786757 0.0 0.0 0.0 0.017648956 0.019567866 0.006575787 0.0 0.0 0.0 0.01761816 0.017879514 0.016912794 0.043537922 0.023385482
0.06667828 0.07124197 0.0 0.0 0.0 0.0048988666 0.0 0.014772997 0.0 0.03372431 0.06460891 0.0 0.0 0.0755649 0.0 0.0 0.06754643 0.0 0.0 0.0 0.0 0.011306967 0.0 0.0 0.023461247 0.0019216576 0.0 0.01974421 0.04598419 0.02743497 0.0 0.0 0.002617063 0.094032176 0.014962056 0.0 0.02872097 0.0 0.013621218 0.020052262 0.04332012 0.0 0.022849478 0.0 0.07044413 0.0 0.0 0.07285046 0.0 0.0 0.0 0.0 0.0 0.03934465 0.0 0.08430387
0.04748708 0.003157184 0.042973757 0.0 0.0 0.0146686705 0.0 0.0 0.0 0.0 0.0 0.0 0.0 0.0 0.06381498 0.0 0.0 0.042186223 0.0 0.0062967474 0.0 0.05983406 0.002725818 0.0 0.0 0.0 0.06476577 0.0 0.031005558 0.012564122 0.0 0.0 0.0 0.07100522 0.026484814 0.0 0.13426335 0.12333723 0.013046069 0.0 0.0 0.050625872 0.0 0.0 0.0 0.0 0.07168473 0.0 0.026784968 0.0 0.0044904724 0.0 0.0 0.014383517 0.0 0.0
0.04255184 0.024686417 0.0027290324 0.0 0.0 0.0 0.0 0.09919331 0.089574166 0.0 0.085912034 0.0 0.09010946 0.10321763 0.03410004 0.029273184 0.0 0.013368618 0.0 0.0 0.0 0.0 0.0 0.07890561 0.0 0.04756391 0.0054824296 0.0649077 0.013201472 0.0 0.002617063 0.0 0.0 0.0 0.0 0.019132636 0.0 0.0 0.0 0.02679229 0.026156615 0.0 0.06482251 0.014452167 0.0 0.029030152 0.0 0.0 0.0 0.0 0.004365167 0.018379822 0.0 0.04091171 0.0 0.0
0.0 0.021857945 0.05910065 0.07001711 0.09337804 0.04249806 0.0 0.0 0.0 0.0 0.0 0.004642304 0.0 0.0 0.0 0.036748063 0.0 0.0 0.056045588 0.043232217 0.0 0.0411649 0.004400897 0.0 0.011765391 0.0 0.011264951 0.014434734 0.0 0.054565527 0.09403217 0.07100522 0.0 0.0 0.0 0.05366647 0.0 0.012101038 0.017082851 0.0 0.0 0.05674227 0.0 0.034586146 0.0 0.0 0.025591312 0.0 0.068308935 0.0 0.0 0.0 0.08147666 0.0 0.004850902 0.0
0.0 0.0 0.030629275 0.047256257 0.023525096 0.021939501 0.026365966 0.0 0.0 0.0 0.0 0.0 0.0069468487 0.047459964 0.02056147 0.0 0.11428257 0.055855233 0.02296656 0.038764626 0.12632881 0.0 0.0 0.0 0.0439449 0.0016308395 0.013197902 0.0 0.0 0.0015510474 0.014962056 0.026484814 0.0 0.0 0.0 0.0 0.0022465046 0.0 0.00798959 0.0 0.0 0.0 0.0 0.06117773 0.0109341955 0.0 0.0 0.08408216 0.008419514 0.024014067 0.010470548 0.0039001391 0.03627306 0.07900418 0.0 0.042397324
0.0 0.0 0.114745334 0.0074864645 0.016812768 0.0 0.0073908227 0.0 0.0 0.0 0.0 0.022406649 0.0 0.0 0.015989568 0.0 0.046199586 0.0 0.09415919 0.032029036 0.13118413 0.046905465 0.0 0.0 0.0 0.0 0.013718312 0.0 0.045134995 0.0 0.0 0.0 0.019132638 0.053666472 0.0 0.0505339 0.0 0.0 0.0 0.0 0.0 0.12504213 0.0 0.0 0.0 0.0 0.1157448 0.0 0.026238263 0.0 0.0 0.0 0.0 0.019951774 0.0 0.10016787
0.0 0.0 0.0 0.022908974 0.005858175 0.0 0.052104227 0.0007277353 0.025797678 0.068128765 0.004003112 0.0 0.04031945 0.05425029 0.0 0.0 0.011230198 0.012745979 0.08330617 0.0 0.0 0.0 0.012667059 0.0 0.008686646 0.00398575 0.0 0.0061397715 0.0 0.0 0.02872097 0.13426334 0.0 0.0 0.0022465046 0.0 0.031318065 0.0 0.06683157 0.01250201 0.0 0.0 0.05283556 0.13914126 0.0 0.0 0.0 0.077911235 0.0 0.0 0.0 0.0 0.017234514 0.027865238 0.0015887012 0.017425224
0.0031427152 0.0 0.0 0.0 0.0 0.0 0.0 0.0 0.02000102 0.0 0.00041796797 0.0 0.0 0.05626339 0.0 0.0 0.13062643 0.0 0.0 0.0 0.0 0.0 0.0 0.0 0.12264513 0.0 0.0 0.0 0.0 0.0 0.0 0.12333723 0.0 0.012101038 0.0 0.0 0.0 0.0 0.0 0.0 0.0 0.18558589 0.07790702 0.018029254 0.0 0.0 0.0043025967 0.062613085 0.0 0.0 0.0 0.0 0.042875957 0.023458926 0.022088476 0.0
0.049418572 0.024065265 0.043700594 0.0 0.0 0.015303073 0.0 0.022838663 0.0 0.0 0.036020562 0.009026775 0.029533096 0.012408316 0.027069457 0.044767387 0.0 0.027684975 0.0 0.0 0.0048091956 0.0 0.0 0.056137856 0.0 0.0 0.0 0.0 0.033966064 0.053123876 0.013621218 0.013046069 0.0 0.017082851 0.007989589 0.0 0.06683157 0.0 0.1226866 0.03468886 0.0 0.0 0.0 0.0 0.12985356 0.0 0.0 0.018164987 0.0 0.011665939 0.0 0.0 0.007470085 0.0 0.019935649 0.0
0.0 0.090600245 0.0009547431 0.017005688 0.062018424 0.029461736 0.0 0.0 0.0 0.0 0.0 0.13846892 0.0 0.0 0.0 0.0 0.04432895 0.08367937 0.034673974 0.040482573 0.00881955 0.04301523 0.0 0.0 0.019747835 0.0 0.0 0.0 0.0 0.111646816 0.020052262 0.0 0.02679229 0.0 0.0 0.0 0.01250201 0.0 0.03468886 0.0 0.07186671 0.0 0.01184572 0.0 0.0 0.050656445 0.026417548 0.0 0.096542776 0.038858946 0.0015826632 0.0 0.03549099 0.012432167 0.0 0.0
0.0 0.013626827 0.0 0.04172455 0.003756826 0.019456554 0.0 0.0 0.0 0.0 0.0 0.0 0.016524894 0.008218177 0.0 0.0 0.0 0.0 0.0 0.096583284 0.0043498897 0.011535893 0.049362633 0.0 0.0 0.040563487 0.0 0.15994154 0.0 0.0 0.04332012 0.0 0.026156615 0.0 0.0 0.0 0.0 0.0 0.0 0.07186671 0.0 0.0 0.008976687 0.0 0.0 0.0 0.0 0.0 0.0 0.042435754 0.23036514 0.0 0.0 0.038592458 0.036824442 0.0
0.04344179 0.0 0.03063127 0.0 0.05424167 0.027629465 0.021808216 0.0 0.07239148 0.0 0.018219795 0.026812803 0.008542459 0.0 0.05304572 0.0 0.0 0.0 0.015435679 0.00704676 0.016748354 0.0 0.0 0.0 0.0 0.0 0.0 0.0 0.01550382 0.034786757 0.0 0.050625872 0.0 0.05674227 0.0 0.12504211 0.0 0.18558589 0.0 0.0 0.0 0.0 0.03287626 0.0 0.0 0.026703564 0.09901707 0.0 0.040239967 0.0 0.0 0.0008704328 0.0 0.008790221 0.0 0.0
0.0 0.0 0.0 0.030334007 0.054808635 0.007938078 0.0 0.0 0.02884036 0.0 0.020272631 0.0 0.0 0.0 0.041247744 0.0 0.0 0.0 0.01900555 0.061567705 0.0 0.0 0.10131745 0.0 0.028243598 0.0 0.055706125 0.0078121917 0.0 0.0 0.02284948 0.0 0.06482251 0.0 0.0 0.0 0.05283556 0.07790702 0.0 0.01184572 0.008976686 0.03287626 0.015160219 0.0 0.0 0.13377705 0.025183719 0.0 0.09154914 0.0 0.0138887 0.0 0.0 0.0 0.010461281 0.0
0.046918508 0.018294131 0.0 0.0 0.0 0.0 0.0 0.08554009 0.0 0.1240315 0.0 0.0 0.0 0.0 0.0 0.016171051 0.0 0.0 0.0 0.05567436 0.0 0.0 0.0 0.0074579744 0.0 0.0 0.0045557907 0.0050553572 0.027809102 0.0 0.0 0.0 0.014452167 0.034586146 0.06117773 0.0 0.13914126 0.018029254 0.0 0.0 0.0 0.0 0.0 0.0 0.16168319 0.0017367029 0.0 0.0 0.0 0.017623894 0.007897414 0.015282771 0.0 0.0 0.024588307 0.002981236
0.0 0.0 0.0 0.0 0.0 0.022632118 0.03507965 0.077320606 0.021551564 0.045185495 0.0 0.0 0.029285813 0.026812833 0.0 0.013389479 0.0 0.0 0.0 0.0 0.0 0.0 0.0 0.05560159 0.029757757 0.10025053 0.019373313 0.0 0.0 0.0 0.07044413 0.0 0.0 0.0 0.0109341955 0.0 0.0 0.0 0.12985356 0.0 0.0 0.0 0.0 0.16168317 0.0 0.0 0.007065262 0.05544186 0.0 0.035779677 0.0 0.049136095 0.014319657 0.004621483 0.0 0.0
0.00039903482 0.0 0.0 0.0 0.0 0.0 0.018325435 0.0 0.003611145 0.0 0.0027178102 0.0 0.023614867 0.033900805 0.0027851334 0.0 0.0 0.0 0.0 0.0 0.0 0.04493104 0.0027823665 0.0 0.05231359 0.0 0.0 0.025637692 0.03996096 0.017648956 0.0 0.0 0.029030152 0.0 0.0 0.0 0.0 0.0 0.0 0.050656445 0.0 0.026703566 0.13377705 0.0017367029 0.0 0.0 0.050378203 0.060230732 0.0 0.0 0.0 0.0 0.024312777 0.13420177 0.0 0.1281465
0.0 0.003692688 0.100921005 0.0 0.040157966 0.0 0.0 0.0 0.0 0.0 0.0 0.0 0.0 0.0 0.015301565 0.0 0.016524848 0.0 0.0 0.0 0.019324873 0.0 0.0 0.0 0.014800433 5.189814e-09 0.0 0.0 0.0 0.019567866 0.0 0.07168473 0.0 0.025591312 0.0 0.1157448 0.0 0.0043025967 0.0 0.026417546 0.0 0.099017076 0.025183719 0.0 0.007065262 0.050378203 0.09392838 0.0 0.07684115 0.0 0.0 0.0028457588 0.060284343 0.0 0.0064404407 0.0
0.014006778 0.0 0.019527566 0.0 0.0 0.024151938 0.0 0.046224963 0.0 0.031059884 0.027496284 0.0 0.0 0.0054312167 0.0 0.032319743 0.0 0.0 0.0 0.0028316993 0.00070766744 0.0 0.07788089 0.034862686 0.0 0.076198295 0.057635535 0.008270047 0.0 0.006575787 0.07285046 0.0 0.0 0.0 0.08408216 0.0 0.077911235 0.062613085 0.018164985 0.0 0.0 0.0 0.0 0.0 0.05544186 0.060230732 0.0 0.0 0.0 0.015682885 0.02676727 0.0 0.0 0.0 0.030297102 0.0
0.017740944 0.10470569 0.0 0.0 0.0 0.0 0.0 0.0014338563 0.04805331 0.0 0.01114457 0.0 0.10893289 0.0 0.0 0.0 0.0 0.0 0.0 0.0 0.0 0.0 0.0 0.0077366177 0.0 0.004571075 0.0 0.0 0.03315406 0.0 0.0 0.02678497 0.0 0.068308935 0.008419514 0.02623826 0.0 0.0 0.0 0.096542776 0.0 0.04023997 0.09154914 0.0 0.0 0.0 0.07684115 0.0 0.0 0.0 0.0 0.026145885 0.0 0.048174746 0.009407092 0.13050072
0.027904557 0.0 0.0 0.0 0.0 0.0 0.0 0.09820155 0.0 0.058657832 0.0 0.0 0.014064136 0.06309897 0.027482575 0.076727904 0.0 0.0 0.0 0.01007 0.0 0.0 0.058745366 0.05950064 0.0 0.039415345 0.055256516 0.116065584 0.0 0.0 0.0 0.0 0.0 0.0 0.024014067 0.0 0.0 0.0 0.011665938 0.038858943 0.042435758 0.0 0.0 0.017623894 0.035779677 0.0 0.0 0.015682885 0.0 0.0 0.0 0.15405987 0.0 0.027499108 0.02222724 0.0
0.0 0.03257909 0.0 0.0 0.0 0.011602614 0.0 0.049888227 0.020356087 0.009116989 0.007114824 0.0 0.0 0.12710756 0.0 0.0 0.04099915 0.008053024 0.0 0.0 0.0 0.022781923 0.03400259 0.016685173 0.0 0.1388699 0.0 0.117713585 0.0 0.0 0.0 0.004490472 0.0043651666 0.0 0.010470548 0.0 0.0 0.0 0.0 0.0015826632 0.23036513 0.0 0.0138887 0.007897414 0.0 0.0 0.0 0.02676727 0.0 0.0 0.030521976 0.0 0.0031085329 0.10604154 0.0 0.0019260154
0.016880495 0.0 0.0 0.0 0.0 0.007271487 0.1348192 0.0 0.0 0.037816968 0.03289464 0.04213344 0.0 0.0 0.017891554 0.0 0.055532716 0.015400068 0.06181957 0.0 0.04689747 0.06647056 0.0013567773 0.0 0.07194087 0.032941934 0.026483899 0.0 0.0 0.01761816 0.0 0.0 0.018379824 0.0 0.0039001391 0.0 0.0 0.0 0.0 0.0 0.0 0.00087043276 0.0 0.015282771 0.049136095 0.0 0.002845759 0.0 0.026145888 0.15405989 0.0 0.0 0.13576692 0.01674667 0.0 0.0022493992
0.011222602 0.0 0.0 0.0 0.0 0.020038992 0.0 0.100406855 0.0 0.006077085 0.0 0.0 0.01140527 0.0 0.041323144 0.08440529 0.0027378888 0.0 0.0 0.015303271 0.0 0.0 0.0 0.090570204 0.0 0.019110972 0.0 0.03527761 0.0041549345 0.017879512 0.0 0.0 0.0 0.08147666 0.03627306 0.0 0.017234514 0.042875957 0.0074700844 0.03549099 0.0 0.0 0.0 0.0 0.014319657 0.024312777 0.060284346 0.0 0.0 0.0 0.0031085326 0.13576692 0.0 0.025117408 0.056884885 0.0
0.010484004 0.021083364 0.0 0.0 0.038842283 0.0051649613 0.0 0.010898621 0.0 0.010868664 0.0 0.0 0.0 0.0 0.04900843 0.0 0.0 0.015759986 0.00916566 0.0699454 0.0 0.0 0.014671024 0.0 0.0 0.009123605 0.0 0.014005067 0.0 0.016912794 0.03934465 0.014383517 0.04091171 0.0 0.07900418 0.019951772 0.027865238 0.023458928 0.0 0.012432166 0.038592458 0.008790222 0.0 0.0 0.004621483 0.13420177 0.0 0.0 0.048174746 0.027499106 0.10604155 0.01674667 0.025117408 0.0 0.0068801376 0.0
0.0 0.12665002 0.0 0.049160663 0.0022242821 0.07428956 0.12980618 0.005345798 0.04879425 0.00057497475 0.002048331 0.030970035 0.004720007 0.009640866 0.0 0.0 0.042957976 0.049120832 0.017324511 0.002286537 0.025318854 0.032716725 0.0 0.0139599275 0.0080313785 0.04019793 0.0 0.0 0.099745326 0.043537926 0.0 0.0 0.0 0.004850902 0.0 0.0 0.0015887012 0.022088476 0.019935647 0.0 0.036824442 0.0 0.010461281 0.02458831 0.0 0.0 0.0064404407 0.0302971 0.009407092 0.02222724 0.0 0.0 0.056884885 0.006880138 0.0 0.014815477
0.0 0.0032877533 0.070504576 0.1079972 0.084439 0.0 0.0 0.0 0.06131717 0.010692073 0.0 0.052736945 0.0 0.0 0.013824716 0.0 0.0 0.0 0.022915877 0.022275347 0.024854857 0.0 0.0 0.0 0.0 0.006296 0.036101013 0.0 0.0 0.023385482 0.08430386 0.0 0.0 0.0 0.04239732 0.10016787 0.017425224 0.0 0.0 0.0 0.0 0.0 0.0 0.002981236 0.0 0.1281465 0.0 0.0 0.13050072 0.0 0.0019260154 0.0022493992 0.0 0.0 0.014815478 0.0
