0.0 0.031854704 0.0069691692 0.018405303 0.0 0.047380157 0.026171193 0.0 0.09201311 0.05273377 0.0 0.0 0.0 0.0 0.0 0.0 0.009589679 0.0 0.10678393 0.0 0.0 0.031436253 0.0 0.025188383 0.0 0.0 0.0 0.05735331 0.111543566 0.0 0.0 0.0 0.0 0.050436486 0.0 0.05841411 0.029981976 0.021250948 0.0 0.0 0.079579875 0.054849464 0.019205574 0.0 0.0 0.057136323 0.07169741 0.0 0.0 0.0 0.0 0.024095278 0.03119197 0.0 0.0 0.0
0.031854704 0.0 0.0 0.039584104 0.060117554 0.0 0.030028207 0.022971747 0.0 0.0 0.09539974 0.0 0.0 0.14649256 0.009751694 0.02928063 0.0 0.0156966 0.0 0.0559392 0.0 0.0 0.03347901 0.0 0.0 0.0 0.0 0.0 0.0 0.0 0.031068277 0.0 0.0 0.0 0.0 0.0 0.0 0.0 0.0 0.090249404 0.0 0.0 0.07537548 0.0 0.0 0.029604537 0.0 0.0 0.02040951 0.0 0.007920528 0.0 0.0 0.04702757 0.015636664 0.0
0.0069691692 0.0 0.0 0.058633458 0.0049579795 0.025853535 0.0 0.0 0.0 0.0 0.0 0.0 0.0 0.0 0.0 0.009491902 0.0 0.0357095 0.0 0.022947457 0.0 0.031275876 0.14169177 0.013622878 0.0 0.012368524 0.028966252 0.0 0.0 0.0 0.09001261 0.02831425 0.004545715 0.0 0.0 0.0 0.0 0.0026850363 0.050202616 0.0 0.01077726 0.0 0.0 0.0006621764 0.06706693 0.0 0.0 0.050046545 0.10336322 0.0 0.05890837 0.0 0.0 0.013538581 0.0096744485 0.0
0.018405305 0.039584104 0.058633458 0.088983074 0.020748917 0.0 0.0 0.0066952994 0.0 0.04263208 0.023216622 0.0 0.03044924 0.0 0.10488426 0.0 0.0 0.05767441 0.0 0.0 0.05136206 0.017985556 0.0 0.0 0.04501256 0.0 0.011618671 0.016320944 0.0 0.0 0.021660235 0.0 0.069498144 0.0 0.017524894 0.023712656 0.010057035 0.0 0.0 0.013959625 0.0 0.0 0.0 0.0 0.05650165 0.0 0.0 0.016760293 0.043499935 0.0 0.025856446 0.023378551 0.010279497 0.0 0.0055505894 0.0
0.0 0.06011755 0.0049579795 0.020748917 0.22601944 0.0 0.0 0.0 0.0 0.0 0.0123525215 0.0 0.0028262371 0.0 0.07323663 0.0 0.0 0.044602938 0.0 0.0 0.026446749 0.0410171 0.0 0.04029504 0.071787946 0.0 0.0 0.0 0.004314209 0.0 0.034198478 0.049628835 0.0 0.0 0.0 0.006742289 0.0 0.15387733 0.0 0.041172475 0.0 0.0 0.0 0.048609614 0.0 0.0 0.012013003 0.0 0.0038553127 0.0 0.0 0.0 0.0 0.0 0.0 0.0
0.047380157 0.0 0.025853537 0.0 0.0 0.13186577 0.004146255 0.04551279 0.03808568 0.024605334 0.0 0.0 0.06915679 0.0 0.02486651 0.0 0.048299313 0.06564916 0.006886439 0.0060845213 0.02359412 0.07785251 0.0 0.014208386 0.022335181 0.00027125835 0.03074902 0.001669178 0.0 0.0 0.0 0.0 0.0 0.0 0.0 0.029579276 0.042041782 0.0 0.07446741 0.0 0.009916291 0.0 0.0 0.052088525 0.056751255 0.0 0.015172909 0.0 0.05358865 0.0 0.026497776 0.011880225 0.0 0.0 0.0 0.0
0.026171193 0.030028205 0.0 0.0 0.0 0.004146255 0.12037224 0.03473863 0.0 0.03724142 0.054830737 0.0 0.0 0.03085088 0.0 0.0 0.0 0.0 0.0 0.0 0.01583793 0.0 0.0 0.01501906 0.0 0.026813244 0.0 0.0 0.07624312 0.0044526677 0.041629016 0.010480263 0.0 0.029580679 0.0 0.07544485 0.09426231 0.0 0.0 0.0 0.0 0.0 0.013110748 0.048617136 0.0 0.0 0.07528294 0.0 0.0 0.0 0.0 0.0 0.0 0.0 0.0 0.0031222291
0.0 0.022971747 0.0 0.0066953 0.0 0.04551279 0.03473863 0.05677129 0.017962478 0.0673633 0.0029760154 0.029674469 0.0 0.0 0.0007572258 0.009970997 0.06103859 0.0 0.09232489 0.0 0.0 0.0 0.0 0.11892016 0.0 0.023655657 0.0 0.057431262 0.046172943 0.0025511782 0.0 0.0 0.04320688 0.032319486 0.0 0.0 0.035450324 0.0 0.0 0.0 0.08172474 0.0 0.043974444 0.0 0.0 0.0 0.036143627 0.0 0.0 0.0 0.0 0.08852996 0.0 0.031787448 0.08123324 0.0
0.09201311 0.0 0.0 0.0 0.0 0.038085684 0.0 0.017962476 0.0 0.04435326 0.051719986 0.0 0.036074113 0.07914529 0.010893642 0.0 0.0 0.0 0.0 0.13922803 0.006432828 0.0 0.0 0.043701615 0.0262131 0.0 0.015558879 0.0 0.0 0.0 0.0 0.0 0.0 0.0 0.15528937 0.0 0.0 0.003121815 0.0 0.0063598556 0.0 0.0 0.0 0.030418081 0.0 0.0 0.0 0.0 0.0 0.025607416 0.023980306 0.0 0.0 0.04626771 0.012029119 0.06287708
0.05273377 0.0 0.0 0.042632084 0.0 0.024605334 0.03724142 0.0673633 0.04435326 0.011915838 0.0 0.0 0.0 0.019198922 0.0035532317 0.0 0.02009264 0.0 0.0 0.0 0.0 0.10637693 0.0 0.05190955 0.06389073 0.0 0.0 0.06459286 0.11253363 0.031534944 0.0 0.0 0.0 0.06830875 0.0 0.048556875 0.0 0.0 0.0 0.04735059 0.050114095 0.0 0.0 0.0 0.0039759455 0.0 0.0 0.0 0.0 0.0 0.0 0.038160827 0.0069323997 0.07640975 0.016817762 0.0
0.0 0.09539974 0.0 0.023216622 0.0123525215 0.0 0.054830737 0.0029760154 0.051719986 0.0 0.0 0.014128708 0.0 0.0 0.12588282 0.0 0.0 0.0 0.016865343 0.0070791934 0.0 0.044223845 0.0 0.0 0.037781235 0.0 0.021994537 0.0 0.0033156653 0.0 0.0013578814 0.004458295 0.029367607 0.06127854 0.0 0.062171 0.0 0.11857899 0.0 0.03875368 0.0 0.020936882 0.0022294247 0.0 0.0 0.0 0.035714075 0.07508204 0.0454598 0.0 0.0 0.0 0.0 0.012639274 0.019270752 0.0
0.0 0.0 0.0 0.0 0.0 0.0 0.0 0.029674469 0.0 0.0 0.014128709 0.0 0.022258995 0.108580664 0.022751514 0.010815611 0.0 0.008891981 0.0 0.0 0.0 0.0 0.1869357 0.0 0.0 0.055729266 0.00989178 0.0 0.0 0.0 0.05430545 0.04678287 0.0 0.0 0.007023722 0.0067112125 0.0 0.0 0.0 0.08440865 0.01656876 0.0 0.0 0.0 0.0 0.051927708 0.01265618 0.0 0.0 0.0 0.09147809 0.016644644 0.0 0.0 0.0 0.0
0.0 0.0 0.0 0.030449238 0.002826237 0.069156796 0.0 0.0 0.03607411 0.0 0.0 0.022258995 0.045107555 0.01394154 0.0 0.029495688 0.0116945505 0.0 0.0 0.0 0.034018125 0.0 0.008486713 0.02422815 0.025308311 0.0 0.028930945 0.0 0.0 0.0 0.05795995 0.044839226 0.0 0.0 0.0 0.07161975 0.0 0.11454034 0.024699824 0.013761715 0.0 0.02868844 0.014706172 0.13489446 0.0 0.03769439 0.0 0.0 0.0060913595 0.0 0.0 0.0 0.08680298 0.0 0.041081503 0.0
0.0 0.14649257 0.0 0.0 0.0 0.0 0.030850882 0.0 0.07914529 0.019198922 0.0 0.108580664 0.01394154 0.0 0.0 0.0 0.12217016 0.0 0.059202537 0.0 0.008651678 0.0 0.0 0.0 0.09557728 0.0 0.0 0.0 0.03830436 0.019129287 0.0 0.073927134 0.0 0.0 0.0 0.0 0.0 0.0 0.024938632 0.0 0.0 0.0987522 0.0698849 0.022928454 0.0 0.022615772 0.01598924 0.0 0.0 0.0 0.0 0.0 0.14007287 0.0 0.0 0.02179975
0.0 0.009751693 0.0 0.10488426 0.07323663 0.02486651 0.0 0.0007572258 0.010893642 0.0035532317 0.1258828 0.022751514 0.0 0.0 0.0 0.0 0.0 0.0 0.0 0.013346767 0.057998654 0.0 0.0 0.0 0.046025883 0.005254078 0.0 0.0 0.0 0.0 0.06108868 0.12240889 0.037322085 0.016496545 0.0 0.0 0.0 0.03476039 0.0 0.0 0.0 0.018524311 0.03252535 0.0 0.023996595 0.0 0.0 0.05064632 0.008494318 0.0 0.0 0.019219182 0.0092126345 0.0 0.0 0.0
0.0 0.02928063 0.009491902 0.0 0.0 0.0 0.0 0.009970997 0.0 0.0 0.0 0.010815611 0.029495688 0.0 0.0 0.02770732 0.0 0.0 0.0 0.0 0.008896228 0.020407064 0.0 0.03526515 0.0 0.0065598697 0.066014774 0.15922092 0.0 0.00990779 0.0 0.0 0.071990035 0.015074707 0.044602077 0.0 0.0 0.0 0.0 0.012721659 0.10943023 0.0 0.0 0.0070529566 0.0 0.0 0.0 0.043749847 0.0 0.0 0.046416633 0.08363136 0.0 0.0 0.096095525 0.02507497
0.00958968 0.0 0.0 0.0 0.0 0.048299313 0.0 0.061038595 0.0 0.02009264 0.0 0.0 0.0116945505 0.12217015 0.0 0.0 0.0 0.0 0.0 0.023512425 0.0 0.019112455 0.0 0.0 0.0 0.14462964 0.03420751 0.015799338 0.011799671 0.0 0.0 0.011006566 0.0 0.0 0.01299256 0.037859745 0.025103303 0.021230472 0.11446208 0.032262556 0.0 0.00219441 0.010174469 0.0 0.053585418 0.0 0.0 0.0 0.0 0.0 0.002402076 0.0 0.0 0.0 0.0 0.0
0.0 0.015696598 0.035709497 0.05767441 0.044602938 0.06564917 0.0 0.0 0.0 0.0 0.0 0.008891981 0.0 0.0 0.0 0.0 0.0 0.0 0.032273844 0.0 0.10967895 0.0 0.027642645 0.0 0.0137405535 0.0 0.0 0.0 0.0 0.0 0.10094358 0.0 0.009872392 0.0 0.0 0.0 0.0 0.0614325 0.043411788 0.030048339 0.0 0.0011177612 0.0069841617 0.028687628 0.0 0.08935517 0.029829076 0.015025765 0.059565883 0.005125285 0.036117878 0.0 0.0 0.007343246 0.0220593 0.0
0.10678393 0.0 0.0 0.0 0.0 0.006886439 0.0 0.09232489 0.0 0.0 0.016865343 0.0 0.0 0.059202533 0.0 0.0 0.0 0.032273844 0.0 0.019012988 0.0 0.041009914 0.022181416 0.04132085 0.0 0.093223624 0.0 0.040845398 0.0 0.0 0.0 0.0 0.0 0.0 0.023027161 0.0 0.040599007 0.0364012 0.0 0.0 0.0 0.018036691 0.0 0.0073443544 0.033850152 0.031228395 0.0 0.0 0.0 0.0 0.017590942 0.078467466 0.0 0.0 0.037765108 0.0
0.0 0.0559392 0.022947455 0.0 0.0 0.0060845213 0.0 0.0 0.13922803 0.0 0.0070791934 0.0 0.0 0.0 0.013346767 0.0 0.023512423 0.0 0.019012988 0.0 0.0 0.0 0.0 0.010130228 0.0 0.0 0.09523634 0.08691628 0.0 0.0 0.0 0.0 0.0 0.043573227 0.0 0.083378024 0.0 0.020949228 0.0 0.05403715 0.018100979 0.0 0.03729807 0.0 0.0 0.0 0.014993089 0.026351968 0.0 0.0 0.08154735 0.0 0.0 0.017744042 0.03076023 0.025800204
0.0 0.0 0.0 0.05136206 0.026446749 0.02359412 0.01583793 0.0 0.0064328276 0.0 0.0 0.0 0.034018125 0.008651678 0.057998654 0.008896228 0.0 0.10967895 0.0 0.0 0.013065872 0.03551144 0.0 0.0 0.007937968 0.0 0.053593516 0.0 0.0 0.0 0.0 0.019228984 0.0 0.0 0.087393515 0.021308 0.0 0.009089599 0.009982022 0.08757128 0.0 0.049477894 0.005310112 0.04152864 0.031262916 0.0 0.061852444 0.002748044 0.015839547 0.008350035 0.0 0.022004804 0.027092868 0.028267162 0.0 0.026353048
0.031436253 0.0 0.031275876 0.017985556 0.041017104 0.0778525 0.0 0.0 0.0 0.10637694 0.044223845 0.0 0.0 0.0 0.0 0.020407064 0.019112453 0.0 0.04100991 0.0 0.03551144 0.0 0.0 0.020341914 0.0 0.036260683 0.07456181 0.0 0.0 0.0 0.0 0.0 0.0 0.024939485 0.008778573 0.0 0.06899933 0.0 0.07205656 0.0 0.0 0.0 0.0 0.0 0.026765926 0.023667186 0.0 0.0 0.046004623 0.007945126 0.09391225 0.024060668 0.0 0.0 0.0 0.0
0.0 0.033479013 0.14169176 0.0 0.0 0.0 0.0 0.0 0.0 0.0 0.0 0.1869357 0.008486713 0.0 0.0 0.0 0.0 0.027642643 0.022181416 0.0 0.0 0.0 0.0 0.0 0.04230502 0.0 0.0 0.03201616 0.01917604 0.21600232 0.0 0.0 0.06372473 0.030092172 0.0 0.0 0.0 0.0 0.0 0.0 0.0 0.04983826 0.031890303 0.0 0.0 0.0 0.012881266 0.05208772 0.0 0.0 0.0 0.0 0.023605755 0.0 0.0 0.16086622
0.025188383 0.0 0.013622878 0.0 0.04029504 0.014208387 0.015019059 0.11892016 0.043701615 0.05190955 0.0 0.0 0.02422815 0.0 0.0 0.035265155 0.0 0.0 0.041320853 0.0101302285 0.0 0.020341916 0.0 0.03176325 0.061422754 0.0 0.0 0.03041835 0.0 0.0 0.0 0.017874788 0.06507064 0.02779649 0.0 0.010907226 0.0 0.020183817 0.0 0.0 0.09797846 0.0 0.032515563 0.0 0.0 0.0 0.0 0.0 0.0 0.0 0.0 0.077967495 0.0 0.042824555 0.027001893 0.10836836
0.0 0.0 0.0 0.04501256 0.071787946 0.022335181 0.0 0.0 0.0262131 0.063890725 0.03778124 0.0 0.025308313 0.09557727 0.046025883 0.0 0.0 0.0137405535 0.0 0.0 0.007937968 0.0 0.042305022 0.061422754 0.0 0.005048625 0.0134361675 0.0 0.0 0.0 0.029218799 0.1036424 0.0 0.0 0.0 0.055467434 0.0 0.033135235 0.038603894 0.044399615 0.0 0.008175993 0.0 0.0132436 0.0 0.0 0.07807752 0.002099774 0.07045902 0.0033021697 0.008910323 0.0 0.023042329 0.0 0.0 0.0030144423
0.0 0.0 0.012368525 0.0 0.0 0.00027125832 0.026813244 0.023655659 0.0 0.0 0.0 0.05572927 0.0 0.0 0.0052540777 0.0065598697 0.14462963 0.0 0.093223624 0.0 0.0 0.036260687 0.0 0.0 0.005048625 0.0 0.0 0.0 0.079992615 0.036041543 0.0 0.0 0.0 0.020672936 0.029459039 0.0 0.012465762 0.0 0.0 0.0 0.05895797 0.0 0.0 0.0 0.06383054 0.0 0.0 0.0 0.0 0.13118011 0.0 0.0043688593 0.0 0.01666349 0.0 0.14211896
0.0 0.0 0.02896625 0.01161867 0.0 0.030749017 0.0 0.0 0.015558878 0.0 0.021994539 0.00989178 0.028930945 0.0 0.0 0.066014774 0.034207515 0.0 0.0 0.09523634 0.053593516 0.074561805 0.0 0.0 0.013436167 0.0 0.0 0.019271962 0.0 0.03907957 0.0 0.0 0.109298564 0.0 0.0 0.035673905 0.0 0.0072107883 0.01777738 0.0 0.0 0.0 0.0 0.0023136865 0.057545815 0.016255667 0.0 0.078377925 0.0 0.0248889 0.058929138 0.0066467007 0.0 0.0 0.07667984 0.0
0.05735331 0.0 0.0 0.016320944 0.0 0.001669178 0.0 0.057431266 0.0 0.06459286 0.0 0.0 0.0 0.0 0.0 0.15922092 0.015799338 0.0 0.0408454 0.08691628 0.0 0.0 0.03201616 0.03041835 0.0 0.0 0.019271964 0.0 0.0 0.020761643 0.0 0.0 0.025719563 0.03286677 0.008662759 0.007769492 0.04226987 0.0 0.0 0.0 0.0 0.0 0.0 0.0 0.054204024 0.03443195 0.0 0.07465097 0.0 0.060296714 0.0 0.053860605 0.0 0.0068331277 0.09108525 0.004151358
0.11154356 0.0 0.0 0.0 0.004314209 0.0 0.07624312 0.04617294 0.0 0.11253362 0.0033156655 0.0 0.0 0.038304362 0.0 0.0 0.011799671 0.0 0.0 0.0 0.0 0.0 0.019176042 0.0 0.0 0.079992615 0.0 0.0 0.05536145 0.0 0.0 0.0 0.0 0.0 0.0 0.0051344717 0.13713422 0.0 0.01536649 0.02504968 0.04021522 0.0 0.0 0.0 0.030444827 0.0 0.0 0.0 0.0 0.012493877 0.13144143 0.011093045 0.0 0.0 0.005402486 0.0
0.0 0.0 0.0 0.0 0.0 0.0 0.0044526677 0.0025511782 0.0 0.031534944 0.0 0.0 0.0 0.019129286 0.0 0.00990779 0.0 0.0 0.0 0.0 0.0 0.0 0.2160023 0.0 0.0 0.036041543 0.03907957 0.02076164 0.0 0.0 0.115314454 0.0 0.008204517 0.0 0.082988605 0.0 0.0 0.00921876 0.014316984 0.04781448 0.0 0.0 0.0 0.0 0.03772592 0.0 0.003076449 0.040259033 0.034796678 0.0 0.08021691 0.0 0.0 0.0 0.0 0.0
0.0 0.031068278 0.09001261 0.021660233 0.034198478 0.0 0.041629016 0.0 0.0 0.0 0.0013578814 0.05430545 0.057959955 0.0 0.061088677 0.0 0.0 0.10094357 0.0 0.0 0.0 0.0 0.0 0.0 0.029218799 0.0 0.0 0.0 0.0 0.115314454 0.0 0.0 0.0 0.030872738 0.0 0.012941405 0.0 0.036933113 0.0 0.0 0.0 0.12196898 0.037779205 0.0054430254 0.0 0.022410417 0.034941234 0.0 0.024454048 0.0 0.0 0.00019123752 0.013058747 0.020221401 0.0 0.062578015
0.0 0.0 0.02831425 0.0 0.04962884 0.0 0.010480264 0.0 0.0 0.0 0.004458295 0.046782874 0.044839226 0.073927134 0.12240889 0.0 0.011006566 0.0 0.0 0.0 0.019228984 0.0 0.0 0.017874788 0.103642404 0.0 0.0 0.0 0.0 0.0 0.0 0.09979986 0.0 0.0 0.026415145 0.0154772205 0.00802788 0.03455453 0.0 0.08805445 0.0 0.017618457 0.003869381 0.042829428 0.0 0.0 0.057430107 0.0 0.06956331 0.0 0.0 0.0015970751 0.0 0.011700643 0.0 0.0
0.0 0.0 0.0045457156 0.069498144 0.0 0.0 0.0 0.043206885 0.0 0.0 0.029367607 0.0 0.0 0.0 0.037322085 0.071990035 0.0 0.009872392 0.0 0.0 0.0 0.0 0.06372473 0.06507064 0.0 0.0 0.109298564 0.025719564 0.0 0.008204517 0.0 0.0 0.028729003 0.0 0.020731393 0.0028538625 0.05326514 0.0 0.0 0.0 0.0 0.0 0.0 0.0 0.019106159 0.058690045 0.0 0.0 0.0 0.0 0.06649973 0.14676073 0.0 0.0 0.13498755 0.0
0.050436486 0.0 0.0 0.0 0.0 0.0 0.029580679 0.032319486 0.0 0.068308756 0.06127854 0.0 0.0 0.0 0.016496543 0.015074705 0.0 0.0 0.0 0.043573227 0.0 0.024939483 0.030092172 0.027796492 0.0 0.020672934 0.0 0.03286677 0.0 0.0 0.030872738 0.0 0.0 0.0 0.05035862 0.0 0.12460211 0.0 0.0 0.0 0.0 0.0 0.021410957 0.00961958 0.07435295 0.017227609 0.0 0.016130334 0.06370116 0.0507599 0.022660768 0.0 0.0 0.0 0.0 0.0
0.0 0.0 0.0 0.017524894 0.0 0.0 0.0 0.0 0.15528935 0.0 0.0 0.0070237224 0.0 0.0 0.0 0.044602077 0.012992559 0.0 0.02302716 0.0 0.08739351 0.008778573 0.0 0.0 0.0 0.029459039 0.0 0.008662759 0.0 0.082988605 0.0 0.026415147 0.020731391 0.05035862 0.0 0.01693938 0.010058826 0.0 0.0 0.011116249 0.082140416 0.052128382 0.14529839 0.0 0.0 0.0049059303 0.05825288 0.0 0.0 0.0 0.0 0.012967143 0.058460906 0.088141836 0.0 0.0
0.058414105 0.0 0.0 0.023712657 0.006742289 0.029579276 0.07544485 0.0 0.0 0.048556875 0.062171 0.0067112125 0.07161975 0.0 0.0 0.0 0.037859745 0.0 0.0 0.08337802 0.021308 0.0 0.0 0.010907225 0.05546743 0.0 0.03567391 0.007769492 0.0051344717 0.0 0.012941405 0.0154772205 0.0028538625 0.0 0.01693938 0.0 0.0 0.001841951 0.015765129 0.0379931 0.0 0.0 0.0 0.031809907 0.0 0.0 0.0 0.02084342 0.008000576 0.060156032 0.0 0.0 0.0 0.02362627 0.012231806 0.0
0.029981975 0.0 0.0 0.010057036 0.0 0.042041786 0.09426231 0.035450324 0.0 0.0 0.0 0.0 0.0 0.0 0.0 0.0 0.025103303 0.0 0.040599007 0.0 0.0 0.06899933 0.0 0.0 0.0 0.012465763 0.0 0.04226987 0.13713422 0.0 0.0 0.00802788 0.05326514 0.12460211 0.010058826 0.0 0.0 0.0 0.0066221915 0.018845359 0.037687875 0.0 0.00622541 0.02832652 0.0 0.0 0.06268154 0.0 0.0 0.0 0.0 0.0 0.0 0.07115368 0.0064822044 0.028147135
0.021250948 0.0 0.0026850363 0.0 0.15387733 0.0 0.0 0.0 0.003121815 0.0 0.11857898 0.0 0.11454034 0.0 0.03476039 0.0 0.021230472 0.061432503 0.0364012 0.020949228 0.009089599 0.0 0.0 0.020183817 0.033135235 0.0 0.0072107883 0.0 0.0 0.009218761 0.036933113 0.034554526 0.0 0.0 0.0 0.0018419512 0.0 0.0 0.0 0.035482354 0.0 0.0 0.0 0.011355121 0.0 0.0 0.017144084 0.038673274 0.07210719 0.0 0.044187002 0.0 0.0 0.0 0.0 0.0
0.0 0.0 0.05020261 0.0 0.0 0.07446741 0.0 0.0 0.0 0.0 0.0 0.0 0.024699824 0.024938634 0.0 0.0 0.11446208 0.043411788 0.0 0.0 0.009982022 0.07205657 0.0 0.0 0.038603894 0.0 0.01777738 0.0 0.01536649 0.014316984 0.0 0.0 0.0 0.0 0.0 0.01576513 0.006622191 0.0 0.0 0.023161389 0.0 0.07091175 0.0 0.08233801 0.010134392 0.0 0.020354874 0.0 0.0 0.102260835 0.0 0.0 0.08683801 0.09318051 0.0 0.025749836
0.0 0.090249404 0.0 0.013959626 0.041172475 0.0 0.0 0.0 0.0063598556 0.04735059 0.03875368 0.08440865 0.013761715 0.0 0.0 0.012721659 0.032262553 0.030048337 0.0 0.054037146 0.08757128 0.0 0.0 0.0 0.044399615 0.0 0.0 0.0 0.025049683 0.04781448 0.0 0.08805445 0.0 0.0 0.011116248 0.037993103 0.018845359 0.035482354 0.023161389 0.0 0.0 0.023349253 0.0 0.0 0.017033922 0.08657623 0.0 0.0 0.0 0.0 0.0 0.0 0.108970836 0.0 0.0 0.0050124815
0.07957987 0.0 0.01077726 0.0 0.0 0.009916292 0.0 0.08172473 0.0 0.0501141 0.0 0.01656876 0.0 0.0 0.0 0.10943023 0.0 0.0 0.0 0.018100979 0.0 0.0 0.0 0.09797846 0.0 0.058957968 0.0 0.0 0.040215217 0.0 0.0 0.0 0.0 0.0 0.08214042 0.0 0.037687875 0.0 0.0 0.0 0.019448018 0.012006846 0.0 0.0048883827 0.02782614 0.036248963 0.0 0.0 0.0 0.0 0.0 0.0 0.0 0.052483857 0.03766442 0.04369466
0.05484947 0.0 0.0 0.0 0.0 0.0 0.0 0.0 0.0 0.0 0.020936882 0.0 0.02868844 0.0987522 0.018524313 0.0 0.00219441 0.0011177612 0.018036693 0.0 0.049477894 0.0 0.04983826 0.0 0.008175993 0.0 0.0 0.0 0.0 0.0 0.12196898 0.017618455 0.0 0.0 0.052128386 0.0 0.0 0.0 0.07091175 0.023349252 0.012006846 0.0 0.0089267045 0.05032583 0.0 0.016679674 0.009320085 0.0 0.04797084 0.0 0.0032380035 0.0 0.0 0.0 0.0 0.011913984
0.019205572 0.075375475 0.0 0.0 0.0 0.0 0.013110748 0.043974444 0.0 0.0 0.0022294247 0.0 0.014706171 0.0698849 0.03252535 0.0 0.01017447 0.0069841617 0.0 0.03729807 0.0053101126 0.0 0.031890303 0.032515563 0.0 0.0 0.0 0.0 0.0 0.0 0.037779205 0.0038693808 0.0 0.021410957 0.14529838 0.0 0.0062254095 0.0 0.0 0.0 0.0 0.0089267045 0.0 0.0 0.0 0.011144493 0.0 0.0 0.008674532 0.0 0.0 0.0 0.0 0.0 0.0 0.0428506
0.0 0.0 0.0006621764 0.0 0.048609618 0.052088525 0.048617136 0.0 0.03041808 0.0 0.0 0.0 0.13489445 0.022928454 0.0 0.007052957 0.0 0.02868763 0.0073443544 0.0 0.04152864 0.0 0.0 0.0 0.013243601 0.0 0.0023136865 0.0 0.0 0.0 0.0054430254 0.042829428 0.0 0.00961958 0.0 0.03180991 0.028326523 0.011355121 0.08233801 0.0 0.0048883823 0.050325833 0.0 0.046191983 0.0 0.050523717 0.025499348 0.0 0.022550888 0.08458625 0.0 0.0 0.034272965 0.00037586092 0.0 0.017968887
0.0 0.0 0.06706693 0.05650165 0.0 0.05675126 0.0 0.0 0.0 0.0039759455 0.0 0.0 0.0 0.0 0.023996595 0.0 0.053585418 0.0 0.033850152 0.0 0.031262916 0.026765928 0.0 0.0 0.0 0.06383054 0.057545815 0.054204024 0.030444827 0.03772592 0.0 0.0 0.019106159 0.07435295 0.0 0.0 0.0 0.0 0.010134393 0.017033922 0.02782614 0.0 0.0 0.0 0.035922535 0.02092052 0.0 0.01794008 0.0 0.044540685 0.00661637 0.093251586 0.024558203 0.102683805 0.031518932 0.0
0.057136323 0.029604537 0.0 0.0 0.0 0.0 0.0 0.0 0.0 0.0 0.0 0.051927708 0.03769439 0.02261577 0.0 0.0 0.0 0.08935516 0.031228393 0.0 0.0 0.023667186 0.0 0.0 0.0 0.0 0.016255667 0.03443195 0.0 0.0 0.022410415 0.0 0.058690045 0.017227609 0.0049059307 0.0 0.0 0.0 0.0 0.08657623 0.036248963 0.016679674 0.011144493 0.050523713 0.02092052 0.0 0.0 0.0 0.0032354833 0.0133829685 0.014160803 0.02276629 0.0 0.08699802 0.07161302 0.0
0.07169741 0.0 0.0 0.0 0.012013003 0.015172908 0.07528294 0.036143627 0.0 0.0 0.035714075 0.01265618 0.0 0.01598924 0.0 0.0 0.0 0.029829076 0.0 0.014993089 0.06185244 0.0 0.012881266 0.0 0.078077525 0.0 0.0 0.0 0.0 0.003076449 0.034941234 0.05743011 0.0 0.0 0.058252882 0.0 0.06268153 0.017144084 0.020354874 0.0 0.0 0.009320084 0.0 0.025499346 0.0 0.0 0.014460121 0.038821865 0.106771804 0.021978026 0.03110358 0.0 0.0022487051 0.0 0.0 0.0
0.0 0.0 0.050046545 0.016760293 0.0 0.0 0.0 0.0 0.0 0.0 0.07508204 0.0 0.0 0.0 0.05064632 0.043749843 0.0 0.015025765 0.0 0.026351968 0.002748044 0.0 0.05208772 0.0 0.0020997743 0.0 0.078377925 0.074650966 0.0 0.04025903 0.0 0.0 0.0 0.016130334 0.0 0.02084342 0.0 0.038673278 0.0 0.0 0.0 0.0 0.0 0.0 0.01794008 0.0 0.038821865 0.10153765 0.04977981 0.0 0.068954274 0.0 0.0005250249 0.0132667385 0.0 0.0
0.0 0.02040951 0.10336322 0.04349994 0.003855313 0.05358865 0.0 0.0 0.0 0.0 0.045459796 0.0 0.0060913595 0.0 0.008494319 0.0 0.0 0.05956588 0.0 0.0 0.015839547 0.046004623 0.0 0.0 0.07045902 0.0 0.0 0.0 0.0 0.03479668 0.024454046 0.06956331 0.0 0.06370116 0.0 0.008000576 0.0 0.07210719 0.0 0.0 0.0 0.04797084 0.008674532 0.022550888 0.0 0.0032354835 0.106771804 0.049779806 0.0 0.025758388 0.0 0.005787402 0.047611356 0.0 0.0 0.0
0.0 0.0 0.0 0.0 0.0 0.0 0.0 0.0 0.025607416 0.0 0.0 0.0 0.0 0.0 0.0 0.0 0.0 0.005125285 0.0 0.0 0.008350035 0.007945126 0.0 0.0 0.00330217 0.1311801 0.024888901 0.06029671 0.012493877 0.0 0.0 0.0 0.0 0.050759897 0.0 0.060156032 0.0 0.0 0.102260835 0.0 0.0 0.0 0.0 0.08458624 0.04454069 0.0133829685 0.021978028 0.0 0.025758388 0.04838217 0.03170618 0.059314687 0.18137306 0.0 0.009871407 0.0
0.0 0.007920528 0.058908366 0.025856446 0.0 0.02649778 0.0 0.0 0.023980306 0.0 0.0 0.091478094 0.0 0.0 0.0 0.04641663 0.002402076 0.036117878 0.017590942 0.08154736 0.0 0.09391225 0.0 0.0 0.008910323 0.0 0.058929138 0.0 0.13144144 0.08021691 0.0 0.0 0.06649973 0.022660768 0.0 0.0 0.0 0.044187002 0.0 0.0 0.0 0.0032380032 0.0 0.0 0.00661637 0.014160803 0.03110358 0.068954274 0.0 0.03170618 0.0 0.0028006919 0.0 0.0 0.0 0.058750205
0.024095278 0.0 0.0 0.023378551 0.0 0.011880225 0.0 0.08852997 0.0 0.038160823 0.0 0.016644645 0.0 0.0 0.019219182 0.08363136 0.0 0.0 0.07846746 0.0 0.022004804 0.024060668 0.0 0.077967495 0.0 0.00436886 0.006646701 0.053860605 0.011093045 0.0 0.00019123752 0.0015970751 0.14676075 0.0 0.012967143 0.0 0.0 0.0 0.0 0.0 0.0 0.0 0.0 0.0 0.093251586 0.022766288 0.0 0.0 0.005787402 0.05931469 0.0028006919 0.0 0.0 0.0 0.0534477 0.0
0.031191971 0.0 0.0 0.010279497 0.0 0.0 0.0 0.0 0.0 0.0069323997 0.0 0.0 0.08680298 0.14007287 0.0092126345 0.0 0.0 0.0 0.0 0.0 0.027092868 0.0 0.023605755 0.0 0.023042329 0.0 0.0 0.0 0.0 0.0 0.013058747 0.0 0.0 0.0 0.05846091 0.0 0.0 0.0 0.08683801 0.10897084 0.0 0.0 0.0 0.034272965 0.024558203 0.0 0.0022487051 0.00052502484 0.047611356 0.18137306 0.0 0.0 0.0 0.0 0.0 0.0
0.0 0.04702757 0.013538581 0.0 0.0 0.0 0.0 0.031787448 0.04626771 0.07640975 0.012639273 0.0 0.0 0.0 0.0 0.0 0.0 0.007343246 0.0 0.01774404 0.028267162 0.0 0.0 0.042824555 0.0 0.016663488 0.0 0.0068331277 0.0 0.0 0.020221401 0.011700644 0.0 0.0 0.088141836 0.023626272 0.07115368 0.0 0.09318051 0.0 0.052483857 0.0 0.0 0.00037586095 0.102683805 0.08699802 0.0 0.0132667385 0.0 0.0 0.0 0.0 0.0 0.0 0.0 0.001346515
0.0 0.015636664 0.0096744485 0.00555059 0.0 0.0 0.0 0.08123324 0.012029118 0.016817762 0.019270752 0.0 0.041081503 0.0 0.0 0.096095525 0.0 0.022059299 0.037765108 0.03076023 0.0 0.0 0.0 0.027001895 0.0 0.0 0.07667984 0.09108525 0.0054024863 0.0 0.0 0.0 0.13498755 0.0 0.0 0.012231805 0.006482205 0.0 0.0 0.0 0.037664425 0.0 0.0 0.0 0.031518932 0.07161302 0.0 0.0 0.0 0.009871407 0.0 0.0534477 0.0 0.0 0.0 0.0
0.0 0.0 0.0 0.0 0.0 0.0 0.0031222291 0.0 0.06287708 0.0 0.0 0.0 0.0 0.02179975 0.0 0.02507497 0.0 0.0 0.0 0.025800204 0.026353048 0.0 0.1608662 0.10836836 0.0030144425 0.14211898 0.0 0.004151358 0.0 0.0 0.062578015 0.0 0.0 0.0 0.0 0.0 0.028147133 0.0 0.025749836 0.005012482 0.043694656 0.011913984 0.0428506 0.017968886 0.0 0.0 0.0 0.0 0.0 0.0 0.0587502 0.0 0.0 0.0013465149 0.0 0.0
