0.09808052 0.045567155 0.0018539546 0.0 0.0 0.0 0.0 0.043827884 0.0 0.0 0.0 0.032551065 0.0 0.024567975 0.0 0.0 0.03892948 0.071283825 0.0 0.061612565 0.0 0.022099586 0.0 0.0 0.0 0.0 0.0 0.0 0.0 0.0 0.0 0.0 0.070703015 0.0 0.0088406475 0.0 0.0 0.0 0.03194311 0.0 0.021319162 0.0049925502 0.0 0.019917933 0.16516297 0.0 0.0 0.042856235 0.0 0.17524797 0.0 0.0 0.0 0.034452163 0.040350176 0.0
0.04556716 0.0 0.0 0.0 0.0 0.0 0.0 0.04352147 0.0 0.018095378 0.0 0.0 0.078625605 0.0 0.0 0.022975411 0.0 0.0 0.0 0.0 0.0 0.0 0.031331573 0.10912512 0.0 0.06368168 0.0 0.012776389 0.0 0.0 0.0 0.00013062944 0.0 0.002625601 0.020380583 0.09099378 0.01900489 0.009433319 0.0 0.017761506 0.049913287 0.0 0.047295917 0.0 0.0 0.0 0.0 0.0 0.0 0.0 0.036916744 0.18361408 0.0 0.0 0.0072897733 0.0
0.0018539546 0.0 0.0 0.0 0.0 0.07713668 0.0 0.0 0.0 0.0 0.0 0.0 0.0 0.0 0.038068306 0.013617676 0.0 0.0 0.0 0.0 0.010869096 0.0 0.044226095 0.0 0.0 0.0 0.024890007 0.0049279355 0.0 0.0 0.0 0.0 0.08838048 0.0 0.0 0.0 0.0 0.07206766 0.08487346 0.0 0.0 0.0 0.0 0.038758792 0.0 0.022837583 0.0 0.24352536 0.0 0.0 0.14542963 0.0060279784 0.0 0.0 0.04115277 0.0
0.0 0.0 0.0 0.0 0.0073289257 0.0 0.07586686 0.04007276 0.10462902 0.0 0.0 0.0 0.042976823 0.025928903 0.017488532 0.0 0.0 0.0 0.0 0.0 0.0 0.0 0.017756317 0.01098168 0.0 0.07691939 0.0 0.03401072 0.05867344 0.0 0.0 0.0 0.0 0.100005075 0.0 0.15885314 0.031187097 0.0 0.0 0.023745378 0.020196209 0.0 0.0374347 0.0 0.0 0.0 0.0 0.0 0.0 0.0 0.0 0.0300791 0.0 0.0 0.01216119 0.0
0.0 0.0 0.0 0.0073289257 0.09052056 0.0 0.016442824 0.0 0.15362252 0.0 0.0 0.0 0.05739329 0.0 0.0 0.03022223 0.0 0.0 0.0 0.0 0.028159732 0.0 0.02918108 0.0062971995 0.0 0.0 0.0 0.050363157 0.0016890754 0.056766916 0.011038561 0.0 0.0 0.0 0.0 0.0 0.0 0.0 0.0 0.11799246 0.0 0.0 0.11109436 0.0 0.0 0.02211306 0.117129795 0.0 0.0 0.0 0.05140993 0.0 0.0 0.0 0.0 0.0
0.0 0.0 0.07713669 0.0 0.0 0.061893627 0.0090437895 0.0 0.0 0.022613456 0.0 0.0 0.014375623 0.0 0.006965086 0.0 0.004183322 0.0 0.07543274 0.0 0.0 0.0 0.0 0.0 0.08857199 0.008246123 0.0 0.0 0.0 0.054715086 0.0 0.0 0.046992622 0.086445704 0.059801787 0.036644295 0.07813318 0.028941594 0.030305786 0.0 0.0 0.0 0.0 0.016006762 0.06816574 0.0 0.0 0.0 0.0 0.0 0.0 0.014884204 0.0 0.0 0.0 0.0
0.0 0.0 0.0 0.075866856 0.016442824 0.0090437895 0.0 0.0 0.0 0.0 0.020234099 0.0 0.0 0.0 0.10278345 0.060301926 0.0 0.0 0.021272885 0.0 0.05312367 0.0 0.0647399 0.047464285 0.0 0.0 0.07512533 0.0 0.0 0.0 0.1537807 0.011202833 0.007785475 0.0 0.0 0.011236076 0.0 0.09317655 0.0 0.05227706 0.0 0.0 0.006574317 0.0 0.0 0.034001324 0.042794026 0.033265825 0.0 0.0 0.0 0.0 0.0 0.00558627 0.012429966 0.0
0.043827884 0.04352147 0.0 0.040072758 0.0 0.0 0.0 0.039336592 0.0 0.04094744 0.0 0.0 0.0 0.12765385 0.0 0.025895465 0.0 0.0 0.0 0.0045062704 0.0 0.0031668334 0.008647161 0.1457 0.0 0.021901939 0.0 0.0 0.0 0.0 0.0 0.0 0.0 0.0 0.07611188 0.0 0.0 0.0 0.0 0.0 0.055956382 0.058600526 0.0 0.0 0.092462696 0.0 0.0 0.0 0.0 0.035815787 0.081467666 0.067454055 0.0 0.02359124 0.03418448 0.0
0.0 0.0 0.0 0.10462902 0.15362252 0.0 0.0 0.0 0.022788368 0.0 0.06548926 0.0 0.079331964 0.0 0.033811588 0.037202824 0.0 0.0 0.012224186 0.020452013 0.066736065 0.0 0.059423294 0.0 0.0 0.0 0.03733962 0.0 0.0 0.0 0.110413544 0.03883509 0.0 0.0 0.0065466375 0.018897392 0.0 0.008999027 0.027455794 0.0 0.0 0.0 0.065954134 0.0 0.0 0.0 0.013684957 0.0 0.021079088 0.0 0.0042539793 0.0 0.062189814 0.0 0.0 0.0
0.0 0.018095378 0.0 0.0 0.0 0.022613456 0.0 0.04094744 0.0 0.12046281 0.0 0.0 0.0 0.016497454 0.0 0.0 0.0 0.053715937 0.017111862 0.0063366774 0.0 0.05310115 0.0 0.1321754 0.0 0.0 0.0 0.0 0.0063351113 0.0 0.0 0.0 0.0 0.0081087 0.19864497 0.0 0.0 0.0 0.0 0.0 0.0040635434 0.13244064 0.0 0.0 0.073688015 0.0 0.0 0.0 0.0 0.071025945 0.0 0.0 0.0 0.05538467 0.00385472 0.004740861
0.0 0.0 0.0 0.0 0.0 0.0 0.0202341 0.0 0.06548926 0.0 0.0 0.0 0.0358334 0.020021802 0.0 0.0 0.0 0.0 0.07967253 0.0 0.0 0.0 0.0 0.021240387 0.0 0.07881339 0.0 0.0 0.0043548252 0.01386057 0.0 0.019672854 0.01946312 0.03743729 0.15844554 0.031032031 0.0 0.0 0.0 0.04926303 0.13240819 0.0 0.07727637 0.040014736 0.0 0.0 0.0399826 0.0 0.0 0.0 0.0 0.0 0.031058922 0.0109919505 0.00357226 0.025089137
0.032551065 0.0 0.0 0.0 0.0 0.0 0.0 0.0 0.0 0.0 0.0 0.0 0.044882957 0.0 0.0 0.0 0.0 0.0 0.0 0.0 0.0 0.0063754534 0.028462848 0.060421463 0.0 0.0 0.03618867 0.07935666 0.0 0.0 0.0 0.0 0.0 0.0 0.0038554997 0.0 0.0 0.053049944 0.0 0.0 0.0 0.0 0.0 0.0 0.0058916677 0.05065436 0.0 0.03839441 0.0 0.0 0.0 0.16183916 0.0047341087 0.010596674 0.05546439 0.13851413
0.0 0.078625605 0.0 0.042976823 0.057393294 0.014375623 0.0 0.0 0.079331964 0.0 0.0358334 0.04488296 0.0 0.0057483404 0.015063401 0.0 0.02587484 0.0 0.006692913 0.067354925 0.0 0.028829362 0.0 0.0 0.0 0.007555564 0.06854192 0.0 0.0 0.0 0.045740183 0.03103591 0.0 0.071904495 0.0 0.04688436 0.00396097 0.0 0.0 0.052009553 0.0 0.0 0.028968342 0.0 0.0 0.050484527 0.021128101 0.0 0.0296498 0.0 0.0 0.0 0.16321693 0.0 0.0 0.0
0.024567975 0.0 0.0 0.025928903 0.0 0.0 0.0 0.12765385 0.0 0.016497454 0.020021804 0.0 0.0057483404 0.145843 0.06004213 0.0 0.0022526097 0.0 0.0 0.070166945 0.016645974 0.002331517 0.071631335 0.0 0.0 0.022727046 0.03847825 0.034405477 0.0 0.0 0.0 0.0 0.0 0.0 0.0 0.0 0.041868884 0.0 0.0015945068 0.0 0.0 0.019409042 0.006857015 0.0020957107 0.0 0.0 0.0 0.0 0.10481907 0.011596601 0.06763743 0.014039096 0.0 0.04662178 0.0434164 0.0
0.0 0.0 0.038068306 0.017488532 0.0 0.006965086 0.10278344 0.0 0.033811588 0.0 0.0 0.0 0.0150634 0.060042135 0.0 0.0 0.0 0.0 0.039929625 0.0 0.051511813 0.0 0.0 0.011614595 0.0 0.0 0.0 0.0 0.0 0.0 0.0123494975 0.0 0.0975968 0.0 0.0 0.0 0.0 0.027220052 0.08750423 0.036496256 0.0 0.0 0.0 0.051668976 0.0 0.009374898 0.016218446 0.0 0.0 0.0 0.00701008 0.010807358 0.04129554 0.039970335 0.0 0.0
0.0 0.022975411 0.013617676 0.0 0.03022223 0.0 0.060301926 0.025895465 0.037202824 0.0 0.0 0.0 0.0 0.0 0.0 0.0 0.0 0.0 0.1712888 0.0 0.01962785 0.0 0.009019938 0.0 0.039975293 0.0 0.0 0.0 0.0 0.040097445 0.0 0.0773355 0.015742682 0.031329013 0.0 0.043450736 0.0 0.0 0.04471153 0.030588048 0.1079018 0.019468933 0.022827242 0.08574248 0.0 0.0 0.0 0.0 0.012977863 0.0 0.0 0.0 0.052454524 0.0 0.0 0.0024776321
0.03892948 0.0 0.0 0.0 0.0 0.004183322 0.0 0.0 0.0 0.0 0.0 0.0 0.02587484 0.0022526097 0.0 0.0 0.0 0.0 0.0 0.0 0.0 0.017021228 0.0 0.0 0.0 0.07437275 0.0 0.079446994 0.1711752 0.0 0.024211632 0.0 0.0 0.04180889 0.0 0.0 0.0 0.0 0.0 0.0 0.017404003 0.0137377065 0.071115986 0.0 0.0 0.0 0.0 0.017604984 0.0 0.0 0.0 0.0 0.0 0.0 0.04577566 0.11567477
0.07128383 0.0 0.0 0.0 0.0 0.0 0.0 0.0 0.0 0.05371594 0.0 0.0 0.0 0.0 0.0 0.0 0.0 0.0 0.0 0.0060956725 0.0 0.012589562 0.09282337 0.014703484 0.0 0.0 0.0 0.053896565 0.0 0.006719336 0.0 0.0 0.11920353 0.032625604 0.04347209 0.0 0.074839704 0.0 0.016085822 0.016704466 0.0 0.035784885 0.0 0.0 0.08412277 0.0 0.0 0.0 0.0 0.0 0.05223683 0.03310465 0.0 0.0 0.077384904 0.0
0.0 0.0 0.0 0.0 0.0 0.07543274 0.021272885 0.0 0.012224186 0.017111862 0.07967252 0.0 0.006692913 0.0 0.039929625 0.1712888 0.0 0.0 0.08777708 0.0 0.0 0.0 0.04221413 0.037618887 0.0 0.0058083804 0.020616379 0.048470918 0.0 0.0 0.0 0.0 0.02205533 0.0 0.010228143 0.0 0.028168213 0.03196385 0.0 0.0 0.0 0.0 0.0 0.0 0.0 0.055003345 0.0 0.03049986 0.0 0.0 0.034963973 0.0 0.0 0.0 0.04370495 0.0
0.06161256 0.0 0.0 0.0 0.0 0.0 0.0 0.004506271 0.020452013 0.0063366774 0.0 0.0 0.067354925 0.070166945 0.0 0.0 0.0 0.0060956725 0.0 0.046253882 0.0 0.0 0.04390287 0.01577229 0.0 0.08548495 0.03562559 0.008066392 0.0 0.0 0.0066738743 0.0 0.010880128 0.045220688 0.079176635 0.0 0.025671782 0.021184253 0.0 0.0 0.04539699 0.0405558 0.0 0.023501689 0.015004159 0.0 0.0 0.0 0.0 0.0 0.03385723 0.035968456 0.0 0.025865635 0.0 0.011606506
0.0 0.0 0.010869097 0.0 0.028159732 0.0 0.053123668 0.0 0.066736065 0.0 0.0 0.0 0.0 0.016645974 0.051511813 0.01962785 0.0 0.0 0.0 0.0 0.0 0.0 0.11658142 0.03111545 0.0 0.041721053 0.0 0.028675843 0.0 0.056874074 0.0 0.06849482 0.0 0.0 0.0 0.0 0.014395502 0.025089297 0.0 0.0 0.0 0.0068618795 0.0 0.0 0.0 0.052988335 0.014459172 0.0 0.0 0.0 0.0 0.13001376 0.0 0.0 0.0 0.0
0.022099586 0.0 0.0 0.0 0.0 0.0 0.0 0.0031668332 0.0 0.05310115 0.0 0.006375453 0.028829362 0.0023315167 0.0 0.0 0.017021228 0.012589563 0.0 0.0 0.0 0.0 0.0 0.0 0.0 0.0 0.0 0.0 0.22848783 0.0 0.0 0.0 0.0 0.040401492 0.0 0.0 0.04400391 0.0 0.0 0.0 0.084451675 0.0 0.0 0.074981876 0.013916094 0.0 0.011489709 0.06531746 0.0 0.0 0.008665227 0.0 0.0 0.033292316 0.02159867 0.1909035
0.0 0.031331576 0.0442261 0.017756317 0.029181078 0.0 0.064739905 0.008647161 0.059423298 0.0 0.0 0.028462848 0.0 0.07163133 0.0 0.009019938 0.0 0.09282337 0.04221413 0.04390287 0.116581425 0.0 0.0 0.0 0.08788292 0.0037917765 0.0 0.015290695 0.0 0.026675303 0.0 0.086908035 0.089929484 0.0 0.006219173 0.03431077 0.018925602 0.0 0.0301384 0.026967729 0.010976611 0.0 0.0 0.0 0.0023938443 0.012347219 0.0 0.0 0.029699055 0.05553971 0.02880165 0.0 0.04812313 0.0 0.0 0.0
0.0 0.10912513 0.0 0.01098168 0.0062971995 0.0 0.047464285 0.1457 0.0 0.1321754 0.021240387 0.060421463 0.0 0.0 0.011614594 0.0 0.0 0.014703484 0.037618887 0.01577229 0.03111545 0.0 0.0 0.047223024 0.049395964 0.0 0.0 0.0 0.0 0.010602882 0.0 0.0 0.0 0.0 0.0 0.0 0.009253869 0.0 0.0 0.0 0.0 0.0 0.0 0.0 0.100008264 0.0 0.0 0.0 0.07462027 0.07303994 0.0 0.0 0.0 0.0 0.0 0.0
0.0 0.0 0.0 0.0 0.0 0.08857199 0.0 0.0 0.0 0.0 0.0 0.0 0.0 0.0 0.0 0.039975293 0.0 0.0 0.0 0.0 0.0 0.0 0.08788292 0.049395964 0.0 0.0 0.079908736 0.1484037 0.0 0.0 0.0 0.0 0.005377616 0.0 0.0 0.0 0.051750936 0.0 0.0 0.0 0.0 0.0 0.026274484 0.0 0.0 0.0 0.0 0.0 0.0 0.0 0.12715586 0.07173195 0.0 0.019590318 0.14242335 0.0
0.0 0.063681684 0.0 0.076919384 0.0 0.008246123 0.0 0.021901937 0.0 0.0 0.07881339 0.0 0.007555564 0.022727046 0.0 0.0 0.07437275 0.0 0.0058083804 0.08548496 0.041721053 0.0 0.0037917765 0.0 0.0 0.0 0.0 0.0049892925 0.0 0.031515714 0.056592 0.051515777 0.0 0.0 0.0 0.0 0.024006577 0.0016550632 0.025032002 0.121396214 0.0 0.0 0.0 0.015198933 0.0 0.026906602 0.0 0.0 0.040187273 0.0 0.0312611 0.0 0.0904855 0.032732487 0.009931677 0.0
0.0 0.0 0.024890007 0.0 0.0 0.0 0.07512533 0.0 0.03733962 0.0 0.0 0.03618867 0.068541914 0.03847825 0.0 0.0 0.0 0.0 0.020616379 0.03562559 0.0 0.0 0.0 0.0 0.079908736 0.0 0.026271982 0.0 0.019978674 0.093211256 0.0 0.06568518 0.02265377 0.062562175 0.0 0.0 0.0 0.0 0.037641454 0.0067470847 0.044421118 0.0 0.0 0.011782624 0.0 0.0 0.09291251 0.0 0.0 0.01586972 0.0 0.0 0.034135673 0.117306076 0.0 0.020299077
0.0 0.012776389 0.0049279355 0.034010716 0.050363157 0.0 0.0 0.0 0.0 0.0 0.0 0.07935666 0.0 0.034405477 0.0 0.0 0.079446994 0.05389656 0.048470914 0.008066392 0.028675843 0.0 0.015290695 0.0 0.1484037 0.0049892925 0.0 0.0 0.0 0.051284812 0.0 0.035314776 0.0 0.0 0.0 0.0 0.0 0.03225739 0.1278197 0.0 0.0057174754 0.0 0.0 0.057750948 0.0 0.025055576 0.0060867798 0.0 0.18203406 0.010142437 0.0 0.0 0.038373385 0.0 0.0 0.024515335
0.0 0.0 0.0 0.058673445 0.0016890754 0.0 0.0 0.0 0.0 0.0063351113 0.0043548252 0.0 0.0 0.0 0.0 0.0 0.17117518 0.0 0.0 0.0 0.0 0.22848783 0.0 0.0 0.0 0.0 0.019978674 0.0 0.0 0.0 0.046557225 0.0 0.0 0.0 0.0 0.0 0.0 0.0 0.0 0.0 0.0 0.29042247 0.0 0.0 0.014744064 0.0 0.0 0.06480125 0.0 0.0 0.0 0.0 0.0 0.0052004857 0.01753195 0.06659438
0.0 0.0 0.0 0.0 0.05676692 0.05471509 0.0 0.0 0.0 0.0 0.01386057 0.0 0.0 0.0 0.0 0.04009745 0.0 0.006719336 0.0 0.0 0.056874074 0.0 0.026675303 0.010602883 0.0 0.031515714 0.093211256 0.051284812 0.0 0.0 0.07114305 0.0 0.044265494 0.024762757 0.0 0.0 0.0 0.033494208 0.0 0.0 0.0 0.0 0.0 0.061155703 0.0 0.022236912 0.012439361 0.0 0.0 0.0 0.041560393 0.023402194 0.0 0.016908363 0.053597175 0.0
0.0 0.0 0.0 0.0 0.011038562 0.0 0.1537807 0.0 0.110413544 0.0 0.0 0.0 0.04574018 0.0 0.012349498 0.0 0.024211634 0.0 0.0 0.0066738743 0.0 0.0 0.0 0.0 0.0 0.056592 0.0 0.0 0.04655722 0.07114305 0.0 0.013016688 0.0 0.13482372 0.019280618 0.033435665 0.0979197 0.009574985 0.0 0.0 0.044020645 0.0 0.04962258 0.06886231 0.0 0.0 0.10141232 0.0 0.0077060875 0.0 0.0 0.0 0.0 0.04276654 0.0 0.038944554
0.0 0.00013062944 0.0 0.0 0.0 0.0 0.011202833 0.0 0.03883509 0.0 0.019672854 0.0 0.03103591 0.0 0.0 0.0773355 0.0 0.0 0.0 0.0 0.06849481 0.0 0.086908035 0.0 0.0 0.051515777 0.06568518 0.035314772 0.0 0.0 0.013016688 0.01243351 0.028424675 0.0 0.0 0.018662248 0.0 0.0 0.01692356 0.057127323 0.0 0.0027045088 0.13009523 0.019232908 0.0 0.01043243 0.010230049 0.018735247 0.0 0.0 0.05666876 0.0 0.053457435 0.006749812 0.0801834 0.0
0.070703015 0.0 0.08838048 0.0 0.0 0.046992626 0.007785475 0.0 0.0 0.0 0.01946312 0.0 0.0 0.0 0.0975968 0.015742684 0.0 0.11920353 0.022055328 0.010880128 0.0 0.0 0.089929484 0.0 0.005377616 0.0 0.022653772 0.0 0.0 0.044265494 0.0 0.028424675 0.0 0.0 0.0 0.016403297 0.08007594 0.0 0.054515347 0.0 0.020794893 0.0 0.0 0.01985084 0.09874347 0.0 0.015529172 0.0 0.0 0.0 0.04301137 0.0 0.0 0.0 0.0 0.0
0.0 0.002625601 0.0 0.100005075 0.0 0.086445704 0.0 0.0 0.0 0.008108699 0.03743729 0.0 0.071904495 0.0 0.0 0.031329013 0.041808885 0.03262561 0.0 0.045220684 0.0 0.04040149 0.0 0.0 0.0 0.0 0.06256217 0.0 0.0 0.024762755 0.13482371 0.0 0.0 0.0 0.0 0.0 0.0 0.13760689 0.011796629 0.0 0.0 0.011917366 0.0 0.0 0.0 0.05232037 0.01657961 0.09479747 0.010118413 0.0 0.013478925 0.0 0.0 0.0 0.008604411 0.0
0.008840648 0.020380583 0.0 0.0 0.0 0.059801787 0.0 0.07611188 0.0065466375 0.19864498 0.15844554 0.0038554997 0.0 0.0 0.0 0.0 0.0 0.043472093 0.010228144 0.079176635 0.0 0.0 0.0062191733 0.0 0.0 0.0 0.0 0.0 0.0 0.0 0.019280618 0.0 0.0 0.0 0.056541193 0.0 0.0 0.10899317 0.0 0.0 0.0 0.028445004 0.0 0.0 0.047243733 0.05543217 0.0 0.036592465 0.0 0.05149657 0.018540518 0.0 0.0 0.0 0.0 0.0
0.0 0.09099377 0.0 0.15885316 0.0 0.03664429 0.011236076 0.0 0.018897392 0.0 0.031032031 0.0 0.04688436 0.0 0.0 0.04345074 0.0 0.0 0.0 0.0 0.0 0.0 0.03431077 0.0 0.0 0.0 0.0 0.0 0.0 0.0 0.033435665 0.018662246 0.016403297 0.0 0.0 0.0 0.0 0.024455013 0.0 0.05498452 0.023268402 0.0 0.06944536 0.05792415 0.0 0.060055833 0.0 0.0 0.0 0.0 0.022810804 0.0 0.0 0.0 0.0 0.0
0.0 0.01900489 0.0 0.031187097 0.0 0.07813317 0.0 0.0 0.0 0.0 0.0 0.0 0.00396097 0.04186888 0.0 0.0 0.0 0.074839704 0.028168213 0.025671782 0.014395502 0.04400391 0.0189256 0.009253869 0.05175094 0.024006577 0.0 0.0 0.0 0.0 0.09791971 0.0 0.08007594 0.0 0.0 0.0 0.0 0.0 0.0020792976 0.044524185 0.048691586 0.011923213 0.0 0.008853598 0.013619762 0.025289785 0.0 0.04448408 0.049749758 0.05020074 0.037929848 0.0 0.0 0.0 0.057605967 0.0
0.0 0.009433319 0.07206766 0.0 0.0 0.028941596 0.09317655 0.0 0.008999028 0.0 0.0 0.05304994 0.0 0.0 0.02722005 0.0 0.0 0.0 0.03196385 0.021184253 0.025089297 0.0 0.0 0.0 0.0 0.0016550631 0.0 0.03225739 0.0 0.033494208 0.009574985 0.0 0.0 0.13760689 0.108993165 0.024455013 0.0 0.0 0.008912074 0.0 0.0 0.0078661125 0.011619551 0.0 0.016359208 0.0 0.0523937 0.0 0.0 0.025482096 0.0 0.0 0.02304166 0.0 0.0 0.0
0.03194311 0.0 0.08487346 0.0 0.0 0.030305788 0.0 0.0 0.027455794 0.0 0.0 0.0 0.0 0.0015945068 0.08750422 0.04471153 0.0 0.016085822 0.0 0.0 0.0 0.0 0.0301384 0.0 0.0 0.025032002 0.037641454 0.12781972 0.0 0.0 0.0 0.01692356 0.054515347 0.011796628 0.0 0.0 0.0020792976 0.008912074 0.0 0.09287905 0.0 0.0 0.0 0.0 0.0 0.08663218 0.0 0.0 0.0 0.0 0.07782051 0.0 0.0 0.039181255 0.0068719047 0.0
0.0 0.017761504 0.0 0.02374538 0.11799247 0.0 0.05227706 0.0 0.0 0.0 0.049263027 0.0 0.05200955 0.0 0.036496256 0.030588046 0.0 0.016704466 0.0 0.0 0.0 0.0 0.026967729 0.0 0.0 0.121396214 0.006747085 0.0 0.0 0.0 0.0 0.057127327 0.0 0.0 0.0 0.05498452 0.044524185 0.0 0.09287906 0.0 0.0 0.0 0.0 0.006307168 0.0 0.0 0.02796403 0.0 0.0709997 0.0 0.020502588 0.0 0.10982305 0.060121637 0.0 0.0
0.021319162 0.049913283 0.0 0.02019621 0.0 0.0 0.0 0.055956386 0.0 0.0040635434 0.13240817 0.0 0.0 0.0 0.0 0.1079018 0.017404005 0.0 0.0 0.04539699 0.0 0.08445168 0.010976611 0.0 0.0 0.0 0.044421118 0.0057174754 0.0 0.0 0.044020645 0.0 0.020794893 0.0 0.0 0.023268402 0.048691586 0.0 0.0 0.0 0.0 0.0 0.0 0.008492628 0.019339982 0.012864695 0.0 0.044209693 0.011629442 0.08871088 0.0 0.0 0.0 0.010227386 0.035037488 0.0
0.0049925502 0.0 0.0 0.0 0.0 0.0 0.0 0.05860053 0.0 0.13244063 0.0 0.0 0.0 0.019409042 0.0 0.019468933 0.013737706 0.035784885 0.0 0.0405558 0.00686188 0.0 0.0 0.0 0.0 0.0 0.0 0.0 0.2904225 0.0 0.0 0.0027045086 0.0 0.011917367 0.028445002 0.0 0.011923213 0.007866113 0.0 0.0 0.0 0.057294417 0.0055351206 0.0 0.0 0.0 0.0313964 0.0 0.0 0.0 0.0 0.0 0.0 0.015577856 0.0 0.13722894
0.0 0.047295913 0.0 0.0374347 0.11109436 0.0 0.006574317 0.0 0.065954134 0.0 0.07727637 0.0 0.028968342 0.0068570157 0.0 0.02282724 0.071115986 0.0 0.0 0.0 0.0 0.0 0.0 0.0 0.026274484 0.0 0.0 0.0 0.0 0.0 0.04962258 0.13009521 0.0 0.0 0.0 0.06944536 0.0 0.011619552 0.0 0.0 0.0 0.00553512 0.0 0.049697634 0.0 0.015099472 0.023200544 0.0 0.037139934 0.0 0.0 0.0 0.012681863 0.0 0.033684615 0.016121512
0.019917933 0.0 0.038758792 0.0 0.0 0.016006762 0.0 0.0 0.0 0.0 0.040014736 0.0 0.0 0.0020957107 0.051668976 0.08574248 0.0 0.0 0.0 0.023501687 0.0 0.074981876 0.0 0.0 0.0 0.015198932 0.011782624 0.057750944 0.0 0.061155703 0.06886231 0.019232908 0.01985084 0.0 0.0 0.057924155 0.008853597 0.0 0.0 0.006307168 0.008492628 0.0 0.04969763 0.017362347 0.0 0.050691064 0.043087173 0.0 0.033507984 0.0 0.0 0.010486257 0.0074209888 0.029551903 0.058503687 0.0
0.16516297 0.0 0.0 0.0 0.0 0.06816575 0.0 0.09246269 0.0 0.07368802 0.0 0.0058916677 0.0 0.0 0.0 0.0 0.0 0.08412276 0.0 0.015004158 0.0 0.013916093 0.0023938443 0.10000826 0.0 0.0 0.0 0.0 0.014744063 0.0 0.0 0.0 0.098743476 0.0 0.04724373 0.0 0.013619761 0.01635921 0.0 0.0 0.019339982 0.0 0.0 0.0 0.10403774 0.0 0.0 0.018530421 0.0 0.046880826 0.0 0.10910525 0.0 0.0 0.0 0.0
0.0 0.0 0.022837583 0.0 0.022113062 0.0 0.034001324 0.0 0.0 0.0 0.0 0.05065436 0.050484527 0.0 0.009374898 0.0 0.0 0.0 0.05500334 0.0 0.052988335 0.0 0.012347219 0.0 0.0 0.0269066 0.0 0.025055574 0.0 0.022236912 0.0 0.010432429 0.0 0.05232037 0.055432167 0.060055833 0.025289783 0.0 0.08663218 0.0 0.012864695 0.0 0.015099472 0.050691064 0.0 0.0 0.0 0.0 0.0 0.0 0.029422728 0.0 0.0 0.0 0.0 0.0
0.0 0.0 0.0 0.0 0.1171298 0.0 0.042794026 0.0 0.013684957 0.0 0.039982602 0.0 0.021128101 0.0 0.016218446 0.0 0.0 0.0 0.0 0.0 0.014459173 0.011489709 0.0 0.0 0.0 0.0 0.09291251 0.0060867798 0.0 0.012439362 0.10141232 0.010230049 0.0155291725 0.016579608 0.0 0.0 0.0 0.052393697 0.0 0.027964031 0.0 0.031396396 0.023200544 0.043087173 0.0 0.0 0.0528282 0.10612309 0.0 0.0 0.0 0.0 0.015050455 0.0 0.0 0.0
0.042856235 0.0 0.24352534 0.0 0.0 0.0 0.033265825 0.0 0.0 0.0 0.0 0.03839441 0.0 0.0 0.0 0.0 0.017604984 0.0 0.03049986 0.0 0.0 0.06531746 0.0 0.0 0.0 0.0 0.0 0.0 0.06480125 0.0 0.0 0.018735245 0.0 0.09479747 0.03659246 0.0 0.044484083 0.0 0.0 0.0 0.044209696 0.0 0.0 0.0 0.018530421 0.0 0.10612309 0.0 0.0 0.0 0.0 5.751992e-18 0.029643895 0.019035187 0.0 0.038817078
0.0 0.0 0.0 0.0 0.0 0.0 0.0 0.0 0.02107909 0.0 0.0 0.0 0.029649802 0.10481907 0.0 0.012977863 0.0 0.0 0.0 0.0 0.0 0.0 0.029699055 0.07462028 0.0 0.040187273 0.0 0.18203405 0.0 0.0 0.007706087 0.0 0.0 0.010118413 0.0 0.0 0.049749758 0.0 0.0 0.0709997 0.011629443 0.0 0.037139937 0.033507984 0.0 0.0 0.0 0.0 0.0 0.0 0.041263394 0.11298447 0.0 0.0 0.0 0.0
0.17524797 0.0 0.0 0.0 0.0 0.0 0.0 0.035815787 0.0 0.071025945 0.0 0.0 0.0 0.011596601 0.0 0.0 0.0 0.0 0.0 0.0 0.0 0.0 0.055539712 0.073039934 0.0 0.0 0.01586972 0.010142438 0.0 0.0 0.0 0.0 0.0 0.0 0.05149657 0.0 0.05020074 0.025482094 0.0 0.0 0.08871088 0.0 0.0 0.0 0.046880826 0.0 0.0 0.0 0.0 0.0 0.012428337 0.16549757 0.0 0.014295484 0.04188726 0.012580896
0.0 0.036916744 0.14542963 0.0 0.051409926 0.0 0.0 0.081467666 0.0042539793 0.0 0.0 0.0 0.0 0.06763743 0.00701008 0.0 0.0 0.05223683 0.034963977 0.033857226 0.0 0.008665227 0.02880165 0.0 0.12715586 0.0312611 0.0 0.0 0.0 0.041560397 0.0 0.05666876 0.04301137 0.013478925 0.018540518 0.022810804 0.037929844 0.0 0.07782051 0.020502588 0.0 0.0 0.0 0.0 0.0 0.029422728 0.0 0.0 0.041263394 0.012428336 0.0 0.0 0.032332703 0.0 0.0 0.0
0.0 0.18361408 0.0060279784 0.0300791 0.0 0.014884203 0.0 0.067454055 0.0 0.0 0.0 0.16183916 0.0 0.014039096 0.010807358 0.0 0.0 0.03310465 0.0 0.035968453 0.13001376 0.0 0.0 0.0 0.07173195 0.0 0.0 0.0 0.0 0.023402194 0.0 0.0 0.0 0.0 0.0 0.0 0.0 0.0 0.0 0.0 0.0 0.0 0.0 0.010486258 0.10910525 0.0 0.0 5.7519915e-18 0.11298446 0.16549757 0.0 0.0 0.0 0.0 0.0061892797 0.0
0.0 0.0 0.0 0.0 0.0 0.0 0.0 0.0 0.062189817 0.0 0.031058922 0.004734108 0.16321693 0.0 0.04129554 0.05245452 0.0 0.0 0.0 0.0 0.0 0.0 0.048123132 0.0 0.0 0.0904855 0.034135673 0.03837339 0.0 0.0 0.0 0.053457435 0.0 0.0 0.0 0.0 0.0 0.02304166 0.0 0.10982304 0.0 0.0 0.012681863 0.007420989 0.0 0.0 0.015050455 0.029643895 0.0 0.0 0.032332703 0.0 0.0 0.0 0.042007707 0.0
0.034452163 0.0 0.0 0.0 0.0 0.0 0.00558627 0.023591239 0.0 0.055384673 0.01099195 0.010596673 0.0 0.04662178 0.03997033 0.0 0.0 0.0 0.0 0.025865635 0.0 0.033292316 0.0 0.0 0.019590318 0.032732487 0.11730607 0.0 0.0052004857 0.016908364 0.04276654 0.0067498125 0.0 0.0 0.0 0.0 0.0 0.0 0.03918126 0.060121637 0.010227387 0.015577856 0.0 0.029551903 0.0 0.0 0.0 0.019035187 0.0 0.014295485 0.0 0.0 0.0 0.0701029 0.036307067 0.15754962
0.040350176 0.0072897733 0.04115277 0.01216119 0.0 0.0 0.012429966 0.034184482 0.0 0.00385472 0.0035722603 0.05546439 0.0 0.0434164 0.0 0.0 0.045775663 0.0773849 0.04370495 0.0 0.0 0.02159867 0.0 0.0 0.14242335 0.009931677 0.0 0.0 0.01753195 0.05359718 0.0 0.0801834 0.0 0.008604411 0.0 0.0 0.05760597 0.0 0.0068719042 0.0 0.035037488 0.0 0.03368462 0.058503684 0.0 0.0 0.0 0.0 0.0 0.04188726 0.0 0.0061892797 0.042007707 0.03630707 0.0 0.011882259
0.0 0.0 0.0 0.0 0.0 0.0 0.0 0.0 0.0 0.004740861 0.02508914 0.13851413 0.0 0.0 0.0 0.002477632 0.11567478 0.0 0.0 0.011606506 0.0 0.1909035 0.0 0.0 0.0 0.0 0.020299075 0.024515333 0.06659437 0.0 0.038944557 0.0 0.0 0.0 0.0 0.0 0.0 0.0 0.0 0.0 0.0 0.13722895 0.016121512 0.0 0.0 0.0 0.0 0.038817078 0.0 0.012580897 0.0 0.0 0.0 0.15754962 0.011882259 0.0
