0.0 0.0 0.0 0.005814088 0.0 0.0047339173 0.0 0.038186498 0.0 0.0 0.0 0.0 0.008724582 0.1286458 0.0 0.0706923 0.0 0.0 0.008710479 0.0 0.016521854 0.0 0.0 0.0 0.0 0.10886803 0.016170679 0.09529306 0.0 0.0 0.0 0.020652784 0.0 0.006528566 0.0 0.06689921 0.010189413 0.01219498 0.068893395 0.036586005 0.04532808 0.04278602 0.025471386 0.0 0.01238577 0.035040542 0.0 0.0 0.0015391049 0.051641386 0.037229694 0.011556839 0.0 0.024001146 0.046644136 0.0
0.0 0.0 0.0 0.0 0.039454117 0.0020362956 0.0 0.01591623 0.0 0.0 0.0 0.0 0.0 0.0 0.0 0.0 0.0 0.0 0.058564395 0.065028235 0.0 0.05511737 0.068178095 0.013986547 0.053064752 0.0 0.0 0.07110188 0.0 0.0 0.0 0.04902186 0.0 0.0 0.0 0.0 0.0 0.0 0.010066124 0.11255183 0.0 0.0 0.0 0.0 0.0 0.10627617 0.0 0.011997709 0.0083028665 0.0008397882 0.10093872 0.0010553825 0.0 0.0 0.0 0.0
0.0 0.0 0.0 0.0 0.0 0.0 0.0 0.0 0.013755066 0.013790416 0.046369344 0.0 0.0 0.0 0.0 0.0 0.061238874 0.0 0.0 0.014848484 0.0 0.11206942 0.0 0.0 0.0065994062 0.0 0.00625905 0.0 0.0 0.038600273 0.0 0.075508475 0.0 0.0016555836 0.0 0.007238854 0.0 0.056856345 0.014347867 0.014981383 0.0 0.04799771 0.0 0.019180955 0.0 0.0 0.040107135 0.0 0.0 0.0 0.0 0.019237254 0.1246549 0.042774625 0.0 0.0
0.0058140876 0.0 0.0 0.0 0.020706736 0.0 0.0 0.041238364 0.0016133306 0.0 0.0 0.0 0.0 0.0 0.008107095 0.009194926 0.0 0.0 0.0 0.0 0.03233485 0.0052767647 0.16479415 0.042108506 0.0 0.037616655 0.0 0.017276963 0.0 0.0 0.051874418 0.0 0.0780674 0.0 0.0 0.007895664 0.0 0.0 0.0 0.08309877 0.012772135 0.0 0.0033062766 0.0 0.037675653 0.0 0.0 0.004381256 0.0045160004 0.0 0.06764493 0.06241526 0.0 0.0019001171 0.014204692 0.0
0.0 0.039454117 0.0 0.020706734 0.0 0.004247559 0.0 0.0 0.0 0.0 0.051115956 0.0 0.0 0.0 0.0 0.0 0.0 0.0 0.0 0.082341164 0.0052819834 0.0 0.1406158 0.1529809 0.0 0.016656144 0.024930267 0.0 0.0 0.0 0.07263296 0.0 0.051030967 0.0 0.0 0.0 0.0 0.038005922 0.0 0.038777817 0.0033881539 0.0 0.0 0.0 0.0 0.0 0.0 0.035921805 0.0 0.0 0.14869319 0.0 0.0 0.0 0.0 0.0
0.0047339173 0.0020362956 0.0 0.0 0.0042475583 0.0 0.0 0.0 0.0 0.0293059 0.0 0.0 0.024358835 0.0 0.0 0.0 0.0 0.07614359 0.011199351 0.03614603 0.00740177 0.08401111 0.0063013798 0.015158038 0.0 0.0 0.0 0.053716883 0.0 0.044059556 0.073311016 0.0067082094 0.04712251 0.0 0.010021834 0.052457906 0.0 0.0034553632 0.08711599 0.0 0.020091534 0.0 0.0 0.019941207 0.020770349 0.07452783 0.0 0.0 0.020825602 0.0 0.07570468 0.0 0.035962246 0.009078638 0.0 0.0
0.0 0.0 0.0 0.0 0.0 0.0 0.035275023 0.00025524362 0.0 0.0 0.0 0.057862774 0.0 0.0 0.0 0.0 0.0 0.01461968 0.023198295 0.0 0.0 0.029058518 0.0 0.0 0.03942179 0.0 0.0 0.024614975 0.1545755 0.115671426 0.0 0.0 0.0 0.105952024 0.08574819 0.009058388 0.0 0.0 0.0028013247 0.012250245 0.0 0.0 0.0 0.10453369 0.0 0.037412062 0.0 0.025088659 0.0 0.046310917 0.0 0.0 0.016811462 0.0 0.0 0.0
0.038186498 0.01591623 0.0 0.041238364 0.0 0.0 0.00025524362 0.0 0.012374907 0.010855197 0.0 0.0 0.07105795 0.008988122 0.0 0.059398018 0.0 0.0 0.024907965 0.0 0.0 0.0 0.0 0.0 0.0 0.0 0.029337049 0.0 0.0 0.040806938 0.0 0.09446134 0.0 0.05398271 0.0 0.16895522 0.017744407 0.038168542 0.06358517 0.0 0.016241334 0.0 0.0017219081 0.0 0.0 0.0 0.0 0.0 0.07129099 0.045872483 0.0 0.035594318 0.0 0.015080975 0.046809066 0.0
0.0 0.0 0.013755066 0.0016133306 0.0 0.0 0.0 0.012374907 0.0 0.0016590869 0.021406805 0.013955138 0.0 0.0 0.0 0.0 0.0 0.0 0.0 0.0 0.0 0.0 0.06262045 0.05862257 0.14926302 0.0 0.0 0.0707996 0.0 0.0 0.0 0.0 0.0022819596 0.0 0.0 0.0 0.0 0.0 0.0 0.12490005 0.0 0.0 0.0 0.0365041 0.0 0.048357844 0.0 0.12054821 0.0 0.0 0.09113706 0.0 0.0 0.0 0.0 0.0
0.0 0.0 0.013790415 0.0 0.0 0.029305901 0.0 0.010855197 0.0016590868 0.0 0.0 0.0 0.0727821 0.0136761805 0.0 0.07197058 0.027907794 0.060564093 0.0656756 0.0 0.018869322 0.0 0.0 0.0 0.016447796 0.04478711 0.042080056 0.0 0.0 0.0051120566 0.0 0.04823909 0.0 0.015752986 0.0 0.088433936 0.0 0.0 0.1706874 0.0 0.019403588 0.00904226 0.0 0.019581178 0.0 0.0 0.0008092214 0.0 0.005044196 0.0 0.0 0.0 0.0021023476 0.021005532 0.0 0.0
0.0 0.0 0.046369344 0.0 0.05111596 0.0 0.0 0.0 0.021406805 0.0 0.0 0.015658883 0.01356856 0.0402779 0.0 0.0 0.0 0.0 0.0 0.0 0.0 0.04261849 0.0 0.0 0.12194812 0.052026156 0.0 0.0 0.04235095 0.0 0.0 0.019871715 0.0 0.0 0.0 0.0064863055 0.0 0.0 0.0 0.060573705 0.050554115 0.067827076 0.05978054 0.011532447 0.0 0.0 0.021708325 0.0043066866 0.0 0.0 0.0 0.0088532455 0.0 0.19054614 0.0 0.10739408
0.0 0.0 0.0 0.0 0.0 0.0 0.057862774 0.0 0.013955138 0.0 0.015658882 0.0 0.0 0.0 0.0 0.0 0.064473994 0.0056195664 0.013125039 0.0 0.0 0.0798357 0.0 0.0 0.019814914 0.0 0.022890678 0.032759994 0.0 0.1489309 0.0 0.0 0.0 0.0 0.0 0.00687268 0.0 0.0 0.0 0.0 0.0 0.0004576238 0.0 0.08829059 0.0 0.0 0.07742442 0.012467254 0.0 0.0 0.0 0.05636504 0.12393083 0.006102012 0.0 0.0
0.008724581 0.0 0.0 0.0 0.0 0.024358835 0.0 0.07105795 0.0 0.0727821 0.01356856 0.0 0.03242072 0.069746725 0.0 0.0 0.0 0.0 0.0 0.0 0.0 0.04707174 0.0 0.0075961277 0.0 0.0 0.01869731 0.029735914 0.0 0.0 0.009956863 0.0 0.016230103 0.016865183 0.04939383 0.0 0.011873672 0.0 0.0 0.0 0.067019254 0.016274504 0.0 0.0 0.08981953 0.0 0.0 0.0 0.0 0.058307417 0.0 0.03415643 0.0 0.00887427 0.018738223 0.0
0.12864581 0.0 0.0 0.0 0.0 0.0 0.0 0.008988123 0.0 0.013676181 0.040277902 0.0 0.069746725 0.049430154 0.16398731 0.009133084 0.0 0.0 0.0028014071 0.0 0.0 0.0 0.0 0.010652483 0.0 0.0 0.0025963502 0.0 0.0 0.0 0.0 0.004424926 0.0 0.003337477 0.025345357 0.0 0.10045606 0.0 0.0 0.024492497 0.046528943 0.0 0.0 0.0 0.012411587 0.0 0.024608044 0.0 0.069133125 0.15491766 0.0 0.0 0.0 0.0 0.0 0.020300062
0.0 0.0 0.0 0.008107095 0.0 0.0 0.0 0.0 0.0 0.0 0.0 0.0 0.0 0.1639873 0.0 0.009012442 0.0 0.0 0.0 0.0 0.022377988 0.0029514465 0.01591091 0.054408606 0.0 0.07624304 0.011437071 0.12961257 0.0 0.0 0.0 0.0 0.0 0.0 0.0 0.0 0.0 0.0 0.0 0.047792114 0.0 0.0 0.028241143 0.0 0.037572086 0.0 0.0 0.0005475458 0.0 0.0 0.11078649 0.040466826 0.0 0.021220855 0.0 0.0
0.07069229 0.0 0.0 0.009194927 0.0 0.0 0.0 0.059398018 0.0 0.07197058 0.0 0.0 0.0 0.009133084 0.009012441 0.0 0.0 0.0 0.0 0.0 0.0 0.0 0.000511223 0.08942293 0.0 0.0 0.0 0.0251507 0.0 0.0 0.040843867 0.0 0.026723323 0.0 0.042270146 0.0 0.0 0.006178693 0.0 0.0 0.0 0.0 0.0 0.0 0.1055088 0.025002573 0.0 0.0 0.0 0.0 0.035705686 0.22664824 0.0 0.0 0.06239013 0.0
0.0 0.0 0.06123887 0.0 0.0 0.0 0.0 0.0 0.0 0.027907794 0.0 0.064473994 0.0 0.0 0.0 0.0 0.17826663 0.024753494 0.0018058142 0.0 0.0 0.06948041 0.0 0.0 0.10343181 0.0 0.0082367165 0.0 0.036648765 0.072832346 0.0 0.030301375 0.0 0.019635815 0.0 0.0 0.0 0.0 0.007941231 0.0 0.0 0.014264601 0.0 0.064025916 0.0 0.0 0.069129035 0.016752075 0.0 0.03445557 0.0 0.0 0.07527074 0.0 0.0 0.0
0.0 0.0 0.0 0.0 0.0 0.07614359 0.01461968 0.0 0.0 0.060564097 0.0 0.0056195664 0.0 0.0 0.0 0.0 0.024753494 0.0 0.0051484415 0.0 0.038401503 0.095797025 0.0 0.0 0.0 0.0 0.0 0.0 0.1404887 0.09321541 0.0 0.0 0.0 0.104458265 0.012222456 0.012327195 0.0 0.0 0.0 0.0024203956 0.021053564 0.031240197 0.0 0.0 0.0 0.046608713 0.06360521 0.0 0.0 0.0 0.0 0.0 0.07632666 0.051074937 0.0 0.01585542
0.008710479 0.05856439 0.0 0.0 0.0 0.011199351 0.023198294 0.024907965 0.0 0.065675594 0.0 0.013125039 0.0 0.0028014071 0.0 0.0 0.0018058143 0.0051484415 0.0 0.0 0.0 0.0677115 0.0 0.049700048 0.037712254 0.0061329785 0.0 0.0 0.11015631 0.08528595 0.0 0.005377557 0.0 0.002802915 0.011309443 0.0 0.0 0.0 0.0 0.0 0.0 0.0 0.0 0.0010748716 0.032540407 0.0 0.0 0.10370545 0.0 0.002059167 0.0 0.0 0.0 0.021443445 0.0 0.07245733
0.0 0.065028235 0.014848483 0.0 0.082341164 0.03614603 0.0 0.0 0.0 0.0 0.0 0.0 0.0 0.0 0.0 0.0 0.0 0.0 0.0 0.075324066 0.016144054 0.0 0.0 0.0 0.0 0.026833765 0.0 0.0 0.0040345956 0.051716816 0.09436905 0.0 0.07495167 0.03475576 0.0 0.0027983827 0.0 0.015379112 0.011125141 0.0 0.0 0.016743552 0.0 0.0 0.091638 0.18265189 0.028385013 0.027118191 0.0 0.0 0.024216516 0.0 0.0 0.0 0.0 0.0
0.016521854 0.0 0.0 0.03233485 0.0052819834 0.00740177 0.0 0.0 0.0 0.018869322 0.0 0.0 0.0 0.0 0.02237799 0.0 0.0 0.038401503 0.0 0.016144054 0.09815867 0.0 0.0814093 0.007277443 0.0 0.01097351 0.0 0.0 0.0 0.0 0.07155958 0.0 0.037884872 0.0 0.042783506 0.0071966206 0.0 0.08530105 0.016637502 0.0 0.0 0.0 0.0 0.0 0.06127751 0.06775334 0.017465306 0.025562499 0.011517471 0.0 0.027768802 0.0501249 0.020968186 0.0 0.018299676 0.0
0.0 0.055117365 0.11206943 0.0052767647 0.0 0.0840111 0.029058516 0.0 0.0 0.0 0.04261849 0.0798357 0.047071736 0.0 0.0029514467 0.0 0.06948041 0.095797025 0.067711495 0.0 0.0 0.0 0.0 0.0 0.052989103 0.0 0.0 0.0 0.0011371794 0.05119636 0.015308999 0.07389422 0.0 0.0016562546 0.0 0.0 0.0 0.03019805 0.032500286 0.0 0.0 0.0 0.0 0.045726 0.0 0.02280885 0.01205124 0.031828064 0.0 0.0 0.0 0.0 0.0773348 0.0 0.0 0.0
0.0 0.068178095 0.0 0.16479415 0.1406158 0.0063013798 0.0 0.0 0.06262045 0.0 0.0 0.0 0.0 0.0 0.01591091 0.000511223 0.0 0.0 0.0 0.0 0.0814093 0.0 0.0 0.0036121006 0.0 0.05589745 0.0 0.0 0.0 0.015698835 0.0050858706 0.0 0.052292485 0.0 0.024021167 0.0 0.020260217 0.11261885 0.07252606 0.0 0.008243487 0.007475067 0.11892192 0.0 0.12346041 0.018430233 0.03672298 0.0 0.0017168879 0.0 0.006501988 0.009285184 0.0 0.0 0.0030918946 0.0
0.0 0.013986546 0.0 0.04210851 0.1529809 0.015158039 0.0 0.0 0.058622565 0.0 0.0 0.0 0.007596127 0.0106524825 0.054408606 0.08942292 0.0 0.0 0.04970005 0.0 0.0072774435 0.0 0.0036121006 0.0 0.0 0.016191656 0.0041524605 0.0 0.0 0.0 0.033898495 0.0 0.04150125 0.018765958 0.0 0.039677307 0.013646919 0.013846097 0.11284386 0.014334394 0.004554216 0.003791156 0.013935217 0.0 0.032065634 0.055336814 0.023565857 0.0 0.024184665 0.014485296 0.027401034 0.0 0.0 0.0 0.050408177 0.0
0.0 0.05306475 0.0065994062 0.0 0.0 0.0 0.03942179 0.0 0.14926304 0.016447796 0.12194812 0.019814914 0.0 0.0 0.0 0.0 0.10343181 0.0 0.037712254 0.0 0.0 0.0529891 0.0 0.0 0.0 0.0 0.0 0.029922368 0.0 0.030843355 0.085991114 0.06911435 0.0 0.0 0.0 0.0 0.0 0.033631552 0.0 0.0 0.0 0.0 0.010084918 0.0 0.0 0.0 0.08176326 0.03683637 0.0 0.0 0.0 0.0 0.0 0.0031841705 0.0 0.019318596
0.108868025 0.0 0.0 0.037616655 0.016656144 0.0 0.0 0.0 0.0 0.044787113 0.052026156 0.0 0.0 0.0 0.076243035 0.0 0.0 0.0 0.006132978 0.026833765 0.01097351 0.0 0.055897452 0.016191654 0.0 0.0 0.0 0.0 0.0 0.0 0.064529784 0.0 0.057768986 0.0 0.0 0.0 0.06834161 0.055043742 0.059806563 0.0 0.0 0.0 0.0 0.0 0.07251025 0.0 0.046490073 0.0 0.0497534 0.0 0.0 0.064620316 0.0 0.005552124 0.045204725 0.0
0.016170679 0.0 0.00625905 0.0 0.024930269 0.0 0.0 0.029337049 0.0 0.042080056 0.0 0.022890678 0.01869731 0.0025963502 0.01143707 0.0 0.0082367165 0.0 0.0 0.0 0.0 0.0 0.0 0.00415246 0.0 0.0 0.0 0.0 0.014826643 0.0 0.0003422813 0.0 0.062288396 0.04448933 0.045164153 0.0053859195 0.0 0.0022856847 0.011994459 0.0 0.058800653 0.14886585 0.07995296 0.0 0.035545986 0.06698787 0.010728957 0.0 0.018817604 0.019221142 0.0 0.017347127 0.06808807 0.0 0.047787957 0.09066455
0.09529306 0.07110188 0.0 0.017276961 0.0 0.053716883 0.024614975 0.0 0.07079959 0.0 0.0 0.03275999 0.029735914 0.0 0.12961257 0.0251507 0.0 0.0 0.0 0.0 0.0 0.0 0.0 0.0 0.029922366 0.0 0.0 0.0 0.0 0.0 0.0 0.0 0.019448373 0.00092304713 0.00868312 0.019741572 0.025565177 0.041907802 0.0049756216 0.010518612 0.037005484 0.01145373 0.013512657 0.0 0.055356674 0.0 0.06713071 0.0 0.040071253 0.047748823 0.012558812 0.0 0.0 0.0 0.0 0.0
0.0 0.0 0.0 0.0 0.0 0.0 0.1545755 0.0 0.0 0.0 0.042350948 0.0 0.0 0.0 0.0 0.0 0.03664877 0.1404887 0.11015631 0.0040345956 0.0 0.0011371794 0.0 0.0 0.0 0.0 0.014826643 0.0 0.0 0.0 0.0 0.013811181 0.0 0.052225266 0.031068373 0.0 0.08361589 0.0 0.026786568 0.0 0.0 0.0 0.0 0.09647264 0.0 0.0 0.0 0.014981399 0.0 0.12565087 0.0 0.0 0.034976885 0.0 0.0 0.0
0.0 0.0 0.038600273 0.0 0.0 0.04405956 0.115671426 0.040806934 0.0 0.0051120566 0.0 0.14893089 0.0 0.0 0.0 0.0 0.072832346 0.09321542 0.085285954 0.051716816 0.0 0.051196355 0.015698835 0.0 0.030843353 0.0 0.0 0.0 0.0 0.0 0.0 0.0 0.0 0.0 0.0 0.023604143 0.014461983 0.0 0.0 0.0 0.0 0.00442187 0.0 0.041242912 0.019439869 0.0 0.0 0.0 0.0 0.0 0.0 0.0 0.06379677 0.0 0.0 0.0
0.0 0.0 0.0 0.051874418 0.07263295 0.073311016 0.0 0.0 0.0 0.0 0.0 0.0 0.009956863 0.0 0.0 0.040843867 0.0 0.0 0.0 0.09436905 0.07155958 0.015308998 0.0050858706 0.033898495 0.085991114 0.064529784 0.0003422813 0.0 0.0 0.0 0.060809996 0.0 0.120447494 0.0 0.0 0.0 0.0 0.030085484 0.037278574 0.0 0.024075428 0.024966009 0.0 0.0 0.0 0.0 0.0 0.0 0.0153157115 0.0 0.0 0.0 0.04840564 0.009279998 0.0 0.0
0.020652784 0.04902186 0.075508475 0.0 0.0 0.0067082094 0.0 0.09446134 0.0 0.04823909 0.019871715 0.0 0.0 0.004424926 0.0 0.0 0.030301377 0.0 0.0053775567 0.0 0.0 0.07389422 0.0 0.0 0.06911435 0.0 0.0 0.0 0.013811181 0.0 0.0 0.0 0.0 0.02499423 0.10601029 0.0 0.0 0.0011521769 0.0 0.0 0.0035361333 0.0 0.0 0.0072350013 0.0 0.015740786 0.008904147 0.1293666 0.0 0.0 0.0 0.0 0.08829204 0.025357958 0.0 0.07878534
0.0 0.0 0.0 0.0780674 0.051030967 0.04712251 0.0 0.0 0.0022819596 0.0 0.0 0.0 0.016230103 0.0 0.0 0.026723325 0.0 0.0 0.0 0.07495167 0.037884872 0.0 0.052292485 0.041501246 0.0 0.057768986 0.062288392 0.019448373 0.0 0.0 0.12044749 0.0 0.09603253 0.0 0.0 0.023832224 0.0 0.0 0.0039063883 0.0 0.0 0.07278199 0.04679576 0.0 0.0031572198 0.0 0.0 0.0 0.0 0.0 0.060264703 0.0 0.0 0.008234106 0.019610504 0.012837305
0.006528566 0.0 0.0016555836 0.0 0.0 0.0 0.105952024 0.05398271 0.0 0.015752986 0.0 0.0 0.016865183 0.003337477 0.0 0.0 0.019635815 0.104458265 0.0028029147 0.03475576 0.0 0.0016562545 0.0 0.018765958 0.0 0.0 0.04448933 0.00092304713 0.052225266 0.0 0.0 0.024994228 0.0 0.09655763 0.046362422 0.07926245 0.0 0.0 0.0 0.010647571 0.0 0.0 0.0319465 0.05048697 0.0 0.027851125 0.0 0.004414187 0.0 0.014886459 0.0 0.01048397 0.0 0.0014872124 0.0 0.061970644
0.0 0.0 0.0 0.0 0.0 0.010021834 0.08574819 0.0 0.0 0.0 0.0 0.0 0.04939383 0.025345357 0.0 0.042270146 0.0 0.012222457 0.011309443 0.0 0.04278351 0.0 0.02402117 0.0 0.0 0.0 0.045164153 0.00868312 0.031068372 0.0 0.0 0.10601028 0.0 0.046362422 0.0 0.11109613 0.019551348 0.0096575655 0.09828984 0.010030397 0.08129849 0.06507752 0.015687605 0.0 0.0 0.033197515 0.0 0.0 0.10606131 0.0 0.0 0.0 0.0048203417 0.0 0.0920919 0.0
0.06689921 0.0 0.0072388547 0.007895664 0.0 0.052457906 0.009058388 0.16895522 0.0 0.088433936 0.006486306 0.0068726796 0.0 0.0 0.0 0.0 0.0 0.012327196 0.0 0.0027983827 0.007196621 0.0 0.0 0.039677307 0.0 0.0 0.0053859195 0.019741572 0.0 0.023604142 0.0 0.0 0.023832224 0.07926245 0.11109613 0.0 0.064238876 0.0 0.0 0.014564246 0.00513133 0.0034061112 0.0 0.0 0.028636826 0.018624378 0.0 0.027406681 0.0 0.0022720965 0.015587482 0.053476248 0.0 0.0056388904 0.03456167 0.030077755
0.010189413 0.0 0.0 0.0 0.0 0.0 0.0 0.017744407 0.0 0.0 0.0 0.0 0.011873671 0.10045606 0.0 0.0 0.0 0.0 0.0 0.0 0.0 0.0 0.020260219 0.013646919 0.0 0.06834162 0.0 0.025565175 0.0836159 0.014461984 0.0 0.0 0.0 0.0 0.019551348 0.064238876 0.12140182 0.0 0.0 0.016903467 0.14485875 0.0 0.0120496135 0.0 0.010945046 0.0 0.0 0.0 0.0 0.0 0.022537725 0.076498196 0.0 0.06391187 0.05241186 0.002761962
0.012194979 0.0 0.05685634 0.0 0.038005922 0.0034553632 0.0 0.038168542 0.0 0.0 0.0 0.0 0.0 0.0 0.0 0.006178693 0.0 0.0 0.0 0.015379114 0.08530105 0.03019805 0.11261885 0.013846097 0.033631552 0.055043742 0.002285685 0.041907802 0.0 0.0 0.030085485 0.0011521769 0.0 0.0 0.0096575655 0.0 0.0 0.0 0.0 0.06766947 0.009519751 0.0 0.0 0.0 0.01765141 0.04549843 0.0 0.037213612 0.028202817 0.0 0.07931716 0.0 0.0 0.012803446 0.061542545 0.0
0.068893395 0.010066124 0.014347866 0.0 0.0 0.087115996 0.0028013247 0.06358517 0.0 0.1706874 0.0 0.0 0.0 0.0 0.0 0.0 0.007941231 0.0 0.0 0.011125142 0.016637502 0.032500286 0.07252606 0.11284386 0.0 0.059806563 0.011994459 0.0049756216 0.026786568 0.0 0.037278574 0.0 0.0039063883 0.0 0.09828984 0.0 0.0 0.0 0.0 0.0 0.0 0.0 0.0037760795 0.0 0.057470337 0.0 0.0 0.0 0.0 0.0125180045 0.0011477378 0.014116016 0.0 0.0 0.0034899423 0.0
0.03658601 0.11255184 0.014981383 0.08309878 0.038777817 0.0 0.012250245 0.0 0.12490005 0.0 0.06057371 0.0 0.0 0.024492495 0.047792114 0.0 0.0 0.0024203954 0.0 0.0 0.0 0.0 0.0 0.014334393 0.0 0.0 0.0 0.010518612 0.0 0.0 0.0 0.0 0.0 0.01064757 0.010030397 0.014564246 0.016903467 0.06766947 0.0 0.0 0.02338507 0.0 0.0 0.019000962 0.0 0.0 0.0 0.0 0.113032386 0.047297426 0.0 0.027899053 0.0 0.06403314 0.01577843 0.0
0.045328077 0.0 0.0 0.012772135 0.0033881539 0.020091534 0.0 0.016241334 0.0 0.019403588 0.05055411 0.0 0.067019254 0.046528943 0.0 0.0 0.0 0.021053564 0.0 0.0 0.0 0.0 0.008243487 0.004554216 0.0 0.0 0.058800656 0.037005484 0.0 0.0 0.024075426 0.0035361333 0.0 0.0 0.081298485 0.0051313303 0.14485876 0.009519751 0.0 0.023385068 0.053858753 0.0 0.00045846502 0.007885049 0.038006954 0.0 0.0 0.03240047 0.025089221 0.09896146 0.0 0.015901482 0.0 0.014365983 0.12627149 0.0
0.04278602 0.0 0.047997713 0.0 0.0 0.0 0.0 0.0 0.0 0.009042261 0.067827076 0.0004576238 0.016274504 0.0 0.0 0.0 0.014264601 0.031240195 0.0 0.016743552 0.0 0.0 0.007475067 0.003791156 0.0 0.0 0.14886585 0.01145373 0.0 0.0044218707 0.02496601 0.0 0.07278198 0.0 0.06507752 0.003406111 0.0 0.0 0.0 0.0 0.0 0.0 0.0 0.028658222 0.0 0.0019240234 0.0 0.08891742 0.0 0.025515532 0.12330435 0.016072996 0.0 0.00457751 0.02046907 0.0
0.025471386 0.0 0.0 0.0033062766 0.0 0.0 0.0 0.0017219081 0.0 0.0 0.05978054 0.0 0.0 0.0 0.028241143 0.0 0.0 0.0 0.0 0.0 0.0 0.0 0.11892193 0.013935218 0.010084917 0.0 0.07995296 0.013512657 0.0 0.0 0.0 0.0 0.04679576 0.031946503 0.015687605 0.0 0.012049614 0.0 0.0037760795 0.0 0.00045846502 0.0 0.0 0.012488473 0.0026874517 0.016063366 0.0 0.03798552 0.05647522 0.030556202 0.12209966 0.022644913 0.028068822 0.0 0.045934834 0.0
0.0 0.0 0.019180955 0.0 0.0 0.019941207 0.10453369 0.0 0.0365041 0.019581176 0.011532447 0.08829058 0.0 0.0 0.0 0.0 0.064025916 0.0 0.0010748715 0.0 0.0 0.045726 0.0 0.0 0.0 0.0 0.0 0.0 0.096472636 0.041242912 0.0 0.0072350013 0.0 0.050486974 0.0 0.0 0.0 0.0 0.0 0.019000962 0.007885048 0.028658222 0.012488473 0.0 0.0055438727 0.0 0.045561466 0.017250007 0.0 0.012887821 0.0 0.0 0.07917702 0.05741495 0.0 0.116932735
0.01238577 0.0 0.0 0.037675653 0.0 0.020770349 0.0 0.0 0.0 0.0 0.0 0.0 0.08981953 0.012411587 0.037572082 0.1055088 0.0 0.0 0.032540407 0.091638006 0.06127751 0.0 0.12346042 0.032065637 0.0 0.07251026 0.035545986 0.055356678 0.0 0.019439869 0.0 0.0 0.0031572198 0.0 0.0 0.028636826 0.010945046 0.01765141 0.05747034 0.0 0.038006954 0.0 0.0026874517 0.005543873 0.058296558 0.0025453595 0.0 0.0 0.00833165 0.007811302 0.03993935 0.0019300806 0.0 0.0 0.014797933 0.0
0.035040546 0.10627617 0.0 0.0 0.0 0.07452783 0.037412062 0.0 0.048357844 0.0 0.0 0.0 0.0 0.0 0.0 0.02500257 0.0 0.046608713 0.0 0.1826519 0.06775334 0.02280885 0.018430233 0.055336814 0.0 0.0 0.06698787 0.0 0.0 0.0 0.0 0.015740786 0.0 0.027851123 0.03319752 0.018624378 0.0 0.045498427 0.0 0.0 0.0 0.0019240234 0.016063366 0.0 0.0025453595 0.0 0.0 0.025040468 0.0 0.0 0.0 0.0 0.0 0.0 0.0 0.0
0.0 0.0 0.04010714 0.0 0.0 0.0 0.0 0.0 0.0 0.00080922147 0.021708326 0.07742442 0.0 0.024608044 0.0 0.0 0.069129035 0.063605204 0.0 0.028385011 0.017465306 0.01205124 0.036722977 0.023565857 0.08176326 0.046490077 0.010728957 0.06713071 0.0 0.0 0.0 0.008904148 0.0 0.0 0.0 0.0 0.0 0.0 0.0 0.0 0.0 0.0 0.0 0.045561466 0.0 0.0 0.0 0.06873441 0.03777348 0.029432323 0.062321715 0.0 0.0 0.0 0.008049302 0.002950181
0.0 0.011997709 0.0 0.004381256 0.035921805 0.0 0.025088659 0.0 0.12054822 0.0 0.004306687 0.012467254 0.0 0.0 0.00054754573 0.0 0.016752075 0.0 0.10370545 0.027118193 0.025562497 0.031828064 0.0 0.0 0.03683637 0.0 0.0 0.0 0.014981398 0.0 0.0 0.1293666 0.0 0.0044141873 0.0 0.027406681 0.0 0.037213616 0.0 0.0 0.03240047 0.08891743 0.037985515 0.017250007 0.0 0.025040468 0.0687344 0.0 0.0 0.0066735866 0.0 0.0 0.061900984 0.019128567 0.0 0.04196201
0.0015391047 0.008302867 0.0 0.0045160004 0.0 0.020825602 0.0 0.07129099 0.0 0.005044196 0.0 0.0 0.0 0.069133125 0.0 0.0 0.0 0.0 0.0 0.0 0.011517471 0.0 0.001716888 0.024184665 0.0 0.0497534 0.018817604 0.040071253 0.0 0.0 0.0153157115 0.0 0.0 0.0 0.10606131 0.0 0.0 0.028202815 0.0 0.113032386 0.025089221 0.0 0.05647522 0.0 0.008331649 0.0 0.03777348 0.0 0.0 0.0 0.013341412 0.011274489 0.0 0.0677026 0.02713069 0.17207235
0.051641386 0.0008397882 0.0 0.0 0.0 0.0 0.046310917 0.045872487 0.0 0.0 0.0 0.0 0.058307413 0.15491764 0.0 0.0 0.03445557 0.0 0.002059167 0.0 0.0 0.0 0.0 0.014485296 0.0 0.0 0.019221142 0.047748823 0.12565087 0.0 0.0 0.0 0.0 0.014886459 0.0 0.0022720965 0.0 0.0 0.0125180045 0.047297426 0.098961465 0.02551553 0.0305562 0.01288782 0.0078113023 0.0 0.029432323 0.0066735866 0.0 0.062280975 0.0 0.0 0.0 0.07453784 0.015553377 0.1220476
0.037229694 0.10093872 0.0 0.06764493 0.14869319 0.07570468 0.0 0.0 0.09113707 0.0 0.0 0.0 0.0 0.0 0.1107865 0.035705686 0.0 0.0 0.0 0.024216518 0.0277688 0.0 0.0065019876 0.027401034 0.0 0.0 0.0 0.012558811 0.0 0.0 0.0 0.0 0.060264707 0.0 0.0 0.015587482 0.022537725 0.07931716 0.0011477378 0.0 0.0 0.12330435 0.12209967 0.0 0.03993935 0.0 0.062321715 0.0 0.013341411 0.0 0.0 0.039603807 0.0 0.0 0.0 0.0
0.01155684 0.0010553825 0.019237252 0.06241526 0.0 0.0 0.0 0.035594314 0.0 0.0 0.0088532455 0.05636503 0.03415643 0.0 0.040466826 0.22664824 0.0 0.0 0.0 0.0 0.0501249 0.0 0.009285185 0.0 0.0 0.064620316 0.017347125 0.0 0.0 0.0 0.0 0.0 0.0 0.01048397 0.0 0.053476244 0.0764982 0.0 0.014116017 0.027899053 0.015901482 0.016072998 0.022644915 0.0 0.0019300805 0.0 0.0 0.0 0.011274489 0.0 0.039603807 0.036265824 0.0 0.0 0.10143206 0.0
0.0 0.0 0.124654904 0.0 0.0 0.035962246 0.016811464 0.0 0.0 0.0021023476 0.0 0.12393082 0.0 0.0 0.0 0.0 0.07527075 0.07632666 0.0 0.0 0.020968186 0.0773348 0.0 0.0 0.0 0.0 0.06808807 0.0 0.03497689 0.06379678 0.04840564 0.08829204 0.0 0.0 0.0048203417 0.0 0.0 0.0 0.0 0.0 0.0 0.0 0.028068824 0.07917702 0.0 0.0 0.0 0.061900984 0.0 0.0 0.0 0.0 0.0 0.046621446 0.0 0.0
0.024001148 0.0 0.042774625 0.0019001171 0.0 0.009078638 0.0 0.015080976 0.0 0.021005532 0.19054613 0.006102012 0.00887427 0.0 0.021220857 0.0 0.0 0.051074937 0.021443445 0.0 0.0 0.0 0.0 0.0 0.0031841707 0.0055521238 0.0 0.0 0.0 0.0 0.009279998 0.025357958 0.008234106 0.0014872125 0.0 0.0056388904 0.06391187 0.012803446 0.0 0.06403314 0.014365982 0.00457751 0.0 0.05741495 0.0 0.0 0.0 0.019128565 0.0677026 0.07453784 0.0 0.0 0.046621446 0.0 0.022563262 0.0
0.046644133 0.0 0.0 0.014204693 0.0 0.0 0.0 0.046809066 0.0 0.0 0.0 0.0 0.018738221 0.0 0.0 0.06239013 0.0 0.0 0.0 0.0 0.018299676 0.0 0.0030918948 0.050408177 0.0 0.045204725 0.047787957 0.0 0.0 0.0 0.0 0.0 0.019610504 0.0 0.0920919 0.034561668 0.052411865 0.06154255 0.0034899423 0.01577843 0.12627149 0.020469071 0.045934837 0.0 0.0147979325 0.0 0.008049302 0.0 0.02713069 0.015553377 0.0 0.10143206 0.0 0.022563262 0.02742269 0.048781093
0.0 0.0 0.0 0.0 0.0 0.0 0.0 0.0 0.0 0.0 0.10739408 0.0 0.0 0.02030006 0.0 0.0 0.0 0.015855419 0.07245733 0.0 0.0 0.0 0.0 0.0 0.019318596 0.0 0.09066455 0.0 0.0 0.0 0.0 0.07878534 0.012837305 0.061970644 0.0 0.030077757 0.0027619621 0.0 0.0 0.0 0.0 0.0 0.0 0.116932735 0.0 0.0 0.0029501808 0.04196201 0.17207235 0.122047596 0.0 0.0 0.0 0.0 0.048781093 0.0
