0.0 0.027601466 0.07684455 0.04463108 0.14379923 0.015938442 0.0 0.0 0.013835869 0.0 0.0 0.08045179 0.0410538 0.0007973746 0.0 0.0 0.0 0.027875867 0.025879493 0.026004197 0.0 0.0 0.017994637 0.0014786271 0.05205689 0.0 0.01655214 0.0 0.0 0.0 0.043054283 0.03860314 0.0 0.0 0.0 0.0 0.0 0.13693473 0.0 0.0 0.0 0.0 0.07826587 0.0 0.0 0.028754864 0.040678475 0.14564346 0.0 0.0 0.0 0.0 0.015148194 0.0 0.0 0.0
0.027601466 0.0 0.0 0.0 0.0 0.009983304 0.0041672774 0.09001208 0.0 0.073833466 0.0 0.0 0.0 0.047515504 0.0 0.01283785 0.0 0.0 0.0 0.021339465 0.0 0.034360547 0.0 0.0 0.0 0.020068876 0.0 0.023459924 0.065399095 0.0 0.0 0.0 0.0 0.0037456718 0.0073676533 0.0 0.008783814 0.0 0.034661263 0.049941704 0.033803742 0.03285274 0.025277685 0.011563624 0.0575793 0.028076222 0.0 0.0 0.0 0.0 0.029159887 0.01146082 0.0 0.011616109 0.03359598 0.0
0.07684455 0.0 0.0 0.0 0.0 0.0 0.11999707 0.05159254 0.0 0.0961559 0.0 0.0 0.0 0.029330807 0.0 0.0 0.022806691 0.0 0.046108592 0.0070881415 0.0 0.0 0.017937 0.09663864 0.0 0.014253045 0.0 0.0 0.066023275 0.0 0.0 0.0 0.0 0.0 0.02351791 0.049291715 0.08226831 0.0 0.0 0.0 0.00960309 0.0 0.0 0.0 0.0668663 0.0 0.0 0.0 0.0 0.018825619 0.0 0.012719362 0.0 0.016113967 0.0 0.0
0.044631075 0.0 0.0 0.0 0.0 0.02918645 0.0 0.11688302 0.0 0.12978448 0.004018712 0.0 0.0 0.0 0.0 0.010543192 0.0 0.062231213 0.0 0.0 0.0 0.014152598 0.0 0.036939867 0.0 0.0 0.059207045 0.05641156 0.067675814 0.0 0.0 0.0 0.0 0.0 0.043926883 0.045658592 0.008945567 0.006391007 0.0 0.0 0.017502125 0.019490074 0.0 0.0 0.010314516 0.0 0.0 0.0 0.0 0.0 0.038366962 0.033076007 0.0 0.0 0.023209512 0.014569682
0.14379923 0.0 0.0 0.0 0.0 0.0 0.0 0.021336274 0.0 0.045398302 0.024704034 0.007161539 0.0 0.0 0.0 0.07203437 0.0 0.0 0.0 0.0 0.010832455 0.0 0.0 0.06132682 0.0 0.047625057 0.0 0.070019975 0.022134405 0.0 0.004943742 0.0 0.0 0.020246286 0.008917463 0.0 0.0138299 0.019900667 0.05894599 0.0 0.0 0.035150297 0.0 0.004318233 0.070818126 0.0 0.0 0.0 0.01781027 0.0 0.004913843 0.012490509 0.0 0.017894808 0.0 0.0
0.015938442 0.009983304 0.0 0.02918645 0.0 0.042785317 0.0 0.0 0.0 0.0 0.06186456 0.0 0.0 0.0 0.0 0.015697781 0.0 0.0 0.05847044 0.0 0.031859085 0.017601466 0.037287615 0.00018393245 0.02513542 0.0 0.014729053 0.0049454095 0.0 0.009305945 0.0 0.044622388 0.069471285 0.0 0.044158656 0.058255214 0.008311929 0.0 0.1009326 0.0 0.0 0.0 0.0 0.026485674 0.0 0.030366827 0.010847332 0.016773446 0.06407741 0.047122598 0.0051107616 0.0 0.0 0.0 0.09753576 0.0
0.0 0.0041672774 0.11999707 0.0 0.0 0.0 0.0 0.0 0.0041274177 0.0 0.0 0.0 0.0 0.0 0.0 0.032948956 0.0 0.033629753 0.012781957 0.0 0.04340363 0.0 0.0 0.0 0.090542465 0.0024167749 0.0 0.0 0.0 0.014001035 0.0 0.0 0.013157135 0.0 0.0 0.0 0.0 0.0 0.0 0.0 0.040098246 0.0 0.0 0.0 0.0 0.026986968 0.08286919 0.0 0.0 0.0 0.029118134 0.0 0.11552211 0.015024505 0.0 0.0
0.0 0.09001208 0.051592544 0.11688302 0.021336274 0.0 0.0 0.0 0.018677548 0.0 0.015383611 0.072843775 0.057494015 0.0 0.0075377743 0.0 0.0 0.027769191 0.017421585 0.0 0.067144655 0.07338669 0.0 0.0 0.05762281 0.040232837 0.00010110185 0.0 0.0 0.0 0.0022617367 0.10516844 0.0 0.015448291 0.0 0.007847786 0.0 0.04891243 0.0 0.016417302 0.0 0.07064972 0.10297207 0.0 0.0 0.10372243 0.009219905 0.013503349 0.0 0.02760085 0.0 0.0 0.004327143 0.00851509 0.0 0.026314497
0.013835869 0.0 0.0 0.0 0.0 0.0 0.0041274177 0.018677546 0.0 0.013660341 0.0 0.0 0.0 0.15021683 0.0 0.0 0.0 0.023363039 0.0 0.0 0.0 0.0015353354 0.0 0.057510346 0.0 0.09776701 0.0 0.0 0.13570979 0.0 0.0 0.0 0.0 0.0 0.0105141625 0.0 0.0 0.0 0.011287918 0.1334584 0.041694626 0.03877632 0.0 0.0 0.0 0.0 0.0 0.0 0.004005056 0.0 0.043263055 0.013108164 0.0 0.0 0.06451058 0.0
0.0 0.073833466 0.0961559 0.12978448 0.045398302 0.0 0.0 0.0 0.01366034 0.0 0.014211019 0.05462687 0.11959105 0.0 0.0 0.0 0.0 0.052790772 0.0 0.0 0.0940206 0.0 0.034439072 0.0 0.05948873 0.01584508 0.0 0.0 0.0 0.0 0.007946794 0.02613533 0.0 0.0 0.003876676 0.0066064796 0.0 0.053526152 0.0 0.020593783 0.0 0.0 0.028321747 0.002410145 0.0 0.02112894 0.0 0.057007566 0.050392993 0.0 0.0 0.0 0.0 0.0 0.0 0.0
0.0 0.0 0.0 0.0040187114 0.024704034 0.06186456 0.0 0.015383611 0.0 0.014211019 0.02324814 0.0026490346 0.008454042 0.033328895 0.036613118 0.0 0.0 0.010516561 0.0 0.0 0.026769232 0.0 0.04756559 0.0072401185 0.0 0.08185035 0.0028162494 0.089948416 0.0027837686 0.0 0.0 0.052811045 0.016953588 0.040904038 0.019131344 0.027028704 0.0 0.0 0.021898868 0.00014859141 0.050138768 0.017867694 0.0024981124 0.049087565 0.031370386 0.0 0.0 0.0 0.004859553 0.0 0.03749182 0.05031603 0.0 0.02970176 0.055103105 0.0
0.080451794 0.0 0.0 0.0 0.0071615395 0.0 0.0 0.072843775 0.0 0.05462687 0.0026490346 0.0 0.0 0.0 0.0 0.028452 0.0 0.0 0.05474435 0.051461585 0.01961319 0.0 0.009577959 0.080742024 0.0 0.0 0.0 0.0 0.0 0.0 0.0 0.049055263 0.0 0.0 0.057930656 0.020458069 0.130006 0.0 0.0 0.0 0.0 0.0 0.0 0.0 0.06187 0.0 0.0 0.0 0.05964257 0.0 0.010553456 0.013056614 0.0 0.0 0.0 0.0
0.0410538 0.0 0.0 0.0 0.0 0.0 0.0 0.057494015 0.0 0.11959106 0.008454042 0.0 0.0 0.0 0.041629188 0.0 0.016241753 0.087757416 0.0 0.13891977 0.0 0.021694789 0.0 0.0 0.0 0.0 0.0 0.0 0.09555923 0.0 0.0 0.0 0.0 0.0 0.00856571 0.0 0.017457156 0.0 0.0 0.028171461 0.019909387 0.06132238 0.01147511 0.0 0.0 0.019368025 0.014044443 0.0 0.0 0.0 0.0026582652 0.0 0.01660878 0.028209742 0.0 0.07016072
0.0007973746 0.047515504 0.029330807 0.0 0.0 0.0 0.0 0.0 0.15021685 0.0 0.033328895 0.0 0.0 0.0 0.020404976 0.0 0.008307916 0.06807858 0.0 0.020227198 0.0 0.091467634 0.025439836 0.0 0.0 0.0 0.0045192777 0.0 0.058019917 0.0 0.0 0.010849848 0.0 0.034497745 0.026374333 0.0 0.0 0.0 0.0 0.047370493 0.0118887285 0.028187418 0.14304227 0.0 0.0 0.041679114 0.1134697 0.0 0.0 0.0 0.00913093 0.05474898 0.054676548 0.0033557487 0.0 0.0
0.0 0.0 0.0 0.0 0.0 0.0 0.0 0.0075377743 0.0 0.0 0.036613118 0.0 0.041629188 0.020404974 0.0 0.056074772 0.0 0.0 0.0 0.0 0.071943715 0.0 0.0 0.0058031636 0.0 0.021180134 0.033355944 0.032943513 0.0 0.0033001597 0.0 0.0 0.026830284 0.0 0.021633485 0.0 0.009473464 0.066633694 0.0 0.0 0.0 0.0 0.0 0.0924104 0.0 0.0 0.0 0.08211285 0.017421097 0.04031063 0.041956376 0.018569225 0.0 0.02340654 0.03549301 0.0
0.0 0.01283785 0.0 0.010543192 0.07203437 0.01569778 0.03294896 0.0 0.0 0.0 0.0 0.028452 0.0 0.0 0.05607477 0.093439035 0.008291981 0.0 0.044840544 0.004416717 0.01654954 0.058464665 0.0 0.019719958 0.0129387 0.0 0.0972554 0.027860705 0.008509697 0.00817115 0.015707765 0.043853763 0.09796719 0.09263381 0.0 0.007220694 0.031843513 0.0 0.0 0.0 0.0 0.0 0.00517552 0.007271483 0.0 0.0 0.007615948 0.020791978 0.05701001 0.08224048 0.013541714 0.0 0.0 0.0 0.016917646 0.0014519076
0.0 0.0 0.022806691 0.0 0.0 0.0 0.0 0.0 0.0 0.0 0.0 0.0 0.016241753 0.008307916 0.0 0.008291981 0.18511407 0.0 0.04744426 0.03753242 0.0 0.0 0.03886438 0.0 0.023163429 0.0 0.01578821 0.0 0.0 0.08640959 0.0 0.0 0.0 0.0 0.00946461 0.0 0.0080094375 0.0 0.0 0.012644425 0.03116529 0.035998836 0.0 0.034133792 0.0 0.0 0.037458967 0.0 0.047367647 0.026594307 0.0 0.026027586 0.071868636 0.076071 0.0 0.083606824
0.027875867 0.0 0.0 0.062231213 0.0 0.0 0.033629753 0.027769191 0.023363039 0.052790772 0.010516562 0.0 0.087757416 0.06807858 0.0 0.0 0.0 0.0 0.013828339 0.047892533 0.00036242267 0.0 0.0 0.029815177 0.0 0.021353653 0.010753663 0.08659377 0.0 0.027492585 0.0019095998 0.0 0.0 0.0 0.052343216 0.059184823 0.0 0.0 0.0 0.0 0.05103464 0.058771823 0.0 0.010964394 0.008735428 0.0 0.07037023 0.0 0.0 0.0 0.007152433 0.070616946 0.0 0.007918875 0.0077560735 0.026956243
0.025879493 0.0 0.04610859 0.0 0.0 0.058470435 0.012781956 0.017421585 0.0 0.0 0.0 0.054744348 0.0 0.0 0.0 0.044840544 0.04744426 0.013828339 0.0 0.009021272 0.008024303 0.010061929 0.0 0.0 0.01956727 0.0 0.0 0.0 0.043083902 0.0 0.0032628714 0.0 0.08505836 0.08596954 0.0 0.0 0.0 0.0 0.03212453 0.0 0.0 0.0015544114 0.0 0.022814322 0.020486772 0.0 0.006229773 0.010502534 0.1396846 0.048016857 0.0 0.008572382 0.0072344453 0.0 0.027555889 0.0
0.026004197 0.021339463 0.0070881415 0.0 0.0 0.0 0.0 0.0 0.0 0.0 0.0 0.051461585 0.13891977 0.020227198 0.0 0.0044167168 0.03753242 0.047892537 0.009021272 0.0 0.0 0.0 0.0 0.0 0.037043173 0.033396494 0.023643306 0.03000203 0.0 0.0 0.01069231 0.011332307 0.0 0.0775494 0.051595464 0.039457526 0.0 0.0 0.0 0.0 0.051568676 0.042317748 0.0 0.0429306 0.0 0.0 0.0 0.0 0.0 0.056920312 0.0036547806 0.0 0.008377971 0.041041434 0.001414988 0.0
0.0 0.0 0.0 0.0 0.010832455 0.03185908 0.04340363 0.067144655 0.0 0.094020605 0.026769232 0.019613188 0.0 0.0 0.07194371 0.01654954 0.0 0.00036242267 0.008024303 0.0 0.0 0.0 0.0 0.070017554 0.049890343 0.0 0.005824135 0.010550732 0.0 0.031347666 0.0 0.0 0.06397894 0.045254633 0.039317388 0.0 0.037023373 0.0 0.017974408 0.0 0.01607837 0.008633114 0.0 0.0 0.051897362 0.0 0.03951933 0.007607638 0.0 0.0 0.01235542 0.015283426 0.005609325 0.0034264524 0.04040476 0.0
0.0 0.034360547 0.0 0.014152598 0.0 0.017601464 0.0 0.07338669 0.0015353354 0.0 0.0 0.0 0.02169479 0.09146764 0.0 0.058464665 0.0 0.0 0.010061929 0.0 0.0 0.0 0.028337242 0.1252867 0.0 0.014355231 0.0 0.0 0.0 0.0 0.0007067885 0.0 0.0105885975 0.0 0.046043605 0.03286146 0.0 0.0603627 0.0 0.0 0.091215715 0.0 0.0 0.0 0.0 0.001528216 0.0 0.0 0.0 0.0 0.0 0.10779248 0.0 0.0 0.0053903703 0.0
0.017994639 0.0 0.017937 0.0 0.0 0.037287615 0.0 0.0 0.0 0.03443907 0.047565587 0.00957796 0.0 0.025439836 0.0 0.0 0.03886438 0.0 0.0 0.0 0.0 0.028337244 0.16350044 0.0 0.0 0.0055774325 0.044571962 0.09058951 0.0038243106 0.0 0.0 0.00074540096 0.011482091 0.08861265 0.0 0.0 0.047750406 0.002948287 0.034290563 0.0 0.0 0.0 0.0 0.05771543 0.0 0.0 0.0 0.015147645 0.015064096 0.038466778 0.04093969 0.052613452 0.0 0.0 0.06726078 0.008131502
0.0014786271 0.0 0.09663864 0.036939867 0.06132682 0.00018393245 0.0 0.0 0.057510342 0.0 0.007240118 0.080742024 0.0 0.0 0.005803164 0.019719958 0.0 0.029815178 0.0 0.0 0.070017554 0.12528671 0.0 0.0 0.004767407 0.021354929 0.0 0.030181568 0.009229516 0.043132816 0.0102174 0.020149639 0.0 0.035091445 0.0 0.05704408 0.0 0.080233134 0.0 0.073239654 0.0 0.056538332 0.029290538 0.016708657 0.0 0.05853813 0.0 0.038127776 0.0 0.015285381 0.0 0.0 0.0 0.0 0.020609166 0.0
0.05205689 0.0 0.0 0.0 0.0 0.02513542 0.090542465 0.057622805 0.0 0.05948873 0.0 0.0 0.0 0.0 0.0 0.012938699 0.023163427 0.0 0.019567272 0.037043173 0.049890343 0.0 0.0 0.0047674067 0.0 0.0 0.0 0.0 0.015447225 0.015221558 0.01134138 0.0 0.0141524095 0.0 0.0 0.041840065 0.10835475 0.0 0.12311507 0.0 0.0 0.0 0.0 0.0 0.15390965 0.0 0.0 0.0 0.0 0.013057399 0.0 0.029793069 0.0 0.0 0.009024337 0.0
0.0 0.020068878 0.0142530445 0.0 0.047625054 0.0 0.002416775 0.040232837 0.097767 0.01584508 0.08185035 0.0 0.0 0.0 0.021180134 0.0 0.0 0.021353653 0.0 0.033396494 0.0 0.014355231 0.0055774325 0.021354929 0.0 0.10685833 0.06903185 0.011672509 0.0 0.0 0.0 0.002346795 0.01827681 0.03664518 0.019885082 0.0 0.0 0.0 0.0 0.031033995 0.030722873 0.009095268 0.053880204 0.0 0.0 0.0028162443 0.025441132 0.025039984 0.016535528 0.0 0.0 0.02398052 0.0 0.042697668 0.032496378 0.0
0.01655214 0.0 0.0 0.059207045 0.0 0.014729053 0.0 0.00010110184 0.0 0.0 0.0028162494 0.0 0.0 0.0045192777 0.033355944 0.0972554 0.01578821 0.010753663 0.0 0.023643306 0.005824135 0.0 0.044571966 0.0 0.0 0.06903184 0.03793832 0.08763281 0.017941782 0.047453895 0.048163194 0.023487441 0.09422332 0.028178172 0.032876186 0.0 0.04324806 0.0 0.0 0.0 0.02068948 0.046337105 0.0172083 0.004997372 0.009009432 0.0 0.0 0.017162597 0.025429169 0.011710603 0.034557566 0.0154364705 0.0 0.023934213 0.046562787 0.0
0.0 0.023459924 0.0 0.056411557 0.07001998 0.0049454095 0.0 0.0 0.0 0.0 0.089948416 0.0 0.0 0.0 0.03294351 0.027860705 0.0 0.08659378 0.0 0.03000203 0.010550732 0.0 0.09058951 0.030181568 0.0 0.011672509 0.08763281 0.019804481 0.0028872152 0.01859207 0.01722844 0.0 0.029064478 0.0 0.0 0.0 0.0 0.012882715 0.0 0.046564862 0.0048847822 0.0 0.0 0.0 0.0 0.03261684 0.0 0.018205881 0.022899749 0.0 0.061255448 0.027645959 0.0 0.003622108 0.06629859 0.0
0.0 0.065399095 0.06602327 0.06767582 0.022134405 0.0 0.0 0.0 0.13570979 0.0 0.0027837683 0.0 0.09555923 0.058019917 0.0 0.008509698 0.0 0.0 0.043083902 0.0 0.0 0.0 0.0038243104 0.009229516 0.0154472245 0.0 0.01794178 0.0028872152 0.078312166 0.012636341 0.0 0.012440132 0.0 0.0 0.0 0.0 0.0 0.0149588045 0.0 0.070972174 0.0 0.0 0.0021698223 0.0 0.0 0.047284756 0.026736425 0.0 0.060554862 0.0 0.04378565 0.030173931 0.08961849 0.026445316 0.008530155 0.0
0.0 0.0 0.0 0.0 0.0 0.009305945 0.014001036 0.0 0.0 0.0 0.0 0.0 0.0 0.0 0.0033001597 0.00817115 0.08640958 0.027492585 0.0 0.0 0.031347666 0.0 0.0 0.04313282 0.015221558 0.0 0.0474539 0.018592073 0.012636341 0.0 0.02989193 0.0 0.017591689 0.0 0.0 0.005830169 0.052983973 0.0 0.042693146 0.0 0.033766128 0.0 0.0 0.043882657 0.051765542 0.0 0.0 0.036047325 0.022238545 0.047502797 0.0 0.0 0.0220912 0.0 0.010476206 0.036116943
0.043054283 0.0 0.0 0.0 0.0049437424 0.0 0.0 0.0022617367 0.0 0.007946793 0.0 0.0 0.0 0.0 0.0 0.015707765 0.0 0.0019095996 0.0032628714 0.01069231 0.0 0.0007067885 0.0 0.0102174 0.011341379 0.0 0.048163194 0.01722844 0.0 0.02989193 0.0 0.0 0.021388618 0.0 0.0 0.08620319 0.003170577 0.015344449 0.11754767 0.0 0.0 0.024143396 0.0 0.06341169 0.06072704 0.0 0.0 0.0 0.0 0.064682275 0.009567459 0.044256173 0.0 0.0 0.045365654 0.0
0.03860314 0.0 0.0 0.0 0.0 0.044622388 0.0 0.10516844 0.0 0.026135327 0.052811045 0.049055263 0.0 0.010849848 0.0 0.04385376 0.0 0.0 0.0 0.011332307 0.0 0.0 0.000745401 0.02014964 0.0 0.002346795 0.023487441 0.0 0.012440132 0.0 0.0 0.0 0.0 0.0 0.05905186 0.03852351 0.042529337 0.0 0.018047316 0.0 0.0 0.14211626 0.0018974189 0.0 0.07420388 0.0 0.0 0.0 0.011204934 0.0 0.014194417 0.015825607 0.0 0.0132382605 0.029581498 0.0
0.0 0.0 0.0 0.0 0.0 0.06947129 0.013157136 0.0 0.0 0.0 0.016953588 0.0 0.0 0.0 0.026830282 0.09796719 0.0 0.0 0.08505836 0.0 0.06397894 0.0105885975 0.011482091 0.0 0.0141524095 0.018276813 0.09422333 0.029064476 0.0 0.017591689 0.021388618 0.0 0.12100016 0.0014861003 0.0 0.0 0.0 0.0152589865 0.0 0.0 0.0 0.0 0.0 0.07921792 0.0 0.0 0.0 0.0 0.033411976 0.14529072 0.027205946 0.0 0.0003693873 0.0 0.07882173 0.012825171
0.0 0.0037456718 0.0 0.0 0.020246286 0.0 0.0 0.015448291 0.0 0.0 0.040904034 0.0 0.0 0.03449775 0.0 0.092633806 0.0 0.0 0.08596954 0.0775494 0.045254633 0.0 0.08861265 0.03509144 0.0 0.03664518 0.02817817 0.0 0.0 0.0 0.0 0.0 0.0014861001 0.0 0.0 0.0 0.020710416 0.0 0.0 0.0064942758 0.03687862 0.0 0.0 0.0 0.0 0.03341061 0.0 0.0 0.0 0.0 0.08722449 0.0 0.021796493 0.006622314 0.0 0.0
0.0 0.007367653 0.023517912 0.043926887 0.008917463 0.044158656 0.0 0.0 0.0105141625 0.003876676 0.019131346 0.057930656 0.00856571 0.02637433 0.021633485 0.0 0.00946461 0.052343216 0.0 0.051595464 0.039317388 0.046043605 0.0 0.0 0.0 0.019885082 0.032876186 0.0 0.0 0.0 0.0 0.05905186 0.0 0.0 0.013677621 0.0 0.0 0.029311573 0.0 0.014906289 0.048364215 0.0 0.04358398 0.0 0.0 0.12649956 0.0 0.053273287 0.029953072 0.020701006 0.039501306 0.0067331963 0.0 0.02450673 0.018171858 0.041097675
0.0 0.0 0.049291715 0.045658592 0.0 0.058255214 0.0 0.007847786 0.0 0.0066064796 0.027028702 0.020458069 0.0 0.0 0.0 0.0072206934 0.0 0.059184827 0.0 0.03945753 0.0 0.032861456 0.0 0.05704408 0.041840065 0.0 0.0 0.0 0.0 0.005830169 0.08620319 0.03852351 0.0 0.0 0.0 0.0 0.0 0.0133201815 0.034508213 0.0 0.0 0.04853487 0.0 0.0 0.0 0.046689082 0.0 0.0 0.012395312 0.0 0.019161602 0.042472936 0.085091315 0.0 0.0 0.0
0.0 0.008783813 0.08226831 0.008945567 0.0138299 0.008311929 0.0 0.0 0.0 0.0 0.0 0.13000599 0.017457156 0.0 0.0094734635 0.03184351 0.0080094375 0.0 0.0 0.0 0.037023377 0.0 0.047750406 0.0 0.10835474 0.0 0.04324806 0.0 0.0 0.052983973 0.0031705769 0.04252934 0.0 0.020710416 0.0 0.0 0.0 0.05231758 0.0 0.0 0.0 0.0 0.0 0.07258617 0.0 0.044237927 0.011172925 0.13281484 0.013002273 0.03439501 0.0 0.0 0.0 0.0 0.0 0.0
0.13693473 0.0 0.0 0.0063910075 0.019900665 0.0 0.0 0.04891243 0.0 0.053526152 0.0 0.0 0.0 0.0 0.066633694 0.0 0.0 0.0 0.0 0.0 0.0 0.060362697 0.002948287 0.080233134 0.0 0.0 0.0 0.012882715 0.0149588045 0.0 0.01534445 0.0 0.0152589865 0.0 0.029311573 0.013320182 0.052317575 0.030553708 0.06273712 0.0 0.0 0.0 0.0 0.01426709 0.15418893 0.0 0.0 0.02117941 0.0 0.0 0.02374213 0.01687648 0.0 0.0 0.0045115855 0.0
0.0 0.034661263 0.0 0.0 0.058945995 0.1009326 0.0 0.0 0.011287919 0.0 0.021898868 0.0 0.0 0.0 0.0 0.0 0.0 0.0 0.03212453 0.0 0.017974408 0.0 0.034290563 0.0 0.12311507 0.0 0.0 0.0 0.0 0.042693146 0.117547676 0.018047316 0.0 0.0 0.0 0.034508213 0.0 0.06273712 0.07959337 0.0 0.0037711137 0.0 0.0 0.04813533 0.0 0.0 0.027439933 0.012793724 0.061029267 0.0 0.024309998 0.011596005 0.10763297 0.020732295 0.0 0.0
0.0 0.049941704 0.0 0.0 0.0 0.0 0.0 0.0164173 0.13345839 0.020593783 0.00014859141 0.0 0.028171461 0.047370493 0.0 0.0 0.012644424 0.0 0.0 0.0 0.0 0.0 0.0 0.073239654 0.0 0.031033995 0.0 0.046564866 0.070972174 0.0 0.0 0.0 0.0 0.0064942758 0.014906289 0.0 0.0 0.0 0.0 0.113861665 0.01909622 0.004231504 0.07459746 0.0 0.0 0.008125606 0.0 0.040413145 0.0 0.0 0.025081504 0.0432065 0.0 0.082416445 0.0 0.10465999
0.0 0.033803742 0.00960309 0.017502125 0.0 0.0 0.040098246 0.0 0.041694626 0.0 0.050138768 0.0 0.019909387 0.011888728 0.0 0.0 0.031165292 0.05103464 0.0 0.051568676 0.01607837 0.091215715 0.0 0.0 0.0 0.030722873 0.02068948 0.0048847822 0.0 0.033766128 0.0 0.0 0.0 0.03687862 0.048364215 0.0 0.0 0.0 0.0037711137 0.019096218 0.0 0.027109545 0.023231944 0.0 0.0 0.02870691 0.0923218 0.0 0.0 0.0 0.0 0.0 0.057772536 0.010522216 0.0 0.13529958
0.0 0.032852735 0.0 0.019490076 0.035150297 0.0 0.0 0.07064972 0.038776316 0.0 0.017867692 0.0 0.061322384 0.028187416 0.0 0.0 0.035998836 0.058771826 0.0015544114 0.042317748 0.008633114 0.0 0.0 0.056538332 0.0 0.009095268 0.046337105 0.0 0.0 0.0 0.024143394 0.14211628 0.0 0.0 0.0 0.04853487 0.0 0.0 0.0 0.004231504 0.027109543 0.0 0.0 0.0 0.0 0.035300415 0.0019423544 0.0 0.002701232 0.0 0.05240744 0.038455717 0.0025745032 0.03787564 0.01581578 0.0
0.07826587 0.025277687 0.0 0.0 0.0 0.0 0.0 0.10297207 0.0 0.028321749 0.0024981124 0.0 0.01147511 0.14304228 0.0 0.00517552 0.0 0.0 0.0 0.0 0.0 0.0 0.0 0.029290538 0.0 0.053880204 0.017208302 0.0 0.0021698226 0.0 0.0 0.0018974189 0.0 0.0 0.04358398 0.0 0.0 0.0 0.0 0.07459747 0.023231944 0.0 0.0 0.0 0.014149002 0.0 0.0 0.0 0.0 0.0 0.04777297 0.0 0.0 0.11055324 0.0045657335 0.0
0.0 0.011563624 0.0 0.0 0.004318233 0.026485674 0.0 0.0 0.0 0.002410145 0.04908757 0.0 0.0 0.0 0.09241041 0.007271483 0.034133796 0.010964394 0.022814322 0.0429306 0.0 0.0 0.057715427 0.016708657 0.0 0.0 0.004997372 0.0 0.0 0.043882657 0.06341169 0.0 0.07921792 0.0 0.0 0.0 0.07258617 0.014267089 0.04813533 0.0 0.0 0.0 0.0 0.018049069 0.059639335 0.0 0.027889922 0.04322132 0.003190859 0.0 0.03340567 0.037595473 0.039401367 0.0 0.03310058 0.0
0.0 0.057579305 0.0668663 0.010314515 0.070818126 0.0 0.0 0.0 0.0 0.0 0.031370386 0.06187 0.0 0.0 0.0 0.0 0.0 0.008735428 0.020486772 0.0 0.051897362 0.0 0.0 0.0 0.15390965 0.0 0.009009432 0.0 0.0 0.05176554 0.060727045 0.07420388 0.0 0.0 0.0 0.0 0.0 0.15418893 0.0 0.0 0.0 0.0 0.014149003 0.05963933 0.0029274088 0.0 0.0 0.007890382 0.085433 0.03927588 0.0 0.0 0.039999835 0.0 0.0 0.030815005
0.028754862 0.028076222 0.0 0.0 0.0 0.030366827 0.02698697 0.103722416 0.0 0.02112894 0.0 0.0 0.019368025 0.041679114 0.0 0.0 0.0 0.0 0.0 0.0 0.0 0.001528216 0.0 0.05853813 0.0 0.0028162443 0.0 0.03261684 0.047284756 0.0 0.0 0.0 0.0 0.03341061 0.12649956 0.046689082 0.044237927 0.0 0.0 0.008125605 0.02870691 0.035300415 0.0 0.0 0.0 0.010577905 0.015579994 0.0 0.0 0.0 0.008036561 0.1006782 0.0 0.051054236 0.012124981 0.11412688
0.040678475 0.0 0.0 0.0 0.0 0.010847332 0.08286919 0.009219906 0.0 0.0 0.0 0.0 0.014044443 0.113469705 0.0 0.007615948 0.037458964 0.07037023 0.006229773 0.0 0.03951933 0.0 0.0 0.0 0.0 0.025441132 0.0 0.0 0.026736427 0.0 0.0 0.0 0.0 0.0 0.0 0.0 0.011172924 0.0 0.02743993 0.0 0.0923218 0.0019423545 0.0 0.027889922 0.0 0.015579993 0.0 0.013286511 0.017431745 0.020189404 0.0 0.0 0.054986496 0.048564225 0.01621409 0.014236118
0.14564346 0.0 0.0 0.0 0.0 0.016773446 0.0 0.013503349 0.0 0.057007566 0.0 0.0 0.0 0.0 0.08211284 0.02079198 0.0 0.0 0.010502534 0.0 0.007607638 0.0 0.015147646 0.038127776 0.0 0.025039984 0.017162597 0.018205881 0.0 0.036047325 0.0 0.0 0.0 0.0 0.05327329 0.0 0.13281484 0.02117941 0.012793724 0.040413145 0.0 0.0 0.0 0.04322132 0.007890382 0.0 0.013286511 0.0 0.0 0.0043372912 0.089089096 0.017273493 0.0 0.0 0.009460586 0.0
0.0 0.0 0.0 0.0 0.01781027 0.06407741 0.0 0.0 0.0040050554 0.050392993 0.004859553 0.05964257 0.0 0.0 0.017421095 0.05701001 0.047367647 0.0 0.13968462 0.0 0.0 0.0 0.015064095 0.0 0.0 0.01653553 0.025429169 0.022899749 0.060554866 0.022238547 0.0 0.011204934 0.033411976 0.0 0.029953074 0.012395312 0.013002273 0.0 0.061029267 0.0 0.0 0.002701232 0.0 0.003190859 0.085433 0.0 0.017431745 0.0 0.0 0.0722666 0.025126895 0.020918015 0.0 0.0 0.020232912 0.0
0.0 0.0 0.01882562 0.0 0.0 0.047122598 0.0 0.02760085 0.0 0.0 0.0 0.0 0.0 0.0 0.04031063 0.08224048 0.026594307 0.0 0.048016857 0.05692031 0.0 0.0 0.038466778 0.015285381 0.013057398 0.0 0.011710604 0.0 0.0 0.047502797 0.06468227 0.0 0.14529072 0.0 0.020701006 0.0 0.03439501 0.0 0.0 0.0 0.0 0.0 0.0 0.0 0.03927588 0.0 0.020189404 0.0043372912 0.07226661 0.0 0.0 0.033176288 0.0 0.0 0.054295894 0.00093129487
0.0 0.029159885 0.0 0.038366962 0.0049138432 0.0051107616 0.029118136 0.0 0.04326306 0.0 0.03749182 0.010553457 0.0026582652 0.00913093 0.041956376 0.013541714 0.0 0.0071524326 0.0 0.0036547806 0.012355421 0.0 0.04093969 0.0 0.0 0.0 0.034557566 0.061255448 0.043785654 0.0 0.009567458 0.014194418 0.027205948 0.08722449 0.039501306 0.019161604 0.0 0.023742128 0.024309998 0.025081504 0.0 0.05240744 0.04777297 0.033405665 0.0 0.008036561 0.0 0.089089096 0.025126895 0.0 0.0 0.0 0.0 0.094470054 0.0 0.0
0.0 0.01146082 0.012719363 0.033076003 0.012490509 0.0 0.0 0.0 0.013108164 0.0 0.05031603 0.0130566135 0.0 0.05474898 0.018569224 0.0 0.026027586 0.07061694 0.008572382 0.0 0.015283425 0.107792474 0.052613452 0.0 0.029793069 0.02398052 0.01543647 0.027645959 0.030173931 0.0 0.04425617 0.015825609 0.0 0.0 0.006733197 0.042472936 0.0 0.01687648 0.011596005 0.043206498 0.0 0.038455717 0.0 0.037595477 0.0 0.100678205 0.0 0.017273495 0.020918014 0.033176288 0.0 0.0 0.03231751 0.025199657 0.025320796 0.0
0.015148194 0.0 0.0 0.0 0.0 0.0 0.1155221 0.0043271435 0.0 0.0 0.0 0.0 0.01660878 0.054676548 0.0 0.0 0.071868636 0.0 0.0072344453 0.008377971 0.0056093247 0.0 0.0 0.0 0.0 0.0 0.0 0.0 0.08961849 0.0220912 0.0 0.0 0.0003693873 0.021796491 0.0 0.08509132 0.0 0.0 0.10763297 0.0 0.05777253 0.0025745032 0.0 0.03940137 0.03999983 0.0 0.054986488 0.0 0.0 0.0 0.0 0.03231751 0.0 0.03195858 0.0136029655 0.1798745
0.0 0.011616108 0.016113967 0.0 0.017894808 0.0 0.015024504 0.008515091 0.0 0.0 0.02970176 0.0 0.028209742 0.0033557487 0.023406537 0.0 0.076071 0.007918875 0.0 0.041041434 0.0034264524 0.0 0.0 0.0 0.0 0.042697668 0.023934213 0.003622108 0.026445316 0.0 0.0 0.01323826 0.0 0.006622314 0.02450673 0.0 0.0 0.0 0.020732295 0.08241644 0.010522217 0.03787564 0.11055325 0.0 0.0 0.051054236 0.048564225 0.0 0.0 0.0 0.094470054 0.025199657 0.03195858 0.0 0.016784014 0.0
0.0 0.03359598 0.0 0.023209512 0.0 0.09753576 0.0 0.0 0.06451057 0.0 0.05510311 0.0 0.0 0.0 0.035493013 0.016917646 0.0 0.007756073 0.027555887 0.001414988 0.04040476 0.00539037 0.06726079 0.020609166 0.009024336 0.032496378 0.046562787 0.06629859 0.008530155 0.010476206 0.045365658 0.0295815 0.07882173 0.0 0.01817186 0.0 0.0 0.0045115855 0.0 0.0 0.0 0.01581578 0.004565733 0.03310058 0.0 0.012124981 0.01621409 0.009460585 0.020232914 0.054295897 0.0 0.025320798 0.0136029655 0.016784014 0.0 0.0
0.0 0.0 0.0 0.014569683 0.0 0.0 0.0 0.026314499 0.0 0.0 0.0 0.0 0.07016071 0.0 0.0 0.0014519074 0.083606824 0.026956242 0.0 0.0 0.0 0.0 0.008131502 0.0 0.0 0.0 0.0 0.0 0.0 0.036116943 0.0 0.0 0.012825171 0.0 0.041097675 0.0 0.0 0.0 0.0 0.10465998 0.13529958 0.0 0.0 0.0 0.030815005 0.11412688 0.014236118 0.0 0.0 0.0009312949 0.0 0.0 0.1798745 0.0 0.0 0.0
