0.0 0.0062434315 0.0036170688 0.0 0.0017843918 0.07565097 0.0056992667 0.0 0.0 0.07002839 0.0 0.06932507 0.04244651 0.0 0.031474672 0.0 0.015704997 0.014070339 0.021980984 0.0 0.0 0.0632908 0.0 0.041499984 0.0 0.0 0.0 0.0 0.0010974641 0.0 0.0 0.0 0.016463868 0.03371499 0.05836801 0.0 0.0 0.05871634 0.0 0.0 0.0 0.072074175 0.023303032 0.0081613185 0.048598096 0.10157037 0.06699517 0.0 0.023522155 0.104263596 0.0 0.07597564 0.0043105115 0.0 0.007060053 0.0
0.006243431 0.0 0.0 0.03542257 0.0 0.036853723 0.035461213 0.011457963 0.0 0.05450874 0.0 0.0 0.0031198876 0.020945555 0.0042626555 0.0 0.014844739 0.008209292 0.0 0.0 0.03566821 0.003371506 0.06871978 0.029102415 0.0 0.0 0.011363566 0.120910935 0.0 0.0 0.0 0.0 0.020708105 0.0 0.05035604 0.0 0.055914577 0.014139999 0.021685706 0.0 0.0 0.0 0.0 0.0 0.10396774 0.0 0.0 0.007819995 0.03893225 0.00976322 0.020281615 0.03962029 0.0 0.014446086 0.028571744 0.0
0.0036170685 0.0 0.0 0.0 0.0 0.021386344 0.021901531 0.022935256 0.025180906 0.0 0.08712163 0.05828663 0.031574644 0.038328253 0.0 0.0 0.0 0.0 0.0 0.0 0.015153989 0.0 0.0 0.0 0.0 0.022220971 0.025499826 0.008527743 0.0 0.0 0.024040725 0.0 0.0 0.0 0.0 0.0 0.018886153 0.022280889 0.0 0.09880786 0.05618598 0.0 0.0030940853 0.063215815 0.0 0.0 0.0 0.027299266 0.0 0.0 0.10136258 0.0 0.0 0.020165382 0.0 0.035576005
0.0 0.03542257 0.0 0.0 0.0 0.0 0.0 0.038365696 0.0 0.06002059 0.016247332 0.0 0.0 0.0 0.0 0.07752538 0.0 0.0 0.0 0.018737989 0.0 0.0 0.12685736 0.024715621 0.0 0.0 0.04640601 0.0 0.0 0.0035158945 0.024737716 0.005854183 0.013189508 0.0 0.003797947 0.0 0.03538428 0.0 0.1209698 0.0 0.0 0.0 0.0 0.0 0.025708951 0.0 0.0 0.08023063 0.024958368 0.0048535317 0.07110376 0.0 0.0 0.016247083 0.0 0.0
0.0017843918 0.0 0.0 0.0 0.0 0.0 0.0 0.07932249 0.049569026 0.0 0.0 0.0013749065 0.0 0.003407568 0.0 0.0 0.0 0.016197462 0.0 0.0 0.0 0.0 0.0 0.0 0.018007483 0.0 0.08872115 0.077015646 0.0 0.0 0.0 0.0 0.019990003 0.0 0.0 0.0 0.018012881 0.067912914 0.09326988 0.00096517033 0.0 0.016976649 0.040545177 0.0 0.0 0.026388135 0.0 0.011364011 0.033698484 0.0 0.061811723 0.020012151 0.020913325 0.02338249 0.0 0.0
0.07565096 0.036853727 0.021386344 0.0 0.0 0.121427886 0.0 0.0 0.0 0.08123353 0.017377017 0.0 0.0 0.0 0.0 0.0484585 0.0 0.0 0.0 0.0789569 0.0 0.0 0.083851784 0.007444107 0.0041364785 0.011948473 0.0606435 0.0 0.0 0.0 0.0 0.0 0.030224176 0.0 0.0 0.0 0.058706503 0.0 0.008389782 0.010632177 0.0008081579 0.0 0.0019641623 0.0 0.07037478 0.0 0.0 0.0 0.00715699 0.009489868 0.012757666 0.002129858 0.0 0.022860676 0.0 0.0
0.005699266 0.035461213 0.021901531 0.0 0.0 0.0 0.011564302 0.078175254 0.0 0.0 0.022178665 0.04294309 0.04221214 0.0 0.025556669 0.0 0.035335027 0.0 0.0 0.0 0.011707319 0.0 0.0 0.0 0.0 0.0 0.0 0.0029467938 0.0 0.019816028 0.017964631 0.017633729 0.02420714 0.012445645 0.02768949 0.046786394 0.0 0.0 0.0 0.0055291075 0.0 0.021399023 0.0 0.15328968 0.0 0.012633973 0.036509663 0.019386005 0.0 0.008167355 0.0 0.0 0.0 0.05163061 0.027052077 0.10582696
0.0 0.011457964 0.022935256 0.038365696 0.079322495 0.0 0.078175254 0.0 0.0 0.0 0.0 0.041761164 0.005744253 0.0 0.07650153 0.0 0.08565448 0.011373866 0.028310662 0.0 0.0024374356 0.014033374 0.0 0.0 0.068644315 0.0 0.0 0.0 0.007696426 0.054644782 0.008560118 0.0037417156 0.006574463 0.071950294 0.0 0.0 0.0 0.02915309 0.0 0.0069109355 0.0019197458 0.025723893 0.0693646 0.088041596 0.0 0.087355524 0.12978514 0.012110716 0.0115734115 0.027541606 0.0 0.0 0.07264648 0.0 0.0 0.0009176625
0.0 0.0 0.025180906 0.0 0.049569026 0.0 0.0 0.0 0.048222262 0.0 0.0 0.0077840295 0.007114347 0.0 0.0 0.0 0.07633622 0.028143194 0.0 0.0 0.10748805 0.05506373 0.0 0.0 0.0867098 0.0 0.0 0.0 0.0029132864 0.01265617 0.03662041 0.026926039 0.0 0.014638236 0.0072904015 0.00065616175 0.0013870585 0.0 0.07790312 0.03674788 0.003273284 0.113144234 0.012071208 0.029887406 0.0 0.0 0.007537086 0.010463795 0.07092574 0.0 0.0 0.0 0.19872119 0.0 0.011975135 0.0
0.07002838 0.05450874 0.0 0.06002059 0.0 0.08123353 0.0 0.0 0.0 0.016423047 0.017349051 0.0 0.067387916 0.0 0.04226351 0.0 0.0 0.0 0.0 0.0 0.04259756 0.0 0.0698345 0.018509954 0.0 0.0 0.058871917 0.01892041 0.0 0.0 0.038319603 0.0 0.06774092 0.0 0.0 0.0 0.0 0.0 0.0022420767 0.0 0.0038695245 0.0 0.0146316765 0.011885955 0.043824397 0.011317071 0.0 0.010982882 0.009967445 0.022210632 0.01193987 0.014251325 0.0 0.0012479716 0.10072562 0.0
0.0 0.0 0.08712163 0.016247332 0.0 0.017377017 0.022178665 0.0 0.0 0.01734905 0.0 0.03155622 0.013073278 0.0 0.0064629754 0.0 0.020107286 0.021325016 0.048764482 0.0074254097 0.07019321 0.042672306 0.0 0.0 0.015857588 0.0 0.0 0.0 0.00081566075 0.15870874 0.0 0.0 0.034482457 0.04292749 0.0 0.0 0.014557751 0.0 0.048915826 0.0 0.0 0.056404643 0.0 0.04397191 0.0 0.0 0.0076734503 0.0 0.02279299 0.0 0.0 0.0 0.040175986 0.05590944 0.0 0.037374027
0.06932507 0.0 0.05828663 0.0 0.0013749065 0.0 0.04294309 0.04176116 0.00778403 0.0 0.03155622 0.0 0.0 0.0 0.0 0.0 0.0 0.0034980543 0.13116959 0.03377829 0.0 0.0 0.0 0.0 0.1266248 0.0 0.0 0.0 0.0 0.013638897 0.0 0.0 0.0 0.0 0.0 0.0 0.0 0.0 0.019702984 0.0 0.0 0.0 0.0 0.0 0.04660382 0.0 0.0 0.0 0.06783351 0.0 0.0 0.0 0.09120179 0.0 0.0 0.012812401
0.04244651 0.0031198873 0.031574644 0.0 0.0 0.0 0.04221214 0.005744253 0.0071143466 0.067387916 0.013073278 0.0 0.008791192 0.07443554 0.0122084115 0.03507217 0.0 0.0 0.0 0.0 0.0 0.0 0.057869263 0.07046743 0.0 0.02961564 0.0 0.0053553344 0.097936876 0.0 0.0 0.0 0.0 0.0 0.09609152 0.06296285 0.00769876 0.018705772 0.0 0.014047049 0.030952927 0.0 0.020989532 0.0 0.004198329 0.0 0.054881565 0.0034105738 0.0 0.0 0.0 0.009801382 0.0 0.0021390354 0.021399507 0.054969743
0.0 0.020945555 0.038328253 0.0 0.003407568 0.0 0.0 0.0 0.0 0.0 0.0 0.0 0.07443554 0.0 0.019066546 0.14460212 0.014166524 0.0 0.0 0.051855702 0.00081060565 0.13768238 0.04197447 0.032378476 0.0 0.13390999 0.0 0.0033730345 0.039056633 0.0 0.0057237637 0.08197983 0.0 0.0 0.015215255 0.0108014075 0.0 0.029395962 0.0 0.066177346 0.0065361443 0.0 0.004182557 0.0 0.0 0.0 0.014264875 0.14038163 0.0 0.0 0.010553759 0.0017474998 0.0 0.0043454804 0.024585452 0.0
0.031474676 0.0042626555 0.0 0.0 0.0 0.0 0.02555667 0.07650153 0.0 0.04226351 0.006462975 0.0 0.0122084115 0.019066548 0.0 0.026637716 0.0 0.04986857 0.0 0.0 0.0 0.0 0.05244272 0.016031154 0.0 0.062276635 0.083676025 0.015216287 0.008031579 0.0082581695 0.013761076 0.0 0.04649385 0.06400911 0.09192838 0.0 0.061597403 0.0 0.0 0.0 0.04250985 0.0 0.0 0.0 0.030321218 0.024154115 0.0 0.0 0.0 0.007972318 0.002477004 0.013934998 0.0 0.045637198 0.0 0.013364681
0.0 0.0 0.0 0.07752538 0.0 0.0484585 0.0 0.0 0.0 0.0 0.0 0.0 0.03507217 0.14460213 0.026637716 0.0059696767 0.0 0.0 0.0007510025 0.0 0.0 0.0055873496 0.0 0.0 0.016163198 0.0 0.07733725 0.0 0.0 0.056987192 0.023433702 0.0183963 0.0 0.015158839 0.0006135083 0.0 0.0 0.004490945 0.0022552714 0.019745523 0.021804724 0.0 0.103132404 0.012930319 0.0 0.0 0.0 0.0 0.0 0.066254064 0.016714387 0.0 0.047833536 0.08361075 0.021692233 0.0
0.015704997 0.014844739 0.0 0.0 0.0 0.0 0.035335027 0.08565448 0.07633621 0.0 0.020107286 0.0 0.0 0.014166525 0.0 0.0 0.0 0.035352994 0.04331819 0.0 0.03794883 0.02848664 0.0 0.0 0.0 0.06645909 0.0 0.049472716 0.062604286 0.0 0.0 0.008211148 0.0 0.0 0.0 0.040833 0.0 0.0 0.0 0.040601484 0.05558971 0.04405108 0.030014597 0.0 0.0424402 0.0 0.0 0.0032167232 0.0 0.0 0.04528971 0.01385492 0.0 0.0 0.0 0.02348407
0.014070339 0.008209292 0.0 0.0 0.016197462 0.0 0.0 0.011373866 0.028143192 0.0 0.021325016 0.0034980543 0.0 0.0 0.04986857 0.0 0.035352997 0.035741113 0.007528443 0.0 0.04101664 0.0 0.013045155 0.03292443 0.06482581 0.0 0.040747065 0.06709828 0.0 0.030104896 0.0 0.0 0.0 0.0 0.0 0.026182014 0.03670599 0.0 0.005016006 0.0008989437 0.05061918 0.0049189827 0.00021824466 0.03515193 0.0 0.0 0.0 0.0 0.0 0.0 0.0 0.0395131 0.083987094 0.005200798 0.00818527 0.08236243
0.021980986 0.0 0.0 0.0 0.0 0.0 0.0 0.028310662 0.0 0.0 0.048764486 0.13116957 0.0 0.0 0.0 0.0007510025 0.04331819 0.007528443 0.0 0.0 0.063479 0.021787647 0.0 0.0 0.053533133 0.0 0.011804144 0.0 0.0 0.08477811 0.011259263 0.0 0.0 0.021288894 0.0 0.0 0.054140918 0.0 0.030764248 0.0 0.02666592 0.073570155 0.0 0.038658928 0.011169459 0.0 0.013532494 0.0 0.051050548 0.0 0.0 0.0 0.0 0.0 0.0 0.013081264
0.0 0.0 0.0 0.018737989 0.0 0.0789569 0.0 0.0 0.0 0.0 0.0074254097 0.03377829 0.0 0.051855706 0.0 0.0 0.0 0.0 0.0 0.0 0.0 0.022466505 0.0 0.0 0.15684018 0.0 0.038625564 0.00097360765 0.0 0.07289929 0.0 0.0 0.017020034 0.029801924 0.0 0.0 0.0 0.0 0.0012072261 0.0 0.021253133 0.0 0.0 0.0 0.0 0.0 0.0 0.0 0.0 0.13184325 0.0365703 0.0 0.0 0.0 0.011961178 0.03490855
0.0 0.03566821 0.015153989 0.0 0.0 0.0 0.011707319 0.0024374356 0.10748805 0.04259756 0.07019321 0.0 0.0 0.00081060565 0.0 0.0 0.03794883 0.04101664 0.063479 0.0 0.0 0.0 0.0 0.0 0.0 0.0 0.0 0.0027554983 0.0 0.076135166 0.002766818 0.00038257305 0.021263931 0.056493264 0.020649262 0.010718659 0.037871256 0.0 0.0 0.05904385 0.062165078 0.0 0.020741837 0.027497858 0.021780621 0.0 0.098474234 0.0 0.003240974 0.0 0.0 0.0 0.024036558 0.039035067 0.0 0.0
0.0632908 0.003371506 0.0 0.0 0.0 0.0 0.0 0.014033374 0.05506373 0.0 0.04267231 0.0 0.0 0.13768238 0.0 0.0055873496 0.028486641 0.0 0.021787647 0.022466505 0.0 0.0 0.0 0.0 0.0 0.056531265 0.027840964 0.0 0.0 0.008477038 0.0 0.037611052 0.0 0.0 0.0 0.0 0.0 0.0 0.0 0.012028125 0.026148938 0.01074788 0.010284152 0.0040324233 0.0 0.0 0.0 0.0017766202 0.0 0.0 0.15254366 0.0 0.0 0.058204338 0.011085699 0.021150824
0.0 0.06871978 0.0 0.12685736 0.0 0.083851784 0.0 0.0 0.0 0.0698345 0.0 0.0 0.05786926 0.04197447 0.05244272 0.0 0.0 0.0130451545 0.0 0.0 0.0 0.0 0.0 0.016286 0.0 0.0 0.0 0.0 0.0 0.0 0.071888715 0.04134786 0.047634672 0.060624383 0.0 0.015247453 0.0 0.11044639 0.04739289 0.0 0.014712163 0.0 0.07540834 0.0 0.0 0.0 0.023794707 0.019477058 0.0 0.028970538 0.0 0.07975428 0.0 0.0 0.0 0.0
0.041499984 0.029102417 0.0 0.02471562 0.0 0.0074441065 0.0 0.0 0.0 0.018509954 0.0 0.0 0.07046742 0.032378476 0.016031154 0.0 0.0 0.03292443 0.0 0.0 0.0 0.0 0.016286 0.00538425 0.0 0.008411141 0.02282893 0.030593988 0.0 0.0 0.01135287 0.0 0.041865397 0.021639815 0.04214224 0.0 0.0 0.054739345 0.060828205 0.07049811 0.039149173 0.009866615 0.02204874 0.0 0.023676852 0.0 0.0 0.037975695 0.0 0.07949606 0.0 0.048238125 0.0 0.03814781 0.11058462 0.047001176
0.0 0.0 0.0 0.0 0.018007483 0.0041364785 0.0 0.068644315 0.0867098 0.0 0.015857588 0.12662478 0.0 0.0 0.0 0.016163198 0.0 0.06482581 0.053533133 0.15684018 0.0 0.0 0.0 0.0 0.0 0.0 0.086134635 0.0 0.0 0.0 0.042271543 0.055432837 0.0 0.0 0.0 0.0 0.005353668 0.0 0.03698924 0.0 0.0 0.0 0.0 0.0 0.0 0.0 0.0 0.08158537 0.0245318 0.0 0.10011107 0.0 0.0 0.0 0.0 0.0
0.0 0.0 0.022220971 0.0 0.0 0.011948473 0.0 0.0 0.0 0.0 0.0 0.0 0.029615639 0.13390999 0.062276635 0.0 0.06645909 0.0 0.0 0.0 0.0 0.056531265 0.0 0.008411141 0.0 0.0 0.0 0.028783266 0.10976367 0.0 0.0 0.0 0.020775761 0.11597259 0.07487245 0.0 0.0 0.0 0.0 0.0 0.047395084 0.0 0.055233203 0.0 0.059084598 0.0 0.04904008 0.0074834125 0.0 0.0 0.0 0.0 0.0 0.009758421 0.0 0.0
0.0 0.011363565 0.025499828 0.04640601 0.08872115 0.060643505 0.0 0.0 0.0 0.058871914 0.0 0.0 0.0 0.0 0.083676025 0.07733725 0.0 0.040747065 0.011804144 0.038625564 0.0 0.027840964 0.0 0.02282893 0.08613463 0.0 0.0 0.0 0.0 0.023245512 0.12013725 0.012770508 0.06694597 0.013536909 0.004220643 0.0 0.0 0.08312228 0.0054587442 0.0 0.0 0.0 0.0 0.0 0.016980411 0.053387422 0.03977168 0.011680674 0.0 0.036379 0.0 0.020183247 0.0 0.0 0.011021835 0.0
0.0 0.12091093 0.008527744 0.0 0.077015646 0.0 0.0029467936 0.0 0.0 0.018920412 0.0 0.0 0.0053553344 0.0033730345 0.015216287 0.0 0.04947272 0.06709828 0.0 0.00097360765 0.0027554985 0.0 0.0 0.030593988 0.0 0.028783266 0.0 0.0 0.0 0.0 0.013254797 0.06862126 0.040943205 0.07416917 0.014342649 0.0 0.0 0.07818347 0.0 0.0 0.02049087 0.06358484 0.11600862 0.0 0.0007217379 0.02750428 0.14134768 0.013750703 0.0 0.0 0.0 0.029662045 0.0 0.024404846 0.03287638 0.0
0.0010974642 0.0 0.0 0.0 0.0 0.0 0.0 0.007696426 0.0029132867 0.0 0.0008156608 0.0 0.097936876 0.039056636 0.00803158 0.0 0.062604286 0.0 0.0 0.0 0.0 0.0 0.0 0.0 0.0 0.10976366 0.0 0.0 0.0 0.0 0.0 0.036990337 0.0 0.0 0.079820946 0.037537724 0.016103985 0.0 0.0 0.077221565 0.10030406 0.079079516 0.0007651739 0.08670478 0.0 0.0 0.0 0.0 0.0 0.0 0.0 0.0 0.0 0.008873795 0.0 0.030775106
0.0 0.0 0.0 0.0035158943 0.0 0.0 0.019816028 0.054644782 0.012656169 0.0 0.15870872 0.013638897 0.0 0.0 0.0082581695 0.056987196 0.0 0.030104896 0.0847781 0.0728993 0.076135166 0.008477038 0.0 0.0 0.0 0.0 0.023245512 0.0 0.0 0.07602818 0.0 0.0 0.0 0.0 0.0 0.01650957 0.04754127 0.0 0.023860235 0.0 0.0 0.0 0.0 0.0 0.06205566 0.0040306025 0.013054146 0.0 0.040102996 0.0024642933 0.038991455 0.023036635 0.0 0.0 0.04358844 0.0
0.0 0.0 0.024040725 0.024737716 0.0 0.0 0.017964631 0.008560118 0.03662041 0.038319603 0.0 0.0 0.0 0.0057237637 0.013761076 0.023433702 0.0 0.0 0.011259263 0.0 0.002766818 0.0 0.071888715 0.01135287 0.042271543 0.0 0.12013725 0.013254797 0.0 0.0 0.06242902 0.0 0.016558979 0.005603194 0.007443719 0.0 0.06582854 0.0 0.0 0.0 0.0 0.0 0.0 0.0 0.04014637 0.0 0.0 0.029459903 0.07141067 0.0 0.057180163 0.0 0.06701955 0.0 0.023911655 0.0
0.0 0.0 0.0 0.005854183 0.0 0.0 0.017633729 0.0037417156 0.026926039 0.0 0.0 0.0 0.0 0.08197983 0.0 0.0183963 0.008211149 0.0 0.0 0.0 0.00038257305 0.037611052 0.04134786 0.0 0.055432837 0.0 0.0127705075 0.06862126 0.03699034 0.0 0.0 0.0 0.0 0.021914437 0.023512023 0.0 0.036169194 0.0 0.012757911 0.06205293 0.044943746 0.043039106 0.0 0.029340954 0.0 0.0 0.0019152835 0.0 0.010610808 0.016323848 0.017981721 0.0 0.0 0.1180482 0.0 0.18692496
0.016463866 0.020708105 0.0 0.013189509 0.019990003 0.030224176 0.024207138 0.0065744636 0.0 0.06774091 0.034482457 0.0 0.0 0.0 0.046493854 0.0 0.0 0.0 0.0 0.017020034 0.021263931 0.0 0.047634672 0.041865397 0.0 0.02077576 0.06694597 0.040943205 0.0 0.0 0.016558979 0.0 0.16391295 0.0 0.0 0.0 0.0 0.0 0.005154326 0.0 0.009642456 0.0 0.02035286 0.0 0.054806296 0.0514491 0.0 0.0 0.005475684 0.060914453 0.07300271 0.062467474 0.0 0.009268234 0.023964167 0.0
0.03371499 0.0 0.0 0.0 0.0 0.0 0.012445645 0.071950294 0.014638236 0.0 0.042927485 0.0 0.0 0.0 0.0640091 0.015158838 0.0 0.0 0.021288894 0.029801924 0.05649326 0.0 0.060624387 0.021639815 0.0 0.115972586 0.013536908 0.07416917 0.0 0.0 0.0056031942 0.021914437 0.0 0.0 0.007978802 0.041190654 0.0 0.010840778 0.0 0.0 0.0 0.0 0.0 0.008571211 0.0 0.017583793 0.0 0.0 0.0078078965 0.0 0.009339374 0.01193453 0.0 0.0 0.119746365 0.0
0.05836801 0.05035604 0.0 0.003797947 0.0 0.0 0.02768949 0.0 0.007290402 0.0 0.0 0.0 0.096091524 0.015215256 0.09192838 0.0006135083 0.0 0.0 0.0 0.0 0.020649262 0.0 0.0 0.04214224 0.0 0.07487246 0.004220643 0.014342649 0.079820946 0.0 0.007443719 0.023512023 0.0 0.007978801 0.081642404 0.09020087 0.0 0.015947707 0.0 0.022331214 0.019849109 0.0 0.051922645 0.0 0.005597977 0.09508115 0.007450981 0.0 0.0 0.0 0.0 0.034252048 0.0 0.0055463235 0.0 0.023670843
0.0 0.0 0.0 0.0 0.0 0.0 0.046786394 0.0 0.0006561617 0.0 0.0 0.0 0.062962845 0.0108014075 0.0 0.0 0.040833 0.026182013 0.0 0.0 0.010718659 0.0 0.015247452 0.0 0.0 0.0 0.0 0.0 0.037537724 0.016509572 0.0 0.0 0.0 0.041190654 0.09020087 0.0 0.0 0.0 0.10954263 0.082134575 0.0 0.11467655 0.0023435638 0.0 0.0 0.041097637 0.0 0.047384296 0.034895785 0.0 0.0204089 0.0 0.01323632 0.0 0.006279541 0.094746985
0.0 0.05591458 0.018886153 0.03538428 0.018012883 0.058706503 0.0 0.0 0.0013870585 0.0 0.014557751 0.0 0.0076987594 0.0 0.0615974 0.0 0.0 0.036705993 0.054140914 0.0 0.03787126 0.0 0.0 0.0 0.005353668 0.0 0.0 0.0 0.016103985 0.04754127 0.06582854 0.036169194 0.0 0.0 0.0 0.0 0.0 0.029935056 0.0 0.0 0.0 0.023101253 0.0 0.040781323 0.0 0.1285357 0.0980065 0.0 0.037882898 0.04127059 0.0 0.0 0.0 0.019340057 0.0 0.0
0.05871634 0.014139998 0.022280889 0.0 0.067912914 0.0 0.0 0.02915309 0.0 0.0 0.0 0.0 0.018705772 0.029395962 0.0 0.004490945 0.0 0.0 0.0 0.0 0.0 0.0 0.11044639 0.05473935 0.0 0.0 0.08312229 0.07818347 0.0 0.0 0.0 0.0 0.0 0.010840778 0.015947707 0.0 0.029935054 0.019971611 0.05858389 0.0 0.011179285 0.0 0.0 0.0 0.0 0.0 0.0 0.01712539 0.037196755 0.017537786 0.0 0.0 0.08442029 0.027756797 0.003500869 0.0
0.0 0.021685706 0.0 0.1209698 0.093269885 0.008389782 0.0 0.0 0.07790312 0.0022420767 0.04891583 0.019702984 0.0 0.0 0.0 0.0022552712 0.0 0.005016006 0.030764248 0.0012072261 0.0 0.0 0.04739289 0.060828198 0.036989238 0.0 0.0054587442 0.0 0.0 0.023860235 0.0 0.012757911 0.005154326 0.0 0.0 0.10954263 0.0 0.058583893 0.0 0.0 0.0 0.0 0.0 0.0 0.0 0.0 0.0 0.004774541 0.055637375 0.0 0.091253884 0.0 0.008698644 0.0 0.008222227 0.0
0.0 0.0 0.09880785 0.0 0.00096517033 0.010632177 0.005529107 0.006910935 0.03674788 0.0 0.0 0.0 0.014047048 0.06617735 0.0 0.019745523 0.04060149 0.00089894375 0.0 0.0 0.059043854 0.012028125 0.0 0.07049811 0.0 0.0 0.0 0.0 0.07722156 0.0 0.0 0.06205293 0.0 0.0 0.022331214 0.082134575 0.0 0.0 0.0 0.10679083 0.0907304 0.0237296 0.08815816 0.0 0.0 0.0 0.027681941 0.038020127 0.0 0.0 0.0 0.005597129 0.0 0.028185744 0.0 0.0
0.0 0.0 0.05618598 0.0 0.0 0.0008081579 0.0 0.0019197457 0.003273284 0.0038695247 0.0 0.0 0.030952929 0.0065361448 0.04250985 0.021804724 0.05558971 0.050619185 0.026665919 0.021253133 0.06216508 0.026148938 0.014712163 0.039149173 0.0 0.047395084 0.0 0.02049087 0.10030406 0.0 0.0 0.044943746 0.009642456 0.0 0.019849107 0.0 0.0 0.011179285 0.0 0.0907304 0.0396209 0.0 0.0024760042 0.00298839 0.012710919 0.0 0.01507922 0.056647472 0.00492005 0.010700742 0.0 0.06522788 0.0 0.018104292 0.02075537 0.0
0.07207417 0.0 0.0 0.0 0.016976649 0.0 0.021399023 0.025723891 0.11314423 0.0 0.056404646 0.0 0.0 0.0 0.0 0.0 0.04405108 0.0049189827 0.073570155 0.0 0.0 0.01074788 0.0 0.009866615 0.0 0.0 0.0 0.06358484 0.079079516 0.0 0.0 0.043039106 0.0 0.0 0.0 0.11467656 0.023101253 0.0 0.0 0.023729602 0.0 0.03188685 0.0 0.04088567 0.0 0.0 0.0 0.0 0.0 0.0 0.0 0.016524272 0.0 0.0 0.0 0.0
0.02330303 0.0 0.0030940853 0.0 0.040545177 0.0019641623 0.0 0.0693646 0.012071208 0.014631677 0.0 0.0 0.020989532 0.004182557 0.0 0.10313241 0.030014595 0.00021824465 0.0 0.0 0.020741839 0.010284152 0.07540834 0.022048742 0.0 0.055233207 0.0 0.11600861 0.0007651739 0.0 0.0 0.0 0.020352863 0.0 0.05192265 0.0023435638 0.0 0.0 0.0 0.08815815 0.0024760042 0.0 0.0 0.0 0.0 0.0 0.0 0.0 0.040197168 0.0 0.0 0.0 0.0 0.004166883 0.03155471 0.0
0.008161319 0.0 0.063215815 0.0 0.0 0.0 0.15328968 0.088041596 0.029887406 0.011885956 0.04397191 0.0 0.0 0.0 0.0 0.012930319 0.0 0.035151932 0.038658928 0.0 0.027497858 0.0040324237 0.0 0.0 0.0 0.0 0.0 0.0 0.086704776 0.0 0.0 0.029340953 0.0 0.008571211 0.0 0.0 0.040781323 0.0 0.0 0.0 0.00298839 0.040885665 0.0 0.05621113 0.04742742 0.0 0.027612174 0.0 0.0 0.0 0.0 0.0 0.0 0.0 0.028235389 0.058636855
0.0485981 0.10396775 0.0 0.02570895 0.0 0.07037478 0.0 0.0 0.0 0.043824397 0.0 0.046603825 0.0041983295 0.0 0.030321216 0.0 0.0424402 0.0 0.011169459 0.0 0.021780623 0.0 0.0 0.023676852 0.0 0.059084598 0.016980411 0.0007217379 0.0 0.062055662 0.040146366 0.0 0.054806296 0.0 0.005597977 0.0 0.0 0.0 0.0 0.0 0.012710918 0.0 0.0 0.047427423 0.07606548 0.021660797 0.0 0.0 0.06865933 0.079808876 0.026177239 0.021772353 0.010782311 0.0 0.059103888 0.0
0.101570375 0.0 0.0 0.0 0.026388133 0.0 0.012633973 0.087355524 0.0 0.01131707 0.0 0.0 0.0 0.0 0.024154115 0.0 0.0 0.0 0.0 0.0 0.0 0.0 0.0 0.0 0.0 0.0 0.053387422 0.02750428 0.0 0.0040306025 0.0 0.0 0.051449105 0.017583793 0.09508115 0.041097637 0.1285357 0.0 0.0 0.0 0.0 0.0 0.0 0.0 0.021660797 0.0 0.0 0.009237738 0.0 0.0151198525 0.0 0.0 0.026260035 0.031523854 0.0 0.03144379
0.06699517 0.0 0.0 0.0 0.0 0.0 0.03650966 0.12978514 0.0075370865 0.0 0.007673451 0.0 0.054881565 0.014264875 0.0 0.0 0.0 0.0 0.013532495 0.0 0.098474234 0.0 0.023794707 0.0 0.0 0.049040075 0.039771684 0.14134766 0.0 0.0130541455 0.0 0.0019152836 0.0 0.0 0.007450981 0.0 0.09800651 0.0 0.0 0.027681941 0.015079221 0.0 0.0 0.027612174 0.0 0.0 0.0 0.0 0.023809493 0.0 0.0 0.0 0.0 0.024784552 0.0 0.0
0.0 0.007819995 0.027299266 0.08023063 0.011364012 0.0 0.019386003 0.012110716 0.010463795 0.010982881 0.0 0.0 0.003410574 0.14038163 0.0 0.0 0.003216723 0.0 0.0 0.0 0.0 0.0017766202 0.019477058 0.0379757 0.08158537 0.007483413 0.011680674 0.013750703 0.0 0.0 0.029459903 0.0 0.0 0.0 0.0 0.047384296 0.0 0.01712539 0.004774541 0.038020127 0.05664747 0.0 0.0 0.0 0.0 0.009237739 0.0 0.0 0.0 0.02968465 0.066555865 0.0440758 0.0 0.045065667 0.0030758427 0.0
0.023522155 0.03893225 0.0 0.024958368 0.033698484 0.00715699 0.0 0.0115734115 0.07092574 0.009967445 0.02279299 0.06783351 0.0 0.0 0.0 0.0 0.0 0.0 0.051050548 0.0 0.003240974 0.0 0.0 0.0 0.0245318 0.0 0.0 0.0 0.0 0.040102996 0.07141067 0.010610808 0.005475684 0.007807896 0.0 0.034895785 0.0378829 0.037196755 0.05563737 0.0 0.00492005 0.0 0.040197168 0.0 0.06865933 0.0 0.023809494 0.0 0.085921 0.0 0.054475795 0.0 0.0 0.041200835 0.0 0.0
0.10426359 0.009763219 0.0 0.0048535317 0.0 0.009489867 0.008167355 0.027541606 0.0 0.02221063 0.0 0.0 0.0 0.0 0.007972317 0.066254064 0.0 0.0 0.0 0.13184327 0.0 0.0 0.02897054 0.07949606 0.0 0.0 0.036379 0.0 0.0 0.0024642933 0.0 0.016323848 0.06091445 0.0 0.0 0.0 0.041270595 0.017537784 0.0 0.0 0.010700742 0.0 0.0 0.0 0.079808876 0.015119853 0.0 0.029684652 0.0 0.0 0.08704797 0.09486328 0.0 0.0 0.011680024 0.0
0.0 0.020281615 0.10136258 0.07110376 0.061811723 0.012757667 0.0 0.0 0.0 0.01193987 0.0 0.0 0.0 0.010553759 0.0024770037 0.016714385 0.04528971 0.0 0.0 0.0365703 0.0 0.15254366 0.0 0.0 0.10011107 0.0 0.0 0.0 0.0 0.038991455 0.05718016 0.017981721 0.07300271 0.009339374 0.0 0.0204089 0.0 0.0 0.091253884 0.0 0.0 0.0 0.0 0.0 0.026177237 0.0 0.0 0.066555865 0.05447579 0.08704797 0.0 0.0 0.07551234 0.027746808 0.0 0.0
0.07597564 0.03962029 0.0 0.0 0.020012151 0.0021298577 0.0 0.0 0.0 0.014251324 0.0 0.0 0.009801383 0.0017474998 0.013934998 0.0 0.01385492 0.0395131 0.0 0.0 0.0 0.0 0.079754286 0.048238125 0.0 0.0 0.020183247 0.029662045 0.0 0.023036635 0.0 0.0 0.06246747 0.011934529 0.034252044 0.0 0.0 0.0 0.0 0.005597129 0.06522788 0.016524272 0.0 0.0 0.021772353 0.0 0.0 0.0440758 0.0 0.09486327 0.0 0.062483136 0.0 0.0 0.09232494 0.0
0.0043105115 0.0 0.0 0.0 0.020913325 0.0 0.0 0.07264648 0.19872117 0.0 0.040175986 0.0912018 0.0 0.0 0.0 0.047833536 0.0 0.0839871 0.0 0.0 0.024036558 0.0 0.0 0.0 0.0 0.0 0.0 0.0 0.0 0.0 0.06701955 0.0 0.0 0.0 0.0 0.01323632 0.0 0.08442029 0.008698643 0.0 0.0 0.0 0.0 0.0 0.010782311 0.026260037 0.0 0.0 0.0 0.0 0.07551234 0.0 0.0 0.0 0.0 0.0
0.0 0.014446086 0.020165382 0.016247083 0.023382492 0.022860676 0.051630605 0.0 0.0 0.0012479716 0.055909436 0.0 0.0021390354 0.0043454804 0.045637194 0.08361075 0.0 0.0052007977 0.0 0.0 0.039035067 0.058204338 0.0 0.03814781 0.0 0.009758421 0.0 0.024404844 0.008873795 0.0 0.0 0.118048206 0.009268234 0.0 0.0055463235 0.0 0.019340055 0.027756799 0.0 0.028185746 0.018104292 0.0 0.004166883 0.0 0.0 0.031523854 0.024784552 0.045065667 0.041200835 0.0 0.027746808 0.0 0.0 0.0 0.07765413 0.0
0.0070600524 0.028571744 0.0 0.0 0.0 0.0 0.02705208 0.0 0.011975135 0.10072563 0.0 0.0 0.021399507 0.024585454 0.0 0.021692233 0.0 0.00818527 0.0 0.011961178 0.0 0.011085698 0.0 0.11058462 0.0 0.0 0.011021834 0.03287638 0.0 0.04358844 0.023911657 0.0 0.023964169 0.11974637 0.0 0.006279541 0.0 0.0035008688 0.008222228 0.0 0.02075537 0.0 0.03155471 0.028235389 0.05910389 0.0 0.0 0.0030758425 0.0 0.011680024 0.0 0.09232494 0.0 0.07765413 0.04811186 0.026713142
0.0 0.0 0.03557601 0.0 0.0 0.0 0.10582696 0.0009176625 0.0 0.0 0.037374027 0.012812401 0.05496974 0.0 0.013364681 0.0 0.02348407 0.08236242 0.013081264 0.034908548 0.0 0.021150826 0.0 0.047001176 0.0 0.0 0.0 0.0 0.030775107 0.0 0.0 0.18692496 0.0 0.0 0.023670843 0.094746985 0.0 0.0 0.0 0.0 0.0 0.0 0.0 0.058636855 0.0 0.031443793 0.0 0.0 0.0 0.0 0.0 0.0 0.0 0.0 0.026713142 0.0
