0.016203694 0.0 0.0 0.0 0.0 0.0 0.006407173 0.0 0.0 0.05036547 0.049650375 0.04018236 0.0 0.0 0.0 0.016960338 0.0 0.034595687 0.0031693906 0.0 0.0 0.097189575 0.0 0.0 0.0 0.0 0.0 0.0 0.026375275 0.0 0.10480988 0.023849454 0.06151086 0.07604116 0.055788495 0.09719804 0.0104029775 0.15786825 0.0 0.03133303 0.0 0.1351358 0.05529058 0.0 0.0046559996 0.0 0.029701771 0.0 0.0 0.0 0.0 0.0 0.0 0.0 0.0 0.0
0.0 0.008361539 0.0 0.0 0.0 0.0 0.012924024 0.081797555 0.07640035 0.0 0.03165138 0.0 0.014713091 0.0 0.0 0.0 0.0 0.0 0.012066411 0.015161393 0.010213841 0.0 0.079000406 0.040144313 0.0 0.04366002 0.010850682 0.09428831 0.0 0.0 0.04368604 0.017030988 0.007303738 0.0 0.0 0.0 0.0 0.0 0.0 0.0 0.0 0.0 0.013928139 0.0 0.0 0.0 0.0 0.049744263 0.02542746 0.0 0.036139436 0.13132995 0.0 0.013699439 0.03412299 0.0
0.0 0.0 0.010948469 0.01737711 0.011409799 0.045763154 0.0 0.0 0.0 0.0 0.13679048 0.0 0.05155897 0.00661233 0.0 0.039323118 0.0 0.023214608 0.05245069 0.0 0.123634726 0.0 0.021058632 0.117885955 0.0 0.0 0.0015032747 0.07329984 0.0 0.0 0.00066341605 0.06406139 0.0 0.0 0.0 0.0 0.0 0.0 0.0 0.0 0.0 0.0 0.0 0.0 0.0 0.0 0.0 0.0 0.0 0.0 0.044266414 0.0 0.0015228967 0.0 0.011220499 0.0
0.0 0.0 0.017377112 0.0 0.09778368 0.011416352 0.032479133 0.021101434 0.03062849 0.0 0.0 0.0 0.05165746 0.0 0.0 0.0 0.0 0.0 0.0 0.0 0.027173698 0.0 0.089543514 0.0 0.0 0.0 0.0 0.0 0.0 0.022679843 0.017854337 0.013981999 0.0 0.0 0.0 0.0 0.0 0.0 0.05682174 0.0 0.055283476 0.0 0.015396882 0.10021283 0.0 0.0 0.017902642 0.18292674 0.020352418 0.0 0.0 0.0 0.0 0.0 0.036486983 0.009122899
0.0 0.0 0.011409799 0.09778368 0.0 0.044178527 0.0 0.0 0.058139615 0.0 0.0 0.0 0.07018791 0.07364364 0.0 0.0 0.0 0.011916205 0.0 0.0 0.07213107 0.0 0.09197123 0.026431605 0.0 0.0 0.015879955 0.0141554605 0.0 0.0 0.009458636 0.0 0.042438105 0.0 0.0 0.0 0.0 0.0 0.023786178 0.0 0.0 0.0 0.0 0.01267189 0.0 0.040016517 0.0 0.0 0.0020332702 0.0 0.060330853 0.0 0.0 0.015524069 0.048271988 0.0
0.0 0.0 0.045763154 0.011416351 0.044178527 0.0 0.0 0.0 0.016139293 0.0 0.033638038 0.020155901 0.0 0.0 0.0 0.027721448 0.019119881 0.008017912 0.0 0.19023384 0.16755179 0.09629676 0.0 0.0 0.0 0.0 0.0 0.0 0.008992181 0.0 0.07511501 0.10696558 0.0 0.0 0.0 0.0 0.03197636 0.019537557 0.025172643 0.0 0.0 0.004279189 0.0 0.0 0.0 0.0 0.05410013 0.012255068 0.0 0.0 0.0 0.0 0.0024163832 0.0 0.015935687 0.0
0.006407173 0.012924023 0.0 0.03247913 0.0 0.0 0.0 0.0 0.0781468 0.0 0.0 0.005339037 0.03189082 0.0 0.01250405 0.0507731 0.03205924 0.02487196 0.096517496 0.0 0.0 0.032801855 0.0 0.0 0.0 0.0 0.018005764 0.011489573 0.08471139 0.0 0.0 0.0 0.0 0.011280522 0.0057338136 0.039140593 0.0 0.0 0.0 0.019854413 0.0 0.04310459 0.17270069 0.007149017 0.0 0.028236602 0.07897868 0.0 0.0 0.008234219 0.0 0.0034496668 0.0 0.0049153017 0.0 0.0
0.0 0.08179755 0.0 0.021101434 0.0 0.0 0.0 0.0 0.05457351 0.0 0.0 0.06729298 0.029617548 0.0 0.07160734 0.009358459 0.052561488 0.0 0.037071377 0.0 0.0 0.032964505 0.0 0.0 0.16606952 0.019988185 0.021040007 0.0 0.037213534 0.042146847 0.05345497 0.050532687 0.0 0.07874839 0.0 0.042232905 0.0 0.0065242867 0.0 0.11204837 0.0 0.07525656 0.0 0.0 0.0 0.0046659177 0.10983854 0.0040071676 0.0 0.0 0.0 0.0 0.0046727858 0.005536831 0.0 0.01653043
0.0 0.07640035 0.0 0.03062849 0.05813961 0.016139293 0.0781468 0.05457351 0.10441618 0.0 0.0 0.0 0.0 0.0 0.034227457 0.0 0.016599178 0.016180139 0.009983352 0.01907772 0.0 0.0 0.0 0.014914677 0.0 0.0 0.014652629 0.0 0.19106066 0.0 0.0 0.054129515 0.0 0.0 0.0 0.0 0.0 0.0 0.0 0.0 0.0 0.018272093 0.0 0.0 0.0 0.0 0.044389702 0.0 0.0 0.0 0.0 0.059574664 0.0 0.06642828 0.0 0.055206295
0.05036547 0.0 0.0 0.0 0.0 0.0 0.0 0.0 0.0 0.0064841076 0.017181186 0.0 0.0 0.007949713 0.0 0.051329125 0.0 0.0 0.0 0.0 0.0 0.06529395 0.0 0.0 0.0 0.060650293 0.014288018 0.0 0.0029845384 0.0 0.05407501 0.0 0.035092216 0.03884002 0.0 0.101791404 0.03712313 0.0 0.0 0.19375283 0.0 0.07833331 0.020419776 9.22259e-09 0.048649285 0.0525652 0.0 0.02206555 0.0 0.024709182 0.018149018 0.0 0.0 0.0 0.0 0.0
0.049650375 0.03165138 0.13679048 0.0 0.0 0.033638038 0.0 0.0 0.0 0.017181186 0.0 0.029070647 0.054088976 0.0 0.0 0.007857417 0.0 0.0 0.02895315 0.047042936 0.036038026 0.07342216 0.007517267 0.0 2.7948239e-31 0.0 0.009021981 0.0 0.0 0.03635241 0.0 0.03550707 0.043250307 0.0 0.0 0.0 0.05416236 0.0 0.023435712 0.0 0.0 0.0010364978 0.043234553 0.12491985 0.0 0.06983714 0.011492446 0.051183958 0.010755162 0.0 0.0 0.011078854 0.0 0.0 0.0 0.0
0.040182363 0.0 0.0 0.0 0.0 0.0201559 0.005339037 0.06729297 0.0 0.0 0.029070647 0.0 0.02316553 0.07638056 0.0 0.017639657 0.0 0.030254869 0.019991256 0.0 0.0 0.0 0.08504197 0.0 0.0 0.014148094 0.0 0.10552286 0.0 0.009314324 0.0 0.0 0.009437403 0.0 0.0 0.033021808 0.0 0.0 0.0 0.0 0.0 0.013530838 0.0 0.0 0.0 0.0 0.0 0.03333662 0.0 0.028334163 0.0848477 0.059266638 0.0 0.07015266 0.018249946 0.0
0.0 0.01471309 0.05155897 0.05165746 0.07018791 0.0 0.031890824 0.02961755 0.0 0.0 0.054088976 0.02316553 0.0 0.0 0.079451874 0.0 0.09300054 0.0 0.0 0.006209474 0.004397728 0.0 0.0 0.0 0.116358854 0.0 0.04335767 0.0 0.0 0.05809374 0.0 0.0 0.0 0.054417398 0.008110127 0.010374326 0.0 0.0 0.040138815 0.0 0.0 0.003734565 0.0 0.0016526238 0.0 0.0197806 0.0 0.0 0.051869094 0.0 0.0024844694 0.0 0.10341462 0.0 0.0 0.0
0.0 0.0 0.0066123307 0.0 0.07364365 0.0 0.0 0.0 0.0 0.007949712 0.0 0.07638056 0.0 0.0 0.020938871 0.0 0.08265861 0.0 0.0030869814 0.0 0.0040003248 0.0492177 0.0 0.0 0.13138494 0.0 0.057100207 0.0 0.0 0.042671256 0.0 0.0 0.0 0.015862316 0.01260738 0.0 0.0 0.04359694 0.02200817 0.0 0.0 0.0 0.0 0.0 0.006217696 0.015730575 0.0 0.0 0.098504364 0.07040067 0.0 0.0 0.22356729 0.0 0.0 0.016365908
0.0 0.0 0.0 0.0 0.0 0.0 0.01250405 0.071607344 0.034227457 0.0 0.0 0.0 0.079451874 0.020938871 0.0 0.030651597 0.004449935 0.02289382 0.0 0.022538485 0.030189201 0.016968854 0.055944644 0.006756169 0.0 0.0024045156 0.0 0.0 0.0 0.0 0.0 0.0 0.0 0.0 0.0 0.033652112 0.008374915 0.0 0.0 0.0051184287 0.055638082 0.004368474 0.08982084 0.016476106 0.0 0.0 0.02875289 0.0683745 0.0 0.0 0.0 0.053660408 0.0 0.03260498 0.064342976 0.0
0.016960336 0.0 0.03932312 0.0 0.0 0.027721448 0.0507731 0.009358459 0.0 0.051329125 0.007857417 0.017639657 0.0 0.0 0.030651595 0.025989234 0.0072632725 0.026186453 0.0 0.0 0.01320218 0.0 0.02791169 0.0 0.0 0.022161214 0.0 0.0 0.0 0.11133775 0.007791872 0.014587596 0.004727786 0.0 0.0 0.0 0.043552674 0.0 0.1177106 0.0 0.0062137884 0.0 0.0 0.020526784 0.06747858 0.0 0.0 0.009735933 0.012506559 0.029067859 0.007855098 0.0 0.039717805 0.0 0.01864113 0.016287558
0.0 0.0 0.0 0.0 0.0 0.019119881 0.03205924 0.05256149 0.01659918 0.0 0.0 0.0 0.09300054 0.082658604 0.004449935 0.0072632725 0.0 0.0 0.07998737 0.0 0.0 0.0 0.021764928 0.19924907 0.0 0.0 0.0 0.037289277 0.013273394 0.0 0.0 0.027959745 0.0 0.0 0.0 0.048395444 0.0 0.0 0.0 0.0 0.031279832 0.009225382 0.018710794 0.0 0.005813661 0.0 0.0 0.0 0.0 0.0 0.0 0.06896981 0.0 0.033791494 0.0 0.0
0.034595687 0.0 0.023214608 0.0 0.011916205 0.008017911 0.024871962 0.0 0.01618014 0.0 0.0 0.030254869 0.0 0.0 0.022893818 0.026186453 0.0 0.10532502 0.043562394 0.0 0.0 0.0 0.0 0.029096486 0.0386462 0.0 0.0 0.0 0.11674455 0.0 0.0 0.058120273 0.0 0.0 0.0 0.0 0.07915221 0.0 0.0 0.0 0.0 0.009275807 0.019181062 0.045289338 0.0027867903 0.0052916133 0.0 0.0 0.0 0.0 0.0 0.0046964074 0.008179431 0.0 0.0013532107 0.0459399
0.0031693906 0.012066411 0.05245069 0.0 0.0 0.0 0.096517496 0.037071377 0.009983352 0.0 0.02895315 0.019991254 0.0 0.0030869814 0.0 0.0 0.07998736 0.043562394 0.0 0.0 0.0 0.024686744 0.02726817 0.02137979 0.0 0.0 0.06619273 0.023208732 0.02542105 0.0 0.0 0.018745309 0.0 0.0 0.0 0.0 0.0 0.0 0.07962538 0.01049182 0.022053428 0.0 0.07956675 0.03707459 0.0 0.034390133 0.0061318544 0.01603335 0.0 0.0 0.0 0.0454649 0.0 0.0 0.0 0.03382069
0.0 0.015161393 0.0 0.0 0.0 0.19023384 0.0 0.0 0.01907772 0.0 0.047042932 0.0 0.0062094736 0.0 0.022538487 0.0 0.0 0.0 0.0 0.017080981 0.13858627 0.0 0.0 0.0 0.0 0.005226563 0.0 0.0 0.0 0.0 0.0 0.13792926 0.011555359 0.0 0.0 0.0068192263 0.05310394 0.016672134 0.017782798 0.0 0.015471396 0.016731476 0.016349556 0.003143112 0.010562447 0.062489226 0.0 0.0016937641 0.058359016 0.0 0.03903274 0.013997895 0.0 0.0 0.0 0.0
0.0 0.01021384 0.123634726 0.027173698 0.072131075 0.16755179 0.0 0.0 0.0 0.0 0.036038026 0.0 0.0043977285 0.0040003248 0.0301892 0.013202179 0.0 0.0 0.0 0.13858627 0.0 0.0 0.08781175 0.0 0.0 0.0 0.030850234 0.0 0.0 0.0 0.028588306 0.038889006 0.0 0.0 0.0 0.0 0.009910853 0.0 0.035501655 0.0 0.02161822 0.0 0.0 0.038752478 0.0 0.0 0.00841565 0.016515432 0.055379145 0.0 0.02809638 0.0 0.032045178 0.0 0.0 0.0
0.097189575 0.0 0.0 0.0 0.0 0.09629676 0.03280186 0.032964505 0.0 0.06529395 0.07342216 0.0 0.0 0.049217705 0.016968854 0.0 0.0 0.0 0.024686744 0.0 0.0 0.0 0.014572377 0.0 0.0 0.0 0.0 0.04931401 0.021170689 0.0 0.0 0.0 0.013318524 0.0 0.009545618 0.0 0.16300048 0.0 0.0 0.0 0.0 0.0 0.011460064 0.0 0.02644419 0.0 0.0 0.0 0.0 0.0076889335 0.0 0.0 0.0 0.0 0.0 0.0
0.0 0.0790004 0.021058632 0.089543514 0.09197123 0.0 0.0 0.0 0.0 0.0 0.0075172675 0.08504197 0.0 0.0 0.055944648 0.027911691 0.021764928 0.0 0.027268171 0.0 0.08781176 0.014572378 0.01544763 0.0 0.0576419 0.013844832 0.0 0.0 0.0 0.044638652 0.0 0.05039962 0.0 0.0 0.0 0.0117664095 0.007007023 0.018766241 0.04429599 0.015970975 0.08396593 0.018357117 0.037570875 0.052613325 0.0 0.0 0.0 0.014776467 0.0798031 0.012459507 0.010627961 0.0 0.09732579 0.033080325 0.0 0.0
0.0 0.040144313 0.11788596 0.0 0.026431605 0.0 0.0 0.0 0.014914677 0.0 0.0 0.0 0.0 0.0 0.0067561693 0.0 0.19924907 0.029096484 0.021379787 0.0 0.0 0.0 0.0 0.0 0.12701094 0.0 0.0074535795 0.0 0.0 0.13162959 0.015067432 0.0 0.0008703942 0.0 0.0 0.012274819 0.0 0.0 0.0 0.015922202 0.017392714 0.028258398 0.027122784 0.029461496 0.0 0.049419455 0.07936307 0.0058738366 0.0 0.0 0.0 0.0 0.12655754 0.0 0.004521445 0.07893531
0.0 0.0 0.0 0.0 0.0 0.0 0.0 0.16606952 0.0 0.0 2.7948239e-31 0.0 0.116358854 0.13138494 0.0 0.0 0.0 0.0386462 0.0 0.0 0.0 0.0 0.0576419 0.12701094 0.0 0.0 0.0 0.04961884 0.0 0.0 0.0 0.0062093423 0.0 0.0 0.0 0.0 0.009596403 0.0 0.0 0.0 0.031360023 0.0 0.0 0.013853574 0.0 0.0 0.0 0.0 0.0 0.0 0.0 0.04189422 0.0 0.0051061125 0.0 0.0
0.0 0.043660022 0.0 0.0 0.0 0.0 0.0 0.019988187 0.0 0.060650293 0.0 0.014148094 0.0 0.0 0.0024045156 0.022161212 0.0 0.0 0.0 0.005226563 0.0 0.0 0.013844832 0.0 0.0 0.05071018 0.085596554 0.030215342 0.0 0.05346401 0.0 0.0 0.049371634 0.020701198 0.058587924 0.0 0.005141952 0.0 0.0 0.0 0.0 0.0 0.0 0.0023355985 0.118469216 0.0 0.0 0.0 0.0 0.15141916 0.10484536 0.031229196 0.015550173 0.028855536 0.1091455 0.0028379853
0.0 0.010850683 0.0015032747 0.0 0.015879955 0.0 0.018005764 0.021040007 0.014652628 0.0142880175 0.009021981 0.0 0.043357667 0.057100207 0.0 0.0 0.0 0.0 0.06619273 0.0 0.030850234 0.0 0.0 0.00745358 0.0 0.085596554 0.0 0.0 0.0 0.016651357 0.0 0.0122402795 0.0 0.0 0.0018661603 0.0 0.03943501 0.0 0.024189392 0.018394733 0.13352004 0.022063319 0.02867633 0.07504072 0.0 0.0 0.0 0.06459962 0.021684552 0.0 0.0 0.023411179 0.0 0.02964215 0.0 0.045460723
0.0 0.09428831 0.07329984 0.0 0.0141554605 0.0 0.011489573 0.0 0.0 0.0 0.0 0.10552286 0.0 0.0 0.0 0.0 0.037289277 0.0 0.02320873 0.0 0.0 0.049314015 0.0 0.0 0.04961884 0.03021534 0.0 0.0 0.0 0.14833389 0.011887702 0.0 0.0 0.05511519 0.0 0.05057876 0.0 0.042067617 0.008974779 0.04393504 0.03171447 0.055595342 0.0 0.022030005 0.0 0.0 0.10903567 0.005076783 0.05587599 0.00856006 0.0 0.0 0.0 0.052286047 0.0 0.0
0.026375277 0.0 0.0 0.0 0.0 0.008992181 0.08471139 0.037213534 0.19106066 0.0029845384 0.0 0.0 0.0 0.0 0.0 0.0 0.013273394 0.116744556 0.02542105 0.0 0.0 0.021170689 0.0 0.0 0.0 0.0 0.0 0.0 0.18240461 0.0 0.0 0.0 0.011499153 0.1813658 0.0 0.03011043 0.0 0.009838621 0.0 0.0139554 0.0 0.011574246 0.024582844 0.0 0.0 0.0 0.017755745 0.0 0.0 0.0 0.0 0.0 0.0 0.00613264 0.0 0.0
0.0 0.0 0.0 0.022679843 0.0 0.0 0.0 0.042146847 0.0 0.0 0.03635241 0.009314324 0.058093738 0.042671256 0.0 0.11133776 0.0 0.0 0.0 0.0 0.0 0.0 0.044638652 0.13162959 0.0 0.053464007 0.016651358 0.1483339 0.0 0.0 0.0050112535 0.0 0.0 0.0123495795 0.0 0.0 0.0 0.0 0.027093546 0.0 0.0 0.0 0.0 0.0058014556 0.0 0.0 0.0004045328 0.0 0.0 0.0 0.124315314 0.060289074 0.0 0.01267903 0.027053388 0.0
0.10480988 0.043686043 0.000663416 0.017854337 0.009458637 0.075115 0.0 0.053454973 0.0 0.05407501 0.0 0.0 0.0 0.0 0.0 0.0077918726 0.0 0.0 0.0 0.0 0.028588306 0.0 0.0 0.015067433 0.0 0.0 0.0 0.011887703 0.0 0.0050112535 0.0 0.024221018 0.0 0.0 0.0 0.0 0.06531523 0.0 0.05481152 0.0 0.01035502 0.0 0.0 0.0 0.101622425 0.0 0.0026754302 0.1286227 0.020239579 0.0 0.004774852 0.0015330353 0.0 0.0 0.02348646 0.0
0.023849456 0.017030988 0.06406139 0.013981999 0.0 0.10696558 0.0 0.05053269 0.05412951 0.0 0.03550707 0.0 0.0 0.0 0.0 0.014587597 0.027959745 0.05812027 0.018745309 0.13792926 0.03888901 0.0 0.05039962 0.0 0.0062093423 0.0 0.0122402795 0.0 0.0 0.0 0.024221018 0.0 0.05803164 0.0 0.0 0.0 0.0 0.0 0.039560616 0.0 0.0 0.009291146 0.0 0.0 0.0 0.025578275 0.025331754 0.0 0.066848874 0.0 0.0 0.024270885 0.0 0.0 0.0 0.0
0.06151086 0.007303738 0.0 0.0 0.042438105 0.0 0.0 0.0 0.0 0.035092216 0.043250307 0.009437403 0.0 0.0 0.0 0.004727786 0.0 0.0 0.0 0.011555359 0.0 0.013318523 0.0 0.00087039423 0.0 0.04937163 0.0 0.0 0.011499153 0.0 0.0 0.05803164 0.0 0.0 0.057689697 0.0 0.14750096 0.0 0.0034236545 0.021803575 0.04607543 0.08496098 0.02742075 0.09552633 0.0 0.0 0.0 0.0 0.0 0.0 0.047050666 0.042065196 0.0 0.02426305 0.053941086 0.03402053
0.07604116 0.0 0.0 0.0 0.0 0.0 0.011280522 0.07874839 0.0 0.03884002 0.0 0.0 0.054417398 0.015862318 0.0 0.0 0.0 0.0 0.0 0.0 0.0 0.0 0.0 0.0 0.0 0.020701196 0.0 0.055115186 0.1813658 0.012349579 0.0 0.0 0.0 0.019541573 0.03512569 0.06553609 0.0 0.0 0.0 0.0 0.01069815 0.0 0.009958286 0.0074255983 0.051960528 0.020135736 0.0 0.0 0.0 0.0 0.0 0.023606367 0.0 0.020496314 0.0 0.1365545
0.055788495 0.0 0.0 0.0 0.0 0.0 0.0057338136 0.0 0.0 0.0 0.0 0.0 0.008110127 0.012607381 0.0 0.0 0.0 0.0 0.0 0.0 0.0 0.009545618 0.0 0.0 0.0 0.058587916 0.0018661604 0.0 0.0 0.0 0.0 0.0 0.0576897 0.035125695 0.12045609 0.046035334 0.0 0.04275439 0.0 0.046713307 0.017273 0.07739939 0.029282667 0.038904298 0.06743479 0.0 0.0016258853 0.0 0.0 0.016376285 0.0 0.016640011 0.0 0.0067896857 0.0 0.21162656
0.09719803 0.0 0.0 0.0 0.0 0.0 0.039140593 0.042232905 0.0 0.101791404 0.0 0.033021808 0.010374326 0.0 0.033652112 0.0 0.048395444 0.0 0.0 0.0068192263 0.0 0.0 0.0117664095 0.012274819 0.0 0.0 0.0 0.050578758 0.030110428 0.0 0.0 0.0 0.0 0.06553609 0.046035334 0.0 0.0 0.0 0.055132333 0.0 0.0 0.021286162 0.0 0.0700946 0.02892877 0.0 0.0072270506 0.0 0.017383056 0.021453926 0.0 0.029980304 0.0 0.0 0.0 0.05681141
0.010402978 0.0 0.0 0.0 0.0 0.03197636 0.0 0.0 0.0 0.03712313 0.054162357 0.0 0.0 0.0 0.0083749145 0.04355267 0.0 0.079152204 0.0 0.053103942 0.009910853 0.16300048 0.0070070233 0.0 0.009596402 0.0051419516 0.03943501 0.0 0.0 0.0 0.065315224 0.0 0.14750096 0.0 0.0 0.0 0.0 0.0913779 0.031086152 0.024731249 0.0 0.015266429 0.007585896 0.0052624187 0.08005302 0.04271301 0.0 0.0 0.005517455 0.0 0.0 0.028650593 0.0 0.0 0.04276626 0.0
0.15786825 0.0 0.0 0.0 0.0 0.019537557 0.0 0.0065242862 0.0 0.0 0.0 0.0 0.0 0.04359694 0.0 0.0 0.0 0.0 0.0 0.016672133 0.0 0.0 0.018766241 0.0 0.0 0.0 0.0 0.042067617 0.009838621 0.0 0.0 0.0 0.0 0.0 0.04275439 0.0 0.09137789 0.0 0.0 0.0 0.061317183 0.0 0.0 0.0 0.09790619 0.0 0.0021816576 0.0 0.0 0.025968743 0.0 0.02742472 0.0 0.0 0.032762494 0.07880059
0.0 0.0 0.0 0.056821737 0.023786176 0.025172643 0.0 0.0 0.0 0.0 0.023435712 0.0 0.040138815 0.02200817 0.0 0.1177106 0.0 0.0 0.07962539 0.017782798 0.035501655 0.0 0.04429599 0.0 0.0 0.0 0.024189392 0.008974779 0.0 0.027093548 0.05481152 0.039560612 0.0034236547 0.0 0.0 0.055132333 0.031086152 0.0 0.027620547 0.03509412 0.040586043 0.019755237 0.0 0.0027370844 0.0 0.0077158716 0.0118133 0.0 0.029507719 0.0 0.07889889 0.011177833 0.012038944 0.05824605 0.0103652775 0.0
0.03133303 0.0 0.0 0.0 0.0 0.0 0.019854415 0.11204837 0.0 0.19375281 0.0 0.0 0.0 0.0 0.0051184287 0.0 0.0 0.0 0.01049182 0.0 0.0 0.0 0.015970975 0.015922202 0.0 0.0 0.018394733 0.043935034 0.0139554 0.0 0.0 0.0 0.021803575 0.0 0.046713307 0.0 0.02473125 0.0 0.035094123 0.0 0.0028571312 0.0010745873 0.0 0.0 0.15855391 0.012924698 0.015564994 0.03702912 0.0069459076 0.041717827 0.0013304227 0.0 0.0 0.0 0.0 0.023357872
0.0 0.0 0.0 0.055283472 0.0 0.0 0.0 0.0 0.0 0.0 0.0 0.0 0.0 0.0 0.05563808 0.006213788 0.031279836 0.0 0.022053428 0.015471397 0.02161822 0.0 0.08396593 0.017392715 0.031360023 0.0 0.13352004 0.031714465 0.0 0.0 0.01035502 0.0 0.04607543 0.01069815 0.017273 0.0 0.0 0.06131718 0.040586043 0.0028571312 0.0 0.0 0.0 0.0 0.0 0.08738608 0.0 0.054894805 0.11623609 0.0845401 0.0 0.0 0.0 0.0 0.011701654 0.0
0.1351358 0.0 0.0 0.0 0.0 0.004279189 0.04310459 0.07525656 0.018272093 0.07833331 0.0010364979 0.013530839 0.003734565 0.0 0.004368474 0.0 0.009225382 0.009275807 0.0 0.016731476 0.0 0.0 0.018357119 0.028258396 0.0 0.0 0.022063319 0.055595346 0.011574246 0.0 0.0 0.009291146 0.084960975 0.0 0.07739938 0.021286162 0.015266429 0.0 0.019755237 0.0010745873 0.0 0.0 0.0 0.0 0.02741158 0.0 0.029651074 0.0 0.0075568752 0.043888718 0.020327104 0.0 0.0 0.0 0.0 0.042182267
0.05529058 0.013928138 0.0 0.015396881 0.0 0.0 0.17270067 0.0 0.0 0.020419776 0.043234553 0.0 0.0 0.0 0.08982084 0.0 0.018710794 0.019181063 0.07956675 0.016349556 0.0 0.011460065 0.037570875 0.027122783 0.0 0.0 0.028676327 0.0 0.024582844 0.0 0.0 0.0 0.027420748 0.009958286 0.029282667 0.0 0.007585896 0.0 0.0 0.0 0.0 0.0 0.0 0.0 0.0 0.0 0.006024136 0.00887569 0.0 0.060069952 0.0 0.0 0.008907227 0.0 0.0 0.026084343
0.0 0.0 0.0 0.100212835 0.012671891 0.0 0.0071490165 0.0 0.0 9.22259e-09 0.12491985 0.0 0.0016526238 0.0 0.016476106 0.020526784 0.0 0.04528934 0.03707459 0.003143112 0.038752478 0.0 0.052613325 0.029461497 0.013853574 0.0023355985 0.07504073 0.022030005 0.0 0.005801455 0.0 0.0 0.09552633 0.0074255983 0.0389043 0.0700946 0.0052624187 0.0 0.0027370844 0.0 0.0 0.0 0.0 0.0 0.0 0.0 0.0 0.0 0.055503625 0.0 0.0052345837 0.013398866 0.01748176 0.0 0.0 0.0
0.0046559996 0.0 0.0 0.0 0.0 0.0 0.0 0.0 0.0 0.048649285 0.0 0.0 0.0 0.0062176962 0.0 0.067478575 0.005813661 0.0027867903 0.0 0.010562447 0.0 0.026444191 0.0 0.0 0.0 0.11846923 0.0 0.0 0.0 0.0 0.101622425 0.0 0.0 0.051960528 0.067434795 0.028928772 0.08005301 0.09790618 0.0 0.15855391 0.0 0.02741158 0.0 0.0 0.07977578 0.01569923 0.0 0.0013051032 0.0 0.019408677 0.0 0.0044163684 0.0 0.030582419 0.092273235 0.0
0.0 0.0 0.0 0.0 0.04001652 0.0 0.028236602 0.004665918 0.0 0.0525652 0.069837146 0.0 0.0197806 0.015730575 0.0 0.0 0.0 0.0052916133 0.034390133 0.062489226 0.0 0.0 0.0 0.049419455 0.0 0.0 0.0 0.0 0.0 0.0 0.0 0.025578275 0.0 0.020135736 0.0 0.0 0.042713013 0.0 0.0077158716 0.012924697 0.08738607 0.0 0.0 0.0 0.01569923 0.0077249757 0.0 0.052521814 0.0 0.021750968 0.0 0.1419645 0.0 0.01905334 0.035409953 0.0
0.029701771 0.0 0.0 0.01790264 0.0 0.054100133 0.07897868 0.10983853 0.044389706 0.0 0.011492447 0.0 0.0 0.0 0.02875289 0.0 0.0 0.0 0.006131854 0.0 0.00841565 0.0 0.0 0.07936306 0.0 0.0 0.0 0.10903568 0.017755745 0.0004045328 0.00267543 0.025331754 0.0 0.0 0.0016258854 0.0072270506 0.0 0.0021816574 0.0118133 0.015564994 0.0 0.029651072 0.006024136 0.0 0.0 0.0 0.0 0.0 0.0 0.050038405 0.054246623 0.06535082 0.0 0.0 0.0 0.0
0.0 0.049744263 0.0 0.18292674 0.0 0.012255068 0.0 0.004007167 0.0 0.02206555 0.051183954 0.03333662 0.0 0.0 0.0683745 0.009735933 0.0 0.0 0.01603335 0.0016937642 0.016515432 0.0 0.014776467 0.0058738366 0.0 0.0 0.06459962 0.005076783 0.0 0.0 0.1286227 0.0 0.0 0.0 0.0 0.0 0.0 0.0 0.0 0.037029125 0.0548948 0.0 0.00887569 0.0 0.0013051031 0.052521814 0.0 0.0 0.025244411 0.005640501 0.09343884 0.07057178 0.0 0.0 0.05320351 0.0
0.0 0.025427459 0.0 0.02035242 0.0020332702 0.0 0.0 0.0 0.0 0.0 0.010755162 0.0 0.051869094 0.098504364 0.0 0.012506559 0.0 0.0 0.0 0.058359012 0.05537915 0.0 0.0798031 0.0 0.0 0.0 0.021684552 0.055875994 0.0 0.0 0.020239579 0.066848874 0.0 0.0 0.0 0.017383056 0.005517455 0.0 0.02950772 0.0069459076 0.11623608 0.007556875 0.0 0.055503625 0.0 0.0 0.0 0.025244413 0.0 0.0 0.070274115 0.0 0.0 0.0 0.0 0.0
0.0 0.0 0.0 0.0 0.0 0.0 0.008234219 0.0 0.0 0.024709182 0.0 0.028334165 0.0 0.07040067 0.0 0.029067859 0.0 0.0 0.0 0.0 0.0 0.007688934 0.012459507 0.0 0.0 0.15141916 0.0 0.00856006 0.0 0.0 0.0 0.0 0.0 0.0 0.016376285 0.021453928 0.0 0.025968743 0.0 0.041717827 0.0845401 0.043888714 0.060069952 0.0 0.019408677 0.021750966 0.050038405 0.0056405016 0.0 0.0 0.0268016 0.0 0.0 0.17548321 0.05885521 0.0
0.0 0.036139436 0.044266414 0.0 0.060330853 0.0 0.0 0.0 0.0 0.018149018 0.0 0.0848477 0.0024844694 0.0 0.0 0.007855098 0.0 0.0 0.0 0.039032742 0.02809638 0.0 0.010627961 0.0 0.0 0.10484537 0.0 0.0 0.0 0.124315314 0.004774852 0.0 0.047050666 0.0 0.0 0.0 0.0 0.0 0.078898884 0.0013304227 0.0 0.020327104 0.0 0.005234584 0.0 0.0 0.05424662 0.09343885 0.07027411 0.0268016 0.024169413 0.0 0.105473824 0.024488626 0.028434325 0.006964438
0.0 0.13132995 0.0 0.0 0.0 0.0 0.0034496668 0.0 0.059574667 0.0 0.011078854 0.059266638 0.0 0.0 0.053660408 0.0 0.06896981 0.0046964074 0.0454649 0.013997895 0.0 0.0 0.0 0.0 0.04189422 0.031229196 0.02341118 0.0 0.0 0.06028907 0.0015330353 0.024270887 0.042065196 0.023606367 0.01664001 0.029980304 0.028650591 0.02742472 0.011177833 0.0 0.0 0.0 0.0 0.013398867 0.004416369 0.14196451 0.06535082 0.07057179 0.0 0.0 0.0 0.0 0.035985935 0.0 0.0 0.022484807
0.0 0.0 0.0015228967 0.0 0.0 0.0024163835 0.0 0.004672786 0.0 0.0 0.0 0.0 0.103414625 0.22356729 0.0 0.039717805 0.0 0.008179432 0.0 0.0 0.032045174 0.0 0.09732579 0.12655754 0.0 0.015550173 0.0 0.0 0.0 0.0 0.0 0.0 0.0 0.0 0.0 0.0 0.0 0.0 0.012038944 0.0 0.0 0.0 0.008907227 0.01748176 0.0 0.0 0.0 0.0 0.0 0.0 0.105473824 0.035985935 0.0 0.023556871 0.0 0.0
0.0 0.013699439 0.0 0.0 0.015524068 0.0 0.0049153017 0.005536831 0.06642829 0.0 0.0 0.07015266 0.0 0.0 0.03260498 0.0 0.033791494 0.0 0.0 0.0 0.0 0.0 0.033080325 0.0 0.0051061125 0.028855538 0.02964215 0.052286047 0.00613264 0.01267903 0.0 0.0 0.024263049 0.020496314 0.006789685 0.0 0.0 0.0 0.05824605 0.0 0.0 0.0 0.0 0.0 0.03058242 0.01905334 0.0 0.0 0.0 0.17548321 0.024488626 0.0 0.023556871 0.03719397 0.0 0.05887763
0.0 0.03412299 0.0112205 0.036486987 0.048271988 0.015935687 0.0 0.0 0.0 0.0 0.0 0.018249946 0.0 0.0 0.064342976 0.01864113 0.0 0.0013532107 0.0 0.0 0.0 0.0 0.0 0.004521445 0.0 0.1091455 0.0 0.0 0.0 0.027053388 0.02348646 0.0 0.053941086 0.0 0.0 0.0 0.04276626 0.032762494 0.0103652775 0.0 0.011701654 0.0 0.0 0.0 0.092273235 0.035409953 0.0 0.053203512 0.0 0.05885521 0.028434325 0.0 0.0 0.0 0.091794394 0.0
0.0 0.0 0.0 0.009122898 0.0 0.0 0.0 0.016530432 0.0552063 0.0 0.0 0.0 0.0 0.016365908 0.0 0.016287558 0.0 0.045939904 0.03382069 0.0 0.0 0.0 0.0 0.07893531 0.0 0.0028379855 0.045460723 0.0 0.0 0.0 0.0 0.0 0.03402053 0.13655448 0.21162656 0.056811415 0.0 0.07880059 0.0 0.023357872 0.0 0.042182267 0.026084341 0.0 0.0 0.0 0.0 0.0 0.0 0.0 0.0069644386 0.022484807 0.0 0.058877632 0.0 0.0
