0.0 0.0013621324 0.0 0.040114194 0.0 0.059429143 0.0 0.034743756 0.0 0.0 0.0 0.09982484 0.0 0.02920025 0.04038524 0.021570578 0.0 0.0 0.10733359 0.0029024305 0.0 0.032610137 0.0047893333 0.0 0.0 0.016515652 0.022252727 0.028050574 0.0 0.026830405 0.017208895 0.008427954 0.0054451744 0.0 0.0 0.0 0.0 0.078075975 0.0 0.09817776 0.0 0.0 0.089483716 0.006079514 0.002859472 0.10761736 0.0 0.0 0.0 0.0 0.05709643 0.0 0.0 0.015773086 0.0 0.0
0.0013621324 0.0 0.114176385 0.0 0.0 0.0 0.002005233 0.0 0.0 0.02546327 0.050343525 0.0 0.0 0.0 0.06725077 0.017710457 0.010738478 0.0029860712 0.0 0.0 0.12617438 0.09539245 0.05558399 0.0 0.011328832 0.0 0.0 0.0 0.0 0.046662357 0.0 0.0 0.0 0.0 0.016480334 0.02180176 0.0 0.001573501 0.017544124 0.0 0.0 0.012355176 0.0 0.0 0.042283427 0.0 0.0 0.012860949 0.015065362 0.01619952 0.0 0.062107597 0.024726814 0.013047949 0.0063959463 0.0
0.0 0.114176385 0.0 0.0 0.08241185 0.0 0.078292824 0.0 0.0 0.021605987 0.04684351 0.0 0.0 0.0035681988 0.08728471 0.0 0.009817543 0.03396647 0.0 0.0 0.0625665 0.05892359 0.0 0.0 0.012688513 0.0 0.012002487 0.0 0.0 0.010076246 0.0 0.0 0.023499405 0.073294 0.0 0.0018734726 0.0 0.00819776 0.0 0.0 0.0 0.024408093 0.0 0.004455786 0.0056544375 0.0 0.10336981 0.0 0.053057376 0.0 0.0 0.0 0.0 0.0 0.0 0.0
0.040114194 0.0 0.0 0.0 0.0 0.0 0.0 0.0 0.0 0.0 0.17185885 0.0 0.0 0.0 0.0 0.0 0.0 0.0 0.0 0.009094209 0.0 0.0 0.0 0.0686641 0.0 0.0 0.0 0.03866159 0.0 0.0 0.009573876 0.0 0.0396206 0.001498504 0.0024202801 0.101069376 0.012731089 0.0 0.040436804 0.004497432 0.04189436 0.0 0.012293137 0.0 0.0360187 0.0 0.0 0.072686195 0.0028830601 0.053433042 0.0 0.075743094 0.0 0.0 0.0 0.0
0.0 0.0 0.08241185 0.0 0.12209556 0.028435202 0.0 0.0 0.0589605 0.0 0.056140885 0.0 0.030139275 0.0 0.0 0.0 0.04706649 0.051752318 0.0 0.034283154 0.0 0.0 0.0 0.0 0.0 0.0 0.0 0.0 0.0 0.08129603 0.0 0.0 0.03620349 0.06500258 0.0 0.043689467 0.0 0.0 0.0 0.0011560929 0.04963293 0.06860622 0.010545699 0.025387421 0.0 0.0 0.052964184 0.028399102 0.07147404 0.0 0.0 0.003658821 0.01144083 0.0 0.0 0.0
0.059429146 0.0 0.0 0.0 0.0284352 0.0 0.0 0.033882063 0.0 0.021454025 0.014213407 0.024187028 0.018926654 0.008268405 0.0 0.0 0.0 0.0 0.0 0.0 0.0 0.0 0.05474626 0.0041413256 0.0 0.06959925 0.03740058 0.08117457 0.0 0.0 0.0 0.0 0.0038797632 0.0 0.0 0.0 0.0 0.06039389 0.0 0.052930906 0.12102759 0.0 0.008449609 0.0 0.00171016 0.0 0.0 0.0 0.0 0.055044897 0.03207056 0.022972966 0.0 0.027359761 0.039827596 0.012851081
0.0 0.002005233 0.078292824 0.0 0.0 0.0 0.0 0.0 0.0 0.0021938018 0.027603263 0.011884697 0.08505394 0.065585844 0.01641201 0.0 0.0 0.0 0.0 0.01683924 0.0 0.0 0.0 0.0 0.033609036 0.054833744 0.00040988822 0.026354624 0.010188701 0.07752227 0.00483903 0.0039045538 0.013220838 0.0599703 0.012788305 0.012245703 0.0 0.0 0.030495925 0.045905177 0.009595442 0.018242594 0.0 0.028629284 0.0 0.0 0.00074880663 0.0 0.0 0.0 0.0 0.0 0.0 0.056537263 0.03162915 0.030027889
0.034743756 0.0 0.0 0.0 0.0 0.033882063 0.0 0.06891731 0.0 0.11459825 0.0 0.07036238 0.02099262 0.012769814 0.008679155 0.10870339 0.0 0.0 0.0 0.022123357 0.0 0.0 0.021664208 0.035507645 0.018409254 0.0 0.0 0.046239488 0.012305896 0.0 0.0 0.0 0.0 0.0 0.043182638 0.0 0.13405086 0.010428914 0.021531649 0.0 0.0 0.019339077 0.0 0.023979569 0.026290901 0.007775298 0.0 0.0 0.0 0.023186754 0.052545767 0.022010636 0.0 0.0 0.07162311 0.0
0.0 0.0 0.0 0.0 0.058960505 0.0 0.0 0.0 0.008405109 0.066644035 0.14879285 0.0 0.02001256 0.0 0.0 0.0 0.0 0.06460655 0.08613837 0.037501153 0.0 0.0 0.0 0.029020505 0.0 0.0 0.0 0.021146163 0.0 0.0008699607 0.015014178 0.028882965 0.0 0.0 0.0 0.10097975 0.0 0.0 0.0 0.0 0.016138282 0.014925701 0.0 0.0 0.0 0.07763241 0.06479588 0.0 0.028559718 0.0 0.0 0.012032994 0.008934736 0.07900824 0.0 0.0
0.0 0.025463268 0.021605985 0.0 0.0 0.021454025 0.0021938018 0.11459826 0.066644035 0.13306434 0.0 0.0048325 0.0 0.0 0.0 0.0 0.0 0.0 0.031330556 0.021338277 0.01082135 0.037012406 0.0 0.0035203649 0.01840284 0.0060379435 0.053771768 0.0 0.0 0.006734541 0.010337994 0.04016345 0.012084059 0.0 0.031609572 0.0 0.0632625 0.065429844 0.011283022 0.0 0.0 0.0 0.0 0.0 0.018486861 0.11316641 0.0 0.0 0.0 0.04839886 0.0 0.0 0.045241375 0.0 0.021392977 0.0
0.0 0.050343525 0.046843506 0.17185886 0.05614088 0.014213407 0.027603263 0.0 0.14879285 0.0 0.07485036 0.0 0.08499494 0.0 0.0 0.0 0.0 0.0 0.0068520363 0.0 0.0180897 0.0 0.0074753957 0.065638565 0.0075952224 0.0 0.0021134266 0.0055537033 0.0 0.0 0.05313736 0.0074744644 0.035983894 0.0021176983 0.0 0.001403772 0.013491726 0.0 0.0070078834 0.022714855 0.033141647 0.0 0.04085642 0.0 0.0 0.0 0.006539453 0.018508438 0.032777898 0.0 0.0 0.0 0.0 0.0 0.021811849 0.0
0.09982484 0.0 0.0 0.0 0.0 0.024187028 0.011884698 0.07036238 0.0 0.0048325 0.0 0.0 0.017769897 0.05346503 0.037632477 0.0 0.0 0.040900275 0.0 0.0 0.0 0.0 0.032666463 0.0615942 0.0 0.053096287 0.06935935 0.042828243 0.0 0.0 0.0 0.0 0.042020183 0.0 0.13533393 0.027686292 0.0 0.0 0.0 0.016706815 0.045570083 0.0 0.0 0.0 0.019330822 0.0 0.0 0.0 0.0 0.0 0.0131695755 0.020794693 0.0 0.004988635 0.059847873 0.0
0.0 0.0 0.0 0.0 0.030139275 0.018926654 0.08505395 0.02099262 0.020012561 0.0 0.08499494 0.0177699 0.0 0.0023311244 0.019860093 0.04823883 0.0 0.0 0.0 0.0 0.0 0.0 0.0 0.019631268 0.014550646 0.0 0.0 0.0 0.0 0.0 0.0 0.0128777735 0.027785745 0.0870107 0.0015493598 0.1186655 0.0 0.029401004 0.030479405 0.0 0.0 0.00675338 0.0 0.0 0.050462767 0.0 0.0 0.017363394 0.0 0.0 0.0 0.0 0.0 0.062041298 0.0 0.037648458
0.029200248 0.0 0.0035681985 0.0 0.0 0.008268406 0.06558585 0.012769814 0.0 0.0 0.0 0.05346503 0.0023311246 0.11486685 0.043113813 0.0073593217 0.036249742 0.0 0.023567526 0.04917409 0.0121378545 0.0046898196 0.0 0.0 0.0 0.021320233 0.0 0.0 0.11037083 0.0 0.0 0.008391053 0.0 0.008722569 0.0031645189 0.0030068716 0.0 0.010590022 0.024241656 0.06725603 0.05532007 0.059256073 0.063051015 0.0331757 0.0 0.0 0.006315647 0.037631907 0.0 0.0 0.007566487 0.0 0.0 0.07127242 0.018666655 0.13790339
0.04038524 0.06725077 0.087284714 0.0 0.0 0.0 0.01641201 0.008679156 0.0 0.0 0.0 0.037632477 0.01986009 0.043113813 0.0886657 0.001464925 0.0 0.0 0.0 0.0 0.0 0.016025584 0.0 0.0 0.0 0.016612085 0.008192326 0.0 0.035691123 0.01714196 0.007427751 0.0 0.0 0.0072738356 0.0 0.0 0.018713463 0.0 0.0 0.020071335 0.036901984 0.11535713 0.029847456 0.025300475 0.0 0.0 0.0 0.0065435288 0.0 0.017309252 0.0 0.013321438 0.0034297109 0.15300088 0.0015312748 0.06782002
0.021570578 0.017710457 0.0 0.0 0.0 0.0 0.0 0.10870338 0.0 0.0 0.0 0.0 0.048238833 0.0073593217 0.001464925 0.0 0.0 0.0 0.0 0.0 0.0 0.007424028 0.0 0.1186526 0.0 0.022250617 0.0 0.009951575 2.265479e-06 0.0 0.0 0.0 0.0 0.0 0.0689404 0.0 0.072764255 0.0 0.0 0.041296795 0.07405573 0.0 0.0 0.0026554205 0.0 0.0 0.0 0.0 0.0 0.0 0.015132431 0.0942588 0.0 0.011308821 0.0 0.057618614
0.0 0.010738477 0.009817543 0.0 0.04706649 0.0 0.0 0.0 0.0 0.0 0.0 0.0 0.0 0.036249742 0.0 0.0 0.038544014 0.014102197 0.0 0.0 0.045740027 0.09796062 0.0 0.0 0.14076224 0.051296767 0.010033694 0.0 0.0022883876 0.101391345 0.0 0.0 0.078684755 0.079202145 0.0 0.04012106 0.0 0.0 0.0 0.0 0.0 0.0 0.0 0.0 0.0 0.0 0.0041277893 0.0 0.0 0.0 0.0 0.0 0.0 0.047618657 0.0 0.0
0.0 0.002986071 0.03396647 0.0 0.051752318 0.0 0.0 0.0 0.06460655 0.0 0.0 0.04090028 0.0 0.0 0.0 0.0 0.014102197 0.0 0.0 0.0 0.0 0.0 0.0 0.0 0.0 0.0 0.0 0.0 0.024106953 0.10274217 0.0 0.06695913 0.12356373 0.088694684 0.039465856 0.0022349597 0.0 0.0 0.0032993334 0.021633705 0.008832987 0.0 0.033833526 0.04259607 0.0 0.0267355 0.02344105 0.0 0.015279833 0.0 0.0 0.0 0.08337346 0.02694435 0.0 0.0
0.107333586 0.0 0.0 0.0 0.0 0.0 0.0 0.0 0.08613836 0.031330556 0.006852037 0.0 0.0 0.023567528 0.0 0.0 0.0 0.0 0.0 0.0 0.0 0.0 0.047659315 0.08326935 0.0 0.0 0.0 0.0 0.0 0.029890355 0.0 0.0 0.039909966 0.06610483 0.02509953 0.09345266 0.020958664 0.0 0.0 0.0 0.022759184 0.0 0.0 0.014050638 0.0 0.044522736 0.0 0.0 0.0 0.0 0.0051800557 0.0 0.0 0.0 0.0 0.0
0.0029024305 0.0 0.0 0.00909421 0.034283154 0.0 0.01683924 0.022123355 0.037501153 0.021338277 0.0 0.0 0.0 0.049174093 0.0 0.0 0.0 0.0 0.0 0.0 0.0 0.0 0.034137316 0.027136931 0.0 0.05607864 0.04631319 0.021560848 0.0 0.0 0.0 0.00078757 0.0 0.0 0.028807657 0.0036550853 0.010361737 0.0025326663 0.0 0.09378594 0.08766739 0.009281311 0.06539579 0.0 0.021105358 0.0 0.0017533484 0.053345267 0.0 0.0 0.05847142 0.0937346 0.0 0.036227956 0.010739675 0.0
0.0 0.12617438 0.0625665 0.0 0.0 0.0 0.0 0.0 0.0 0.010821351 0.0180897 0.0 0.0 0.012137854 0.0 0.0 0.045740027 0.0 0.0 0.0 0.060146324 0.11726192 0.039896365 0.0 0.013007908 0.05034912 0.0015474599 0.0 0.0 0.0 0.0 0.0 0.12103232 0.0 0.0 0.0 0.0 0.0017882843 0.025750615 0.003241167 0.0 0.0 0.0 0.06977512 0.0 0.0048423125 0.0 0.0381174 0.03830386 0.073019266 0.0 0.0 0.024300624 0.0 0.0 0.0
0.032610133 0.09539245 0.058923595 0.0 0.0 0.0 0.0 0.0 0.0 0.03701241 0.0 0.0 0.0 0.0046898196 0.016025584 0.007424028 0.09796061 0.0 0.0 0.0 0.11726191 0.02035794 0.008557516 0.0 0.031146934 0.12380476 0.067737006 0.028654002 0.061176647 0.008004327 0.0026759652 0.002802646 0.0025232707 0.022468878 0.008555042 0.0 0.0 0.0028223447 0.0 0.0066999155 0.0 0.0 0.0 0.0 0.04276261 0.0 0.028548876 0.0 0.011091355 0.03411078 0.0 0.0 0.0 0.023855748 0.0 0.025751697
0.0047893333 0.055583987 0.0 0.0 0.0 0.054746255 0.0 0.021664208 0.0 0.0 0.007475395 0.032666467 0.0 0.0 0.0 0.0 0.0 0.0 0.047659315 0.034137316 0.039896365 0.008557516 0.0 0.0 0.0 0.0 0.015907984 0.0 0.0 0.0 0.09338536 0.0 0.0 0.0 0.010903619 0.0 0.11986631 0.08100805 0.09814914 0.006643722 0.039121468 0.0 0.0 0.0 0.08732851 0.0 0.0 0.1067139 0.0 0.0 0.0 0.049793396 0.055728387 0.0 0.0 0.0033654235
0.0 0.0 0.0 0.06866409 0.0 0.0041413256 0.0 0.035507645 0.029020503 0.0035203649 0.065638565 0.061594196 0.019631267 0.0 0.0 0.118652605 0.0 0.0 0.08326934 0.027136935 0.0 0.0 0.0 0.0 0.0 0.0 0.01258549 0.066638455 0.0 0.0 0.14076042 0.0 0.0 0.0 0.0 0.0155047905 0.011863246 0.018452937 0.11478467 0.0 0.0 0.0037603914 0.0 0.0 0.0 0.021613933 0.0 0.023774877 0.0 0.013914081 0.09744507 0.015316223 0.0 0.0 0.054916132 0.0
0.0 0.011328832 0.012688513 0.0 0.0 0.0 0.033609036 0.018409256 0.0 0.01840284 0.007595223 0.0 0.014550646 0.0 0.0 0.0 0.14076224 0.0 0.0 0.0 0.013007909 0.031146936 0.0 0.0 0.116484895 0.0 0.019666143 0.0 0.0008428242 0.101569295 0.0 0.0006227901 0.07131677 0.085851416 0.0 0.069785915 0.0 0.0 0.0 0.0 0.0 0.0 0.0042856485 0.004057536 0.0 0.0 0.07751469 0.0 0.18384504 0.08021953 0.0 0.0 0.0 0.013435012 0.0 0.009917575
0.016515652 0.0 0.0 0.0 0.0 0.06959925 0.05483374 0.0 0.0 0.006037943 0.0 0.05309629 0.0 0.021320231 0.016612085 0.022250617 0.051296763 0.0 0.0 0.05607864 0.05034912 0.12380477 0.0 0.0 0.0 0.00509799 0.0021338975 0.0 0.0 0.011875764 0.04838494 0.0 0.0 0.0 0.034869503 0.0 0.010306213 0.0 0.042110566 0.0 0.0 0.0 0.044570845 0.05121815 0.0 5.1827406e-05 0.014250625 0.02261515 0.0 0.09195701 0.0 0.0 0.05213404 0.024194237 0.0 0.076039985
0.02225273 0.0 0.012002487 0.0 0.0 0.03740058 0.00040988822 0.0 0.0 0.053771764 0.0021134263 0.06935935 0.0 0.0 0.008192326 0.0 0.010033695 0.0 0.0 0.04631319 0.0015474599 0.067737006 0.015907984 0.01258549 0.019666145 0.0021338973 0.0 0.0 0.0 0.026544912 0.0 0.0 0.015450157 0.0 0.015503271 0.0 0.09814167 0.038035523 0.050630108 0.0 0.011540695 0.0 0.0 0.027469037 0.10819767 0.0 0.0 0.030294046 0.002656183 0.15707345 0.0 0.0 0.045130715 0.00042515734 0.0 0.0
0.028050572 0.0 0.0 0.03866159 0.0 0.08117457 0.026354622 0.046239484 0.021146161 0.0 0.0055537033 0.04282824 0.0 0.0 0.0 0.009951574 0.0 0.0 0.0 0.02156085 0.0 0.028654004 0.0 0.066638455 0.0 0.0 0.0 0.0 0.056977708 0.0 0.029505074 0.0 0.0 0.0 0.025596136 0.027734494 0.0 0.022149699 0.0 0.16837452 0.07245127 0.0 0.06780296 0.0155603085 0.0 0.0 0.0 0.024541734 0.0 0.0054667643 0.0 0.025722764 0.0 0.0023558082 0.013029104 0.027097648
0.0 0.0 0.0 0.0 0.0 0.0 0.0101887 0.012305896 0.0 0.0 0.0 0.0 0.0 0.11037082 0.035691123 2.2654788e-06 0.0022883876 0.024106953 0.0 0.0 0.0 0.061176647 0.0 0.0 0.0008428242 0.0 0.0 0.056977708 0.22010005 0.0 0.0 0.0 0.0 0.048682608 0.017216008 0.0 0.0 0.011693864 0.0 0.036522787 0.0 0.04503628 0.0 0.0 0.0 0.0 0.0 0.0 0.0 0.0037640235 0.0 0.0 0.0 0.0 0.0 0.15193598
0.026830403 0.046662357 0.010076245 0.0 0.081296034 0.0 0.07752228 0.0 0.0008699607 0.006734541 0.0 0.0 0.0 0.0 0.017141959 0.0 0.101391345 0.10274218 0.029890355 0.0 0.0 0.008004327 0.0 0.0 0.101569295 0.011875764 0.026544912 0.0 0.0 0.0 0.0 0.0 0.036253322 0.0 0.0 0.034584932 0.0 0.004808962 0.0 0.0 0.00270698 0.024534464 0.0 0.0 0.0 0.06552618 0.08579541 0.0 0.0 0.0 0.0 0.0 0.0 0.042863008 0.0 0.0
0.017208895 0.0 0.0 0.009573876 0.0 0.0 0.00483903 0.0 0.015014177 0.010337994 0.05313736 0.0 0.0 0.0 0.007427751 0.0 0.0 0.0 0.0 0.0 0.0 0.0026759652 0.09338536 0.14076042 0.0 0.04838494 0.0 0.029505076 0.0 0.0 0.0 0.0 0.0 0.0 0.0 0.016820295 0.0 0.0 0.0 0.05506471 0.058898672 0.0 0.0 0.0 0.0 0.0 0.0 0.09065257 0.0 0.04152188 0.0734311 0.06860682 0.0062617618 0.07196443 0.0 0.0
0.008427954 0.0 0.0 0.0 0.0 0.0 0.0039045536 0.0 0.028882964 0.040163446 0.007474464 0.0 0.0128777735 0.008391053 0.0 0.0 0.0 0.06695913 0.0 0.00078757 0.0 0.002802646 0.0 0.0 0.00062279013 0.0 0.0 0.0 0.0 0.0 0.0 0.11208096 0.0 0.04455936 0.028789975 0.0597438 0.0 0.0 0.0 0.0 0.038884435 0.13634215 0.0033810919 0.048166357 0.0 0.03703158 0.056819294 0.0 0.04152395 0.0 0.0 0.0 0.11781095 0.036032964 0.0 0.0
0.0054451744 0.0 0.023499405 0.0396206 0.036203485 0.0038797634 0.013220838 0.0 0.0 0.012084059 0.035983898 0.042020183 0.027785745 0.0 0.0 0.0 0.078684755 0.12356373 0.039909963 0.0 0.12103232 0.0025232704 0.0 0.0 0.07131677 0.0 0.015450158 0.0 0.0 0.036253322 0.0 0.0 0.0 0.0 0.0 0.0 0.0 0.005071128 0.0 0.0 0.024578225 0.0 0.0 0.03369755 0.0 0.028874246 0.108091876 0.0 0.02815284 0.0060799536 0.0 0.0 0.06154963 0.0 0.0 0.0
0.0 0.0 0.07329399 0.001498504 0.06500258 0.0 0.059970304 0.0 0.0 0.0 0.0021176985 0.0 0.0870107 0.008722569 0.0072738356 0.0 0.07920215 0.08869469 0.06610482 0.0 0.0 0.022468878 0.0 0.0 0.085851416 0.0 0.0 0.0 0.048682608 0.0 0.0 0.04455936 0.0 0.041591268 0.0 0.015200236 0.0 0.022643235 0.0 0.0 0.0 0.06754611 0.0 0.035995435 0.0 0.0 0.017695973 0.0 0.02317581 0.008791386 0.0 0.0 0.042855047 0.011923039 0.0 0.09689923
0.0 0.016480334 0.0 0.0024202801 0.0 0.0 0.012788305 0.043182638 0.0 0.031609576 0.0 0.13533394 0.0015493596 0.0031645189 0.0 0.06894039 0.0 0.03946586 0.025099533 0.028807657 0.0 0.008555042 0.010903618 0.0 0.0 0.034869503 0.01550327 0.025596136 0.017216008 0.0 0.0 0.028789977 0.0 0.0 0.0 0.0076780366 0.0063459706 0.0 0.1005936 0.064119436 0.009457014 0.0092321485 0.008002259 0.047685277 0.045683328 0.062026694 0.0 0.0 0.0 0.0 0.08574363 0.0 0.006667708 0.0 0.009624077 0.024938157
0.0 0.021801759 0.0018734725 0.101069376 0.043689463 0.0 0.012245702 0.0 0.10097975 0.0 0.001403772 0.027686292 0.118665494 0.0030068718 0.0 0.0 0.04012106 0.0022349597 0.09345266 0.0036550853 0.0 0.0 0.0 0.0155047905 0.069785915 0.0 0.0 0.027734494 0.0 0.034584932 0.016820295 0.059743796 0.0 0.015200237 0.0076780366 0.0 0.0 0.0 0.0 0.0 0.0 0.12950832 0.05760999 0.0036225384 0.0 0.0067332336 0.0 0.05921059 0.056362037 0.0 0.0044687353 0.0 0.018767588 0.0067797313 0.0 0.0
0.0 0.0 0.0 0.012731089 0.0 0.0 0.0 0.13405085 0.0 0.0632625 0.013491726 0.0 0.0 0.0 0.018713463 0.07276426 0.0 0.0 0.020958666 0.010361736 0.0 0.0 0.119866304 0.011863246 0.0 0.010306213 0.09814167 0.0 0.0 0.0 0.0 0.0 0.0 0.0 0.006345971 0.0 0.0 0.03777171 0.0032366216 0.0 0.029697882 0.0 0.012731299 0.0 0.018466236 0.041875415 0.0 0.0 0.0 0.0 0.1408278 0.03538407 0.0 0.0 0.14373107 0.0
0.07807597 0.0015735012 0.008197761 0.0 0.0 0.06039389 0.0 0.010428913 0.0 0.065429844 0.0 0.0 0.029401002 0.010590022 0.0 0.0 0.0 0.0 0.0 0.0025326663 0.0017882843 0.0028223447 0.08100805 0.018452935 0.0 0.0 0.038035527 0.022149699 0.011693864 0.0048089623 0.0 0.0 0.005071128 0.022643235 0.0 0.0 0.03777171 0.0 0.04368055 0.001305186 0.017528286 0.0 0.0 0.092386395 0.0 0.010721725 0.0 0.01747389 0.0023330315 0.059948888 0.03647196 0.029910168 0.0 0.0 0.0042647575 0.0
0.0 0.017544124 0.0 0.040436804 0.0 0.0 0.030495923 0.021531649 0.0 0.011283022 0.007007883 0.0 0.030479403 0.024241656 0.0 0.0 0.0 0.0032993336 0.0 0.0 0.025750615 0.0 0.09814914 0.11478467 0.0 0.042110566 0.05063011 0.0 0.0 0.0 0.0 0.0 0.0 0.0 0.1005936 0.0 0.0032366216 0.043680552 0.0 0.013970217 0.033845283 0.0 0.026380893 0.0 0.028146947 0.0 0.0 0.0 0.008922851 0.0 0.033526495 0.08545256 0.0 0.02521733 0.08645623 0.0
0.09817776 0.0 0.0 0.004497432 0.0011560929 0.05293091 0.045905177 0.0 0.0 0.0 0.022714857 0.016706817 0.0 0.067256026 0.020071337 0.0412968 0.0 0.021633707 0.0 0.09378594 0.003241167 0.0066999155 0.0066437214 0.0 0.0 0.0 0.0 0.16837452 0.036522787 0.0 0.055064715 0.0 0.0 0.0 0.064119436 0.0 0.0 0.001305186 0.013970217 0.0 0.019916894 0.0 0.01502361 0.0 0.100288644 0.0 0.0 0.0 0.0 0.0 0.015570886 0.010328116 0.0 0.0 0.0 0.035105143
0.0 0.0 0.0 0.041894358 0.04963293 0.12102759 0.009595441 0.0 0.016138282 0.0 0.033141647 0.045570083 0.0 0.055320073 0.036901984 0.07405573 0.0 0.008832987 0.022759182 0.0876674 0.0 0.0 0.039121468 0.0 0.0 0.0 0.011540695 0.07245127 0.0 0.00270698 0.058898672 0.038884435 0.024578225 0.0 0.0094570145 0.0 0.02969788 0.017528286 0.033845283 0.019916894 0.0 0.0 0.0 0.0045564147 0.010995837 0.02096458 0.0 0.0025563305 0.02850657 0.0 0.06334828 0.023303963 0.0 0.0 0.040298313 0.0
0.0 0.012355177 0.024408093 0.0 0.06860622 0.0 0.018242592 0.019339075 0.014925702 0.0 0.0 0.0 0.00675338 0.05925607 0.11535713 0.0 0.0 0.0 0.0 0.009281311 0.0 0.0 0.0 0.0037603914 0.0 0.0 0.0 0.0 0.04503628 0.024534462 0.0 0.13634214 0.0 0.06754611 0.0092321485 0.12950832 0.0 0.0 0.0 0.0 0.0 0.0 0.0 0.0 0.0 0.0 0.027447393 0.0 0.030137734 0.0 0.0 0.0 0.0 0.0 0.0 0.026953042
0.089483716 0.0 0.0 0.012293138 0.010545699 0.008449609 0.0 0.0 0.0 0.0 0.040856425 0.0 0.0 0.06305102 0.029847456 0.0 0.0 0.033833526 0.0 0.06539579 0.0 0.0 0.0 0.0 0.0042856485 0.044570845 0.0 0.06780296 0.0 0.0 0.0 0.0033810919 0.0 0.0 0.008002259 0.05760999 0.012731299 0.0 0.026380893 0.015023609 0.0 0.0 0.0 0.00691094 0.05934206 0.0 0.0 0.0071979696 0.0 0.0 0.004664595 0.03253391 0.0 0.070382945 0.0 0.027169837
0.0060795145 0.0 0.004455786 0.0 0.025387421 0.0 0.028629284 0.02397957 0.0 0.0 0.0 0.0 0.0 0.0331757 0.025300473 0.0026554205 0.0 0.04259607 0.014050638 0.0 0.06977512 0.0 0.0 0.0 0.0040575364 0.05121815 0.027469037 0.0155603085 0.0 0.0 0.0 0.048166357 0.03369755 0.03599543 0.04768528 0.0036225382 0.0 0.092386395 0.0 0.0 0.004556415 0.0 0.0069109397 0.0 0.025943968 0.006766238 0.01971142 0.0 0.06911409 0.044644374 0.0 0.024669247 0.0 0.0 0.09551937 0.0
0.002859472 0.04228343 0.0056544375 0.0360187 0.0 0.00171016 0.0 0.026290905 0.0 0.018486863 0.0 0.019330822 0.050462767 0.0 0.0 0.0 0.0 0.0 0.0 0.021105358 0.0 0.042762607 0.08732851 0.0 0.0 0.0 0.10819766 0.0 0.0 0.0 0.0 0.0 0.0 0.0 0.045683328 0.0 0.018466238 0.0 0.028146949 0.100288644 0.010995837 0.0 0.05934206 0.025943968 0.092021324 0.012867756 0.0 0.0035714176 0.0 0.05062142 0.029728455 0.0 0.0 0.0 0.089406274 0.01850329
0.107617356 0.0 0.0 0.0 0.0 0.0 0.0 0.007775298 0.07763241 0.11316641 0.0 0.0 0.0 0.0 0.0 0.0 0.0 0.026735501 0.044522736 0.0 0.0048423125 0.0 0.0 0.021613933 0.0 5.1827406e-05 0.0 0.0 0.0 0.06552618 0.0 0.03703158 0.028874246 0.0 0.06202669 0.0067332336 0.04187541 0.010721725 0.0 0.0 0.020964578 0.0 0.0 0.006766238 0.012867755 0.093354575 0.041511416 0.0 0.04650754 0.016557844 0.0 0.03351929 0.0495159 0.0027296238 0.010065807 0.0
0.0 0.0 0.10336981 0.0 0.052964184 0.0 0.00074880663 0.0 0.06479588 0.0 0.006539453 0.0 0.0 0.006315647 0.0 0.0 0.0041277893 0.02344105 0.0 0.0017533485 0.0 0.028548876 0.0 0.0 0.07751469 0.014250624 0.0 0.0 0.0 0.08579541 0.0 0.056819294 0.108091876 0.017695973 0.0 0.0 0.0 0.0 0.0 0.0 0.0 0.027447393 0.0 0.019711422 0.0 0.04151142 0.034403834 0.0 0.08638432 0.0067118937 0.0 0.02823173 0.036029633 0.028179798 0.04089168 0.011038225
0.0 0.012860948 0.0 0.072686195 0.028399102 0.0 0.0 0.0 0.0 0.0 0.018508438 0.0 0.017363394 0.037631907 0.0065435288 0.0 0.0 0.0 0.0 0.053345267 0.0381174 0.0 0.106713906 0.023774877 0.0 0.022615148 0.030294046 0.024541734 0.0 0.0 0.09065257 0.0 0.0 0.0 0.0 0.059210595 0.0 0.01747389 0.0 0.0 0.0025563305 0.0 0.007197969 0.0 0.0035714176 0.0 0.0 0.121622324 0.013367069 0.0 0.11583223 0.04000097 0.0 0.02769999 0.031003792 0.0
0.0 0.015065363 0.053057376 0.0028830601 0.07147404 0.0 0.0 0.0 0.028559718 0.0 0.0327779 0.0 0.0 0.0 0.0 0.0 0.0 0.015279833 0.0 0.0 0.03830386 0.011091355 0.0 0.0 0.18384504 0.0 0.002656183 0.0 0.0 0.0 0.0 0.041523952 0.02815284 0.02317581 0.0 0.056362044 0.0 0.0023330317 0.008922851 0.0 0.02850657 0.030137734 0.0 0.06911409 0.0 0.046507545 0.08638432 0.013367068 0.0 0.0 0.0 0.004714413 0.08127761 0.0 0.0 0.0
0.0 0.01619952 0.0 0.053433042 0.0 0.0550449 0.0 0.023186754 0.0 0.04839886 0.0 0.0 0.0 0.0 0.017309252 0.0 0.0 0.0 0.0 0.0 0.073019266 0.034110785 0.0 0.01391408 0.08021953 0.09195701 0.15707345 0.0054667643 0.0037640235 0.0 0.04152188 0.0 0.0060799536 0.008791386 0.0 0.0 0.0 0.059948888 0.0 0.0 0.0 0.0 0.0 0.044644378 0.05062142 0.016557844 0.0067118937 0.0 0.0 0.0 0.0 0.0 0.0 0.0 0.0031592178 0.0
0.05709643 0.0 0.0 0.0 0.0 0.032070562 0.0 0.052545767 0.0 0.0 0.0 0.0131695755 0.0 0.0075664865 0.0 0.015132431 0.0 0.0 0.0051800557 0.05847142 0.0 0.0 0.0 0.09744506 0.0 0.0 0.0 0.0 0.0 0.0 0.0734311 0.0 0.0 0.0 0.08574363 0.0044687353 0.1408278 0.03647196 0.033526495 0.0155708855 0.06334828 0.0 0.0046645943 0.0 0.029728457 0.0 0.0 0.11583223 0.0 0.0 0.0467035 0.039169393 0.0 0.0 0.0232682 0.0
0.0 0.0621076 0.0 0.0757431 0.003658821 0.022972966 0.0 0.022010637 0.012032994 0.0 0.0 0.020794692 0.0 0.0 0.013321437 0.09425881 0.0 0.0 0.0 0.09373459 0.0 0.0 0.049793392 0.015316224 0.0 0.0 0.0 0.025722764 0.0 0.0 0.06860682 0.0 0.0 0.0 0.0 0.0 0.035384066 0.029910166 0.08545256 0.010328116 0.023303961 0.0 0.03253391 0.024669247 0.0 0.033519294 0.02823173 0.04000097 0.0047144126 0.0 0.039169397 0.0 0.09620284 0.0019208328 0.0 0.0
0.0 0.024726812 0.0 0.0 0.01144083 0.0 0.0 0.0 0.008934735 0.045241375 0.0 0.0 0.0 0.0 0.0034297109 0.0 0.0 0.08337346 0.0 0.0 0.024300624 0.0 0.055728387 0.0 0.0 0.05213404 0.04513072 0.0 0.0 0.0 0.0062617618 0.11781096 0.06154963 0.042855047 0.006667708 0.018767588 0.0 0.0 0.0 0.0 0.0 0.0 0.0 0.0 0.0 0.0495159 0.036029633 0.0 0.0812776 0.0 0.0 0.09620284 0.0 0.0 0.050207183 0.0
0.015773086 0.013047949 0.0 0.0 0.0 0.027359761 0.056537263 0.0 0.07900824 0.0 0.0 0.0049886354 0.0620413 0.07127242 0.15300088 0.011308821 0.047618657 0.026944352 0.0 0.036227956 0.0 0.023855748 0.0 0.0 0.013435012 0.024194235 0.00042515734 0.0023558082 0.0 0.04286301 0.07196443 0.036032964 0.0 0.011923039 0.0 0.0067797313 0.0 0.0 0.025217332 0.0 0.0 0.0 0.070382945 0.0 0.0 0.0027296236 0.0281798 0.027699986 0.0 0.0 0.0 0.0019208329 0.0 0.07727203 0.0 0.08157761
0.0 0.0063959463 0.0 0.0 0.0 0.0398276 0.03162915 0.07162312 0.0 0.021392975 0.02181185 0.059847876 0.0 0.018666655 0.0015312749 0.0 0.0 0.0 0.0 0.010739675 0.0 0.0 0.0 0.054916132 0.0 0.0 0.0 0.013029103 0.0 0.0 0.0 0.0 0.0 0.0 0.009624077 0.0 0.14373106 0.004264758 0.08645623 0.0 0.040298313 0.0 0.0 0.09551937 0.089406274 0.010065806 0.04089168 0.03100379 0.0 0.0031592175 0.023268202 0.0 0.050207186 0.0 0.0 0.0
0.0 0.0 0.0 0.0 0.0 0.012851081 0.030027889 0.0 0.0 0.0 0.0 0.0 0.037648458 0.13790339 0.06782002 0.057618618 0.0 0.0 0.0 0.0 0.0 0.025751697 0.0033654235 0.0 0.009917575 0.076039985 0.0 0.027097646 0.15193598 0.0 0.0 0.0 0.0 0.09689923 0.024938157 0.0 0.0 0.0 0.0 0.035105146 0.0 0.026953042 0.027169835 0.0 0.01850329 0.0 0.011038225 0.0 0.0 0.0 0.0 0.0 0.0 0.08157761 0.0 0.11694365
