0.0 0.0047826194 0.0 0.0 0.0 0.031075876 0.0 0.110653035 0.0 0.013936153 0.0031970262 0.00740964 0.06259167 0.032840367 0.0 0.0 0.0 0.0 0.0 0.0 0.0 0.0 0.0 0.009765738 0.0 0.0 0.0 0.0 0.0 0.023659922 0.0 0.0 0.0 0.017878242 0.100510925 0.010778023 0.0 0.0 0.0 0.0 0.06470793 0.0 0.15946564 0.0 0.0 0.0 0.0 0.0 0.0075854533 0.001316724 0.0008864062 0.05832759 0.0 0.0 0.0035893298 0.25938907
0.004782619 0.1155145 0.0016704507 0.05368967 0.10730554 0.0 0.0 0.012178181 0.08520087 0.0 0.05249582 0.0 0.0 0.015045562 0.009369742 0.0 0.0 0.050913613 0.0 0.0 0.0 0.0 0.041320194 0.0 0.0 0.040850952 0.0 0.0095275 0.0 0.0 0.03834865 0.037691094 0.004326675 0.0 0.012199747 0.027855668 0.0 0.035492565 0.0 0.016211415 0.0 0.0 0.0 0.053034954 0.0 0.01607244 0.0 0.0 0.0 0.0 0.04488546 0.0 0.0 0.0 0.008831488 0.0
0.0 0.0016704507 0.0 0.0 0.013251526 0.0 0.0 0.0 0.028308453 0.0 0.06956046 0.009821244 0.0 0.0 0.0 0.023263901 0.0 0.013253176 0.0 0.08396796 0.0 0.0 0.0 0.0023332273 0.0037155128 0.0 0.0 0.008392031 0.0 0.0 0.0829233 0.0 0.03980167 0.0 0.0 0.0 0.017706422 0.03904106 0.109518826 0.031587914 0.0 0.037129976 0.0 0.0 0.0 0.03987484 0.0 0.090082385 0.057540532 0.0 0.004179494 0.0 0.028146861 0.0 0.03514592 0.0
0.0 0.05368967 0.0 0.035794605 0.073514424 0.0 0.0 0.0 0.024795484 0.0 0.0 0.0 0.018839775 0.0 0.047494706 0.12874171 0.05644689 0.06623249 0.0 0.010698556 0.0 0.022541953 0.052879237 0.0 0.058140133 0.0 0.010484841 0.062866226 0.0 0.0043281065 0.02553353 0.024833651 0.03172443 0.0 0.0 0.0 0.040927924 0.02700928 0.0 0.07009081 0.0 0.03851501 0.0 0.0 0.0 0.014599718 0.0 0.0 0.0 0.0 0.038756825 0.0 0.0 0.011170567 0.0 0.0
0.0 0.10730554 0.013251526 0.073514424 0.016825521 0.0 0.0 0.0 0.07888582 0.0 0.068769634 0.0 0.012984324 0.029627273 0.0418063 0.012899879 0.011294954 0.049331523 0.0 0.0 0.017761994 0.0 0.004324312 0.0 0.06210053 0.0 0.0025590803 0.015343072 0.0 0.006576854 0.045333378 0.0 0.030569538 0.0 0.0 0.0 0.0 0.024405614 0.0 0.07748382 0.07902566 0.0 0.0 0.0 0.0 0.0 0.0 0.0 0.0 0.0 0.007694846 0.0 0.049969193 0.019391667 0.0058055427 0.0
0.031075876 0.0 0.0 0.0 0.0 0.0 0.0 0.1289621 0.0 0.024603114 0.0 0.0 0.0 0.039615568 0.010682816 0.0 0.0 0.0047857 0.0069005857 0.034493122 0.014852845 0.0 0.011520546 0.055591844 0.0 0.0 0.01028628 0.05444313 0.0 0.010134583 0.0034556664 0.0 0.06274215 0.0 0.08395086 0.0 0.071996965 0.0 0.005087729 0.018105065 0.02256067 0.0 0.0 0.0 0.1317195 0.0 0.0 0.04924964 0.0 0.016067818 0.003494252 0.07162976 0.0 0.0 0.021239925 0.0
0.0 0.0 0.0 0.0 0.0 0.0 0.0 0.0 0.054780353 0.0 0.081082456 0.039569523 0.0019048358 0.03424035 0.0 0.042466775 0.031855024 0.0 0.024136255 0.0 0.0 0.0 0.0 0.0 0.0 0.020807438 0.044925213 0.0 0.0 0.0 0.0 0.0 0.0 0.0 0.0 0.0 0.0 0.10697389 0.070811115 0.0 0.01754323 0.0 0.012183237 0.0 0.0 0.0106222015 0.0 0.0 0.055160005 0.009822079 0.0 0.0 0.009826385 0.0 0.057330303 0.0
0.11065303 0.012178181 0.0 0.0 0.0 0.12896208 0.0 0.0 0.0 0.1165869 0.0075024166 0.0 0.0 0.0 0.0 0.0 0.0 0.0 0.06714662 0.0 0.009271379 0.0 0.0 0.028128166 0.0 0.047824938 0.034070108 0.0 0.0 0.0 0.0 0.0 0.00573812 0.004914452 0.119005784 0.0 0.0 0.0 0.0 0.0 0.01405511 0.0 0.019655935 0.0 0.0 0.0 0.0 0.0 0.034585632 0.023523461 0.0 0.09568613 0.0 0.026359145 0.101341814 0.032320566
0.0 0.085200876 0.028308453 0.024795484 0.07888582 0.0 0.054780357 0.0 0.09661353 0.004068185 0.088311754 0.0 0.0 0.0 0.0 0.03968476 0.0 0.036079973 0.0 0.0 0.016896749 0.045842938 0.0 0.0 0.007912877 0.017409474 0.027261887 0.013264783 0.07306415 0.0 0.0 0.0 0.0 0.02876518 0.0 0.0 0.025114892 0.041195814 0.0 0.07065095 0.0 0.10039997 0.0 0.0 0.0 0.0 0.009239343 0.0 0.0 0.0 0.0 0.0 0.00882629 0.092765614 0.0 0.0
0.013936153 0.0 0.0 0.0 0.0 0.024603114 0.0 0.1165869 0.0040681856 0.062335446 0.0 0.014155103 0.041267645 0.0 0.0 0.0 0.0 0.0 0.08492339 0.0 0.080500506 0.0 0.0 0.07530177 0.0 0.0 0.0 0.0 0.051134516 0.0 0.0 0.005590659 0.0 0.05184032 0.08885539 0.059116427 0.0 0.0 0.0 0.0 0.050193965 0.0 0.04507022 0.0 0.0040034726 0.0 0.06156068 0.0 0.034080938 0.03757484 0.0 0.12517215 0.0 0.0 0.021788634 0.03952815
0.0031970262 0.052495815 0.06956046 0.0 0.068769634 0.0 0.08108245 0.0075024166 0.088311754 0.0 0.0056445934 0.0 0.0 0.0026674434 0.0 0.0 0.024652397 0.043599486 0.0 0.0 0.00622638 0.08212717 0.0029275008 0.0 0.03829374 0.0 0.0 0.0 0.029087111 0.0076733422 0.0 0.06694757 0.034077857 0.051195655 0.0 0.020137288 0.0004005104 0.0068260813 0.0 0.028713252 0.0 0.041714434 0.080230795 0.05733331 0.0 0.039600268 0.074631795 0.0 0.0 0.0 0.0 0.0 0.030234171 0.017365022 0.0 0.014296981
0.00740964 0.0 0.009821243 0.0 0.0 0.0 0.039569527 0.0 0.0 0.014155102 0.0 0.0 0.0 0.0009664945 0.01690162 0.0 0.021384308 0.0 0.0 0.10158756 0.0 0.0 0.08459848 0.053314183 0.0 0.056722734 0.0 0.004472421 0.0 0.0 0.0090978835 0.0 0.021152027 0.0 0.001292894 0.0 0.050744154 0.0 0.07400087 0.007118293 0.03387163 0.0 0.0 0.0 0.07874158 0.035083458 0.0 0.066722214 0.0 0.0 0.0 0.0 0.0 0.0 0.03664093 0.0
0.06259167 0.0 0.0 0.018839775 0.012984324 0.0 0.0019048358 0.0 0.0 0.04126764 0.0 0.0 0.0 0.083168134 0.0 0.0 0.0 0.0 0.0 0.0 0.0 0.024444742 0.017041968 0.0 0.0 0.0 0.0 0.0 0.15364487 0.0 0.023940882 0.0 0.0 0.041398495 0.0051402673 0.0 0.13359226 0.023354897 0.0 0.0 0.0 0.024464909 0.0 0.025403952 0.1472757 0.0 0.005071729 0.0 0.0 0.0 0.0 0.0 0.0 0.017604882 0.008762496 0.0
0.032840367 0.015045562 0.0 0.0 0.029627273 0.039615568 0.03424035 0.0 0.0 0.0 0.0026674431 0.0009664945 0.083168134 0.13700025 0.0 0.0 0.0 0.008300083 0.0 0.0 0.0 0.0 0.0 0.0 0.018712228 0.069443315 0.059898715 0.0 0.09156913 0.0 0.014560645 0.0 0.0 0.08221973 0.04761552 0.0 0.0 0.037172437 0.0 0.06229423 0.0043806387 0.079562075 0.0 0.019365713 0.0 0.0 0.02412766 0.0 0.0 0.0 0.019038344 0.011566474 0.0 0.11715031 0.0 0.04255715
0.0 0.009369742 0.0 0.047494706 0.0418063 0.010682815 0.0 0.0 0.0 0.0 0.0 0.01690162 0.0 0.0 0.013975722 0.0 0.069127314 0.0353278 0.030872785 0.028470568 0.042455047 0.0 0.012847675 0.0 0.062243383 0.0 0.021377927 0.0 0.011671821 0.10878435 0.018263085 0.09660119 0.06113354 0.0 0.0 0.0 0.0 0.0 0.0582597 0.029068625 0.0 0.0077750147 0.0 0.037897818 0.0 0.0 0.0 0.0 0.032546688 0.028351683 0.0 0.0 0.056217916 0.0 0.0 0.0
0.0 0.0 0.023263901 0.12874171 0.012899879 0.0 0.042466775 0.0 0.03968476 0.0 0.0 0.0 0.0 0.0 0.0 0.0 0.0 0.10300636 0.051696368 0.0 0.057194933 0.009943044 0.019236784 0.044823874 0.0 0.0 0.027224056 0.0 0.0 0.0 0.027762245 0.10030033 0.06290284 0.0 0.0053652884 0.0 0.0 0.012666645 0.032343075 0.005449792 0.0 0.0 0.0 0.0 0.01237385 0.04641159 0.0 0.0 0.0 0.0 0.0 0.038533434 0.0 0.0 0.0 0.0
0.0 0.0 0.0 0.056446888 0.011294954 0.0 0.031855024 0.0 0.0 0.0 0.0246524 0.021384308 0.0 0.0 0.069127314 0.0 0.1250938 0.0 0.0 0.061864268 0.0 0.0 0.05266677 0.0 0.0 0.0013842272 0.0032151365 0.0060063745 0.0 0.0 0.09421206 0.0 0.01566514 0.0 0.0 0.0 0.066843934 0.0 0.0062623224 0.0 0.0 0.0 0.0 0.009719425 0.029978985 0.035886247 0.0 0.048115566 0.0 0.0 0.0 0.009802493 0.013830534 0.0795051 0.0 0.0
0.0 0.05091361 0.013253177 0.06623249 0.049331527 0.0047857 0.0 0.0 0.036079973 0.0 0.043599486 0.0 0.0 0.008300083 0.035327796 0.10300636 0.0 0.0 0.030957773 0.0 0.0036555692 0.0 0.045796074 0.005177811 0.008607323 0.029832846 0.044921815 0.009314035 0.0 0.0 0.056376696 0.026821963 0.09996594 0.0 0.0 0.043260876 0.0 0.06501183 0.05580002 0.01338822 0.0 0.0 0.0 0.012589203 0.0 0.0 0.0 0.019400833 0.05860723 0.01592091 0.0 0.0 0.0495695 0.0 0.029426878 0.0
0.0 0.0 0.0 0.0 0.0 0.006900586 0.024136256 0.06714663 0.0 0.08492339 0.0 0.0 0.0 0.0 0.030872783 0.051696368 0.0 0.030957773 0.021713778 0.0 0.0 0.025316378 0.04724598 0.013570592 0.0 0.0 0.008202726 0.04261627 0.0 0.0 0.013982358 0.0 0.017101092 0.0 0.053085875 0.005261085 0.13452704 0.0 0.0 0.021346511 0.0 0.0 0.0 0.0 0.05367483 0.0 0.0 0.0 0.0 0.036616918 0.0 0.0 0.0 0.030767158 0.03400927 0.0
0.0 0.0 0.083967954 0.010698556 0.0 0.034493122 0.0 0.0 0.0 0.0 0.0 0.101587564 0.0 0.0 0.028470568 0.0 0.06186427 0.0 0.0 0.0 0.011333411 0.031149065 0.0047436305 0.0 0.080922514 0.0 0.013943063 0.0 0.053968254 0.055471573 0.0 0.0 0.061818197 0.0 0.0 0.0 0.0 0.0 0.108694516 0.0 0.0 0.0 0.0 0.026026685 0.0 0.0027524724 0.0 0.017250704 0.08880633 0.064079806 0.0 0.002010081 0.15026733 0.0 0.0 0.07376741
0.0 0.0 0.0 0.0 0.017761994 0.014852845 0.0 0.009271379 0.016896749 0.080500506 0.00622638 0.0 0.0 0.0 0.042455044 0.057194933 0.0 0.0036555696 0.0 0.011333411 0.0 0.0 0.06462682 0.09980518 0.0 0.0 0.0 0.011964389 0.007951249 0.0 0.022187077 0.0 0.011181987 0.0 0.028432487 0.05950162 0.07983862 0.0107922405 0.0 0.0 0.0 0.0 0.0 0.0 0.025660893 0.0 0.0 0.083669476 0.006587029 0.0 0.040218662 0.050530348 0.0 0.0 0.009091002 0.0
0.0 0.0 0.0 0.022541953 0.0 0.0 0.0 0.0 0.045842934 0.0 0.08212716 0.0 0.024444742 0.0 0.0 0.009943044 0.0 0.0 0.025316378 0.031149065 0.0 0.0 0.09968048 0.08731313 0.023294047 0.010575082 0.0 0.0 0.0 0.0 0.049341172 0.0 0.0 0.0 0.0 0.0 0.0061315526 0.0 0.015014565 0.0 0.0 0.0 0.03897778 0.02059077 0.029154526 0.05741349 0.0 0.015960502 0.0 0.0 0.0 0.011403152 0.0 0.0 0.033824664 0.0
0.0 0.041320194 0.0 0.052879237 0.004324312 0.011520546 0.0 0.0 0.0 0.0 0.0029275008 0.08459848 0.017041968 0.0 0.012847676 0.019236784 0.05266677 0.045796078 0.04724598 0.004743631 0.06462682 0.099680476 0.0 0.0 0.017882932 0.013573724 0.056902017 0.0 0.02356143 0.050286975 0.024628686 0.08883552 0.017500663 0.0 0.0 0.0 0.0 0.068499364 0.027664164 0.0 0.0 0.052548707 0.018023001 0.07327762 0.040223733 0.012168623 0.026421264 0.0 0.0018913116 0.0 0.0 0.0 0.026678149 0.047654536 0.0 0.002300659
0.009765738 0.0 0.0023332273 0.0 0.0 0.055591844 0.0 0.028128166 0.0 0.07530177 0.0 0.05331418 0.0 0.0 0.0 0.044823874 0.0 0.005177811 0.013570592 0.0 0.09980518 0.08731314 0.0 0.0 0.067031294 0.0051380657 0.0634556 0.0 0.05131448 0.03540582 0.0 0.0 0.017901327 0.11283762 0.0162728 0.0 0.0 0.0012799741 0.0 0.0 0.0021590563 0.0 0.0 0.007429615 0.033678614 0.0137827145 0.024176255 0.0 0.0 0.10690538 0.0 0.0 0.004545137 0.058438648 0.0 0.013897606
0.0 0.0 0.0037155128 0.058140133 0.06210053 0.0 0.0 0.0 0.007912878 0.0 0.03829374 0.0 0.0 0.018712226 0.06224338 0.0 0.0 0.008607323 0.0 0.080922514 0.0 0.023294048 0.017882934 0.0670313 0.0 0.0 0.0 0.06511581 0.0 0.0 0.06359528 0.0 0.0 0.0 0.0 0.0 0.079844594 0.024679948 0.0 0.0 0.017598737 0.05368025 0.0 0.0 0.0641188 0.018488118 0.0 0.07882479 0.0 0.0 0.0 0.0 0.0 0.010272159 0.0 0.0
0.0 0.040850952 0.0 0.0 0.0 0.0 0.020807438 0.047824934 0.017409476 0.0 0.0 0.056722738 0.0 0.06944332 0.0 0.0 0.0013842272 0.029832844 0.0 0.0 0.0 0.010575082 0.013573725 0.0051380657 0.0 0.0 0.123518504 0.0 0.0 0.0 0.028622346 0.0 0.0 0.018725613 0.0 0.05936491 0.0 0.0 0.0 0.025197491 0.0034460288 0.08309522 0.0 0.002242475 0.004974443 0.0050220215 0.1419152 0.0 0.0 0.0 0.0 0.0 0.0 0.060715858 0.012999424 0.0
0.0 0.0 0.0 0.010484841 0.0025590803 0.01028628 0.044925213 0.034070108 0.027261887 0.0 0.0 0.0 0.0 0.059898715 0.021377927 0.027224056 0.0032151365 0.04492182 0.008202726 0.013943063 0.0 0.0 0.056902014 0.0634556 0.0 0.12351851 0.0 0.076311484 0.0 0.0 0.037622903 0.0 0.020609034 0.0 0.01708789 0.008458213 0.0 0.0 0.0 0.0 0.012672771 0.03079528 0.0048788153 0.0022693234 0.0 0.0 0.0 0.019820811 0.0 0.0 0.12811175 0.034496095 0.029523768 0.0 0.013176029 0.0
0.0 0.009527499 0.008392032 0.062866226 0.015343072 0.054443125 0.0 0.0 0.013264782 0.0 0.0 0.004472421 0.0 0.0 0.0 0.0 0.0060063745 0.009314036 0.042616267 0.0 0.01196439 0.0 0.0 0.0 0.06511581 0.0 0.07631149 0.0 0.0 0.0 0.09498625 0.12311467 0.0 0.0112851 0.0 0.0 0.0 0.009946721 0.0 0.0068177166 0.0 0.0 0.024774775 0.057053696 0.0 0.017575074 0.14357255 0.0 0.075666234 0.0 0.0 0.0 0.006456998 0.0 0.0 0.0
0.0 0.0 0.0 0.0 0.0 0.0 0.0 0.0 0.07306415 0.05113452 0.029087111 0.0 0.15364487 0.09156913 0.011671821 0.0 0.0 0.0 0.0 0.05396825 0.007951249 0.0 0.02356143 0.051314484 0.0 0.0 0.0 0.0 0.006084146 0.0 0.0 0.0 0.0 0.014768184 0.0036132266 0.12506413 0.0 0.0 0.0 0.0 0.05986066 0.0 0.039527375 0.0 0.0 0.0 0.050374854 0.0046909717 0.0141810095 0.0 0.0 0.0862522 0.006087466 0.0 0.0 0.0
0.023659922 0.0 0.0 0.004328107 0.0065768543 0.010134583 0.0 0.0 0.0 0.0 0.0076733422 0.0 0.0 0.0 0.10878435 0.0 0.0 0.0 0.0 0.055471573 0.0 0.0 0.05028697 0.035405822 0.0 0.0 0.0 0.0 0.0 0.0 0.0 0.0 0.0 0.0 0.06103653 0.0 0.07199269 0.046039607 0.027346505 0.0 0.013369916 0.0 0.0 0.009093208 0.11908067 0.084846206 0.0 0.1146225 0.0 0.0 0.0 0.0064479597 0.028336862 0.0 0.0 0.0
0.0 0.03834865 0.0829233 0.02553353 0.045333378 0.0034556664 0.0 0.0 0.0 0.0 0.0 0.0090978835 0.023940882 0.014560646 0.018263085 0.027762245 0.09421206 0.05637669 0.013982358 0.0 0.022187077 0.049341172 0.024628684 0.0 0.06359528 0.028622344 0.037622903 0.09498625 0.0 0.0 0.046394102 0.0 0.0233558 0.0 0.0 0.0 0.0 0.0 0.0 0.056053583 0.0 0.0 0.0 0.018604854 0.0 0.0119658355 0.0 0.0 0.009174521 0.0 0.059774 0.0 0.10884729 0.0 0.0 0.0
0.0 0.037691094 0.0 0.024833651 0.0 0.0 0.0 0.0 0.0 0.0055906586 0.06694757 0.0 0.0 0.0 0.09660118 0.10030033 0.0 0.026821962 0.0 0.0 0.0 0.0 0.08883552 0.0 0.0 0.0 0.0 0.12311467 0.0 0.0 0.0 0.0 0.018340908 0.0104581285 0.0 0.0 0.0 0.0 0.0 0.06053582 0.0 0.0 0.0 0.05575466 0.0 0.0 0.0 0.007230754 0.0 0.0 0.028256262 0.0 0.020190071 0.0 0.0152802225 0.0
0.0 0.004326675 0.039801672 0.03172443 0.03056954 0.062742144 0.0 0.00573812 0.0 0.0 0.034077857 0.021152027 0.0 0.0 0.06113354 0.062902845 0.01566514 0.09996594 0.017101094 0.0618182 0.011181987 0.0 0.017500661 0.017901326 0.0 0.0 0.020609034 0.0 0.0 0.0 0.0233558 0.018340908 0.04898055 0.0 0.0 0.0 0.0 0.029294122 0.0 0.0 0.0 0.0 0.01595991 0.0 0.0 0.21236521 0.0051984717 0.03391628 0.0 0.0017651754 0.07925287 0.0 0.0078019896 0.0 0.0 0.0
0.01787824 0.0 0.0 0.0 0.0 0.0 0.0 0.004914452 0.02876518 0.051840324 0.05119565 0.0 0.04139849 0.082219735 0.0 0.0 0.0 0.0 0.0 0.0 0.0 0.0 0.0 0.11283763 0.0 0.018725613 0.0 0.0112851 0.014768184 0.0 0.0 0.0104581285 0.0 0.0 0.029020052 0.045323983 0.0 0.014294323 0.0 0.011160376 0.16305801 0.021786593 0.007268559 0.0 0.0 0.0 0.0 0.0 0.0 0.0 0.0 0.05729937 0.0 0.0 0.037296057 0.014333658
0.100510925 0.012199746 0.0 0.0 0.0 0.08395086 0.0 0.119005784 0.0 0.08885539 0.0 0.001292894 0.0051402673 0.04761552 0.0 0.0053652884 0.0 0.0 0.05308587 0.0 0.028432487 0.0 0.0 0.0162728 0.0 0.0 0.01708789 0.0 0.0036132263 0.06103653 0.0 0.0 0.0 0.02902005 0.06382827 0.0 0.0077777053 0.0 0.0 0.0 0.0068852846 0.021276005 0.13087502 0.012033956 0.0 0.019069463 0.056721386 0.0 0.0 0.0 0.001717624 0.06779818 0.0 0.027006231 0.03588544 0.0
0.010778023 0.02785567 0.0 0.0 0.0 0.0 0.0 0.0 0.0 0.05911643 0.020137286 0.0 0.0 0.0 0.0 0.0 0.0 0.043260872 0.0052610845 0.0 0.059501622 0.0 0.0 0.0 0.0 0.059364915 0.008458213 0.0 0.12506413 0.0 0.0 0.0 0.0 0.045323983 0.0 0.0 0.02349813 0.0026342722 0.0 0.04473058 0.0 0.014261158 0.008216764 0.0 0.0 0.01697704 0.0 0.0 0.0 0.016180001 0.0 0.0 0.07900555 0.12540093 0.0 0.0
0.0 0.0 0.017706422 0.040927928 0.0 0.071996965 0.0 0.0 0.025114892 0.0 0.00040051044 0.05074415 0.13359228 0.0 0.0 0.0 0.06684394 0.0 0.13452704 0.0 0.07983862 0.0061315526 0.0 0.0 0.079844594 0.0 0.0 0.0 0.0 0.07199269 0.0 0.0 0.0 0.0 0.0077777053 0.023498127 0.0 0.0 0.016174719 0.0 0.10392518 0.0 0.0925163 0.0 0.0 0.0 0.0 0.0 0.18413295 0.0 0.0 0.0 0.0 0.0 0.0 0.0058946894
0.0 0.03549257 0.03904106 0.027009279 0.024405614 0.0 0.10697389 0.0 0.041195814 0.0 0.0068260813 0.0 0.023354897 0.037172437 0.0 0.012666645 0.0 0.06501183 0.0 0.0 0.0107922405 0.0 0.068499364 0.001279974 0.024679946 0.0 0.0 0.009946721 0.0 0.046039607 0.0 0.0 0.02929412 0.014294323 0.0 0.0026342724 0.0 0.0 0.0 0.048149314 0.04160792 0.06153419 0.0 0.021107564 0.0 0.0 0.0 0.0 0.061545905 0.025208535 0.050469954 0.0 0.0 0.010759226 0.009667225 0.0
0.0 0.0 0.109518826 0.0 0.0 0.005087729 0.070811115 0.0 0.0 0.0 0.0 0.074000865 0.0 0.0 0.058259692 0.032343075 0.0062623224 0.05580002 0.0 0.10869452 0.0 0.015014564 0.027664164 0.0 0.0 0.0 0.0 0.0 0.0 0.027346505 0.0 0.0 0.0 0.0 0.0 0.0 0.01617472 0.0 0.06966729 0.0 0.0 0.0 0.0 0.0 0.06801037 0.11296115 0.0 0.047216553 0.0 0.0 0.029829022 0.0 0.046279963 0.0 0.025077833 0.0
0.0 0.016211413 0.031587917 0.07009081 0.07748382 0.018105065 0.0 0.0 0.07065096 0.0 0.028713254 0.007118293 0.0 0.06229423 0.029068625 0.0054497924 0.0 0.01338822 0.021346511 0.0 0.0 0.0 0.0 0.0 0.0 0.025197491 0.0 0.0068177166 0.0 0.0 0.05605358 0.06053582 0.0 0.011160375 0.0 0.044730578 0.0 0.04814931 0.0 0.0 0.0 0.06325339 0.0 0.095359564 0.009685864 0.0039623645 0.092769764 0.0 0.0 0.0 0.067841224 0.0 0.003809162 0.006803251 0.03828528 0.0
0.064707935 0.0 0.0 0.0 0.07902566 0.02256067 0.01754323 0.01405511 0.0 0.050193965 0.0 0.033871625 0.0 0.0043806387 0.0 0.0 0.0 0.0 0.0 0.0 0.0 0.0 0.0 0.0021590563 0.017598737 0.0034460288 0.01267277 0.0 0.05986066 0.013369916 0.0 0.0 0.0 0.163058 0.006885285 0.0 0.103925176 0.04160792 0.0 0.0 0.0 0.020441988 0.0 0.0 0.0 0.0 0.0 0.022132888 0.0 0.0 0.0 0.028909575 0.0 0.032349437 0.046854854 0.008572888
0.0 0.0 0.037129976 0.03851501 0.0 0.0 0.0 0.0 0.10039997 0.0 0.04171443 0.0 0.02446491 0.079562075 0.007775015 0.0 0.0 0.0 0.0 0.0 0.0 0.0 0.052548703 0.0 0.053680245 0.08309522 0.030795278 0.0 0.0 0.0 0.0 0.0 0.0 0.021786593 0.021276005 0.014261157 0.0 0.061534192 0.0 0.06325339 0.020441987 0.0 0.0 0.0 0.0 0.0 0.012588103 0.0 0.011839536 0.021102589 0.01414928 0.02010423 0.0 0.08949411 0.035613008 0.0
0.15946564 0.0 0.0 0.0 0.0 0.0 0.012183238 0.019655935 0.0 0.04507022 0.0802308 0.0 0.0 0.0 0.0 0.0 0.0 0.0 0.0 0.0 0.0 0.03897778 0.018023001 0.0 0.0 0.0 0.0048788153 0.024774775 0.039527375 0.0 0.0 0.0 0.01595991 0.0072685587 0.13087504 0.008216764 0.0925163 0.0 0.0 0.0 0.0 0.0 0.0 0.0 0.10120819 0.0 0.0 0.016794365 0.0 0.006147751 0.010671617 0.06866742 0.0 0.0 0.025165496 0.0
0.0 0.05303495 0.0 0.0 0.0 0.0 0.0 0.0 0.0 0.0 0.05733331 0.0 0.025403954 0.019365713 0.037897818 0.0 0.009719426 0.012589202 0.0 0.026026683 0.0 0.02059077 0.07327762 0.0074296147 0.0 0.002242475 0.0022693234 0.057053696 0.0 0.009093209 0.018604856 0.05575466 0.0 0.0 0.012033956 0.0 0.0 0.021107564 0.0 0.09535957 0.0 0.0 0.0 0.0 0.0 0.04147042 0.06317619 0.04729982 0.0 0.0 0.04942004 0.0 0.013729324 0.0 0.13125223 0.0
0.0 0.0 0.0 0.0 0.0 0.1317195 0.0 0.0 0.0 0.0040034726 0.0 0.07874159 0.1472757 0.0 0.0 0.012373849 0.029978985 0.0 0.053674825 0.0 0.025660895 0.029154526 0.040223733 0.033678614 0.0641188 0.0049744425 0.0 0.0 0.0 0.11908068 0.0 0.0 0.0 0.0 0.0 0.0 0.0 0.0 0.068010375 0.009685864 0.0 0.0 0.101208195 0.0 0.0 0.0 0.0 0.0069161914 0.030919965 0.096748896 0.0 0.0036083045 0.019442914 0.0 0.0 0.09961717
0.0 0.01607244 0.039874837 0.014599718 0.0 0.0 0.010622202 0.0 0.0 0.0 0.039600264 0.03508346 0.0 0.0 0.0 0.04641159 0.035886247 0.0 0.0 0.0027524724 0.0 0.05741349 0.0121686235 0.013782714 0.018488118 0.0050220215 0.0 0.017575074 0.0 0.084846206 0.0119658355 0.0 0.21236522 0.0 0.019069463 0.01697704 0.0 0.0 0.11296115 0.0039623645 0.0 0.0 0.0 0.04147042 0.0 0.0076103495 0.0 0.0 0.0431616 0.074764684 0.02876023 0.0 0.033606745 0.0 0.0 0.005961871
0.0 0.0 0.0 0.0 0.0 0.0 0.0 0.0 0.009239343 0.061560676 0.074631795 0.0 0.0050717285 0.02412766 0.0 0.0 0.0 0.0 0.0 0.0 0.0 0.0 0.026421264 0.024176255 0.0 0.1419152 0.0 0.14357255 0.050374854 0.0 0.0 0.0 0.0051984717 0.0 0.056721386 0.0 0.0 0.0 0.0 0.092769764 0.0 0.012588103 0.0 0.06317619 0.0 0.0 0.0 0.0 0.0 0.0 0.0 0.020879045 0.022842243 0.045323364 0.028215216 0.0
0.0 0.0 0.090082385 0.0 0.0 0.04924964 0.0 0.0 0.0 0.0 0.0 0.066722214 0.0 0.0 0.0 0.0 0.048115566 0.019400833 0.0 0.017250706 0.083669476 0.015960502 0.0 0.0 0.07882478 0.0 0.01982081 0.0 0.0046909717 0.11462251 0.0 0.007230754 0.03391628 0.0 0.0 0.0 0.0 0.0 0.047216557 0.0 0.022132888 0.0 0.016794365 0.04729982 0.0069161914 0.0 0.0 0.03443215 0.061867397 0.0999982 0.025172662 0.0 0.060501043 0.0 0.021092234 0.0
0.0075854533 0.0 0.057540532 0.0 0.0 0.0 0.055160005 0.034585632 0.0 0.034080938 0.0 0.0 0.0 0.0 0.03254669 0.0 0.0 0.05860723 0.0 0.08880633 0.006587029 0.0 0.0018913116 0.0 0.0 0.0 0.0 0.07566623 0.014181009 0.0 0.009174522 0.0 0.0 0.0 0.0 0.0 0.18413295 0.0615459 0.0 0.0 0.0 0.011839536 0.0 0.0 0.030919967 0.0431616 0.0 0.061867397 0.0 0.0 0.0 0.0 0.0 0.0 0.0 0.0
0.0013167239 0.0 0.0 0.0 0.0 0.016067818 0.009822078 0.023523463 0.0 0.03757484 0.0 0.0 0.0 0.0 0.028351683 0.0 0.0 0.015920911 0.036616914 0.0640798 0.0 0.0 0.0 0.10690538 0.0 0.0 0.0 0.0 0.0 0.0 0.0 0.0 0.0017651754 0.0 0.0 0.016180001 0.0 0.025208535 0.0 0.0 0.0 0.021102589 0.0061477507 0.0 0.096748896 0.07476469 0.0 0.09999819 0.0 0.0 0.0 0.08034234 0.0108021395 0.0 0.014248946 0.10748419
0.00088640617 0.04488546 0.004179494 0.03875683 0.007694846 0.0034942518 0.0 0.0 0.0 0.0 0.0 0.0 0.0 0.019038346 0.0 0.0 0.0 0.0 0.0 0.0 0.040218662 0.0 0.0 0.0 0.0 0.0 0.12811175 0.0 0.0 0.0 0.059774 0.028256262 0.07925287 0.0 0.001717624 0.0 0.0 0.050469954 0.029829022 0.067841224 0.0 0.01414928 0.010671617 0.049420036 0.0 0.028760228 0.0 0.02517266 0.0 0.0 0.19392537 0.0 0.033194613 0.029114919 0.03589567 0.0
0.05832759 0.0 0.0 0.0 0.0 0.07162976 0.0 0.09568613 0.0 0.12517215 0.0 0.0 0.0 0.011566475 0.0 0.038533434 0.009802493 0.0 0.0 0.002010081 0.050530348 0.011403153 0.0 0.0 0.0 0.0 0.0344961 0.0 0.0862522 0.0064479597 0.0 0.0 0.0 0.057299368 0.06779818 0.0 0.0 0.0 0.0 0.0 0.028909577 0.02010423 0.06866742 0.0 0.0036083048 0.0 0.020879045 0.0 0.0 0.08034234 0.0 0.0 0.0 0.013674697 0.0 0.09685072
0.0 0.0 0.02814686 0.0 0.049969193 0.0 0.0098263845 0.0 0.008826289 0.0 0.030234171 0.0 0.0 0.0 0.05621792 0.0 0.013830534 0.049569502 0.0 0.15026733 0.0 0.0 0.026678147 0.004545137 0.0 0.0 0.02952377 0.006456998 0.006087466 0.028336862 0.10884728 0.020190071 0.0078019896 0.0 0.0 0.079005554 0.0 0.0 0.046279967 0.003809162 0.0 0.0 0.0 0.013729324 0.019442916 0.033606745 0.022842243 0.060501046 0.0 0.010802139 0.033194613 0.0 0.09281895 0.0037925886 0.0 0.0
0.0 0.0 0.0 0.011170568 0.019391665 0.0 0.0 0.026359145 0.092765614 0.0 0.017365022 0.0 0.017604882 0.11715032 0.0 0.0 0.0795051 0.0 0.030767156 0.0 0.0 0.0 0.047654536 0.058438648 0.010272158 0.060715854 0.0 0.0 0.0 0.0 0.0 0.0 0.0 0.0 0.027006233 0.12540093 0.0 0.010759226 0.0 0.0068032513 0.03234944 0.08949412 0.0 0.0 0.0 0.0 0.04532337 0.0 0.0 0.0 0.029114919 0.013674698 0.0037925886 0.066625535 0.029623726 0.0
0.0035893298 0.008831489 0.03514592 0.0 0.0058055427 0.021239925 0.057330307 0.101341814 0.0 0.021788634 0.0 0.036640927 0.008762496 0.0 0.0 0.0 0.0 0.029426876 0.03400927 0.0 0.009091002 0.033824667 0.0 0.0 0.0 0.012999424 0.013176029 0.0 0.0 0.0 0.0 0.015280222 0.0 0.037296057 0.035885442 0.0 0.0 0.009667225 0.025077831 0.03828528 0.046854854 0.035613008 0.025165496 0.13125223 0.0 0.0 0.028215218 0.021092234 0.0 0.014248946 0.03589567 0.0 0.0 0.029623726 0.0 0.03967816
0.25938907 0.0 0.0 0.0 0.0 0.0 0.0 0.032320566 0.0 0.03952815 0.014296981 0.0 0.0 0.04255715 0.0 0.0 0.0 0.0 0.0 0.07376741 0.0 0.0 0.0023006587 0.013897607 0.0 0.0 0.0 0.0 0.0 0.0 0.0 0.0 0.0 0.014333658 0.0 0.0 0.0058946894 0.0 0.0 0.0 0.008572887 0.0 0.0 0.0 0.09961717 0.005961871 0.0 0.0 0.0 0.10748419 0.0 0.09685073 0.0 0.0 0.03967816 0.0
