0.0 0.0 0.0 0.04223946 0.0 0.0 0.07205803 0.0740634 0.0 0.123134874 0.019541027 0.0 0.0 0.0 0.0 0.0076485802 0.053547967 0.06734079 0.0 0.0 0.0 0.0 0.037680164 0.16121185 0.0 0.0 0.0 0.0 0.0 0.008563399 0.0 0.0 0.04231586 0.0 0.0 0.0 0.030414855 0.011148362 0.0 0.0 0.0 0.0 0.0 0.0 0.098502636 0.0 0.0 0.04546938 0.13079818 0.0 0.016285632 0.01578473 0.0 0.0 0.0 0.0
0.0 0.0 0.0 0.0 0.08449617 0.0 0.0 0.0 0.031650927 0.0 0.06065337 0.0017662784 0.0 0.015369584 0.0 0.053082287 0.0 0.0 0.0 0.05936604 0.0 0.0 0.16926898 0.0 0.0 0.0 0.023462966 0.0 0.0 0.025834352 0.084329166 0.0 0.016011788 0.0 0.0 0.0 0.0 0.020731755 0.08718159 0.0 0.0 0.0 0.0 0.0 0.0 0.0 0.010418518 0.045972213 0.0 0.0 0.038641766 0.0 0.0 0.0061099934 0.04105455 0.0
0.0 0.0 0.0 0.06717633 0.0 0.034951534 0.028528163 0.0033063611 0.0 0.01724431 0.04202099 0.0 0.0448493 0.0 0.0 0.025551522 0.0 0.011982913 0.0 0.05099126 0.026520193 0.0 0.019840235 0.07086964 0.0 0.054141536 0.0 0.11149961 0.0 0.0 0.0 0.0 0.0 0.0 0.021169405 0.0 0.06863543 0.007892784 0.0 0.035832923 0.02955805 0.012365874 0.003566445 0.0 0.0 0.0 0.0 0.0 0.0014153788 0.0 0.0 0.074791335 0.0 0.0 0.020968178 0.0
0.042239465 0.0 0.06717632 0.0 0.0 0.013112757 0.0 0.0 0.0 0.0 0.0 0.027203025 0.03194193 0.0 0.013110553 0.0 0.054603998 0.0 0.0 0.0 0.0 0.0 0.0 0.0 0.10805224 0.028567756 0.023822391 0.0 0.02194081 0.042044885 0.024587937 0.027697243 0.060455978 0.0 0.0 0.0 0.0 0.0 0.0 0.0 0.0 0.07030982 0.041001517 0.032514203 0.0 0.008009962 0.09940772 0.0 0.0 0.02052196 0.0 0.0 0.12056968 0.06900257 0.0 0.031341907
0.0 0.08449618 0.0 0.0 0.064938895 0.0 0.0 0.0 0.022217048 0.0 0.0 0.023021117 0.0044409167 0.0 0.0040492252 0.0 0.0 0.0 0.0 0.048431434 0.0 0.0 0.0 0.0 0.03521098 0.0 0.0070926147 0.0136543 0.008267219 0.03694659 0.05783759 0.11244164 0.010230205 0.0 0.03950373 0.0 0.0 0.0 0.01267703 0.0 0.0 0.06375157 0.07201844 0.0 0.0 0.03185684 0.10952193 0.0 0.0 0.0 0.0 0.0 0.07362204 0.12045784 0.0 0.0
0.0 0.0 0.03495153 0.013112758 0.0 0.19422086 0.0 0.0 0.0 0.0 0.0 0.0 0.009032247 0.038976494 0.030762333 0.017091801 0.110795364 0.0 0.0 0.039780527 0.08632069 0.075585485 0.0 0.0 0.005329059 0.06180357 0.025201969 0.006503584 0.019978624 0.0 0.043624375 0.0 0.034229554 0.0 0.0 0.0 0.020599004 0.0049729077 0.03961149 0.0 0.0 0.016102761 0.013374308 0.019081695 0.007178025 0.013941274 0.0020207604 0.013476194 0.033813164 0.01722118 0.0 0.0 0.009690459 0.0 0.01244922 0.0
0.07205803 0.0 0.028528163 0.0 0.0 0.0 0.10078028 0.0 0.0 0.0 0.06850442 0.0 0.0 0.0 0.0 0.0717548 0.022429427 0.0 0.0 0.0076934593 0.0 0.0 0.03305575 0.0 0.0 0.0 0.0014792419 0.0 0.0 0.0 0.0 0.0 0.0 0.033384383 0.06854087 0.0 0.07836071 0.0 0.0 0.0 0.06400948 0.0 0.0 0.0 0.0 0.0 0.0 0.06533216 0.030070849 0.0 0.0 0.033251166 0.0 0.0 0.037452504 0.0
0.07406339 0.0 0.0033063611 0.0 0.0 0.0 0.0 0.029403951 0.0 0.010059954 0.0 0.015710413 0.0 0.0 0.0 0.021513715 0.0333343 0.065954514 0.0 0.0 0.0156210875 0.11646386 0.0021892383 0.064669736 0.044740863 0.0032901808 0.046408188 0.028696824 0.0 0.0 0.009349028 0.0 0.02491419 0.038228616 0.0 0.046633177 0.0 0.009999002 0.051831402 0.057285883 0.0 0.0 0.0 0.15188639 0.053951323 0.0 0.0 0.04943917 0.033314075 0.1162614 0.050237097 0.0 0.01876242 0.0 0.0 0.008730078
0.0 0.031650923 0.0 0.0 0.022217048 0.0 0.0 0.0 0.031255692 0.0 0.0 0.016397696 0.0 0.04438644 0.05004262 0.0 0.0 0.0 0.0 0.08208245 0.039058227 0.0 0.0 0.0 0.018561838 0.0 0.0 0.06884807 0.0 0.13117288 0.08109546 0.15507428 0.013766598 0.0 0.0 0.0 0.0 0.039717462 0.0 0.0 0.0 0.008645037 0.017093666 0.0 0.0 0.015073482 0.02551718 0.0 0.0 0.0 0.0 0.0 0.020998351 0.14400083 0.0 0.0
0.123134874 0.0 0.017244311 0.0 0.0 0.0 0.0 0.010059955 0.0 0.04921644 0.0 0.0 0.0 0.008498948 0.0 0.008494101 0.0 0.04497964 0.0 0.0 0.0213286 0.049042482 0.0 0.09652928 0.0 0.0 0.030784294 0.0 0.012147876 0.0 0.0 0.0 0.022716416 0.0 0.016428504 0.0 0.08831808 0.0 0.0 0.0 0.02689058 0.0 0.0 0.0 0.08378773 0.0 0.0055756313 0.097006746 0.025834413 0.0 0.0 0.07806661 0.0 0.02611525 0.0 0.062860176
0.019541027 0.060653374 0.042020988 0.0 0.0 0.0 0.06850443 0.0 0.0 0.0 0.0 0.040753443 0.0 0.016368672 0.038083445 0.016063493 0.0 0.036712494 0.0 0.06169462 0.0 0.05933713 0.0 0.015770515 0.035743296 0.020671735 0.03901353 0.017939467 0.0 0.106584355 0.029373592 0.055056263 0.045120925 0.02335593 0.028693568 0.0 0.0 0.0 0.05574617 0.0 0.0 0.027784102 0.0 0.0 0.0 0.0 0.027156536 0.0 0.0 0.083357304 0.0 0.025552608 0.0 0.006737986 0.0 0.0
0.0 0.0017662784 0.0 0.027203025 0.023021117 0.0 0.0 0.015710412 0.016397696 0.0 0.04075344 0.0 0.09566428 0.0365693 0.012757888 0.02063006 0.0 0.021934723 0.043468717 0.014421723 0.010965785 0.02461824 0.0 0.0 0.04794766 0.05735331 0.0 0.0 0.059671443 0.0 0.011872387 0.019705687 0.0 0.0 0.0 0.1280668 0.051456098 0.0 0.0 0.0 0.041879173 0.13648058 0.0 0.0 0.005261444 0.008400308 0.0 0.0 0.0061098333 0.0 0.0 0.0 0.025150517 0.0015856357 0.0 0.013163936
0.0 0.0 0.0448493 0.031941928 0.0044409167 0.009032246 0.0 0.0 0.0 0.0 0.0 0.095664285 0.0399823 0.09801113 0.0 0.0033837655 0.030334823 0.0 0.063952655 0.0 0.06802608 0.0 0.0 0.0 0.1662242 0.0 0.0 0.0 0.0 0.036245115 0.0120388325 0.020725064 0.0 0.0 0.0 0.0 0.0 0.00038140855 0.0 0.0 0.017817775 0.0 0.0 0.0034861364 0.0 0.050738636 0.07259432 0.0 0.0 0.031208128 0.009489186 0.0 0.052168798 0.010157851 0.0 0.016020646
0.0 0.015369585 0.0 0.0 0.0 0.038976494 0.0 0.0 0.04438644 0.008498949 0.016368674 0.0365693 0.098011136 0.09373247 0.0 0.0 0.02907249 0.0 0.16785932 0.0 0.061226334 0.0 0.0 0.0 0.057285406 0.0 0.0 0.038379066 0.0 0.0 0.0 0.0038226426 0.0 0.007579711 0.0 0.019964643 0.0 0.062453244 0.0 0.13145566 0.0101258475 0.0 0.006698723 0.076671354 0.0 0.017187452 0.015120998 0.0 0.0 0.0 0.0 0.0 0.02213221 0.017687095 0.012109102 0.008974154
0.0 0.0 0.0 0.013110553 0.0040492252 0.030762335 0.0 0.0 0.05004262 0.0 0.038083445 0.012757887 0.0 0.0 0.062823445 0.086179614 0.01669905 0.051817577 0.0 0.0 0.07763502 0.0 0.0 0.00929556 0.0 0.036730245 0.0 0.105641104 0.0 0.0 0.033668682 0.013004748 0.033903457 0.0 0.0 0.0 0.0 0.0049446137 0.024723154 0.0 0.0 0.0 0.0 0.0 0.0 0.0 0.076925516 0.0 0.119687065 0.0 0.039293617 0.0 0.03961078 0.0 0.0 0.0
0.0076485802 0.053082287 0.025551522 0.0 0.0 0.0170918 0.0717548 0.021513717 0.0 0.008494101 0.01606349 0.02063006 0.0033837657 0.0 0.086179614 0.0 0.0578079 0.019084062 0.0 0.0 0.094485685 0.10625371 0.0 0.0 0.0 0.0 0.012945783 0.002062766 0.0051615434 0.0 0.0 0.0 0.015210633 0.022888727 0.028115306 0.0 0.0 0.0 0.023708504 0.0 0.0 0.0 0.0 0.0061612 0.025871275 0.0 0.1461094 0.0 0.020029701 0.0 0.0 0.0 0.015163086 0.0 0.0 0.0
0.053547967 0.0 0.0 0.054603998 0.0 0.11079536 0.022429429 0.0333343 0.0 0.0 0.0 0.0 0.030334825 0.029072488 0.01669905 0.0578079 0.0 0.0 0.0 0.02295023 0.003838074 0.0 0.012488247 0.0 0.0 0.0026778665 0.0 0.0 0.0 0.0 0.0 0.0 0.011715545 0.0 0.04390963 0.0 0.021172272 0.0 0.0 0.0 0.05167482 0.0 0.0 0.004124883 0.03998309 0.0 0.0 0.0 0.022478428 0.0 0.041867033 0.027164629 0.0 0.0007799393 0.118009716 0.0
0.067340784 0.0 0.011982914 0.0 0.0 0.0 0.0 0.065954514 0.0 0.044979636 0.036712497 0.021934722 0.0 0.0 0.051817577 0.01908406 0.0 0.0 0.0 0.0 0.0 0.026189866 0.0 0.01723433 0.0 0.04297018 0.027583491 0.0 0.14343886 0.0 0.0 0.0 0.0 0.0 0.08357465 0.0 0.0 0.0 0.0 0.0 0.0 0.032113116 0.07927358 0.0 0.0 0.0 0.0 0.017889362 0.0 0.0 0.0 0.009122245 0.0 0.056402326 0.007176965 0.0039765104
0.0 0.0 0.0 0.0 0.0 0.0 0.0 0.0 0.0 0.0 0.0 0.043468717 0.063952655 0.16785932 0.0 0.0 0.0 0.0 0.0 0.0 0.0 0.0 0.0 0.0 0.0 0.0 0.0 0.046616547 0.06223113 0.07599711 0.0 0.0023784528 0.0 0.0 0.0070175417 0.0 0.0 0.0 0.0 0.0 0.1088892 0.0025919052 0.016768852 0.0 0.0 0.0 0.0112819895 0.0 0.0 0.026221188 0.0 0.0 0.024529506 0.0 0.0 0.06505642
0.0 0.05936604 0.050991256 0.0 0.048431434 0.039780527 0.0076934593 0.0 0.08208245 0.0 0.06169462 0.014421723 0.0 0.0 0.0 0.0 0.022950232 0.0 0.0 0.06793816 0.027669989 0.0026179487 0.01861145 0.011079811 0.007847033 0.021911172 0.007311124 0.0 0.0 0.002088465 0.024845472 0.103921995 0.0 0.0 0.0012929934 0.03659278 0.0 0.04663942 0.018902853 0.0 0.001607713 0.07637498 0.093100525 0.0 0.0 0.04398505 0.043913525 0.0 0.0 0.0 0.05794357 0.0 0.012647412 0.0 0.0 0.0
0.0 0.0 0.026520193 0.0 0.0 0.08632069 0.0 0.0156210875 0.03905823 0.0213286 0.0 0.010965785 0.06802607 0.06122633 0.07763502 0.09448568 0.003838074 0.0 0.0 0.027669987 0.0 0.0 0.0 0.0 0.0 0.09922307 0.0 0.033466157 0.0 0.0 0.0030497268 0.0 0.08146306 0.0 0.012592554 0.011641264 0.060839035 0.0 0.02143247 0.0 0.0 0.0 0.0018809125 0.0 0.0 0.0 0.0 0.0 0.0061043147 0.0 0.0 0.0 0.0 0.0 0.0 0.0
0.0 0.0 0.0 0.0 0.0 0.07558549 0.0 0.11646386 0.0 0.049042486 0.059337128 0.02461824 0.0 0.0 0.0 0.10625371 0.0 0.026189866 0.0 0.0026179485 0.0 0.0 0.04220908 0.0028138692 0.0 0.09867668 0.0 0.0 0.0 0.023694344 0.0 0.0 0.0 0.0034183273 0.0 0.014663106 0.035387874 0.0 0.0 0.0 0.03463982 0.0 0.0 0.0 0.040187728 0.0 0.0 0.0 0.035882946 0.0 0.0 0.07788561 0.0071281046 0.0 0.0 0.0
0.037680164 0.16926898 0.019840235 0.0 0.0 0.0 0.03305575 0.0021892383 0.0 0.0 0.0 0.0 0.0 0.0 0.0 0.0 0.012488247 0.0 0.0 0.018611452 0.0 0.04220908 0.0 0.0037607895 0.048717104 0.0565949 0.07891068 0.0 0.0 0.01790643 0.028430851 0.019714696 0.0851914 0.0 0.0 0.04368774 0.025581984 0.07901788 0.12068231 0.0 0.0 0.0 0.0 0.0 0.0 0.033099256 0.059287935 0.0447462 0.023065228 0.04210382 0.016210094 0.0 0.0 0.0 0.0 0.0
0.16121186 0.0 0.07086964 0.0 0.0 0.0 0.0 0.064669736 0.0 0.09652928 0.015770515 0.0 0.0 0.0 0.009295561 0.0 0.0 0.017234331 0.0 0.011079811 0.0 0.0028138692 0.0037607895 0.02119004 0.0 0.0 0.020506099 0.0052316543 0.0 0.0087171905 0.012331092 0.0 0.04067241 0.019095344 0.12915497 0.0 0.0 0.05960499 0.040278304 0.0 0.0 0.0 0.0 0.0 0.050356746 0.0 0.0 0.086626925 0.0 0.048697643 0.013118598 0.0 0.0 0.0 0.0 0.025687411
0.0 0.0 0.0 0.10805224 0.035210975 0.005329059 0.0 0.044740867 0.01856184 0.0 0.0357433 0.04794766 0.16622418 0.057285406 0.0 0.0 0.0 0.0 0.0 0.007847033 0.0 0.0 0.0487171 0.0 0.0 0.0 0.0 0.0 0.0 0.0 0.0 0.0050431946 0.0 0.0 0.011630126 0.0 0.0 0.0 0.0 0.0035520915 0.04082177 0.0574355 0.0 0.0 0.0 0.0 0.0 0.0 0.0 0.0 0.033614244 0.13932532 0.0 0.0 0.13110484 0.0
0.0 0.0 0.054141536 0.028567754 0.0 0.06180357 0.0 0.0032901808 0.0 0.0 0.020671735 0.05735331 0.0 0.0 0.036730245 0.0 0.0026778665 0.04297018 0.0 0.021911172 0.09922306 0.09867668 0.0565949 0.0 0.0 0.040354665 0.0599043 0.0 0.0 0.0 0.022214197 0.0 0.018988233 0.033749264 0.0 0.02969306 0.0 0.011862646 0.03725031 0.0 0.0 0.0 0.0 0.021921638 0.0 0.029715892 0.0 0.020604385 0.027899062 0.021665314 0.010160036 0.0 0.06264776 0.0 0.027712937 0.005900411
0.0 0.023462966 0.0 0.023822391 0.007092615 0.02520197 0.0014792418 0.046408184 0.0 0.030784296 0.03901353 0.0 0.0 0.0 0.0 0.012945783 0.0 0.027583493 0.0 0.007311124 0.0 0.0 0.078910686 0.020506099 0.0 0.059904307 0.02991817 0.0011886068 0.0 0.048906263 0.13622203 0.021152455 0.06671103 0.0 0.006634635 0.0 0.11392983 0.05158129 0.026149495 0.0 0.0 0.015096044 0.018943703 0.0 0.0 0.08019743 0.0 0.020666294 0.0 0.0 0.032994933 0.032643415 0.0 0.0 0.007590749 0.0
0.0 0.0 0.11149961 0.0 0.0136543 0.0065035834 0.0 0.028696824 0.06884807 0.0 0.017939467 0.0 0.0 0.038379066 0.105641104 0.002062766 0.0 0.0 0.046616547 0.0 0.033466157 0.0 0.0 0.0052316543 0.0 0.0 0.0011886068 0.041125603 0.0 0.030319257 0.061244253 0.0 0.0 0.0 0.0 0.06261325 0.019305635 0.017983792 0.0 0.031868912 0.0 0.0 0.0 0.0 0.0 0.05710987 0.017597409 0.0 0.019424265 0.0 0.007045886 0.0 0.028820217 0.0 0.0 0.008629924
0.0 0.0 0.0 0.02194081 0.008267219 0.019978624 0.0 0.0 0.0 0.012147876 0.0 0.059671443 0.0 0.0 0.0 0.005161543 0.0 0.14343886 0.062231127 0.0 0.0 0.0 0.0 0.0 0.0 0.0 0.0 0.0 0.0 0.0 0.0 0.0 0.0 0.111424655 0.0 0.0 0.0 0.0 0.0 0.08267509 0.10281715 0.034519617 0.0 0.018779881 0.0011105238 0.010152492 0.0 0.0 0.0 0.0 0.0 0.0 0.11699262 0.0 0.0 0.100145765
0.008563398 0.025834352 0.0 0.04204488 0.03694659 0.0 0.0 0.0 0.13117288 0.0 0.10658435 0.0 0.036245115 0.0 0.0 0.0 0.0 0.0 0.07599711 0.002088465 0.0 0.023694344 0.01790643 0.0087171905 0.0 0.0 0.048906263 0.030319253 0.0 0.0 0.0039582634 0.0 0.0 0.0 0.01869038 0.012551629 0.04887754 0.0 0.0 0.01508318 0.0 0.0 0.0 0.0 0.0 0.08417996 0.0 0.0 0.039959308 0.0 0.046836007 0.032153167 0.0 0.0 0.054093007 0.0
0.0 0.084329166 0.0 0.024587937 0.057837594 0.043624375 0.0 0.009349028 0.08109546 0.0 0.02937359 0.011872387 0.0120388325 0.0 0.033668682 0.0 0.0 0.0 0.0 0.024845472 0.0030497268 0.0 0.028430851 0.012331092 0.0 0.022214197 0.13622203 0.061244253 0.0 0.003958264 0.0 0.053196773 0.023191767 0.0 0.04171028 0.018152742 0.0 0.017622313 0.0 0.0 0.0 0.0 0.014673378 0.0 0.0 0.0 0.029124578 0.0 0.0 0.0 0.038499873 0.0 0.0 0.0 0.0 0.0
0.0 0.0 0.0 0.027697245 0.11244164 0.0 0.0 0.0 0.15507428 0.0 0.055056263 0.019705687 0.020725064 0.0038226424 0.013004748 0.0 0.0 0.0 0.0023784528 0.103921995 0.0 0.0 0.019714696 0.0 0.0050431946 0.0 0.021152455 0.0 0.0 0.0 0.053196773 0.07966003 0.0 0.0 0.0 0.0 0.0 0.0 0.0034528207 0.0 0.0 0.0 0.12512872 0.0 0.0 0.070637986 0.025881065 0.0 0.0 0.0 0.019361518 0.045166254 0.017213358 0.0 0.011702701 0.0
0.04231586 0.016011788 0.0 0.060455978 0.010230205 0.03422955 0.0 0.024914188 0.013766597 0.022716418 0.04512092 0.0 0.0 0.0 0.033903453 0.015210633 0.011715544 0.0 0.0 0.0 0.081463054 0.0 0.0851914 0.040672414 0.0 0.018988233 0.06671103 0.0 0.0 0.0 0.023191767 0.0 0.03418761 0.0 0.0 0.0 0.018692536 0.021195235 0.040856913 0.0 0.0 0.0 0.0 0.0 0.0 0.0 0.0 0.04382846 0.011840473 0.0 0.13852248 0.0 0.0 0.0 0.016678862 0.0
0.0 0.0 0.0 0.0 0.0 0.0 0.033384383 0.038228616 0.0 0.0 0.02335593 0.0 0.0 0.007579711 0.0 0.022888726 0.0 0.0 0.0 0.0 0.0 0.0034183273 0.0 0.019095346 0.0 0.033749264 0.0 0.0 0.111424655 0.0 0.0 0.0 0.0 0.035476156 0.029347977 0.031753235 0.026880471 0.0 0.0 0.10670942 0.04313552 0.007135093 0.0 0.07814659 0.0 0.0 0.0 0.0 0.0 0.010620694 0.0 0.021876106 0.0 0.022780895 0.009302994 0.09347751
0.0 0.0 0.021169405 0.0 0.03950373 0.0 0.06854087 0.0 0.0 0.016428504 0.02869357 0.0 0.0 0.0 0.0 0.028115308 0.04390963 0.08357465 0.0070175417 0.0012929934 0.012592555 0.0 0.0 0.12915495 0.011630126 0.0 0.006634635 0.0 0.0 0.01869038 0.04171028 0.0 0.0 0.029347977 0.08347012 0.110383645 0.021624105 0.1106837 0.0 0.0029523987 0.046603356 0.0 0.0 0.015287652 0.0 0.009891423 0.0 0.0 0.042362135 0.0077558435 0.0 0.048057683 0.0 0.0 0.0 0.0
0.0 0.0 0.0 0.0 0.0 0.0 0.0 0.046633177 0.0 0.0 0.0 0.12806678 0.0 0.019964643 0.0 0.0 0.0 0.0 0.0 0.03659278 0.011641264 0.014663106 0.043687742 0.0 0.0 0.02969306 0.0 0.06261324 0.0 0.012551628 0.018152744 0.0 0.0 0.031753235 0.110383645 0.0 0.0 0.0 0.0 0.04995053 0.106047176 0.0 0.0 0.0 0.0 0.0 0.0 0.013540872 0.0 0.05365594 0.025752837 0.010638885 0.0 0.058564432 0.010376678 0.07294247
0.030414855 0.0 0.06863543 0.0 0.0 0.020599004 0.07836071 0.0 0.0 0.08831808 0.0 0.051456094 0.0 0.0 0.0 0.0 0.02117227 0.0 0.0 0.0 0.06083903 0.035387877 0.025581984 0.0 0.0 0.0 0.11392983 0.019305635 0.0 0.048877545 0.0 0.0 0.018692534 0.026880471 0.021624105 0.0 0.0 0.0 0.08137885 0.0018594716 0.0 0.0 0.0 0.030500315 0.035740558 0.0 0.0 0.06451374 0.038307495 0.13360927 0.0 0.0 0.012381526 0.0 0.0 0.0
0.0111483615 0.020731755 0.007892784 0.0 0.0 0.0049729077 0.0 0.009999001 0.03971746 0.0 0.0 0.0 0.00038140855 0.06245324 0.0049446137 0.0 0.0 0.0 0.0 0.04663942 0.0 0.0 0.079017885 0.059604984 0.0 0.011862646 0.051581293 0.017983794 0.0 0.0 0.017622313 0.0 0.021195235 0.0 0.1106837 0.0 0.0 0.0 0.0 0.0 0.056030974 0.0 0.025949651 0.0 0.0 0.0 0.01555983 0.0 0.0 0.017225048 0.09043871 0.09552807 0.0 0.015055501 0.032244574 0.0
0.0 0.08718159 0.0 0.0 0.012677031 0.03961149 0.0 0.0518314 0.0 0.0 0.05574617 0.0 0.0 0.0 0.024723155 0.023708504 0.0 0.0 0.0 0.018902851 0.021432469 0.0 0.1206823 0.040278304 0.0 0.03725031 0.026149495 0.0 0.0 0.0 0.0 0.0034528207 0.040856913 0.0 0.0 0.0 0.08137884 0.0 0.004647052 0.0 0.0 0.0 0.0 0.0 0.0 0.0 0.0 0.004385541 0.09116911 0.0 0.101577155 0.0 0.0 0.0 0.061426833 0.0
0.0 0.0 0.035832927 0.0 0.0 0.0 0.0 0.057285886 0.0 0.0 0.0 0.0 0.0 0.13145566 0.0 0.0 0.0 0.0 0.0 0.0 0.0 0.0 0.0 0.0 0.0035520915 0.0 0.0 0.031868912 0.08267509 0.01508318 0.0 0.0 0.0 0.10670942 0.0029523987 0.04995053 0.0018594716 0.0 0.0 0.018624831 0.0065212483 0.0 0.0 0.0 0.09977811 0.0 0.0 0.045238964 0.0 0.0062813484 0.009783968 0.08802253 0.0 0.0 0.045063503 0.098752216
0.0 0.0 0.02955805 0.0 0.0 0.0 0.06400948 0.0 0.0 0.02689058 0.0 0.041879173 0.017817775 0.0101258475 0.0 0.0 0.051674824 0.0 0.1088892 0.001607713 0.0 0.03463982 0.0 0.0 0.04082177 0.0 0.0 0.0 0.10281715 0.0 0.0 0.0 0.0 0.04313552 0.046603356 0.10604718 0.0 0.056030974 0.0 0.0065212483 0.0 0.0 0.0 0.0 0.105493024 0.00426507 0.0 0.0 0.0 0.08409617 0.0 0.0020181835 0.0 0.0 0.0059671733 0.1666555
0.0 0.0 0.012365874 0.07030982 0.06375158 0.016102761 0.0 0.0 0.008645037 0.0 0.027784102 0.13648057 0.0 0.0 0.0 0.0 0.0 0.032113116 0.0025919052 0.07637498 0.0 0.0 0.0 0.0 0.057435505 0.0 0.015096044 0.0 0.034519613 0.0 0.0 0.0 0.0 0.007135093 0.0 0.0 0.0 0.0 0.0 0.0 0.0 0.0 0.0 0.0 0.0 0.058223136 0.0 0.0 0.0 0.0 0.0 0.0 0.14862691 0.0 0.06517923 0.0
0.0 0.0 0.0035664453 0.041001517 0.07201843 0.013374309 0.0 0.0 0.017093666 0.0 0.0 0.0 0.0 0.0066987225 0.0 0.0 0.0 0.07927358 0.016768852 0.09310052 0.0018809125 0.0 0.0 0.0 0.0 0.0 0.018943703 0.0 0.0 0.0 0.014673379 0.12512872 0.0 0.0 0.0 0.0 0.0 0.025949651 0.0 0.0 0.0 0.0 0.0 0.0 0.0 0.18755323 0.037155617 0.014674691 0.0 0.0 0.0020254827 0.0 0.08523516 0.0 0.07127814 0.0
0.0 0.0 0.0 0.032514203 0.0 0.019081695 0.0 0.15188639 0.0 0.0 0.0 0.0 0.0034861364 0.07667136 0.0 0.0061611994 0.004124883 0.0 0.0 0.0 0.0 0.0 0.0 0.0 0.0 0.021921638 0.0 0.0 0.01877988 0.0 0.0 0.0 0.0 0.07814659 0.015287652 0.0 0.030500313 0.0 0.0 0.0 0.0 0.0 0.0 0.0 0.08782832 0.0 0.0 0.0 0.0 0.0 0.03654592 0.06711259 0.0 0.08951284 0.14269604 0.07946229
0.09850264 0.0 0.0 0.0 0.0 0.007178025 0.0 0.053951327 0.0 0.08378773 0.0 0.005261444 0.0 0.0 0.0 0.025871275 0.039983094 0.0 0.0 0.0 0.0 0.040187728 0.0 0.050356742 0.0 0.0 0.0 0.0 0.0011105239 0.0 0.0 0.0 0.0 0.0 0.0 0.0 0.035740554 0.0 0.0 0.09977811 0.10549303 0.0 0.0 0.08782832 0.14032319 0.0 0.0 0.055570904 0.040948614 0.0 0.011091323 0.0 0.0 0.030073814 0.002500523 0.033764295
0.0 0.0 0.0 0.008009961 0.031856835 0.013941275 0.0 0.0 0.015073483 0.0 0.0 0.008400308 0.050738636 0.017187452 0.0 0.0 0.0 0.0 0.0 0.04398505 0.0 0.0 0.033099253 0.0 0.0 0.02971589 0.08019743 0.057109874 0.010152492 0.08417997 0.0 0.070637986 0.0 0.0 0.009891422 0.0 0.0 0.0 0.0 0.0 0.00426507 0.05822314 0.18755323 0.0 0.0 0.0 0.04043467 0.0 0.0 0.0 0.0 0.0035723655 0.0 0.079394735 0.0 0.0
0.0 0.010418518 0.0 0.09940772 0.10952193 0.0020207604 0.0 0.0 0.02551718 0.0055756313 0.027156537 0.0 0.07259432 0.015120997 0.07692551 0.1461094 0.0 0.0 0.01128199 0.043913525 0.0 0.0 0.05928794 0.0 0.0 0.0 0.0 0.017597409 0.0 0.0 0.029124578 0.025881065 0.0 0.0 0.0 0.0 0.0 0.015559829 0.0 0.0 0.0 0.0 0.037155617 0.0 0.0 0.04043467 0.0 0.0 0.0 0.0 0.036810193 0.07180385 0.0 0.048008658 0.034759082 0.0
0.04546938 0.045972213 0.0 0.0 0.0 0.013476194 0.06533216 0.04943917 0.0 0.097006746 0.0 0.0 0.0 0.0 0.0 0.0 0.0 0.017889362 0.0 0.0 0.0 0.0 0.0447462 0.086626925 0.0 0.020604385 0.020666294 0.0 0.0 0.0 0.0 0.0 0.04382846 0.0 0.0 0.013540872 0.06451374 0.0 0.004385541 0.045238968 0.0 0.0 0.014674691 0.0 0.055570904 0.0 0.0 0.0 0.0 0.0 0.022985918 0.0 0.0 0.0053065247 0.043033827 0.0
0.13079819 0.0 0.0014153786 0.0 0.0 0.033813167 0.030070849 0.03331408 0.0 0.025834413 0.0 0.0061098337 0.0 0.0 0.119687065 0.0200297 0.022478426 0.0 0.0 0.0 0.0061043147 0.035882942 0.023065226 0.0 0.0 0.027899062 0.0 0.019424263 0.0 0.039959308 0.0 0.0 0.011840473 0.0 0.042362135 0.0 0.038307495 0.0 0.09116911 0.0 0.0 0.0 0.0 0.0 0.040948614 0.0 0.0 0.0 0.0 0.09875274 0.0 0.0 0.0 0.0 0.06309253 0.0
0.0 0.0 0.0 0.020521957 0.0 0.017221179 0.0 0.1162614 0.0 0.0 0.083357304 0.0 0.03120813 0.0 0.0 0.0 0.0 0.0 0.026221186 0.0 0.0 0.0 0.04210382 0.048697643 0.0 0.021665314 0.0 0.0 0.0 0.0 0.0 0.0 0.0 0.010620694 0.0077558435 0.053655945 0.13360927 0.017225048 0.0 0.0062813484 0.08409617 0.0 0.0 0.0 0.0 0.0 0.0 0.0 0.09875273 0.0 0.078151256 0.010392709 0.0 0.0 0.0048507624 0.0
0.016285632 0.038641766 0.0 0.0 0.0 0.0 0.0 0.050237093 0.0 0.0 0.0 0.0 0.009489186 0.0 0.039293613 0.0 0.041867033 0.0 0.0 0.05794357 0.0 0.0 0.016210094 0.013118597 0.033614244 0.010160037 0.03299493 0.0070458865 0.0 0.046836007 0.03849987 0.019361518 0.13852248 0.0 0.0 0.025752837 0.0 0.09043871 0.10157715 0.009783968 0.0 0.0 0.0020254827 0.03654592 0.011091323 0.0 0.03681019 0.022985918 0.0 0.078151256 0.06192891 0.0 0.026848521 0.0 0.024647592 0.0
0.015784731 0.0 0.074791335 0.0 0.0 0.0 0.033251163 0.0 0.0 0.07806661 0.025552608 0.0 0.0 0.0 0.0 0.0 0.027164629 0.009122244 0.0 0.0 0.0 0.07788561 0.0 0.0 0.1393253 0.0 0.032643415 0.0 0.0 0.032153167 0.0 0.045166254 0.0 0.021876106 0.048057683 0.010638885 0.0 0.09552807 0.0 0.08802254 0.0020181835 0.0 0.0 0.067112595 0.0 0.0035723653 0.07180385 0.0 0.0 0.010392709 0.0 0.0 0.0 0.0 0.0 0.02052114
0.0 0.0 0.0 0.12056969 0.07362205 0.009690459 0.0 0.01876242 0.020998351 0.0 0.0 0.025150519 0.052168798 0.022132212 0.039610785 0.015163086 0.0 0.0 0.024529506 0.012647412 0.0 0.0071281046 0.0 0.0 0.0 0.06264776 0.0 0.028820217 0.11699262 0.0 0.0 0.017213358 0.0 0.0 0.0 0.0 0.012381527 0.0 0.0 0.0 0.0 0.14862692 0.085235156 0.0 0.0 0.0 0.0 0.0 0.0 0.0 0.02684852 0.0 0.0 0.11429138 0.0 0.0
0.0 0.0061099934 0.0 0.06900257 0.12045785 0.0 0.0 0.0 0.14400083 0.02611525 0.0067379866 0.0015856356 0.010157851 0.017687095 0.0 0.0 0.0007799393 0.056402322 0.0 0.0 0.0 0.0 0.0 0.0 0.0 0.0 0.0 0.0 0.0 0.0 0.0 0.0 0.0 0.022780895 0.0 0.058564432 0.0 0.015055501 0.0 0.0 0.0 0.0 0.0 0.08951285 0.030073814 0.079394735 0.04800866 0.005306525 0.0 0.0 0.0 0.0 0.11429138 0.0 0.0 0.0
0.0 0.041054554 0.020968178 0.0 0.0 0.012449221 0.037452504 0.0 0.0 0.0 0.0 0.0 0.0 0.012109103 0.0 0.0 0.118009716 0.0071769645 0.0 0.0 0.0 0.0 0.0 0.0 0.13110484 0.027712937 0.0075907493 0.0 0.0 0.054093003 0.0 0.011702701 0.016678864 0.009302994 0.0 0.010376677 0.0 0.032244574 0.06142683 0.045063503 0.0059671733 0.06517923 0.07127813 0.14269604 0.0025005233 0.0 0.034759082 0.043033827 0.06309253 0.0048507624 0.024647592 0.0 0.0 0.0 0.0 0.0
0.0 0.0 0.0 0.03134191 0.0 0.0 0.0 0.008730077 0.0 0.062860176 0.0 0.013163936 0.016020646 0.008974154 0.0 0.0 0.0 0.0039765104 0.06505643 0.0 0.0 0.0 0.0 0.025687413 0.0 0.0059004105 0.0 0.008629924 0.100145765 0.0 0.0 0.0 0.0 0.0934775 0.0 0.07294247 0.0 0.0 0.0 0.098752216 0.1666555 0.0 0.0 0.07946229 0.033764295 0.0 0.0 0.0 0.0 0.0 0.0 0.020521138 0.0 0.0 0.0 0.13366893
