0.0 0.0 0.022678785 0.0 0.09924652 0.0083304625 0.094107784 0.0 0.045506194 0.0 0.0065554087 0.0 0.014744455 0.0 0.0 0.0 0.08234979 0.08223581 0.040179066 0.008587924 0.005395436 0.0 0.019578263 0.0 0.0 0.0 0.025595296 0.0 0.008752181 0.0 0.098176144 0.0 0.13559204 0.0 0.0 0.0 0.0 0.0 0.001489036 0.031916242 0.016980488 0.010875492 0.0 0.0 0.0022854097 0.0 0.06594875 0.0 0.011230182 0.0 0.01895597 0.0 0.048046287 0.018382406 0.009220117 0.0
0.0 0.09519766 0.0 0.0 0.0 0.030377686 0.0055222474 0.03363837 0.065192044 0.0 0.11697893 0.083926246 0.0 0.0 0.0 0.0 0.0 0.0 0.029120674 0.0 0.0 0.049084336 0.0 0.047957428 0.0 0.014259215 0.0 0.018097108 0.004729949 0.049922995 0.0 0.06660013 0.032137718 0.0 0.04508729 0.0 0.036628935 0.0 0.017403176 0.0 0.0 0.0 0.0 0.0 0.0 0.038479812 0.014908421 0.0 0.0 0.08264643 0.0 0.0 0.0 0.0 0.0 0.0
0.022678785 0.0 0.0 0.035322756 0.0 0.0 0.062629774 0.009618255 0.0 0.05569699 0.0 0.0 0.0 0.0 0.05762188 0.03362969 0.069868855 0.032153282 0.0 0.051536694 0.0 0.038745075 0.15292601 0.0 0.0 0.002137573 0.01114278 0.007931433 0.0 0.10994977 0.01513552 0.0 0.015459129 0.011258734 0.01767071 0.0 0.0 0.0 0.0 0.0 0.0 0.03217942 0.0 0.0 0.0 0.019220963 0.0 0.0 0.0 0.014845255 0.012251022 0.0 0.0 0.0 0.0 0.0
0.0 0.0 0.035322756 0.0 0.0 0.0 0.0 0.022997502 0.005788989 0.0 0.0 0.08044633 0.04012778 0.0 0.036493152 0.011188668 0.0 0.0 0.0 0.018022684 0.0024978458 0.0061941748 0.0 0.061068233 0.023033114 0.016839508 0.0 0.011201362 0.0 0.0 0.0 0.017692791 0.0 0.0 0.0 0.0015070094 0.042665947 0.053719576 0.0 0.0 0.014747902 0.03866663 0.062808186 0.0044900565 0.0 0.20293368 0.042508412 0.018541286 0.0 0.0 0.0 0.0 0.0 0.0 0.06453338 0.03754085
0.09924651 0.0 0.0 0.0 0.0 0.0 0.0 0.14788157 0.0 0.044845264 0.0023387733 0.0 0.0 0.0 0.0 0.0 0.0 0.0 0.0 0.0 0.0 0.012521918 0.0 0.15122427 0.0 0.0 0.012108189 0.07183533 0.0 0.0 0.0 0.0 0.0 0.0 0.07474041 0.0 0.0 0.016970875 0.0 0.0 0.01626061 0.022192497 0.0 0.0 0.12201161 0.0 0.0 0.0 0.0 0.0 0.0 0.12588191 0.0 0.0 0.029320559 0.04209009
0.0083304625 0.030377684 0.0 0.0 0.0 0.079946734 0.0 0.062775314 0.0 0.0037432893 0.022604033 0.0 0.0 0.0 0.04079904 0.054873534 0.0012198018 0.0 0.0 0.062443864 0.007916353 0.0 0.047656834 0.06879538 0.0 0.0 0.055548575 0.0055094347 0.0 0.0 0.0 0.0 0.00983119 0.0 0.021506127 0.0 0.03151983 0.020433538 0.0 0.0 0.0 0.06315197 0.0 0.0 0.06317225 0.03138152 0.0 0.0 0.012223942 0.0 0.041767504 0.021551384 0.0 0.021505285 0.028571894 0.002340728
0.094107784 0.0055222474 0.062629774 0.0 0.0 0.0 0.0 0.0 0.0 0.0 0.049862284 0.0 0.0 0.0 0.0 0.01800225 0.009588757 0.10032089 0.0 0.0133223105 0.0 0.0 0.057908967 0.0 0.0 0.0 0.0 0.0 0.030598035 0.055548653 0.05716079 0.0 0.012343247 0.0 0.05141749 0.002482385 0.062200505 0.0 0.0 0.0027732046 0.0 0.0 0.0 0.0 0.034982476 0.0 0.0 0.0 0.0 0.04341917 0.0 0.0 0.0 0.0 0.0 0.008274358
0.0 0.03363837 0.009618255 0.022997502 0.14788158 0.062775314 0.0 0.0 0.09214344 0.0 0.071431436 0.012386781 0.0 0.06734216 0.0 0.006131698 0.036898773 0.031049926 0.088891305 0.042227652 0.045414824 0.0 0.0 0.0 0.0 0.0014407189 0.009775709 0.0 0.025166163 0.0 0.09733533 0.008795367 0.006568214 0.0 0.0 0.0 0.0032465097 0.0 0.020006396 0.0 0.0 0.0 0.0121743595 0.0 0.0 0.0 0.018043242 0.04156213 0.0008394988 0.0 0.0 0.0 0.04200573 0.040237308 0.0037795985 0.0
0.04550619 0.065192044 0.0 0.005788989 0.0 0.0 0.0 0.092143446 0.0 0.061229263 0.0016257501 0.019431267 0.0 0.0 0.0 0.0 0.0 0.0 0.0 0.0 0.0 0.17516924 0.0 0.0014631336 0.011422026 0.0 0.0 0.097668715 0.0171741 0.0 0.0 0.0 0.0 0.06581396 0.107038945 0.0 0.0 0.02055328 0.0 0.0 0.0 0.0 0.0 0.0041470705 0.018958291 0.0 0.0035341333 0.0 0.0 0.09575341 0.0 0.023643304 0.0 0.032614183 0.0 0.02773435
0.0 0.0 0.05569699 0.0 0.044845264 0.0037432893 0.0 0.0 0.061229266 0.0 0.0151964715 0.0 0.0 0.0 0.0 0.021225413 0.0 0.13096303 0.0057078283 0.0 0.0 0.010710758 0.014340046 0.0050264704 0.0 0.0 0.009891616 0.0 0.0 0.0 0.022590714 0.031868227 0.09656574 0.0 0.0 0.09643228 0.0 0.0 0.0 0.018770725 0.02118782 0.0 0.0 0.0 0.0 0.0 0.0 0.046193365 0.02249314 0.0 0.09861753 0.009208491 0.0 0.13511 0.0 0.0
0.0065554082 0.116978936 0.0 0.0 0.0023387733 0.022604035 0.049862288 0.07143144 0.0016257501 0.0151964715 0.0 0.050017893 0.0 0.0 0.0034539823 0.0 0.03209711 0.0 0.04725465 0.0 0.0 0.0 0.0 0.010473411 0.0 0.0 0.0 0.0 0.07029341 0.00021682392 0.015137523 0.03437463 0.0 0.0005588481 0.011670992 0.10177954 0.0 0.026582217 0.046756204 0.0 0.0665995 0.031324036 0.0069935527 0.0 0.009363581 0.0009521586 0.06793294 0.0022160546 0.01879168 0.0 0.0 0.023701876 0.028467016 0.043620124 0.027041363 0.047276404
0.0 0.083926246 0.0 0.08044633 0.0 0.0 0.0 0.01238678 0.019431265 0.0 0.050017893 0.0 0.0 0.0 0.0 0.008538128 0.0040109805 0.0 0.0 0.04938465 0.0 0.0 0.115035206 0.0 0.0 0.038101148 0.07246449 0.0 0.03508386 0.07943975 0.0 0.0 0.0 0.030054208 0.043066557 0.027230956 0.0 0.0 0.006878452 0.0 0.069167994 0.0 0.0 0.0 0.0 0.0 0.0 0.0 0.0 0.0 0.030625716 0.0 0.0 0.0011280439 0.015432951 0.0
0.014744456 0.0 0.0 0.040127784 0.0 0.0 0.0 0.0 0.0 0.0 0.0 0.0 0.039265357 0.052998938 0.0 0.0 0.0 0.0 0.019509535 0.0 0.0 0.0 0.0 0.0 0.04142009 0.014154258 0.0054236036 0.07979265 0.035554737 0.0012627837 0.0 0.0 0.0 0.11876839 0.009250926 0.0 0.0 0.0 0.02862083 0.026019132 0.042579915 0.0 0.0 0.1467626 0.0 0.010405148 0.0 0.008212734 0.0 0.06430537 0.0 0.03426056 0.0 0.0 0.0 0.007131068
0.0 0.0 0.0 0.0 0.0 0.0 0.0 0.06734216 0.0 0.0 0.0 0.0 0.052998938 0.0 0.0 0.0 0.0 0.056050498 0.0 0.0 0.0 0.0 0.012196333 0.0 0.028057713 0.0 0.005888396 0.009490204 0.0 0.0 0.0 0.0 0.0 0.13821109 0.00922261 0.0 0.0 0.0 0.1727501 0.0 0.003169905 0.0 0.0 0.038897462 0.0 0.04095595 0.018356267 0.09052431 0.0 0.03787293 0.0064719333 0.06495287 0.0 0.0 0.0 0.0
0.0 0.0 0.05762188 0.036493152 0.0 0.040799044 0.0 0.0 0.0 0.0 0.0034539825 0.0 0.0 0.0 0.0 0.060462963 0.01766312 0.0 0.0 0.09383386 0.0 0.0036118338 0.0 0.002650393 0.0 0.0 0.039412137 0.0 0.0 0.0 0.07435662 0.0 0.043516118 0.0 0.0 0.0 0.04068942 0.010282257 0.01595778 0.0 0.0 0.0 0.0 0.0 0.054136485 0.017293157 0.0 0.0 0.0980421 0.02885257 0.015370372 0.050610956 0.0 0.0 0.0676962 0.0
0.0 0.0 0.033629693 0.011188669 0.0 0.054873534 0.01800225 0.006131698 0.0 0.021225415 0.0 0.008538127 0.0 0.0 0.060462963 0.0 0.04537337 0.0 0.0 0.06702673 0.06850878 0.06302549 0.0 0.0 0.05622603 0.0 0.0 0.0 0.0 0.0 0.0 0.0 0.014904744 0.03818602 0.0 0.0 0.014052178 0.0 0.013470943 0.0 0.0 0.0032079422 0.0 0.0070178723 0.13247159 0.014658744 0.012214688 0.0404643 0.07791896 0.107716605 0.0 0.0 0.03497273 0.008865154 0.0 0.037508678
0.08234979 0.0 0.069868855 0.0 0.0 0.0012198018 0.009588756 0.03689877 0.0 0.0 0.03209711 0.0040109805 0.0 0.0 0.017663117 0.04537337 0.0 0.018782767 0.0 0.0055094846 0.0 0.052708723 0.033664726 0.0 0.0 0.01154107 0.0 0.0 0.0 0.13723339 0.015642133 0.0 0.042739477 0.016969277 0.12673177 0.0 0.0 0.0 0.019457195 0.0 0.040158127 0.0 0.0 0.0 0.0 0.01910115 0.0 0.0 0.0040509417 0.010224527 0.0 0.030186994 0.0 0.0 0.029805833 0.0042399573
0.08223581 0.0 0.03215328 0.0 0.0 0.0 0.10032089 0.031049924 0.0 0.13096303 0.0 0.0 0.0 0.056050498 0.0 0.0 0.018782768 0.0 0.0 0.010781147 0.005981701 0.099582195 0.0 0.0 0.0 0.0 0.0 0.0 0.0 0.006339697 0.017197074 0.015171509 0.012815291 0.0 0.06342968 0.0 0.0 0.0 0.0 0.0 0.0 0.021206645 0.0 0.0 0.14952208 0.0 0.0 0.007042008 0.037492417 0.0 0.0 0.046066687 0.0 0.0 0.03700482 0.023955492
0.040179066 0.029120676 0.0 0.0 0.0 0.0 0.0 0.088891305 0.0 0.0057078283 0.047254648 0.0 0.019509537 0.0 0.0 0.0 0.0 0.0 0.0 0.0 0.0 0.0047638733 0.0 0.0837535 0.0 0.08094025 0.0 0.04823268 0.0071817236 0.0 0.0 0.0 0.0 0.0 0.057477213 0.0 0.0 0.0 0.0 0.025155423 0.028463941 0.0039740815 0.0 0.0 0.018333796 0.010144579 0.02362767 0.0 0.0 0.07124952 0.0641402 0.09071817 0.0 0.0 0.0 0.08098302
0.008587924 0.0 0.051536698 0.018022683 0.0 0.06244386 0.01332231 0.042227652 0.0 0.0 0.0 0.04938465 0.0 0.0 0.09383386 0.067026734 0.0055094846 0.010781147 0.0 0.0 0.0 0.0183006 0.05217986 0.009530474 0.0 0.007115919 0.01983432 5.8079097e-09 0.0 0.013049428 0.0 0.0 0.029164352 0.0 0.0 0.0 0.018594969 0.0 0.0 0.0 0.0 0.0 0.0 0.0 0.0 0.03998975 0.0 0.05283462 0.059988663 0.06386683 0.061530087 0.026884435 0.0 0.0 0.048191335 0.0
0.005395436 0.0 0.0 0.0024978456 0.0 0.007916353 0.0 0.045414824 0.0 0.0 0.0 0.0 0.0 0.0 0.0 0.068508774 0.0 0.0059817014 0.0 0.0 0.0 0.0 0.11441209 0.040115476 0.0 0.0 0.040232904 0.0 0.0 0.011161819 0.103290215 0.0 0.013388867 0.0 0.0 0.0 0.003069719 0.05234399 0.0 0.0 0.0 0.0 0.0 0.0 0.12341767 0.0059523927 0.0 0.014111156 0.11816963 0.0 0.092096806 0.0 0.0 0.037147116 0.0 0.0
0.0 0.04908433 0.038745075 0.0061941748 0.012521917 0.0 0.0 0.0 0.17516924 0.010710758 0.0 0.0 0.0 0.0 0.003611834 0.06302549 0.052708726 0.099582195 0.0047638733 0.0183006 0.0 0.09555916 0.022986772 0.0 0.01975257 0.0 0.027258571 0.0 0.0 0.0 0.0 0.0 0.0 0.083490536 0.0 0.0004891856 0.0 0.0 0.0 0.02694943 0.0 0.0 0.0 0.035556164 0.0 0.0 0.02109552 0.0 0.0 0.0 0.023232851 0.0 0.0 0.0 0.0 0.0
0.019578265 0.0 0.152926 0.0 0.0 0.04765683 0.057908967 0.0 0.0 0.014340045 0.0 0.11503521 0.0 0.012196333 0.0 0.0 0.033664726 0.0 0.0 0.05217986 0.1144121 0.022986772 0.0 0.0 0.074798115 0.0 0.0 0.0 0.020352531 0.0 0.0 0.0 0.0 0.042771176 0.0 0.06040863 0.023154804 0.0 0.048048776 0.0 0.0 0.075660124 0.03358329 0.0 0.044389397 0.0036586984 0.022600632 0.061209098 0.0101418495 0.0 0.0 0.0 0.026746992 0.0073188194 0.0 0.13967352
0.0 0.047957428 0.0 0.061068233 0.15122427 0.06879538 0.0 0.0 0.0014631336 0.0050264704 0.01047341 0.0 0.0 0.0 0.002650393 0.0 0.0 0.0 0.0837535 0.0095304735 0.04011548 0.0 0.0 0.0 0.054325942 0.0 0.0 0.0 0.0 0.004270285 0.0 0.08311879 0.12467101 0.004668538 0.0 0.0 0.0 0.0 0.04164552 0.0 0.0 0.0 0.024038488 0.073523715 0.0 0.0 0.020368222 0.063930444 0.004844236 0.0 0.0 0.0 0.061433494 0.017014418 0.0 0.0
0.0 0.0 0.0 0.023033112 0.0 0.0 0.0 0.0 0.011422026 0.0 0.0 0.0 0.04142009 0.028057713 0.0 0.05622603 0.0 0.0 0.0 0.0 0.0 0.01975257 0.07479812 0.054325942 0.017703038 0.016922465 0.12761931 0.050139736 0.0 0.05086123 0.0 0.021371098 0.0 0.0 0.051470887 0.054337982 0.0 0.04019064 0.0075981063 0.0 0.09189525 0.0 0.0 0.04605856 0.0 0.0 0.0 0.0 0.0 0.0 0.022995187 0.0047719977 0.0010639062 0.0 0.124793574 0.0
0.0 0.014259215 0.002137573 0.016839506 0.0 0.0 0.0 0.0014407189 0.0 0.0 0.0 0.038101148 0.014154258 0.0 0.0 0.0 0.01154107 0.0 0.08094025 0.007115919 0.0 0.0 0.0 0.0 0.016922465 0.0 0.0 0.0 0.0 0.0059089055 0.02325651 0.139001 0.05814393 0.07348076 0.0 0.0 0.0 0.0 0.07351949 0.0 0.043227103 0.0 0.022703324 0.07798712 0.0 0.077925816 0.013930751 0.02962158 0.017632665 0.0 0.0 0.0 0.16519679 0.00076131173 0.0 0.0
0.025595296 0.0 0.01114278 0.0 0.012108189 0.055548575 0.0 0.009775709 0.0 0.009891616 0.0 0.072464496 0.0054236036 0.005888396 0.03941214 0.0 0.0 0.0 0.0 0.01983432 0.040232904 0.027258571 0.0 0.0 0.12761931 0.0 0.0 0.0 0.015365758 0.0075159282 0.0 0.0 0.0 0.047513276 0.0 0.0037767293 0.0 0.012726757 0.0 0.0 0.0 0.08684571 0.0 0.15418336 0.0 0.018057065 0.07267131 0.0 0.0 0.012918904 0.0 0.0 0.061596163 0.011411567 0.0 0.03246134
0.0 0.018097106 0.007931433 0.011201362 0.07183533 0.0055094347 0.0 0.0 0.097668715 0.0 0.0 0.0 0.07979265 0.009490204 0.0 0.0 0.0 0.0 0.04823268 5.80791e-09 0.0 0.0 0.0 0.0 0.050139736 0.0 0.0 0.0 0.0 0.0 0.0 0.18831497 0.0 0.008440372 0.0 0.0 0.0 0.0 0.009193851 0.0051954687 0.0 0.0 0.08877507 0.04061236 0.0 0.06526753 0.11338861 0.05187655 0.00889791 0.0 0.0 0.0 0.05994156 0.011374696 0.015930142 0.0
0.008752181 0.004729949 0.0 0.0 0.0 0.0 0.030598035 0.025166163 0.0171741 0.0 0.070293404 0.03508386 0.035554737 0.0 0.0 0.0 0.0 0.0 0.0071817236 0.0 0.0 0.0 0.020352531 0.0 0.0 0.0 0.015365757 0.0 0.0 0.18455052 0.0 0.0 0.05697529 0.009532545 0.0 0.0 0.007127279 0.0 0.0 0.057947367 0.0 0.0 0.0 0.0 0.0 0.008233478 0.094021864 0.0 0.018218866 0.020709038 0.030743117 0.033141457 0.0 0.0 0.0 0.0
0.0 0.049922995 0.10994977 0.0 0.0 0.0 0.055548653 0.0 0.0 0.0 0.0002168239 0.07943975 0.0012627837 0.0 0.0 0.0 0.13723339 0.006339697 0.0 0.013049428 0.011161819 0.0 0.0 0.004270285 0.05086123 0.0059089055 0.0075159282 0.0 0.18455054 0.06443544 0.0 0.013369797 0.0 0.018318705 0.015091304 0.0 0.0 0.0 0.0 0.0 0.016368845 0.0639044 0.00597896 0.0020386882 0.0 0.0 0.0 0.0 0.06913814 0.0 0.0 0.0 0.009841513 0.0 0.0 0.06539399
0.098176144 0.0 0.01513552 0.0 0.0 0.0 0.05716079 0.09733532 0.0 0.022590714 0.015137523 0.0 0.0 0.0 0.07435662 0.0 0.015642133 0.017197074 0.0 0.0 0.10329021 0.0 0.0 0.0 0.0 0.023256512 0.0 0.0 0.0 0.0 0.0 0.0 0.0 0.0057504666 0.0 0.032580093 0.0816524 0.055042654 0.0054769567 0.0 0.014449466 0.08481337 0.027045613 0.034895405 0.0 0.03573888 0.039572686 0.0 0.0 0.0 0.0 0.0 0.0 0.0 0.0 0.0
0.0 0.06660013 0.0 0.017692793 0.0 0.0 0.0 0.008795368 0.0 0.031868223 0.03437463 0.0 0.0 0.0 0.0 0.0 0.0 0.015171508 0.0 0.0 0.0 0.0 0.0 0.08311879 0.0213711 0.139001 0.0 0.18831497 0.0 0.013369797 0.0 0.0 0.0 0.0 0.058872826 0.0 0.0 0.06739197 0.0 0.0 0.0 0.0 0.0 0.0 0.02668069 0.0 0.0 0.0 0.0 0.0 0.010763867 0.03509845 0.0 0.0 0.03283597 0.021752724
0.13559204 0.032137718 0.015459129 0.0 0.0 0.00983119 0.0123432465 0.006568214 0.0 0.09656574 0.0 0.0 0.0 0.0 0.04351612 0.014904743 0.042739477 0.01281529 0.0 0.029164352 0.013388866 0.0 0.0 0.12467101 0.0 0.05814393 0.0 0.0 0.056975294 0.0 0.0 0.0 0.0 0.0 0.0 0.046532087 0.15449974 0.0 0.0 0.0 0.056888375 0.05080812 0.04382996 0.0 0.058269046 0.0 0.0 0.0 0.0 0.0 0.0 0.01052158 0.0 0.0 0.0 0.009559298
0.0 0.0 0.011258734 0.0 0.0 0.0 0.0 0.0 0.06581396 0.0 0.0005588481 0.030054206 0.11876838 0.1382111 0.0 0.03818602 0.016969277 0.0 0.0 0.0 0.0 0.08349053 0.042771176 0.004668538 0.0 0.07348076 0.047513276 0.008440372 0.009532545 0.018318705 0.005750467 0.0 0.0 0.011268316 0.0 0.0026978229 0.0 0.0 0.0 0.15877354 0.065799735 0.0 0.0 0.0 0.0 0.007261471 0.0 0.0 0.0 0.0 0.0 0.026566664 0.0 0.022373041 0.007966934 0.0
0.0 0.045087293 0.017670708 0.0 0.07474041 0.021506127 0.051417492 0.0 0.10703895 0.0 0.011670991 0.043066557 0.009250927 0.00922261 0.0 0.0 0.12673178 0.06342969 0.057477213 0.0 0.0 0.0 0.0 0.0 0.051470887 0.0 0.0 0.0 0.0 0.015091304 0.0 0.058872823 0.0 0.0 0.0 0.057524852 0.0027770316 0.0 0.0 0.02251405 0.009802511 0.0 0.052778598 0.018590817 0.0 0.0 0.06506889 0.0026832172 0.0 0.0 0.0 0.0 0.123873726 0.018934853 0.0 0.0
0.0 0.0 0.0 0.0015070094 0.0 0.0 0.0024823851 0.0 0.0 0.09643228 0.10177954 0.027230958 0.0 0.0 0.0 0.0 0.0 0.0 0.0 0.0 0.0 0.0004891856 0.060408633 0.0 0.054337982 0.0 0.0037767293 0.0 0.0 0.0 0.032580093 0.0 0.046532087 0.0026978229 0.057524852 0.027342578 0.0 0.039850898 0.07902331 0.0 0.0 0.0 0.0 0.0 0.0064291945 0.0 0.07456404 0.0 0.06458451 0.057435498 0.023281336 0.024737697 0.0 0.0 0.0 0.0
0.0 0.036628935 0.0 0.042665947 0.0 0.031519834 0.0622005 0.0032465097 0.0 0.0 0.0 0.0 0.0 0.0 0.040689416 0.014052179 0.0 0.0 0.0 0.01859497 0.003069719 0.0 0.023154804 0.0 0.0 0.0 0.0 0.0 0.007127279 0.0 0.0816524 0.0 0.15449975 0.0 0.0027770319 0.0 0.0 0.0 0.0 0.0 0.028902123 0.0054178224 0.015343213 0.0 0.0 0.0 0.0 0.04019107 0.12948373 0.0 0.17112692 0.0 0.0 0.098057434 0.009703375 0.0
0.0 0.0 0.0 0.053719576 0.016970875 0.02043354 0.0 0.0 0.020553282 0.0 0.026582217 0.0 0.0 0.0 0.010282258 0.0 0.0 0.0 0.0 0.0 0.052343994 0.0 0.0 0.0 0.04019064 0.0 0.012726757 0.0 0.0 0.0 0.05504265 0.06739197 0.0 0.0 0.0 0.0398509 0.0 0.3015525 0.032299973 0.0 0.0 0.009417933 0.0 0.0 0.0 0.0 0.0 0.0 0.14708559 0.0 0.0075393086 0.0 0.0 0.0 0.027345398 0.0
0.0014890359 0.017403174 0.0 0.0 0.0 0.0 0.0 0.020006396 0.0 0.0 0.046756204 0.0068784524 0.02862083 0.1727501 0.015957778 0.013470943 0.019457195 0.0 0.0 0.0 0.0 0.0 0.04804878 0.04164552 0.007598106 0.07351949 0.0 0.009193851 0.0 0.0 0.0054769567 0.0 0.0 0.0 0.0 0.07902331 0.0 0.03229997 0.0 0.0056153913 0.06796954 0.068085685 0.06671139 0.0 0.0 0.017301403 0.0 0.0 0.0 0.0 0.04040521 0.018847909 0.0 0.039697804 0.09242153 0.0
0.031916242 0.0 0.0 0.0 0.0 0.0 0.0027732046 0.0 0.0 0.018770725 0.0 0.0 0.02601913 0.0 0.0 0.0 0.0 0.0 0.025155421 0.0 0.0 0.02694943 0.0 0.0 0.0 0.0 0.0 0.005195469 0.057947367 0.0 0.0 0.0 0.0 0.15877354 0.02251405 0.0 0.0 0.0 0.0056153913 0.0 0.0 0.0 0.0 0.101051874 0.011981924 0.058942087 0.05452571 0.08127322 0.0 0.1125853 0.0 0.0 0.0 0.0 0.0 0.20680071
0.016980486 0.0 0.0 0.014747902 0.01626061 0.0 0.0 0.0 0.0 0.02118782 0.0665995 0.06916799 0.042579915 0.0031699047 0.0 0.0 0.040158127 0.0 0.028463941 0.0 0.0 0.0 0.0 0.0 0.09189525 0.043227103 0.0 0.0 0.0 0.016368845 0.014449466 0.0 0.056888375 0.065799735 0.009802512 0.0 0.028902125 0.0 0.067969546 0.0 0.0 0.0 0.0 0.06482156 0.010697866 0.0 0.021276247 0.059557833 0.0 0.07465473 0.01129544 0.0 0.0 0.0 0.0 0.03433177
0.010875493 0.0 0.03217942 0.03866663 0.022192495 0.06315197 0.0 0.0 0.0 0.0 0.031324036 0.0 0.0 0.0 0.0 0.0032079425 0.0 0.021206645 0.0039740815 0.0 0.0 0.0 0.07566012 0.0 0.0 0.0 0.0868457 0.0 0.0 0.0639044 0.08481337 0.0 0.05080812 0.0 0.0 0.0 0.005417823 0.009417933 0.06808568 0.0 0.0 0.0 0.0 0.0 0.0062299613 0.0 0.0 0.0052933237 0.0 0.08448768 0.11096301 0.0050084223 0.01197681 0.0 0.05248886 0.0
0.0 0.0 0.0 0.06280819 0.0 0.0 0.0 0.012174359 0.0 0.0 0.006993553 0.0 0.0 0.0 0.0 0.0 0.0 0.0 0.0 0.0 0.0 0.0 0.033583295 0.024038486 0.0 0.022703324 0.0 0.08877506 0.0 0.0059789596 0.027045613 0.0 0.04382996 0.0 0.052778598 0.0 0.0153432125 0.0 0.06671139 0.0 0.0 0.0 0.0 0.0 0.025389163 0.0 0.0 0.03646404 0.0 0.04045832 0.04704377 0.076816484 0.0005416707 0.0 0.11672248 0.0
0.0 0.0 0.0 0.004490057 0.0 0.0 0.0 0.0 0.0041470705 0.0 0.0 0.0 0.1467626 0.038897462 0.0 0.0070178723 0.0 0.0 0.0 0.0 0.0 0.035556164 0.0 0.073523715 0.046058558 0.07798712 0.15418336 0.04061236 0.0 0.0020386884 0.034895405 0.0 0.0 0.0 0.018590817 0.0 0.0 0.0 0.0 0.10105187 0.06482156 0.0 0.0 0.0 0.0 0.0 0.0 0.0 0.0 0.05834135 0.0 0.0 0.0 0.015219712 0.032396927 0.02207474
0.0022854097 0.0 0.0 0.0 0.12201161 0.06317225 0.034982476 0.0 0.018958291 0.0 0.009363581 0.0 0.0 0.0 0.054136485 0.1324716 0.0 0.1495221 0.018333796 0.0 0.12341767 0.0 0.044389397 0.0 0.0 0.0 0.0 0.0 0.0 0.0 0.0 0.026680691 0.058269043 0.0 0.0 0.0064291945 0.0 0.0 0.0 0.011981924 0.010697867 0.006229961 0.025389163 0.0 0.0 0.0 0.0154240215 0.0 0.054406513 0.0 0.0 0.0 0.0 0.0750989 0.0 0.0
0.0 0.038479812 0.019220963 0.20293368 0.0 0.03138152 0.0 0.0 0.0 0.0 0.00095215853 0.0 0.010405148 0.040955953 0.017293159 0.014658745 0.019101148 0.0 0.01014458 0.039989755 0.0059523927 0.0 0.0036586984 0.0 0.0 0.077925816 0.018057065 0.06526754 0.008233478 0.0 0.035738885 0.0 0.0 0.0072614704 0.0 0.0 0.0 0.0 0.017301403 0.058942087 0.0 0.0 0.0 0.0 0.0 0.0 0.010113433 0.03171173 0.0 0.0 0.024227088 0.0 0.0 0.13872218 0.0099740075 0.009451012
0.06594875 0.014908422 0.0 0.042508412 0.0 0.0 0.0 0.018043244 0.0035341333 0.0 0.06793294 0.0 0.0 0.018356267 0.0 0.012214688 0.0 0.0 0.023627669 0.0 0.0 0.02109552 0.022600632 0.020368222 0.0 0.013930752 0.07267131 0.11338861 0.094021864 0.0 0.039572686 0.0 0.0 0.0 0.06506889 0.07456404 0.0 0.0 0.0 0.054525714 0.021276245 0.0 0.0 0.0 0.015424022 0.010113432 0.0 0.0 0.0 0.016959233 0.05463183 0.09768137 0.0 0.0051841894 0.008693425 0.022144288
0.0 0.0 0.0 0.018541286 0.0 0.0 0.0 0.041562125 0.0 0.04619336 0.0022160544 0.0 0.008212734 0.0905243 0.0 0.0404643 0.0 0.007042008 0.0 0.052834623 0.014111156 0.0 0.061209098 0.06393044 0.0 0.02962158 0.0 0.05187655 0.0 0.0 0.0 0.0 0.0 0.0 0.0026832174 0.0 0.040191073 0.0 0.0 0.08127323 0.059557833 0.0052933237 0.03646404 0.0 0.0 0.03171173 0.0 0.0 0.0 0.0 0.060525242 0.10056617 0.0 0.020661624 0.0012123772 0.0
0.011230182 0.0 0.0 0.0 0.0 0.012223942 0.0 0.0008394988 0.0 0.022493143 0.01879168 0.0 0.0 0.0 0.09804211 0.07791896 0.004050941 0.037492417 0.0 0.059988666 0.11816962 0.0 0.0101418495 0.004844236 0.0 0.017632665 0.0 0.00889791 0.018218866 0.06913815 0.0 0.0 0.0 0.0 0.0 0.06458451 0.12948371 0.14708559 0.0 0.0 0.0 0.0 0.0 0.0 0.054406513 0.0 0.0 0.0 0.0 0.005536514 0.0041203527 0.0 0.0 0.05481756 0.0 0.0
0.0 0.08264643 0.014845255 0.0 0.0 0.0 0.043419167 0.0 0.09575341 0.0 0.0 0.0 0.06430537 0.03787293 0.028852569 0.10771661 0.010224528 0.0 0.07124952 0.06386683 0.0 0.0 0.0 0.0 0.0 0.0 0.012918904 0.0 0.02070904 0.0 0.0 0.0 0.0 0.0 0.0 0.057435498 0.0 0.0 0.0 0.1125853 0.074654736 0.08448768 0.040458325 0.058341354 0.0 0.0 0.016959233 0.0 0.005536514 0.0 0.0 0.0 0.01725647 0.023065846 0.0 0.0
0.01895597 0.0 0.012251023 0.0 0.0 0.041767504 0.0 0.0 0.0 0.09861753 0.0 0.030625716 0.0 0.0064719333 0.015370373 0.0 0.0 0.0 0.06414021 0.061530083 0.092096806 0.023232851 0.0 0.0 0.022995187 0.0 0.0 0.0 0.030743117 0.0 0.0 0.010763867 0.0 0.0 0.0 0.023281336 0.17112693 0.007539308 0.040405206 0.0 0.01129544 0.11096301 0.04704377 0.0 0.0 0.02422709 0.05463183 0.060525246 0.004120352 0.0 0.0 0.0 0.10202393 0.0 0.0 0.029913768
0.0 0.0 0.0 0.0 0.1258819 0.021551382 0.0 0.0 0.023643304 0.009208491 0.023701878 0.0 0.034260564 0.06495287 0.050610956 0.0 0.030186996 0.046066687 0.09071817 0.026884435 0.0 0.0 0.0 0.0 0.0047719977 0.0 0.0 0.0 0.03314146 0.0 0.0 0.03509845 0.0105215795 0.026566664 0.0 0.024737697 0.0 0.0 0.018847909 0.0 0.0 0.005008423 0.076816484 0.0 0.0 0.0 0.09768137 0.10056617 0.0 0.0 0.0 0.0 0.0 0.07618249 0.0 0.0
0.048046287 0.0 0.0 0.0 0.0 0.0 0.0 0.04200573 0.0 0.0 0.028467018 0.0 0.0 0.0 0.0 0.03497273 0.0 0.0 0.0 0.0 0.0 0.0 0.026746992 0.061433498 0.0010639062 0.16519679 0.061596163 0.059941564 0.0 0.009841513 0.0 0.0 0.0 0.0 0.123873726 0.0 0.0 0.0 0.0 0.0 0.0 0.01197681 0.0005416707 0.0 0.0 0.0 0.0 0.0 0.0 0.01725647 0.10202393 0.0 0.0 0.0 0.10858637 0.048138816
0.018382406 0.0 0.0 0.0 0.0 0.021505285 0.0 0.040237308 0.032614183 0.13511 0.04362013 0.001128044 0.0 0.0 0.0 0.008865153 0.0 0.0 0.0 0.0 0.03714712 0.0 0.0073188194 0.017014418 0.0 0.00076131173 0.011411568 0.011374697 0.0 0.0 0.0 0.0 0.0 0.022373041 0.018934853 0.0 0.098057434 0.0 0.039697804 0.0 0.0 0.0 0.0 0.015219712 0.07509891 0.13872218 0.005184189 0.020661622 0.05481756 0.023065845 0.0 0.07618249 0.0 0.0 0.0 0.0
0.009220117 0.0 0.0 0.06453338 0.029320557 0.028571894 0.0 0.0037795987 0.0 0.0 0.027041363 0.015432952 0.0 0.0 0.0676962 0.0 0.029805832 0.03700482 0.0 0.048191335 0.0 0.0 0.0 0.0 0.12479358 0.0 0.0 0.015930142 0.0 0.0 0.0 0.03283597 0.0 0.007966934 0.0 0.0 0.009703375 0.027345398 0.092421524 0.0 0.0 0.05248886 0.11672248 0.03239693 0.0 0.0099740075 0.008693425 0.0012123772 0.0 0.0 0.0 0.0 0.10858637 0.0 0.041704312 0.0
0.0 0.0 0.0 0.03754085 0.042090088 0.002340728 0.008274358 0.0 0.02773435 0.0 0.047276407 0.0 0.007131068 0.0 0.0 0.037508678 0.0042399573 0.023955494 0.08098302 0.0 0.0 0.0 0.13967352 0.0 0.0 0.0 0.032461345 0.0 0.0 0.06539399 0.0 0.021752724 0.009559298 0.0 0.0 0.0 0.0 0.0 0.0 0.20680071 0.034331765 0.0 0.0 0.02207474 0.0 0.009451012 0.022144288 0.0 0.0 0.0 0.02991377 0.0 0.048138816 0.0 0.0 0.0
