0.05611802 0.0 5.265317e-05 0.0 0.0 0.007216747 0.0 0.0 0.036883157 0.0 0.1307063 0.03103834 0.0 0.0 0.071487196 0.0 0.019748848 0.0 0.043041702 0.012791576 0.0 0.0 0.016088434 0.0 0.0 0.0 0.049681906 0.0 0.0 0.014073478 0.15597141 0.12722945 0.0 0.0 0.0 0.037496235 0.015545968 0.033885024 0.057430685 0.0 0.030827284 0.0036977218 0.0 0.0 0.008796705 0.08459612 0.0 0.067085244 0.0 0.015073418 0.044595763 0.0 0.0 0.0 0.04036411 0.0
0.0 0.11922611 0.0 0.058621064 0.0 0.0 0.0 0.0 0.0 0.04752015 0.0 0.0 0.0 0.06748266 0.0 0.040561553 0.0 0.0 0.0097613875 0.0 0.0 0.0 0.03389305 0.05042247 0.0056474325 0.06584098 0.0 0.049200863 0.018901711 0.0 0.0 0.0 0.0 0.028717034 0.02901005 0.0 0.0 0.037311725 0.0 0.019536717 0.0 0.03204877 0.08881925 0.0 0.0 0.009928284 0.0 0.046284825 0.0 0.0 0.0 0.0421921 0.0 0.04177718 0.0 0.0
5.265317e-05 0.0 0.0 0.025503594 0.0 0.0 0.0 0.05334673 0.0 0.056522436 0.0 0.0 0.0 0.03522145 0.0 0.026315778 0.019792996 0.0 0.0 0.02108947 0.0 0.0 0.027106842 0.089905396 0.0 0.0 0.0 0.0 0.0 0.0 0.0 0.037918475 0.0 0.0 0.01269409 0.0 0.044520736 0.1333286 0.0 0.041754242 0.0 0.024285175 0.074924216 0.0 0.0006032474 0.0 0.0 0.011555953 0.0 0.0 0.043066908 0.02263416 0.0 0.0 0.0059043323 0.0
0.0 0.058621068 0.025503596 0.0 0.0 0.0 0.0066234656 0.0 0.15423438 0.0 0.0 0.00880041 0.091572605 0.04437884 0.0 0.022056453 0.013520427 0.0 0.0 0.0 0.0 0.013014964 0.00838905 0.0 0.0 0.0069737798 0.0 0.04054809 0.0047398615 0.013028323 0.0 0.0020330406 0.005164427 0.0 0.07032346 0.012144178 0.0 0.0036829454 0.0 0.090972744 0.00904749 0.079902776 0.08080859 0.01601909 0.0 0.0 0.054050837 0.0 0.0 0.0 0.0 0.0 0.053772923 0.093280375 0.0 0.0
0.0 0.0 0.0 0.0 0.0012801901 0.11233456 0.0 0.015019677 0.0 0.0 0.0018261475 0.0 0.0 0.0 0.021073252 0.0 0.0 0.018593127 0.0 0.0 0.0 0.023459522 0.07961719 0.036790032 0.0 0.07898521 0.0 0.12266474 0.0 0.0 0.0 0.0 0.0 0.0 0.051078785 0.0 0.0 0.0 0.0 0.031183893 0.0 0.0 0.16113593 0.0 0.0 0.0 0.0 0.0 0.0 0.0 0.0 0.020275192 0.0 0.034846086 0.005133263 0.0
0.0072167465 0.0 0.0 0.0 0.11233456 0.03359659 0.0 0.034138855 0.0 0.12766783 0.0 0.039344523 0.0 0.0 0.0 0.036957603 0.045883022 0.0 0.026543818 0.043553367 0.022463938 0.012317154 0.028639974 0.0 0.0 0.0 0.036147755 0.013320584 0.0 0.0 0.0 0.0 0.0 0.031789687 0.0 0.0 0.13086566 0.0 0.048500244 0.0 0.0 0.0 0.010690071 0.0 0.021715784 0.02648922 0.043996144 0.0 0.0 0.0 0.0 0.0 0.0 0.0 0.0 0.0
0.0 0.0 0.0 0.0066234656 0.0 0.0 0.0 0.08214163 0.0 0.011927775 0.0 0.0 0.0 0.15073796 0.0 0.02907269 0.0 0.02962363 0.04425002 0.0 0.0 0.0 0.10394927 0.05872605 0.0 0.097707644 0.0 0.03414623 0.0 0.0 0.0 0.0 0.0 0.0 0.026531437 0.0 0.004107987 0.0 0.0 0.0 0.072890334 0.0 0.0 0.017194394 0.0 0.0 0.0 0.0 0.0 0.0 0.04864573 0.041470204 0.0 0.0 0.057554055 0.0
0.0 0.0 0.05334673 0.0 0.015019677 0.03413886 0.08214164 0.0 0.012601727 0.0 0.015076538 0.026798839 0.0 0.0 0.031347282 0.0 0.0 0.01548684 0.083476365 0.0 0.0 0.0 0.0 0.0 0.0 0.0 0.0 0.010399991 0.0 0.08529833 0.05522366 0.056128066 0.01470768 0.0 0.0 0.0 0.0 0.015452811 0.0047619366 0.022173766 0.029798752 0.013134199 0.0 0.0 0.05020316 0.048152488 0.0 0.07702847 0.0 0.10147104 0.0 0.0 0.006392207 0.0116862 0.033783562 0.050870262
0.036883157 0.0 0.0 0.15423438 0.0 0.0 0.0 0.012601727 0.0 0.038560696 0.0 0.0 0.0 0.019285457 0.0 0.002478602 0.0 0.00880517 0.0 0.0 0.0 0.0 0.03576893 0.06499995 0.01666765 0.08628358 0.0 0.065481685 0.0 0.0 0.01267122 0.0 0.02048727 0.08794036 0.021101486 0.08359048 0.0 0.0 0.0 0.047746558 0.006812931 0.0 0.0 0.0 0.0 0.0 0.0 0.0 0.0 0.0 0.0 0.08566564 0.024432313 0.0 0.013663854 0.0
0.0 0.047520146 0.056522436 0.0 0.0 0.12766781 0.011927774 0.0 0.038560696 0.0 0.021164281 0.012571037 0.0 0.0 0.011727418 0.0 0.12933607 0.0 0.0 0.0 0.051177494 0.0 0.05205397 0.0 0.0 0.0 0.04752396 0.0 0.011929267 0.015694993 0.021454494 0.037796654 0.0 0.0 0.0 0.01787393 0.0 0.036668688 0.021144016 0.0039221244 0.053763084 0.008181687 0.0 0.063622154 0.015142523 0.0129776895 0.0 0.10732202 0.0 0.027292585 0.0069923215 0.0 0.0588025 0.0 0.0 0.0053847223
0.13070631 0.0 0.0 0.0 0.0018261474 0.0 0.0 0.015076537 0.0 0.021164281 0.0 0.0 0.0 0.0 0.0 0.0034984613 0.013528105 0.0 0.040457524 0.0 0.0 0.0 0.022027394 0.04062835 0.0 0.0 0.0 0.11263419 0.027206326 0.0 0.022632888 0.0 0.021486003 0.0 0.028895522 0.03324489 0.023190299 0.0 0.0 0.06850226 0.0 0.012701525 0.0 0.004755405 0.0382138 0.0 0.003185862 0.07850134 0.0 0.0 0.0 0.07305688 0.0 0.07616232 0.00415637 0.0
0.031038342 0.0 0.0 0.008800411 0.0 0.03934452 0.0 0.026798839 0.0 0.012571037 0.0 0.0 0.0049583213 0.10355836 0.0 0.0 0.029513562 0.0 0.0 0.0 0.0 0.04608373 0.05711973 0.14315462 0.0 0.11143041 0.0038186994 0.053774346 0.022282474 0.0 0.0 0.0 0.0 0.04921664 0.0 0.0 0.0 0.0 0.0 0.044008013 0.049980205 0.0047140275 0.0 0.0 0.0 0.0 0.0 0.0045491527 0.0 0.0 0.05631698 0.02185383 0.0 0.0 0.044317853 0.0
0.0 0.0 0.0 0.091572605 0.0 0.0 0.0 0.0 0.0 0.0 0.0 0.004958321 0.09685301 0.075796634 0.065033995 0.003900161 0.0 0.0 0.019279527 0.014433171 0.011146704 0.015774315 0.0 0.0 0.0 0.0049520186 0.0 0.017593043 0.0 0.091459505 0.0014871344 0.019134887 0.017859142 0.0 0.0 0.0 0.0 0.0 0.0 0.033879146 0.045387737 0.071778454 0.060449593 0.0 0.0 0.02150092 0.050027307 0.0 0.0 0.015429054 0.0499509 0.037081257 0.0023751056 0.045985926 0.0 0.0
0.0 0.06748266 0.03522145 0.04437884 0.0 0.0 0.15073796 0.0 0.019285457 0.0 0.0 0.10355836 0.075796634 0.0 0.0 0.0 0.0 0.037856676 0.05318005 0.014830733 0.00787465 0.0 0.0 0.0 0.033074755 0.0 0.0 0.0 0.04783562 0.12539066 0.0 0.0 0.0 0.05020747 0.0061436845 0.01002795 0.0 0.0 0.0 0.0 0.019972283 0.023784284 0.0 0.0 0.0 0.081694715 0.009801693 0.0 0.0 0.012662376 0.0 0.0 0.0 0.06596051 0.0 0.078326516
0.071487196 0.0 0.0 0.0 0.021073254 0.0 0.0 0.031347282 0.0 0.011727418 0.0 0.0 0.065034 0.0 0.0 0.0 0.014661777 0.0 0.008679467 0.0 0.0 0.0 0.0 0.0 0.0 0.0 0.0 0.045406498 0.056809697 0.009448557 0.0 0.0 0.0 0.0 0.0 0.0 0.034918785 0.0 0.0 0.008075241 0.011437856 0.008057024 0.008508173 0.0 0.113394804 0.0 0.0066382694 0.0 0.0 0.009150906 0.0 0.077694744 0.0 0.04368207 0.025937054 0.090947516
0.0 0.040561553 0.026315778 0.022056451 0.0 0.036957603 0.02907269 0.0 0.002478602 0.0 0.0034984613 0.0 0.003900161 0.0 0.0 0.028554542 0.0 0.0 0.042531796 0.01332422 0.028229684 0.017928962 0.0 0.0 0.030593386 0.0 0.03174623 0.0 0.0 0.001785025 0.07144148 0.0 0.0042181914 0.013402679 0.0 0.0 0.0 0.00953477 0.08180971 0.034506205 0.0 0.099283956 0.0 0.0627789 0.014275225 0.01886234 0.041218247 0.0 0.0 0.03231245 0.024699828 0.0 0.044329856 0.0 0.015709098 0.07446024
0.019748848 0.0 0.019792996 0.013520426 0.0 0.045883022 0.0 0.0 0.0 0.12933607 0.013528105 0.029513562 0.0 0.0 0.014661777 0.0 0.0 0.0 0.0 0.08929299 0.0 0.088234626 0.0 0.0 0.0 0.0030732218 0.018013423 0.0 0.0 0.03314742 0.0 0.0 0.08095128 0.024723528 0.0065065087 0.0 0.07915564 0.07403115 0.0048364927 0.0 0.0 0.0057970197 0.0 0.0 0.06677776 0.015496174 0.0025266542 0.0 0.073421165 0.0 0.0 0.0 0.0 0.0 0.0 0.0
0.0 0.0 0.0 0.0 0.018593127 0.0 0.029623628 0.01548684 0.008805169 0.0 0.0 0.0 0.0 0.037856672 0.0 0.0 0.0 0.0 0.0 0.0 0.0344409 0.0 0.0 0.03102183 0.0 0.03846208 0.0 0.032103345 0.0 0.0 0.0 0.0 0.0 0.0 0.057819273 0.0069971727 0.0069086463 0.022064138 0.0 0.10101726 0.087281905 0.0058719525 0.0 0.03325321 0.0 0.0 0.065094866 0.0 0.028633788 0.0 0.0 0.05265822 0.04336667 0.025294622 0.0 0.036336523
0.043041706 0.009761388 0.0 0.0 0.0 0.026543818 0.044250015 0.083476365 0.0 0.0 0.040457524 0.0 0.019279528 0.053180054 0.008679468 0.0425318 0.0 0.0 0.025728542 0.0 0.0 0.0 0.03088346 0.010380623 0.0 0.05219997 0.0061010667 0.03739377 0.0 0.0 0.0 0.0 0.0 0.0051546795 0.048469175 0.005965711 0.0 0.022226764 0.0 0.08052985 0.019870775 0.0076489784 0.03220245 0.0 0.0 0.0 0.0 0.0 0.0 0.0 0.05860664 0.051107444 0.0 0.008419842 0.057102334 0.0
0.012791576 0.0 0.02108947 0.0 0.0 0.043553367 0.0 0.0 0.0 0.0 0.0 0.0 0.01443317 0.014830733 0.0 0.013324219 0.08929299 0.0 0.0 0.0 0.0 0.09805937 0.0 0.0 0.14469181 0.008719524 0.018225066 0.0 0.054690327 0.05554654 0.0 0.0 0.0 0.0 0.0 0.020280065 0.0 0.0 0.043260217 0.077688776 0.0 0.04318299 0.023924692 0.03236011 0.0 0.0 0.08022187 0.0 0.0 0.027793756 0.0 0.0 0.043876752 0.049215175 0.0 0.047930628
0.0 0.0 0.0 0.0 0.0 0.02246394 0.0 0.0 0.0 0.051177498 0.0 0.0 0.011146704 0.00787465 0.0 0.028229684 0.0 0.0344409 0.0 0.0 0.0 0.07768642 0.0 0.0 0.13374265 0.0 0.0 0.0 0.0 0.0 0.0 0.0 0.088949464 0.0 0.057031233 0.0 0.008226571 0.0 0.0 0.0 0.0 0.0 0.03459648 0.03427428 0.12005416 0.0 0.027444225 0.0 0.0 0.0 0.0 0.0 0.10507143 0.0 0.0 0.0
0.0 0.0 0.0 0.013014965 0.023459522 0.012317154 0.0 0.0 0.0 0.0 0.0 0.046083733 0.015774315 0.0 0.0 0.017928962 0.088234626 0.0 0.0 0.09805937 0.07768643 0.009158248 0.0 0.0 0.027129726 0.0 0.030191766 0.0 0.0 0.0 0.0 0.0 0.01655322 0.025101004 0.0 0.0 0.0 0.0104781445 0.014010398 0.015963254 0.0 0.013310936 0.020165252 0.0077494076 0.0064771553 0.0 0.013171238 0.0 0.17020455 0.066977374 0.0 0.0 0.014644539 0.0 0.054616123 0.0
0.016088435 0.033893052 0.027106844 0.008389051 0.07961719 0.028639974 0.10394927 0.0 0.03576893 0.052053973 0.022027396 0.057119727 0.0 0.0 0.0 0.0 0.0 0.0 0.03088346 0.0 0.0 0.0 0.0 0.0 0.0603333 0.0 0.0013149151 0.0 0.05430551 0.06911749 0.0145303765 0.0 0.06478136 0.0 0.08086212 0.012114824 0.0 0.0 0.01882213 0.0 0.0 0.0 0.008017495 0.056173313 0.060959235 0.014268956 0.126889 0.0 0.0 0.03388525 0.0 0.0 0.025756532 0.007941332 0.013359886 0.0
0.0 0.05042247 0.089905396 0.0 0.036790032 0.0 0.05872605 0.0 0.06499995 0.0 0.04062835 0.14315462 0.0 0.0 0.0 0.0 0.0 0.031021832 0.010380623 0.0 0.0 0.0 0.0 0.0 0.040916495 0.0 0.0 0.017393656 0.01891265 0.05875956 0.025774358 0.065842085 0.0 0.0 0.0 0.14371088 0.0 0.009704696 0.03278661 0.0 0.018634472 0.0 0.0070924396 0.042327948 0.0 0.006500061 0.0062876567 0.0 0.0 0.0 0.0 0.0 0.0 0.021870714 0.0 0.05646718
0.0 0.0056474325 0.0 0.0 0.0 0.0 0.0 0.0 0.01666765 0.0 0.0 0.0 0.0 0.033074755 0.0 0.030593384 0.0 0.0 0.0 0.14469181 0.13374263 0.027129725 0.060333297 0.040916495 0.0 0.03984846 0.0 0.0 0.0 0.01167909 0.013939704 0.0 0.0 0.0 0.0 0.00895709 0.0 0.00762378 0.0 0.026917974 0.02070122 0.0076784953 0.091293186 0.0034975784 0.0 0.0 0.047266953 0.0 0.15668018 0.0 0.0035755595 0.0 0.015514183 0.047288038 0.0 0.0
0.0 0.06584098 0.0 0.0069737793 0.07898521 0.0 0.09770764 0.0 0.08628359 0.0 0.0 0.11143041 0.004952018 0.0 0.0 0.0 0.0030732218 0.038462076 0.05219997 0.008719524 0.0 0.0 0.0 0.0 0.03984846 0.0 0.0 0.0 0.0 0.076254204 0.0051380983 0.0856049 0.0 0.0 0.0028270052 0.0 0.0 0.04686933 0.07011269 0.0 0.0 0.045775358 0.0084140245 0.0 0.0 0.05128319 0.0 0.0 0.0 0.0 0.007396919 0.0 0.0 0.0 0.0 0.0
0.049681902 0.0 0.0 0.0 0.0 0.036147755 0.0 0.0 0.0 0.047523964 0.0 0.0038186999 0.0 0.0 0.0 0.031746235 0.018013423 0.0 0.0061010667 0.018225066 0.0 0.030191766 0.0013149151 0.0 0.0 0.0 0.037357513 0.023547987 0.04199684 0.0 0.0 0.0 0.111230955 0.0 0.0 0.0 0.039741866 0.0 0.03752231 0.0 0.0 0.0 0.009298447 0.02021444 0.09671644 0.005702034 0.0 0.045477763 0.0 0.07447272 0.0 0.006499219 0.0 0.010417456 0.08927145 0.0734621
0.0 0.049200863 0.0 0.04054809 0.12266474 0.013320585 0.03414623 0.01039999 0.065481685 0.0 0.11263419 0.053774342 0.017593043 0.0 0.045406498 0.0 0.0 0.032103345 0.03739377 0.0 0.0 0.0 0.0 0.017393658 0.0 0.0 0.023547987 0.0 0.03669218 0.0 0.0 0.03927655 0.025257016 0.010785777 0.017192692 0.09369815 0.03518648 0.0570024 0.033080947 0.0 0.0 0.0 0.0 0.0 0.03693087 0.029303607 0.0 0.0 0.008740788 0.0 0.012996803 0.026359558 0.0 0.0 0.0 0.0
0.0 0.018901711 0.0 0.004739861 0.0 0.0 0.0 0.0 0.0 0.011929267 0.027206328 0.022282474 0.0 0.04783562 0.056809697 0.0 0.0 0.0 0.0 0.05469033 0.0 0.0 0.05430551 0.01891265 0.0 0.0 0.04199684 0.03669218 0.0 0.0 0.0 0.034469742 0.0 0.0 0.0 0.0 0.0 0.0 0.02074264 0.0 0.07156935 0.0 0.0 0.0 0.0 0.0 0.0 0.08714262 0.0 0.090034805 0.13693167 0.057666764 0.0 0.0 0.06435103 0.0
0.014073479 0.0 0.0 0.013028323 0.0 0.0 0.0 0.08529833 0.0 0.01569499 0.0 0.0 0.0914595 0.12539066 0.009448557 0.001785025 0.033147417 0.0 0.0 0.05554654 0.0 0.0 0.06911749 0.058759555 0.011679091 0.0762542 0.0 0.0 0.0 0.0 0.0041425065 0.0050142086 0.0050387345 0.0 0.03496004 0.0 0.0 0.0 0.0 0.020519562 0.021529743 0.0 0.0 0.006010014 0.0 0.0 0.0 0.0 0.014762821 0.0 0.029247954 0.0 0.0 0.0 0.030965341 0.0
0.1559714 0.0 0.0 0.0 0.0 0.0 0.0 0.05522366 0.01267122 0.021454494 0.022632888 0.0 0.0014871344 0.0 0.0 0.07144148 0.0 0.0 0.0 0.0 0.0 0.0 0.014530376 0.025774356 0.013939704 0.005138098 0.0 0.0 0.0 0.0041425065 0.05431993 0.0 0.077382915 0.0054229936 0.032742083 0.061185483 0.0 0.0 0.0 0.0 0.0 0.0 0.0 0.0 0.07213764 0.0 0.0 0.0 0.02701849 0.0 0.0 0.0 0.0567429 0.048774336 0.01323131 0.0
0.12722945 0.0 0.03791848 0.0020330406 0.0 0.0 0.0 0.05612807 0.0 0.037796654 0.0 0.0 0.019134887 0.0 0.0 0.0 0.0 0.0 0.0 0.0 0.0 0.0 0.0 0.06584208 0.0 0.0856049 0.0 0.03927655 0.034469742 0.0050142086 0.0 0.0 0.0 0.06216559 0.036755655 0.019095259 0.0 0.0 0.0 0.0 0.0 0.0 0.015845113 0.009254764 0.007551658 0.0 0.0 0.0 0.0 0.0 0.0 0.105581775 0.0 0.053248994 0.0 0.0
0.0 0.0 0.0 0.005164427 0.0 0.0 0.0 0.014707681 0.02048727 0.0 0.021486003 0.0 0.017859142 0.0 0.0 0.004218192 0.08095129 0.0 0.0 0.0 0.088949464 0.01655322 0.06478135 0.0 0.0 0.0 0.11123095 0.025257016 0.0 0.005038735 0.077382915 0.0 0.0 0.0 0.036527894 0.012646197 0.0 0.0 0.031627 0.04265221 0.0 0.0 0.009931145 0.047971774 0.020371823 0.0 0.0 0.0 0.0 0.0 0.0 0.0 0.0 0.10152895 0.068585195 0.027894024
0.0 0.028717034 0.0 0.0 0.0 0.031789687 0.0 0.0 0.08794036 0.0 0.0 0.049216636 0.0 0.050207473 0.0 0.013402679 0.024723528 0.0 0.005154679 0.0 0.0 0.025101004 0.0 0.0 0.0 0.0 0.0 0.010785777 0.0 0.0 0.0054229936 0.062165584 0.0 0.118600465 0.0 0.0 0.006044779 0.0 0.0 0.0 0.0 0.14301506 0.0 0.037627798 0.0059802476 0.0 0.049050808 0.0 0.0 0.0 0.0 0.018398274 0.046550184 0.05946786 0.0 0.0
0.0 0.029010048 0.01269409 0.07032347 0.051078785 0.0 0.026531436 0.0 0.021101486 0.0 0.028895523 0.0 0.0 0.0061436845 0.0 0.0 0.0065065087 0.05781927 0.048469175 0.0 0.057031233 0.0 0.08086212 0.0 0.0 0.0028270052 0.0 0.01719269 0.0 0.03496004 0.032742083 0.03675566 0.036527894 0.0 0.0 0.0 0.0 0.023735154 0.029493375 0.10603356 0.0742161 0.0 0.0 0.031618156 0.015058411 0.0099432655 0.0 0.0 0.0 0.0 0.075692855 0.005842274 0.06481696 0.0 0.030299721 0.0
0.037496235 0.0 0.0 0.012144178 0.0 0.0 0.0 0.0 0.083590485 0.01787393 0.03324489 0.0 0.0 0.01002795 0.0 0.0 0.0 0.0069971727 0.0059657115 0.020280065 0.0 0.0 0.012114824 0.14371088 0.00895709 0.0 0.0 0.09369815 0.0 0.0 0.061185483 0.019095257 0.012646197 0.0 0.0 0.0 0.0078063994 0.0 0.0007801565 0.0 0.0 0.0 0.0 0.0 0.0 0.0 0.0 0.0 0.0 0.0 0.0 0.14769019 0.0 0.0 0.07385502 0.0
0.015545968 0.0 0.04452074 0.0 0.0 0.13086566 0.0041079866 0.0 0.0 0.0 0.023190299 0.0 0.0 0.0 0.034918785 0.0 0.079155646 0.0069086463 0.0 0.0 0.008226571 0.0 0.0 0.0 0.0 0.0 0.039741866 0.03518648 0.0 0.0 0.0 0.0 0.0 0.0060447794 0.0 0.007806399 0.022944104 0.0332197 0.062073026 0.0 0.10190301 0.0 0.0 0.066224985 0.046947047 0.08929014 0.0153397685 0.04040908 0.0 0.015091942 0.0 0.0 0.0 0.0 0.0 0.09086805
0.03388502 0.037311725 0.1333286 0.0036829454 0.0 0.0 0.0 0.0154528115 0.0 0.036668684 0.0 0.0 0.0 0.0 0.0 0.00953477 0.07403115 0.022064138 0.022226764 0.0 0.0 0.0104781445 0.0 0.009704696 0.0076237796 0.04686933 0.0 0.0570024 0.0 0.0 0.0 0.0 0.0 0.0 0.023735154 0.0 0.0332197 0.006345951 0.0 0.005005 0.0 0.07589914 0.021575965 0.0 0.02025782 0.0 0.10875947 0.06426684 0.0 0.0 0.0 0.0 0.0478159 0.0 0.0 0.03519862
0.05743068 0.0 0.0 0.0 0.0 0.048500244 0.0 0.0047619366 0.0 0.021144016 0.0 0.0 0.0 0.0 0.0 0.08180971 0.0048364927 0.0 0.0 0.043260217 0.0 0.014010398 0.01882213 0.03278661 0.0 0.0701127 0.037522312 0.033080943 0.02074264 0.0 0.0 0.0 0.031627003 0.0 0.029493377 0.0007801565 0.062073026 0.0 0.0 0.014624703 0.0 0.0 0.0 0.0312562 0.102530025 0.0 0.0 0.08444406 0.05229995 0.09491418 0.041837 0.0 0.0 0.0 0.027594952 0.0
0.0 0.019536717 0.041754242 0.090972744 0.031183891 0.0 0.0 0.022173766 0.047746558 0.0039221244 0.068502255 0.044008013 0.033879146 0.0 0.008075241 0.0345062 0.0 0.10101726 0.08052986 0.07768878 0.0 0.015963254 0.0 0.0 0.026917974 0.0 0.0 0.0 0.0 0.020519562 0.0 0.0 0.042652205 0.0 0.106033556 0.0 0.0 0.0050050006 0.014624703 0.0 0.0 0.0005246277 0.021638716 0.0 0.0032785696 0.11995026 0.0036596449 0.0 0.0 0.0 0.0 0.0 0.0 0.0 0.0 0.0
0.030827284 0.0 0.0 0.009047489 0.0 0.0 0.072890334 0.029798755 0.006812931 0.053763084 0.0 0.049980205 0.045387737 0.019972283 0.011437856 0.0 0.0 0.087281905 0.019870773 0.0 0.0 0.0 0.0 0.018634472 0.020701222 0.0 0.0 0.0 0.07156935 0.021529743 0.0 0.0 0.0 0.0 0.0742161 0.0 0.10190301 0.0 0.0 0.0 0.06393263 0.0 0.0 0.0 0.0 0.08018694 0.0 0.0 0.0 0.0 0.0 0.038565144 0.0 0.048765168 0.0 0.07248985
0.0036977218 0.032048773 0.024285177 0.079902776 0.0 0.0 0.0 0.013134199 0.0 0.008181687 0.012701525 0.004714028 0.071778454 0.023784282 0.008057024 0.09928395 0.0057970197 0.005871953 0.007648979 0.04318299 0.0 0.013310936 0.0 0.0 0.0076784953 0.045775358 0.0 0.0 0.0 0.0 0.0 0.0 0.0 0.14301506 0.0 0.0 0.0 0.07589914 0.0 0.0005246276 0.0 0.075600795 0.008604076 0.0 0.015573104 0.0 0.0 0.0 0.0 0.0 0.0 0.06012051 0.03164007 0.0 0.0 0.0
0.0 0.08881925 0.074924216 0.080808595 0.16113593 0.010690071 0.0 0.0 0.0 0.0 0.0 0.0 0.060449593 0.0 0.008508173 0.0 0.0 0.0 0.03220245 0.023924692 0.03459648 0.020165252 0.008017495 0.00709244 0.091293186 0.0084140245 0.009298447 0.0 0.0 0.0 0.0 0.015845113 0.009931145 0.0 0.0 0.0 0.0 0.021575965 0.0 0.021638716 0.0 0.008604076 0.04343463 0.0 0.019614788 0.031122908 0.05136448 0.0 0.03306505 0.0 0.0 0.0 0.12887461 0.0 0.0 0.0
0.0 0.0 0.0 0.01601909 0.0 0.0 0.017194394 0.0 0.0 0.063622154 0.004755405 0.0 0.0 0.0 0.0 0.0627789 0.0 0.03325321 0.0 0.03236011 0.03427428 0.007749407 0.056173313 0.042327948 0.0034975787 0.0 0.020214442 0.0 0.0 0.0060100146 0.0 0.009254764 0.047971774 0.037627798 0.031618156 0.0 0.06622499 0.0 0.031256203 0.0 0.0 0.0 0.0 0.0 0.0013080146 0.0 0.0 0.013767504 0.06879399 0.06094698 0.08580077 0.0 0.0 0.0 0.069732085 0.0
0.008796704 0.0 0.0006032474 0.0 0.0 0.021715786 0.0 0.050203163 0.0 0.015142523 0.0382138 0.0 0.0 0.0 0.11339481 0.014275224 0.06677775 0.0 0.0 0.0 0.12005417 0.006477155 0.06095924 0.0 0.0 0.0 0.096716434 0.03693087 0.0 0.0 0.07213763 0.007551658 0.020371825 0.005980248 0.015058409 0.0 0.04694705 0.02025782 0.102530025 0.0032785696 0.0 0.015573103 0.019614788 0.0013080145 0.058696203 0.015681038 0.0 0.05033946 0.0 0.0633568 0.060773663 0.04750702 0.0 0.0 0.07075468 0.01620411
0.08459612 0.009928285 0.0 0.0 0.0 0.02648922 0.0 0.048152484 0.0 0.0129776895 0.0 0.0 0.02150092 0.081694715 0.0 0.018862342 0.015496174 0.0 0.0 0.0 0.0 0.0 0.014268956 0.006500061 0.0 0.05128319 0.005702034 0.029303605 0.0 0.0 0.0 0.0 0.0 0.0 0.0099432655 0.0 0.08929014 0.0 0.0 0.11995026 0.08018694 0.0 0.03112291 0.0 0.015681038 0.0 0.0 0.005917592 0.0 0.0 0.0 0.009028905 0.0 0.056533612 0.021959264 0.038475327
0.0 0.0 0.0 0.054050837 0.0 0.043996144 0.0 0.0 0.0 0.0 0.003185862 0.0 0.050027307 0.009801693 0.00663827 0.041218244 0.0025266542 0.065094866 0.0 0.08022187 0.027444227 0.013171238 0.126889 0.0062876567 0.047266953 0.0 0.0 0.0 0.0 0.0 0.0 0.0 0.0 0.04905081 0.0 0.0 0.01533977 0.10875947 0.0 0.0036596449 0.0 0.0 0.05136448 0.0 0.0 0.0 0.0 0.0 0.016025076 0.0060860505 0.032453332 0.0 0.041715275 0.0 0.0 0.0
0.06708525 0.046284825 0.011555953 0.0 0.0 0.0 0.0 0.07702847 0.0 0.10732202 0.07850134 0.004549153 0.0 0.0 0.0 0.0 0.0 0.0 0.0 0.0 0.0 0.0 0.0 0.0 0.0 0.0 0.045477763 0.0 0.08714262 0.0 0.0 0.0 0.0 0.0 0.0 0.0 0.04040908 0.06426684 0.08444406 0.0 0.0 0.0 0.0 0.013767504 0.05033946 0.005917592 0.0 0.030326674 0.0 0.0 0.0 0.0 0.007280283 0.0 0.0 0.0047114613
0.0 0.0 0.0 0.0 0.0 0.0 0.0 0.0 0.0 0.0 0.0 0.0 0.0 0.0 0.0 0.0 0.07342116 0.028633788 0.0 0.0 0.0 0.17020455 0.0 0.0 0.15668018 0.0 0.0 0.008740789 0.0 0.014762821 0.02701849 0.0 0.0 0.0 0.0 0.0 0.0 0.0 0.052299954 0.0 0.0 0.0 0.03306505 0.06879398 0.0 0.0 0.016025078 0.0 0.0 0.042280283 0.0 0.0 0.12852694 0.006405188 0.017304365 0.0
0.015073418 0.0 0.0 0.0 0.0 0.0 0.0 0.10147104 0.0 0.027292583 0.0 0.0 0.015429054 0.012662376 0.009150905 0.032312445 0.0 0.0 0.0 0.027793754 0.0 0.066977374 0.033885248 0.0 0.0 0.0 0.074472725 0.0 0.0900348 0.0 0.0 0.0 0.0 0.0 0.0 0.0 0.015091943 0.0 0.09491418 0.0 0.0 0.0 0.0 0.060946975 0.0633568 0.0 0.00608605 0.0 0.042280283 0.042347357 0.044695377 0.0 0.0 0.0 0.07617134 0.008325376
0.044595767 0.0 0.043066908 0.0 0.0 0.0 0.04864573 0.0 0.0 0.0069923215 0.0 0.056316983 0.0499509 0.0 0.0 0.024699826 0.0 0.0 0.058606643 0.0 0.0 0.0 0.0 0.0 0.0035755597 0.007396919 0.0 0.012996802 0.13693166 0.029247954 0.0 0.0 0.0 0.0 0.07569286 0.0 0.0 0.0 0.041836996 0.0 0.0 0.0 0.0 0.08580077 0.060773663 0.0 0.032453332 0.0 0.0 0.044695377 0.0 0.0 0.0 0.09406236 0.024698675 0.10332207
0.0 0.0421921 0.022634158 0.0 0.020275192 0.0 0.041470204 0.0 0.08566564 0.0 0.07305688 0.02185383 0.037081257 0.0 0.077694744 0.0 0.0 0.05265822 0.051107444 0.0 0.0 0.0 0.0 0.0 0.0 0.0 0.006499219 0.026359558 0.05766677 0.0 0.0 0.105581775 0.0 0.018398274 0.0058422736 0.14769019 0.0 0.0 0.0 0.0 0.038565144 0.06012051 0.0 0.0 0.047507018 0.009028905 0.0 0.0 0.0 0.0 0.0 0.0 0.0 0.027376533 0.0 0.04336302
0.0 0.0 0.0 0.053772926 0.0 0.0 0.0 0.006392207 0.02443231 0.0588025 0.0 0.0 0.0023751059 0.0 0.0 0.044329856 0.0 0.04336667 0.0 0.043876752 0.10507143 0.014644539 0.025756532 0.0 0.015514184 0.0 0.0 0.0 0.0 0.0 0.0567429 0.0 0.0 0.046550184 0.06481696 0.0 0.0 0.0478159 0.0 0.0 0.0 0.03164007 0.12887461 0.0 0.0 0.0 0.041715275 0.0072802836 0.12852694 0.0 0.0 0.0 0.07580186 0.008750082 0.0 0.0
0.0 0.04177718 0.0 0.093280375 0.034846086 0.0 0.0 0.0116862 0.0 0.0 0.07616232 0.0 0.045985922 0.06596051 0.043682065 0.0 0.0 0.025294624 0.008419842 0.049215175 0.0 0.0 0.007941332 0.021870714 0.047288034 0.0 0.010417456 0.0 0.0 0.0 0.048774336 0.053248998 0.10152895 0.05946786 0.0 0.0 0.0 0.0 0.0 0.0 0.048765164 0.0 0.0 0.0 0.0 0.056533612 0.0 0.0 0.006405188 0.0 0.09406236 0.027376533 0.008750082 0.0 0.0 0.0
0.04036411 0.0 0.0059043323 0.0 0.005133263 0.0 0.05755405 0.033783562 0.013663855 0.0 0.0041563706 0.04431785 0.0 0.0 0.025937054 0.015709098 0.0 0.0 0.057102334 0.0 0.0 0.054616127 0.0133598875 0.0 0.0 0.0 0.089271456 0.0 0.06435103 0.030965343 0.013231309 0.0 0.068585195 0.0 0.030299721 0.07385502 0.0 0.0 0.027594952 0.0 0.0 0.0 0.0 0.069732085 0.07075468 0.021959264 0.0 0.0 0.017304366 0.07617134 0.024698675 0.0 0.0 0.0 0.020995103 0.041425858
0.0 0.0 0.0 0.0 0.0 0.0 0.0 0.05087026 0.0 0.0053847223 0.0 0.0 0.0 0.078326516 0.09094751 0.07446024 0.0 0.036336523 0.0 0.04793063 0.0 0.0 0.0 0.05646718 0.0 0.0 0.07346211 0.0 0.0 0.0 0.0 0.0 0.027894024 0.0 0.0 0.0 0.09086805 0.035198618 0.0 0.0 0.07248984 0.0 0.0 0.0 0.016204108 0.038475327 0.0 0.004711461 0.0 0.008325375 0.10332207 0.04336302 0.0 0.0 0.041425858 0.0
