0.034395117 0.02552252 0.0 0.0 0.0 0.0586862 0.010677333 0.0 0.0 0.0 0.0 0.0 0.0 0.0 0.02811417 0.15831445 0.02793454 0.0 0.11667052 0.023889827 0.0071288384 0.035045587 0.0 0.010578692 0.0 0.0 0.06599601 0.0 0.02608988 0.0 0.0 0.0 0.0 0.0 0.038877595 0.032908257 0.0 0.0 0.0 0.0 0.0 0.07463713 0.17200372 0.0055430466 0.0074614664 0.022739213 0.07482187 0.0 0.0 0.0 0.0 0.0 0.0 0.05537448 0.0 0.08119813
0.025522519 0.039649017 0.20375551 0.0 0.0 0.0 0.0 0.00985479 0.05612099 0.0 0.0 0.11307264 0.0072074565 0.0 0.0 0.0 0.049965605 0.06497447 0.0 0.0 0.0 0.008776087 0.0 0.0 0.09975169 0.0 0.0 0.0 0.035898462 0.06526123 0.0 0.059910595 0.0 0.0 0.03899014 0.014946752 0.0 0.05584281 0.0031845272 0.0 0.0 0.0 0.0 0.0 0.008445978 0.0 0.009090098 0.0 0.0 0.04586347 0.0 0.013851335 0.07236097 0.0 0.0 0.0
0.0 0.20375551 0.0 0.05226104 0.015088764 0.0 0.0 0.022153774 0.07832034 0.0 0.0 0.0 0.033586495 0.026200185 0.0 0.006049226 0.017076302 0.0 0.0 0.0 0.0 0.0 0.07922599 0.0 0.0 0.013706696 0.0 0.011504027 0.0 0.0019075044 0.0058320975 0.015377452 0.0 0.0 0.0 0.030247498 0.0 0.015342715 0.0 0.0 0.0 0.0 0.0 0.05488138 0.0 0.026543967 0.005942702 0.0038211192 0.031250577 0.0 0.038290482 0.0 0.03499765 0.0 0.03932959 0.0
0.0 0.0 0.052261036 0.041617706 0.0006139595 0.0 0.0 0.03819188 0.03554353 0.0 0.08670865 0.0 0.07461493 0.053002845 0.0 0.0 0.0 0.018371414 0.0 0.0 0.011085204 0.0039255763 0.038806833 0.038021896 0.0 0.020189233 0.011393216 0.0 0.023398116 0.02073851 0.026211048 0.0 0.0 0.0 0.0 0.0 0.010486769 0.10797279 0.014692763 0.020407742 0.023619425 0.0 0.0 0.0041807033 0.024847982 0.012236167 0.015124159 0.0 0.0011631106 0.0030516195 0.004072273 0.07757239 0.024215305 0.036815766 0.0 0.0
0.0 0.0 0.015088764 0.0006139595 0.061444364 0.0 0.0 0.014847094 0.0812493 0.06614257 0.06346763 0.017355092 0.0 0.0 0.0 0.012394431 0.013589518 0.097511746 0.0 0.0 0.01466191 0.0 0.0 0.011485184 0.0 0.0 0.005221705 0.0 0.074374326 0.0 0.02310814 0.022183536 0.0 0.014619618 0.0 0.044005834 0.019783907 0.122653715 0.0 0.0 0.0 0.0 0.0 0.0 0.023096364 0.0 0.0 0.0 0.0 0.0 0.10922087 0.00983088 0.0 0.0 0.0 0.0
0.0586862 0.0 0.0 0.0 0.0 0.0 0.006527701 0.016084507 0.0 0.053227413 0.033571865 0.0 0.0 0.0 0.011162437 0.044473365 0.0 0.0 0.0 0.021146787 0.0 0.003039221 0.04059103 0.0 0.0 0.0 0.003990832 0.0 0.0 0.048895344 0.0012404738 0.0 0.0 0.075538665 0.013921288 0.0 0.027548563 0.016942704 0.0 0.0 0.0 0.0 0.0 0.066062525 0.050461877 0.0437547 0.0 0.030800408 0.046512336 0.08401911 0.003522454 0.028448202 0.004300938 0.016274095 0.088731 0.0
0.010677333 0.0 0.0 0.0 0.0 0.006527701 0.0 0.0 0.0 0.006473543 0.0 0.0 0.0 0.0 0.0 0.0 0.0 0.005627776 0.03610448 0.0 0.015026831 0.0 0.0 0.11706069 0.0 0.0 0.0 0.0 0.164198 0.0 0.0 0.0 0.0 0.030342467 0.028825 0.08292131 0.024696661 0.0 0.015939612 0.0 0.003938115 0.0 0.0 0.0021426268 0.0 0.0 0.0 0.0 0.0 0.00872544 0.056034934 0.05700459 0.0 0.0 0.018451346 0.063952886
0.0 0.009854791 0.022153774 0.03819188 0.014847094 0.016084509 0.0 0.0 0.0 0.020989887 0.0 0.003481257 0.0 0.0 0.13672534 0.048626307 0.0 0.0 0.09009223 0.0676121 0.060600378 0.0 0.0 0.032504424 0.0 0.033596545 0.07236767 0.008345731 0.013078361 0.0 0.020820435 0.0 0.06776077 0.059100587 0.07446931 0.059946246 0.09903108 0.0 0.0 0.0 0.0 0.004940485 0.048763417 0.021360949 0.0 0.0051609203 0.0 0.027238412 0.039493967 0.0 0.0 0.012759887 0.0 0.0 0.0 0.0
0.0 0.05612099 0.07832034 0.03554353 0.0812493 0.0 0.0 0.0 0.0 0.05733404 0.0138230305 0.023445211 0.0 0.0 0.0 0.0 0.034238458 0.0804395 0.0 0.010709558 0.0 0.0 0.0 0.00536843 0.0 0.0 0.0 0.04266913 0.00092815555 0.08480302 0.12515914 0.18623799 0.0 0.0 0.0 0.005085892 0.040160507 0.046982065 0.021985292 0.0 0.0 0.0 0.0 0.0 0.0 0.0 0.0 0.0 0.0 0.0 0.0308412 0.0 0.0014217704 0.0 0.0 0.0
0.0 0.0 0.0 0.0 0.06614257 0.053227413 0.0064735436 0.020989886 0.057334043 0.0 0.0 0.0 0.0 0.0039409823 0.039126743 0.11235019 0.0 0.0 0.07318654 0.050111897 0.04809717 0.0 0.0 0.0 0.0 0.0 0.029189054 0.0031957326 0.0 0.022281094 0.0 0.0 0.0 0.0 0.0 0.0 0.0 0.0 0.0 0.0 0.0 0.014996774 0.14628118 0.0 0.0 0.03835736 0.0 0.0 0.022321796 0.0 0.026256664 0.06654089 0.0 0.059143007 0.0 0.041613877
0.0 0.0 0.0 0.08670865 0.06346763 0.03357187 0.0 0.0 0.0138230305 0.0 0.032582894 0.0 0.0 0.0 0.03892552 0.08061461 0.0 0.0033976503 0.0008039327 0.022608364 0.048360776 0.0 0.04186064 0.0 0.0 0.0 0.05250041 0.01333769 0.0 0.0 0.16367634 0.05202869 0.013123668 0.0 0.0 0.0 0.0 0.01767183 0.04002542 0.031389587 0.0 0.0010782211 0.0 0.016176084 0.0 0.0068609305 0.0 0.0 0.050809544 0.0 0.052004382 0.009920962 0.0 0.0 0.02745671 0.0
0.0 0.11307264 0.0 0.0 0.01735509 0.0 0.0 0.003481257 0.023445213 0.0 0.0 0.0 0.049998213 0.0 0.0 0.0 0.0068464903 0.036030732 0.0 0.0 0.0 0.0 0.0381733 0.0 0.0 0.0 0.0 0.0 0.006360016 0.0 0.011677872 0.009344283 0.11505733 0.0 0.0 0.011724702 0.0 0.0 0.0 0.0021457297 0.050744314 0.0 0.0 0.0 0.0 0.122863725 0.011911327 0.0 0.0 0.0 0.017734824 0.0 0.013878053 0.018869616 0.14196895 0.0
0.0 0.0072074565 0.033586495 0.07461493 0.0 0.0 0.0 0.0 0.0 0.0 0.0 0.049998216 0.0 0.050406367 0.0 0.0 0.04127479 0.0 0.0 0.0 0.0 0.00273215 0.0 0.0 0.021077814 0.07176687 0.04802488 0.02247799 0.043508206 0.0 0.056937445 0.0 0.020529488 0.0 0.0 0.0 0.0 0.003753445 0.021842703 0.14419712 0.0 0.05384248 0.0056938366 0.0 0.0 0.0 0.0130973505 0.060490057 0.035211373 0.071792 0.0 0.0 0.0 0.0 0.06676462 0.0
0.0 0.0 0.026200185 0.05300284 0.0 0.0 0.0 0.0 0.0 0.0039409823 0.0 0.0 0.050406367 0.13858335 0.012892198 0.0 0.0 0.0 0.0 0.0 0.0 0.0 0.0 0.04596971 0.0 0.14866228 0.025591198 0.0 0.0 0.0 0.052886203 0.0 0.0 0.0 0.0 0.020350052 0.029945027 0.0 0.056370668 0.08553512 0.003930806 0.0 0.0 0.0 0.0 0.0 0.054264877 0.13325441 0.03788752 0.0 0.007474404 0.0017498952 0.0 0.0 0.0 0.0
0.028114172 0.0 0.0 0.0 0.0 0.0111624375 0.0 0.13672534 0.0 0.039126743 0.03892552 0.0 0.0 0.012892197 0.02176505 0.0 0.0 0.0 0.014378432 0.033751115 0.0056086085 0.0 0.06644021 0.06412009 0.0 0.0046151364 0.005350257 0.0 0.0 0.04281188 0.0 0.0 0.033472043 0.0 0.050304554 0.058259718 0.0 0.01907213 0.0 0.0 0.0 0.055413898 0.0 0.0 0.0 0.0 0.0 0.0 0.0 0.0 0.06389402 0.17340636 0.0 0.036008894 0.018339185 0.0
0.15831447 0.0 0.006049226 0.0 0.012394431 0.04447336 0.0 0.048626307 0.0 0.11235019 0.08061461 0.0 0.0 0.0 0.0 0.03361196 0.00567267 0.024918627 0.0 0.072577134 0.030059705 0.0 0.009876375 0.05863933 0.0 0.0 0.0 0.0048901415 0.0 0.0 0.0 0.0 0.0 0.023495322 0.0 0.0 0.13493972 0.0 0.0 0.0 0.0 0.0017536492 0.0 0.0 0.042981528 0.0 0.0 0.024264818 0.0 0.0 0.0 0.061675537 0.0 0.0 0.0070061972 0.0
0.027934538 0.049965605 0.017076302 0.0 0.013589518 0.0 0.0 0.0 0.03423846 0.0 0.0 0.0068464903 0.041274786 0.0 0.0 0.00567267 0.12678915 0.0 0.0 0.0054400503 0.0 0.027207602 0.025246717 0.005784288 0.023693878 0.011481682 0.0 0.031941388 0.0 0.0 0.0 0.0 0.0106658535 0.0 0.0 0.079589 0.0 0.0047959504 0.026400354 0.0 0.0 0.003911057 0.0 0.06851847 0.011501483 0.0 0.06191077 0.0 0.08337557 0.032446083 0.017009154 0.0 0.01904348 0.0 0.066950284 0.007125486
0.0 0.064974464 0.0 0.018371414 0.097511746 0.0 0.005627776 0.0 0.0804395 0.0 0.0033976506 0.036030736 0.0 0.0 0.0 0.024918627 0.0 0.17596936 0.04496454 0.026972484 0.013651598 0.0 0.0 0.0 0.0 0.0 0.0033502297 0.0 0.0 0.053027116 0.019885857 0.036270536 0.0 0.0 0.0 0.008570783 0.0 0.054256193 0.026427738 0.0 0.0 0.0 0.0 0.00914361 0.0 0.039077178 0.0 0.0 0.07592327 0.0 0.0 0.0 0.061738525 0.0 0.0 0.0
0.11667051 0.0 0.0 0.0 0.0 0.0 0.03610448 0.09009223 0.0 0.07318654 0.00080393266 0.0 0.0 0.0 0.014378432 0.0 0.0 0.044964537 0.0 0.002447782 0.0 0.0053213323 0.026889317 0.0 0.0 0.0013620435 0.0 0.049038336 0.115234174 0.0 0.0 0.029109549 0.0 0.047146264 0.022655517 0.0 0.050735343 0.026729684 0.003047726 0.0 0.0 0.0 0.0 0.0 0.12073121 0.0 0.02328675 0.0 0.0 0.016362205 0.00635651 0.0 0.0 0.047705475 0.054463632 0.0
0.023889827 0.0 0.0 0.0 0.0 0.02114679 0.0 0.0676121 0.010709559 0.050111897 0.022608364 0.0 0.0 0.0 0.033751115 0.072577134 0.0054400503 0.026972484 0.002447782 0.0062493603 0.0 0.0 0.0 0.009317159 0.0 0.0 0.0 0.0 0.013365038 0.050842866 0.0 0.0 0.04676071 0.01711293 0.07406842 0.0 0.0 0.0 0.0 0.046756968 0.009798413 0.0 0.0 0.019550608 0.0 0.06523102 0.0 0.010377811 0.0 0.0 0.03000122 0.051456723 0.04946272 0.04045783 0.020220663 0.0
0.0071288384 0.0 0.0 0.011085205 0.01466191 0.0 0.015026831 0.060600378 0.0 0.048097167 0.048360776 0.0 0.0 0.0 0.005608608 0.030059705 0.0 0.013651599 0.0 0.0 0.0 0.0 0.11639968 0.0 0.0 0.0 0.0014865085 0.0 0.03798632 0.0 0.0 0.0 0.0 0.005866661 0.005153303 0.0 0.007390765 0.027797552 0.03724598 0.023512218 0.015909754 0.0 0.0 0.029352842 0.10474742 0.051492438 0.0007952593 0.056612067 0.0 0.068658024 0.0056941127 0.0 0.0039478727 0.012982096 0.013248666 0.0
0.035045587 0.008776087 0.0 0.003925576 0.0 0.0030392213 0.0 0.0 0.0 0.0 0.0 0.0 0.00273215 0.0 0.0 0.0 0.027207602 0.0 0.0053213327 0.0 0.0 0.065686725 0.0 0.03192756 0.016872559 0.010518033 0.0 0.029733108 0.04585997 0.0 0.0 0.0 0.0 0.03303163 0.1024703 0.0 0.0 0.0 0.029146284 0.0 0.0 0.024012098 0.009423951 0.0838062 0.04830972 0.03383254 0.0 0.0 0.0062157502 0.071301535 0.0 0.0 0.03536739 0.052127153 0.043982033 0.07425365
0.0 0.0 0.07922599 0.038806833 0.0 0.04059103 0.0 0.0 0.0 0.0 0.04186064 0.038173303 0.0 0.0 0.0664402 0.009876374 0.025246719 0.0 0.026889317 0.0 0.11639968 0.0 0.0 0.0 0.2619206 0.0 0.0 0.0 0.0 0.15226938 0.019307919 0.0 0.0 0.02134302 0.0 0.0 0.0 0.0049911253 0.028820867 0.091033 0.0 0.0 0.0 0.0 0.0 0.0 0.04028849 0.0 0.0 0.0 0.0 0.0 0.0 0.0 0.0 0.0
0.010578692 0.0 0.0 0.038021892 0.011485184 0.0 0.11706068 0.032504424 0.0053684297 0.0 0.0 0.0 0.0 0.04596971 0.064120084 0.058639325 0.005784288 0.0 0.0 0.009317159 0.0 0.031927556 0.0 0.0 0.0 0.09381027 0.0033454648 0.039433345 0.0 0.0 0.024257794 0.0028465674 0.0 0.022050051 0.04564104 0.006930507 0.0 0.0 0.0 0.10143297 0.009039291 0.026877066 0.0039457777 0.0 0.0 0.0 0.0 0.0 0.0 0.0 0.05943374 0.11653581 0.0 0.03336013 0.005875083 0.0015171769
0.0 0.09975169 0.0 0.0 0.0 0.0 0.0 0.0 0.0 0.0 0.0 0.0 0.021077812 0.0 0.0 0.0 0.023693878 0.0 0.0 0.0 0.0 0.016872559 0.2619206 0.0 0.0 0.0 0.0 0.024941482 0.0 0.0 0.019295638 0.03512884 0.0 0.0 0.0 0.012997571 0.0 0.0 0.00073184515 0.0 0.0038533015 0.0 0.0 0.023396976 0.0 0.0024374754 0.0 0.0 0.011099779 0.04201836 0.20163555 0.0 0.00105528 0.012218585 0.06486492 0.0
0.0 0.0 0.013706696 0.020189233 0.0 0.0 0.0 0.033596545 0.0 0.0 0.0 0.0 0.07176687 0.14866228 0.0046151364 0.0 0.011481682 0.0 0.0013620435 0.0 0.0 0.010518033 0.0 0.09381026 0.0 0.100421876 0.0 0.01517032 0.014034438 0.0 0.031810705 0.0 0.0 0.027403833 0.0 0.026880585 0.042702034 0.0 0.0 0.0 0.13171913 0.06708877 0.013518752 0.0 0.0 0.0 0.003437321 0.046112534 0.0 0.0 0.0 0.02540904 0.0 0.0 0.002069997 0.06962991
0.06599602 0.0 0.0 0.0113932155 0.0052217054 0.0039908323 0.0 0.07236767 0.0 0.029189052 0.05250041 0.0 0.048024885 0.0255912 0.005350257 0.0 0.0 0.0033502297 0.0 0.0 0.0014865086 0.0 0.0 0.0033454648 0.0 0.0 0.0 0.014121739 0.04655367 0.042982407 0.0 0.0 0.0 0.068736084 0.01663216 0.0 0.035030786 0.0 0.0 0.0 0.0649985 0.0 0.0 0.07417829 0.0 0.06749396 0.044400003 0.0 0.0 0.0 0.0 0.029225228 0.0 0.07013987 0.051385943 0.13434291
0.0 0.0 0.011504027 0.0 0.0 0.0 0.0 0.0083457315 0.04266913 0.0031957326 0.01333769 0.0 0.02247799 0.0 0.0 0.004890142 0.03194139 0.0 0.049038332 0.0 0.0 0.02973311 0.0 0.039433345 0.024941482 0.01517032 0.01412174 0.0 0.0 0.034910638 0.011915513 0.03591269 0.0 0.0 0.05193007 0.005237812 0.0 0.010506018 0.03107061 0.101799324 0.13697799 0.036803477 0.01287526 0.03996788 0.010807182 0.0 0.050572798 0.039611205 0.0 0.0 0.0 0.03046413 0.0 0.027580472 0.0 0.027800063
0.02608988 0.035898462 0.0 0.023398118 0.07437432 0.0 0.164198 0.013078361 0.00092815555 0.0 0.0 0.006360016 0.043508206 0.0 0.0 0.0 0.0 0.0 0.11523418 0.013365038 0.037986323 0.04585997 0.0 0.0 0.0 0.014034439 0.04655367 0.0 0.0 0.0 0.0 0.007525024 0.0 0.0 0.0015018547 0.0 0.0 0.0 0.015743272 0.0 0.0 0.043841258 0.015996024 0.007462135 0.0 0.002944171 0.026044272 0.0 0.0077572204 0.0 0.0 0.0 0.030299822 0.0 0.0 0.14264739
0.0 0.06526123 0.0019075044 0.02073851 0.0 0.04889534 0.0 0.0 0.08480303 0.022281095 0.0 0.0 0.0 0.0 0.04281188 0.0 0.0 0.053027116 0.0 0.050842866 0.0 0.0 0.15226938 0.0 0.0 0.0 0.042982407 0.03491064 0.0 0.0 0.0 0.023126315 0.0 0.0 0.0 0.00024211442 0.010825418 0.007381496 0.00329093 0.0 0.0 0.0 0.0 0.0 0.035357557 0.04363627 0.0 0.0 0.0 0.0 0.031569473 0.0 0.0 0.0 0.01659378 0.0
0.0 0.0 0.0058320975 0.026211048 0.02310814 0.0012404737 0.0 0.020820435 0.12515916 0.0 0.16367634 0.011677872 0.056937445 0.052886203 0.0 0.0 0.0 0.019885857 0.0 0.0 0.0 0.0 0.019307919 0.024257794 0.019295638 0.031810705 0.0 0.011915513 0.0 0.0 0.0 0.0 0.0 0.00166493 0.0 0.0043051103 0.0 0.092613935 0.0 0.07754082 0.029888408 0.0075974767 0.0 0.0 0.0 0.0 0.0 0.0 0.017999567 0.0 0.012275594 0.051663656 0.0 0.0069591883 0.068523034 0.0
0.0 0.05991059 0.015377452 0.0 0.022183536 0.0 0.0 0.0 0.18623799 0.0 0.05202869 0.009344283 0.0 0.0 0.0 0.0 0.0 0.03627054 0.029109549 0.0 0.0 0.0 0.0 0.0028465674 0.035128836 0.0 0.0 0.035912685 0.0075250235 0.023126315 0.0 0.17068613 0.0036206143 0.0 0.0 0.17013931 0.0 0.035116013 0.0038812784 0.027279355 0.0 0.0 0.0 0.0 0.0 0.0 0.0 0.0 0.0 0.0 0.0199583 0.0 0.04022265 0.0 0.0 0.0
0.0 0.0 0.0 0.0 0.0 0.0 0.0 0.06776077 0.0 0.0 0.013123668 0.11505732 0.020529486 0.0 0.03347204 0.0 0.0106658535 0.0 0.0 0.046760708 0.0 0.0 0.0 0.0 0.0 0.0 0.0 0.0 0.0 0.0 0.0 0.0036206143 0.0 0.0701338 0.09270672 0.0 0.0040120175 0.0 0.0 0.0 0.033635177 0.034666024 0.0 0.07091232 0.0437218 0.050209347 0.045573015 0.0 0.0 0.0 0.0 0.0059829503 0.0 0.11756671 0.0 0.0
0.0 0.0 0.0 0.0 0.014619618 0.075538665 0.030342465 0.05910059 0.0 0.0 0.0 0.0 0.0 0.0 0.0 0.023495324 0.0 0.0 0.04714626 0.017112928 0.005866661 0.033031635 0.02134302 0.022050051 0.0 0.027403833 0.06873608 0.0 0.0 0.0 0.00166493 0.0 0.0701338 0.060506016 0.034146775 0.03308348 0.0 0.040889926 0.0 0.0 0.0 0.0 0.0 0.0055476516 0.08171138 0.0038642148 0.0 0.02979974 0.011674855 0.07761406 0.01372715 0.01413105 0.030249638 0.0 0.0022652857 0.0
0.038877595 0.038990136 0.0 0.0 0.0 0.013921288 0.028824998 0.07446931 0.0 0.0 0.0 0.0 0.0 0.0 0.050304554 0.0 0.0 0.0 0.022655519 0.07406843 0.005153303 0.1024703 0.0 0.04564104 0.0 0.0 0.01663216 0.05193007 0.0015018547 0.0 0.0 0.0 0.09270672 0.034146775 0.0 0.029284041 0.049915727 0.0 0.0031191744 0.0 0.0 0.025640775 0.05071233 0.0 0.018609734 0.0 0.008802568 0.05722137 0.0 0.0 0.0 0.023878932 0.0 0.0 0.0 0.05789945
0.032908257 0.014946752 0.030247498 0.0 0.04400583 0.0 0.08292131 0.059946243 0.0050858916 0.0 0.0 0.011724703 0.0 0.02035005 0.05825972 0.0 0.079589 0.008570783 0.0 0.0 0.0 0.0 0.0 0.006930507 0.012997572 0.026880585 0.0 0.005237812 0.0 0.00024211442 0.0043051103 0.17013931 0.0 0.03308348 0.029284041 0.0 0.0 0.0 0.0 0.0073952503 0.0 0.061196174 0.0 0.0 0.0 0.0 0.007777043 0.0 0.021959648 0.0 0.0 0.0 0.0 0.0 0.0 0.0
0.0 0.0 0.0 0.010486769 0.019783907 0.027548563 0.024696661 0.09903108 0.040160503 0.0 0.0 0.0 0.0 0.029945027 0.0 0.13493972 0.0 0.0 0.050735347 0.0 0.007390765 0.0 0.0 0.0 0.0 0.042702034 0.035030786 0.0 0.0 0.010825418 0.0 0.0 0.004012018 0.0 0.049915724 0.0 0.0 0.0 0.0 0.0 0.0 0.08627606 0.18137464 0.0 0.0 0.029152699 0.024500601 0.0 0.0 0.0 0.002888692 0.052635644 0.0 0.02553681 0.0 0.015198899
0.0 0.05584281 0.015342714 0.10797279 0.122653715 0.016942704 0.0 0.0 0.046982065 0.0 0.017671827 0.0 0.003753445 0.0 0.019072132 0.0 0.0047959504 0.054256193 0.026729684 0.0 0.027797552 0.0 0.004991125 0.0 0.0 0.0 0.0 0.010506019 0.0 0.007381496 0.092613935 0.035116013 0.0 0.04088993 0.0 0.0 0.0 0.107250646 0.006443518 0.0 0.0 0.0 0.0 0.0 0.0 0.04400516 0.021606917 0.0 0.0 0.0 0.016827095 0.016571917 0.006914824 0.0 0.015526568 0.0
0.0 0.0031845272 0.0 0.014692763 0.0 0.0 0.015939612 0.0 0.02198529 0.0 0.040025424 0.0 0.021842703 0.056370668 0.0 0.0 0.026400354 0.026427738 0.003047726 0.0 0.037245978 0.029146284 0.028820865 0.0 0.00073184515 0.0 0.0 0.031070612 0.015743272 0.0032909298 0.0 0.0038812784 0.0 0.0 0.0031191744 0.0 0.0 0.0064435177 0.0 0.002758602 0.18304132 0.0 0.0 0.0 0.012021515 0.12714651 0.024689784 0.04499454 0.10022202 0.0 0.045957714 0.050464876 0.008894535 0.019066313 0.070104726 0.0
0.0 0.0 0.0 0.020407744 0.0 0.0 0.0 0.0 0.0 0.0 0.031389587 0.0021457297 0.14419712 0.085535124 0.0 0.0 0.0 0.0 0.0 0.046756968 0.02351222 0.0 0.091033 0.10143297 0.0 0.0 0.0 0.101799324 0.0 0.0 0.07754082 0.027279355 0.0 0.0 0.0 0.0073952507 0.0 0.0 0.002758602 0.06781649 0.024383355 0.0 0.0 0.00029117678 0.0 0.0 0.0 0.014556521 0.0 0.0052471287 0.083445705 0.031096853 0.0 0.0 0.06476207 0.0
0.0 0.0 0.0 0.023619425 0.0 0.0 0.003938115 0.0 0.0 0.0 0.0 0.050744314 0.0 0.003930806 0.0 0.0 0.0 0.0 0.0 0.009798414 0.015909752 0.0 0.0 0.009039291 0.0038533013 0.13171913 0.0649985 0.13697799 0.0 0.0 0.029888406 0.0 0.033635177 0.0 0.0 0.0 0.0 0.0 0.18304132 0.024383355 0.0 0.026869163 0.0 0.0075782207 0.0 0.0 0.0049010473 0.040733654 0.075609446 0.051930245 0.0 0.0 0.0 0.0 0.039068896 0.0
0.07463713 0.0 0.0 0.0 0.0 0.0 0.0 0.004940485 0.0 0.014996774 0.0010782211 0.0 0.05384248 0.0 0.055413898 0.0017536491 0.0039110575 0.0 0.0 0.0 0.0 0.024012098 0.0 0.026877068 0.0 0.067088775 0.0 0.036803477 0.043841258 0.0 0.0075974762 0.0 0.034666024 0.0 0.025640776 0.061196174 0.08627606 0.0 0.0 0.0 0.026869165 0.05757123 0.0 0.0032381392 0.056542695 0.0192282 0.016889002 0.0 0.0 0.0 0.030721616 0.005157196 0.035342578 0.0 0.008577486 0.0
0.17200373 0.0 0.0 0.0 0.0 0.0 0.0 0.048763417 0.0 0.14628118 0.0 0.0 0.0056938366 0.0 0.0 0.0 0.0 0.0 0.0 0.0 0.0 0.009423951 0.0 0.0039457777 0.0 0.013518752 0.0 0.01287526 0.015996024 0.0 0.0 0.0 0.0 0.0 0.05071233 0.0 0.18137464 0.0 0.0 0.0 0.0 0.0 0.0 0.001047762 0.17453186 0.0 0.0 0.0 0.0 0.020677919 0.017084315 0.015604925 0.0 0.0 0.0 0.0
0.005543047 0.0 0.054881383 0.004180703 0.0 0.06606253 0.0021426268 0.021360947 0.0 0.0 0.016176084 0.0 0.0 0.0 0.0 0.0 0.06851847 0.00914361 0.0 0.01955061 0.029352842 0.083806194 0.0 0.0 0.023396976 0.0 0.074178286 0.03996788 0.007462135 0.0 0.0 0.0 0.07091231 0.0055476516 0.0 0.0 0.0 0.0 0.0 0.00029117678 0.007578221 0.0032381392 0.001047762 0.052983947 0.029798068 0.027643342 0.0 0.08050027 0.07891486 0.0669676 0.0 0.012837364 0.110232584 0.0 0.051212132 0.0
0.007461466 0.008445977 0.0 0.024847982 0.023096364 0.050461877 0.0 0.0 0.0 0.0 0.0 0.0 0.0 0.0 0.0 0.042981528 0.011501483 0.0 0.12073121 0.0 0.10474743 0.048309717 0.0 0.0 0.0 0.0 0.0 0.010807182 0.0 0.035357554 0.0 0.0 0.0437218 0.081711374 0.018609734 0.0 0.0 0.0 0.012021514 0.0 0.0 0.056542695 0.17453185 0.029798068 0.0 0.073695436 0.02591688 0.015881384 0.02318435 0.0 0.020481048 0.0 0.033714257 0.07823254 0.0 0.04856686
0.022739213 0.0 0.026543966 0.012236166 0.0 0.0437547 0.0 0.0051609203 0.0 0.03835736 0.0068609305 0.12286372 0.0 0.0 0.0 0.0 0.0 0.039077174 0.0 0.06523102 0.051492434 0.03383254 0.0 0.0 0.0024374756 0.0 0.06749396 0.0 0.002944171 0.04363627 0.0 0.0 0.050209343 0.0038642148 0.0 0.0 0.0291527 0.04400516 0.12714651 0.0 0.0 0.0192282 0.0 0.027643343 0.073695436 0.010136668 0.0 0.0 0.0046077087 0.0 0.009860422 0.0 0.062020894 0.0 0.0 0.0
0.07482187 0.009090098 0.0059427023 0.015124157 0.0 0.0 0.0 0.0 0.0 0.0 0.0 0.011911327 0.0130973505 0.054264877 0.0 0.0 0.06191077 0.0 0.02328675 0.0 0.0007952594 0.0 0.040288493 0.0 0.0 0.003437321 0.044400003 0.0505728 0.026044272 0.0 0.0 0.0 0.045573015 0.0 0.008802569 0.007777043 0.0245006 0.021606917 0.024689782 0.0 0.0049010473 0.016889 0.0 0.0 0.025916882 0.0 0.0 0.0 0.026162472 0.06843557 0.035950262 0.0 0.052414283 0.0 0.038591806 0.027032606
0.0 0.0 0.003821119 0.0 0.0 0.03080041 0.0 0.02723841 0.0 0.0 0.0 0.0 0.06049006 0.13325441 0.0 0.024264818 0.0 0.0 0.0 0.010377811 0.056612067 0.0 0.0 0.0 0.0 0.046112534 0.0 0.0396112 0.0 0.0 0.0 0.0 0.0 0.02979974 0.05722137 0.0 0.0 0.0 0.04499454 0.014556521 0.04073365 0.0 0.0 0.08050027 0.015881384 0.0 0.0 0.0 0.0 0.040928256 0.023935601 0.012710289 0.0 0.035404533 0.0463162 0.026786122
0.0 0.0 0.031250574 0.0011631105 0.0 0.046512336 0.0 0.039493967 0.0 0.022321796 0.050809544 0.0 0.035211377 0.03788752 0.0 0.0 0.083375566 0.07592327 0.0 0.0 0.0 0.0062157502 0.0 0.0 0.011099779 0.0 0.0 0.0 0.0077572204 0.0 0.017999569 0.0 0.0 0.011674855 0.0 0.02195965 0.0 0.0 0.10022202 0.0 0.07560944 0.0 0.0 0.07891486 0.02318435 0.0046077087 0.026162472 0.0 0.02602287 0.0732178 0.007492395 0.0 0.0051050237 0.06753676 0.0033761542 0.0262458
0.0 0.045863472 0.0 0.0030516195 0.0 0.08401911 0.00872544 0.0 0.0 0.0 0.0 0.0 0.071792 0.0 0.0 0.0 0.03244608 0.0 0.016362205 0.0 0.06865802 0.07130153 0.0 0.0 0.042018358 0.0 0.0 0.0 0.0 0.0 0.0 0.0 0.0 0.077614054 0.0 0.0 0.0 0.0 0.0 0.0052471287 0.051930245 0.0 0.02067792 0.06696761 0.0 0.0 0.06843557 0.040928256 0.0732178 0.0 0.0 0.0 0.092047185 0.009595417 0.0 0.03745461
0.0 0.0 0.038290482 0.004072273 0.10922087 0.0035224543 0.056034934 0.0 0.0308412 0.026256664 0.052004382 0.017734824 0.0 0.007474403 0.06389401 0.0 0.017009154 0.0 0.00635651 0.03000122 0.0056941127 0.0 0.0 0.059433743 0.20163557 0.0 0.0 0.0 0.0 0.03156947 0.012275594 0.0199583 0.0 0.01372715 0.0 0.0 0.0028886923 0.016827093 0.045957714 0.08344571 0.0 0.030721614 0.017084317 0.0 0.02048105 0.009860422 0.03595026 0.023935601 0.007492395 0.0 0.0 0.0 0.0 0.0 0.0 0.0051737744
0.0 0.013851335 0.0 0.07757239 0.009830881 0.0284482 0.057004586 0.012759888 0.0 0.06654088 0.009920962 0.0 0.0 0.001749895 0.17340636 0.061675537 0.0 0.0 0.0 0.051456723 0.0 0.0 0.0 0.11653581 0.0 0.02540904 0.029225228 0.03046413 0.0 0.0 0.05166366 0.0 0.005982951 0.01413105 0.023878932 0.0 0.052635647 0.016571917 0.050464876 0.031096853 0.0 0.005157196 0.015604925 0.012837365 0.0 0.0 0.0 0.012710288 0.0 0.0 0.0 0.02787481 0.0 0.0 0.0 0.0
0.0 0.07236097 0.03499765 0.024215305 0.0 0.004300938 0.0 0.0 0.0014217704 0.0 0.0 0.013878053 0.0 0.0 0.0 0.0 0.01904348 0.061738525 0.0 0.049462717 0.0039478727 0.03536739 0.0 0.0 0.0010552799 0.0 0.0 0.0 0.030299822 0.0 0.0 0.04022265 0.0 0.030249638 0.0 0.0 0.0 0.0069148242 0.008894535 0.0 0.0 0.035342574 0.0 0.11023259 0.033714257 0.062020894 0.052414283 0.0 0.005105024 0.092047185 0.0 0.0 0.19364755 0.0 0.0 0.0
0.05537448 0.0 0.0 0.036815766 0.0 0.016274093 0.0 0.0 0.0 0.059143003 0.0 0.018869616 0.0 0.0 0.036008894 0.0 0.0 0.0 0.047705475 0.04045783 0.012982096 0.052127153 0.0 0.03336013 0.012218585 0.0 0.07013988 0.02758047 0.0 0.0 0.006959188 0.0 0.11756671 0.0 0.0 0.0 0.025536807 0.0 0.019066313 0.0 0.0 0.0 0.0 0.0 0.07823254 0.0 0.0 0.035404533 0.067536764 0.0095954165 0.0 0.0 0.0 0.0 0.0 0.0
0.0 0.0 0.03932959 0.0 0.0 0.088731 0.018451346 0.0 0.0 0.0 0.027456708 0.14196895 0.06676462 0.0 0.018339185 0.0070061972 0.066950284 0.0 0.05446363 0.020220663 0.013248666 0.043982036 0.0 0.0058750836 0.06486492 0.0020699967 0.051385947 0.0 0.0 0.016593782 0.06852304 0.0 0.0 0.0022652857 0.0 0.0 0.0 0.015526568 0.070104726 0.06476207 0.0390689 0.008577485 0.0 0.051212132 0.0 0.0 0.038591806 0.046316195 0.003376154 0.0 0.0 0.0 0.0 0.0 0.0 0.0070573837
0.08119813 0.0 0.0 0.0 0.0 0.0 0.063952886 0.0 0.0 0.041613877 0.0 0.0 0.0 0.0 0.0 0.0 0.007125486 0.0 0.0 0.0 0.0 0.074253656 0.0 0.0015171769 0.0 0.069629915 0.13434291 0.027800063 0.14264739 0.0 0.0 0.0 0.0 0.0 0.057899453 0.0 0.015198899 0.0 0.0 0.0 0.0 0.0 0.0 0.0 0.04856686 0.0 0.027032608 0.02678612 0.026245799 0.037454613 0.005173774 0.0 0.0 0.0 0.007057383 0.16366193
