0.107163854 0.084842734 0.0 0.0 0.0 0.0 0.0 0.048374962 0.04730362 0.036017198 0.0 0.00418834 0.0 0.0 0.0 0.042494483 0.0 0.07916307 0.0 0.023023425 0.0 0.016162634 0.05130137 0.023022288 0.0 0.0 0.0 0.0 0.0 0.0 0.12533629 0.0 0.05796021 0.0 0.0 0.0017487417 0.0018304086 0.05692188 0.0 0.059240747 0.002578703 0.0 0.0 0.0 0.0 0.032034617 0.0 0.0074609304 0.0 0.0 0.0 0.14888772 0.018284699 0.0 0.017361084 0.0
0.084842734 0.0 0.0 0.0 0.012346675 0.0 0.009506879 0.09725937 0.0 0.104749165 0.0 0.0 0.0 0.0 0.043004215 0.0 0.0 0.0 0.02732576 0.0 0.0 0.0 0.0037949844 0.00475147 0.0 0.016912686 0.0 0.051744662 0.08748123 0.0 0.0 0.0 0.0 0.058392547 0.06221908 0.0 0.08419832 0.0 0.0 0.0 0.0 0.0 0.0 0.0 0.1447516 0.0 0.0 0.007292351 0.0 0.0 0.03055487 0.011872495 0.0 0.0 0.0 0.0
0.0 0.0 0.0 0.18406801 0.03293549 0.05859836 0.0 0.0 0.0 0.0 0.0 0.0 0.024210623 0.0 0.020187369 0.0 0.0 0.0023729268 0.012534643 0.032526888 0.0 0.0 0.0 0.0 0.0 0.0 0.11213918 0.10143637 0.0 0.00019870352 0.08047992 0.04217962 0.008725563 0.0 0.0 0.0 0.0 0.0 0.0 0.0 0.0 0.0 0.0 0.0 0.0 0.040963314 0.0 0.0 0.08972558 0.0 0.037810747 0.0 0.00478762 0.0 0.0314012 0.0
0.0 0.0 0.18406801 0.0 0.0 0.0 0.057341058 0.032213133 0.0 0.0 0.080095336 0.017236963 0.0 0.0 0.0 0.0 0.0 0.0 0.11230081 0.0 0.0 0.031575583 0.0 0.0 0.10650322 0.0 0.0 0.06733227 0.0 0.0 0.0 0.0 0.0 0.0 0.07674942 0.00047348853 0.0 0.0 0.0 0.0 0.0 0.038376845 0.06698712 0.0 0.0 0.10069077 0.027818456 0.0 0.0 0.0 0.0 0.0 0.0 0.007534005 0.0 0.08437999
0.0 0.012346674 0.03293549 0.0 0.0 0.0 0.045454074 0.0 0.0 0.0 0.14562713 0.042094428 0.0452437 0.0 0.0 0.0 0.0 0.015502924 0.0 0.054453764 0.0 0.0 0.0 0.0 0.0 0.0 0.0034172148 0.105412126 0.009727253 0.0 0.0 0.014328669 0.0 0.0 0.0 0.01697115 0.009763494 0.0 0.0 0.0 0.0 0.0072814324 0.033532515 0.0 0.0 0.0 0.0 0.14370015 0.0 0.0 0.0 0.0 0.0 0.0 0.0 0.08954585
0.0 0.0 0.05859836 0.0 0.0 0.0 0.1305041 0.0 0.0 0.0 0.0010704054 0.012629388 0.00813289 0.0 0.0 0.005185979 0.0 0.0 0.0 0.0 0.0 0.025533687 0.0 0.0 0.010974304 0.0 0.0 0.0 0.13279992 0.0 0.0 0.0 0.0 0.073451035 0.040989257 0.05370986 0.04102295 0.0 0.0 0.0 0.0 0.14831336 0.025425123 0.011839417 0.0 0.064175405 0.028114969 0.0 0.0 0.0 0.0 0.0 0.0 0.027688375 0.0 0.05427855
0.0 0.009506878 0.0 0.057341058 0.045454077 0.1305041 0.0 0.0 0.0083067855 0.0 0.0 0.057747792 0.0 0.0 0.017388053 0.03954249 0.003303006 0.0 0.0878903 0.036172412 0.0 0.0 0.0 0.0 0.014459844 0.004770115 0.0 0.0 0.0 0.019187594 0.0 0.07681777 0.017086774 0.08740438 0.0 0.0 0.0 0.0 0.0 0.0 0.0 0.011466891 0.05895012 0.12916355 0.0 0.0 0.012965618 0.003092916 0.0 0.0 0.0 0.0 0.0 0.0 0.00044092644 0.0
0.048374962 0.097259365 0.0 0.03221313 0.0 0.0 0.0 0.0 0.11361194 0.0 0.0 0.016027205 0.0 0.0322384 0.042686358 0.096485525 0.021879492 0.0 0.0 0.0 0.0 0.0 0.003976889 0.022744281 0.0 0.03577143 0.05265481 0.0 0.0 0.008333305 0.026337298 0.0 0.04911641 0.0 0.0 0.012948772 0.0 0.06465278 0.0096807415 0.054695405 0.038214322 0.0 0.0 0.0 0.0 0.0 0.0053676246 0.0 0.0 0.013924779 0.023335578 0.0092647 0.12319393 0.0 0.13672106 0.0
0.04730362 0.0 0.0 0.0 0.0 0.0 0.0083067855 0.11361194 0.0 0.012359818 0.03923405 0.0 0.0 0.0 0.080193706 0.0 0.013568136 0.0 0.00037017322 0.0 0.0 0.0 0.0 0.0 0.0 0.0 0.0 0.031697113 0.19006169 0.0 0.0 0.0 0.0 0.0 0.0 0.0 0.0 0.0 0.0 0.0 0.0 0.03799633 0.0 0.0 0.0 0.0 0.0 0.080518916 0.0 0.005927109 0.0036406808 0.0 0.0 0.0 0.0 0.074743085
0.036017198 0.104749165 0.0 0.0 0.0 0.0 0.0 0.0 0.012359818 0.0 0.0 0.0 0.0 0.0 0.0 0.0 0.0 0.0 0.003783864 0.042369407 0.0 0.0 0.0 0.0 0.0 0.0 0.0 0.0 0.0 0.0 0.0 0.0 0.0 0.08385384 0.0 0.008677897 0.029223615 0.0 0.009308781 0.058442965 0.0 0.0 0.0 0.054375943 0.0 0.00086763164 0.13889043 0.015257926 0.0010832085 0.04691153 0.0 0.13798918 0.0 0.11047092 0.013313334 0.0
0.0 0.0 0.0 0.08009533 0.14562714 0.0010704052 0.0 0.0 0.03923405 0.0 0.0 0.001701061 0.028997075 0.0 0.0 0.071251735 0.0 0.0 0.0 0.01924797 0.0 0.0 0.03711598 0.06479962 0.0 0.0 0.009941866 0.0 0.0 0.0 0.021169078 0.0 0.045516796 0.0 0.0 0.0125333965 0.0 0.0 0.0 0.05517406 0.0 0.0 0.0016583352 0.0 0.0 0.060104642 0.0 0.029289028 0.05148087 0.0 0.081836 0.008783231 0.0 0.0 0.0 0.0
0.00418834 0.0 0.0 0.017236961 0.042094424 0.012629388 0.057747792 0.016027205 0.0 0.0 0.0017010611 0.0 0.03912203 0.0 0.0 0.009979819 0.0 0.0 0.0 0.030872878 0.009562599 0.0 0.03617597 0.029074831 0.009329044 0.0 0.0643791 0.026011225 0.0 0.026605507 0.00049081596 0.19806933 0.0 0.06746641 0.0 0.0 0.020426959 0.0 0.0 0.0 0.0 0.0 0.0 0.0 0.0 0.005725887 0.0 0.07088064 0.034247927 0.010990319 0.0 0.0 0.0 0.0 0.0064308825 0.0
0.0 0.0 0.024210623 0.0 0.045243695 0.008132889 0.0 0.0 0.0 0.0 0.028997073 0.03912203 0.0 0.0 0.018680329 0.0 0.14732327 0.0 0.0 0.0014859156 0.049628668 0.016642028 0.0 0.0 0.052030552 0.0 3.9191335e-05 0.0 0.014016824 0.124502994 0.0 0.0263951 0.03888189 0.0 0.0 0.0 0.0 0.029513903 0.17575519 0.0 0.0 0.0 0.0 0.021946384 0.012488187 0.0 0.052562147 0.0 0.0 0.08348274 0.0 0.0 0.1068147 0.0 0.0 0.012585073
0.0 0.0 0.0 0.0 0.0 0.0 0.0 0.032238398 0.0 0.0 0.0 0.0 0.0 0.0659584 0.03113139 0.0 0.009155173 0.0 0.0 0.0013913334 0.0624218 0.0 0.08283547 0.0 0.023612805 0.030922685 0.0 0.032705493 0.0 0.022580946 0.0 0.0 0.028891658 0.0 0.0 0.0 0.0 0.20117389 0.1418904 0.029192952 0.037326477 0.0 0.0 0.0 0.0063072476 0.0 0.0 0.0 0.0 0.0 0.09636253 0.011094094 0.0 0.0 0.036720984 0.0
0.0 0.043004215 0.020187369 0.0 0.0 0.0 0.017388051 0.042686358 0.080193706 0.0 0.0 0.0 0.018680327 0.031131392 0.0 0.0 0.0007979286 0.0 0.0 0.0 0.0 0.0 0.0 0.0024597307 0.0 0.0 0.0 0.0 0.04683481 0.01878992 0.0 0.0 0.0 0.0 0.0 0.01434939 0.0 0.0 0.0 0.014305575 0.11071036 0.059913933 0.10325403 0.019172393 0.0 0.0 0.010468911 0.0 0.0 0.0 0.0 0.0 0.034250043 0.17071936 0.0 0.11796461
0.042494483 0.0 0.0 0.0 0.0 0.0051859794 0.03954249 0.096485525 0.0 0.0 0.071251735 0.009979818 0.0 0.0 0.0 0.0 0.0 0.0 0.0 0.04908927 0.0 0.0 0.048491474 0.14238618 0.0 0.009698573 0.0 0.0 0.0 0.0 0.028200598 0.013315174 0.016649632 0.0 0.057373676 0.0 0.015955372 0.0 0.0 0.0 0.0 0.0 0.0 0.0 0.012841573 0.022727272 0.0 0.033611353 0.011512631 0.014865633 0.038090922 0.09528145 0.0 0.0 0.010328585 0.0
0.0 0.0 0.0 0.0 0.0 0.0 0.0033030063 0.021879492 0.013568135 0.0 0.0 0.0 0.14732327 0.009155174 0.0007979286 0.0 0.0 0.0 0.0 0.0 0.0 0.0 0.0 0.017203929 0.0 0.084553234 0.051699515 0.043748535 0.025334721 0.0 0.0 0.009407415 0.0 0.12443989 0.0076902304 0.057284564 0.0 0.0 0.0 0.0 0.011720171 0.022086207 0.0 0.06536809 0.0 0.0 0.0 0.0 0.0 0.0 0.019260494 0.006796825 0.0 0.092849776 0.0 0.096867904
0.07916307 0.0 0.0023729268 0.0 0.015502924 0.0 0.0 0.0 0.0 0.0 0.0 0.0 0.0 0.0 0.0 0.0 0.0 0.0 0.0 0.00052814244 0.0 0.0 0.021459686 0.014965903 0.0 0.0 0.09051915 0.09460041 0.0 0.0 0.04154831 0.0 0.048745923 0.0 0.0 0.0 0.050734032 0.0 0.0 0.0 0.0 0.0 0.0 0.0049702288 0.04022602 0.0 0.0 0.15132682 0.0 0.0 0.025944566 0.0 0.0 0.0 0.18364005 0.0
0.0 0.02732576 0.012534643 0.11230081 0.0 0.0 0.08789029 0.0 0.00037017322 0.003783864 0.0 0.0 0.0 0.0 0.0 0.0 0.0 0.0 0.0 0.0 0.0 0.0 0.0 0.003732017 0.0 0.049065363 0.0 0.0 0.0 0.038443223 0.0 0.01471198 0.0 0.0 0.0 0.0 0.05964686 0.0 0.0 0.0 0.0 0.016836451 0.0 0.0 0.0004092936 0.031098235 0.0 0.07805078 0.0 0.014251306 0.0 0.0 0.021246405 0.06779453 0.0 0.04937759
0.023023425 0.0 0.032526888 0.0 0.054453764 0.0 0.03617241 0.0 0.0 0.04236941 0.01924797 0.030872878 0.0014859157 0.0013913333 0.0 0.04908927 0.0 0.0005281425 0.0 0.0 0.0 0.056281164 0.015329752 0.0067557506 0.06108774 0.0 0.0 0.014567029 0.0 0.0 0.01516597 0.029730389 0.09127387 0.0 0.0029464683 0.0 0.043683797 0.0 0.0 0.0 0.0 0.0 0.0 0.0 0.023252062 0.08236547 0.0 0.023770507 0.110640325 0.06763065 0.0 0.0 0.0 0.0 0.039211523 0.0
0.0 0.0 0.0 0.0 0.0 0.0 0.0 0.0 0.0 0.0 0.0 0.009562599 0.049628668 0.0624218 0.0 0.0 0.0 0.0 0.0 0.0 0.0 0.0 0.0 0.0 0.032261997 0.11186275 0.0 0.072795026 0.0038467837 0.0 0.0 0.0 0.0 0.0 0.03896159 0.029740548 0.0 0.0 0.0 0.0 0.0 0.0 0.0053636683 0.0 0.0 0.0 0.0 0.0 0.0 0.045807373 0.0 0.052431464 0.0 0.05343403 0.0 0.17976014
0.016162634 0.0 0.0 0.031575583 0.0 0.025533685 0.0 0.0 0.0 0.0 0.0 0.0 0.016642028 0.0 0.0 0.0 0.0 0.0 0.0 0.056281168 0.0 0.0 0.12858935 0.016585175 0.0 0.053829137 0.1635745 0.059269253 0.015334538 0.0 0.0 0.008113173 0.0126540745 0.00014718347 0.0 0.0 0.048236262 0.0 0.0 0.0 0.0 0.0 0.0 0.0 0.0 0.0 0.0 0.0 0.0 0.034345284 0.060257617 0.0 0.0 0.0 0.039404035 0.0
0.05130137 0.0037949844 0.0 0.0 0.0 0.0 0.0 0.003976889 0.0 0.0 0.03711598 0.03617597 0.0 0.08283547 0.0 0.048491474 0.0 0.021459686 0.0 0.015329752 0.0 0.12858935 0.033560473 0.02082899 0.012963502 0.0 0.0 0.016489327 0.0 0.0 0.020177728 0.0 0.044804756 0.020627819 0.0 0.0 0.0 0.0 0.04265176 0.07989074 0.015208606 0.0 0.0 0.009645301 0.10761693 0.0 0.0 0.0027982916 0.0 0.116911285 0.08213218 0.0 0.0098729 0.0 0.027367651 0.0
0.023022288 0.00475147 0.0 0.0 0.0 0.0 0.0 0.022744281 0.0 0.0 0.064799614 0.029074833 0.0 0.0 0.0024597307 0.14238618 0.017203927 0.014965903 0.003732017 0.0067557506 0.0 0.016585175 0.02082899 0.0 0.0 0.0 0.02000542 0.0 0.0 0.0027357729 0.14412366 0.0 0.1397248 0.0 0.0 0.0 0.0 0.09820154 0.03585793 0.011065588 0.0 0.0 0.0 0.0 0.056077868 0.02194864 0.0 0.03402195 0.013330849 0.008297312 0.11469667 0.0056518954 0.07768829 0.0 0.029593125 0.0
0.0 0.0 0.0 0.10650322 0.0 0.010974304 0.014459844 0.0 0.0 0.0 0.0 0.009329044 0.052030552 0.023612805 0.0 0.0 0.0 0.0 0.0 0.061087735 0.032261997 0.0 0.012963502 0.0 0.0032040658 0.055231214 0.1623951 0.10660861 0.0 0.049667943 0.020634057 0.03611789 0.0062427684 0.0 0.03688039 0.0 0.0026357493 0.0 0.0 0.0 0.0 0.0 0.00960684 0.05950219 0.0065589077 0.0 0.0 0.010107767 0.10134884 0.0 0.0047327406 0.0 0.0 0.0 0.016528836 0.0
0.0 0.016912686 0.0 0.0 0.0 0.0 0.004770115 0.03577143 0.0 0.0 0.0 0.0 0.0 0.030922687 0.0 0.009698573 0.08455323 0.0 0.049065363 0.0 0.11186275 0.053829137 0.0 0.0 0.055231214 0.0 0.0 0.0 0.0 0.023840437 0.0 0.0 0.012546352 0.0 0.0 0.0 0.0 0.01747882 0.07791729 0.022522684 0.056477595 0.029394541 0.02301263 0.02164469 0.0 0.0 0.020710379 0.0 0.0 0.01532279 0.017600449 0.009303752 0.12583317 0.0051173954 0.0 0.029584438
0.0 0.0 0.11213918 0.0 0.003417215 0.0 0.0 0.052654814 0.0 0.0 0.009941866 0.0643791 3.9191335e-05 0.0 0.0 0.0 0.05169952 0.090519145 0.0 0.0 0.0 0.1635745 0.0 0.02000542 0.1623951 0.0 0.0 0.0 0.05443032 0.050006263 0.0 0.0 0.0 0.0056217946 0.012719482 0.0 0.0 0.0 0.005783126 0.0032347518 0.0 0.0 0.0 0.015744343 0.0 0.020523433 0.03951284 0.0 0.035250135 0.09822236 0.0 0.0 0.12575364 0.0 0.006086295 0.0
0.0 0.051744662 0.10143636 0.06733227 0.10541213 0.0 0.0 0.0 0.031697113 0.0 0.0 0.026011225 0.0 0.032705497 0.0 0.0 0.043748535 0.09460041 0.0 0.014567029 0.072795026 0.059269253 0.016489327 0.0 0.10660861 0.0 0.0 0.0 0.0 0.037987374 0.029669851 0.0 0.020620951 0.0 0.0 0.0 0.0 0.027577734 0.05343215 0.0 0.0 0.0 0.0 0.0 0.0 0.0 0.0 0.0060428614 0.0 0.050501753 0.0 0.0 0.06777221 0.0 0.0 0.0
0.0 0.08748123 0.0 0.0 0.009727254 0.13279992 0.0 0.0 0.19006167 0.0 0.0 0.0 0.014016825 0.0 0.04683481 0.0 0.02533472 0.0 0.0 0.0 0.0038467837 0.015334538 0.0 0.0 0.0 0.0 0.05443032 0.0 0.0 0.0 0.0 0.06521846 0.017545564 0.012960926 0.0 0.21245633 0.0 0.085930444 0.0 0.0 0.0 0.053630628 0.009524146 0.030957354 0.0 0.0 0.0 0.0 0.0 0.0 0.0 0.0047802697 0.020462634 0.0 0.026589757 0.0
0.0 0.0 0.00019870352 0.0 0.0 0.0 0.019187594 0.008333305 0.0 0.0 0.0 0.026605507 0.12450299 0.022580948 0.01878992 0.0 0.0 0.0 0.03844322 0.0 0.0 0.0 0.0 0.0027357729 0.049667943 0.023840435 0.050006263 0.037987374 0.0 0.11893717 0.0 0.036501076 0.0 0.050124623 0.034000814 0.0 0.0 0.0 0.0 0.0 0.008576142 0.03083817 0.0 0.03914229 0.022850623 0.0 0.029099602 0.0 0.0 0.0 0.0 0.0 0.0 0.039153732 0.0 0.045666866
0.12533629 0.0 0.08047993 0.0 0.0 0.0 0.0 0.026337296 0.0 0.0 0.021169076 0.00049081596 0.0 0.0 0.0 0.028200598 0.0 0.04154831 0.0 0.01516597 0.0 0.0 0.020177728 0.14412366 0.020634057 0.0 0.0 0.029669853 0.0 0.0 0.043075647 0.016107282 0.0 0.0 0.018727835 0.0 0.073144585 0.0 0.0 0.0 0.0 0.0 0.0 0.0 0.037825923 0.05293891 0.0 0.0 0.058032855 0.0 0.0 0.024312006 0.0 0.0 0.0045431084 0.0
0.0 0.0 0.04217962 0.0 0.014328669 0.0 0.07681777 0.0 0.0 0.0 0.0 0.19806932 0.0263951 0.0 0.0 0.013315173 0.009407415 0.0 0.014711981 0.029730389 0.0 0.008113173 0.0 0.0 0.03611789 0.0 0.0 0.0 0.06521847 0.03650108 0.01610728 0.0 0.0 0.0 0.0 0.0 0.0 0.0 0.015676804 0.0 0.0 0.061638042 0.022516552 0.08924036 0.015265083 0.0 0.0 0.03710368 0.0 0.006947973 0.0 0.0 0.0 0.0 0.0 0.13578498
0.05796021 0.0 0.008725563 0.0 0.0 0.0 0.017086772 0.049116414 0.0 0.0 0.045516796 0.0 0.03888189 0.028891658 0.0 0.016649632 0.0 0.048745923 0.0 0.091273874 0.0 0.0126540745 0.04480476 0.1397248 0.0062427684 0.012546352 0.0 0.020620951 0.017545562 0.0 0.0 0.0 0.0 0.015193217 0.11625844 0.0075943517 0.0 0.0 0.0 0.012839757 0.032780703 0.0 0.0 0.0 0.0 0.11288077 0.0 0.0007704236 0.0 0.0 0.019485138 0.031018086 0.0 0.013211568 0.017443776 0.0
0.0 0.058392543 0.0 0.0 0.0 0.073451035 0.08740438 0.0 0.0 0.08385385 0.0 0.06746641 0.0 0.0 0.0 0.0 0.12443988 0.0 0.0 0.0 0.0 0.00014718345 0.020627819 0.0 0.0 0.0 0.005621795 0.0 0.012960926 0.05012462 0.0 0.0 0.0151932165 0.013073325 0.0 0.043878887 0.01955302 0.0011177638 0.03472153 0.0 0.0 0.01374945 0.0 0.12980452 0.0036946603 0.0 0.0 0.0 0.0 0.030738486 0.0 0.0 0.011422316 0.0 0.0 0.0
0.0 0.06221908 0.0 0.076749414 0.0 0.040989257 0.0 0.0 0.0 0.0 0.0 0.0 0.0 0.0 0.0 0.05737368 0.00769023 0.0 0.0 0.0029464683 0.03896159 0.0 0.0 0.0 0.03688039 0.0 0.012719482 0.0 0.0 0.034000814 0.018727835 0.0 0.11625844 0.0 0.0 0.0 0.0 0.052800782 0.0 0.070500895 0.008698761 0.023152422 0.0 0.07199209 0.040926192 0.0 0.025291514 0.026995618 0.026027104 0.10295031 0.0 0.012250853 0.059770852 0.0161249 0.10828733 0.0
0.0017487416 0.0 0.0 0.00047348853 0.01697115 0.05370986 0.0 0.012948772 0.0 0.008677896 0.0125333965 0.0 0.0 0.0 0.01434939 0.0 0.057284568 0.0 0.0 0.0 0.029740548 0.0 0.0 0.0 0.0 0.0 0.0 0.0 0.21245635 0.0 0.0 0.0 0.0075943517 0.043878887 0.0 0.04422653 0.0 0.040818192 0.0107732015 0.046901315 0.06838307 0.0 0.029027563 0.021636095 0.0 0.0 0.0 0.0 0.0 0.0075765355 0.0 0.0 0.0 0.061147895 0.0 0.0
0.0018304085 0.084198326 0.0 0.0 0.009763494 0.041022953 0.0 0.0 0.0 0.029223613 0.0 0.020426957 0.0 0.0 0.0 0.015955372 0.0 0.050734032 0.059646856 0.043683797 0.0 0.048236262 0.0 0.0 0.0026357493 0.0 0.0 0.0 0.0 0.0 0.073144585 0.0 0.0 0.019553022 0.0 0.0 0.05035155 0.015873916 0.01404091 0.07088872 0.005888986 0.015356465 0.0 0.12315004 0.0 0.0 0.07596541 0.057125736 0.028727895 0.0 0.0077318004 0.0 0.055501357 0.017745828 0.027155792 0.0
0.05692188 0.0 0.0 0.0 0.0 0.0 0.0 0.06465277 0.0 0.0 0.0 0.0 0.029513903 0.20117387 0.0 0.0 0.0 0.0 0.0 0.0 0.0 0.0 0.0 0.09820155 0.0 0.01747882 0.0 0.027577735 0.085930444 0.0 0.0 0.0 0.0 0.0011177639 0.052800782 0.040818192 0.015873916 0.0 0.0 0.0 0.027637009 0.0 0.035664767 0.0 0.0 0.0 0.0 0.054585706 0.0 0.0 0.025995225 0.0030117363 0.0 0.0038766859 0.0 0.051711448
0.0 0.0 0.0 0.0 0.0 0.0 0.0 0.0096807415 0.0 0.0093087815 0.0 0.0 0.17575517 0.1418904 0.0 0.0 0.0 0.0 0.0 0.0 0.0 0.0 0.04265176 0.03585793 0.0 0.07791729 0.005783126 0.05343215 0.0 0.0 0.0 0.015676804 0.0 0.034721535 0.0 0.0107732015 0.01404091 0.0 0.0 0.09224074 0.07153723 0.0 0.0 0.0 0.0 0.0 0.0 0.0 0.0 0.011434652 0.03219798 0.002130597 0.0 0.11750797 0.01608439 0.0
0.05924075 0.0 0.0 0.0 0.0 0.0 0.0 0.054695405 0.0 0.058442965 0.05517406 0.0 0.0 0.029192954 0.014305574 0.0 0.0 0.0 0.0 0.0 0.0 0.0 0.07989074 0.011065588 0.0 0.022522682 0.0032347518 0.0 0.0 0.0 0.0 0.0 0.012839758 0.0 0.070500895 0.046901315 0.07088873 0.0 0.09224074 0.0 0.04410141 0.0 0.019240653 0.0 0.093457446 0.0 0.0 0.0029068207 0.0 0.0 0.0647881 0.07063794 0.0 0.0 0.02767179 0.037605044
0.002578703 0.0 0.0 0.0 0.0 0.0 0.0 0.038214322 0.0 0.0 0.0 0.0 0.0 0.037326477 0.11071036 0.0 0.011720171 0.0 0.0 0.0 0.0 0.0 0.015208607 0.0 0.0 0.056477595 0.0 0.0 0.0 0.008576142 0.0 0.0 0.032780703 0.0 0.0086987605 0.068383075 0.0058889855 0.027637007 0.071537234 0.04410141 0.07430462 0.0 0.03808185 0.020086654 0.035748452 0.0 0.0 0.0 0.0 0.0 0.18715894 0.0363676 0.0 0.0 0.02376337 0.0026028133
0.0 0.0 0.0 0.038376845 0.007281433 0.14831334 0.01146689 0.0 0.03799633 0.0 0.0 0.0 0.0 0.0 0.059913937 0.0 0.022086207 0.0 0.016836451 0.0 0.0 0.0 0.0 0.0 0.0 0.029394541 0.0 0.0 0.053630628 0.030838167 0.0 0.061638046 0.0 0.01374945 0.02315242 0.0 0.015356465 0.0 0.0 0.0 0.0 0.20773473 0.04343716 0.033645388 0.0 0.0 0.029635955 0.033039585 0.0 0.0 0.0 0.0 0.0 0.055970114 0.0 0.06324025
0.0 0.0 0.0 0.06698712 0.033532515 0.025425123 0.05895012 0.0 0.0 0.0 0.0016583352 0.0 0.0 0.0 0.10325403 0.0 0.0 0.0 0.0 0.0 0.005363668 0.0 0.0 0.0 0.009606839 0.023012633 0.0 0.0 0.009524146 0.0 0.0 0.022516552 0.0 0.0 0.0 0.029027563 0.0 0.035664767 0.0 0.019240653 0.03808185 0.04343716 0.25915653 0.030264731 0.0 0.0 0.0 0.0 0.0 0.0 0.0 0.0 0.0 0.08513923 0.0 0.050638847
0.0 0.0 0.0 0.0 0.0 0.011839417 0.12916353 0.0 0.0 0.054375943 0.0 0.0 0.021946384 0.0 0.019172393 0.0 0.06536809 0.0049702288 0.0 0.0 0.0 0.0 0.009645302 0.0 0.05950219 0.02164469 0.015744343 0.0 0.030957354 0.039142292 0.0 0.08924036 0.0 0.12980452 0.0719921 0.021636093 0.12315004 0.0 0.0 0.0 0.020086654 0.033645388 0.03026473 0.07868143 0.0 0.0 0.03317429 0.0 0.0 0.0 0.0 0.0 0.0 0.0 0.001586858 0.00537958
0.0 0.14475161 0.0 0.0 0.0 0.0 0.0 0.0 0.0 0.0 0.0 0.0 0.012488187 0.0063072476 0.0 0.012841572 0.0 0.040226016 0.0004092936 0.023252062 0.0 0.0 0.10761694 0.05607787 0.0065589077 0.0 0.0 0.0 0.0 0.022850625 0.037825923 0.015265083 0.0 0.0036946603 0.040926192 0.0 0.0 0.0 0.0 0.09345745 0.035748452 0.0 0.0 0.0 0.0 0.020738618 0.0 0.0 0.113693476 0.0 0.0 0.105588734 0.05341161 0.0 0.071972944 0.0
0.032034617 0.0 0.040963314 0.10069077 0.0 0.064175405 0.0 0.0 0.0 0.00086763164 0.060104642 0.005725887 0.0 0.0 0.0 0.02272727 0.0 0.0 0.031098237 0.08236547 0.0 0.0 0.0 0.02194864 0.0 0.0 0.020523433 0.0 0.0 0.0 0.05293891 0.0 0.11288077 0.0 0.0 0.0 0.0 0.0 0.0 0.0 0.0 0.0 0.0 0.0 0.020738618 0.022278761 0.0 0.07619969 0.117986895 0.056160264 0.0 0.0 0.0 0.0 0.017684367 0.0
0.0 0.0 0.0 0.027818456 0.0 0.028114969 0.012965618 0.0053676246 0.0 0.13889043 0.0 0.0 0.052562147 0.0 0.010468912 0.0 0.0 0.0 0.0 0.0 0.0 0.0 0.0 0.0 0.0 0.020710379 0.03951284 0.0 0.0 0.029099602 0.0 0.0 0.0 0.0 0.025291514 0.0 0.07596541 0.0 0.0 0.0 0.0 0.029635955 0.0 0.03317429 0.0 0.0 0.0 0.103356615 0.0 0.093025945 0.0 0.0 0.0 0.0 0.011760421 0.07050226
0.00746093 0.007292351 0.0 0.0 0.14370015 0.0 0.003092916 0.0 0.08051892 0.015257927 0.029289028 0.070880644 0.0 0.0 0.0 0.033611353 0.0 0.15132682 0.07805078 0.023770507 0.0 0.0 0.0027982916 0.03402195 0.010107767 0.0 0.0 0.0060428614 0.0 0.0 0.0 0.03710368 0.0007704236 0.0 0.026995616 0.0 0.05712574 0.054585706 0.0 0.0029068207 0.0 0.033039585 0.0 0.0 0.0 0.07619969 0.10335662 0.0 0.056691032 0.0 0.0 0.0 0.0 0.0 0.009430046 0.0
0.0 0.0 0.08972558 0.0 0.0 0.0 0.0 0.0 0.0 0.0010832084 0.05148087 0.03424793 0.0 0.0 0.0 0.011512631 0.0 0.0 0.0 0.11064032 0.0 0.0 0.0 0.013330848 0.10134884 0.0 0.035250135 0.0 0.0 0.0 0.058032855 0.0 0.0 0.0 0.026027104 0.0 0.028727897 0.0 0.0 0.0 0.0 0.0 0.0 0.0 0.11369347 0.117986895 0.0 0.056691036 0.13549784 0.0 0.0006890017 0.0 0.0 0.0 0.041132104 0.0
0.0 0.0 0.0 0.0 0.0 0.0 0.0 0.013924779 0.0059271096 0.04691153 0.0 0.010990318 0.08348275 0.0 0.0 0.014865633 0.0 0.0 0.014251306 0.06763065 0.045807377 0.034345284 0.116911285 0.008297312 0.0 0.01532279 0.09822236 0.050501753 0.0 0.0 0.0 0.0069479723 0.0 0.030738484 0.10295031 0.007576536 0.0 0.0 0.011434652 0.0 0.0 0.0 0.0 0.0 0.0 0.056160264 0.093025945 0.0 0.0 0.05092453 0.0 0.0 0.0076133646 0.025545977 0.004878078 0.0
0.0 0.030554868 0.037810747 0.0 0.0 0.0 0.0 0.023335578 0.0036406808 0.0 0.081836 0.0 0.0 0.09636253 0.0 0.038090922 0.019260494 0.025944566 0.0 0.0 0.0 0.060257617 0.08213218 0.11469667 0.00473274 0.017600449 0.0 0.0 0.0 0.0 0.0 0.0 0.019485138 0.0 0.0 0.0 0.0077318004 0.025995225 0.03219798 0.064788096 0.18715894 0.0 0.0 0.0 0.0 0.0 0.0 0.0 0.0006890017 0.0 0.04768477 0.0 0.0011753883 0.027355716 0.019253658 0.0
0.14888772 0.011872495 0.0 0.0 0.0 0.0 0.0 0.0092647 0.0 0.13798918 0.008783231 0.0 0.0 0.011094094 0.0 0.09528145 0.006796825 0.0 0.0 0.0 0.052431464 0.0 0.0 0.0056518954 0.0 0.009303752 0.0 0.0 0.00478027 0.0 0.024312006 0.0 0.031018086 0.0 0.012250854 0.0 0.0 0.0030117363 0.002130597 0.07063794 0.0363676 0.0 0.0 0.0 0.105588734 0.0 0.0 0.0 0.0 0.0 0.0 0.22774376 0.015987711 0.0 0.051285986 0.0
0.018284697 0.0 0.0047876197 0.0 0.0 0.0 0.0 0.12319392 0.0 0.0 0.0 0.0 0.10681469 0.0 0.034250043 0.0 0.0 0.0 0.021246403 0.0 0.0 0.0 0.0098729 0.07768829 0.0 0.12583317 0.12575363 0.06777221 0.020462634 0.0 0.0 0.0 0.0 0.011422316 0.05977085 0.0 0.055501357 0.0 0.0 0.0 0.0 0.0 0.0 0.0 0.053411607 0.0 0.0 0.0 0.0 0.007613365 0.0011753883 0.015987711 0.0 0.0 0.017247953 0.023003684
0.0 0.0 0.0 0.007534005 0.0 0.027688375 0.0 0.0 0.0 0.11047093 0.0 0.0 0.0 0.0 0.17071936 0.0 0.092849776 0.0 0.06779453 0.0 0.05343403 0.0 0.0 0.0 0.0 0.0051173954 0.0 0.0 0.0 0.039153732 0.0 0.0 0.013211568 0.0 0.0161249 0.06114789 0.017745828 0.003876686 0.11750798 0.0 0.0 0.055970114 0.08513923 0.0 0.0 0.0 0.0 0.0 0.0 0.025545977 0.027355716 0.0 0.0 0.035773948 0.0 0.0
0.017361086 0.0 0.0314012 0.0 0.0 0.0 0.00044092644 0.13672107 0.0 0.013313334 0.0 0.0064308825 0.0 0.03672098 0.0 0.010328586 0.0 0.18364005 0.0 0.03921152 0.0 0.03940404 0.027367651 0.029593123 0.016528836 0.0 0.006086295 0.0 0.026589755 0.0 0.0045431084 0.0 0.017443776 0.0 0.108287334 0.0 0.02715579 0.0 0.01608439 0.02767179 0.02376337 0.0 0.0 0.001586858 0.071972944 0.017684367 0.011760422 0.009430046 0.041132104 0.004878078 0.019253656 0.051285986 0.01724795 0.0 0.0 0.016297886
0.0 0.0 0.0 0.08437999 0.08954585 0.054278553 0.0 0.0 0.074743085 0.0 0.0 0.0 0.012585073 0.0 0.11796461 0.0 0.096867904 0.0 0.049377587 0.0 0.17976016 0.0 0.0 0.0 0.0 0.029584438 0.0 0.0 0.0 0.045666866 0.0 0.13578498 0.0 0.0 0.0 0.0 0.0 0.051711448 0.0 0.037605044 0.0026028133 0.06324025 0.050638847 0.0053795804 0.0 0.0 0.07050225 0.0 0.0 0.0 0.0 0.0 0.023003684 0.0 0.016297886 0.0
