0.0 0.016571803 0.0647844 0.0 0.0 0.036569197 0.024197767 0.062403608 0.015887672 0.0 0.0 0.0 0.0 0.0049557323 0.0 0.0 0.018620512 0.0 0.0 0.0 0.0033449605 0.0 0.06874361 0.0 0.0 0.0064412225 0.0 0.0011834324 0.0 0.0 0.0 0.0 0.015773885 0.05429384 0.035119705 0.026717981 0.08314958 0.0 0.0 0.0 0.010154054 0.0 0.013876653 0.057868678 0.06219959 0.0 0.0 0.0 0.0 0.122412734 0.02385212 0.039323572 0.0 0.090321295 0.0153207015 0.0073850234
0.016571805 0.0 0.0 0.0 0.00958516 0.03938648 0.031026239 0.05112166 0.0 0.12184537 0.0055829873 0.0 0.0 0.0027343133 0.0316259 0.0 0.0 0.0 0.0 0.02389969 0.0 0.014035489 0.0 0.07333938 0.0 0.0 0.040700834 0.0 0.0 0.019732554 0.0 0.0 0.0 0.042935304 0.029861286 0.0053703054 0.1292181 0.0088813 0.0 0.002345017 0.054876316 0.0 0.02849526 0.0 0.052884754 0.0043233023 0.006031773 0.0 0.0 0.0 0.002994861 0.058705963 0.014085054 0.0 0.0 0.10348156
0.06478439 0.0 0.0 0.0 0.0 0.00136161 0.0 0.0 0.0 0.04671397 0.0057508475 0.0072961207 0.0 0.05247053 0.0 0.0053816643 0.06096316 0.009354475 0.03114405 0.03139426 0.09551816 0.015410858 0.0 0.022292623 0.0 0.0 0.0 0.01942583 0.0 0.011672812 0.0 0.0 0.0 0.0 0.0 0.0 0.0 0.0 0.059166677 0.07187741 0.035689175 0.0 0.0 0.0 0.0 0.042635884 0.0 0.0386715 0.017311621 0.004591482 0.0093967365 0.08003443 0.0 0.0 0.009894358 0.0
0.0 0.0 0.0 0.13965425 0.0 0.0 0.014476233 0.0 0.053350095 0.0 0.09927172 0.0 0.0 0.027667385 0.0151195945 0.080722176 0.0021562746 0.0 0.0 0.015246104 0.0 0.004165715 0.011047198 0.07636646 0.0 0.042655423 0.0 0.024075193 0.015996752 0.0 0.0 0.0 0.0 0.0 0.0 0.0 0.0 0.0 0.008631254 0.041044094 0.020247506 0.0 0.004076851 0.0 0.0 0.04160562 0.026117757 0.046021633 0.0 0.0 0.03445015 0.06842189 0.0 0.0 0.045528375 0.0
0.0 0.00958516 0.0 0.0 0.0 0.0 0.019903382 0.0 0.028855171 0.014080931 0.059093382 0.0 0.0 0.0 0.0 0.0 0.0 0.03030274 0.0 0.021790525 0.007651373 0.07495777 0.04576543 0.0 0.0069144517 0.0 0.0 0.0 0.009679392 0.0 0.0 0.0 0.0 0.0 0.0 0.0 0.0 0.024033187 0.0 0.071260855 0.054484636 0.0069563976 0.15935636 0.0 0.014229165 0.056351967 0.072597675 0.0035464084 0.0 0.0 0.0012435729 0.04118212 0.0 0.0 0.0 0.08973824
0.036569197 0.039386477 0.00136161 0.0 0.0 0.11469049 0.043840498 0.0 0.0 0.09779311 0.0 0.0 0.012489221 0.0 0.0 0.0 0.0 0.0030623567 0.012493927 0.08804583 0.032948725 0.047087267 0.026564067 0.0028967296 0.0 0.0 0.0 0.0 0.04048843 0.0 0.0 0.0 0.0 0.03312231 0.0 0.0 0.05700465 0.0 0.0 0.0 0.03498248 0.02780509 0.0 0.0 0.0 0.058446206 0.0 0.0 0.0 0.0 0.024794724 0.073153496 0.0 0.0 0.03004698 0.010636936
0.024197767 0.031026239 0.0 0.014476233 0.019903384 0.043840498 0.036223385 0.0 0.0 0.02027793 0.014508621 0.029371459 0.0 0.0 0.0 0.0 0.06728633 0.0035256946 0.0 0.0029600563 0.010495909 0.014599541 0.009334808 0.0071678143 0.0 8.5617125e-05 0.019558433 0.0 0.0 0.008497733 0.0 0.005038335 0.0 0.04201662 0.0 0.012314811 0.049955275 0.0 0.0014194257 0.0 0.019146599 0.0 0.0 0.06871487 0.0 0.0 0.0 0.0 0.02272718 0.054783013 0.0060770996 0.0762636 0.07150141 0.0034158446 0.030420998 0.0
0.062403608 0.05112166 0.0 0.0 0.0 0.0 0.0 0.0 0.0 0.0 0.0 0.0 0.0 0.0017157944 0.0 0.0 0.0 0.014568979 0.0 0.0 0.0 0.01010688 0.0115915 0.0 0.031623058 0.0 0.015055334 0.0 0.0 0.0 0.06963282 0.0 0.15849537 0.025813043 0.0 0.0 0.04740499 0.09127105 0.09034567 0.0 0.0 0.0 0.0 0.06425726 0.021281544 0.0 0.004266278 0.0682025 0.0848554 0.11009232 0.02958599 0.0 0.0127500985 0.0 0.008006497 0.0
0.01588767 0.0 0.0 0.053350095 0.028855173 0.0 0.0 0.0 0.0 0.04959365 0.08094712 0.0 0.0 0.0 0.0 0.09378904 0.028014632 0.11141568 0.0 0.0042345747 0.0 0.06700183 0.06042787 0.0035494885 0.0 0.0 0.005117656 0.0 0.010920045 0.04311512 0.0 0.0 0.0 0.0 0.0 0.0021640337 0.02096306 0.0 0.0 0.0090018455 0.036005024 0.008229544 0.07049574 0.0 0.0 0.103255264 0.034590825 0.034579705 0.0 0.0 0.0 0.055213783 0.0 0.0 0.0 0.0
0.0 0.12184537 0.04671397 0.0 0.0140809305 0.09779311 0.02027793 0.0 0.04959365 0.0 0.010249026 0.0032731583 0.0 0.11018015 0.0 0.0 0.0 0.0 0.015274709 0.009801269 0.0 0.0 0.018634506 0.0 0.0 0.0 0.07258828 0.0018588061 0.0 0.0 0.0 0.0019383729 0.0 0.027868867 0.0 0.0 0.011205421 0.0 0.0 0.066422455 0.029121961 0.0 0.012583758 0.0 0.07863509 0.0 0.0 0.0 0.0 0.028310534 0.0 0.01937869 0.0 0.17959072 0.042650208 0.0
0.0 0.0055829873 0.005750848 0.09927172 0.059093382 0.0 0.014508621 0.0 0.08094712 0.010249027 0.05053038 0.0 0.0 0.0 0.057331216 0.030141324 0.0 0.0 0.033270992 0.07150435 0.0 0.0 0.02833539 0.0 0.029196454 0.0 0.005137301 0.001675843 0.002665397 0.04075228 0.08435764 0.0707113 0.0 0.0 0.0 0.0 0.0 0.10267579 0.0 0.012301707 0.0 0.0 0.03105404 0.0 0.0 0.102580056 0.008213266 0.0 0.0 0.012534214 0.0 0.0 0.00910118 0.0 0.017651778 0.0
0.0 0.0 0.0072961207 0.0 0.0 0.0 0.029371459 0.0 0.0 0.0032731583 0.0 0.08509898 0.0 0.018008681 0.0 0.07757939 0.0 0.0 0.06100722 0.07908188 0.086176306 0.0 0.0 0.0 0.0 0.0 0.02931061 0.03540934 0.0 0.021687835 0.05679464 0.0 0.0 0.010394623 0.0 0.0 0.0 0.0 0.034662556 0.070011504 0.0 0.0 0.0 0.0026027106 0.011787504 0.01302144 0.02479211 0.0 0.07120597 0.08248894 0.036178853 0.02160899 0.0 0.013606471 0.04143101 0.0
0.0 0.0 0.0 0.0 0.0 0.012489222 0.0 0.0 0.0 0.0 0.0 0.0 0.0 0.0 0.0 0.0 0.00040018314 0.0050797686 0.0 0.0 0.0 0.0 0.097061306 0.18748434 0.0 0.053595424 0.00675559 0.0 0.040087163 0.0029929995 0.0 0.0 0.0 0.0 0.022216115 0.08859999 0.0 0.0 0.0 0.0075395657 0.11369527 0.0 0.0 0.008192544 0.0 0.0 0.0 0.051659472 0.0 0.0 0.10846858 0.10625177 0.0 0.03759044 0.011766493 0.0
0.0049557327 0.0027343135 0.05247053 0.027667385 0.0 0.0 0.0 0.0017157943 0.0 0.11018014 0.0 0.018008683 0.0 0.0 0.043586653 0.03332814 0.049629863 0.06477111 0.0 0.001775641 0.0 0.0 0.078867376 0.0 0.0 0.0 0.021327365 0.0 0.0 0.0 0.04792726 0.0 0.0 0.0 0.025228994 0.0 0.027470183 0.0 0.042311285 0.0 0.0 0.007893761 0.0 0.06377692 0.02595577 0.0 0.0 0.047416657 0.013633879 0.0 0.048936702 0.0 0.06043533 0.0 0.0 0.0
0.0 0.0316259 0.0 0.0151195945 0.0 0.0 0.0 0.0 0.0 0.0 0.057331212 0.0 0.0 0.04358665 0.0 0.009537062 0.0 0.0 0.0 0.0 0.064682476 0.0 0.0 0.0 0.033813726 0.0 0.0 0.05757372 0.030291539 0.028860813 0.0 0.0 0.0135258185 0.020213138 0.0 0.0 0.0022377933 0.010256383 0.00088510773 0.023957178 0.12012431 0.0 0.12678564 0.0 0.0 0.0060499245 0.03866262 0.0031015847 0.0 0.023563677 0.0 0.0 0.02716108 0.02574343 0.024654415 0.01231452
0.0 0.0 0.0053816643 0.080722176 0.0 0.0 0.0 0.0 0.09378903 0.0 0.030141326 0.07757939 0.0 0.033328142 0.009537062 0.0 0.0 0.014176011 0.029346375 0.010444819 0.0 0.03511087 0.0343048 0.0 0.018421385 0.0 0.030420685 0.10146438 0.019812567 0.0089028785 0.016661996 0.0 0.0 0.0 0.0 0.0 0.0 0.035514735 0.0 0.049705278 0.05213526 0.0 0.0 0.016081698 0.0 0.0 0.0 0.0 0.031393852 0.004106151 0.0 0.0 0.0 0.05759028 0.03632034 0.0
0.018620513 0.0 0.06096316 0.0021562746 0.0 0.0 0.06728633 0.0 0.028014632 0.0 0.0 0.0 0.00040018314 0.049629863 0.0 0.0 0.0 0.0 0.012349653 0.0 0.00486408 0.0 0.0 0.0 0.033676732 0.0 0.018181622 0.09923044 0.053088754 0.0 0.0 0.00031005245 0.0 0.0 0.0 0.023284037 0.0 0.0 0.0 0.057184663 0.0854459 0.08149886 0.0 0.049425736 0.0 0.0 0.0 0.0 0.0 0.0 0.02558918 0.0 0.0 0.19089608 0.00592025 0.0322928
0.0 0.0 0.009354476 0.0 0.030302737 0.0030623567 0.0035256946 0.01456898 0.111415684 0.0 0.0 0.0 0.0050797686 0.06477111 0.0 0.014176011 0.0 0.0 0.042164236 0.0 0.0033839382 0.019493736 0.0 0.0 0.0 0.0 0.00587351 0.0 0.0 0.003893418 0.010004981 0.03832336 0.0 0.028972084 0.0 0.075899355 0.0 0.017893901 0.017160237 0.09439309 0.078195915 0.0069644307 0.09067313 0.0 0.0073485635 0.015827667 0.051931366 0.0 0.0 0.0 0.0 0.0 0.0 0.0 0.06703085 0.062963545
0.0 0.0 0.031144049 0.0 0.0 0.012493927 0.0 0.0 0.0 0.015274709 0.03327099 0.06100722 0.0 0.0 0.0 0.029346377 0.012349652 0.042164233 0.0 0.0 0.023111627 0.17648444 0.0 0.012340458 0.00881083 0.0 0.0 0.0 0.027865725 0.078589424 0.0 0.0 0.0 0.01614659 0.0 0.0023407086 0.076495826 0.0 0.087238215 0.0 0.0049612303 0.04402402 0.0 0.0 0.057347 0.055318203 0.02929567 0.0 0.0 0.0 0.0 0.037704386 0.0 0.0 0.0 0.023832548
0.0 0.02389969 0.031394262 0.0152461035 0.021790527 0.08804582 0.0029600565 0.0 0.0042345747 0.009801269 0.07150435 0.07908188 0.0 0.0017756409 0.0 0.010444819 0.0 0.0 0.0 0.042209808 0.08201558 0.0 0.028535558 0.0037421004 0.038173076 0.0 0.0 0.055751223 0.0 0.019133572 0.006637904 0.0 0.0 0.0 0.0 0.0 0.002935136 0.01489191 0.0 0.052696824 0.0 0.0 0.0 0.015491773 0.040987793 0.017168624 0.0 0.10660095 0.032003548 0.011803578 0.0068960832 0.018573051 0.0 0.0 0.053402405 0.0
0.0033449605 0.0 0.09551816 0.0 0.007651373 0.032948725 0.010495908 0.0 0.0 0.0 0.0 0.0861763 0.0 0.0 0.064682476 0.0 0.00486408 0.0033839382 0.023111627 0.08201558 0.0833826 0.026309244 0.013794875 0.0 0.025015133 0.0 0.0 0.0 0.0 0.017194064 0.014507073 0.0 0.0 0.011789983 0.005377564 0.0 0.0 0.0 0.088797525 0.016715163 0.0 0.0 0.0 0.0 0.037370108 0.0052771363 0.020703478 0.0 0.09399559 0.026152128 0.0 0.0 0.0 0.0 0.012268317 0.015289618
0.0 0.014035489 0.015410859 0.004165715 0.07495778 0.047087267 0.014599541 0.01010688 0.067001835 0.0 0.0 0.0 0.0 0.0 0.0 0.035110865 0.0 0.019493736 0.17648444 0.0 0.026309244 0.0 0.0 0.0 0.005119105 0.0 0.0 0.0 0.0 0.04174986 0.03868353 0.10199218 0.012849445 0.0 0.0 0.0 0.0 0.02366549 0.0 0.045884345 0.0 0.0 0.0 0.0 0.0 0.011579245 0.046998378 0.0037072543 0.1040322 0.0 0.0 0.0 0.046384998 0.0 0.0 0.0
0.06874362 0.0 0.0 0.011047198 0.04576543 0.026564065 0.009334808 0.0115915 0.06042787 0.018634506 0.02833539 0.0 0.09706131 0.078867376 0.0 0.034304805 0.0 0.0 0.0 0.028535558 0.013794875 0.0 0.07544256 0.023549898 0.0052330927 0.13598055 0.04017082 0.033512298 0.0 0.0 0.00032983982 0.0 0.014074941 0.0 0.028741345 0.0011199124 0.0 0.032911994 0.0 0.053211395 0.017620588 0.0028968086 0.01025075 0.0 0.015439038 0.0 0.03707807 0.020800479 0.0 0.0 0.031438973 0.0 0.014245275 0.018307822 0.029324079 0.003644497
0.0 0.07333938 0.022292621 0.07636646 0.0 0.0028967296 0.0071678143 0.0 0.0035494883 0.0 0.0 0.0 0.18748434 0.0 0.0 0.0 0.0 0.0 0.012340459 0.0037421002 0.0 0.0 0.023549898 0.0 0.0 0.06101454 0.023116939 0.0 0.027122058 0.0 0.017724652 0.0 0.025675174 0.035963424 0.0 0.0 0.0023549849 0.113321126 0.0 0.0051983166 0.022154635 0.0122749945 0.05343147 0.07089891 0.0 0.0 0.009791302 0.0 0.029626705 0.00535757 0.0 0.0 0.0 0.022218684 0.010807347 0.0
0.0 0.0 0.0 0.0 0.006914452 0.0 0.0 0.031623054 0.0 0.0 0.029196454 0.0 0.0 0.0 0.033813722 0.018421385 0.033676732 0.0 0.00881083 0.038173076 0.025015134 0.0051191053 0.0052330927 0.0 0.069542415 0.0 0.011842678 0.04477868 0.0 0.0 0.023304874 0.045119718 0.0 0.0 0.042610228 0.0 0.0 0.0 0.11992849 0.04120479 0.0 0.010289261 0.0 0.0 0.0 0.04183056 0.022703588 0.049232833 0.023978328 0.0 0.055391565 0.0 0.0428566 0.006035866 0.022168035 0.03879903
0.0064412225 0.0 0.0 0.042655423 0.0 0.0 8.5617125e-05 0.0 0.0 0.0 0.0 0.0 0.053595424 0.0 0.0 0.0 0.0 0.0 0.0 0.0 0.0 0.0 0.13598055 0.061014544 0.0 0.0 0.07576644 0.10037678 0.0 0.0 0.025406834 0.0 0.13664523 0.0 0.010825104 0.0 0.0 0.0 0.031839337 0.0007447211 0.0 0.0 0.0 0.021142196 0.004340253 0.0 0.0 0.0 0.011939142 0.0 0.11751624 0.0 0.014072937 0.0 0.10136651 0.0
0.0 0.040700834 0.0 0.0 0.0 0.0 0.019558433 0.015055334 0.005117656 0.07258827 0.005137301 0.029310612 0.00675559 0.021327363 0.0 0.030420687 0.018181622 0.0058735106 0.0 0.0 0.0 0.0 0.040170815 0.023116939 0.011842679 0.07576643 0.0 0.0 0.06739899 0.0 0.0 0.0 0.091966435 0.010751744 0.10492835 0.0 0.035099994 0.031431243 0.0 0.0 0.00897723 0.020339573 0.0 0.0 0.0 0.0 0.0 0.08575192 0.0 0.009184044 0.034749694 0.028812127 0.0027552017 0.0 0.012237058 0.0
0.0011834324 0.0 0.01942583 0.024075193 0.0 0.0 0.0 0.0 0.0 0.0018588061 0.001675843 0.035409335 0.0 0.0 0.057573717 0.10146438 0.09923044 0.0 0.0 0.055751227 0.0 0.0 0.0335123 0.0 0.044778682 0.10037678 0.0 0.0 0.007382713 0.0 0.017650642 0.0 0.11404509 0.0 0.035537675 0.0 0.037733052 0.03245299 0.026571313 0.0 0.0025703823 0.04595897 0.0 0.028760863 0.04413517 0.0 0.0 0.0035497567 0.033445384 0.0 0.025875822 0.0 0.018658826 0.014041031 0.0 0.0
0.0 0.0 0.0 0.015996752 0.009679392 0.040488426 0.0 0.0 0.010920045 0.0 0.002665397 0.0 0.040087163 0.0 0.03029154 0.019812567 0.053088754 0.0 0.027865727 0.0 0.0 0.0 0.0 0.027122056 0.0 0.0 0.06739899 0.0073827133 0.0 0.0 0.072553545 0.25836658 0.0 0.076660715 0.0 0.045295484 0.0 0.038988404 0.0 0.00052216504 0.016873613 0.05285734 0.0 0.0 0.0 0.031554557 0.0 0.0 0.0 0.0 0.0 0.005470795 0.008338454 0.0 0.0 0.0
0.0 0.019732555 0.011672812 0.0 0.0 0.0 0.008497734 0.0 0.04311512 0.0 0.04075228 0.021687835 0.0029929995 0.0 0.028860811 0.008902878 0.0 0.003893418 0.078589424 0.019133572 0.017194064 0.04174986 0.0 0.0 0.0 0.0 0.0 0.0 0.0 0.0 0.0 0.0 0.0 0.0 0.0 0.0 0.022694478 0.0 0.0017017819 0.023265233 0.0 0.06568075 0.013278895 0.015840974 0.0 0.020479707 0.057215687 0.0727556 0.0 0.0 0.008098891 0.0033084247 0.009206171 0.0 0.0 0.14245611
0.0 0.0 0.0 0.0 0.0 0.0 0.0 0.06963282 0.0 0.0 0.08435764 0.05679464 0.0 0.04792726 0.0 0.016661996 0.0 0.010004981 0.0 0.0066379034 0.014507074 0.03868353 0.00032983982 0.01772465 0.023304874 0.025406836 0.0 0.017650643 0.07255354 0.0 0.015090071 0.0 0.0 0.0 0.098221846 0.0 0.054048628 0.0 0.0 0.021430574 0.0 0.0 0.016216401 0.0 0.016112078 0.050090834 0.0 0.031057775 0.0 0.0 0.0 0.029940285 0.0 0.018626302 0.027431035 0.07906404
0.0 0.0 0.0 0.0 0.0 0.0 0.0050383355 0.0 0.0 0.0019383729 0.0707113 0.0 0.0 0.0 0.0 0.0 0.00031005242 0.03832336 0.0 0.0 0.0 0.10199218 0.0 0.0 0.045119718 0.0 0.0 0.0 0.2583666 0.0 0.0 0.0 0.0 0.047101974 0.0 0.0 0.0 0.0 0.0 0.0 0.046024717 0.06442402 0.06395383 0.0 0.0 0.031269737 0.09300764 0.023596652 0.0 0.0 0.0 0.011898507 0.0 0.0 0.0 0.07025265
0.015773885 0.0 0.0 0.0 0.0 0.0 0.0 0.15849535 0.0 0.0 0.0 0.0 0.0 0.0 0.013525818 0.0 0.0 0.0 0.0 0.0 0.0 0.012849445 0.014074941 0.025675172 0.0 0.13664523 0.09196644 0.11404508 0.0 0.0 0.0 0.0 0.0 0.0 0.08602977 0.0 0.0 0.0 0.023300182 0.0 0.005288484 0.0 0.0 0.0 0.041518074 0.02161742 0.0 0.013203805 0.0012173735 0.017364545 0.08922167 0.0024250334 0.0 0.03984882 0.054605834 0.050335303
0.05429384 0.042935304 0.0 0.0 0.0 0.03312231 0.042016625 0.025813043 0.0 0.027868867 0.0 0.010394622 0.0 0.0 0.020213138 0.0 0.0 0.028972084 0.01614659 0.0 0.011789983 0.0 0.0 0.035963427 0.0 0.0 0.010751744 0.0 0.076660715 0.0 0.0 0.047101974 0.0 0.053530835 0.06989351 0.10756269 0.03508965 0.0 0.0 0.017487464 0.0 0.04169619 0.018458478 0.0 0.035222467 0.0 0.029901382 0.0 0.0 0.0 0.0 0.08410634 0.0 0.0 0.0 0.018816687
0.0351197 0.029861288 0.0 0.0 0.0 0.0 0.0 0.0 0.0 0.0 0.0 0.0 0.022216117 0.025228994 0.0 0.0 0.0 0.0 0.0 0.0 0.005377564 0.0 0.028741341 0.0 0.042610228 0.010825104 0.104928344 0.03553767 0.0 0.0 0.098221846 0.0 0.08602977 0.06989351 0.0 0.0 0.032085434 0.0 0.035309825 0.0 0.026503589 0.0 0.0026018624 0.0 0.04394141 0.0 0.0 0.0 0.072685994 0.05407626 0.01766481 0.0 0.02239301 0.0 0.13121705 0.021628784
0.026717981 0.0053703054 0.0 0.0 0.0 0.0 0.012314811 0.0 0.0021640335 0.0 0.0 0.0 0.08859999 0.0 0.0 0.0 0.023284037 0.075899355 0.0023407084 0.0 0.0 0.0 0.0011199124 0.0 0.0 0.0 0.0 0.0 0.04529548 0.0 0.0 0.0 0.0 0.10756269 0.0 0.02888349 0.0 0.07453048 0.0 0.005065222 0.035932183 0.041331567 0.15429597 0.025016153 0.0 0.0 0.11692949 0.011190265 0.0 0.0 0.0 0.014016931 0.049350075 0.015602273 0.0133599285 0.04980327
0.08314959 0.12921809 0.0 0.0 0.0 0.05700465 0.049955275 0.04740499 0.02096306 0.011205421 0.0 0.0 0.0 0.027470183 0.0022377933 0.0 0.0 0.0 0.076495826 0.002935136 0.0 0.0 0.0 0.0023549846 0.0 0.0 0.035099994 0.037733056 0.0 0.022694478 0.054048628 0.0 0.0 0.035089653 0.032085437 0.0 0.074229345 0.0002648824 0.038013965 0.0 0.00963075 0.06465232 0.0 0.007085433 0.032339506 0.014595875 0.0 0.0 0.02701738 0.04334155 0.0 0.0 0.0 0.008406142 0.0 0.0
0.0 0.0088813 0.0 0.0 0.024033187 0.0 0.0 0.09127106 0.0 0.0 0.102675796 0.0 0.0 0.0 0.010256383 0.03551473 0.0 0.017893901 0.0 0.01489191 0.0 0.02366549 0.032911994 0.113321126 0.0 0.0 0.031431243 0.03245299 0.038988408 0.0 0.0 0.0 0.0 0.0 0.0 0.07453049 0.00026488243 0.0 0.0 0.025435405 0.0 0.0 0.0 0.0 0.0 0.023071082 0.0 0.07204411 0.002691605 0.0 0.0 0.12056503 0.0 0.0 0.050691538 0.0
0.0 0.0 0.059166674 0.008631254 0.0 0.0 0.0014194257 0.09034567 0.0 0.0 0.0 0.034662556 0.0 0.042311285 0.00088510773 0.0 0.0 0.017160235 0.08723821 0.0 0.088797525 0.0 0.0 0.0 0.11992848 0.031839337 0.0 0.026571315 0.0 0.0017017819 0.0 0.0 0.023300182 0.0 0.035309825 0.0 0.03801397 0.0 0.021397177 0.021826074 0.0 0.0049429242 0.0 0.0 0.0 0.009814093 0.0 0.0 0.030645061 0.051716905 0.0 0.0 0.10605551 0.0 0.01610365 0.0
0.0 0.002345017 0.07187742 0.041044094 0.071260855 0.0 0.0 0.0 0.009001845 0.066422455 0.012301707 0.070011504 0.0075395657 0.0 0.023957178 0.049705278 0.057184663 0.0943931 0.0 0.052696824 0.016715163 0.045884345 0.053211395 0.0051983166 0.041204788 0.00074472104 0.0 0.0 0.00052216504 0.023265233 0.021430574 0.0 0.0 0.017487464 0.0 0.005065222 0.0 0.025435403 0.021826074 0.0 0.0 0.022105008 0.0 0.029741254 0.0 0.013824206 0.0057580634 0.017276468 0.01001413 0.020658068 0.0 0.0 0.10288084 0.0 0.0 0.0
0.010154054 0.054876316 0.035689175 0.020247504 0.054484636 0.03498248 0.019146599 0.0 0.036005028 0.02912196 0.0 0.0 0.11369527 0.0 0.1201243 0.052135263 0.0854459 0.078195915 0.0049612303 0.0 0.0 0.0 0.017620588 0.022154633 0.0 0.0 0.00897723 0.0025703823 0.016873613 0.0 0.0 0.046024717 0.0052884836 0.0 0.026503589 0.035932183 0.00963075 0.0 0.0 0.0 0.0 0.032606266 0.0 0.040501907 0.013508052 0.0 0.088638484 0.0 0.0 0.0 0.01515563 0.0 0.0 0.0 0.0 0.0
0.0 0.0 0.0 0.0 0.0069563976 0.02780509 0.0 0.0 0.008229544 0.0 0.0 0.0 0.0 0.00789376 0.0 0.0 0.08149886 0.0069644307 0.04402402 0.0 0.0 0.0 0.0028968088 0.0122749945 0.010289261 0.0 0.020339573 0.04595897 0.052857336 0.06568076 0.0 0.06442403 0.0 0.04169619 0.0 0.041331567 0.06465232 0.0 0.0049429242 0.022105008 0.032606266 0.0 0.012619926 0.027626274 0.008915703 0.036897972 0.0 0.019896597 0.015645316 0.0 0.03850406 0.030289907 0.034636963 0.0 0.0 0.046706017
0.013876653 0.028495261 0.0 0.004076851 0.15935636 0.0 0.0 0.0 0.07049574 0.012583758 0.031054039 0.0 0.0 0.0 0.12678565 0.0 0.0 0.09067313 0.0 0.0 0.0 0.0 0.01025075 0.05343147 0.0 0.0 0.0 0.0 0.0 0.013278895 0.016216401 0.06395384 0.0 0.01845848 0.0026018624 0.15429595 0.0 0.0 0.0 0.0 0.0 0.012619925 0.09624753 0.0 0.0 0.012419837 0.056029953 0.0 0.0 0.0 0.0 0.0 0.0 0.0 0.0 0.0
0.057868678 0.0 0.0 0.0 0.0 0.0 0.06871487 0.06425726 0.0 0.0 0.0 0.0026027109 0.008192544 0.06377692 0.0 0.0160817 0.049425732 0.0 0.0 0.015491773 0.0 0.0 0.0 0.07089891 0.0 0.021142196 0.0 0.028760865 0.0 0.015840974 0.0 0.0 0.0 0.0 0.0 0.025016153 0.007085433 0.0 0.0 0.029741256 0.040501907 0.027626274 0.0 0.11864374 0.0 0.0 0.0 0.0 0.0 0.0 0.0046639163 0.016780367 0.0 0.057185154 0.0065264446 0.06572008
0.06219959 0.052884758 0.0 0.0 0.014229164 0.0 0.0 0.021281544 0.0 0.07863509 0.0 0.011787505 0.0 0.025955768 0.0 0.0 0.0 0.007348564 0.057347003 0.040987793 0.037370108 0.0 0.015439038 0.0 0.0 0.004340253 0.0 0.04413517 0.0 0.0 0.016112078 0.0 0.041518074 0.035222463 0.04394141 0.0 0.032339506 0.0 0.0 0.0 0.013508052 0.008915703 0.0 0.0 0.13371144 0.0 0.0 0.0 0.04864643 0.08884402 0.036905658 0.021656122 0.0 0.0 0.06314611 0.0
0.0 0.0043233023 0.042635884 0.04160562 0.056351967 0.058446206 0.0 0.0 0.103255264 0.0 0.102580056 0.01302144 0.0 0.0 0.0060499245 0.0 0.0 0.015827667 0.055318203 0.017168624 0.0052771363 0.011579245 0.0 0.0 0.041830555 0.0 0.0 0.0 0.031554554 0.020479707 0.05009083 0.03126974 0.02161742 0.0 0.0 0.0 0.0145958755 0.023071082 0.009814093 0.013824205 0.0 0.036897976 0.0124198375 0.0 0.0 0.024789054 0.0320458 0.0 0.031171815 0.0 0.012923652 0.025666563 0.028800668 0.0 0.0 0.0
0.0 0.006031773 0.0 0.026117755 0.072597675 0.0 0.0 0.004266278 0.034590825 0.0 0.008213265 0.02479211 0.0 0.0 0.038662624 0.0 0.0 0.051931366 0.02929567 0.0 0.020703478 0.046998378 0.03707807 0.009791302 0.022703586 0.0 0.0 0.0 0.0 0.057215687 0.0 0.09300764 0.0 0.029901383 0.0 0.116929494 0.0 0.0 0.0 0.005758063 0.088638484 0.0 0.056029953 0.0 0.0 0.0320458 0.0044354214 0.0 0.0 0.0 0.0 0.034201168 0.0 0.0 0.0 0.0
0.0 0.0 0.038671505 0.04602163 0.0035464084 0.0 0.0 0.0682025 0.034579705 0.0 0.0 0.0 0.051659472 0.04741666 0.0031015847 0.0 0.0 0.0 0.0 0.106600955 0.0 0.0037072543 0.02080048 0.0 0.049232833 0.0 0.08575192 0.0035497565 0.0 0.072755605 0.031057779 0.023596652 0.013203806 0.0 0.0 0.011190265 0.0 0.07204411 0.0 0.017276468 0.0 0.019896597 0.0 0.0 0.0 0.0 0.0 0.0 0.028138148 0.0 0.074506916 0.0 0.09855778 0.0 0.0 0.0
0.0 0.0 0.017311623 0.0 0.0 0.0 0.02272718 0.0848554 0.0 0.0 0.0 0.071205966 0.0 0.013633878 0.0 0.031393852 0.0 0.0 0.0 0.032003548 0.09399559 0.10403221 0.0 0.029626707 0.023978328 0.011939142 0.0 0.033445388 0.0 0.0 0.0 0.0 0.0012173736 0.0 0.072685994 0.0 0.027017381 0.002691605 0.03064506 0.010014131 0.0 0.015645316 0.0 0.0 0.04864643 0.031171815 0.0 0.028138146 0.0 0.0509454 0.027866494 0.0 0.011020363 0.0055336435 0.0054060835 0.052900046
0.12241273 0.0 0.0045914827 0.0 0.0 0.0 0.054783013 0.11009233 0.0 0.028310532 0.012534214 0.08248895 0.0 0.0 0.023563677 0.004106151 0.0 0.0 0.0 0.011803578 0.026152128 0.0 0.0 0.0053575705 0.0 0.0 0.009184044 0.0 0.0 0.0 0.0 0.0 0.017364545 0.0 0.05407626 0.0 0.04334155 0.0 0.05171691 0.020658066 0.0 0.0 0.0 0.0 0.08884402 0.0 0.0 0.0 0.0509454 0.093791805 0.03465949 0.0 0.026211174 0.0 0.033682227 0.0
0.023852121 0.0029948608 0.009396736 0.034450155 0.0012435729 0.024794724 0.0060770996 0.029585991 0.0 0.0 0.0 0.036178853 0.108468585 0.048936702 0.0 0.0 0.025589181 0.0 0.0 0.006896083 0.0 0.0 0.031438973 0.0 0.055391565 0.117516235 0.034749698 0.02587582 0.0 0.008098891 0.0 0.0 0.08922167 0.0 0.01766481 0.0 0.0 0.0 0.0 0.0 0.015155631 0.038504057 0.0 0.0046639163 0.036905658 0.012923652 0.0 0.074506916 0.027866496 0.03465949 0.08381954 0.0 0.0 0.027792545 0.006394464 0.0
0.039323572 0.05870596 0.08003443 0.06842189 0.041182116 0.073153496 0.0762636 0.0 0.055213787 0.019378688 0.0 0.02160899 0.10625177 0.0 0.0 0.0 0.0 0.0 0.037704386 0.018573053 0.0 0.0 0.0 0.0 0.0 0.0 0.028812129 0.0 0.0054707946 0.0033084247 0.029940285 0.011898506 0.0024250334 0.08410634 0.0 0.014016932 0.0 0.12056503 0.0 0.0 0.0 0.030289907 0.0 0.016780369 0.021656122 0.025666563 0.034201168 0.0 0.0 0.0 0.0 0.0 0.0681007 0.0 0.0 0.03029471
0.0 0.014085054 0.0 0.0 0.0 0.0 0.07150141 0.0127500985 0.0 0.0 0.009101179 0.0 0.0 0.06043533 0.02716108 0.0 0.0 0.0 0.0 0.0 0.0 0.046384998 0.014245276 0.0 0.042856596 0.014072936 0.0027552017 0.018658826 0.008338455 0.00920617 0.0 0.0 0.0 0.0 0.02239301 0.04935008 0.0 0.0 0.10605552 0.10288084 0.0 0.034636963 0.0 0.0 0.0 0.02880067 0.0 0.09855778 0.011020363 0.026211172 0.0 0.06810069 0.011198758 0.0 0.0 0.015524211
0.090321295 0.0 0.0 0.0 0.0 0.0 0.0034158449 0.0 0.0 0.17959073 0.0 0.013606472 0.03759044 0.0 0.02574343 0.05759028 0.19089606 0.0 0.0 0.0 0.0 0.0 0.01830782 0.022218684 0.006035866 0.0 0.0 0.014041031 0.0 0.0 0.018626302 0.0 0.03984882 0.0 0.0 0.015602272 0.008406141 0.0 0.0 0.0 0.0 0.0 0.0 0.057185154 0.0 0.0 0.0 0.0 0.005533644 0.0 0.027792543 0.0 0.0 0.0 0.0 0.0
0.0153207 0.0 0.009894358 0.04552837 0.0 0.030046979 0.030421 0.008006498 0.0 0.042650208 0.017651778 0.04143101 0.011766493 0.0 0.024654415 0.03632034 0.00592025 0.067030855 0.0 0.053402405 0.012268316 0.0 0.02932408 0.010807347 0.022168037 0.10136652 0.012237058 0.0 0.0 0.0 0.027431034 0.0 0.054605834 0.0 0.13121706 0.013359928 0.0 0.050691538 0.01610365 0.0 0.0 0.0 0.0 0.0065264446 0.06314611 0.0 0.0 0.0 0.0054060835 0.033682227 0.006394464 0.0 0.0 0.0 0.020087076 0.012935898
0.0073850234 0.10348156 0.0 0.0 0.08973824 0.010636936 0.0 0.0 0.0 0.0 0.0 0.0 0.0 0.0 0.01231452 0.0 0.0322928 0.06296355 0.023832548 0.0 0.015289618 0.0 0.003644497 0.0 0.03879903 0.0 0.0 0.0 0.0 0.14245613 0.07906404 0.07025265 0.0503353 0.018816689 0.021628784 0.04980327 0.0 0.0 0.0 0.0 0.0 0.046706013 0.0 0.06572008 0.0 0.0 0.0 0.0 0.05290005 0.0 0.0 0.030294713 0.015524212 0.0 0.012935898 0.0
