0.0 0.0 0.053827 0.0 0.0 0.0 0.014733666 0.0 0.0 0.0 0.042286564 0.038555823 0.08229701 0.0 0.01780756 0.0 0.0 0.024230734 0.0777642 0.029983738 0.04119016 0.0 0.024453439 0.0 0.019706307 0.012642876 0.0 0.0 0.0 0.05924822 0.109143205 0.047799293 0.0832504 0.025728509 0.0 0.0 0.0 0.0 0.0 0.015332622 0.009200521 0.030108364 0.096219465 0.07243226 0.0 0.0 0.0 0.016112681 0.0 0.0037550419 0.06284016 0.0 0.004879662 0.0 0.0 0.0
0.0 0.08613699 0.0039705588 0.073798664 0.0 0.00016291786 0.0 0.0 0.1290695 0.022669706 0.0 0.0 0.017153053 0.13612047 0.009019853 0.010486827 0.0 0.0100010885 0.006081931 0.0 0.0090748295 0.0 0.018214937 0.02512987 0.0 0.0797994 0.01926369 0.010296688 0.0 0.0 0.0009115496 0.009377421 0.0 0.0 0.0 0.0 0.0 0.040434603 0.0 0.09294768 0.11454752 0.041756272 0.0 0.0 0.0 0.0 0.0 0.0 0.0 0.0 0.0 0.0 0.029187057 0.10786516 0.0 0.0
0.053826995 0.0039705588 0.029765887 0.0 0.0 0.0 0.0 0.026455004 0.0 0.07919766 0.0 0.0 0.0 0.0 0.0065902574 0.05990788 0.0 0.0127396025 0.0 0.004045195 0.041209448 0.0 0.0 0.09735336 0.0 0.060580246 0.0 0.09129683 0.0 0.0 0.0 0.0 0.021232268 0.005131607 0.15159917 0.0 0.0057965117 0.0 0.0 0.0 0.008130204 0.0 0.0 0.0 0.0025223587 0.0 0.0 0.0 0.026216293 0.0 0.0026936021 0.09111415 0.0 0.019868998 0.0 0.0
0.0 0.073798664 0.0 0.33606765 0.0 0.0 0.0 0.0 0.033403333 0.0 0.0 0.0 0.0 0.0 0.0 0.0 0.0 0.030116413 0.0 0.0 0.0 0.044347715 0.022274738 0.0 0.0 0.085956395 0.0 0.0 0.0 0.0 0.0 0.04056076 0.0 0.0 0.0 0.0 0.0 0.061704073 0.025412854 0.027528549 0.0 0.0 0.0 0.004023022 0.0 0.0 0.0 0.024822287 0.0 0.0 0.0 0.0 0.06639457 0.0 0.036102455 0.0
0.0 0.0 0.0 0.0 0.0 0.028435957 0.024649907 0.043693963 0.0 0.0 0.0 0.0 0.0 0.07096937 0.0 0.0 0.0 0.0 0.0 0.0 0.0 0.0 0.0 0.03823325 0.05040266 0.021924326 0.0 0.0 0.0 0.0 0.0 0.0 0.007393489 0.020327842 0.12409564 0.0 0.0 0.0 0.107458696 0.10527464 0.08895904 0.0 0.0 0.0 0.020003235 0.0063404823 0.0 0.037808504 0.0 0.019579632 0.0 0.07742298 0.0 0.0 0.041149575 0.0362194
0.0 0.00016291787 0.0 0.0 0.028435957 0.0 0.0 0.0030205771 0.0 0.0 0.020821378 0.0 0.0 0.0 0.0 0.036908805 0.008174558 0.0 0.0 0.0 0.0 0.0 0.016706401 0.0 0.2075178 0.0 0.015994616 0.0 0.0 0.016864982 0.0 0.0706001 0.01136425 0.0 0.0 0.0 0.0 0.05591735 0.116773844 0.0 0.0 0.0 0.0 0.0 0.0 0.0 0.0 0.042324245 0.044377517 0.0 0.0 0.022686934 0.09357568 0.0 0.0 0.0
0.014733667 0.0 0.0 0.0 0.024649907 0.0 0.1277992 0.0 0.06145972 0.0724063 0.0 0.05073969 0.0 0.0 0.071600236 0.0 0.0 0.041907933 0.026913505 0.0 0.0 0.0 0.0 0.0 0.01913435 0.0 0.0 0.0 0.0 0.0 0.0 0.0034409077 0.0 0.03464143 0.0069416882 0.0 0.0 0.0 0.0 0.0 0.0683678 0.071853176 0.0 0.0 0.0 0.0 0.012351276 0.0 0.0 0.0 0.0 0.0 0.0 0.0 0.0055441055 0.10480633
0.0 0.0 0.026455004 0.0 0.043693963 0.0030205774 0.0 0.0053883083 0.03704492 0.009550907 0.08559223 0.0030631255 0.06496231 0.0 0.0 0.0 0.0 0.010852062 0.01898752 0.056428626 0.031219961 0.0 0.03592404 0.04814484 0.0 0.0 0.0 0.054810487 0.0 0.0 0.029737001 0.057105057 0.034988984 0.0 0.02054802 0.0 0.06344757 0.06867949 0.0 0.07560374 0.029361296 0.0 0.0182022 0.026639419 0.0 0.0763293 0.013486295 0.04830039 0.0 0.0 0.06311314 0.042320937 0.0 0.00076450227 0.060707103 0.0
0.0 0.12906952 0.0 0.033403333 0.0 0.0 0.06145972 0.037044924 0.0 0.027793868 0.0 0.0 0.0 0.03585971 0.0 0.0 0.01606627 0.039811086 0.0 0.0 0.0 0.14789873 0.0 0.0 0.0 0.03342488 0.0 0.0 0.10475537 0.0 0.0 0.005309536 0.0 0.0 0.0 0.0 0.0 0.0 0.0 0.0 0.07369537 0.0 0.0056620007 0.0 0.022681262 0.0 0.06827079 0.0 0.0 0.0 0.0 0.0 0.0 0.034608804 0.0 0.11750686
0.0 0.022669705 0.07919765 0.0 0.0 0.0 0.07240631 0.009550907 0.027793868 0.018691394 0.0 0.0 0.0015292238 0.0 0.09721311 0.0 0.0034371673 0.0 0.023354327 0.0 0.024310574 0.0 0.05313139 0.0 0.0 0.0 0.0 0.00497255 0.0 0.09989717 0.07167265 0.08817077 0.004925061 0.030705042 0.02055597 0.0 0.02638216 0.057054076 0.0 0.016254324 0.0 0.0 0.12381194 0.0 0.0 0.0 0.0 0.042278778 0.007920876 0.0 0.0 0.0 0.0 0.00060642895 0.044110816 0.0
0.042286564 0.0 0.0 0.0 0.0 0.020821378 0.0 0.08559223 0.0 0.0 0.0 0.0 0.0 0.066544496 0.0 0.0 0.0 0.029570127 0.0 0.014030248 0.0 0.05622779 0.013233478 0.0 0.0 0.0 0.043097455 0.0 0.0 0.0 0.0 0.0 0.0482919 0.0 0.040483683 0.0 0.0 0.0 0.0225465 0.047703102 0.0 0.0 0.039623834 0.0 0.0 0.007178946 0.0 0.049430024 0.0 0.044754785 0.0 0.052653756 0.05173291 0.028881405 0.018729588 0.051180072
0.038555823 0.0 0.0 0.0 0.0 0.0 0.05073969 0.0030631255 0.0 0.0 0.0 0.14892346 0.0 0.0 0.0 0.0 0.0 0.07081235 0.0 0.059893038 0.0 0.0 0.0 0.0 0.007641678 0.0 0.0 0.0 0.0 0.011129738 0.0 0.070917174 0.0 0.0 0.029283313 0.058542445 0.0 0.022837037 0.031943996 0.0 0.027325284 0.0 0.0 0.0 0.0 0.027542517 0.029969525 0.0 0.12456535 0.0 0.0 0.0 0.055337206 0.0 0.0 0.019313008
0.08229701 0.017153053 0.0 0.0 0.0 0.0 0.0 0.06496231 0.0 0.0015292238 0.0 0.0 0.0 0.089740984 0.0 0.0 0.0 0.0 0.0 0.0 0.0 0.028067116 0.0 0.0 0.0 0.029623684 0.0 0.09401314 0.0 0.0 0.0 0.0 0.0 0.0 0.0 0.053988077 0.008781289 0.0 0.0 0.0 0.01641175 0.05263173 0.0 0.0 0.16313048 0.0 0.0 0.0 0.040159937 0.0 0.005293403 0.0 0.0 0.0 0.0007173547 0.0
0.0 0.13612047 0.0 0.0 0.07096937 0.0 0.0 0.0 0.035859708 0.0 0.066544496 0.0 0.089740984 0.0 0.0 0.0 0.0 0.0 0.016147269 0.0 0.04868219 0.0 0.08794509 0.011020581 0.0 0.0 0.0537466 0.11280579 0.0 0.0 0.015967058 0.0 0.0 0.0 0.0 0.08034201 0.0 0.03654843 0.0 0.029014524 0.0 0.0 0.0 0.033036094 0.035156343 0.05938599 0.0 0.013233647 0.0 0.0 0.12764397 0.022889555 0.0 0.0 0.0020974388 0.0
0.01780756 0.009019854 0.0065902574 0.0 0.0 0.0 0.071600236 0.0 0.0 0.09721312 0.0 0.0 0.0 0.0 0.1171461 0.0 0.0 0.0 0.0 0.003400181 0.0 0.058427233 0.0 0.0 0.0 0.0071726553 0.0 0.022214347 0.04784002 0.03574926 0.0 0.0 0.06486512 0.022368925 0.011423425 0.0 0.0 0.0 0.0 0.0 0.0062990193 0.0 0.0 0.0 0.102389485 0.0 0.0 0.0 0.0 0.119679295 0.0 0.0 0.005986368 0.088132165 0.0 0.11570124
0.0 0.010486827 0.05990788 0.0 0.0 0.036908805 0.0 0.0 0.0 0.0 0.0 0.0 0.0 0.0 0.0 0.0 0.0 0.0294677 0.0 0.0 0.0 0.0 0.026429692 0.012624665 0.12800026 0.0 0.0 0.0 0.0 0.031820755 0.009097311 0.0 0.119260274 0.0 0.0 0.0 0.03716512 0.033567555 0.008358203 0.0 0.0 0.03626834 0.0 0.0 0.0 0.0 0.0 0.0 0.017445602 0.047417764 0.0 0.0 0.11283065 0.0064456193 0.0 0.0
0.0 0.0 0.0 0.0 0.0 0.008174558 0.0 0.0 0.016066268 0.003437167 0.0 0.0 0.0 0.0 0.0 0.0 0.10712939 0.01921647 0.011892862 0.0012283196 0.0 0.0 0.0 0.0 0.0 0.024945928 0.0 0.010244559 0.004463622 0.0 0.017338045 0.0 0.0 0.0 0.0 0.011821274 0.0 0.0 0.00877549 0.09459714 0.14419618 0.08123093 0.0 0.08886049 0.0 0.0 0.07391461 0.0 0.0 0.0 0.0 0.0 0.021329483 0.1530479 0.0 0.0059737824
0.024230734 0.0100010885 0.012739603 0.030116413 0.0 0.0 0.04190793 0.010852062 0.03981109 0.0 0.029570127 0.07081235 0.0 0.0 0.0 0.0294677 0.019216469 0.053690165 0.0 0.02007655 0.0 0.0 0.0 0.0 0.017132863 0.03855996 0.0 0.0 0.0075381207 0.0717538 0.0 0.00912206 0.0 0.037549164 0.0 0.0 0.0 0.10201891 0.069167994 0.0 0.0 0.0 0.0340089 0.027474046 0.0 0.0 0.05859062 0.0 0.0 0.0 0.0 0.0 0.04612301 0.015339807 0.0 0.0014406231
0.0777642 0.0060819313 0.0 0.0 0.0 0.0 0.026913505 0.01898752 0.0 0.023354327 0.0 0.0 0.0 0.016147269 0.0 0.0 0.011892862 0.0 0.0 0.0 0.009339739 0.0 0.0 0.020498348 0.0 0.10012498 0.0634076 0.0 0.0 0.01170201 0.0 0.0 0.0 0.0 0.12972105 0.01835927 0.0 0.0 0.0 0.06377068 0.10882016 0.0 0.0 0.0 0.022264434 0.0 0.0 0.0 0.0 0.0 0.0 0.024448214 0.0 0.10943449 0.051261928 0.04871186
0.029983737 0.0 0.004045195 0.0 0.0 0.0 0.0 0.056428622 0.0 0.0 0.014030248 0.059893038 0.0 0.0 0.003400181 0.0 0.0012283196 0.020076549 0.0 0.0 0.047894884 0.05912445 0.0 0.0454856 0.0 0.01217722 0.045263164 0.0 0.024989918 0.0 0.0 0.049920186 0.0 0.05809427 0.0795076 0.0 0.07798311 0.0024111604 0.055724245 0.0 0.015401694 0.0 0.0 0.0 0.019484209 0.0 0.0 0.0 0.0 0.025365219 0.0 0.033746786 0.10409889 0.0 0.0 0.032566845
0.041190155 0.0090748295 0.041209448 0.0 0.0 0.0 0.0 0.031219961 0.0 0.024310574 0.0 0.0 0.0 0.04868219 0.0 0.0 0.0 0.0 0.009339739 0.04789488 0.0 0.0 0.0 0.027397364 0.0 0.04076986 0.002256036 0.0 0.0 0.0 0.0 0.10556176 0.0 0.017372083 0.0 0.022061903 0.03184821 0.0 0.019974556 0.0 0.06029708 0.037780914 0.0 0.0 0.0 0.0 0.0 0.015388909 0.0 0.0 0.0 0.07587517 0.0 0.071508534 0.033511553 0.09678049
0.0 0.0 0.0 0.044347715 0.0 0.0 0.0 0.0 0.14789873 0.0 0.05622779 0.0 0.028067114 0.0 0.05842723 0.0 0.0 0.0 0.0 0.059124455 0.0 0.0 0.0 0.029197391 0.0 0.039888132 0.0 0.0833181 0.0 0.0 0.0 0.0 0.0 0.0 0.011440171 0.0 0.0 0.014755016 0.0 0.0 0.02124873 0.0 0.0 0.0 0.0 0.0 0.007915137 0.05127028 0.0 0.0 0.038008593 0.023678832 0.0 0.0 0.06854953 0.0
0.024453439 0.018214935 0.0 0.022274738 0.0 0.016706401 0.0 0.03592404 0.0 0.05313139 0.013233478 0.0 0.0 0.08794509 0.0 0.026429692 0.0 0.0 0.0 0.0 0.0 0.0 0.0 0.04475654 0.0 0.0 0.026183834 0.0 0.0 0.0 0.0 0.0 0.04481319 0.0 0.058048036 0.0 0.0643089 0.0 0.0 0.0 0.0 0.0 0.0 0.0 0.087726496 0.0 0.0 0.15323882 0.0 0.15602441 0.06684019 0.044239927 0.0 0.0 0.0159898 0.0
0.0 0.025129871 0.09735336 0.0 0.038233247 0.0 0.0 0.048144836 0.0 0.0 0.0 0.0 0.0 0.011020581 0.0 0.012624664 0.0 0.0 0.020498348 0.045485597 0.027397364 0.029197391 0.044756543 0.021615932 0.009699166 0.0 0.0 0.0 0.0 0.05592465 0.0 0.0 0.08092443 0.0 0.0 0.0 0.06990327 0.035526738 0.0 0.041864138 0.0 0.0 0.014915487 0.0050485698 0.0 0.13436513 0.0 0.024346596 0.0 0.028131684 0.023414372 0.010158559 0.0 0.0 0.012395415 0.0
0.019706309 0.0 0.0 0.0 0.05040266 0.2075178 0.01913435 0.0 0.0 0.0 0.0 0.0076416787 0.0 0.0 0.0 0.12800026 0.0 0.017132865 0.0 0.0 0.0 0.0 0.0 0.009699166 0.11669848 0.0 0.07652078 0.00826589 0.0 0.0 0.0 0.0059014894 0.012873171 0.0 0.0 0.0 0.0 0.0 0.08318952 0.028627742 0.01851193 0.05020947 0.0 0.0 0.0 0.0 0.085860424 0.0 0.041723773 0.0 0.014735206 0.0 0.0380323 0.04868491 0.0055827824 0.0
0.012642876 0.0797994 0.060580242 0.085956395 0.021924326 0.0 0.0 0.0 0.03342488 0.0 0.0 0.0 0.029623682 0.0 0.007172655 0.0 0.024945928 0.03855996 0.10012498 0.01217722 0.04076986 0.039888132 0.0 0.0 0.0 0.0 0.00060823 0.04308861 0.0 0.04939464 0.0 0.0 0.0 0.0 0.0 0.10993721 0.017389905 0.0 0.0 0.008499027 0.0 0.048618995 0.078258805 0.0 0.0 0.0 0.020275444 0.0 0.0 0.0030445587 0.017913412 0.0 0.0 0.0 0.0 0.0
0.0 0.019263692 0.0 0.0 0.0 0.015994616 0.0 0.0 0.0 0.0 0.043097455 0.0 0.0 0.053746596 0.0 0.0 0.0 0.0 0.0634076 0.045263164 0.002256036 0.0 0.026183834 0.0 0.07652078 0.00060823 0.0 0.0 0.0 0.029932307 0.051547933 0.049260233 0.118472256 0.020517446 0.0 0.0 0.0 0.04861675 0.0 0.0 0.0 0.0 0.0053773834 0.0 0.0010631756 0.0 0.0 0.04346298 0.101506144 0.039284695 0.0 0.0 0.06637259 0.0 0.0055304705 0.0
0.0 0.010296689 0.09129684 0.0 0.0 0.0 0.0 0.05481049 0.0 0.0049725496 0.0 0.0 0.09401314 0.1128058 0.022214347 0.0 0.010244559 0.0 0.0 0.0 0.0 0.0833181 0.0 0.0 0.00826589 0.04308861 0.0 0.06920331 0.09967005 0.0 0.0022155775 0.0 0.0 0.0 0.0 0.0071490905 0.015065476 0.0 0.0 0.017296575 0.0 0.07000353 0.01775507 0.05474266 0.011189664 0.0 0.0 0.0 0.0 0.07294768 0.0 0.0 0.0 0.013201514 0.0 0.018181281
0.0 0.0 0.0 0.0 0.0 0.0 0.0 0.0 0.104755364 0.0 0.0 0.0 0.0 0.0 0.04784002 0.0 0.004463622 0.0075381203 0.0 0.024989918 0.0 0.0 0.0 0.0 0.0 0.0 0.0 0.099670045 0.0 0.0 0.0 0.018868964 0.0 0.0 0.0 0.16008829 0.0 0.011312056 0.0 0.15579557 0.13150364 0.038336363 0.0066617224 0.047913477 0.0 0.022507362 0.0 0.0 0.0 0.005042191 0.06606216 0.0 0.0 0.030697115 0.02195572 0.0037023127
0.05924822 0.0 0.0 0.0 0.0 0.01686498 0.0 0.0 0.0 0.099897176 0.0 0.011129738 0.0 0.0 0.03574926 0.031820755 0.0 0.0717538 0.01170201 0.0 0.0 0.0 0.0 0.05592465 0.0 0.04939464 0.029932307 0.0 0.0 0.0 0.03104306 0.0 0.07147706 0.032497857 0.044476483 0.0 0.0 0.0070777596 0.02955188 0.0 0.0 0.0 0.0 0.0 0.03453345 0.0 0.03798315 0.0 0.048923545 0.0 0.007379587 0.0062925485 0.0 0.0 0.045324672 0.0
0.109143205 0.0009115496 0.0 0.0 0.0 0.0 0.0 0.029737 0.0 0.07167265 0.0 0.0 0.0 0.015967058 0.0 0.009097311 0.017338045 0.0 0.0 0.0 0.0 0.0 0.0 0.0 0.0 0.0 0.051547933 0.0022155775 0.0 0.03104306 0.0 0.0 0.07430273 0.0 0.004875907 0.0 0.045404397 0.0 0.021262929 0.0 0.0 0.0 0.0 0.0 0.19333513 0.010713614 0.0 0.07996572 0.013542268 0.032404173 0.0 0.03501979 0.0 0.005178181 0.07274504 0.0
0.047799293 0.009377422 0.0 0.04056076 0.0 0.07060011 0.003440908 0.057105057 0.005309536 0.08817077 0.0 0.070917174 0.0 0.0 0.0 0.0 0.0 0.009122059 0.0 0.049920186 0.10556176 0.0 0.0 0.0 0.0059014894 0.0 0.049260233 0.0 0.018868964 0.0 0.0 0.0 0.068949245 0.0037580433 0.022559203 0.0 0.0 0.0 0.12373458 0.0 0.009229708 0.0 0.0 0.0 0.0 0.0 0.013931108 0.0 0.058875546 0.011588219 0.0 0.0039763213 0.036938835 0.0048738453 0.026253404 0.010228232
0.0832504 0.0 0.021232268 0.0 0.007393489 0.01136425 0.0 0.034988984 0.0 0.004925061 0.0482919 0.0 0.0 0.0 0.06486512 0.119260274 0.0 0.0 0.0 0.0 0.0 0.0 0.044813186 0.08092443 0.012873172 0.0 0.11847226 0.0 0.0 0.07147706 0.07430274 0.068949245 0.0 0.019637529 0.007320488 0.0031683422 0.0 0.0050733555 0.00037136875 0.0 0.0 0.0 0.0 0.0 0.032391664 0.006244926 0.0 0.031968784 0.04186299 0.0 0.009503247 0.04738222 0.012635291 0.007686364 0.058936454 0.0
0.02572851 0.0 0.005131607 0.0 0.020327842 0.0 0.03464143 0.0 0.0 0.030705042 0.0 0.0 0.0 0.0 0.022368925 0.0 0.0 0.037549164 0.0 0.05809427 0.017372083 0.0 0.0 0.0 0.0 0.0 0.020517448 0.0 0.0 0.032497857 0.0 0.0037580433 0.01963753 0.11915453 0.024479188 0.0 0.0 0.0 0.0 0.0 0.0 0.0 0.0 0.0 0.058832847 0.06660007 0.0 0.0 0.0701602 0.06125265 0.04071116 0.02004545 0.0036531757 0.0134169115 0.0461803 0.028166333
0.0 0.0 0.15159917 0.0 0.12409564 0.0 0.0069416882 0.020548018 0.0 0.02055597 0.040483683 0.029283311 0.0 0.0 0.011423425 0.0 0.0 0.0 0.12972105 0.0795076 0.0 0.011440171 0.058048036 0.0 0.0 0.0 0.0 0.0 0.0 0.044476483 0.004875907 0.022559203 0.0073204883 0.024479188 0.0 0.0 0.057465002 0.0 0.0051431307 0.008189441 0.0 0.0 0.1115062 0.02388888 0.0 0.100971684 0.0 0.014487298 0.0 0.0 0.07473738 0.010489615 0.0 0.0 0.002520432 0.008327059
0.0 0.0 0.0 0.0 0.0 0.0 0.0 0.0 0.0 0.0 0.0 0.05854245 0.053988073 0.08034201 0.0 0.0 0.011821274 0.0 0.01835927 0.0 0.022061903 0.0 0.0 0.0 0.0 0.10993721 0.0 0.0071490905 0.16008829 0.0 0.0 0.0 0.0031683422 0.0 0.0 0.0 0.0 0.0 0.0 0.03278018 0.00949302 0.0 0.042864684 0.076726265 0.0 0.018668473 0.0 0.0 0.0 0.043228995 0.0067162057 0.0 0.0 0.08012748 0.0 0.012161423
0.0 0.0 0.005796512 0.0 0.0 0.0 0.0 0.06344757 0.0 0.026382158 0.0 0.0 0.008781289 0.0 0.0 0.03716512 0.0 0.0 0.0 0.0779831 0.03184821 0.0 0.064308904 0.06990327 0.0 0.017389905 0.0 0.015065474 0.0 0.0 0.045404397 0.0 0.0 0.0 0.057465002 0.0 0.030729096 0.08044303 0.0 0.0 0.012576112 0.005803472 0.044707883 0.0 0.0 0.002907229 0.0 0.014729327 0.0 0.0 0.041648444 0.090653196 0.0 0.0 0.10428984 0.0
0.0 0.040434603 0.0 0.061704073 0.0 0.055917345 0.0 0.06867949 0.0 0.057054076 0.0 0.022837035 0.0 0.03654843 0.0 0.03356756 0.0 0.10201891 0.0 0.0024111604 0.0 0.014755016 0.0 0.035526734 0.0 0.0 0.04861675 0.0 0.011312056 0.0070777596 0.0 0.0 0.0050733555 0.0 0.0 0.0 0.08044304 0.112331115 0.083748534 0.019161584 0.0 0.0 0.002226456 0.0 0.0 0.0075172037 0.011373849 0.007844764 0.0 0.0 0.0 0.0 0.014264765 0.027937615 0.0 0.0
0.0 0.0 0.0 0.025412856 0.10745869 0.11677385 0.0 0.0 0.0 0.0 0.0225465 0.03194399 0.0 0.0 0.0 0.008358203 0.00877549 0.069167994 0.0 0.055724245 0.019974558 0.0 0.0 0.0 0.08318952 0.0 0.0 0.0 0.0 0.029551882 0.021262929 0.12373457 0.00037136875 0.0 0.0051431307 0.0 0.0 0.083748534 0.0 0.0 0.0 0.038211513 0.0 0.0 0.0 0.0 0.011297961 0.009640562 0.009458221 0.0 0.0 0.0 0.15963136 0.0 0.0 0.0
0.015332622 0.09294767 0.0 0.027528549 0.10527463 0.0 0.0 0.07560374 0.0 0.016254326 0.047703102 0.0 0.0 0.029014524 0.0 0.0 0.094597146 0.0 0.06377069 0.0 0.0 0.0 0.0 0.04186414 0.028627742 0.008499028 0.0 0.017296575 0.15579556 0.0 0.0 0.0 0.0 0.0 0.008189441 0.032780185 0.0 0.019161584 0.0 0.0 0.0 0.0 0.0059676846 0.049811523 0.004039202 0.023969501 0.008779069 0.0 0.0 0.0 0.0035294984 0.0 0.0 0.0 0.0 0.017475791
0.009200521 0.11454753 0.008130204 0.0 0.08895904 0.0 0.0683678 0.029361298 0.07369536 0.0 0.0 0.027325284 0.01641175 0.0 0.0062990193 0.0 0.14419618 0.0 0.10882016 0.015401694 0.06029708 0.021248732 0.0 0.0 0.01851193 0.0 0.0 0.0 0.13150364 0.0 0.0 0.0092297075 0.0 0.0 0.0 0.00949302 0.012576111 0.0 0.0 0.0 0.0 0.04983041 0.019810317 0.020415524 0.0 0.033523995 0.0 0.0 0.0 0.0 0.022826549 0.0 0.021852084 0.0 0.0 0.0024767504
0.030108362 0.041756276 0.0 0.0 0.0 0.0 0.07185318 0.0 0.0 0.0 0.0 0.0 0.052631725 0.0 0.0 0.036268342 0.08123094 0.0 0.0 0.0 0.037780914 0.0 0.0 0.0 0.05020947 0.048618995 0.0 0.07000353 0.038336363 0.0 0.0 0.0 0.0 0.0 0.0 0.0 0.0058034724 0.0 0.038211517 0.0 0.04983041 0.100260854 0.0 0.0 0.0 0.0 0.07333018 0.0 0.0 0.0 0.0 0.0 0.0 0.01391863 0.001813349 0.14744124
0.096219465 0.0 0.0 0.0 0.0 0.0 0.0 0.018202202 0.0056620003 0.12381193 0.039623834 0.0 0.0 0.0 0.0 0.0 0.0 0.034008905 0.0 0.0 0.0 0.0 0.0 0.014915488 0.0 0.0782588 0.0053773834 0.01775507 0.0066617224 0.0 0.0 0.0 0.0 0.0 0.11150621 0.042864684 0.044707883 0.0022264563 0.0 0.0059676846 0.019810317 0.0 0.08109317 0.008383264 0.10699054 0.027070787 0.0 0.0 0.0 0.0 0.010991693 0.02136395 0.0 0.0 0.02218924 0.0
0.07243226 0.0 0.0 0.004023022 0.0 0.0 0.0 0.026639419 0.0 0.0 0.0 0.0 0.0 0.033036094 0.0 0.0 0.08886048 0.027474046 0.0 0.0 0.0 0.0 0.0 0.0050485698 0.0 0.0 0.0 0.054742664 0.047913477 0.0 0.0 0.0 0.0 0.0 0.023888879 0.07672627 0.0 0.0 0.0 0.049811523 0.020415524 0.0 0.008383265 0.0 0.009372765 0.0 0.042300973 0.0 0.0 0.0 0.0039491276 0.06418792 0.0 0.06347968 0.00817165 0.11385708
0.0 0.0 0.002522359 0.0 0.020003235 0.0 0.0 0.0 0.022681262 0.0 0.0 0.0 0.16313048 0.035156343 0.102389485 0.0 0.0 0.0 0.022264434 0.01948421 0.0 0.0 0.08772649 0.0 0.0 0.0 0.0010631756 0.011189664 0.0 0.03453345 0.19333513 0.0 0.032391664 0.058832847 0.0 0.0 0.0 0.0 0.0 0.0040392024 0.0 0.0 0.10699054 0.009372765 0.0 0.0 0.008949344 0.07396498 0.0 0.0 0.045772493 0.0 0.0 0.003071236 0.09365534 0.0
0.0 0.0 0.0 0.0 0.0063404823 0.0 0.0 0.0763293 0.0 0.0 0.007178946 0.027542517 0.0 0.05938599 0.0 0.0 0.0 0.0 0.0 0.0 0.0 0.0 0.0 0.13436513 0.0 0.0 0.0 0.0 0.022507362 0.0 0.010713613 0.0 0.0062449253 0.06660008 0.10097168 0.018668473 0.002907229 0.007517204 0.0 0.0239695 0.033523995 0.0 0.027070787 0.0 0.0 0.0 0.046365645 0.0 0.0 0.0 0.0 0.15003645 0.0 0.0 0.03461323 0.0077009336
0.0 0.0 0.0 0.0 0.0 0.0 0.012351275 0.013486295 0.06827078 0.0 0.0 0.029969526 0.0 0.0 0.0 0.0 0.0739146 0.058590624 0.0 0.0 0.0 0.007915137 0.0 0.0 0.085860424 0.020275444 0.0 0.0 0.0 0.037983146 0.0 0.013931108 0.0 0.0 0.0 0.0 0.0 0.011373848 0.011297961 0.00877907 0.0 0.07333018 0.0 0.042300973 0.008949344 0.046365645 0.12923874 0.0 0.0003734542 0.0 0.0 0.0 0.031784747 0.025840878 0.037507117 0.076098956
0.016112681 0.0 0.0 0.02482229 0.037808504 0.042324245 0.0 0.04830039 0.0 0.042278774 0.04943002 0.0 0.0 0.013233646 0.0 0.0 0.0 0.0 0.0 0.0 0.015388909 0.05127028 0.15323882 0.024346596 0.0 0.0 0.04346298 0.0 0.0 0.0 0.07996572 0.0 0.031968784 0.0 0.014487297 0.0 0.014729327 0.007844764 0.009640562 0.0 0.0 0.0 0.0 0.0 0.07396498 0.0 0.0 0.008651057 0.037069052 0.0 0.03472658 0.005562184 0.0 0.0 0.055234704 0.0
0.0 0.0 0.026216295 0.0 0.0 0.04437752 0.0 0.0 0.0 0.007920876 0.0 0.12456534 0.040159933 0.0 0.0 0.017445602 0.0 0.0 0.0 0.0 0.0 0.0 0.0 0.0 0.041723773 0.0 0.101506144 0.0 0.0 0.04892354 0.013542269 0.058875542 0.04186299 0.0701602 0.0 0.0 0.0 0.0 0.009458221 0.0 0.0 0.0 0.0 0.0 0.0 0.0 0.00037345418 0.037069052 0.16998306 0.019565959 0.0 0.0 0.1094003 0.026434353 0.0 0.0015057966
0.0037550419 0.0 0.0 0.0 0.019579632 0.0 0.0 0.0 0.0 0.0 0.044754785 0.0 0.0 0.0 0.1196793 0.047417764 0.0 0.0 0.0 0.025365219 0.0 0.0 0.15602441 0.028131684 0.0 0.0030445587 0.039284695 0.07294768 0.0050421916 0.0 0.03240417 0.011588219 0.0 0.06125265 0.0 0.043228995 0.0 0.0 0.0 0.0 0.0 0.0 0.0 0.0 0.0 0.0 0.0 0.0 0.019565959 0.0 0.060350582 0.072579645 0.01937899 0.0 0.065766454 0.0
0.06284016 0.0 0.0026936021 0.0 0.0 0.0 0.0 0.06311314 0.0 0.0 0.0 0.0 0.0052934024 0.12764397 0.0 0.0 0.0 0.0 0.0 0.0 0.0 0.038008593 0.06684018 0.02341437 0.014735206 0.017913412 0.0 0.0 0.06606217 0.007379587 0.0 0.0 0.009503247 0.040711164 0.07473738 0.0067162057 0.041648444 0.0 0.0 0.0035294981 0.022826549 0.0 0.010991693 0.0039491276 0.045772493 0.0 0.0 0.03472658 0.0 0.060350582 0.0 0.046827823 0.032318804 0.031993464 0.03354977 0.08852722
0.0 0.0 0.09111415 0.0 0.07742298 0.022686934 0.0 0.04232094 0.0 0.0 0.052653752 0.0 0.0 0.022889555 0.0 0.0 0.0 0.0 0.024448212 0.033746786 0.07587517 0.023678832 0.044239927 0.010158559 0.0 0.0 0.0 0.0 0.0 0.0062925485 0.03501979 0.0039763213 0.04738222 0.020045448 0.010489615 0.0 0.090653196 0.0 0.0 0.0 0.0 0.0 0.02136395 0.06418793 0.0 0.15003645 0.0 0.0055621844 0.0 0.07257965 0.046827823 0.0 0.0 0.0 0.0 0.0
0.0048796623 0.029187055 0.0 0.066394575 0.0 0.09357568 0.0 0.0 0.0 0.0 0.05173291 0.05533721 0.0 0.0 0.005986368 0.11283065 0.021329481 0.04612301 0.0 0.1040989 0.0 0.0 0.0 0.0 0.0380323 0.0 0.06637259 0.0 0.0 0.0 0.0 0.03693884 0.012635291 0.003653176 0.0 0.0 0.0 0.014264765 0.15963136 0.0 0.021852084 0.0 0.0 0.0 0.0 0.0 0.031784747 0.0 0.109400295 0.019378988 0.0323188 0.0 0.016861683 0.0 0.0 0.0
0.0 0.107865155 0.019868998 0.0 0.0 0.0 0.0 0.00076450227 0.034608804 0.000606429 0.028881406 0.0 0.0 0.0 0.088132165 0.0064456197 0.1530479 0.015339806 0.1094345 0.0 0.07150854 0.0 0.0 0.0 0.048684914 0.0 0.0 0.013201514 0.030697117 0.0 0.005178181 0.0048738453 0.007686364 0.0134169115 0.0 0.08012748 0.0 0.027937615 0.0 0.0 0.0 0.01391863 0.0 0.06347968 0.003071236 0.0 0.025840878 0.0 0.026434353 0.0 0.031993464 0.0 0.0 0.0 0.0 0.0
0.0 0.0 0.0 0.036102455 0.04114957 0.0 0.0055441055 0.060707103 0.0 0.044110812 0.018729588 0.0 0.0007173547 0.0020974388 0.0 0.0 0.0 0.0 0.051261928 0.0 0.03351155 0.06854953 0.0159898 0.012395415 0.0055827824 0.0 0.0055304705 0.0 0.02195572 0.045324672 0.07274504 0.026253404 0.058936454 0.0461803 0.002520432 0.0 0.10428983 0.0 0.0 0.0 0.0 0.001813349 0.02218924 0.00817165 0.09365534 0.03461323 0.03750712 0.055234704 0.0 0.065766454 0.03354977 0.0 0.0 0.0 0.0 0.0
0.0 0.0 0.0 0.0 0.036219403 0.0 0.104806334 0.0 0.11750687 0.0 0.051180076 0.01931301 0.0 0.0 0.11570124 0.0 0.005973783 0.0014406231 0.04871186 0.03256685 0.09678049 0.0 0.0 0.0 0.0 0.0 0.0 0.018181281 0.003702313 0.0 0.0 0.0102282325 0.0 0.028166331 0.008327059 0.012161423 0.0 0.0 0.0 0.017475791 0.0024767504 0.14744124 0.0 0.11385709 0.0 0.0077009336 0.076098956 0.0 0.0015057966 0.0 0.08852722 0.0 0.0 0.0 0.0 0.0
