0.0 0.0 0.06856303 0.0 0.0 0.07862693 0.0 0.0 0.0 0.0 0.019627422 0.16720623 0.0 0.017600331 0.0 0.0 0.011171017 0.03459673 0.0 0.0 0.03221248 0.08832545 0.0 0.0 0.08958161 0.0 0.0 0.0 0.0 0.052363046 0.0 0.05308346 0.015885027 0.099047385 0.0008511272 0.0 0.0 0.0 0.11743254 0.0 0.0 0.0 0.0 0.0 0.024695521 0.0 0.031689752 0.0 0.026332522 0.0 0.0 0.0 0.14047433 0.0057162675 0.015952324 0.0
0.0 0.04264847 0.011603881 0.21800765 0.043790467 0.0 0.007095636 0.0 0.061409652 0.0 0.0 0.0 0.008369188 0.0 0.035138603 0.0 0.0 0.0 0.008373436 0.0 0.046905003 0.0 0.019990236 0.0 0.0 0.012605452 0.0 0.0 0.0 0.0 0.0 0.14999287 0.0 0.021541424 0.0 0.0 0.0 0.09140657 0.005044732 0.022871967 0.044474754 0.012218044 0.0 0.0 0.0 0.0 0.0 0.0 0.0 0.007827303 0.045174655 0.006819821 0.0 0.0 0.019843785 0.0
0.06856304 0.011603882 0.0 0.04227478 0.009079385 0.0 0.0 0.0 0.0 0.037507568 0.0 0.0 0.0034643223 0.009213023 0.007204632 0.0 0.0 0.0 0.017050443 0.11328686 0.0 0.0 0.07057276 0.0838932 0.0033667006 0.0 0.033788685 0.009842713 0.0 0.0 0.0 0.015413372 0.0 0.0 0.0 0.0 0.004795026 0.0 0.12659024 0.049776934 0.0 0.011115152 0.0 0.009727032 0.0 0.0 0.0 0.0 0.0 0.05136477 0.09068932 0.024316603 0.0 0.0068625296 0.041258357 0.012363628
0.0 0.21800767 0.042274784 0.24956343 0.12842591 0.0 0.0 0.0 0.018509163 0.0 0.031531885 0.0 0.038059108 0.013965313 0.0 0.0 0.0 0.0 0.0 0.0 0.009792909 0.0 0.0 0.0 0.0 0.0 0.0 0.0 0.0 0.009125952 0.011729221 0.028902998 0.0 0.0 0.0 0.0 0.0 0.10303675 0.007976156 0.0 0.0 0.0 0.0 0.0 0.0 0.014557256 0.04182874 0.0 0.0 0.0 0.0 0.00949969 0.0 0.0 0.0 0.0
0.0 0.043790463 0.009079385 0.12842591 0.107361674 0.0 0.03437756 0.0 0.0 0.0 0.006553651 0.0 0.0 0.0 0.009803813 0.0 0.0 0.0 0.0 0.0 0.0 0.034724284 0.0076684733 0.0 0.0 0.0 0.0 0.0 0.0 0.14542224 0.0 0.0006046477 0.0 0.0 0.0 0.03894408 0.0 0.19747192 0.0 0.0 0.0 0.0 0.0 0.0 0.0 0.0 0.0 0.0 0.10640399 0.0 0.06605421 0.0 0.0 0.0 0.0 0.0
0.07862692 0.0 0.0 0.0 0.0 0.0 0.0 0.083126925 0.0 0.0 0.0 0.0044519324 0.0 0.036101468 0.0 0.0 0.0 0.0 0.0 0.015249199 0.0 0.07090096 0.0 0.0 0.015524563 0.0 0.0 0.010209585 0.06098348 0.023714906 0.0 0.0 0.0 0.059728444 0.023265215 0.0 0.0 0.0 0.0 0.0 0.0 0.0 0.067288235 0.017361362 0.13315772 0.0 0.03223552 0.0 0.0 0.07823627 0.0 0.0 0.0 0.0 0.016272722 0.13810208
0.0 0.007095636 0.0 0.0 0.03437756 0.0 0.0 0.018175092 0.0 0.0 0.0 0.0 0.02223138 0.0 0.019767327 0.0 0.017892903 0.058625158 0.05233963 0.03782467 0.0 0.0 0.0 0.0 0.0 0.061735224 0.058837235 0.041423716 0.042111408 0.0 0.0 0.03444717 0.0 0.015530137 0.0 0.0 0.025174784 0.0 0.0 0.025706403 0.053351454 0.0 0.010432598 0.0 0.004369915 0.0 0.036508307 0.0 0.0 0.0 0.0 0.0 0.0 0.13073753 0.024702486 0.032146316
0.0 0.0 0.0 0.0 0.0 0.083126925 0.018175092 0.056210235 0.0 0.0 0.05756557 0.03465264 0.012235975 0.0 0.036033545 0.10380765 0.0 0.019542173 0.00134664 0.0 0.0 0.045538116 0.039478697 0.0 0.0 0.04746413 0.041255508 0.0431435 0.0 0.0 0.03869447 0.0 0.09562025 0.008994661 0.030183388 0.005857608 0.07980424 0.0 0.0 0.018815916 0.0 0.0 0.0 0.0 0.07620231 0.030145127 0.0025588302 0.04635174 0.0 0.04403737 0.0012065355 0.0017098782 0.0 0.03848207 0.08834814 0.0
0.0 0.06140965 0.0 0.018509163 0.0 0.0 0.0 0.0 0.0 0.10909099 0.0888607 0.0 0.10766128 0.0 0.0 0.0 0.15452321 0.036852047 0.050146453 0.0 0.0 0.0 0.0 0.039648574 0.0069028614 0.0 0.016582236 0.0 0.0 0.036411807 0.0 0.060639612 0.0 0.007403986 0.003558167 0.06586724 0.0 0.032513242 0.01167685 0.0 0.0 0.0 0.0 0.0 0.01701948 0.0052995705 0.0011912958 0.0 0.03885231 0.024677826 0.0 0.0 0.0034302378 0.0 0.0 0.027194338
0.0 0.0 0.037507568 0.0 0.0 0.0 0.0 0.0 0.10909099 0.0 0.0009887967 0.02075452 0.0 0.0 0.0 0.0 0.0 0.04651139 0.0 0.0 0.040263463 0.08324633 0.0 0.0 0.18687135 0.0 0.0 0.0 0.03274729 0.0 0.01777733 0.054326747 0.012103632 0.044321176 0.0 0.053392913 0.030867124 0.046237994 0.013536816 0.0 0.0 0.0 0.0 0.0 0.0 0.0 0.20471184 0.0 0.04578142 0.0 0.0 0.0 0.032848854 0.0 0.0 0.0
0.01962742 0.0 0.0 0.031531885 0.006553651 0.0 0.0 0.057565574 0.08886069 0.0009887968 0.0 0.0 0.017945226 0.058203954 0.0 0.0 0.05095008 0.02217717 0.01852422 0.0 0.014483812 0.0 0.05414977 0.06395404 0.0 0.0 0.0 0.0 0.0 0.0 0.05354214 0.05881513 0.036609426 0.0 0.0 0.066323005 0.055708755 0.031951666 0.0 0.032814723 0.0 0.0 0.0 0.0 0.0 0.0 0.0 0.023709277 0.016560435 0.0027415738 0.071186036 0.081114724 0.0 0.014407362 0.036364254 0.0
0.16720623 0.0 0.0 0.0 0.0 0.004451933 0.0 0.03465264 0.0 0.020754518 0.0 0.0 0.0 0.0 0.0 0.0 0.0 0.0 0.0 0.018990232 0.0 0.0 0.02479504 0.0 0.0 0.0 0.0 0.0 0.09501347 0.0 0.0 0.0 0.0 0.0 0.01829745 0.0 0.0 0.0 0.025355885 0.0 0.0 0.0 0.0 0.008900178 0.03017947 0.0 0.05765686 0.0 0.0 0.11432453 0.0 0.12263589 0.0 0.0 0.034418985 0.040855803
0.0 0.008369188 0.003464322 0.038059108 0.0 0.0 0.02223138 0.012235975 0.107661285 0.0 0.017945228 0.0 0.09001584 0.028994832 0.0 0.0 0.06092215 0.0 0.10676418 0.0 0.0 0.0 0.0 0.0 0.0 0.010963679 0.0 0.0 0.0 0.016454313 0.0 0.060844913 0.0 0.010245346 0.006344478 0.0 0.0 0.0 0.0 0.09449874 0.13019706 0.09044744 0.03482568 0.042688493 0.0 0.0 0.0 0.0 0.0 0.020893706 0.0 0.0 0.025814576 0.03826656 0.0 0.0029257427
0.01760033 0.0 0.009213023 0.013965313 0.0 0.03610147 0.0 0.0 0.0 0.0 0.058203958 0.0 0.028994832 0.0 0.0 0.06140791 0.0 0.029423187 0.05310264 0.0 0.013579466 0.027690858 0.0 0.0 0.0 0.12426045 0.06663013 0.009301341 0.0 0.0 0.043359116 0.0 0.05513405 0.0 0.0 0.0 0.070938736 0.0 0.0 0.050643053 0.041349873 0.0 0.0 0.0 0.04741593 0.030228296 0.0 0.07422534 0.0 0.0 0.0 0.0 0.023263328 0.05964512 0.0370483 0.0
0.0 0.035138603 0.007204632 0.0 0.009803813 0.0 0.019767327 0.036033545 0.0 0.0 0.0 0.0 0.0 0.0 0.12789233 0.057434592 0.0 0.008047573 0.0 0.007252024 0.0 0.0 0.13785659 0.0 0.0 0.099229865 0.049075037 0.0 0.0 0.015196942 0.04932626 0.07142695 0.045959096 0.0 0.001933136 0.0 0.03794921 0.0 0.054453384 0.0 0.0 0.0 0.0 0.0 0.022629764 0.038445514 0.006931757 0.0 0.023840474 0.008817781 0.040189326 0.0038853178 0.0 0.0 0.01627848 0.0
0.0 0.0 0.0 0.0 0.0 0.0 0.0 0.10380764 0.0 0.0 0.0 0.0 0.0 0.06140791 0.057434592 0.0 0.0 0.0 0.0 0.0 0.07035363 0.009299759 0.0 0.028193545 0.0 0.026598837 0.026643885 0.0 0.0 0.0 0.0 0.0 0.046486173 0.022013767 0.12428569 0.0 0.0 0.0 0.0 0.0 0.025687827 0.0 0.0 0.0 0.14952698 0.0 0.013339398 0.0 0.017931122 0.039971694 0.0 0.04625928 0.0 0.012635295 0.006116287 0.0
0.011171017 0.0 0.0 0.0 0.0 0.0 0.017892903 0.0 0.1545232 0.0 0.05095008 0.0 0.06092215 0.0 0.0 0.0 0.0 0.0 0.03346873 0.008903244 0.0 0.0 0.0 0.0 0.0 0.0 0.0 0.0 0.020360956 0.059508815 0.0 0.07799869 0.0 0.0 0.0 0.014742584 0.0 0.008119409 0.042511616 0.0 0.012813556 0.07396507 0.10771379 0.04096282 0.0 0.0 0.0 0.025681889 0.0 0.021660719 0.0 0.0 0.0 0.039403655 0.0 0.054240253
0.03459673 0.0 0.0 0.0 0.0 0.0 0.058625158 0.019542173 0.03685205 0.04651139 0.02217717 0.0 0.0 0.029423185 0.008047573 0.0 0.0 0.0 0.011906595 0.045527186 0.0 0.0 0.0 0.049854476 0.0 0.050982937 0.0 0.064235605 0.086158775 0.0 0.0 0.0 0.0 0.0 0.03844269 0.01025448 0.0 0.0 0.01035325 0.0 0.018506141 0.016336482 0.0 0.009113257 0.0 0.0 0.04156968 0.0 0.0 0.0 0.0 0.10056381 0.0 0.046522465 0.050104827 0.020803627
0.0 0.0083734365 0.017050441 0.0 0.0 0.0 0.05233963 0.0013466402 0.050146453 0.0 0.018524218 0.0 0.10676418 0.05310264 0.0 0.0 0.033468734 0.011906596 0.0 0.0 0.0 0.0 0.005285884 0.0 0.0 0.0 0.0 0.017811224 0.0 0.043352216 0.0 0.02319083 0.0 0.088220544 0.0 0.031044882 0.0 0.0 0.0 0.013379822 0.06188824 0.0715815 0.027543426 0.0 0.0 0.0 0.08078472 0.0 0.0 0.0 0.0014417353 0.0 0.0064650523 0.10067693 0.0 0.10958609
0.0 0.0 0.11328686 0.0 0.0 0.0152492 0.03782467 0.0 0.0 0.0 0.0 0.01899023 0.0 0.0 0.007252024 0.0 0.0089032445 0.045527186 0.0 0.12683117 0.02829694 0.0 0.026383707 0.0 0.049859814 0.0 0.0 0.0 0.0066901497 0.028749429 0.0 0.0 0.06630118 0.0018131963 0.022598995 0.0 0.0 0.0 0.03868747 0.0 0.0 0.0 0.0 0.0 0.02793015 0.0 0.0 0.017798204 0.12904358 0.0 0.022595042 0.0 0.043308884 0.0 0.050828554 0.0
0.03221248 0.046905003 0.0 0.009792909 0.0 0.0 0.0 0.0 0.0 0.040263463 0.014483813 0.0 0.0 0.013579466 0.0 0.07035363 0.0 0.0 0.0 0.028296938 0.0 0.0 0.024543907 0.107726835 0.0 0.0 0.033990175 0.13608657 0.0 0.011226828 0.029048802 0.0 0.0 0.0 0.0 0.0 0.0 0.0 0.0 0.0 0.0 0.0 0.011377795 0.0 0.0 0.0 0.0 0.026237413 0.0 0.0 0.1217826 0.0 0.0 0.0 0.16547826 0.0
0.08832545 0.0 0.0 0.0 0.034724284 0.07090096 0.0 0.045538116 0.0 0.08324632 0.0 0.0 0.0 0.02769086 0.0 0.009299759 0.0 0.0 0.0 0.0 0.0 0.0 0.0 0.055916034 0.0 0.0 0.015426453 0.041025087 0.0 0.0 0.0 0.0 0.0 0.0 0.017238261 0.0 0.0 0.0 0.006511746 0.0 0.02067233 0.0 0.05144848 0.0 0.0090936525 0.0 0.0 0.0 0.0 0.0 0.0 0.025456343 0.0 0.07403161 0.055009574 0.03955197
0.0 0.019990236 0.07057276 0.0 0.007668473 0.0 0.0 0.039478697 0.0 0.0 0.054149773 0.02479504 0.0 0.0 0.13785659 0.0 0.0 0.0 0.0052858833 0.026383707 0.024543906 0.0 0.083343215 0.018891105 0.0 0.0 0.031982433 0.0 0.0 0.0 0.10386386 0.012581287 0.056123674 0.0 0.07921702 0.049486566 0.0 0.019759402 0.0 0.0 0.0 0.0 0.012298543 0.0 0.060002305 0.0 0.009232991 0.067546055 0.016086306 0.0 0.017044991 0.12237053 0.0 0.0 0.0 0.0
0.0 0.0 0.0838932 0.0 0.0 0.0 0.0 0.0 0.039648574 0.0 0.06395403 0.0 0.0 0.0 0.0 0.028193545 0.0 0.04985448 0.0 0.0 0.107726835 0.05591603 0.018891105 0.0 0.098327465 0.0 0.0 0.0 0.04772701 0.051953908 0.09253774 0.10037546 0.0 0.0 0.0 0.0 0.0 0.0 0.0 0.049020145 0.0 0.0 0.023401665 0.0 0.0 0.011369413 0.04595051 0.030960722 0.0 0.0 0.0 0.0 0.0 0.0 0.016750826 0.0
0.08958161 0.0 0.0033667008 0.0 0.0 0.015524562 0.0 0.0 0.0069028614 0.18687135 0.0 0.0 0.0 0.0 0.0 0.0 0.0 0.0 0.0 0.049859814 0.0 0.0 0.0 0.098327465 0.0 0.0 0.061710767 0.09889963 0.018378818 0.0 0.0 0.009040755 0.0 0.0 0.011950265 0.0 0.0 0.07989868 0.0043993974 0.0 0.054110684 0.0 0.040966075 0.0 0.0 0.021190733 0.0 0.0 0.0 0.041189987 0.0 0.041621312 0.0 0.037739947 0.0 0.0
0.0 0.012605453 0.0 0.0 0.0 0.0 0.061735224 0.04746413 0.0 0.0 0.0 0.0 0.010963679 0.12426046 0.09922987 0.026598837 0.0 0.050982937 0.0 0.0 0.0 0.0 0.0 0.0 0.0 0.0 0.03184139 0.023220189 0.04256877 0.0 0.0 0.0 0.0 0.039557766 0.124668345 0.0 0.0 0.031426392 0.0 0.050984576 0.013543149 0.0 0.0 0.0 0.0 0.04076927 0.0 0.041093115 0.0 0.0 0.0 0.0 0.0 0.0 0.007863316 0.036760192
0.0 0.0 0.03378868 0.0 0.0 0.0 0.058837235 0.041255508 0.016582238 0.0 0.0 0.0 0.0 0.06663013 0.049075037 0.026643885 0.0 0.0 0.0 0.0 0.033990175 0.015426453 0.03198243 0.0 0.061710767 0.03184139 0.030711917 0.03448955 0.0 0.0 0.06429065 0.021594709 0.06373606 0.0 0.0 0.0 0.0 0.0 0.0 0.007476642 0.020260362 0.0 0.05051806 0.0 0.0 0.049362913 0.0 0.023458755 0.0 0.0 0.0 0.026972974 0.0 0.0 0.03955433 0.0075128837
0.0 0.0 0.009842713 0.0 0.0 0.010209586 0.041423716 0.0431435 0.0 0.0 0.0 0.0 0.0 0.009301341 0.0 0.0 0.0 0.064235605 0.017811222 0.0 0.13608657 0.041025087 0.0 0.0 0.098899625 0.023220189 0.034489546 0.05287669 0.0 0.0 0.015087596 0.0 0.059957184 0.0 0.04046493 0.011494956 0.033552773 0.0 0.0 0.0047834646 0.010680826 0.0 0.0 0.0 0.0 0.027721437 0.0 0.0094801225 0.0 0.0 0.0 0.037708715 0.0067825257 0.0 0.0 0.0
0.0 0.0 0.0 0.0 0.0 0.060983475 0.042111408 0.0 0.0 0.032747287 0.0 0.09501347 0.0 0.0 0.0 0.0 0.020360956 0.086158775 0.0 0.0066901497 0.0 0.0 0.0 0.047727015 0.018378818 0.042568766 0.0 0.0 0.04088386 0.0 0.0 0.0 0.0 0.0174007 0.011225093 0.0 0.10136259 0.0 0.06171308 0.10606789 0.07662881 0.019110383 0.0022617746 0.0 0.0373224 0.0 0.0 0.0 0.0 0.008106309 0.0 0.0 0.0 0.03803184 0.0029199868 0.07640806
0.05236304 0.0 0.0 0.009125952 0.14542224 0.023714906 0.0 0.0 0.036411807 0.0 0.0 0.0 0.016454313 0.0 0.015196941 0.0 0.05950882 0.0 0.043352216 0.02874943 0.011226827 0.0 0.0 0.051953908 0.0 0.0 0.0 0.0 0.0 0.15628241 0.0 0.017442249 0.0 0.0 0.0 0.066698365 0.0 0.0 0.05063887 0.0 0.035050306 0.0 0.0 0.017347343 0.0 0.0 0.07783977 0.0 0.0 0.0 0.0 0.0 0.0 0.0 0.0 0.0
0.0 0.0 0.0 0.01172922 0.0 0.0 0.0 0.03869447 0.0 0.01777733 0.05354214 0.0 0.0 0.043359116 0.04932626 0.0 0.0 0.0 0.0 0.0 0.0290488 0.0 0.10386386 0.09253774 0.0 0.0 0.06429066 0.015087595 0.0 0.0 0.0 0.0 0.0 0.0 0.024736984 0.024908563 0.00604998 0.020713503 0.021855228 0.017661428 0.017816395 0.0 0.0 0.0 0.0 0.0029545105 0.0 0.048341077 0.0 0.0 0.15941852 0.08623646 0.0 0.0 0.04658474 0.0
0.05308346 0.14999287 0.015413373 0.028903 0.00060464774 0.0 0.03444717 0.0 0.060639612 0.054326747 0.05881513 0.0 0.060844913 0.0 0.07142695 0.0 0.07799869 0.0 0.02319083 0.0 0.0 0.0 0.012581286 0.10037546 0.009040755 0.0 0.021594707 0.0 0.0 0.01744225 0.0 0.0 0.0 0.0 0.0 0.03483318 0.0 0.024487227 0.004940464 0.0 0.019489443 0.0064601917 0.0 0.032182377 0.0 0.0 0.06386544 0.0 0.0 0.0 0.0 0.0 0.0087921545 0.0 0.0 0.0
0.015885029 0.0 0.0 0.0 0.0 0.0 0.0 0.095620245 0.0 0.012103632 0.036609426 0.0 0.0 0.05513405 0.045959096 0.046486173 0.0 0.0 0.0 0.06630118 0.0 0.0 0.056123674 0.0 0.0 0.0 0.06373606 0.059957184 0.0 0.0 0.0 0.0 0.014272786 0.0 0.05374611 0.0 0.05531094 0.0 0.0 0.0 0.0 0.0 0.045805983 0.0 0.050372507 0.023280313 0.0 0.0 0.0 0.0 0.084019534 0.067592144 0.0 0.0 0.02238806 0.0
0.099047385 0.021541424 0.0 0.0 0.0 0.05972844 0.015530137 0.008994661 0.0074039856 0.044321172 0.0 0.0 0.0102453455 0.0 0.0 0.022013769 0.0 0.0 0.088220544 0.0018131963 0.0 0.0 0.0 0.0 0.0 0.039557766 0.0 0.0 0.0174007 0.0 0.0 0.0 0.0 0.1482946 0.104931846 0.0 0.0 0.0 0.017899852 0.0 0.018558748 0.07841057 0.028593669 0.0 0.0 0.0 0.0 0.0 0.0 0.0 0.0 0.0 0.0 0.029729003 0.0 0.022043668
0.00085112714 0.0 0.0 0.0 0.0 0.023265215 0.0 0.030183386 0.0035581668 0.0 0.0 0.01829745 0.0063444786 0.0 0.001933136 0.1242857 0.0 0.03844269 0.0 0.022598997 0.0 0.017238261 0.07921702 0.0 0.011950265 0.12466835 0.0 0.04046493 0.011225093 0.0 0.024736986 0.0 0.05374611 0.104931846 0.02542911 0.0 0.11278247 0.0 0.0 0.09917083 0.0 0.0 0.04260883 0.0 0.05160247 0.0 0.0 0.054460794 0.0 0.0051284167 0.009484064 0.0 0.022371178 0.026085397 0.03461571 0.0
0.0 0.0 0.0 0.0 0.03894408 0.0 0.0 0.0058576083 0.06586724 0.053392913 0.066323005 0.0 0.0 0.0 0.0 0.0 0.014742584 0.01025448 0.03104488 0.0 0.0 0.0 0.049486566 0.0 0.0 0.0 0.0 0.011494955 0.0 0.066698365 0.024908563 0.03483318 0.0 0.0 0.0 0.0 0.037890717 0.0069583845 0.0 0.004782551 0.0 0.0 0.0 0.0 0.0 0.04468248 0.0 0.0 0.046985384 0.024896236 0.13688642 0.0 0.0 0.043541074 0.003389174 0.0
0.0 0.0 0.004795026 0.0 0.0 0.0 0.025174784 0.07980425 0.0 0.030867124 0.055708755 0.0 0.0 0.070938736 0.03794921 0.0 0.0 0.0 0.0 0.0 0.0 0.0 0.0 0.0 0.0 0.0 0.0 0.033552773 0.10136259 0.0 0.00604998 0.0 0.05531094 0.0 0.11278247 0.037890714 0.17325912 0.0 0.0 0.0 0.0 0.0 0.0 0.0 0.0077684624 0.0 0.0 0.0 0.0 0.0 0.0 0.063018024 0.0 0.009876317 0.0 0.0
0.0 0.09140657 0.0 0.10303675 0.1974719 0.0 0.0 0.0 0.032513242 0.046237994 0.03195167 0.0 0.0 0.0 0.0 0.0 0.008119408 0.0 0.0 0.0 0.0 0.0 0.019759402 0.0 0.07989868 0.03142639 0.0 0.0 0.0 0.0 0.0207135 0.024487227 0.0 0.0 0.0 0.0069583845 0.0 0.028881438 0.0 0.0 0.031521995 0.01718122 0.0 0.024658723 0.0 0.0 0.04323629 0.02120861 0.0 0.0 0.057726648 0.0 0.0 0.011966933 0.020822797 0.0
0.117432535 0.005044732 0.12659024 0.007976157 0.0 0.0 0.0 0.0 0.01167685 0.0135368155 0.0 0.025355883 0.0 0.0 0.054453384 0.0 0.042511616 0.01035325 0.0 0.03868747 0.0 0.0065117464 0.0 0.0 0.0043993974 0.0 0.0 0.0 0.06171308 0.05063887 0.021855228 0.004940464 0.0 0.017899854 0.0 0.0 0.0 0.0 0.053405065 0.0 0.0 0.0 0.1368523 0.0 0.08099774 0.037871648 0.0 0.034133166 0.0 0.03324778 0.0 0.0 0.032628413 0.0 0.0 0.0066581233
0.0 0.022871967 0.049776934 0.0 0.0 0.0 0.025706405 0.018815916 0.0 0.0 0.032814723 0.0 0.09449874 0.050643053 0.0 0.0 0.0 0.0 0.013379822 0.0 0.0 0.0 0.0 0.049020145 0.0 0.050984573 0.0074766413 0.004783465 0.10606789 0.0 0.017661426 0.0 0.0 0.0 0.099170834 0.0047825505 0.0 0.0 0.0 0.04065315 0.0 0.0 0.0 0.0 0.050311998 0.056382168 0.0 0.014144778 0.0 0.0 0.0 0.061630644 0.0 0.0 0.0 0.01562738
0.0 0.04447476 0.0 0.0 0.0 0.0 0.053351454 0.0 0.0 0.0 0.0 0.0 0.13019706 0.041349873 0.0 0.025687827 0.012813556 0.01850614 0.061888244 0.0 0.0 0.020672332 0.0 0.0 0.054110687 0.01354315 0.020260362 0.010680825 0.07662882 0.035050303 0.017816395 0.019489443 0.0 0.018558748 0.0 0.0 0.0 0.03152199 0.0 0.0 0.13067621 0.104767255 0.031189946 0.0 0.016236868 0.041348685 0.049488116 0.0 0.0 0.0 0.0 0.0 0.03562296 0.0 0.0033282517 0.0601135
0.0 0.012218044 0.011115151 0.0 0.0 0.0 0.0 0.0 0.0 0.0 0.0 0.0 0.09044743 0.0 0.0 0.0 0.07396507 0.016336482 0.0715815 0.0 0.0 0.0 0.0 0.0 0.0 0.0 0.0 0.0 0.019110383 0.0 0.0 0.0064601917 0.0 0.07841057 0.0 0.0 0.0 0.017181218 0.0 0.0 0.104767255 0.101357944 0.0 0.020649381 0.0 0.0 0.0 0.0 0.0 0.0 0.008022257 0.0 0.0 0.021896949 0.0 0.17424145
0.0 0.0 0.0 0.0 0.0 0.067288235 0.010432597 0.0 0.0 0.0 0.0 0.0 0.034825675 0.0 0.0 0.0 0.107713796 0.0 0.027543426 0.0 0.011377794 0.05144848 0.012298543 0.023401665 0.04096607 0.0 0.05051806 0.0 0.0022617746 0.0 0.0 0.0 0.045805983 0.028593669 0.04260883 0.0 0.0 0.0 0.13685228 0.0 0.031189946 0.0 0.0 0.0 0.0 0.021351166 0.0 0.0 0.030816834 0.062344924 0.01570331 0.0 0.07382509 0.0 0.0 0.0
0.0 0.0 0.009727032 0.0 0.0 0.017361362 0.0 0.0 0.0 0.0 0.0 0.008900178 0.042688496 0.0 0.0 0.0 0.04096282 0.009113257 0.0 0.0 0.0 0.0 0.0 0.0 0.0 0.0 0.0 0.0 0.0 0.017347343 0.0 0.03218238 0.0 0.0 0.0 0.0 0.0 0.024658723 0.0 0.0 0.0 0.020649381 0.0 0.2601109 0.0 0.075743005 0.0 0.0 0.0 0.12760769 0.0 0.0 0.2188852 0.0 0.0026923043 0.0
0.024695521 0.0 0.0 0.0 0.0 0.13315772 0.0043699155 0.07620231 0.01701948 0.0 0.0 0.03017947 0.0 0.04741593 0.022629762 0.14952698 0.0 0.0 0.0 0.027930148 0.0 0.0090936525 0.060002305 0.0 0.0 0.0 0.0 0.0 0.037322395 0.0 0.0 0.0 0.050372504 0.0 0.051602468 0.0 0.007768462 0.0 0.08099774 0.050311998 0.016236868 0.0 0.0 0.0 0.069923915 0.0033437156 0.0015795074 0.0 0.038023967 0.050483953 0.0 0.0 0.0 0.0 0.0 0.0077827903
0.0 0.0 0.0 0.014557256 0.0 0.0 0.0 0.030145127 0.0052995705 0.0 0.0 0.0 0.0 0.030228296 0.038445517 0.0 0.0 0.0 0.0 0.0 0.0 0.0 0.0 0.011369413 0.021190733 0.04076927 0.04936291 0.027721439 0.0 0.0 0.0029545105 0.0 0.023280313 0.0 0.0 0.044682477 0.0 0.0 0.037871648 0.056382168 0.04134868 0.0 0.021351168 0.07574301 0.0033437153 0.0 0.0 0.05531651 0.063227735 0.014037104 0.04340451 0.014893347 0.0 0.03044762 0.12562487 0.02479678
0.031689756 0.0 0.0 0.04182874 0.0 0.032235518 0.036508303 0.0025588302 0.0011912957 0.20471182 0.0 0.05765686 0.0 0.0 0.0069317566 0.013339398 0.0 0.04156968 0.080784716 0.0 0.0 0.0 0.009232991 0.045950506 0.0 0.0 0.0 0.0 0.0 0.07783977 0.0 0.06386544 0.0 0.0 0.0 0.0 0.0 0.04323629 0.0 0.0 0.049488116 0.0 0.0 0.0 0.0015795074 0.0 0.0 0.0 0.0 0.0 0.0 0.0 0.0 0.0 0.0 0.0
0.0 0.0 0.0 0.0 0.0 0.0 0.0 0.04635174 0.0 0.0 0.023709277 0.0 0.0 0.07422533 0.0 0.0 0.025681889 0.0 0.0 0.017798204 0.026237411 0.0 0.067546055 0.03096072 0.0 0.041093115 0.023458753 0.0094801225 0.0 0.0 0.048341077 0.0 0.0 0.0 0.05446079 0.0 0.0 0.021208609 0.03413317 0.014144778 0.0 0.0 0.0 0.0 0.0 0.055316515 0.0 0.0 0.06040617 0.0 0.09544717 0.13696124 0.0 0.0 0.0038953056 0.0
0.026332522 0.0 0.0 0.0 0.10640399 0.0 0.0 0.0 0.038852315 0.04578142 0.016560437 0.0 0.0 0.0 0.023840474 0.017931122 0.0 0.0 0.0 0.12904358 0.0 0.0 0.016086306 0.0 0.0 0.0 0.0 0.0 0.0 0.0 0.0 0.0 0.0 0.0 0.0 0.04698538 0.0 0.0 0.0 0.0 0.0 0.0 0.030816836 0.0 0.038023967 0.063227735 0.0 0.06040617 0.17935032 0.0 0.11406365 0.0 0.0 0.0 0.003808 0.0
0.0 0.007827303 0.051364765 0.0 0.0 0.078236274 0.0 0.04403737 0.024677826 0.0 0.0027415738 0.114324525 0.020893706 0.0 0.008817781 0.03997169 0.021660719 0.0 0.0 0.0 0.0 0.0 0.0 0.0 0.041189987 0.0 0.0 0.0 0.008106309 0.0 0.0 0.0 0.0 0.0 0.0051284167 0.024896234 0.0 0.0 0.03324778 0.0 0.0 0.0 0.062344924 0.12760769 0.050483953 0.014037104 0.0 0.0 0.0 0.07117762 0.0 0.0 0.0638637 0.0 0.016404524 0.091179304
0.0 0.04517465 0.09068931 0.0 0.06605421 0.0 0.0 0.0012065355 0.0 0.0 0.071186036 0.0 0.0 0.0 0.040189326 0.0 0.0 0.0 0.0014417354 0.02259504 0.12178259 0.0 0.017044993 0.0 0.0 0.0 0.0 0.0 0.0 0.0 0.15941854 0.0 0.084019534 0.0 0.009484064 0.13688642 0.0 0.057726648 0.0 0.0 0.0 0.008022257 0.015703311 0.0 0.0 0.04340451 0.0 0.09544717 0.11406366 0.0 0.0 0.0 0.025754409 0.0 0.0 0.0
0.0 0.006819821 0.024316603 0.0094996905 0.0 0.0 0.0 0.0017098782 0.0 0.0 0.081114724 0.122635886 0.0 0.0 0.0038853178 0.04625928 0.0 0.10056381 0.0 0.0 0.0 0.025456345 0.12237054 0.0 0.04162131 0.0 0.026972974 0.037708715 0.0 0.0 0.08623646 0.0 0.067592144 0.0 0.0 0.0 0.063018024 0.0 0.0 0.061630644 0.0 0.0 0.0 0.0 0.0 0.0148933465 0.0 0.13696124 0.0 0.0 0.0 0.0 0.0 0.0 0.0 0.0
0.14047433 0.0 0.0 0.0 0.0 0.0 0.0 0.0 0.003430238 0.032848857 0.0 0.0 0.025814574 0.023263328 0.0 0.0 0.0 0.0 0.0064650527 0.04330888 0.0 0.0 0.0 0.0 0.0 0.0 0.0 0.0067825257 0.0 0.0 0.0 0.008792154 0.0 0.0 0.022371178 0.0 0.0 0.0 0.032628413 0.0 0.035622966 0.0 0.07382509 0.21888518 0.0 0.0 0.0 0.0 0.0 0.0638637 0.025754409 0.0 0.0 0.10789124 0.032854266 0.013337519
0.005716267 0.0 0.0068625296 0.0 0.0 0.0 0.13073753 0.03848207 0.0 0.0 0.014407364 0.0 0.03826656 0.05964512 0.0 0.012635295 0.03940366 0.04652246 0.10067693 0.0 0.0 0.07403161 0.0 0.0 0.037739947 0.0 0.0 0.0 0.03803184 0.0 0.0 0.0 0.0 0.029729005 0.026085395 0.043541074 0.009876317 0.011966933 0.0 0.0 0.0 0.021896949 0.0 0.0 0.0 0.03044762 0.0 0.0 0.0 0.0 0.0 0.0 0.10789123 0.0 0.0 0.09405545
0.015952324 0.019843785 0.041258354 0.0 0.0 0.016272724 0.024702486 0.08834814 0.0 0.0 0.03636425 0.034418985 0.0 0.0370483 0.01627848 0.006116287 0.0 0.05010483 0.0 0.050828554 0.16547827 0.055009574 0.0 0.016750826 0.0 0.007863316 0.03955433 0.0 0.0029199868 0.0 0.04658474 0.0 0.02238806 0.0 0.03461571 0.0033891741 0.0 0.020822797 0.0 0.0 0.0033282517 0.0 0.0 0.0026923046 0.0 0.12562487 0.0 0.003895306 0.003808 0.016404524 0.0 0.0 0.032854266 0.0 0.009580382 0.0
0.0 0.0 0.012363628 0.0 0.0 0.13810208 0.032146316 0.0 0.027194338 0.0 0.0 0.040855806 0.0029257424 0.0 0.0 0.0 0.05424025 0.020803627 0.10958608 0.0 0.0 0.039551966 0.0 0.0 0.0 0.03676019 0.0075128837 0.0 0.07640806 0.0 0.0 0.0 0.0 0.022043666 0.0 0.0 0.0 0.0 0.006658124 0.01562738 0.0601135 0.17424145 0.0 0.0 0.0077827903 0.02479678 0.0 0.0 0.0 0.0911793 0.0 0.0 0.013337518 0.09405545 0.0 0.07997659
