0.0 0.0 0.010853805 0.0 0.01216889 0.0 0.0 0.08538247 0.05848197 0.0 0.0 0.03576237 0.14899959 0.110237084 0.0 0.0 0.1387056 0.06529074 0.038954265 0.0 0.0 0.057891082 0.0 0.0 0.020334272 0.0 0.0 0.028012289 0.0 0.00753617 0.0 0.0 0.0 0.0 0.0 0.07246656 0.0 0.0 0.0 0.0 0.0 0.0 0.019528093 0.03627603 0.0 0.0 0.03241895 0.0 0.0 0.0 0.0 0.0 0.0 0.08128535 0.053723685 0.0
0.0 0.0 0.0 0.0 0.0 0.018976163 0.0 0.0 0.0 0.0 0.0 0.0 0.025334584 0.030610831 0.0 0.009433842 0.014657183 0.0 0.0 0.0 0.055792604 0.05117953 0.075741865 0.004475535 0.0 0.11742274 0.028932746 0.052122086 0.0 0.0 0.0 0.0 0.049723815 0.104031615 0.0 0.0 0.0 0.0 0.0 0.018045073 0.0 0.0060782796 0.0044089514 0.0 0.0033635427 0.0 0.0 0.008297137 0.05120478 0.0 0.036152758 0.0 0.0 0.14811035 0.0 0.014435022
0.010853805 0.0 0.08983592 0.0 0.0 0.04006562 0.03399759 0.006598863 0.0 0.05396962 0.0 0.0 0.0 0.0 0.0 0.0 0.0 0.02631303 0.0 0.0 0.050177675 0.010075305 0.0 0.0 0.08369914 0.0027179644 0.0 0.0 0.0 0.10484395 0.004919423 0.0 0.07373491 0.05654754 0.027058901 0.0 0.046791673 0.0 0.061785214 0.0 0.0 0.0 0.0 0.0 0.008409168 0.0 0.0 0.0 0.014465351 0.10471028 0.0 0.0 0.071705624 0.0 0.0 0.0
0.0 0.0 0.0 0.021943493 0.0 0.01535935 0.0 0.0 0.0 0.0 0.0 0.0 0.0 0.0 0.0 0.05281421 0.0 0.0 0.0 0.0 0.19772951 0.0 0.017665507 0.0 0.0 0.005888798 0.0 0.12587936 0.0 0.0 0.161305 0.041610636 0.0 0.0 0.0 0.0 0.0 0.012944518 0.0042255768 0.0 0.043718524 0.0 0.0 0.0 0.0 0.014978353 0.0 0.08081437 0.08075472 0.02140425 0.088581175 0.0 0.0 0.0 0.0 0.0
0.012168889 0.0 0.0 0.0 0.0 0.07807007 0.0 0.00947487 0.0 0.0 0.0 0.0 0.0 0.011401011 0.0 0.0 0.0 0.0 0.0 0.0 0.009914435 0.0 0.0 0.0 0.0 0.004230394 0.055717725 0.0 0.0 0.0 0.033377837 0.0 0.091381215 0.079859406 0.054756682 0.0 0.0018006379 0.0 0.012548673 0.0 0.061279308 0.0 0.0 0.0 0.031694412 0.0 0.0 0.0 0.053971857 0.15380503 0.08549104 0.0 0.0 0.0 0.0 0.0
0.0 0.018976163 0.04006562 0.01535935 0.07807006 0.0 0.0 0.0 0.09966728 0.0 0.0 0.0 0.024328083 0.0 0.0 0.007139076 0.0 0.031577747 0.07669112 0.0 0.0067731533 0.0 0.0 0.0 0.11718376 0.0 0.0 0.0 0.0 0.05705067 0.0 0.080358684 0.0042141103 0.03551003 0.0 0.051325273 0.0 0.022470372 0.0 0.0 0.04650772 0.06602124 0.023709763 0.019647215 0.0 0.032733824 0.05168192 0.0 0.0 0.0 0.0 0.0 0.08205649 0.0 0.0 0.003583422
0.0 0.0 0.03399759 0.0 0.0 0.0 0.0 0.0 0.0 0.0 0.019471759 0.0 0.0 0.012304757 0.0 0.0 0.0 0.0 0.010929438 0.0 0.0 0.0 0.027920451 0.0 0.0 0.0 0.0 0.0 0.0 0.0 0.024189059 0.0 0.1289596 0.005332538 0.015642392 0.0 0.0 0.0 0.0 0.02096161 0.0 0.0 0.0 0.04882026 0.08295801 0.0 0.0 0.17135338 0.0 0.0 0.013810581 0.0 0.005162326 0.034063425 0.07780064 0.009750227
0.08538246 0.0 0.006598863 0.0 0.00947487 0.0 0.0 0.092507854 0.0 0.0 0.0 0.0 0.05797179 0.010682917 0.0 0.0 0.061502025 0.0 0.0 0.0 0.0 0.054418955 0.0 0.0 0.0 0.0095839035 0.0498778 0.008151076 0.10646759 0.0 0.0 0.0 0.01084261 0.010331706 0.0 0.0 0.031764507 0.0 0.0 0.008276855 0.05284541 0.0 0.0 0.10712781 0.08392418 0.006133738 0.0 0.0 0.0 0.0 0.0 0.011682962 0.0 0.038590703 0.06230455 0.0712462
0.058481973 0.0 0.0 0.0 0.0 0.09966727 0.0 0.0 0.0 0.09119586 0.0 0.0 0.0 0.01793839 0.0059909713 0.03219263 0.0 0.0 0.0 0.0 0.0 0.0 0.020692289 0.035190485 0.0 0.122666895 0.0 0.01498603 0.027709588 0.0 0.01359142 0.0 0.007062039 0.040899873 0.0518601 0.0 0.034234166 0.0 0.0 0.0 0.0 0.023725856 0.0 0.0 0.028734721 0.0 0.0 0.0 0.0 0.04167656 0.15193346 0.049777716 0.0 0.0 0.031021334 0.020457285
0.0 0.0 0.05396962 0.0 0.0 0.0 0.0 0.0 0.09119587 0.02805062 0.039902493 0.047633767 0.0 0.02568022 0.020217385 0.036083993 0.0 0.025066432 0.20029399 0.060802612 0.0 0.0 0.0 0.0 0.0 0.0 0.021212496 0.004070964 0.0 0.038091816 0.0 0.01701698 0.05874557 0.0 0.0 0.0031866664 0.050167866 0.0 0.012160331 0.0 0.0 0.0 0.011311492 0.088278286 0.0 0.027477931 0.0 0.0 0.0 0.0 0.0038026678 0.0 0.068778604 0.0 0.045283593 0.0
0.0 0.0 0.0 0.0 0.0 0.0 0.019471759 0.0 0.0 0.039902497 0.0 0.033641525 0.0 0.0936527 0.059320595 0.07492536 0.01688724 0.02444053 0.024491237 0.030285282 0.0 0.0 0.0 0.0 0.0 0.06732114 0.030440832 0.0056344164 0.08581359 0.0053494554 0.0 0.0 0.07032766 0.022393305 0.045115914 0.018023094 0.11104712 0.0 0.042383216 0.0 0.05427064 0.0 0.0 0.029328741 0.0 0.0 0.0 0.020784728 0.06333463 0.011091718 0.030038733 0.0 0.0 0.0 0.035322405 0.0
0.03576237 0.0 0.0 0.0 0.0 0.0 0.0 0.0 0.0 0.047633767 0.03364153 0.10020111 0.0 0.0 0.10533756 0.021059487 0.0 0.0 0.0 0.0 0.0 0.0 0.0 0.0 0.11741386 0.0 0.0 0.0 0.0 0.11220176 0.0054902183 0.0 0.016124573 0.015148994 0.051852606 0.0 0.0 0.0 0.0 0.0 0.0 0.0 0.0 0.0 0.061280496 0.0 0.0 0.097998455 0.0 0.025505343 0.0 0.020853456 0.0068787714 0.0 0.0 0.020500304
0.14899959 0.025334584 0.0 0.0 0.0 0.024328081 0.0 0.057971794 0.0 0.0 0.0 0.0 0.0 0.0 0.03739542 0.0 0.0 0.0 0.0 0.008556989 0.0 0.007132337 0.10555462 0.106814384 0.0 0.04522903 0.0 0.0 0.0 0.0 0.0 0.0 0.0 0.0 0.043309778 0.0 0.026970686 0.039019227 0.0 0.0 0.0 0.0 0.0 0.0 0.036444746 0.09024819 0.024297507 0.031154176 0.0 0.0 0.032625318 0.012340768 0.0 0.012315011 0.021721445 0.0
0.110237084 0.030610831 0.0 0.0 0.011401011 0.0 0.012304757 0.010682917 0.01793839 0.025680218 0.0936527 0.0 0.0 0.0 0.0 0.0 0.007129756 0.02167184 0.0 0.009570037 0.0 0.0 0.04319808 0.17853676 0.0 0.0 0.029044317 0.0 0.0 0.0 0.0 0.0 0.0 0.0 0.0 0.06641291 0.006854718 0.120033875 0.003111287 0.01508243 0.0 0.013690095 0.0 0.0 0.053874258 0.03382551 0.063025355 0.0 0.022897037 0.0 0.007074167 0.0590116 0.0 0.0 0.0 0.0
0.0 0.0 0.0 0.0 0.0 0.0 0.0 0.0 0.0059909713 0.020217385 0.059320595 0.10533756 0.03739542 0.0 0.0 0.016360417 0.018499307 0.0 0.059229147 0.0 0.083167 0.0 0.0 0.0 0.054202676 0.0 0.0 0.0 0.021954535 0.0 0.030248497 0.0050024614 0.0 0.019108051 0.0 0.0 0.01776084 0.15447406 0.013746303 0.0 0.0 0.019569954 0.0023836666 0.0 0.0 0.0 0.05203407 0.0 0.016943125 0.0 0.0 0.0 0.08719756 0.0 0.0 0.0
0.0 0.009433841 0.0 0.052814215 0.0 0.0071390755 0.0 0.0 0.03219263 0.036083993 0.07492537 0.021059487 0.0 0.0 0.016360419 0.0 0.0 0.009115468 0.0 0.0 0.029385109 0.008373957 0.0 0.0 0.0 0.0 0.012163153 0.023552502 0.0 0.0 0.057047006 0.015719596 0.0 0.0 0.0 0.0065862 0.0 0.14974605 0.025142841 0.0 0.0 0.0 0.042584617 0.0 0.0 0.095782295 0.0 0.0 0.028079877 0.0 0.0260936 0.018978087 0.090434976 0.0 0.027172364 0.0
0.13870561 0.014657183 0.0 0.0 0.0 0.0 0.0 0.06150202 0.0 0.0 0.01688724 0.0 0.0 0.007129756 0.018499305 0.0 0.06639586 0.0 0.0 0.015767833 0.0 0.0 0.02592506 0.0 0.054671455 0.05207141 0.0 0.025869774 0.0 0.026242606 0.0 0.006805758 0.0 0.0 0.026063807 0.0 0.0 0.0 0.0 0.077213794 0.03846551 0.063447945 0.0 0.0 0.046500836 0.0 0.0 0.110950716 0.0 0.0 0.0 0.0 0.0 0.016270237 0.0 0.0081323525
0.065290734 0.0 0.02631303 0.0 0.0 0.031577747 0.0 0.0 0.0 0.025066433 0.02444053 0.0 0.0 0.02167184 0.0 0.009115468 0.0 0.036923897 0.0 0.0063791033 0.0 0.0 0.0 0.0 0.007488903 0.026083805 0.011324405 0.01980054 0.0045414455 0.0 0.031163385 0.0040741465 0.0 0.0 0.11266602 0.030781833 0.056407016 0.0 0.0 0.0 0.0 0.0 0.0 0.0 0.09943248 0.022239855 0.0 0.0 0.039095502 0.051334407 0.05267268 0.016023895 0.0 0.014586186 0.09967759 0.0
0.038954265 0.0 0.0 0.0 0.0 0.07669112 0.010929437 0.0 0.0 0.20029399 0.024491237 0.0 0.0 0.0 0.05922915 0.0 0.0 0.0 0.0 0.0 0.04250008 0.0 0.06441015 0.033432987 0.0 0.021211809 0.022044161 0.046748146 0.0 0.012419699 0.032365996 0.0 0.0 0.0 0.009814163 0.0 0.0845353 0.040519167 0.022682399 0.0074572642 0.014135242 0.0 0.0 0.003701331 0.0203333 0.0 0.0 0.0 0.0 0.0 0.08387548 0.025255011 0.0 0.0 0.0 0.0
0.0 0.0 0.0 0.0 0.0 0.0 0.0 0.0 0.0 0.060802605 0.030285282 0.0 0.008556989 0.009570037 0.0 0.0 0.015767833 0.0063791038 0.0 0.018388769 0.0 0.0 0.003023989 0.0 0.0 0.0 0.00495617 0.0 0.0 0.007779224 0.0 0.029183224 0.074329786 0.0 0.024799109 0.0 0.10974479 0.10629375 0.005126876 0.0 0.021497604 0.0 0.010400916 0.0 0.0 0.053674962 0.0 0.1331753 0.07701493 0.0110752005 0.034832697 0.045362413 0.0 0.026202405 0.03602855 0.0
0.0 0.0557926 0.050177675 0.1977295 0.009914435 0.0067731533 0.0 0.0 0.0 0.0 0.0 0.0 0.0 0.0 0.083167 0.029385109 0.0 0.0 0.04250008 0.0 0.07174615 0.0 0.0 0.0 0.00892218 0.0 0.0 0.0 0.0 0.0 0.12735716 0.15580307 0.0 0.0 0.0 0.0 0.0 0.0 0.023050198 0.0 0.0 0.0 0.0 0.0 0.0 0.022020958 0.0 0.0 0.044542287 0.0 0.0074556754 0.0 0.0 0.0 0.0 0.0
0.057891086 0.05117953 0.010075305 0.0 0.0 0.0 0.0 0.054418955 0.0 0.0 0.0 0.0 0.007132337 0.0 0.0 0.008373957 0.0 0.0 0.0 0.0 0.0 0.08128059 0.004028387 0.0 0.0071316645 0.0 0.0 0.0074756527 0.0 0.07222878 0.0 0.0 0.07853984 0.0044018663 0.030813627 0.0 0.0 0.0 0.025797365 0.0 0.014684414 0.05542474 0.009661934 0.04025581 0.08517252 0.011273513 0.006505747 0.008904675 0.0 0.11544937 0.0 0.0 0.03759697 0.018071901 0.0 0.03426736
0.0 0.075741865 0.0 0.017665507 0.0 0.0 0.027920453 0.0 0.020692289 0.0 0.0 0.0 0.10555461 0.043198083 0.0 0.0 0.02592506 0.0 0.06441014 0.0030239888 0.0 0.0040283874 0.0 0.032296684 0.027692216 0.0 0.0 0.0 0.07292449 0.0 0.0 0.027016075 0.0 0.014837286 0.0 0.08507716 0.0 0.0 0.0 0.0 0.08894896 0.03579688 0.11612645 0.007843731 0.0 0.021874592 0.13820852 0.0 0.0 0.0 0.0 0.06964355 0.08789431 0.0 0.0 0.0
0.0 0.0044755354 0.0 0.0 0.0 0.0 0.0 0.0 0.035190485 0.0 0.0 0.0 0.106814384 0.17853676 0.0 0.0 0.0 0.0 0.033432987 0.0 0.0 0.0 0.03229668 0.020268401 0.0 0.016612997 0.072326034 0.08099443 0.013653059 0.0 0.009962682 0.0 0.0 0.0 0.0 0.0 0.0 0.025717717 0.0 0.014802147 0.18236804 0.0058980454 0.086083695 0.020802403 0.0 0.0 0.0 0.006587636 0.0 0.0 0.06825624 0.014194079 0.018553259 0.0 0.031171322 0.0
0.020334272 0.0 0.08369914 0.0 0.0 0.11718376 0.0 0.0 0.0 0.0 0.0 0.11741387 0.0 0.0 0.05420268 0.0 0.05467145 0.0074889027 0.0 0.0 0.00892218 0.0071316645 0.027692216 0.0 0.093626246 0.0 0.0 0.00078422506 0.0 0.014614439 0.056287713 0.0 0.09114005 0.034372516 0.0 0.0 0.0 0.0061149984 0.0729947 0.0 0.0 0.06392376 0.0 0.0 0.014349587 0.0 0.021222804 0.040788718 0.0 0.032198764 0.0 0.0 0.03296112 0.0 0.0 0.0
0.0 0.11742274 0.0027179641 0.005888798 0.0042303936 0.0 0.0 0.009583904 0.12266689 0.0 0.06732114 0.0 0.045229033 0.0 0.0 0.0 0.05207141 0.026083805 0.021211809 0.0 0.0 0.0 0.0 0.016612997 0.0 0.0 0.006998157 0.011664691 0.0 0.0 0.0 0.0 0.0 0.0 0.0 0.05284221 0.009273057 0.13714586 0.0052851574 0.0056371577 0.022084473 0.0 0.0 0.0 0.0 0.009893349 0.050680056 0.0 0.0 0.0 0.01658491 0.02248844 0.036059964 0.0094023 0.02617582 0.055294517
0.0 0.028932746 0.0 0.0 0.05571772 0.0 0.0 0.0498778 0.0 0.021212496 0.030440833 0.0 0.0 0.029044317 0.0 0.012163152 0.0 0.011324405 0.022044161 0.00495617 0.0 0.0 0.0 0.072326034 0.0 0.006998157 0.0 0.0 0.0 0.0 0.0 0.04508889 0.0 0.0 0.035908885 0.025057983 0.06503954 0.05013866 0.0 0.0 0.029122842 0.0 0.0 0.0 0.0 0.029838389 0.0 0.0 0.0 0.0 0.020790037 0.23873074 0.014465152 0.017838227 0.032650895 0.0
0.028012287 0.052122086 0.0 0.12587936 0.0 0.0 0.0 0.008151076 0.014986031 0.004070964 0.0056344164 0.0 0.0 0.0 0.0 0.023552503 0.025869774 0.01980054 0.046748146 0.0 0.0 0.0074756523 0.0 0.08099443 0.00078422506 0.011664692 0.0 0.0 0.03035861 0.0 0.015858285 0.0 0.054463547 0.0 0.0 0.0 0.025481239 0.081646204 0.054775946 0.0 0.0 0.0 0.013728233 0.0 0.018451115 0.020770323 0.008957237 0.0 0.06801567 0.0 0.016543092 0.017735597 0.0 0.0 0.01660939 0.0
0.0 0.0 0.0 0.0 0.0 0.0 0.0 0.10646759 0.02770959 0.0 0.08581359 0.0 0.0 0.0 0.021954536 0.0 0.0 0.0045414455 0.0 0.0 0.0 0.0 0.07292449 0.0136530595 0.0 0.0 0.0 0.030358609 0.0 0.0 0.02489569 0.0 0.017755402 0.0 0.0039997026 0.0 0.0 0.0 0.0 0.15779038 0.0 0.0 0.0 0.030867653 0.016277166 0.0 0.0068020457 0.0 0.0 0.0 0.0 0.0 0.0 0.0 0.06936847 0.0
0.0075361705 0.0 0.10484395 0.0 0.0 0.057050675 0.0 0.0 0.0 0.038091816 0.005349455 0.11220176 0.0 0.0 0.0 0.0 0.026242606 0.0 0.012419699 0.0077792234 0.0 0.07222879 0.0 0.0 0.014614439 0.0 0.0 0.0 0.0 0.11629204 0.0 0.0 0.034090772 0.018541504 0.088530965 0.0 0.015182468 0.0 0.0 0.0 0.0 0.0 0.0 0.021754215 0.034572616 0.0 0.0 0.009114468 0.04659688 0.08049037 0.0 0.0 0.05506027 0.0 0.0 0.0
0.0 0.0 0.004919423 0.16130498 0.033377834 0.0 0.024189059 0.0 0.013591419 0.0 0.0 0.005490218 0.0 0.0 0.030248497 0.057047006 0.0 0.031163385 0.032365996 0.0 0.12735716 0.0 0.0 0.009962682 0.056287713 0.0 0.0 0.015858285 0.024895689 0.0 0.16534412 0.09864649 0.0 0.025174329 0.02627273 0.0 0.0 0.0 0.0 0.0 0.0 0.02086584 0.0 0.0 0.0 0.021103771 0.0070074215 0.0 0.02108031 0.0 0.0 0.0 0.017673943 0.0 0.0 0.0
0.0 0.0 0.0 0.041610636 0.0 0.080358684 0.0 0.0 0.0 0.01701698 0.0 0.0 0.0 0.0 0.0050024614 0.015719596 0.006805758 0.0040741465 0.0 0.029183224 0.15580307 0.0 0.027016077 0.0 0.0 0.0 0.04508889 0.0 0.0 0.0 0.09864649 0.0 0.056221195 0.0 0.0 0.0 0.035472713 0.0062962896 0.060617723 0.0 0.0 0.0 0.0 0.0 0.025351034 0.06130672 0.0 0.02120524 0.085017756 0.02864114 0.075904615 0.0054978197 0.0 0.0 0.0 0.0
0.0 0.049723815 0.07373492 0.0 0.091381215 0.00421411 0.12895958 0.01084261 0.0070620384 0.05874557 0.07032766 0.016124573 0.0 0.0 0.0 0.0 0.0 0.0 0.0 0.074329786 0.0 0.07853985 0.0 0.0 0.09114005 0.0 0.0 0.054463543 0.017755402 0.034090772 0.0 0.0562212 0.0 0.0 0.0 0.00956008 0.017415088 0.0 0.0 0.0 0.05689636 0.002716356 0.032806125 0.0 0.0 0.0473665 0.0 0.0 0.0019676737 0.0058985897 0.0 0.0 0.044654593 0.0 0.0 0.0
0.0 0.104031615 0.05654754 0.0 0.079859406 0.035510026 0.005332538 0.010331706 0.040899873 0.0 0.022393307 0.015148994 0.0 0.0 0.019108051 0.0 0.0 0.0 0.0 0.0 0.0 0.0044018663 0.014837287 0.0 0.034372516 0.0 0.0 0.0 0.0 0.018541506 0.025174329 0.0 0.0 0.0 0.0 0.0 0.0 0.0 0.0 0.09907593 0.0 0.05567331 0.06124975 0.0 0.0 0.0 0.11277965 0.0 0.0 0.0 0.0 0.0 0.009631997 0.044288993 0.0 0.0
0.0 0.0 0.027058901 0.0 0.054756682 0.0 0.01564239 0.0 0.0518601 0.0 0.045115914 0.051852606 0.043309778 0.0 0.0 0.0 0.026063807 0.11266602 0.009814163 0.024799109 0.0 0.030813627 0.0 0.0 0.0 0.0 0.035908885 0.0 0.0039997026 0.088530965 0.02627273 0.0 0.0 0.0 0.0 0.0 0.0 0.0 0.1119539 0.0 0.0 0.0 0.11989704 0.09365606 0.0 0.0 0.0 0.0 0.0 0.0 0.0 0.0 0.03381643 0.0023952012 0.001497628 0.0
0.07246655 0.0 0.0 0.0 0.0 0.051325273 0.0 0.0 0.0 0.0031866662 0.018023094 0.0 0.0 0.06641291 0.0 0.0065862 0.0 0.030781837 0.0 0.0 0.0 0.0 0.08507716 0.0 0.0 0.05284221 0.025057985 0.0 0.0 0.0 0.0 0.0 0.00956008 0.0 0.0 0.11161378 0.0 0.0 0.0 0.01597133 0.054920178 0.0 0.0 0.0 0.0 0.023973946 0.0 0.034835037 0.0 0.03130764 0.078418 0.0 0.0 0.0 0.12689482 0.0
0.0 0.0 0.046791673 0.0 0.0018006378 0.0 0.0 0.03176451 0.034234166 0.050167866 0.11104712 0.0 0.026970686 0.006854718 0.01776084 0.0 0.0 0.05640702 0.08453531 0.10974479 0.0 0.0 0.0 0.0 0.0 0.009273057 0.065039545 0.025481237 0.0 0.015182467 0.0 0.035472713 0.017415088 0.0 0.0 0.0 0.0415145 0.0 0.03901952 0.0 0.0 0.0 0.0315284 0.017839653 0.0 0.0 0.0 0.0 0.0 0.0 0.04905164 0.0 0.0 0.0 0.06176002 0.0
0.0 0.0 0.0 0.012944518 0.0 0.022470372 0.0 0.0 0.0 0.0 0.0 0.0 0.03901923 0.12003388 0.15447406 0.14974605 0.0 0.0 0.040519167 0.10629375 0.0 0.0 0.0 0.025717717 0.006114999 0.13714585 0.050138656 0.081646204 0.0 0.0 0.0 0.0062962896 0.0 0.0 0.0 0.0 0.0 0.0 0.0 0.0 0.0 0.010246525 0.0 0.0 0.0 0.0 0.0 0.0 0.044525966 0.0 0.024792556 0.0 0.0 0.0 0.01204914 0.0
0.0 0.0 0.061785217 0.0042255763 0.012548674 0.0 0.0 0.0 0.0 0.012160331 0.042383213 0.0 0.0 0.003111287 0.013746303 0.02514284 0.0 0.0 0.022682397 0.005126876 0.0230502 0.025797367 0.0 0.0 0.07299471 0.005285158 0.0 0.05477595 0.0 0.0 0.0 0.06061772 0.0 0.0 0.1119539 0.0 0.03901952 0.0 0.0 0.0 0.04484927 0.0 0.0 0.0 0.0 0.032251544 0.008349028 0.042990185 0.09136395 0.036398742 0.0 0.0 0.06978154 0.0 0.023412783 0.0
0.0 0.018045073 0.0 0.0 0.0 0.0 0.020961609 0.008276854 0.0 0.0 0.0 0.0 0.0 0.015082431 0.0 0.0 0.077213794 0.0 0.007457264 0.0 0.0 0.0 0.0 0.014802147 0.0 0.005637158 0.0 0.0 0.15779038 0.0 0.0 0.0 0.0 0.09907592 0.0 0.015971329 0.0 0.0 0.0 0.020428801 0.09533845 0.07608562 0.01890752 0.021946082 0.03907401 0.0 0.015141879 0.0 0.0 0.0 0.0 0.0 0.0 0.0038271386 0.0 0.32789564
0.0 0.0 0.0 0.043718524 0.061279304 0.04650772 0.0 0.05284541 0.0 0.0 0.05427064 0.0 0.0 0.0 0.0 0.0 0.03846551 0.0 0.014135243 0.021497604 0.0 0.014684414 0.08894896 0.18236804 0.0 0.022084473 0.02912284 0.0 0.0 0.0 0.0 0.0 0.05689636 0.0 0.0 0.054920178 0.0 0.0 0.04484927 0.09533845 0.0 0.0 0.0 0.0 0.0005959094 0.07538642 0.02444378 0.0 0.009718326 0.0 0.0 0.0 0.0 0.0 0.0 0.0
0.0 0.00607828 0.0 0.0 0.0 0.06602124 0.0 0.0 0.023725856 0.0 0.0 0.0 0.0 0.013690096 0.019569954 0.0 0.063447945 0.0 0.0 0.0 0.0 0.05542474 0.03579688 0.0058980454 0.06392376 0.0 0.0 0.0 0.0 0.0 0.02086584 0.0 0.002716356 0.05567331 0.0 0.0 0.0 0.010246525 0.0 0.07608562 0.0 0.08616891 0.049506586 0.03879859 0.0 0.0 0.045193315 0.02797668 0.0 0.0 0.0 0.0 0.0 0.054887574 0.0 0.07290053
0.019528093 0.004408951 0.0 0.0 0.0 0.023709763 0.0 0.0 0.0 0.011311493 0.0 0.0 0.0 0.0 0.0023836663 0.042584613 0.0 0.0 0.0 0.010400916 0.0 0.009661934 0.11612645 0.086083695 0.0 0.0 0.0 0.013728233 0.0 0.0 0.0 0.0 0.032806125 0.061249748 0.11989703 0.0 0.0315284 0.0 0.0 0.01890752 0.0 0.049506586 0.0 0.0 0.030241719 0.009452637 0.0 0.0 0.0073884525 0.017830795 0.059825044 0.007217326 0.0 0.05205638 0.009772678 0.0
0.03627603 0.0 0.0 0.0 0.0 0.019647215 0.048820257 0.10712781 0.0 0.08827829 0.029328743 0.0 0.0 0.0 0.0 0.0 0.0 0.0 0.0037013309 0.0 0.0 0.04025581 0.007843731 0.020802403 0.0 0.0 0.0 0.0 0.030867653 0.021754215 0.0 0.0 0.0 0.0 0.093656056 0.0 0.017839653 0.0 0.0 0.021946082 0.0 0.03879859 0.0 0.0 0.16400108 0.0 0.04477792 0.0 0.0 0.029003613 0.0 0.090962246 0.0 0.0 0.018614922 0.05536617
0.0 0.0033635427 0.008409168 0.0 0.03169441 0.0 0.08295801 0.08392419 0.02873472 0.0 0.0 0.061280496 0.036444746 0.053874258 0.0 0.0 0.04650084 0.09943248 0.0203333 0.0 0.0 0.08517253 0.0 0.0 0.014349587 0.0 0.0 0.018451115 0.016277164 0.034572616 0.0 0.025351034 0.0 0.0 0.0 0.0 0.0 0.0 0.0 0.03907401 0.00059590937 0.0 0.030241717 0.16400109 0.0 0.0 0.0 0.0 0.0 0.0 0.0 0.0 0.0 0.12817168 0.011260686 0.0
0.0 0.0 0.0 0.014978352 0.0 0.032733824 0.0 0.006133738 0.0 0.02747793 0.0 0.0 0.09024819 0.03382551 0.0 0.09578229 0.0 0.022239855 0.0 0.053674962 0.022020958 0.011273513 0.021874592 0.0 0.0 0.009893349 0.029838387 0.02077032 0.0 0.0 0.021103771 0.061306722 0.0473665 0.0 0.0 0.023973946 0.0 0.0 0.032251544 0.0 0.07538642 0.0 0.009452637 0.0 0.0 0.0 0.0 0.0 0.04178554 0.0 0.047114633 0.032439366 0.0 0.03774378 0.03626603 0.0
0.032418948 0.0 0.0 0.0 0.0 0.05168192 0.0 0.0 0.0 0.0 0.0 0.0 0.02429751 0.06302535 0.05203407 0.0 0.0 0.0 0.0 0.0 0.0 0.0065057464 0.13820852 0.0 0.021222804 0.050680056 0.0 0.008957237 0.0068020457 0.0 0.007007422 0.0 0.0 0.11277965 0.0 0.0 0.0 0.0 0.008349028 0.015141878 0.02444378 0.045193315 0.0 0.04477792 0.0 0.0 0.071651414 0.0 0.0 0.09087216 0.0 0.0 0.0 0.026172375 0.0 0.09661586
0.0 0.008297137 0.0 0.08081437 0.0 0.0 0.17135337 0.0 0.0 0.0 0.020784728 0.09799846 0.03115418 0.0 0.0 0.0 0.110950716 0.0 0.0 0.1331753 0.0 0.008904675 0.0 0.006587636 0.04078872 0.0 0.0 0.0 0.0 0.0091144685 0.0 0.02120524 0.0 0.0 0.0 0.034835033 0.0 0.0 0.042990185 0.0 0.0 0.02797668 0.0 0.0 0.0 0.0 0.0 0.0 0.0 0.028028816 0.0 0.019213295 0.0018615349 0.0 0.0 0.0
0.0 0.05120478 0.01446535 0.08075472 0.05397186 0.0 0.0 0.0 0.0 0.0 0.06333463 0.0 0.0 0.022897037 0.016943123 0.028079879 0.0 0.039095502 0.0 0.07701493 0.044542287 0.0 0.0 0.0 0.0 0.0 0.0 0.06801567 0.0 0.04659688 0.02108031 0.085017756 0.0019676737 0.0 0.0 0.0 0.0 0.044525966 0.091363944 0.0 0.009718326 0.0 0.0073884525 0.0 0.0 0.041785542 0.0 0.0 0.034748103 0.0 0.032936648 0.0 0.0 0.0 0.0 0.0
0.0 0.0 0.10471028 0.02140425 0.15380502 0.0 0.0 0.0 0.04167656 0.0 0.011091718 0.025505343 0.0 0.0 0.0 0.0 0.0 0.051334403 0.0 0.0110752005 0.0 0.11544937 0.0 0.0 0.032198768 0.0 0.0 0.0 0.0 0.08049037 0.0 0.028641142 0.0058985897 0.0 0.0 0.03130764 0.0 0.0 0.036398742 0.0 0.0 0.0 0.017830795 0.02900361 0.0 0.0 0.09087216 0.028028816 0.0 0.0 0.0 0.0 0.18789393 0.0 0.0 0.0
0.0 0.036152758 0.0 0.088581175 0.08549104 0.0 0.013810581 0.0 0.15193346 0.0038026678 0.030038731 0.0 0.032625318 0.007074167 0.0 0.0260936 0.0 0.052672677 0.083875485 0.034832697 0.0074556754 0.0 0.0 0.06825624 0.0 0.01658491 0.020790037 0.016543092 0.0 0.0 0.0 0.075904615 0.0 0.0 0.0 0.078418 0.04905164 0.024792554 0.0 0.0 0.0 0.0 0.059825044 0.0 0.0 0.047114637 0.0 0.0 0.032936648 0.0 0.003955383 0.0 0.0 0.0 0.0 0.0
0.0 0.0 0.0 0.0 0.0 0.0 0.0 0.011682962 0.049777716 0.0 0.0 0.020853456 0.012340768 0.059011597 0.0 0.018978087 0.0 0.016023895 0.025255011 0.04536241 0.0 0.0 0.06964355 0.014194079 0.0 0.022488438 0.23873074 0.017735599 0.0 0.0 0.0 0.0054978197 0.0 0.0 0.0 0.0 0.0 0.0 0.0 0.0 0.0 0.0 0.007217326 0.090962246 0.0 0.032439366 0.0 0.019213295 0.0 0.0 0.0 0.07715791 0.0 0.0 0.1464223 0.0
0.0 0.0 0.071705624 0.0 0.0 0.08205649 0.005162326 0.0 0.0 0.068778604 0.0 0.0068787714 0.0 0.0 0.08719756 0.09043497 0.0 0.0 0.0 0.0 0.0 0.037596967 0.08789431 0.018553257 0.03296112 0.03605997 0.014465152 0.0 0.0 0.05506027 0.017673943 0.0 0.04465459 0.009631998 0.03381643 0.0 0.0 0.0 0.069781534 0.0 0.0 0.0 0.0 0.0 0.0 0.0 0.0 0.0018615348 0.0 0.18789393 0.0 0.0 0.0 0.014060252 0.0 0.0
0.08128535 0.14811036 0.0 0.0 0.0 0.0 0.034063425 0.038590703 0.0 0.0 0.0 0.0 0.012315011 0.0 0.0 0.0 0.016270239 0.014586186 0.0 0.026202407 0.0 0.018071901 0.0 0.0 0.0 0.009402301 0.017838228 0.0 0.0 0.0 0.0 0.0 0.0 0.044288993 0.0023952015 0.0 0.0 0.0 0.0 0.0038271383 0.0 0.054887574 0.052056376 0.0 0.12817168 0.037743777 0.026172377 0.0 0.0 0.0 0.0 0.0 0.014060253 0.0 0.0 0.18937863
0.05372368 0.0 0.0 0.0 0.0 0.0 0.07780065 0.06230455 0.031021336 0.04528359 0.03532241 0.0 0.021721443 0.0 0.0 0.027172362 0.0 0.09967759 0.0 0.036028553 0.0 0.0 0.0 0.031171324 0.0 0.026175821 0.0326509 0.01660939 0.06936847 0.0 0.0 0.0 0.0 0.0 0.001497628 0.12689482 0.06176002 0.0120491395 0.023412785 0.0 0.0 0.0 0.009772677 0.018614922 0.011260686 0.036266033 0.0 0.0 0.0 0.0 0.0 0.1464223 0.0 0.0 0.0 0.012508407
0.0 0.014435021 0.0 0.0 0.0 0.003583422 0.009750228 0.0712462 0.020457285 0.0 0.0 0.020500304 0.0 0.0 0.0 0.0 0.008132352 0.0 0.0 0.0 0.0 0.03426736 0.0 0.0 0.0 0.055294517 0.0 0.0 0.0 0.0 0.0 0.0 0.0 0.0 0.0 0.0 0.0 0.0 0.0 0.32789564 0.0 0.07290053 0.0 0.055366166 0.0 0.0 0.09661586 0.0 0.0 0.0 0.0 0.0 0.0 0.18937863 0.012508407 0.06191463
