0.056567598 0.012144832 0.0 0.0 0.019002253 0.0072837775 0.055735186 0.016543511 0.0 0.06334331 0.0 0.037714634 0.0 0.0 0.0 0.0 0.0 0.03538795 0.026705774 0.0 0.0 0.0 0.0 0.13248943 0.025073273 0.0 0.0 0.0 0.005915386 0.0 0.12717125 0.021861363 0.0 0.0 0.0 0.15709046 0.02641072 0.03448967 0.028816588 0.0 0.029332666 0.0 0.0 0.0 0.0 0.0 0.0040482557 0.020503692 0.110759094 0.0 0.0 0.03554904 0.022083506 0.0 0.0 0.0
0.012144832 0.08487523 0.0 0.0 0.023718871 0.03035381 0.006458135 0.011514441 0.015891457 0.0 0.0 0.0 0.048037887 0.0 0.04184696 0.0054005007 0.0 0.0 0.0 0.029121945 0.059222087 0.07061771 0.033816963 0.0 0.0 0.041299693 0.006753923 0.015141749 0.0 0.0036915017 0.0 0.0 0.026307264 0.0 0.044332933 0.0 0.0 0.0 0.04893756 0.014262429 0.0 0.039296243 0.01785745 0.08164217 0.0 0.0 0.0 0.005588399 0.0 0.016630637 0.0 0.014045043 0.003778578 0.0047831666 0.0023863453 0.015721815
0.0 0.0 0.0 0.005396043 0.0 0.0 0.0 0.0 0.0 0.0029641723 0.03220026 0.0024717834 0.0 0.0 0.0 0.06994029 0.07297049 0.0 0.0 0.013613469 0.0 0.077569515 0.049021613 0.028883874 0.0 0.0 0.08160666 0.017923415 0.0 0.04404696 0.0093951365 0.0035530915 0.0 0.0007187013 0.013382711 0.0 0.01747848 0.0 0.041788712 0.0 0.0 0.08249825 0.074134596 0.031716898 0.0 0.031832617 0.0 0.008110698 0.02403354 0.04104558 0.0 0.01075437 0.03843697 0.0 0.026248641 0.0
0.0 0.0 0.0053960434 0.113880835 0.0 0.0 0.0058977595 0.03795079 0.0302702 0.0 0.11322352 0.0 0.0 0.085318364 0.03715845 0.042547125 0.0 0.04826271 0.0 0.0 0.0 0.0 0.053794306 0.0099413935 0.0 0.00683733 0.090288825 0.0 0.0 0.046599574 0.0 0.029792156 0.0 0.0 0.0 0.0 0.02749316 0.116145976 0.014003094 0.053822894 0.0 0.0 0.0 0.0 0.0 0.0 0.016400065 0.014555307 0.0 0.0 0.012509665 0.012202837 0.0 0.0 0.003628932 0.0
0.019002255 0.023718871 0.0 0.0 0.0 0.03424604 0.0 0.0 0.0 0.013855861 0.0 0.0 0.10231827 0.08390526 0.0 0.020568606 0.02880303 0.0 0.0 0.0 0.0 0.09387694 0.0 0.0 0.0 0.020443944 0.0 0.0 0.0 0.0 0.0 0.0 0.0 0.020185394 0.052300908 0.0 0.0 0.0 0.0 0.022742426 0.041150287 0.0 0.020024408 0.122700304 0.0 0.0 0.0 0.0031902415 0.0 0.0021978198 0.0 0.0 0.10055684 0.02106916 0.07954493 0.14057358
0.0072837775 0.03035381 0.0 0.0 0.03424604 0.017110163 0.057065755 0.045082778 0.0 0.05061031 0.012521623 0.0 0.018462261 0.0038404958 0.025864806 0.014788181 0.0 0.0637135 0.049621474 0.010762692 0.0 0.0 0.0 0.0 0.0 0.0 0.02358462 0.03011973 0.0 0.0448876 0.0 0.0 0.0077838213 0.0 0.0 0.035589747 0.06911023 0.10562606 0.008555848 0.0 0.0 0.0115286345 0.0 0.0 0.0034821052 0.0 0.0 0.10963683 0.035977717 0.0 0.0 0.01694325 0.0 0.0 0.008958653 0.0
0.055735182 0.006458135 0.0 0.005897759 0.0 0.05706576 0.0016104791 0.0 0.0 0.0 0.032367975 0.10542652 0.03778979 0.0 0.0 0.04784291 0.0 0.0 0.0 0.019607536 0.0 0.0 0.012940543 0.022529693 0.07645904 0.0 0.037431225 0.0 0.0 0.0 0.0 0.0 0.08178644 0.0 0.0 0.0 0.0 0.023501426 0.03330759 0.0 0.0 0.030108841 0.0045264163 0.010509529 0.0 0.0029018498 0.0 0.0 0.09133341 0.048705842 0.034369495 0.0 0.0 0.02330355 0.02016346 0.0
0.01654351 0.011514441 0.0 0.037950795 0.0 0.045082778 0.0 0.11638005 0.0 0.01339044 0.0 0.007016695 0.0 0.016743587 0.044479903 0.017365228 0.0 0.089962244 0.0 0.017811103 0.0 0.0053491793 0.0 0.0669552 0.0 0.07368522 0.0 0.011182244 0.0 0.0 0.030394679 0.0 0.0126026105 0.0 0.0 0.04129138 0.0 0.014531055 0.02022832 0.079417564 0.0448658 0.0 0.0 0.0 0.04354664 0.0 0.014396347 0.015615439 0.034775566 0.0 0.0 0.046304483 0.0 0.024043353 0.0 0.0
0.0 0.015891457 0.0 0.030270202 0.0 0.0 0.0 0.0 0.0 0.0 0.13361381 0.0 0.07062595 0.0 0.0 0.023440816 0.011305387 0.0 0.0 0.026623262 0.0 0.099284634 0.017597461 0.0 0.0 0.0 0.021835985 0.006538858 0.0 0.037562508 0.0 0.0 0.043253444 0.0 0.19762413 0.0 0.0 0.0 0.0 0.011922729 0.0 0.007821937 0.013744421 0.050932787 0.0 0.01161576 0.0 0.0 0.0 0.023537168 0.0 0.0 0.0 0.0 0.040783167 0.027512627
0.06334331 0.0 0.0029641723 0.0 0.013855861 0.05061031 0.0 0.01339044 0.0 0.0 0.0 0.06769074 0.0 0.012760009 0.0 0.006706583 0.05349011 0.0 0.0 0.023906546 0.0 0.018661052 0.0 0.0 0.0 0.0 0.0 0.0 0.08642749 0.0 0.0 0.0 0.02689035 0.066580996 0.0 0.05247255 0.027455661 0.0 0.02795231 0.008513544 0.12111053 0.16593546 0.0 0.0 0.08333406 0.0 0.0 0.0 0.005572529 0.0 0.019734776 0.03853002 0.0 0.0 0.0 0.0
0.0 0.0 0.032200254 0.11322354 0.0 0.012521623 0.03236797 0.0 0.13361381 0.0 0.0 0.0 0.12380454 0.026651816 0.0 0.042102672 0.014340424 0.0 0.0 0.0 0.0 0.0 0.06857686 0.0 0.0 0.04243781 0.0 0.0042629377 0.0 0.0 0.0 0.0 0.0 0.017687226 0.0 0.018504439 0.0 0.025116388 0.0 0.12662882 0.017163442 0.0 0.039642714 0.009149611 0.0 0.0 0.013909181 0.019575246 0.0 0.0 0.02729458 0.0 0.06302686 0.051979207 0.007042512 0.0
0.037714634 0.0 0.0024717834 0.0 0.0 0.0 0.10542652 0.007016695 0.0 0.06769074 0.0 0.0 0.0 0.0 0.0 0.05655741 0.0 0.0 0.0 0.0 0.027867375 0.0 0.0 0.0 0.0 0.0 0.038277913 0.104923636 0.0 0.03529069 0.0 0.0 0.021168271 0.09794301 0.06504668 0.0 0.0 0.0 0.033216327 0.0 0.0 0.0 0.023804542 0.0 0.0 0.041959364 0.0 0.0 0.0 0.035582773 0.0 0.018249013 0.027510898 0.019493047 0.01626504 0.0
0.0 0.048037887 0.0 0.0 0.10231827 0.018462261 0.037789796 0.0 0.070625946 0.0 0.12380453 0.0 0.050089028 0.0 0.0 0.016163314 0.032343056 0.008286747 0.038429275 0.026188007 0.0 0.0 0.0 0.0023550373 0.07217092 0.029582836 0.0 0.0 0.0 0.028237414 0.0 0.11694901 0.0 0.0 0.0 0.046495266 0.0 0.01707468 0.0 0.0 0.0 0.0 0.04435641 0.0 0.0 0.035832953 0.08604593 0.0027116062 0.023980504 0.0 0.0 0.0 0.020755941 0.0 0.0 0.0
0.0 0.0 0.0 0.085318364 0.08390526 0.0038404958 0.0 0.016743587 0.0 0.012760009 0.026651816 0.0 0.0 0.0 0.006186732 0.0 0.0 0.010291369 0.0 0.08738619 0.014934454 0.10788021 0.015715944 0.0 0.0 0.00967094 0.0 0.0247245 0.0 0.0 0.03583946 0.021164015 0.11059251 0.0 0.03091247 0.0 0.0 0.0 0.0061682044 0.014800204 0.0 0.0 0.0 0.0 0.08958119 0.0 0.04495508 0.043253254 0.0 0.0 0.04650157 0.004682965 0.0 0.0 0.04167818 0.0
0.0 0.04184696 0.0 0.037158452 0.0 0.025864806 0.0 0.044479903 0.0 0.0 0.0 0.0 0.0 0.0061867316 0.032786153 0.011456461 0.0 0.0 0.0 0.008094571 0.0 0.0011270291 0.18177179 0.03603031 0.0 0.0 0.0 0.038078 0.0 0.020883534 0.048247788 0.024852907 0.014499315 0.015635869 0.0 0.042764068 0.0 0.0 0.040710095 0.0 0.032044355 0.0 0.024401823 0.0 0.0 0.0 0.0 0.027400924 0.0 0.0 0.16399556 0.059416387 0.0 0.0 0.018850943 0.0
0.0 0.0054005007 0.069940284 0.042547125 0.020568604 0.014788181 0.04784291 0.017365228 0.023440816 0.006706583 0.042102672 0.056557406 0.016163314 0.0 0.011456461 0.0 0.004289262 0.015949173 0.08968937 0.0 0.0057174284 0.0 0.0 0.015869156 0.0 0.007882505 0.0 0.0 0.006723521 0.052247908 0.0 0.0 0.0 0.034165874 0.0 0.03745861 0.0 0.044560876 0.021999495 0.10802335 0.023508467 0.048538342 0.0 0.0 0.0 0.0 0.10886063 0.0 0.0 0.0 0.0 0.019802764 0.0 0.0 0.0 0.04725677
0.0 0.0 0.07297048 0.0 0.028803032 0.0 0.0 0.0 0.011305388 0.053490113 0.014340422 0.0 0.032343056 0.0 0.0 0.004289262 0.041697938 0.0 0.0 0.079768784 0.009044553 0.061598815 0.0 0.0 0.037124187 0.0 0.017246488 0.0 0.0 0.0 0.0 0.011640922 0.12191522 0.0 0.0 0.0 0.0 0.0 0.08114055 0.0 0.0 0.0 0.0153791765 0.0 0.0 0.12769444 0.0 0.024051128 0.0 0.024021406 0.0 0.0 0.0 0.0 0.0252238 0.0
0.03538795 0.0 0.0 0.04826271 0.0 0.063713506 0.0 0.089962244 0.0 0.0 0.0 0.0 0.008286747 0.010291369 0.0 0.015949173 0.0 0.0 0.0 0.10123549 0.009800306 0.0 0.059370298 0.10733633 0.0 0.0 0.044964973 0.01712351 0.0 0.0 0.017089134 0.0 0.02832174 0.0 0.027031675 0.0 0.063212976 0.0 0.0 0.0 0.0 0.0 0.0 0.0 0.0 0.06427634 0.0 0.0 0.0 0.0 0.024891501 0.06747229 0.0 0.0 0.13942617 0.0
0.026705775 0.0 0.0 0.0 0.0 0.049621474 0.0 0.0 0.0 0.0 0.0 0.0 0.038429275 0.0 0.0 0.08968937 0.0 0.0 0.0 0.0 0.009534065 0.080358475 0.0111919595 0.0 0.006163666 0.0 0.0 0.0 0.0 0.020059198 0.0 0.0 0.11839947 0.027467048 0.0 0.0 0.091116555 0.022540139 0.053585026 0.0 0.0 0.0 0.0 0.022166917 0.0039018842 0.016378831 0.0079952795 0.0 0.0 0.022571323 0.026477706 0.006243064 0.036601834 0.0 0.0 0.0
0.0 0.029121947 0.01361347 0.0 0.0 0.010762692 0.019607536 0.017811103 0.026623262 0.023906546 0.0 0.0 0.026188005 0.08738619 0.008094571 0.0 0.07976878 0.10123549 0.0 0.0 0.0 0.0 0.018822227 0.0 0.069497265 0.0 0.0 0.0 0.0 0.08819685 0.0 0.0 0.0 0.007123179 0.0 0.0 0.041974783 0.0 0.022073919 0.0 0.040552594 0.0044200816 0.0 0.090564206 0.0 0.0 0.0 0.0 0.023355694 0.0 0.0237107 0.06458427 0.03382319 0.014348556 0.04237934 0.026532471
0.0 0.05922209 0.0 0.0 0.0 0.0 0.0 0.0 0.0 0.0 0.0 0.027867375 0.0 0.014934455 0.0 0.005717429 0.009044553 0.009800306 0.009534065 0.0 0.0 0.0 0.020709235 0.0 0.0 0.0 0.05766548 0.017051999 0.0 0.0 0.0 0.0 0.0 0.059894923 0.0 0.0 0.19744408 0.013094024 0.046349976 0.0 0.01872276 0.0 0.0 0.11487593 0.0027474002 0.011125274 0.0 0.0 0.0 0.099441625 0.0 0.0 0.0 0.04741262 0.059483156 0.0
0.0 0.07061771 0.077569515 0.0 0.093876936 0.0 0.0 0.0053491793 0.09928463 0.018661052 0.0 0.0 0.0 0.10788021 0.0011270291 0.0 0.061598815 0.0 0.080358475 0.0 0.0 0.0 0.0 0.002919978 0.0 0.0 0.0 0.039289527 0.0 0.0023746062 0.041075945 0.09318795 0.0 0.0 0.0 0.11343514 0.0 0.0 0.0 0.0 0.0 0.0013966727 0.021700105 0.0 0.0 0.0 0.0 0.0 0.0 0.0 0.0 0.033740252 0.0 0.0 0.0 0.0
0.0 0.033816967 0.049021613 0.053794302 0.0 0.0 0.012940543 0.0 0.017597461 0.0 0.068576865 0.0 0.0 0.015715944 0.18177179 0.0 0.0 0.059370305 0.0111919595 0.018822227 0.020709235 0.0 0.0 0.0 0.0 0.061039336 0.0 0.0 0.0 0.048800733 0.0 0.108691566 0.0 0.00640299 0.0 0.033444606 0.0 0.00027468315 0.0 0.0 0.023107525 0.018573996 0.0 0.0 0.0009420858 0.0 0.16396749 0.014327725 0.061568987 0.0 0.0 0.0 0.020227943 0.0 0.0 0.0
0.13248943 0.0 0.028883873 0.0099413935 0.0 0.0 0.022529693 0.066955194 0.0 0.0 0.0 0.0 0.0023550373 0.0 0.03603031 0.015869157 0.0 0.10733633 0.0 0.0 0.0 0.0029199778 0.0 0.06122103 0.0 0.15236549 0.0 0.0 0.0 0.0 0.0 0.0 0.0 0.0 0.014168102 0.041367397 0.025952876 0.0 0.0 0.06665677 0.029189082 0.0 0.0 0.0 0.04376222 0.0 0.03455673 0.0 0.0 0.0 0.0 0.05054183 0.0 0.0 0.0 0.0
0.025073273 0.0 0.0 0.0 0.0 0.0 0.07645904 0.0 0.0 0.0 0.0 0.0 0.07217092 0.0 0.0 0.0 0.037124183 0.0 0.006163666 0.069497265 0.0 0.0 0.0 0.0 0.0 0.0 0.04956339 0.16072296 0.0 0.0 0.0 0.0 0.0 0.013189704 0.080493204 0.0 0.009075686 0.0 0.001966149 0.0 0.0 0.0 0.13759325 0.0 0.0 0.021814892 0.0 0.0 0.0 0.067819975 0.0 0.0047134794 0.0 0.06316454 0.09262602 0.0
0.0 0.041299693 0.0 0.00683733 0.020443942 0.0 0.0 0.07368523 0.0 0.0 0.04243781 0.0 0.029582838 0.00967094 0.0 0.007882505 0.0 0.0 0.0 0.0 0.0 0.0 0.061039332 0.15236549 0.0 0.03569746 0.05631105 0.060601056 0.0 0.0 0.09908245 0.070499696 0.008612247 0.0 0.0 0.0 0.0 0.0 0.0 0.005790089 0.0 0.0 0.0 0.0 0.025565382 0.0 0.0 0.016033597 0.0 0.0 0.08693622 0.05778858 0.0 0.0 0.011859238 0.0
0.0 0.006753923 0.08160666 0.090288825 0.0 0.02358462 0.037431225 0.0 0.021835985 0.0 0.0 0.038277917 0.0 0.0 0.0 0.0 0.017246487 0.04496497 0.0 0.0 0.05766548 0.0 0.0 0.0 0.04956339 0.05631105 0.0 0.0 0.0 0.14319326 0.0 0.04881981 0.0 0.0 0.0 0.007905862 0.0 0.009849035 0.0 0.0 0.0 0.0 0.0 0.0 0.0 0.0 0.05442284 0.11030166 0.027843734 0.003343791 0.0 0.0 0.029163849 0.0 0.0 0.0
0.0 0.015141749 0.017923415 0.0 0.0 0.03011973 0.0 0.011182244 0.006538858 0.0 0.0042629377 0.104923636 0.0 0.0247245 0.038078 0.0 0.0 0.01712351 0.0 0.0 0.017051999 0.039289523 0.0 0.0 0.16072296 0.060601056 0.0 0.0 0.08108298 0.058404103 0.01583119 0.034532785 0.0 0.0 0.0 0.044541523 0.0 0.0 0.0 0.050606135 0.0 0.010214185 0.008785114 0.0 0.043431886 0.0 0.08617281 0.0 0.02060104 0.012787874 0.0 0.0 0.0 0.0 0.0 0.061631087
0.0059153866 0.0 0.0 0.0 0.0 0.0 0.0 0.0 0.0 0.08642749 0.0 0.0 0.0 0.0 0.0 0.0067235213 0.0 0.0 0.0 0.0 0.0 0.0 0.0 0.0 0.0 0.0 0.0 0.08108297 0.079626635 0.0 0.13208419 0.0 0.0 0.0 0.011934078 0.0 0.0 0.0 0.018682139 0.0 0.004952285 0.0 0.0 0.0 0.09317257 0.0 0.0 0.0 0.0 0.08332623 0.0 0.0 0.0 0.2171358 0.0 0.0
0.0 0.0036915017 0.04404696 0.046599574 0.0 0.044887595 0.0 0.0 0.037562508 0.0 0.0 0.03529069 0.028237412 0.0 0.020883534 0.052247908 0.0 0.0 0.020059198 0.08819686 0.0 0.0023746064 0.048800733 0.0 0.0 0.0 0.14319326 0.058404103 0.0 0.0 0.013444761 0.0 0.0 0.0 0.0 0.0 0.043222085 0.0 0.041053183 0.0 0.013913902 0.0 0.037547193 0.023532841 0.0 0.04113141 0.0 0.0 0.0069724065 0.011177986 0.07196996 0.016674856 0.009907164 0.008297443 0.064581454 0.0
0.12717125 0.0 0.009395137 0.0 0.0 0.0 0.0 0.030394677 0.0 0.0 0.0 0.0 0.0 0.03583946 0.048247784 0.0 0.0 0.017089134 0.0 0.0 0.0 0.041075945 0.0 0.0 0.0 0.09908245 0.0 0.015831187 0.13208419 0.013444761 0.0 0.0 0.0 0.010140321 0.0 0.0 0.09516615 0.0 0.0 0.0 0.07554136 0.01392055 0.0 0.07686564 0.0 0.0 0.0 0.0 0.0 0.0 0.0 0.0 0.0 0.0048524775 0.0 0.16493818
0.021861363 0.0 0.0035530915 0.029792154 0.0 0.0 0.0 0.0 0.0 0.0 0.0 0.0 0.116949014 0.021164015 0.024852907 0.0 0.011640922 0.0 0.0 0.0 0.0 0.09318796 0.108691566 0.0 0.0 0.0704997 0.04881981 0.03453278 0.0 0.0 0.0 0.0 0.030439392 0.0 0.07043869 0.0 0.03108642 0.0 0.0 0.014696046 0.0 0.0 0.027020609 0.05273024 0.0 0.009698765 0.0 0.0032102768 0.0 0.03594775 0.0073093823 0.0 0.00079258275 0.018851304 0.04817688 0.0
0.0 0.026307262 0.0 0.0 0.0 0.0077838213 0.08178644 0.01260261 0.043253444 0.02689035 0.0 0.021168271 0.0 0.1105925 0.014499316 0.0 0.121915214 0.028321741 0.11839946 0.0 0.0 0.0 0.0 0.0 0.0 0.008612247 0.0 0.0 0.0 0.0 0.0 0.030439392 0.0 0.03698022 0.0 0.0 0.0 0.0 0.061441742 0.007813585 0.06654183 0.014204295 0.042682387 0.029080268 0.0 0.014070045 0.029957255 0.0 0.05334851 0.03191867 0.0 0.011343212 0.046758156 0.050020505 0.0 0.040422477
0.0 0.0 0.0007187013 0.0 0.020185394 0.0 0.0 0.0 0.0 0.066580996 0.017687224 0.09794301 0.0 0.0 0.015635869 0.034165874 0.0 0.0 0.02746705 0.0071231793 0.059894923 0.0 0.00640299 0.0 0.013189703 0.0 0.0 0.0 0.0 0.0 0.010140321 0.0 0.036980223 0.0 0.0039910786 0.018732786 0.0 0.088582404 0.05682276 0.0 0.0 0.022377722 0.0 0.0 0.029050933 0.14803897 0.0 0.03575212 0.05160085 0.0 0.015964316 0.0 0.0 0.0 0.018130751 0.0
0.0 0.04433293 0.0133827105 0.0 0.05230091 0.0 0.0 0.0 0.19762413 0.0 0.0 0.06504668 0.0 0.03091247 0.0 0.0 0.0 0.027031675 0.0 0.0 0.0 0.0 0.0 0.014168102 0.08049321 0.0 0.0 0.0 0.011934078 0.0 0.0 0.0704387 0.0 0.0039910786 0.0 0.09113282 0.0 0.0515949 0.026921034 0.03878751 0.0 0.09544863 0.0046712356 0.0 0.0 0.024861436 0.049713835 0.022202438 0.06668707 0.0 0.0149685 0.0032281238 0.03883386 0.0 0.0068613878 0.0
0.15709046 0.0 0.0 0.0 0.0 0.035589747 0.0 0.041291382 0.0 0.05247255 0.018504439 0.0 0.046495266 0.0 0.042764068 0.037458606 0.0 0.0 0.0 0.0 0.0 0.11343514 0.033444606 0.041367393 0.0 0.0 0.007905862 0.044541523 0.0 0.0 0.0 0.0 0.0 0.018732786 0.09113282 0.0 0.020165343 0.0 0.0 0.0 0.0 0.0 0.0 0.0 0.060015786 0.0 0.0 0.03625012 0.0 0.0 0.012124767 0.027057368 0.0 0.0 0.028166857 0.0
0.02641072 0.0 0.01747848 0.02749316 0.0 0.06911023 0.0 0.0 0.0 0.02745566 0.0 0.0 0.0 0.0 0.0 0.0 0.0 0.063212976 0.09111656 0.041974783 0.19744408 0.0 0.0 0.025952874 0.009075686 0.0 0.0 0.0 0.0 0.04322209 0.095166154 0.03108642 0.0 0.0 0.0 0.020165343 0.0 0.0 0.07058955 0.0 0.0 0.024393812 0.0 0.0 0.0 0.0 0.0 0.0 0.09445049 0.0 0.013720758 0.038403004 0.030623065 0.0 0.002932287 0.0
0.034489673 0.0 0.0 0.11614597 0.0 0.10562607 0.023501426 0.014531055 0.0 0.0 0.025116388 0.0 0.01707468 0.0 0.0 0.04456088 0.0 0.0 0.022540137 0.0 0.013094023 0.0 0.00027468315 0.0 0.0 0.0 0.009849035 0.0 0.0 0.0 0.0 0.0 0.0 0.088582404 0.051594906 0.0 0.0 0.0 0.0 0.0 0.0 0.0 0.0 0.0 0.0 0.007501662 0.091674626 0.00925956 0.0 0.0019076028 0.0 0.0 0.1321281 0.0 0.044135265 0.060685635
0.028816588 0.04893756 0.041788712 0.014003095 0.0 0.008555848 0.033307593 0.02022832 0.0 0.02795231 0.0 0.033216324 0.0 0.0061682044 0.04071009 0.021999495 0.08114055 0.0 0.05358503 0.022073917 0.046349972 0.0 0.0 0.0 0.001966149 0.0 0.0 0.0 0.01868214 0.041053183 0.0 0.0 0.06144174 0.05682276 0.026921032 0.0 0.07058955 0.0 0.039247088 0.0063430304 0.008187684 0.0 0.014150169 0.0 0.009030216 0.055659138 0.0033853434 0.01262665 0.0 0.06489216 0.0 0.003301128 0.028998077 0.025344204 0.0 0.037676774
0.0 0.0142624285 0.0 0.053822897 0.022742426 0.0 0.0 0.079417564 0.011922729 0.008513544 0.12662882 0.0 0.0 0.014800204 0.0 0.10802335 0.0 0.0 0.0 0.0 0.0 0.0 0.0 0.066656776 0.0 0.0057900883 0.0 0.050606135 0.0 0.0 0.0 0.014696046 0.007813585 0.0 0.03878751 0.0 0.0 0.0 0.0063430304 0.0 0.0 0.0 0.0 0.0 0.061572414 0.0 0.0 0.08640071 0.0 0.0 0.18290727 0.0 0.0 0.0 0.0080800755 0.0
0.029332666 0.0 0.0 0.0 0.041150287 0.0 0.0 0.0448658 0.0 0.12111052 0.017163442 0.0 0.0 0.0 0.032044355 0.023508467 0.0 0.0 0.0 0.040552594 0.01872276 0.0 0.023107527 0.02918908 0.0 0.0 0.0 0.0 0.0049522854 0.0139139015 0.07554136 0.0 0.06654182 0.0 0.0 0.0 0.0 0.0 0.008187684 0.0 0.0 0.0 0.0 0.0 0.23238063 0.0 0.0 0.05202865 0.0 0.0178774 0.0 0.020571444 0.0 0.0 0.04422228 0.0
0.0 0.039296247 0.08249825 0.0 0.0 0.011528635 0.030108841 0.0 0.007821938 0.16593546 0.0 0.0 0.0 0.0 0.0 0.048538346 0.0 0.0 0.0 0.0044200816 0.0 0.0013966728 0.018573994 0.0 0.0 0.0 0.0 0.010214184 0.0 0.0 0.01392055 0.0 0.014204294 0.022377722 0.09544863 0.0 0.024393814 0.0 0.0 0.0 0.0 0.061584488 0.0 0.0018737336 0.06027131 0.057166502 0.0 0.0 0.0 0.027575148 0.0 0.0 0.0 0.025632301 0.0 0.0
0.0 0.01785745 0.074134596 0.0 0.020024408 0.0 0.004526417 0.0 0.013744421 0.0 0.039642714 0.023804542 0.04435641 0.0 0.024401823 0.0 0.0153791765 0.0 0.0 0.0 0.0 0.021700103 0.0 0.0 0.13759325 0.0 0.0 0.008785114 0.0 0.037547193 0.0 0.027020607 0.042682387 0.0 0.004671236 0.0 0.0 0.0 0.014150169 0.0 0.0 0.0 0.0 0.2284975 0.0 0.0016925717 0.015821341 0.0 0.021726953 0.015620459 0.0 0.0 0.11264229 0.0 0.007853164 0.0
0.0 0.08164217 0.031716894 0.0 0.122700304 0.0 0.010509528 0.0 0.050932784 0.0 0.009149611 0.0 0.0 0.0 0.0 0.0 0.0 0.0 0.022166915 0.0905642 0.11487593 0.0 0.0 0.0 0.0 0.0 0.0 0.0 0.0 0.023532841 0.07686564 0.052730236 0.029080266 0.0 0.0 0.0 0.0 0.0 0.0 0.0 0.0 0.0018737336 0.22849749 0.0 0.0 0.021007933 0.0 0.0 0.0 0.0 0.0 0.0 0.0 0.049749695 0.0057396987 0.0
0.0 0.0 0.0 0.0 0.0 0.003482105 0.0 0.043546636 0.0 0.08333406 0.0 0.0 0.0 0.08958119 0.0 0.0 0.0 0.0 0.003901884 0.0 0.0027474002 0.0 0.0009420858 0.04376222 0.0 0.025565382 0.0 0.043431886 0.09317258 0.0 0.0 0.0 0.0 0.029050933 0.0 0.06001579 0.0 0.0 0.009030215 0.061572414 0.23238061 0.060271315 0.0 0.0 0.0 0.0 0.0 0.0 0.014314898 0.006401832 0.03937012 0.12921411 0.0 0.051205024 0.0 0.0
0.0 0.0 0.031832617 0.0 0.0 0.0 0.0029018496 0.0 0.01161576 0.0 0.0 0.04195936 0.035832953 0.0 0.0 0.0 0.12769444 0.06427634 0.016378831 0.0 0.011125275 0.0 0.0 0.0 0.021814892 0.0 0.0 0.0 0.0 0.041131407 0.0 0.009698765 0.014070044 0.14803895 0.024861438 0.0 0.0 0.007501662 0.055659134 0.0 0.0 0.057166502 0.0016925717 0.021007933 0.0 0.0 0.015978944 0.0 0.0 0.0 0.0 0.0 0.13638173 0.016014624 0.0 0.0
0.004048256 0.0 0.0 0.016400065 0.0 0.0 0.0 0.014396348 0.0 0.0 0.013909181 0.0 0.08604593 0.04495508 0.0 0.10886063 0.0 0.0 0.0079952795 0.0 0.0 0.0 0.16396749 0.03455673 0.0 0.0 0.05442284 0.08617281 0.0 0.0 0.0 0.0 0.029957253 0.0 0.049713835 0.0 0.0 0.091674626 0.0033853431 0.0 0.0 0.0 0.015821343 0.0 0.0 0.015978944 0.0 0.0 0.0 0.013962838 0.08983244 0.05100995 0.0 0.0 0.06335007 0.0
0.020503692 0.0055883992 0.008110698 0.014555306 0.0031902415 0.10963683 0.0 0.015615439 0.0 0.0 0.019575244 0.0 0.002711606 0.043253254 0.027400924 0.0 0.02405113 0.0 0.0 0.0 0.0 0.0 0.014327725 0.0 0.0 0.016033597 0.11030166 0.0 0.0 0.0 0.0 0.003210277 0.0 0.03575212 0.022202438 0.03625012 0.0 0.00925956 0.012626651 0.08640071 0.052028652 0.0 0.0 0.0 0.0 0.0 0.0 0.0 0.0 0.0061297133 0.050245825 0.04959598 0.0 0.0 0.05161821 0.0
0.11075909 0.0 0.02403354 0.0 0.0 0.035977717 0.091333404 0.034775566 0.0 0.0055725286 0.0 0.0 0.023980504 0.0 0.0 0.0 0.0 0.0 0.0 0.023355694 0.0 0.0 0.061568987 0.0 0.0 0.0 0.027843734 0.02060104 0.0 0.0069724065 0.0 0.0 0.053348515 0.05160085 0.06668706 0.0 0.09445049 0.0 0.0 0.0 0.0 0.0 0.021726953 0.0 0.014314897 0.0 0.0 0.0 0.050274238 0.04564253 0.0 0.026700765 0.0 0.0 0.047295604 0.052943856
0.0 0.016630635 0.04104558 0.0 0.00219782 0.0 0.048705842 0.0 0.023537168 0.0 0.0 0.035582773 0.0 0.0 0.0 0.0 0.024021406 0.0 0.022571325 0.0 0.099441625 0.0 0.0 0.0 0.06781998 0.0 0.0033437912 0.012787875 0.083326235 0.011177986 0.0 0.03594775 0.03191867 0.0 0.0 0.0 0.0 0.0019076029 0.06489216 0.0 0.0178774 0.027575148 0.015620459 0.0 0.0064018327 0.0 0.013962839 0.0061297133 0.045642532 0.06843247 0.0 0.026009917 0.026959 0.07493013 0.0 0.0
0.0 0.0 0.0 0.012509665 0.0 0.0 0.0343695 0.0 0.0 0.019734776 0.02729458 0.0 0.0 0.04650157 0.16399558 0.0 0.0 0.024891501 0.026477706 0.0237107 0.0 0.0 0.0 0.0 0.0 0.08693623 0.0 0.0 0.0 0.07196996 0.0 0.007309382 0.0 0.015964316 0.0149685005 0.012124767 0.013720758 0.0 0.0 0.18290725 0.0 0.0 0.0 0.0 0.039370116 0.0 0.08983244 0.050245825 0.0 0.0 0.0 0.0 0.0 0.0 0.0 0.12641013
0.03554904 0.014045043 0.010754371 0.0122028375 0.0 0.01694325 0.0 0.046304483 0.0 0.03853002 0.0 0.018249013 0.0 0.0046829656 0.05941639 0.019802762 0.0 0.06747229 0.0062430636 0.06458427 0.0 0.033740256 0.0 0.05054183 0.0047134794 0.057788584 0.0 0.0 0.0 0.016674856 0.0 0.0 0.011343212 0.0 0.0032281238 0.027057368 0.038403004 0.0 0.003301128 0.0 0.020571444 0.0 0.0 0.0 0.12921411 0.0 0.05100995 0.04959598 0.026700765 0.026009917 0.0 0.046664264 0.0 0.0 0.0 0.0
0.022083506 0.0037785782 0.03843697 0.0 0.10055684 0.0 0.0 0.0 0.0 0.0 0.06302686 0.027510898 0.020755941 0.0 0.0 0.0 0.0 0.0 0.036601834 0.033823192 0.0 0.0 0.020227943 0.0 0.0 0.0 0.029163849 0.0 0.0 0.009907164 0.0 0.00079258275 0.046758156 0.0 0.03883386 0.0 0.030623065 0.13212812 0.028998079 0.0 0.0 0.0 0.112642296 0.0 0.0 0.13638172 0.0 0.0 0.0 0.026959 0.0 0.0 0.06837032 0.0 0.010733412 0.0
0.0 0.0047831666 0.0 0.0 0.02106916 0.0 0.023303552 0.024043353 0.0 0.0 0.05197921 0.019493047 0.0 0.0 0.0 0.0 0.0 0.0 0.0 0.014348556 0.04741262 0.0 0.0 0.0 0.06316454 0.0 0.0 0.0 0.21713582 0.008297442 0.0048524775 0.018851304 0.050020505 0.0 0.0 0.0 0.0 0.0 0.025344204 0.0 0.0 0.025632301 0.0 0.04974969 0.051205024 0.016014624 0.0 0.0 0.0 0.07493013 0.0 0.0 0.0 0.05095751 0.022179283 0.014203198
0.0 0.0023863455 0.02624864 0.003628932 0.07954493 0.008958652 0.02016346 0.0 0.040783167 0.0 0.007042512 0.016265038 0.0 0.04167818 0.018850943 0.0 0.025223799 0.13942617 0.0 0.04237934 0.05948316 0.0 0.0 0.0 0.09262602 0.011859238 0.0 0.0 0.0 0.064581454 0.0 0.04817688 0.0 0.018130751 0.0068613873 0.028166855 0.002932287 0.044135265 0.0 0.0080800755 0.04422228 0.0 0.007853164 0.0057396987 0.0 0.0 0.06335006 0.051618215 0.047295604 0.0 0.0 0.0 0.010733411 0.022179285 0.008072255 0.017102802
0.0 0.015721815 0.0 0.0 0.14057358 0.0 0.0 0.0 0.027512625 0.0 0.0 0.0 0.0 0.0 0.0 0.04725677 0.0 0.0 0.0 0.026532471 0.0 0.0 0.0 0.0 0.0 0.0 0.0 0.061631083 0.0 0.0 0.16493817 0.0 0.040422473 0.0 0.0 0.0 0.0 0.060685635 0.037676778 0.0 0.0 0.0 0.0 0.0 0.0 0.0 0.0 0.0 0.052943856 0.0 0.12641013 0.0 0.0 0.014203199 0.017102804 0.0
