0.0 0.0 0.012229762 0.0 0.014743299 0.028997887 0.029332196 0.028196028 0.022203404 0.0 0.0328997 0.0 0.020243514 0.07906925 0.0 0.0 0.03556379 0.15217693 0.0036649304 0.0 0.10275589 0.0 0.0 0.0 0.0694048 0.038763482 0.0 0.0 0.0 0.016927889 0.015033208 0.0 0.0 0.071447544 0.008170517 0.0 0.0062030894 0.004389774 0.0 0.0 0.09516253 0.0 0.0 0.0 0.0 0.09352656 0.0 0.0 0.0 0.024514848 0.04215483 0.0 0.041294966 0.0 0.0 0.04157354
0.0 0.0 0.0 0.0 0.0 0.0 0.0 0.0 0.0077583096 0.0 0.0 0.0 0.07928486 0.008678742 0.12485361 0.07412144 0.0 0.0 0.011863014 0.0 0.0 0.0075405613 0.0 0.0 0.0 0.034119833 0.0 0.0 0.0 0.0048372624 0.0 0.061540943 0.0 0.0 0.0 0.0 0.008091069 0.022699963 0.029942397 0.16962819 0.0 0.05828454 0.0 0.032992963 0.0 0.0 0.0 0.0 0.0 0.0 0.009791763 0.0 0.012847961 0.0 0.08595197 0.04988162
0.012229762 0.0 0.0 0.0 0.0 0.0 0.0 0.0033523517 0.12072617 0.0 0.0 0.0 0.06340118 0.052964494 0.0 0.015400194 0.0 0.0 0.0 0.0 0.0 0.0 0.0048371362 0.008251468 0.0 0.0 0.0 0.0 0.0 0.0 0.0 0.10911283 0.0 0.0 0.0018774053 0.13762428 0.087557994 0.0 0.0 0.017254364 0.0 0.016500121 0.0 0.04556963 0.0 0.0 0.0 0.0 0.0 0.0 0.0 0.094567694 0.0 0.0 0.0 0.015862236
0.0 0.0 0.0 0.02930009 0.0 0.014229409 0.0 0.0 0.0 0.0 0.0 0.11064467 0.07067016 0.0 0.017499417 0.062049866 0.0 0.0 0.022604506 0.014429297 0.0 0.04779127 0.02421737 0.01161002 0.0012895138 0.050711587 0.05242593 0.0 0.0 0.0 0.0 0.0 0.0 0.02811991 0.0 0.013323931 0.0 0.008301183 0.02515858 0.043288596 0.0 0.035042837 0.0 0.024182195 0.0 0.0 0.0 0.0 0.0 0.028133528 0.013608579 0.0 0.020073052 0.13113834 0.04438362 0.0
0.014743299 0.0 0.0 0.0 0.0 0.0 0.0 0.0 0.0 0.066377506 0.0009869746 0.0 0.0 0.0 0.156366 0.09365199 0.0 0.0 0.013821861 0.11102938 0.0 0.0017685861 0.0 0.060799677 0.0 0.0 0.026260622 0.009436661 0.0 0.06807303 0.0002846418 0.017271485 0.027297152 0.0 0.0 0.04497882 0.019379785 0.020444535 0.0 0.0 0.0 0.11380046 0.0 1.1634368e-06 0.02214688 0.0 0.0 0.0 0.0 0.0 0.0 0.003854637 0.0 0.010196716 0.0 0.0
0.028997889 0.0 0.0 0.01422941 0.0 0.0 0.0 0.0043033473 0.0 0.016893154 0.0 0.0 0.0 0.003901669 0.0 0.077245146 0.0 0.0 0.013989084 0.0 0.0 0.0 0.11297532 0.048946183 0.0 0.0 0.07819299 0.09850695 0.0 0.0 0.10327401 0.0101968115 0.042794783 0.0 0.058220237 0.0 0.029609375 0.0 0.0 0.009728372 0.0 0.0 0.0 0.0 0.0 0.0 0.0 0.022050086 0.0 0.005539833 0.11298935 0.021442983 0.0 0.10285323 0.061675146 0.0
0.029332196 0.0 0.0 0.0 0.0 0.0 0.0 0.029684966 0.0 0.114067264 0.13498478 0.0 0.0 0.0 0.0 0.057350405 0.010383807 0.011101114 0.0 0.0 0.0 0.0 0.0041107424 0.02093074 0.0 0.0 0.0 0.0 0.0 0.0 0.06881996 0.0 0.124144144 0.008081647 0.019896885 0.008335913 0.05697736 0.021496106 0.0026447535 0.0 0.0 0.0 0.0 0.0 0.00430056 0.017474491 0.066971354 0.0 0.0 0.0 0.0 0.0 0.0 0.0 0.003617705 0.0
0.028196028 0.0 0.003352352 0.0 0.0 0.004303347 0.029684965 0.0 0.0 0.0 0.0 0.0 0.0 0.03221246 0.024068328 0.0 0.016095512 0.0078705475 0.0 0.0 0.0 0.0 0.0 0.0 0.0 0.090256006 0.0 0.06968329 0.21184336 0.0 0.0 0.0 0.0 0.059638772 0.0 0.0 0.012589489 0.0 0.0 0.07361755 0.08653886 0.0 0.041009597 0.0 0.007896524 0.04916715 0.0 0.0 0.0 0.0 0.0 0.014687418 0.0 0.0 0.0 0.14506465
0.022203404 0.0077583096 0.12072617 0.0 0.0 0.0 0.0 0.0 0.0 0.0 0.013416242 0.0 0.008675415 0.0 0.082870886 0.0 0.0 0.0 0.022695238 0.037775915 0.0021516676 0.013494345 0.0 0.018676156 0.020242332 0.0 0.013547331 0.0 0.0 0.025941623 0.0 0.04223603 0.0 0.0 0.0 0.12742627 0.0 0.0 0.07986981 0.011799516 0.0 0.09430638 0.009510104 0.0 0.005802204 0.0 0.0 0.0 0.0 0.04618819 0.0 0.028990798 0.0044125537 0.04479722 0.0 0.046796616
0.0 0.0 0.0 0.0 0.066377506 0.016893152 0.11406727 0.0 0.0 0.0 0.019013105 0.0 0.0 0.017455002 0.0 0.0 0.08667218 0.0926557 0.007607696 0.0 0.16023202 0.0 0.0 0.0 0.018793331 0.0 0.0 0.0 0.07692826 0.0 0.0 0.0050178017 0.0030747978 0.0 0.0 0.0005608397 0.016931787 0.012605678 0.0 0.0 0.095924936 0.0 0.0 0.0 0.0 0.0921774 0.009161519 0.0 0.00852076 0.09050811 0.0 0.0 0.11907554 0.0 0.0 0.0
0.0328997 0.0 0.0 0.0 0.0009869746 0.0 0.13498478 0.0 0.013416241 0.019013103 0.0 0.029963484 0.0 0.0042463117 0.02449727 0.009029275 0.02178908 0.0 0.016933482 0.031641643 0.0 0.011952452 0.0 0.017343977 0.0 0.048264414 0.0 0.017645102 0.17649278 0.0 0.0 0.0 0.0 0.0 0.0 0.01210278 0.0 0.0947874 0.0 0.014543382 0.0 0.08923024 0.0 0.052715246 0.0 0.0 0.009731955 0.00401975 0.0 0.016995233 0.0 0.0 0.0061911247 0.03968167 0.0 0.089592196
0.0 0.0 0.0 0.11064467 0.0 0.0 0.0 0.0 0.0 0.0 0.029963486 0.0 0.010512349 0.04673196 0.0 0.0 0.0 0.0 0.10105373 0.0 0.0 0.0 0.09122913 0.0 0.0 0.0 0.015899453 0.047216397 0.0 0.0 0.096704386 0.09150311 0.0 0.0 0.0 0.0 0.0077494187 0.0 0.0 0.011311318 0.0 0.012939499 0.038945388 0.009637204 0.0 0.0 0.0 0.009380404 0.0 0.0 0.068363585 0.009243303 0.0 0.05795803 0.0 0.0
0.020243516 0.07928486 0.06340117 0.07067015 0.0 0.0 0.0 0.0 0.008675415 0.0 0.0 0.010512349 0.20228529 0.027957743 0.0 0.011063117 0.0 0.0 0.0009616642 0.011693254 0.028386852 0.0041997884 0.0016712286 0.0 0.0 0.012624372 0.0 0.0 0.0 0.105985604 0.0 0.026290907 0.0 0.0 0.0 0.00081939757 0.0 0.020336024 0.012898999 0.024691606 0.0 0.0 0.144343 0.0 0.002075915 0.0153248375 0.089551434 0.0 0.03687415 0.013429854 0.0 0.0 0.040334728 0.0 0.0 0.0
0.07906925 0.008678742 0.052964494 0.0 0.0 0.0039016688 0.0 0.032212455 0.0 0.017455002 0.004246312 0.04673196 0.027957743 0.039157894 0.011336458 0.0 0.01984176 0.0 0.0 0.0 0.0026802078 0.0 0.0 0.062234886 0.0 0.07302729 0.0 0.022966286 0.016122196 0.0 0.0 0.0 0.0 0.029858854 0.01373064 0.0 0.0 0.0 0.024323497 0.123937815 0.008415023 0.0 0.07488018 0.0 0.0080594765 0.0 0.0 0.0 0.006750489 0.0 0.0 0.0 0.0 0.0 0.075080395 0.13989589
0.0 0.12485361 0.0 0.017499415 0.156366 0.0 0.0 0.024068328 0.08287088 0.0 0.02449727 0.0 0.0 0.011336459 0.015572059 0.007539017 0.0 0.0 0.099819615 0.0 0.0 0.0 0.0 0.054792937 0.0 0.0 0.0 0.02542156 0.0 0.0 0.0 0.03610082 0.030838681 0.0 0.030933047 0.006943002 0.0 0.026627444 0.0 0.0022778779 0.008588414 0.0 0.0025407309 0.0 0.0 0.028219178 0.006647702 0.0 0.0 0.0 0.063850366 0.0615973 0.0 0.0 0.05323095 0.0
0.0 0.074121445 0.015400195 0.062049866 0.093651995 0.077245146 0.057350405 0.0 0.0 0.0 0.009029276 0.0 0.011063117 0.0 0.007539018 0.0 0.025097122 0.07517857 0.023993438 0.024523856 0.015328576 0.0 0.0 0.0 0.006957162 0.0 0.03297106 0.0 0.0 0.017642831 0.0063743303 0.0 0.0 0.0 0.0 0.0 0.0 0.10626367 0.0077747796 0.0 0.031600527 0.0029205706 0.11738612 0.0 0.0 0.0 0.014527206 0.017038206 0.0 0.0 0.06977098 0.0 0.034502223 0.0 0.003136782 0.0
0.03556379 0.0 0.0 0.0 0.0 0.0 0.010383808 0.016095513 0.0 0.08667217 0.02178908 0.0 0.0 0.019841759 0.0 0.025097122 0.0 0.0 0.0 0.0 0.0 0.0 0.109276906 0.047601677 0.0 0.0 0.086190864 0.08875531 0.0 0.0 0.0 0.0 0.0 0.0 0.0530491 0.0 0.07174669 0.0 0.0 0.0 0.0 0.02380293 0.0 0.030680817 0.0 0.0 0.0 0.028173668 0.0 0.0 0.0053993906 0.17692755 0.0 0.0 0.0 0.0016177357
0.15217693 0.0 0.0 0.0 0.0 0.0 0.011101114 0.0078705475 0.0 0.092655696 0.0 0.0 0.0 0.0 0.0 0.07517857 0.0 0.0 0.008991 0.012098302 0.0 0.0 0.0035374549 0.0 0.0 0.0 0.010363903 0.062027108 0.0 0.0 0.023562912 0.0 0.015072839 0.0 0.059732735 0.004694106 0.052720886 0.0 0.016727233 0.0 0.0 0.05419076 0.0 0.027681066 0.051481348 0.0089181755 0.0 0.0 0.0 0.041503765 0.0 0.009634716 0.0 0.0 0.014205718 0.0
0.0036649306 0.011863013 0.0 0.022604508 0.013821861 0.0139890835 0.0 0.0 0.022695236 0.007607696 0.016933482 0.10105374 0.0009616642 0.0 0.099819615 0.023993438 0.0 0.008991 0.12234434 0.021315197 0.0 0.0 0.0 0.039638586 0.02815054 0.0 0.006287583 0.0 0.0 0.0 0.040585823 0.0 0.054827936 0.0 0.007942845 0.023409668 0.05740316 0.08291008 0.00061407266 0.0 0.0 0.0 0.022888487 0.016208563 0.07513347 0.0 0.0 0.0 0.01902309 0.0 0.0 0.0 0.035530165 0.0 0.013865438 0.0
0.0 0.0 0.0 0.014429298 0.11102938 0.0 0.0 0.0 0.03777591 0.0 0.031641643 0.0 0.011693254 0.0 0.0 0.024523858 0.0 0.012098303 0.021315197 0.0 0.052205145 0.04224032 0.024010023 0.0 0.039777763 0.04476208 0.0 0.0 0.0 0.026099421 0.08642292 0.0 0.006749898 0.0 0.0 0.018502595 0.0 0.12689374 0.060784068 0.0 0.0 0.0 0.0 0.054449815 0.0 0.007825033 0.0 0.018951979 0.0 0.0 0.050627027 0.0 0.00036081034 0.03202988 0.0035754265 0.0
0.1027559 0.0 0.0 0.0 0.0 0.0 0.0 0.0 0.0021516676 0.16023201 0.0 0.0 0.028386852 0.0026802078 0.0 0.015328575 0.0 0.0 0.0 0.05220515 0.0 0.0 0.029244905 0.029904217 0.0 0.0 0.008976847 0.02497738 0.0 0.0 0.0 0.0 0.0 0.0 0.11566565 0.014218097 0.15025415 0.020042624 0.0 0.0 0.0 0.0 0.016216226 0.0 0.10176536 0.0 0.0 0.0 0.0 0.0 0.014260124 0.018801864 0.0 0.06858105 0.0 0.0
0.0 0.0075405613 0.0 0.047791272 0.001768586 0.0 0.0 0.0 0.013494346 0.0 0.011952452 0.0 0.0041997884 0.0 0.0 0.0 0.0 0.0 0.0 0.04224032 0.0 0.10498634 0.17837575 0.0 0.009068365 0.0 0.08168724 0.0 0.0 0.05850153 0.06992082 0.012879171 0.087304376 0.0 0.020397892 0.037044596 0.0 0.0 0.033313833 0.0 0.0 0.0 0.0 0.039490916 0.0 0.0 0.0 0.013033376 0.005783891 0.006351431 0.025076991 0.0 0.0051881378 0.0 0.0 0.0
0.0 0.0 0.0048371362 0.02421737 0.0 0.11297532 0.0041107424 0.0 0.0 0.0 0.0 0.09122913 0.0016712287 0.0 0.0 0.0 0.109276906 0.0035374549 0.0 0.024010023 0.029244903 0.17837575 0.0 0.0 0.06506748 0.073499344 0.0 0.0 0.02132886 0.0 0.0 0.0 0.0 0.08122001 0.0 0.0 0.0 0.05358931 0.0 0.0 0.005356944 0.0046413615 0.10008305 0.0013337065 0.016524393 0.0 0.0 0.059455723 0.0 0.0 0.0013249503 0.0 0.13534975 0.0 0.0 0.0
0.0 0.0 0.008251467 0.01161002 0.060799677 0.048946183 0.02093074 0.0 0.018676156 0.0 0.017343977 0.0 0.0 0.062234886 0.054792937 0.0 0.047601677 0.0 0.039638586 0.0 0.029904218 0.0 0.0 0.0 0.027673697 0.07904954 0.0 0.01855767 0.017424377 0.039888795 0.0 0.0 0.0 0.030947106 0.0 0.016264511 0.0 0.009733692 0.0 0.12698759 0.047571324 0.0 0.005190433 0.0 0.0 0.080894545 0.06076366 0.011981653 0.009541654 0.0 0.0008561631 0.0 0.058685116 0.0 0.0 0.037424397
0.069404796 0.0 0.0 0.0012895138 0.0 0.0 0.0 0.0 0.020242332 0.018793331 0.0 0.0 0.0 0.0 0.0 0.006957162 0.0 0.0 0.02815054 0.039777763 0.0 0.009068364 0.065067485 0.027673697 0.0 0.0 0.019569922 0.0 0.0 0.013620699 0.0 0.013130446 0.0994953 0.0 0.0 0.11694996 0.08615085 0.0 0.0 0.020926427 0.0 0.019389559 0.0 0.09588434 0.0 0.0 0.0038737545 0.05223901 0.0 0.0 0.0 0.14362103 0.0 0.035431333 0.0 0.0
0.038763482 0.034119837 0.0 0.050711583 0.0 0.0 0.0 0.090256006 0.0 0.0 0.048264414 0.0 0.012624373 0.0730273 0.0 0.0 0.0 0.0 0.0 0.04476208 0.0 0.0 0.07349934 0.079049535 0.0 0.03819152 0.052216906 0.1073094 0.0 0.0 0.0 0.0 0.013657912 0.0 0.0 0.0069658677 0.0 0.0 0.008235613 0.0 0.03593622 0.0 0.0 0.0 0.0 0.0 0.0 0.013592267 0.08194978 0.0 0.033228494 0.03954444 0.0 0.0 0.088403635 0.0
0.0 0.0 0.0 0.052425925 0.026260622 0.07819298 0.0 0.0 0.013547331 0.0 0.0 0.015899455 0.0 0.0 0.0 0.03297106 0.08619087 0.010363903 0.0062875827 0.0 0.008976847 0.08168724 0.0 0.0 0.019569922 0.052216906 0.046107452 0.0 0.0 0.105165735 0.025428597 0.0 0.013773367 0.0 0.012391468 0.0 0.0 0.018439818 0.0 0.00726257 0.016174903 0.0 0.083615005 0.0 0.031667493 0.0 0.009207089 0.08092384 0.009947169 0.0 0.03483053 0.0 0.026913587 0.05969727 0.0 0.0
0.0 0.0 0.0 0.0 0.009436661 0.09850695 0.0 0.06968329 0.0 0.0 0.017645102 0.047216397 0.0 0.022966286 0.02542156 0.0 0.08875532 0.06202711 0.0 0.0 0.024977382 0.0 0.0 0.01855767 0.0 0.1073094 0.0 0.0 0.0 0.0 0.0 0.0 0.0 0.06982827 0.0 0.0 0.0 0.0 0.05287643 0.0 0.04729376 0.0 0.0 0.0 0.0 0.0 0.0 0.0 0.0 0.0 0.0 0.0 0.12262941 0.0 0.0 0.0
0.0 0.0 0.0 0.0 0.0 0.0 0.0 0.21184336 0.0 0.07692826 0.17649278 0.0 0.0 0.016122196 0.0 0.0 0.0 0.0 0.0 0.0 0.0 0.0 0.021328863 0.017424377 0.0 0.0 0.0 0.0 0.0 0.005380127 0.0 0.0144425975 0.0 0.0 0.013427867 0.0024343 0.050510686 0.0 0.0 0.0 0.0 0.0 0.0 0.0 0.012932621 0.0 0.0 0.0 0.067839585 0.019485874 0.0 0.01824121 0.0 0.0 0.04482059 0.0
0.016927889 0.0048372624 0.0 0.0 0.06807302 0.0 0.0 0.0 0.025941622 0.0 0.0 0.0 0.105985604 0.0 0.0 0.017642831 0.0 0.0 0.0 0.026099421 0.0 0.058501534 0.0 0.03988879 0.013620698 0.0 0.10516573 0.0 0.005380127 0.0 0.0 0.15690282 0.030045316 0.0 0.0 0.027185103 0.0 0.0 0.0 0.0 0.0 0.031181408 0.0134753715 0.032890618 0.0 0.0 0.040819284 0.022643967 0.0 0.0 0.0 0.026852712 0.0 0.016408056 0.0028052607 0.0
0.015033208 0.0 0.0 0.0 0.00028464184 0.10327401 0.06881996 0.0 0.0 0.0 0.0 0.096704386 0.0 0.0 0.0 0.00637433 0.0 0.023562914 0.040585823 0.08642292 0.0 0.06992082 0.0 0.0 0.0 0.0 0.025428597 0.0 0.0 0.0 0.0 0.008333999 0.0 0.0 0.0 0.0 0.0 0.0980558 0.0307971 0.0 0.0 0.064835064 0.0 0.0 0.046308227 0.006167201 0.0 0.027487528 0.0 0.0 0.0 0.0 0.0 0.0 0.021840654 0.0
0.0 0.061540943 0.10911283 0.0 0.017271483 0.0101968115 0.0 0.0 0.04223603 0.0050178017 0.0 0.09150311 0.026290907 0.0 0.03610082 0.0 0.0 0.0 0.0 0.0 0.0 0.012879171 0.0 0.0 0.013130446 0.0 0.0 0.0 0.0144425975 0.15690282 0.008333999 0.0202769 0.0 0.0046231514 0.024294507 0.09463655 0.0 0.0 0.0 0.006302139 0.00025344105 0.14922328 0.032150522 0.055566415 0.0 0.0 0.00969319 0.0 0.0 0.026152356 0.0 0.0 0.0 0.0070743463 0.0 0.0
0.0 0.0 0.0 0.0 0.027297154 0.042794783 0.124144144 0.0 0.0 0.0030747978 0.0 0.0 0.0 0.0 0.030838681 0.0 0.0 0.015072841 0.054827932 0.006749898 0.0 0.08730437 0.0 0.0 0.0994953 0.013657913 0.013773367 0.0 0.0 0.030045317 0.0 0.0 0.0 0.024908783 0.0 0.0 0.0 0.03411972 0.015471718 0.0 0.0 0.055693317 0.0 0.0 0.0 0.048898064 0.027966533 0.08294424 0.0 0.011891178 0.0 0.0 0.09773865 0.13965136 0.0 0.0053934916
0.07144754 0.0 0.0 0.02811991 0.0 0.0 0.008081646 0.05963877 0.0 0.0 0.0 0.0 0.0 0.029858854 0.0 0.0 0.0 0.0 0.0 0.0 0.0 0.0 0.08122001 0.030947108 0.0 0.0 0.0 0.06982827 0.0 0.0 0.0 0.0046231514 0.024908781 0.019077687 0.011013181 0.0 0.034636598 0.0 0.0 0.060293097 0.070145294 0.01735833 0.0 0.019585362 0.0 0.0 0.0 0.0 0.0 0.0188301 0.0 0.12253318 0.0 0.0 0.043732375 0.030593637
0.008170517 0.0 0.0018774053 0.0 0.0 0.058220237 0.019896884 0.0 0.0 0.0 0.0 0.0 0.0 0.01373064 0.030933049 0.0 0.0530491 0.059732735 0.007942845 0.0 0.11566565 0.020397892 0.0 0.0 0.0 0.0 0.0123914685 0.0 0.013427866 0.0 0.0 0.024294505 0.0 0.011013181 0.0 0.0 0.0 0.0 0.010264179 0.032461256 0.09294811 0.0 0.0 0.0 0.0 0.048140522 0.005198393 0.0 0.14426173 0.10751151 0.021609232 0.0 0.0 0.0 0.06531162 0.0
0.0 0.0 0.13762426 0.013323931 0.044978816 0.0 0.008335913 0.0 0.12742628 0.00056083966 0.012102781 0.0 0.00081939757 0.0 0.0069430014 0.0 0.0 0.004694106 0.023409668 0.018502595 0.014218097 0.037044592 0.0 0.016264511 0.11694996 0.0069658672 0.0 0.0 0.0024343 0.027185105 0.0 0.09463655 0.0 0.0 0.0 0.048239652 0.0 0.01682596 0.0 0.025894968 0.0 0.016156988 0.032328814 0.054564577 0.04705979 0.04393941 0.015627347 0.0 0.0 0.0015090911 0.0 0.036113173 0.038260944 0.019240484 0.0 0.0
0.0062030894 0.008091068 0.08755799 0.0 0.019379785 0.029609373 0.05697736 0.01258949 0.0 0.016931787 0.0 0.0077494187 0.0 0.0 0.0 0.0 0.07174669 0.052720886 0.057403155 0.0 0.15025415 0.0 0.0 0.0 0.086150855 0.0 0.0 0.0 0.050510686 0.0 0.0 0.0 0.0 0.0346366 0.0 0.0 0.0 0.0 0.0 0.0 0.03538878 0.0 0.0 0.0021686745 0.010856324 0.010811762 0.045873154 0.00058615813 0.03936923 0.1558331 0.0 0.0 0.057751518 0.0 0.0 0.0
0.0043897745 0.022699965 0.0 0.008301183 0.020444535 0.0 0.021496108 0.0 0.0 0.012605678 0.0947874 0.0 0.020336026 0.0 0.026627446 0.10626366 0.0 0.0 0.08291009 0.12689374 0.020042624 0.0 0.053589307 0.009733691 0.0 0.0 0.018439818 0.0 0.0 0.0 0.0980558 0.0 0.03411972 0.0 0.0 0.01682596 0.0 0.07368541 0.0 0.0 0.0 0.0031611037 0.0 0.0 0.0036241743 0.0 0.0 0.0 0.0 0.0 0.037139 0.0 0.0 0.0 0.010869585 0.0
0.0 0.029942395 0.0 0.025158579 0.0 0.0 0.0026447533 0.0 0.07986981 0.0 0.0 0.0 0.012898999 0.024323497 0.0 0.00777478 0.0 0.016727233 0.00061407266 0.060784068 0.0 0.033313833 0.0 0.0 0.0 0.008235613 0.0 0.05287643 0.0 0.0 0.0307971 0.0 0.015471718 0.0 0.010264179 0.0 0.0 0.0 0.074242026 0.032784708 0.0 0.020534018 0.0 0.106524386 0.0 0.064039476 0.080402374 0.05047929 0.0 0.0 0.0806178 0.013121827 0.0 0.08320432 0.0 0.01373639
0.0 0.16962819 0.017254364 0.0432886 0.0 0.009728372 0.0 0.07361755 0.011799516 0.0 0.014543382 0.011311318 0.024691608 0.12393781 0.0022778779 0.0 0.0 0.0 0.0 0.0 0.0 0.0 0.0 0.12698759 0.020926427 0.0 0.00726257 0.0 0.0 0.0 0.0 0.0063021393 0.0 0.060293097 0.032461256 0.02589497 0.0 0.0 0.032784708 0.0 0.03851848 0.0 0.018317014 0.0 0.0 0.0 0.16532221 0.0 0.0052979067 0.0 0.0 0.0048612095 0.026763842 0.002476904 0.0 0.0
0.09516253 0.0 0.0 0.0 0.0 0.0 0.0 0.08653886 0.0 0.095924936 0.0 0.0 0.0 0.008415023 0.008588414 0.03160053 0.0 0.0 0.0 0.0 0.0 0.0 0.005356944 0.047571324 0.0 0.035936218 0.016174903 0.047293756 0.0 0.0 0.0 0.00025344102 0.0 0.070145294 0.0929481 0.0 0.03538878 0.0 0.0 0.03851848 0.0 0.0 0.0 0.0 0.095167555 0.007140532 0.0 0.016441232 0.0 0.016959773 0.042203527 0.06762613 0.0 0.0 0.0773121 3.992377e-06
0.0 0.05828454 0.016500121 0.035042834 0.11380047 0.0 0.0 0.0 0.09430638 0.0 0.08923024 0.012939499 0.0 0.0 0.0 0.0029205706 0.02380293 0.05419076 0.0 0.0 0.0 0.0 0.0046413615 0.0 0.019389559 0.0 0.0 0.0 0.0 0.031181406 0.064835064 0.14922327 0.055693313 0.01735833 0.0 0.016156986 0.0 0.0031611037 0.020534018 0.0 0.0 0.019102268 0.0 0.0638359 0.0 0.04786453 0.008682023 0.0 0.05897332 0.0 0.0 0.0 0.012763692 0.0 0.0 0.0
0.0 0.0 0.0 0.0 0.0 0.0 0.0 0.041009597 0.009510104 0.0 0.0 0.038945388 0.14434302 0.074880175 0.0025407306 0.11738612 0.0 0.0 0.022888487 0.0 0.016216226 0.0 0.10008305 0.005190433 0.0 0.0 0.083615 0.0 0.0 0.0134753715 0.0 0.032150522 0.0 0.0 0.0 0.032328814 0.0 0.0 0.0 0.018317014 0.0 0.0 0.0 0.024045607 0.007314255 0.0 0.0 0.0056639006 0.05338616 0.0 0.0 0.0 0.0 0.0 0.04825835 0.03472581
0.0 0.032992966 0.04556963 0.024182195 1.1634368e-06 0.0 0.0 0.0 0.0 0.0 0.052715246 0.009637205 0.0 0.0 0.0 0.0 0.030680815 0.027681066 0.016208563 0.05444981 0.0 0.039490916 0.0013337067 0.0 0.09588434 0.0 0.0 0.0 0.0 0.03289062 0.0 0.055566415 0.0 0.019585362 0.0 0.05456457 0.0021686745 0.0 0.106524386 0.0 0.0 0.0638359 0.024045605 0.10878736 0.0049375426 0.0 0.06122498 0.03386628 0.054338593 0.0 0.0 0.0 0.04323831 0.0 0.0010834766 0.0
0.0 0.0 0.0 0.0 0.02214688 0.0 0.00430056 0.007896524 0.005802204 0.0 0.0 0.0 0.002075915 0.008059477 0.0 0.0 0.0 0.051481348 0.07513347 0.0 0.10176536 0.0 0.016524393 0.0 0.0 0.0 0.03166749 0.0 0.012932621 0.0 0.046308227 0.0 0.0 0.0 0.0 0.047059786 0.010856323 0.0036241743 0.0 0.0 0.09516756 0.0 0.007314255 0.004937542 0.0 0.05182436 0.034977954 0.08219788 0.02928288 0.010790347 0.1471469 0.010595645 0.024483414 0.0 0.10546892 0.0
0.09352656 0.0 0.0 0.0 0.0 0.0 0.017474491 0.049167152 0.0 0.0921774 0.0 0.0 0.0153248375 0.0 0.028219176 0.0 0.0 0.0089181755 0.0 0.007825033 0.0 0.0 0.0 0.080894545 0.0 0.0 0.0 0.0 0.0 0.0 0.006167201 0.0 0.048898067 0.0 0.048140526 0.04393941 0.010811762 0.0 0.064039476 0.0 0.0071405317 0.04786453 0.0 0.0 0.05182436 0.01306261 0.0 0.0 0.015404323 0.06409657 0.051033642 0.02557374 0.0 0.01340924 0.02889233 0.0
0.0 0.0 0.0 0.0 0.0 0.0 0.066971354 0.0 0.0 0.009161519 0.009731955 0.0 0.089551434 0.0 0.006647702 0.014527206 0.0 0.0 0.0 0.0 0.0 0.0 0.0 0.06076366 0.0038737545 0.0 0.009207089 0.0 0.0 0.040819284 0.0 0.00969319 0.027966533 0.0 0.005198393 0.015627349 0.04587315 0.0 0.080402374 0.16532221 0.0 0.008682023 0.0 0.061224975 0.034977958 0.0 0.0 0.0 0.0 0.0 0.023800267 0.056971315 0.0 0.047107495 0.026751291 0.05291152
0.0 0.0 0.0 0.0 0.0 0.022050088 0.0 0.0 0.0 0.0 0.0040197494 0.009380404 0.0 0.0 0.0 0.017038206 0.028173668 0.0 0.0 0.018951977 0.0 0.013033376 0.059455723 0.011981653 0.05223901 0.013592268 0.08092383 0.0 0.0 0.022643967 0.02748753 0.0 0.08294424 0.0 0.0 0.0 0.00058615813 0.0 0.050479293 0.0 0.016441232 0.0 0.0056639006 0.033866275 0.08219789 0.0 0.0 0.12637913 0.014069566 0.05057005 0.06887329 0.0 0.0 0.0 0.04502641 0.0
0.0 0.0 0.0 0.0 0.0 0.0 0.0 0.0 0.0 0.00852076 0.0 0.0 0.03687415 0.006750489 0.0 0.0 0.0 0.0 0.019023092 0.0 0.0 0.005783891 0.0 0.009541654 0.0 0.08194978 0.009947169 0.0 0.067839585 0.0 0.0 0.0 0.0 0.0 0.14426173 0.0 0.03936923 0.0 0.0 0.005297906 0.0 0.05897332 0.053386156 0.054338593 0.02928288 0.015404322 0.0 0.014069566 0.0 0.0 0.012837343 0.0 0.0 0.14342591 0.0 0.0
0.02451485 0.0 0.0 0.02813353 0.0 0.005539833 0.0 0.0 0.04618819 0.09050812 0.016995234 0.0 0.013429854 0.0 0.0 0.0 0.0 0.041503765 0.0 0.0 0.0 0.0063514314 0.0 0.0 0.0 0.0 0.0 0.0 0.019485874 0.0 0.0 0.026152354 0.011891177 0.018830102 0.10751151 0.0015090911 0.1558331 0.0 0.0 0.0 0.016959773 0.0 0.0 0.0 0.010790347 0.06409658 0.0 0.05057005 0.0 0.0 0.083600216 0.020461557 0.0 0.0 0.027653145 0.0
0.04215483 0.009791763 0.0 0.013608579 0.0 0.11298936 0.0 0.0 0.0 0.0 0.0 0.06836359 0.0 0.0 0.063850366 0.06977098 0.00539939 0.0 0.0 0.050627027 0.014260124 0.025076993 0.0013249501 0.00085616315 0.0 0.033228494 0.03483053 0.0 0.0 0.0 0.0 0.0 0.0 0.0 0.021609234 0.0 0.0 0.037139 0.0806178 0.0 0.042203527 0.0 0.0 0.0 0.1471469 0.05103364 0.023800267 0.06887329 0.012837342 0.08360022 0.0 0.0087054465 0.0 0.0 0.021309676 0.0
0.0 0.0 0.094567694 0.0 0.0038546373 0.021442983 0.0 0.014687417 0.028990798 0.0 0.0 0.009243303 0.0 0.0 0.0615973 0.0 0.17692754 0.0096347155 0.0 0.0 0.018801864 0.0 0.0 0.0 0.14362103 0.039544437 0.0 0.0 0.01824121 0.02685271 0.0 0.0 0.0 0.12253318 0.0 0.03611317 0.0 0.0 0.013121827 0.00486121 0.067626126 0.0 0.0 0.0 0.010595645 0.02557374 0.056971315 0.0 0.0 0.020461557 0.008705446 0.0 0.031225624 0.0 0.0 0.0
0.04129497 0.01284796 0.0 0.020073052 0.0 0.0 0.0 0.0 0.0044125537 0.11907554 0.0061911247 0.0 0.040334728 0.0 0.0 0.034502223 0.0 0.0 0.035530165 0.00036081034 0.0 0.0051881378 0.13534975 0.05868512 0.0 0.0 0.026913587 0.122629404 0.0 0.0 0.0 0.0 0.09773865 0.0 0.0 0.038260944 0.057751514 0.0 0.0 0.026763842 0.0 0.012763692 0.0 0.04323831 0.024483414 0.0 0.0 0.0 0.0 0.0 0.0 0.031225625 0.0 0.006816452 0.0 0.0
0.0 0.0 0.0 0.13113835 0.010196715 0.10285322 0.0 0.0 0.04479722 0.0 0.03968167 0.05795803 0.0 0.0 0.0 0.0 0.0 0.0 0.0 0.03202988 0.06858105 0.0 0.0 0.0 0.035431333 0.0 0.059697274 0.0 0.0 0.016408056 0.0 0.007074346 0.13965136 0.0 0.0 0.019240484 0.0 0.0 0.08320432 0.002476904 0.0 0.0 0.0 0.0 0.0 0.01340924 0.047107495 0.0 0.14342591 0.0 0.0 0.0 0.0068164524 0.0 0.005539121 0.0
0.0 0.08595197 0.0 0.04438362 0.0 0.061675142 0.0036177048 0.0 0.0 0.0 0.0 0.0 0.0 0.075080395 0.053230952 0.003136782 0.0 0.014205718 0.013865438 0.0035754265 0.0 0.0 0.0 0.0 0.0 0.08840364 0.0 0.0 0.044820596 0.0028052605 0.021840654 0.0 0.0 0.043732375 0.06531162 0.0 0.0 0.010869586 0.0 0.0 0.0773121 0.0 0.048258353 0.0010834766 0.105468914 0.02889233 0.026751291 0.04502641 0.0 0.027653145 0.021309676 0.0 0.0 0.005539121 0.033193223 0.013584574
0.04157354 0.049881615 0.015862236 0.0 0.0 0.0 0.0 0.14506465 0.04679662 0.0 0.0895922 0.0 0.0 0.13989589 0.0 0.0 0.0016177356 0.0 0.0 0.0 0.0 0.0 0.0 0.037424397 0.0 0.0 0.0 0.0 0.0 0.0 0.0 0.0 0.005393492 0.03059364 0.0 0.0 0.0 0.0 0.01373639 0.0 3.992377e-06 0.0 0.034725815 0.0 0.0 0.0 0.05291152 0.0 0.0 0.0 0.0 0.0 0.0 0.0 0.013584575 0.25966844
