0.05892646 0.0 0.0029253878 0.091113865 0.0 0.0 0.0 0.026787283 0.0 0.020120686 0.0 0.0 0.0 0.0 0.0 0.0 0.0 0.0 0.0 0.0 0.0 0.0 0.07197236 0.028770586 0.0014597565 0.16415589 0.0 0.011670445 0.0 0.0 0.009153559 0.060132805 0.0 0.0 0.13813826 0.043387804 0.047173057 0.0 0.0 0.0 0.0 0.045151778 0.0 0.0 0.0 0.12685242 0.0 0.0 0.0 0.0 0.0 0.09192517 0.0 0.0 0.007791202 0.0
0.0 0.0 0.0 0.01282982 0.19227512 0.020476721 0.0 0.0 0.109047644 0.0 0.05694423 0.0 0.0 0.0 0.015115535 0.0 0.0 0.0 0.0 0.0 0.04705334 0.0 0.0127726775 0.017649801 0.0 0.0 0.0 0.03262125 0.0 0.0 0.1270284 0.007053343 0.02033643 0.012105155 0.0 0.031326436 0.0 0.086523175 0.0105376905 0.04830504 0.003190814 0.0 0.0 0.0 0.0 0.0 0.0028289414 0.0 0.11188096 0.0 0.02559963 0.02025552 0.032467313 0.009876046 0.04307536 0.0
0.0029253878 0.0 0.0 0.0 0.043226764 0.0049285106 0.0 0.01974587 0.06662767 0.10659856 0.095032275 0.0 0.0 0.0 0.0043388996 0.03437552 0.0 0.0 0.044232834 0.018876182 0.0 0.0 0.0 0.0 0.0 0.0 0.0 0.0093800975 0.0 0.030255781 0.0092798 0.0 0.0 0.0 0.11288466 0.0 0.10281734 0.0061456347 0.0 0.0 0.0 0.0 0.0 0.0 0.017998591 0.025703596 0.019902997 0.010117234 0.0 0.0 0.0 0.11053773 0.017627042 0.020661239 0.0 0.0
0.09111387 0.01282982 0.0 0.0 0.0 0.0 0.085223526 0.12560475 0.0 0.067653775 0.0 0.0 0.0 0.014512303 0.0 0.0 0.0 0.0 0.0 0.0 0.0 0.0 0.0 0.115624614 0.0 8.019312e-05 0.0 0.0 0.0 0.0 0.0 0.0 0.0 0.0 0.050190285 0.020449365 0.0 0.0 0.0 0.022455558 0.08137159 0.01332882 0.0 0.0 0.0 0.0 0.0 0.0 0.0 0.0 0.00035343406 0.13597573 0.0 0.0 0.021671008 0.0
0.0 0.19227512 0.043226764 0.0 0.0 0.0 0.0058162506 0.012970527 0.08398028 0.0 0.0 0.0 0.021204446 0.043485142 0.0 0.0 0.0 0.0 0.0 0.0 0.0 0.0 0.0 0.0 0.0 0.0 0.0 0.03937063 0.0 0.0 0.0 0.0 0.0 0.05016934 0.0 0.0 0.0014653244 0.0 0.0 0.015467008 0.06955364 0.0 0.0087130945 0.044104453 0.0 0.0 0.020943597 0.0 0.0 0.0 0.0 0.022324292 0.020357853 0.0 0.0 0.1409414
0.0 0.020476721 0.0049285106 0.0 0.0 0.018420827 0.05277531 0.0 0.0 0.0 0.0 0.0 0.007588071 0.0 0.0 0.03525837 0.03490138 0.009498595 0.0054926462 0.0 0.055067845 0.0 0.0 0.0 0.07915254 0.0 0.0126456935 0.043773077 0.06629534 0.07509924 0.0 0.0 0.004233653 0.0 0.0 0.0 0.0 0.004454101 0.028338352 0.08834286 0.0726127 0.011819055 0.1626079 0.0 0.0 0.0 0.005458055 0.028777992 0.0 0.0 0.0 0.0 0.035486046 0.0 0.0 0.01814935
0.0 0.0 0.0 0.08522353 0.005816251 0.05277531 0.0 0.0 0.0011238809 0.0 0.0 0.0 0.0 0.0 0.052638136 0.103752516 0.006610789 0.0 0.0 0.022367766 0.0 0.0 0.032784488 0.0 0.0 0.009529354 0.019090436 0.0 0.0 0.012787105 0.20092237 0.0 0.007935008 0.0 0.0 0.0 0.0 0.0 0.022000616 0.0 0.0 0.0 0.0 0.0 0.00041284467 0.058881145 0.0 0.0 0.09965458 0.18006954 0.025872901 0.0 0.0035560427 0.0046810303 0.0 0.0
0.026787283 0.0 0.01974587 0.12560475 0.012970527 0.0 0.0 0.0 0.0 0.0038816812 0.014979873 0.0 0.0 0.0 0.01802808 0.0 0.0 0.0121976035 0.0 0.0 0.005096606 0.10241096 0.038444385 0.0 0.03314105 0.052487098 0.0 0.0 0.0 0.0 0.018680513 0.11148987 0.034705628 0.0 0.0 0.009818061 0.0 0.09474585 0.0 0.008206906 0.0 0.04326186 0.0 0.0 0.0 0.06036439 0.110355 0.0 0.117639475 0.0 0.022290671 0.0 0.0 0.0 0.019340143 0.0
0.0 0.109047644 0.06662767 0.0 0.08398027 0.0 0.0011238809 0.0 0.1433926 0.0 0.017822413 0.016098551 0.0 0.0 0.0 0.0068793274 0.0033585713 0.017423933 0.03965732 0.024107307 0.0 0.017653482 0.0 0.0 0.0 0.0 0.0 0.0 0.003364065 0.020619923 0.0 0.0 0.0 0.037927106 0.0 0.0 0.0015340504 0.08230196 0.0 0.0 0.0119947605 0.0847609 0.01070967 0.10361483 0.0 0.0 0.05416913 0.0 0.032658815 0.0 0.0 0.0 0.0 0.022623435 0.033524513 0.018063406
0.020120686 0.0 0.10659856 0.067653775 0.0 0.0 0.0 0.0038816812 0.0 0.0 0.042366624 0.0 0.063194476 0.0 0.0 0.0 0.0026713754 0.0035849279 0.0 0.0 0.0 0.04307735 0.06893929 0.0 0.07021497 0.114764765 0.13242632 0.021112956 0.0 0.0 0.0 0.0 0.003260915 0.0 0.011465888 0.0 0.0 0.0 0.0 0.018747984 0.0 0.0 0.0 0.0 0.0 0.0 0.0 0.0 0.11823466 0.0 0.0025374922 0.0 0.0 0.0 0.101870015 0.0
0.0 0.05694423 0.095032275 0.0 0.0 0.0 0.0 0.014979874 0.017822413 0.042366624 0.0 0.0 0.037606955 0.028604757 0.048174262 0.0143322665 0.036902316 0.03979952 0.0 0.03338759 0.0 0.019304838 0.000623518 0.0 0.0 0.0 0.037130613 0.03714538 0.051635593 0.0 0.0 0.0 0.0 0.028976282 0.0 0.0 0.025671676 0.0 0.012994167 0.0 0.007649623 0.08569274 0.025534924 0.07261654 0.0069874143 0.0019223178 0.0158031 0.062545985 0.0 0.0 0.0 0.025343524 0.0 0.0 0.028606268 0.0012261443
0.0 0.0 0.0 0.0 0.0 0.0 0.0 0.0 0.016098551 0.0 0.0 0.04399403 0.080377765 0.019702336 0.0 0.0 0.033997726 0.0 0.0 0.0 0.0 0.0 0.0 0.0 0.0 0.0 0.0 0.09039307 0.0 0.0 0.0 0.0 0.0 0.042253092 0.05889156 0.0 0.013824181 0.02152119 0.028234093 0.07763282 0.05150569 0.0008509066 0.08559561 0.025769604 0.0 0.011893367 0.059665218 0.0 0.0 0.0 0.0 0.0 0.12162761 0.052993897 0.0 0.057956394
0.0 0.0 0.0 0.0 0.021204446 0.007588071 0.0 0.0 0.0 0.063194476 0.03760695 0.080377765 0.0 0.0 0.0 0.030437468 0.0 0.0022379144 0.014653718 0.0060920613 0.06398332 0.07395046 0.014058204 0.0 0.0 0.0 0.0 0.008912763 0.0 0.008918671 0.0011831054 0.0 0.11043072 0.095634416 0.00040073777 0.0 0.022893444 0.016643796 0.06908012 0.0 0.0 0.022808308 0.0 0.009203634 0.11738586 0.0 0.0 0.0 0.0 0.07016931 0.0 0.0 0.0 0.0 0.0 0.02590449
0.0 0.0 0.0 0.014512303 0.043485142 0.0 0.0 0.0 0.0 0.0 0.028604755 0.019702338 0.0 0.06308436 0.017017143 0.0 0.0 0.0060877115 0.035801556 0.11557345 0.0076400363 0.121134564 0.0 0.102543145 0.0 0.005527679 0.04621822 0.0 0.0 0.090755075 0.0007393948 0.041597277 0.064741366 0.017949548 0.025717732 0.038532343 0.0 0.0 0.014320078 0.048759934 0.0 0.0 0.0 0.013763587 0.008221091 0.0 0.0 0.016660647 0.019769011 0.0 0.030729564 0.0 0.0 0.03119138 0.012240715 0.0
0.0 0.015115535 0.004338899 0.0 0.0 0.0 0.052638136 0.01802808 0.0 0.0 0.048174262 0.0 0.0 0.017017141 0.0 0.0 0.068138756 0.0 0.0 0.02625717 0.0 0.0 0.07546266 0.0 0.042134784 0.0047057373 0.029430844 0.03272473 0.0 0.0 0.0 0.0017980293 0.0024815798 0.0 0.0 0.0 0.08166175 0.009518948 0.07388516 0.04097167 0.024125192 0.0 0.028445747 0.0 0.081826024 0.003413972 0.0 0.0 0.05341614 0.0 0.014468989 0.035286784 0.0 0.0 0.027861526 0.0
0.0 0.0 0.03437552 0.0 0.0 0.03525837 0.103752516 0.0 0.0068793274 0.0 0.014332267 0.0 0.03043747 0.0 0.0 0.0 0.11428381 0.13477829 0.0 0.0 0.019510657 0.0 0.0 0.0 0.06226774 0.0 0.0 0.0 0.0 0.0 0.0 0.022304034 0.0062420145 0.011510554 0.0 0.045523733 0.0 0.0 0.018119924 0.13526571 0.057052568 0.023184923 0.011995143 0.033364873 0.0 0.0 0.089628704 0.054789208 0.0027170458 0.0 0.0 0.0 0.009992408 0.0 0.0 0.03566736
0.0 0.0 0.0 0.0 0.0 0.034901384 0.0066107893 0.0 0.0033585713 0.0026713754 0.036902316 0.033997726 0.0 0.0 0.06813876 0.114283815 0.0 0.0 0.024981266 0.02669206 0.0 0.0 0.0 0.030320946 0.0037937532 0.0 0.0 0.05168535 0.0 0.037403937 0.0 0.0 0.0 0.02785848 0.023784656 0.0 0.033738606 0.0 0.07939582 0.0 0.0035397513 0.0 0.0 0.0 0.06710126 0.0 0.0 0.0 0.0 0.0 0.042632006 0.059976112 0.026728882 0.024950344 0.0 0.0
0.0 0.0 0.0 0.0 0.0 0.009498595 0.0 0.0121976035 0.017423935 0.0035849279 0.03979952 0.0 0.0022379144 0.0060877115 0.0 0.13477829 0.0 0.0 0.0 0.05202851 0.029960895 0.0 0.06966838 0.0 0.004832426 0.0 0.024606101 0.032543283 0.0 0.007283502 0.03486718 0.0 0.04367475 0.0 0.030854847 0.0 0.0 0.0 0.0 0.0 0.06954037 0.0 0.006781381 0.04647844 0.030403627 0.011350185 0.0 0.035802204 0.0 0.026109478 0.048257206 0.0 0.011983464 0.0 0.03644976 0.0
0.0 0.0 0.044232838 0.0 0.0 0.0054926467 0.0 0.0 0.03965732 0.0 0.0 0.0 0.014653718 0.035801556 0.0 0.0 0.024981266 0.0 0.0 0.0 0.0 0.0 0.0 0.0 0.11090663 0.0 0.0 0.008704202 0.091107145 0.017953329 0.0 0.0096600205 0.0 0.020074025 0.0 0.0 0.05130654 0.012376275 0.0 0.07361382 0.002918024 0.0 0.0013624466 0.057610486 0.0 0.0 0.042681605 0.0 0.0 0.0 0.0 0.0 0.068927065 0.015648581 0.0 0.13850348
0.0 0.0 0.018876182 0.0 0.0 0.0 0.022367768 0.0 0.024107305 0.0 0.03338759 0.0 0.0060920618 0.11557345 0.026257169 0.0 0.026692059 0.05202851 0.0 0.0 0.0 0.0 0.0 0.0 0.051968094 0.046534907 0.0028218871 0.007890525 0.040332977 0.0 0.0 0.0 0.0 0.022210585 0.0 0.0 0.0 0.0 0.0 0.022547701 0.14482974 0.08030053 0.16048765 0.020940967 0.0 0.0069435746 0.026989952 0.0 0.0 0.0 0.0 0.018237974 0.004548887 0.04928042 0.0 0.09568125
0.0 0.047053337 0.0 0.0 0.0 0.055067845 0.0 0.0050966064 0.0 0.0 0.0 0.0 0.06398332 0.0076400363 0.0 0.019510655 0.0 0.029960897 0.0 0.0 0.0 0.0 0.045103613 0.005636519 0.0 0.0 0.05396925 0.05309969 0.0 0.0013000673 0.0 0.0 0.064440064 0.0 0.04173994 0.0 0.0 0.0 0.0 0.040578686 0.06679399 0.00782307 0.030387523 0.0 0.0 0.02013609 0.027387362 0.05801383 0.0 0.0 0.13084562 0.025526619 0.0074346284 0.0 0.0 0.0
0.0 0.0 0.0 0.0 0.0 0.0 0.0 0.10241095 0.017653482 0.04307735 0.019304836 0.0 0.07395046 0.121134564 0.0 0.0 0.0 0.0 0.0 0.0 0.0 0.0 0.036929786 0.012570835 0.0 0.0 0.0 0.10207849 0.0 0.0 0.0 0.0 0.0 0.0 0.04311844 0.0 0.0 0.0 0.0032784692 0.06510669 0.07951674 0.0 0.025565084 0.0 0.0 0.0 0.0 0.0 0.0 0.0 0.06919039 0.0625216 0.0 0.08769888 0.0 0.0
0.07197236 0.0127726775 0.0 0.0 0.0 0.0 0.032784484 0.038444385 0.0 0.06893929 0.000623518 0.0 0.014058205 0.0 0.07546267 0.0 0.0 0.06966838 0.0 0.0 0.045103613 0.036929786 0.012903138 0.029810382 0.0 0.0 0.022675002 0.012540421 0.0 0.0 0.0 0.0 0.07423043 0.0057724807 0.025358994 0.018387243 0.07579256 0.0 0.031148572 0.0 0.01060731 0.0 0.0 0.0 0.111682504 0.021024587 0.026535936 0.10959448 0.0036559827 0.0 0.003644015 0.017717734 0.0 0.0 0.016536793 0.0007024605
0.028770583 0.0176498 0.0 0.115624614 0.0 0.0 0.0 0.0 0.0 0.0 0.0 0.0 0.0 0.10254314 0.0 0.0 0.030320946 0.0 0.0 0.0 0.005636519 0.012570834 0.029810384 0.12930724 0.0 0.111485206 0.013415946 0.0 0.0 0.0 0.0028737003 0.039175082 0.0 0.0 0.0 0.024425881 0.0 0.05665634 0.0 0.024702301 0.0 0.0 0.0 0.0 0.0 0.0 0.0 0.021192491 0.04716893 0.0 0.05682405 0.01911927 0.0 0.0 0.1907554 0.0
0.0014597565 0.0 0.0 0.0 0.0 0.07915254 0.0 0.03314105 0.0 0.07021497 0.0 0.0 0.0 0.0 0.04213478 0.062267736 0.003793753 0.0048324266 0.11090662 0.051968098 0.0 0.0 0.0 0.0 0.0 0.0 0.005491922 0.07571595 0.0 0.026887571 0.0 0.0 0.0 0.039765522 0.0036572216 0.0 0.08216077 0.0 0.07176104 0.008147348 0.014493836 0.0 0.004889902 0.0 0.06601765 0.0 0.0 0.00022242924 0.0 0.026346412 0.026931731 0.0 0.074725345 0.0 0.0 0.0
0.16415587 0.0 0.0 8.019312e-05 0.0 0.0 0.009529354 0.052487098 0.0 0.114764765 0.0 0.0 0.0 0.005527679 0.0047057373 0.0 0.0 0.0 0.0 0.046534907 0.0 0.0 0.0 0.111485206 0.0 0.0 0.019672517 0.0055844598 0.017749581 0.0 0.0 0.0 0.007891504 0.011949265 0.043020282 0.0 0.026277177 0.0 0.0 0.0 0.0024368863 0.042688224 0.0 0.0 0.1247118 0.0 0.019098304 0.028067186 0.0 0.0 0.0 0.003920341 0.0 0.0 0.0 0.05055898
0.0 0.0 0.0 0.0 0.0 0.012645694 0.019090435 0.0 0.0 0.13242632 0.037130613 0.0 0.0 0.046218216 0.029430844 0.0 0.0 0.024606101 0.0 0.0028218871 0.05396925 0.0 0.022675002 0.013415946 0.005491922 0.019672517 0.0 0.027033517 0.0 0.0 0.0 0.0 0.0 0.0 0.008356237 0.080168635 0.0 0.0 0.007909086 0.0404505 0.009911625 0.0 0.0051439414 0.0 0.12634844 0.0 0.0 0.059063435 0.0 0.0 0.012257447 0.02760354 0.02236926 0.0 0.051818565 0.04433935
0.011670444 0.03262125 0.0093800975 0.0 0.03937063 0.043773074 0.0 0.0 0.0 0.021112956 0.03714538 0.09039306 0.008912763 0.0 0.03272473 0.0 0.051685344 0.03254328 0.008704202 0.007890525 0.05309969 0.10207848 0.012540421 0.0 0.07571595 0.0055844598 0.027033517 0.0 0.031958077 0.04006288 0.0 0.0 0.08871422 0.033530176 0.0053037903 0.0 0.018798053 0.0415572 0.06854682 0.0 0.0 0.022667382 0.0 0.060871266 0.0 0.0 0.0047794734 0.0 0.014569974 0.066410266 0.0 0.004948853 0.0 0.0 0.0123467585 0.0022251706
0.0 0.0 0.0 0.0 0.0 0.06629534 0.0 0.0 0.0033640647 0.0 0.051635593 0.0 0.0 0.0 0.0 0.0 0.0 0.0 0.091107145 0.040332977 0.0 0.0 0.0 0.0 0.0 0.017749583 0.0 0.031958077 0.0 0.0 0.10398173 0.0 0.01492216 0.0 0.02690069 0.0 0.020081135 0.0 0.0 0.0 0.0 0.0 0.0 0.0 0.08814849 0.0 0.0 0.0 0.0 0.25210807 0.031565376 0.0 0.0 0.03217876 0.0028362677 0.0
0.0 0.0 0.03025578 0.0 0.0 0.07509923 0.012787105 0.0 0.020619923 0.0 0.0 0.0 0.00891867 0.090755075 0.0 0.0 0.037403937 0.007283502 0.017953329 0.0 0.0013000673 0.0 0.0 0.0 0.026887573 0.0 0.0 0.040062875 0.0 0.0 0.0 0.0 0.0 0.0049176426 0.033962943 0.0 0.0 0.0 0.050288036 0.0 0.02519647 0.0 0.028654525 0.055780794 0.0 0.018027026 0.028413618 0.0 0.048589557 0.0 0.0 0.0 0.09305499 0.075509936 0.0 0.009259383
0.009153559 0.12702842 0.0092798 0.0 0.0 0.0 0.20092237 0.018680513 0.0 0.0 0.0 0.0 0.0011831054 0.00073939475 0.0 0.0 0.0 0.03486718 0.0 0.0 0.0 0.0 0.0 0.0028737003 0.0 0.0 0.0 0.0 0.10398174 0.0 0.0 0.0 0.0 0.01682467 0.0 0.04803495 0.0053480305 0.0 0.0 0.02725122 0.019754702 0.022867447 0.0 0.04828487 0.027188558 0.0 0.008925683 0.0042173746 0.0 0.0 0.0 0.0 0.014721139 0.0 0.0 0.15526675
0.0601328 0.0070533436 0.0 0.0 0.0 0.0 0.0 0.11148986 0.0 0.0 0.0 0.0 0.0 0.041597277 0.0017980294 0.022304034 0.0 0.0 0.00966002 0.0 0.0 0.0 0.0 0.03917508 0.0 0.0 0.0 0.0 0.0 0.0 0.0 0.0 0.0 0.034016836 0.10227962 0.0 0.037974007 0.0 0.0 0.0 0.045697518 0.02958519 0.0 0.0 0.15158592 0.0 0.0 0.0 0.0 0.0 0.007364116 0.09125116 0.0 0.0 0.0 0.048745215
0.0 0.020336429 0.0 0.0 0.0 0.0042336527 0.007935009 0.034705628 0.0 0.0032609152 0.0 0.0 0.11043072 0.06474136 0.0024815798 0.006242015 0.0 0.043674752 0.0 0.0 0.064440064 0.0 0.07423043 0.0 0.0 0.007891503 0.0 0.08871422 0.014922161 0.0 0.0 0.0 0.0 0.0 0.017072862 0.0 0.0 0.015382763 0.0 0.07992276 0.07322686 0.019317893 0.06710912 0.0 0.0 0.0 0.03791549 0.047796573 0.0 0.0 0.052320603 0.018255178 0.04016601 0.0 0.0 0.0
0.0 0.012105155 0.0 0.0 0.05016934 0.0 0.0 0.0 0.037927106 0.0 0.02897628 0.042253092 0.095634416 0.017949548 0.0 0.011510554 0.02785848 0.0 0.020074025 0.022210583 0.0 0.0 0.005772481 0.0 0.039765522 0.011949265 0.0 0.033530176 0.0 0.0049176426 0.016824672 0.034016836 0.0 0.03314824 0.0053060465 0.014194587 0.0 0.030792113 0.0 0.02681421 0.03299959 0.0 0.046062637 0.036817003 0.0 0.023741845 0.03398761 0.0 0.0 0.0 0.0 0.0107875075 0.11830319 0.048363984 0.0 0.027892087
0.13813826 0.0 0.11288466 0.050190285 0.0 0.0 0.0 0.0 0.0 0.0114658885 0.0 0.05889156 0.00040073777 0.025717733 0.0 0.0 0.023784656 0.030854845 0.0 0.0 0.041739944 0.04311844 0.025358992 0.0 0.0036572213 0.043020282 0.008356236 0.0053037903 0.02690069 0.033962943 0.0 0.10227962 0.017072862 0.0053060465 0.12744606 0.0 0.0 0.0 0.0 0.0 0.0 0.0 0.0 0.016858043 0.009790665 0.03961636 0.061543383 0.0013307648 0.0 0.0055188998 0.0 0.021130534 0.0 0.0 0.03293423 0.0
0.043387804 0.031326436 0.0 0.020449365 0.0 0.0 0.0 0.009818061 0.0 0.0 0.0 0.0 0.0 0.038532343 0.0 0.045523733 0.0 0.0 0.0 0.0 0.0 0.0 0.018387245 0.02442588 0.0 0.0 0.08016863 0.0 0.0 0.0 0.04803495 0.0 0.0 0.014194587 0.0 0.0 0.030986145 0.0019064858 0.0 0.0 0.0 0.0066963616 0.0 0.043898724 0.0 0.0 0.0 0.0 0.047393776 0.0 0.19888459 0.058250744 0.0 0.0013048708 0.039758645 0.0
0.047173057 0.0 0.10281734 0.0 0.0014653244 0.0 0.0 0.0 0.0015340506 0.0 0.025671674 0.013824181 0.022893444 0.0 0.08166175 0.0 0.033738606 0.0 0.05130654 0.0 0.0 0.0 0.07579256 0.0 0.08216078 0.026277177 0.0 0.018798055 0.020081135 0.0 0.0053480305 0.037974007 0.0 0.0 0.0 0.030986143 0.0 0.14175054 0.0 0.0034969973 0.0 0.0 0.039821498 0.0 0.0 0.10809427 0.0785683 0.0 0.020432597 0.0 0.02238693 0.0 0.0 0.00097220496 0.0 0.0
0.0 0.08652318 0.006145634 0.0 0.0 0.004454101 0.0 0.09474586 0.08230196 0.0 0.0 0.021521192 0.016643796 0.0 0.009518948 0.0 0.0 0.0 0.012376276 0.0 0.0 0.0 0.0 0.05665634 0.0 0.0 0.0 0.0415572 0.0 0.0 0.0 0.0 0.015382763 0.030792112 0.0 0.0019064856 0.14175054 0.0 0.0 0.0063674436 0.0 0.0 0.0 0.008910922 0.05108169 0.03869722 0.0 0.0 0.069665916 0.0 0.0 0.0064551136 0.0 0.0 0.0131576 0.02107635
0.0 0.0105376905 0.0 0.0 0.0 0.02833835 0.022000616 0.0 0.0 0.0 0.012994167 0.02823409 0.06908013 0.014320078 0.07388516 0.018119924 0.07939583 0.0 0.0 0.0 0.0 0.0032784694 0.03114857 0.0 0.07176104 0.0 0.007909085 0.06854682 0.0 0.050288036 0.0 0.0 0.0 0.0 0.0 0.0 0.0 0.0 0.09336661 0.0 0.04707542 0.0 0.0 0.01720719 0.0 0.017777728 0.031802274 0.030118328 0.0 0.0 0.0 0.0 0.09031814 0.0 0.0 0.0
0.0 0.04830504 0.0 0.022455556 0.015467009 0.08834286 0.0 0.008206906 0.0 0.018747984 0.0 0.07763283 0.0 0.048759934 0.04097167 0.13526571 0.0 0.0 0.07361382 0.022547701 0.040578682 0.06510668 0.0 0.024702303 0.008147348 0.0 0.0404505 0.0 0.0 0.0 0.02725122 0.0 0.07992276 0.02681421 0.0 0.0 0.0034969973 0.0063674436 0.0 0.0 0.0 0.0 0.0 0.0 0.0 0.0 0.0 0.07637202 0.0 0.0 0.0012981126 0.0 0.0 0.0 0.0 0.0
0.0 0.003190814 0.0 0.08137159 0.069553636 0.0726127 0.0 0.0 0.0119947605 0.0 0.0076496224 0.05150569 0.0 0.0 0.024125192 0.057052568 0.003539751 0.06954037 0.002918024 0.14482974 0.06679399 0.079516746 0.010607311 0.0 0.014493836 0.0024368863 0.009911625 0.0 0.0 0.02519647 0.019754702 0.04569752 0.07322686 0.03299959 0.0 0.0 0.0 0.0 0.04707542 0.0 0.0 0.0 0.0 0.0 0.0054423246 0.0 0.0 0.030252442 0.03217836 0.0 0.0154584525 0.0 0.0 0.0 0.021248821 0.0
0.045151778 0.0 0.0 0.01332882 0.0 0.011819054 0.0 0.043261863 0.084760904 0.0 0.08569274 0.00085090665 0.022808308 0.0 0.0 0.023184923 0.0 0.0 0.0 0.08030053 0.00782307 0.0 0.0 0.0 0.0 0.042688224 0.0 0.022667382 0.0 0.0 0.022867447 0.02958519 0.019317893 0.0 0.0 0.0066963616 0.0 0.0 0.0 0.0 0.0 0.0 0.0 0.07596786 0.02156718 0.0 0.0 0.0 0.0 0.0 0.15390365 0.027952323 0.0 0.044022992 0.0 0.0
0.0 0.0 0.0 0.0 0.0087130945 0.1626079 0.0 0.0 0.010709669 0.0 0.025534924 0.085595615 0.0 0.0 0.028445749 0.011995143 0.0 0.0067813806 0.0013624466 0.16048765 0.03038752 0.025565084 0.0 0.0 0.0048899027 0.0 0.0051439414 0.0 0.0 0.028654525 0.0 0.0 0.06710912 0.04606264 0.0 0.0 0.039821498 0.0 0.0 0.0 0.0 0.0 0.0 0.0 0.023129646 0.0 0.0 0.013335912 0.0 0.0 0.0 0.0 0.008616787 0.011481195 0.0 0.0
0.0 0.0 0.0 0.0 0.044104453 0.0 0.0 0.0 0.10361484 0.0 0.07261653 0.025769604 0.009203635 0.013763586 0.0 0.033364877 0.0 0.04647844 0.05761049 0.020940967 0.0 0.0 0.0 0.0 0.0 0.0 0.0 0.06087127 0.0 0.05578079 0.04828487 0.0 0.0 0.036817003 0.016858043 0.043898728 0.0 0.008910921 0.01720719 0.0 0.0 0.075967856 0.0 0.050628282 0.0 0.04557542 0.0 0.0 0.0 0.0 0.0 0.0 0.0 0.092581585 0.0 0.0
0.0 0.0 0.017998591 0.0 0.0 0.0 0.0004128447 0.0 0.0 0.0 0.0069874143 0.0 0.117385864 0.008221091 0.081826024 0.0 0.06710126 0.030403627 0.0 0.0 0.0 0.0 0.111682504 0.0 0.06601765 0.1247118 0.12634844 0.0 0.08814849 0.0 0.027188558 0.15158594 0.0 0.0 0.009790665 0.0 0.0 0.05108169 0.0 0.0 0.0054423246 0.02156718 0.023129648 0.0 0.0 0.074497975 0.064347506 0.0 0.0 0.0 0.0 0.0 0.0 0.0 0.023170276 0.0
0.12685241 0.0 0.025703598 0.0 0.0 0.0 0.05888115 0.060364388 0.0 0.0 0.0019223179 0.011893367 0.0 0.0 0.0034139717 0.0 0.0 0.011350185 0.0 0.0069435746 0.020136092 0.0 0.021024587 0.0 0.0 0.0 0.0 0.0 0.0 0.018027028 0.0 0.0 0.0 0.023741847 0.039616365 0.0 0.10809426 0.038697224 0.017777728 0.0 0.0 0.0 0.0 0.04557542 0.074497975 0.0 0.0 0.006196476 0.0 0.0 0.0 0.015825283 0.0 0.0 0.0044940063 0.034890372
0.0 0.0028289414 0.019902997 0.0 0.020943597 0.005458055 0.0 0.11035499 0.054169126 0.0 0.0158031 0.059665214 0.0 0.0 0.0 0.089628704 0.0 0.0 0.042681605 0.02698995 0.027387362 0.0 0.026535938 0.0 0.0 0.019098304 0.0 0.0047794734 0.0 0.028413618 0.008925683 0.0 0.037915487 0.03398761 0.061543386 0.0 0.0785683 0.0 0.031802274 0.0 0.0 0.0 0.0 0.0 0.064347506 0.0 0.0 0.0 0.0 0.0 0.014139545 0.0011605892 0.0 0.024721608 0.026575904 0.0
0.0 0.0 0.010117234 0.0 0.0 0.028777992 0.0 0.0 0.0 0.0 0.062545985 0.0 0.0 0.016660646 0.0 0.054789208 0.0 0.035802204 0.0 0.0 0.05801383 0.0 0.10959447 0.02119249 0.00022242923 0.028067186 0.059063435 0.0 0.0 0.0 0.004217375 0.0 0.047796573 0.0 0.0013307648 0.0 0.0 0.0 0.03011833 0.07637202 0.030252442 0.0 0.0133359125 0.0 0.0 0.0061964756 0.0 0.05348506 0.0 0.0 0.099365264 0.011321367 0.061372835 0.0 0.0056195008 0.0
0.0 0.11188095 0.0 0.0 0.0 0.0 0.09965458 0.117639475 0.03265881 0.11823465 0.0 0.0 0.0 0.019769011 0.05341614 0.0027170458 0.0 0.0 0.0 0.0 0.0 0.0 0.0036559824 0.04716893 0.0 0.0 0.0 0.014569974 0.0 0.048589557 0.0 0.0 0.0 0.0 0.0 0.047393776 0.020432597 0.06966592 0.0 0.0 0.03217836 0.0 0.0 0.0 0.0 0.0 0.0 0.0 0.0 0.0 0.0 0.085672274 0.0 0.0 0.0 0.0069307177
0.0 0.0 0.0 0.0 0.0 0.0 0.18006952 0.0 0.0 0.0 0.0 0.0 0.0701693 0.0 0.0 0.0 0.0 0.026109478 0.0 0.0 0.0 0.0 0.0 0.0 0.026346412 0.0 0.0 0.066410266 0.25210807 0.0 0.0 0.0 0.0 0.0 0.0055188998 0.0 0.0 0.0 0.0 0.0 0.0 0.0 0.0 0.0 0.0 0.0 0.0 0.0 0.0 0.0033062627 0.0 0.049147725 0.0 0.0926398 0.0 0.117660046
0.0 0.025599629 0.0 0.00035343406 0.0 0.0 0.025872901 0.022290671 0.0 0.0025374922 0.0 0.0 0.0 0.030729564 0.014468988 0.0 0.042632006 0.048257206 0.0 0.0 0.13084562 0.06919039 0.003644015 0.05682405 0.026931731 0.0 0.012257447 0.0 0.031565376 0.0 0.0 0.007364116 0.0523206 0.0 0.0 0.19888458 0.02238693 0.0 0.0 0.0012981124 0.0154584525 0.15390366 0.0 0.0 0.0 0.0 0.014139544 0.099365264 0.0 0.0 0.0 0.031276103 0.0 0.0 0.0 0.027370617
0.09192517 0.02025552 0.11053774 0.13597573 0.022324292 0.0 0.0 0.0 0.0 0.0 0.025343526 0.0 0.0 0.0 0.035286784 0.0 0.059976112 0.0 0.0 0.018237974 0.025526617 0.06252161 0.017717734 0.01911927 0.0 0.003920341 0.02760354 0.004948853 0.0 0.0 0.0 0.09125115 0.01825518 0.0107875075 0.021130534 0.058250744 0.0 0.006455114 0.0 0.0 0.0 0.027952323 0.0 0.0 0.0 0.015825283 0.0011605892 0.011321367 0.085672274 0.04914773 0.031276103 0.0 0.0 0.0 0.16868794 0.0
0.0 0.032467317 0.017627042 0.0 0.020357851 0.035486046 0.0035560427 0.0 0.0 0.0 0.0 0.1216276 0.0 0.0 0.0 0.009992409 0.026728882 0.011983464 0.068927065 0.004548887 0.007434629 0.0 0.0 0.0 0.074725345 0.0 0.02236926 0.0 0.0 0.093054995 0.01472114 0.0 0.04016601 0.11830319 0.0 0.0 0.0 0.0 0.090318136 0.0 0.0 0.0 0.008616787 0.0 0.0 0.0 0.0 0.061372835 0.0 0.0 0.0 0.0 0.059343655 0.023380786 0.0 0.0
0.0 0.009876046 0.020661239 0.0 0.0 0.0 0.0046810303 0.0 0.022623435 0.0 0.0 0.0529939 0.0 0.031191383 0.0 0.0 0.024950344 0.0 0.015648581 0.04928042 0.0 0.08769888 0.0 0.0 0.0 0.0 0.0 0.0 0.03217876 0.075509936 0.0 0.0 0.0 0.048363984 0.0 0.0013048709 0.00097220496 0.0 0.0 0.0 0.0 0.044022992 0.011481195 0.092581585 0.0 0.0 0.024721608 0.0 0.0 0.0926398 0.0 0.0 0.023380788 0.12741378 0.0 0.104731865
0.0077912016 0.043075357 0.0 0.021671006 0.0 0.0 0.0 0.019340144 0.033524513 0.101870015 0.028606268 0.0 0.0 0.012240715 0.027861526 0.0 0.0 0.03644976 0.0 0.0 0.0 0.0 0.016536795 0.19075541 0.0 0.0 0.05181857 0.0123467585 0.0028362675 0.0 0.0 0.0 0.0 0.0 0.03293423 0.039758645 0.0 0.0131576 0.0 0.0 0.021248821 0.0 0.0 0.0 0.023170276 0.0044940063 0.026575906 0.0056195008 0.0 0.0 0.0 0.16868794 0.0 0.0 0.0 0.0
0.0 0.0 0.0 0.0 0.1409414 0.018149352 0.0 0.0 0.018063406 0.0 0.0012261443 0.057956398 0.02590449 0.0 0.0 0.035667364 0.0 0.0 0.13850348 0.09568124 0.0 0.0 0.0007024605 0.0 0.0 0.05055898 0.04433935 0.0022251706 0.0 0.009259383 0.15526676 0.048745215 0.0 0.027892085 0.0 0.0 0.0 0.02107635 0.0 0.0 0.0 0.0 0.0 0.0 0.0 0.034890372 0.0 0.0 0.0069307173 0.11766005 0.027370617 0.0 0.0 0.10473186 0.0 0.0
