0.0 0.0 0.05919647 0.05497726 0.0 0.0044837883 0.0 0.0 0.0 0.0 0.0 0.0 0.04042098 0.016972233 0.0 0.044840723 0.04946905 0.0 0.03345647 0.0 0.0 0.0 0.08664361 0.0 0.017584374 0.112096846 0.0 0.0 0.0 0.0 0.13724135 0.0 0.0 0.06546357 0.0 0.0 0.0 0.0 0.0 0.13205917 0.0 0.0 0.061252028 0.0 0.0 0.0 0.0 0.0 0.0 0.0 0.053060595 0.0 0.0 0.072419226 0.026350677 0.0
0.0 0.0 0.0 0.0 0.009406592 0.0 0.0 0.0084996605 0.0 0.009498042 0.0 0.0 0.0 0.0 0.0 0.10967997 0.01144158 0.0 0.059471454 0.0 0.0 0.0 0.0 0.0 0.0 0.0 0.024605183 0.0 0.0 0.019073907 0.0 0.042791314 0.06018965 0.0 0.0 0.0 0.035754617 0.042878542 0.035732508 0.0 0.0 0.0 0.0 0.0 0.013311621 0.0 0.0 0.0 0.17358446 0.02547297 0.0 0.055543903 0.0 0.0 0.0 0.0
0.05919647 0.0 0.0 0.0 0.0 0.04254587 0.01271028 0.116436206 0.0 0.0 0.0 0.0 0.008975446 0.0 0.03810499 0.026341999 0.0 0.03394027 0.0054069934 0.015289447 0.013354297 0.0 0.0 0.0 0.041125525 0.0 0.028422156 0.1287441 0.0 0.0 0.012843122 0.0 0.0 0.015712878 0.0 0.0 0.018064225 0.039589085 0.034621418 0.0 0.0 0.0 0.0 0.0 0.014151112 0.0 0.0 0.052515734 0.0 0.09096903 0.0 0.0 0.0 0.0 0.0 0.0
0.05497726 0.0 0.0 0.0 0.0 0.0 0.0 0.075815804 0.0 0.09051483 0.0 0.0 0.0 0.0 0.0 0.0 0.0 0.0 0.0 0.0 0.0 0.0 0.0 0.057872634 0.0 0.0 0.0 0.016537273 0.0 0.017749341 0.0 0.0 0.02260829 0.0 0.115468256 0.0 0.0 0.0 0.095028274 0.0 0.0041233846 0.04509106 0.0 0.014709084 0.14602073 0.0 0.0 0.069291376 0.024619607 0.022064231 0.0 0.07606896 0.0 0.0 0.09363153 0.0
0.0 0.009406592 0.0 0.0 0.0 0.0 0.0026215676 0.021291764 0.07299068 0.0 0.0 0.0 0.023499534 0.0 0.0 0.0 0.0 0.0 0.0 0.0 0.0 0.051768057 0.0 0.0 0.01709177 0.0 0.028348278 0.0 0.0 0.0 0.0 0.0 0.0 0.0 0.0699454 0.036968913 0.0 0.013429712 0.07090092 0.0 0.046876617 0.06370141 0.0 0.0038665298 0.0 0.047060777 0.09309553 0.0 0.052602813 0.0 0.0 0.0 0.049075726 0.21956888 0.0 0.0
0.0044837883 0.0 0.04254587 0.0 0.0 0.0 0.021312369 0.12495253 0.0 0.0136327855 0.03210455 0.0 0.0 0.0 0.0 0.0 0.0139795365 0.010369204 0.0 0.0 0.0 0.0 0.0 0.0608837 0.0 0.0 0.0 0.0 0.07744851 0.0 0.0 0.0 0.0 0.0 0.17324077 0.092944436 0.07261536 0.0 0.014868975 0.0 0.0 0.06327336 0.0 0.0 0.044424377 0.0 0.0 0.0 0.0 0.0 0.0 0.12110661 0.0 0.018031739 0.0 0.032519877
0.0 0.0 0.012710281 0.0 0.0026215676 0.021312369 0.0 0.0 0.0 0.0 0.0 0.0020079403 0.1158511 0.02617732 0.0 0.0 0.0 0.0 0.0 0.0 0.011303731 0.0 0.0 0.0 0.021920871 0.045976963 0.0 0.011772766 0.0 0.0 0.0 0.011625969 0.0 0.0 0.0 0.028517503 0.00937626 0.0 0.05420019 0.06825897 0.043295328 0.03575243 0.057359934 0.06280384 0.0 0.0 0.09565794 0.0 0.0 0.0 0.0 0.0 0.0 0.079193614 0.022971297 0.11886348
0.0 0.008499661 0.116436206 0.07581581 0.021291764 0.12495253 0.0 0.0 0.117931396 0.0 0.0 0.0 0.025102854 0.0 0.019043574 0.016497478 0.05601613 0.0 0.02104036 0.075625174 0.0 0.0 0.0 0.0 0.0 0.0 0.026005292 0.0 0.0 0.0 0.059046037 0.025925333 0.0 0.039427187 0.0 0.0 0.0 0.0 0.0 0.13571827 0.0 0.012382994 0.011412225 0.0 0.026770443 0.0 0.0959961 0.0 0.0 0.0 0.0 0.0 0.0 0.0 0.0 0.07377982
0.0 0.0 0.0 0.0 0.07299068 0.0 0.0 0.11793139 0.0 0.0 0.0 0.0 0.0 0.0 0.0 0.0 0.015644046 0.014786136 0.0 0.039352547 0.0 0.02683409 0.0 0.10188033 0.010655162 0.0 0.0 0.0 0.0 0.080836125 0.0 0.10776202 0.0 0.0 0.0068040537 0.0 0.0 0.0 0.042424493 0.0 0.0 0.030213725 0.0 0.0 0.0 0.07211135 0.0 0.0 0.047180314 0.04929753 0.0 0.078401245 0.0 0.0 0.0 0.0
0.0 0.009498042 0.0 0.090514824 0.0 0.013632785 0.0 0.0 0.0 0.0 0.0 0.0 0.0 0.0048018727 0.0 0.09720981 0.031004695 0.0 0.14710002 0.0 0.0 0.0 0.0 0.0 0.0 0.12783742 0.0 0.0 0.0 0.0 0.082794964 0.0 0.0 0.25589633 0.0 0.0 0.0 0.0 0.0 0.0 0.025714649 0.0 0.0 0.0 0.010148439 0.0 0.0 0.0 0.0 0.0 0.0 0.0 0.0 0.052556496 0.049255755 0.0
0.0 0.0 0.0 0.0 0.0 0.03210455 0.0 0.0 0.0 0.0 0.2772577 0.0 0.0 0.09111854 0.0 0.057120696 0.0 0.0 0.0 0.0 0.0 0.0 0.02355849 0.0 0.0 0.04713691 0.032638405 0.012123126 0.049592227 0.0028203898 0.004242233 0.0 0.0 0.0 0.10287596 0.09666217 0.0 0.014856806 0.0016454423 0.0 0.07886683 0.0 0.0 0.0 0.0 0.0 0.0 0.0 0.0 0.0 0.0448166 0.014728349 0.0 0.0 0.0 0.0
0.0 0.0 0.0 0.0 0.0 0.0 0.00200794 0.0 0.0 0.0 0.0 0.0 0.0 0.0 0.0 0.0 0.0 0.0 0.0 0.0 0.057095543 0.18159065 0.0 0.0 0.0 0.0 0.0060904776 0.29484037 0.0 0.0 0.0 0.0 0.0 0.0 0.0 0.025322922 0.0 0.0346377 0.0 0.0 0.0 0.0 0.01891083 0.0032479805 0.0033388257 0.0 0.0 0.13139415 0.0 0.0402529 0.0 0.0 0.01690273 0.0 0.0 0.071731344
0.040420983 0.0 0.008975446 0.0 0.023499535 0.0 0.115851104 0.025102852 0.0 0.0 0.0 0.0 0.0 0.0 0.023207402 0.022501675 0.0 0.0 0.0 0.059716 0.0 0.034113985 0.0 0.030381858 0.027281968 0.0 0.0 0.0 0.0 0.14219348 0.0 0.027373161 0.07662833 0.0 0.0 0.0 0.0 0.0063853962 0.0 0.0 0.09155422 0.013697433 0.0 0.058300205 0.0 0.0 0.0 0.0 0.029222395 0.07506871 0.0 0.013422497 0.010915828 0.0 0.0 0.030097967
0.01697223 0.0 0.0 0.0 0.0 0.0 0.026177322 0.0 0.0 0.004801872 0.091118544 0.0 0.0 0.09854108 0.045666628 0.0 0.0 0.0 0.0 0.0 0.031436708 0.0 0.06110345 0.05799359 0.0 0.0 0.012530596 0.0 0.0 0.009452945 0.0 0.0 0.115026966 0.0 0.0 0.0 0.0 0.0 0.0073330845 0.23895408 0.033217937 0.0 0.0 0.0 0.0 0.019083153 0.0 0.0 0.0 0.0 0.0 0.0 0.0 0.0 0.035463326 0.0
0.0 0.0 0.03810499 0.0 0.0 0.0 0.0 0.019043574 0.0 0.0 0.0 0.0 0.023207404 0.045666628 0.0 0.0 0.11491254 0.0 0.01039849 0.0 0.0 0.0 0.0 0.046455942 0.020049553 0.028551815 0.0 0.0 0.0 0.0 0.0 0.0 0.0 0.0 0.12992941 0.0 0.0 0.0 0.0066362605 0.0 0.0012942271 0.10102344 0.06770521 0.0 0.0 0.0 0.003751237 0.0 0.0 0.10801511 0.0 0.0 0.0 0.0 0.014121777 0.052430756
0.044840723 0.10967998 0.026342 0.0 0.0 0.0 0.0 0.016497476 0.0 0.09720981 0.057120696 0.0 0.022501675 0.0 0.0 0.0 0.0 0.0 0.006331118 0.0 0.0 0.0 0.0 0.0055250763 0.0 0.0 0.0 0.0 0.11338384 0.0 0.0 0.0 0.0 0.005849082 0.04667062 0.0 0.019709079 0.0 0.0 0.0 0.0002022889 0.16993558 0.0 0.0 0.024684338 0.0 0.0 0.0 0.0 0.0028096638 0.0 0.09090713 0.0 0.05137849 0.0 0.15756948
0.04946905 0.011441579 0.0 0.0 0.0 0.0139795365 0.0 0.05601613 0.015644046 0.031004695 0.0 0.0 0.0 0.0 0.11491254 0.0 0.0 0.0 0.0 0.041117325 0.0355581 0.0 0.0 0.0 0.0 0.0 0.028921392 0.00535029 0.0 0.0 0.0 0.0 0.0 0.0 0.03662238 0.0 0.026870046 0.08646563 0.0 0.0 0.0 0.0 0.05381637 0.0 0.0 0.0 0.03247846 0.17830741 0.0 0.0 0.0 0.13911696 0.0 0.0 0.0 0.0
0.0 0.0 0.03394027 0.0 0.0 0.010369204 0.0 0.0 0.014786136 0.0 0.0 0.0 0.0 0.0 0.0 0.0 0.0 0.044215787 0.0 0.0 0.0 0.0 0.04371328 0.0 0.0 0.0 0.0019057215 0.0 0.0 0.030429583 0.0 0.05137896 0.0 0.0 0.012356483 0.0 0.0 0.0 0.104058534 0.0 0.0 0.0 0.0 0.030914214 0.13474572 0.030693257 0.08895424 0.022968985 0.034274306 0.07143599 0.14965308 0.0 0.1032785 0.0 0.0 0.0
0.03345647 0.059471454 0.0054069934 0.0 0.0 0.0 0.0 0.02104036 0.0 0.14710002 0.0 0.0 0.0 0.0 0.01039849 0.006331118 0.0 0.0 0.07821699 0.104140475 0.0 0.0 0.0 0.04075107 0.0 0.0 0.06664262 0.0 0.0 0.0 0.0 0.0 0.0 0.0 0.056198042 0.0 0.06443216 0.039158005 0.0 0.0 0.0 0.0 0.0 0.0 0.121084765 0.0 0.0 0.01843523 0.031341724 0.0 0.0 0.07055009 0.0 0.0 0.0 0.0
0.0 0.0 0.015289447 0.0 0.0 0.0 0.0 0.075625174 0.039352547 0.0 0.0 0.0 0.059716005 0.0 0.0 0.0 0.041117325 0.0 0.104140475 0.0 0.0 0.009692724 0.0 0.06849357 0.0 0.0 0.0 0.0 0.081035785 0.0 0.0 0.026913792 0.0 0.0 0.05992101 0.082773805 0.0 0.0 0.0 0.0 0.0 0.123064086 0.0 0.06317144 0.0 0.018357353 0.052890807 0.0 0.06404418 0.0 0.0 0.0 0.00509305 0.048405252 0.0 0.0380151
0.0 0.0 0.013354296 0.0 0.0 0.0 0.011303731 0.0 0.0 0.0 0.0 0.057095543 0.0 0.031436708 0.0 0.0 0.0355581 0.0 0.0 0.0 0.0 0.054754015 0.0 0.0 0.11051939 0.0 0.0 0.0 0.018328762 0.0 0.0 0.03922313 0.0 0.08518801 0.0 0.0 0.0 0.0 0.0 0.0 0.08317045 0.104717374 0.0 0.0 0.0 0.05331225 0.0 0.0 0.0 0.0 0.0 0.0 0.0 0.0 0.0 0.0900811
0.0 0.0 0.0 0.0 0.051768057 0.0 0.0 0.0 0.02683409 0.0 0.0 0.18159065 0.034113985 0.0 0.0 0.0 0.0 0.0 0.0 0.009692725 0.05475401 0.14601418 0.0 0.0 0.17800064 0.0 0.06432803 0.0 0.0 0.0 0.0 0.08145956 0.0 0.013505349 0.0 0.027671594 0.04000774 0.0 0.0 0.0 0.0 0.0 0.0 0.0 0.0 0.0 0.0 0.0 0.0 0.0 0.0 0.043964375 0.0 0.0 0.0 0.0
0.08664361 0.0 0.0 0.0 0.0 0.0 0.0 0.0 0.0 0.0 0.023558492 0.0 0.0 0.061103445 0.0 0.0 0.0 0.04371328 0.0 0.0 0.0 0.0 0.24980012 0.056467228 0.0 0.0047464515 0.13186525 0.002429873 0.0 0.0 0.0 0.0 0.031742547 0.0 0.0 0.0 0.0 0.0 0.0 0.0 0.0 0.006158433 0.0 0.045849178 0.0 0.08168272 0.0 0.0 0.014667084 0.027055481 0.062129177 0.00731787 0.0 0.0 0.093729205 0.0
0.0 0.0 0.0 0.057872638 0.0 0.0608837 0.0 0.0 0.101880334 0.0 0.0 0.0 0.030381858 0.057993587 0.046455942 0.0055250763 0.0 0.0 0.040751074 0.06849357 0.0 0.0 0.056467228 0.16779657 0.02598991 0.0 0.01277984 0.0 0.0 0.0 0.04145879 0.030022286 0.0 0.0 0.0 0.0 0.0 0.0 0.044664104 0.0 0.0 0.0 0.0 0.0 0.0 0.08575312 0.0 0.0 0.026684841 0.017486067 0.019292386 0.0 0.0822893 0.0 0.0 0.0
0.017584372 0.0 0.041125525 0.0 0.01709177 0.0 0.021920873 0.0 0.010655162 0.0 0.0 0.0 0.027281968 0.0 0.020049553 0.0 0.0 0.0 0.0 0.0 0.11051939 0.17800064 0.0 0.02598991 0.0 0.0 0.104853585 0.09656618 0.0 0.0 0.0 0.0 0.0 0.0 0.0 0.0 0.0 0.0064018546 0.0038170146 0.0 0.0 0.0 0.115719125 0.03020115 0.039506096 0.008656445 0.01650419 0.0 0.0 0.13852811 0.0 0.0 0.0 0.0 0.004502962 0.0
0.11209685 0.0 0.0 0.0 0.0 0.0 0.045976963 0.0 0.0 0.12783742 0.04713691 0.0 0.0 0.0 0.028551815 0.0 0.0 0.0 0.0 0.0 0.0 0.0 0.004746451 0.0 0.0 0.0 0.0 0.0 0.0 0.03217475 0.0 0.0 0.19031447 0.0 0.09734237 0.0 0.04897233 0.0 0.0 0.0 0.0 0.0 0.0 0.0 0.06701231 0.0 0.0 0.0 0.0 0.058589466 0.0 0.0 0.0 0.0 0.0 0.0
0.0 0.024605185 0.028422156 0.0 0.028348278 0.0 0.0 0.026005292 0.0 0.0 0.032638405 0.0060904776 0.0 0.012530596 0.0 0.0 0.02892139 0.0019057215 0.06664262 0.0 0.0 0.06432804 0.13186526 0.01277984 0.104853585 0.0 0.0 0.0 0.0750611 0.0 0.0 0.0 0.021344608 0.0 0.0004680647 0.021911997 0.0 0.0 0.05467586 0.0 0.0 0.01409322 0.0 0.08219095 0.0 0.033384476 0.014565848 0.0 0.12690328 0.049913142 0.0 0.0 0.06722361 0.0 0.016804881 0.0
0.0 0.0 0.12874411 0.016537273 0.0 0.0 0.011772766 0.0 0.0 0.0 0.012123126 0.29484037 0.0 0.0 0.0 0.0 0.0053502894 0.0 0.0 0.0 0.0 0.0 0.002429873 0.0 0.09656618 0.0 0.0 0.0 0.03346838 0.10552487 0.0 0.0 0.07905766 0.017591516 0.0 0.00673982 0.0 0.0 0.025539776 0.0 0.022280874 0.0 0.0 0.089067206 0.0 0.0 0.0 0.0 0.0 0.0 0.0 0.0 0.15094326 0.0 0.0 0.0
0.0 0.0 0.0 0.0 0.0 0.07744851 0.0 0.0 0.0 0.0 0.049592227 0.0 0.0 0.0 0.0 0.11338383 0.0 0.0 0.0 0.08103579 0.018328764 0.0 0.0 0.0 0.0 0.0 0.075061105 0.033468377 0.0 0.0 0.12927265 0.05516081 0.0 0.0 0.0 0.0 0.088046506 0.0 0.0 0.05015386 0.0 0.0 0.078041874 0.0 0.0 0.0 0.020166973 0.0 0.0 0.0 0.0 0.005142945 0.0 0.0 0.0 0.0
0.0 0.019073905 0.0 0.017749341 0.0 0.0 0.0 0.0 0.08083613 0.0 0.00282039 0.0 0.1421935 0.009452945 0.0 0.0 0.0 0.030429583 0.0 0.0 0.0 0.0 0.0 0.0 0.0 0.03217475 0.0 0.10552487 0.0 0.0 0.0 0.016884893 0.0 0.06113964 0.0 0.09418459 0.0 0.0 0.0 0.0 0.16989465 0.0 0.05854849 0.0 0.0 0.0 0.014504481 0.04269425 0.0 0.0 0.053454977 0.0 0.0 0.0 0.0 0.0
0.13724135 0.0 0.012843122 0.0 0.0 0.0 0.0 0.05904604 0.0 0.082794964 0.004242233 0.0 0.0 0.0 0.0 0.0 0.0 0.0 0.0 0.0 0.0 0.0 0.0 0.041458793 0.0 0.0 0.0 0.0 0.12927265 0.0 0.0 0.0 0.0 0.0 0.18884619 0.0 0.0 0.0 0.0 0.0 0.0 0.0075811446 0.0 0.0 0.047840007 0.0 0.0 0.0 0.0 0.011521423 0.0 0.12833975 0.0 0.0 0.0031439764 0.0
0.0 0.042791314 0.0 0.0 0.0 0.0 0.011625969 0.025925335 0.10776201 0.0 0.0 0.0 0.027373161 0.0 0.0 0.0 0.0 0.051378958 0.0 0.026913792 0.03922313 0.08145955 0.0 0.030022286 0.0 0.0 0.0 0.0 0.05516081 0.016884893 0.0 0.031982835 0.0 0.0 0.0 0.0 0.0 0.04519105 0.09660009 0.0 0.019664148 0.0 0.0 0.09320284 0.0 0.033556275 0.13158125 0.0 0.083511755 0.030541634 0.015694952 0.0 0.046033695 0.0 0.0 0.0
0.0 0.06018965 0.0 0.022608288 0.0 0.0 0.0 0.0 0.0 0.0 0.0 0.0 0.07662833 0.115026966 0.0 0.0 0.0 0.0 0.0 0.0 0.0 0.0 0.031742547 0.0 0.0 0.19031446 0.021344608 0.07905766 0.0 0.0 0.0 0.0 0.0 0.0 0.0 0.017117167 0.0 0.0 0.0 0.016006732 0.0 0.0 0.0 0.08684002 0.0 0.02639462 0.0 0.0 0.0 0.0 0.095878504 0.0 0.0 0.016401367 0.21707693 0.0
0.06546357 0.0 0.015712878 0.0 0.0 0.0 0.0 0.039427187 0.0 0.25589633 0.0 0.0 0.0 0.0 0.0 0.0058490816 0.0 0.0 0.0 0.0 0.08518801 0.013505349 0.0 0.0 0.0 0.0 0.0 0.017591514 0.0 0.061139636 0.0 0.0 0.0 0.12489343 0.0 0.0 0.15608676 0.0 0.0 0.019210616 0.028327588 0.0 0.026261473 0.049070142 0.0 0.0 0.0 0.0 0.0 0.0 0.0 0.0 0.0 0.0 0.0 0.0
0.0 0.0 0.0 0.115468256 0.0699454 0.17324078 0.0 0.0 0.006804054 0.0 0.10287596 0.0 0.0 0.0 0.12992942 0.04667062 0.03662238 0.012356483 0.056198046 0.05992101 0.0 0.0 0.0 0.0 0.0 0.09734237 0.0004680647 0.0 0.0 0.0 0.18884619 0.0 0.0 0.0 0.0 0.0 0.0 0.0 0.0 0.0 0.0 0.0 0.0 0.0 0.0 0.011844105 0.0 0.0 0.0 0.0 0.0 0.0 0.0 0.0 0.0 0.0
0.0 0.0 0.0 0.0 0.036968913 0.092944436 0.028517501 0.0 0.0 0.0 0.09666217 0.025322922 0.0 0.0 0.0 0.0 0.0 0.0 0.0 0.082773805 0.0 0.027671594 0.0 0.0 0.0 0.0 0.021911997 0.00673982 0.0 0.094184585 0.0 0.0 0.017117167 0.0 0.0 0.0 0.0 0.0 0.032023586 0.0 0.02554329 0.02147701 0.011929448 0.0 0.036352806 0.0 0.0 0.0 0.016325636 0.012431442 0.0 0.0 0.0 0.0 0.0 0.0
0.0 0.035754617 0.018064227 0.0 0.0 0.07261536 0.0093762595 0.0 0.0 0.0 0.0 0.0 0.0 0.0 0.0 0.019709077 0.026870044 0.0 0.06443215 0.0 0.0 0.04000774 0.0 0.0 0.0 0.04897233 0.0 0.0 0.08804651 0.0 0.0 0.0 0.0 0.15608676 0.0 0.0 0.15073073 0.0 0.0 0.0 0.0 0.0 0.0 0.0 0.14155036 0.0 0.0 0.0 0.0 0.0 0.0 0.0 0.011896519 0.0 0.0 0.22243102
0.0 0.04287854 0.039589085 0.0 0.013429712 0.0 0.0 0.0 0.0 0.0 0.014856806 0.0346377 0.006385396 0.0 0.0 0.0 0.08646563 0.0 0.039158005 0.0 0.0 0.0 0.0 0.0 0.0064018546 0.0 0.0 0.0 0.0 0.0 0.0 0.04519105 0.0 0.0 0.0 0.0 0.0 0.0 0.21849658 0.0 0.0 0.0 0.0 0.0 0.013130784 0.0026491194 0.16115792 0.0 0.12799816 0.0 0.0035267654 0.0 0.1864323 0.01000138 0.0 0.0
0.0 0.035732508 0.034621418 0.095028274 0.07090092 0.014868976 0.054200195 0.0 0.042424493 0.0 0.0016454424 0.0 0.0 0.0073330845 0.0066362605 0.0 0.0 0.10405853 0.0 0.0 0.0 0.0 0.0 0.044664104 0.0038170144 0.0 0.05467586 0.025539776 0.0 0.0 0.0 0.09660009 0.0 0.0 0.0 0.032023583 0.0 0.21849658 0.0 0.0 0.0 0.019671284 0.0 0.0 0.0 0.060516335 0.008590818 0.0 0.0 0.0 0.0 0.0 0.0 0.0 0.0 0.0
0.13205917 0.0 0.0 0.0 0.0 0.0 0.06825897 0.13571827 0.0 0.0 0.0 0.0 0.0 0.23895408 0.0 0.0 0.0 0.0 0.0 0.0 0.0 0.0 0.0 0.0 0.0 0.0 0.0 0.0 0.05015386 0.0 0.0 0.0 0.016006732 0.019210616 0.0 0.0 0.0 0.0 0.0 0.105445325 0.15215309 0.038563844 0.0 0.0 0.0 0.0 0.0 0.0 0.0037078978 0.001576855 0.0 0.0 0.0 0.031259675 0.0 0.09342745
0.0 0.0 0.0 0.004123385 0.046876617 0.0 0.043295328 0.0 0.0 0.025714649 0.07886683 0.0 0.09155422 0.033217933 0.0012942271 0.00020228891 0.0 0.0 0.0 0.0 0.08317045 0.0 0.0 0.0 0.0 0.0 0.0 0.022280874 0.0 0.16989465 0.0 0.019664148 0.0 0.028327588 0.0 0.02554329 0.0 0.0 0.0 0.15215309 0.03826307 0.0 0.10139247 0.0 0.0 0.0 0.0 0.0 0.039602358 0.0 0.0 0.035936873 0.011634123 0.0 0.0 0.0
0.0 0.0 0.0 0.04509106 0.06370141 0.06327336 0.035752427 0.012382994 0.030213725 0.0 0.0 0.0 0.013697433 0.0 0.101023436 0.16993558 0.0 0.0 0.0 0.12306409 0.10471738 0.0 0.006158433 0.0 0.0 0.0 0.01409322 0.0 0.0 0.0 0.007581144 0.0 0.0 0.0 0.0 0.02147701 0.0 0.0 0.019671284 0.038563844 0.0 0.06537382 0.023589648 0.0180191 0.0 0.0 0.0 0.0 0.005099119 0.0 0.0 0.0 0.012969086 0.09356204 0.0 0.0
0.061252028 0.0 0.0 0.0 0.0 0.0 0.057359934 0.011412225 0.0 0.0 0.0 0.018910829 0.0 0.0 0.0677052 0.0 0.053816374 0.0 0.0 0.0 0.0 0.0 0.0 0.0 0.11571912 0.0 0.0 0.0 0.07804188 0.058548488 0.0 0.0 0.0 0.026261473 0.0 0.011929448 0.0 0.0 0.0 0.0 0.10139247 0.023589648 0.0 0.053510413 0.0 0.0 0.0 0.0 0.0 0.048164327 0.0 0.0 0.0 0.1816289 0.0 0.017504169
0.0 0.0 0.0 0.014709085 0.00386653 0.0 0.06280384 0.0 0.0 0.0 0.0 0.0032479805 0.058300205 0.0 0.0 0.0 0.0 0.030914215 0.0 0.06317144 0.0 0.0 0.045849178 0.0 0.03020115 0.0 0.082190946 0.08906721 0.0 0.0 0.0 0.09320284 0.08684001 0.049070142 0.0 0.0 0.0 0.0 0.0 0.0 0.0 0.0180191 0.053510416 0.0 0.0 0.0 0.0 0.07800072 0.013522317 0.0 0.007851031 0.02635233 0.0 0.0 0.037425447 0.0
0.0 0.013311621 0.014151114 0.14602073 0.0 0.044424377 0.0 0.02677044 0.0 0.01014844 0.0 0.0033388257 0.0 0.0 0.0 0.024684338 0.0 0.13474573 0.121084765 0.0 0.0 0.0 0.0 0.0 0.039506096 0.0670123 0.0 0.0 0.0 0.0 0.04784001 0.0 0.0 0.0 0.0 0.036352806 0.14155035 0.013130784 0.0 0.0 0.0 0.0 0.0 0.0 0.0 0.0 0.02373373 0.08447293 0.0 0.0 0.08308416 0.0 0.0 0.0 0.104264714 0.0
0.0 0.0 0.0 0.0 0.047060777 0.0 0.0 0.0 0.07211135 0.0 0.0 0.0 0.0 0.019083153 0.0 0.0 0.0 0.030693257 0.0 0.018357353 0.05331225 0.0 0.08168272 0.08575312 0.008656445 0.0 0.03338448 0.0 0.0 0.0 0.0 0.03355628 0.02639462 0.0 0.011844105 0.0 0.0 0.0026491194 0.06051633 0.0 0.0 0.0 0.0 0.0 0.0 0.054525312 0.043483417 0.14390351 0.0 0.0 0.076388694 0.021402596 0.0 0.0 0.06476959 0.0
0.0 0.0 0.0 0.0 0.09309553 0.0 0.095657945 0.095996104 0.0 0.0 0.0 0.0 0.0 0.0 0.003751237 0.0 0.03247846 0.08895424 0.0 0.052890804 0.0 0.0 0.0 0.0 0.01650419 0.0 0.014565848 0.0 0.020166973 0.014504482 0.0 0.13158125 0.0 0.0 0.0 0.0 0.0 0.1611579 0.008590818 0.0 0.0 0.0 0.0 0.0 0.02373373 0.04348342 0.0 0.0 0.028598381 0.0 0.0 0.03974154 0.0 0.0 0.0 0.0
0.0 0.0 0.052515738 0.06929137 0.0 0.0 0.0 0.0 0.0 0.0 0.0 0.13139415 0.0 0.0 0.0 0.0 0.17830741 0.022968983 0.01843523 0.0 0.0 0.0 0.0 0.0 0.0 0.0 0.0 0.0 0.0 0.042694252 0.0 0.0 0.0 0.0 0.0 0.0 0.0 0.0 0.0 0.0 0.0 0.0 0.0 0.07800072 0.08447294 0.1439035 0.0 0.0 0.0 0.06075715 0.0 0.0 0.07444042 0.0 0.011657349 0.010089684
0.0 0.17358446 0.0 0.024619607 0.05260281 0.0 0.0 0.0 0.047180317 0.0 0.0 0.0 0.029222395 0.0 0.0 0.0 0.0 0.034274306 0.031341724 0.06404418 0.0 0.0 0.014667084 0.026684841 0.0 0.0 0.12690328 0.0 0.0 0.0 0.0 0.08351175 0.0 0.0 0.0 0.016325634 0.0 0.12799816 0.0 0.003707898 0.039602358 0.005099119 0.0 0.013522317 0.0 0.0 0.028598381 0.0 0.0 0.0 0.011789911 0.009546536 0.0 0.0 0.0 0.0
0.0 0.02547297 0.090969026 0.022064233 0.0 0.0 0.0 0.0 0.04929753 0.0 0.0 0.040252898 0.07506871 0.0 0.10801512 0.0028096638 0.0 0.07143599 0.0 0.0 0.0 0.0 0.027055481 0.017486067 0.13852811 0.058589466 0.049913142 0.0 0.0 0.0 0.011521423 0.030541636 0.0 0.0 0.0 0.012431442 0.0 0.0 0.0 0.0015768548 0.0 0.0 0.048164327 0.0 0.0 0.0 0.0 0.06075715 0.0 0.021192098 0.12839726 0.0 0.0 0.0 0.0 0.0
0.05306059 0.0 0.0 0.0 0.0 0.0 0.0 0.0 0.0 0.0 0.044816595 0.0 0.0 0.0 0.0 0.0 0.0 0.14965308 0.0 0.0 0.0 0.0 0.062129177 0.019292386 0.0 0.0 0.0 0.0 0.0 0.053454973 0.0 0.015694954 0.095878504 0.0 0.0 0.0 0.0 0.0035267654 0.0 0.0 0.0 0.0 0.0 0.007851031 0.08308416 0.0763887 0.0 0.0 0.011789911 0.12839727 0.0 0.0 0.11597645 0.0 0.02468075 0.0
0.0 0.055543903 0.0 0.07606897 0.0 0.1211066 0.0 0.0 0.078401245 0.0 0.01472835 0.0 0.013422497 0.0 0.0 0.09090713 0.13911697 0.0 0.070550084 0.0 0.0 0.043964375 0.0073178704 0.0 0.0 0.0 0.0 0.0 0.005142945 0.0 0.12833974 0.0 0.0 0.0 0.0 0.0 0.0 0.0 0.0 0.0 0.035936873 0.0 0.0 0.026352331 0.0 0.021402594 0.039741535 0.0 0.009546537 0.0 0.0 0.0 0.04265474 0.0 0.0 0.0
0.0 0.0 0.0 0.0 0.04907573 0.0 0.0 0.0 0.0 0.0 0.0 0.016902732 0.010915828 0.0 0.0 0.0 0.0 0.103278495 0.0 0.00509305 0.0 0.0 0.0 0.0822893 0.0 0.0 0.067223616 0.15094326 0.0 0.0 0.0 0.046033695 0.0 0.0 0.0 0.0 0.011896519 0.18643229 0.0 0.0 0.011634123 0.012969085 0.0 0.0 0.0 0.0 0.0 0.07444041 0.0 0.0 0.115976445 0.04265474 0.0 0.0 0.0 0.0
0.07241923 0.0 0.0 0.0 0.21956888 0.018031737 0.07919361 0.0 0.0 0.052556492 0.0 0.0 0.0 0.0 0.0 0.05137849 0.0 0.0 0.0 0.048405256 0.0 0.0 0.0 0.0 0.0 0.0 0.0 0.0 0.0 0.0 0.0 0.0 0.016401367 0.0 0.0 0.0 0.0 0.010001379 0.0 0.031259675 0.0 0.09356203 0.1816289 0.0 0.0 0.0 0.0 0.0 0.0 0.0 0.0 0.0 0.0 0.0 0.019835515 0.0
0.026350677 0.0 0.0 0.09363153 0.0 0.0 0.022971299 0.0 0.0 0.049255755 0.0 0.0 0.0 0.035463322 0.014121776 0.0 0.0 0.0 0.0 0.0 0.0 0.0 0.093729205 0.0 0.004502962 0.0 0.016804881 0.0 0.0 0.0 0.0031439767 0.0 0.21707691 0.0 0.0 0.0 0.0 0.0 0.0 0.0 0.0 0.0 0.0 0.037425447 0.10426471 0.06476959 0.0 0.011657348 0.0 0.0 0.02468075 0.0 0.0 0.019835515 0.11212606 0.0
0.0 0.0 0.0 0.0 0.0 0.03251988 0.118863486 0.07377982 0.0 0.0 0.0 0.071731344 0.030097965 0.0 0.05243076 0.15756948 0.0 0.0 0.0 0.0380151 0.0900811 0.0 0.0 0.0 0.0 0.0 0.0 0.0 0.0 0.0 0.0 0.0 0.0 0.0 0.0 0.0 0.22243103 0.0 0.0 0.09342745 0.0 0.0 0.017504169 0.0 0.0 0.0 0.0 0.010089684 0.0 0.0 0.0 0.0 0.0 0.0 0.0 0.0
