0.0 0.1426728 0.0 0.0 0.0 0.03978161 0.0 0.0 0.026451772 0.0 0.0 0.0 0.0 0.0 0.0 0.0 0.06187433 0.0 0.0075981193 0.0 0.020984627 0.025134606 0.0 0.0 0.063391514 0.049944058 0.0 0.0 0.0 0.0 0.0 0.0 0.0 0.042160667 0.0 0.0 0.0 0.0 0.14744882 0.0 0.014271119 0.1613344 0.0 0.04637345 0.0 0.0 0.0 0.0 0.025858577 0.0 0.018065969 0.02016014 0.027432023 0.0027119957 0.0 0.06938744
0.14267279 0.0 0.016941248 0.0 0.0 0.007901431 0.021581734 0.0 0.054393902 0.016862035 0.0 0.07686941 0.03731704 0.0 0.0 0.0 0.06408574 0.0 0.07341115 0.0 0.0 0.0 0.0 0.0 0.024997773 0.0 0.0 0.0 0.0 0.0 0.0 0.0 0.0 0.0 0.0 0.0 0.0 0.0 0.0 0.0 0.0 0.0 0.023609297 0.06360755 0.0 0.056242228 0.0 0.0 0.009061105 0.15532133 0.0 0.0 0.14076728 0.10949047 0.0 0.0
0.0 0.016941248 0.0 0.0 0.0 0.0 0.06210079 0.02415893 0.0 0.019442528 0.0 0.0 0.0025394214 0.0 0.0 0.0 0.021060983 0.0 0.0 0.0 0.0 0.0 0.0 0.14109252 0.0 0.0 0.0023568198 0.018790709 0.20208262 0.0 0.0 0.0 0.0 0.0 0.0 0.045825746 0.014898348 0.0 0.011717887 0.0 0.0 0.0013786402 0.0 0.05957519 0.042302374 0.105520815 0.0 0.0 0.0 0.0 0.0 0.0 0.0452105 0.0785437 0.0 0.0
0.0 0.0 0.0 0.0 0.0 0.0 0.028628936 0.0 0.02591313 0.058700856 0.0 0.14629683 0.021406293 0.0 0.0 0.123474576 0.0 0.0 0.0 0.12105811 0.0 0.0 0.028503226 0.0 0.0 0.0 0.0 0.009430876 0.0 0.0 0.029087244 0.0 0.0 0.0 0.0 0.0 0.0 0.04178627 0.0 0.0 0.0 0.045350883 0.0 0.03379568 0.008155162 0.09628987 0.04161304 0.027345289 0.0 0.0 0.0 0.0 0.0 0.019500814 0.0 0.0
0.0 0.0 0.0 0.0 0.005129307 0.0 0.056521736 0.0 0.072802916 0.0 0.0 0.013588245 0.0 0.0036886814 0.10235662 0.0 0.0 0.0 0.00864882 0.0 0.027426308 0.0 0.0 0.0 0.0 0.0 0.0 0.0 0.22135918 0.14417203 0.0 0.0 0.0 0.0 0.0 0.011755209 0.0 0.0 0.0 0.062913686 0.0 0.086868554 0.015982715 0.0 0.0 0.0 0.08074274 0.0 0.0 0.0 0.0 0.0 0.023971243 0.0 0.0 0.064611755
0.03978161 0.00790143 0.0 0.0 0.0 0.0 0.0 0.063977435 0.10372539 0.0 0.066454805 0.0511143 0.0 0.0 0.12863776 0.0 0.0 0.0 0.009979262 0.0 0.028545111 0.0 0.0 0.010382185 0.0 0.0 0.0 0.0 0.0 0.049493194 0.0 0.0 0.0 0.0 0.0115803955 0.0 0.0 0.0022348084 0.051004015 0.0 0.0 0.007579889 0.0 0.06625788 0.0 0.0 0.061597344 0.0 0.032556653 0.0 0.0 0.06882272 0.0 0.03507637 0.0 0.0
0.0 0.021581732 0.06210079 0.028628936 0.056521736 0.0 0.18263832 0.0 0.0 0.0 0.010283195 0.0 0.0 0.0 0.092538185 0.0 0.011246931 0.0 0.14165677 0.0 0.0 0.006078884 0.0 0.0 0.0 0.0 0.0 0.03257524 0.0 0.023795864 0.0 0.059300218 0.0 0.05057468 0.0 0.0049288087 0.0 0.036455777 0.0 0.056499034 0.0 0.0 0.0 0.0 0.0 0.014228053 0.0 0.0 0.0 0.023668963 0.0 0.0 0.0 0.0 0.0 0.04162356
0.0 0.0 0.024158929 0.0 0.0 0.063977435 0.0 0.0 0.0 0.0 0.0 0.011720682 0.0 0.0 0.003341348 0.047743294 0.0027455762 0.0028401087 0.040193852 0.0 0.028630303 0.14994904 0.0 0.0 0.05920237 0.08669675 0.0 0.0 0.0 0.013470611 0.0 0.0 0.22012076 0.15471314 0.0 0.0 0.0 0.0 0.0 0.0 0.0 0.03713613 0.0 0.0 0.0 0.0 0.019556895 0.0 0.058863916 0.0 0.04345503 0.010990176 0.014382178 0.0 0.011120455 0.0
0.02645177 0.054393902 0.0 0.025913132 0.07280292 0.103725396 0.0 0.0 0.0 0.027025519 0.0 0.0 0.0 0.0 0.0 0.026838165 0.0 0.02433416 0.0063047786 0.05467466 0.0 0.0 0.0 0.009313727 0.0 0.0 0.26437503 0.0 0.0 0.0 0.07756519 0.0 0.006763021 0.0 0.0 0.0 0.037161004 0.0 0.0 0.0 0.0 0.0 0.0 0.0 0.02437271 0.10270759 0.0 0.0 0.0 0.0 0.08706153 0.0 0.0 0.0 0.032145362 0.0
0.0 0.016862035 0.019442528 0.058700856 0.0 0.0 0.0 0.0 0.027025519 0.0 0.025917718 0.0 0.0 0.0 0.0 0.0 0.14094199 0.0 0.0 0.0 0.0 0.0 0.0 0.015529694 0.19598801 0.0 0.0 0.0 0.0 0.007708056 0.0 0.0 0.0 0.0 0.0 0.0 0.0 0.0 0.0 0.0 0.017889567 0.10511267 0.0 0.0006564045 0.0 0.033407435 0.0 0.0 0.10616022 0.036573652 0.0 0.029065771 0.12958525 0.0 0.0 0.0
0.0 0.0 0.0 0.0 0.0 0.066454805 0.010283195 0.0 0.0 0.025917718 0.0 0.025576238 0.0 0.0 0.1130067 0.09598279 0.0040347264 0.0 0.0 0.09287873 0.0 0.0 0.0 0.0 0.03015152 0.0 0.0 0.0 0.0 0.07825548 0.012651387 0.0 0.0 0.0 0.07336295 0.0 0.14511383 0.0 0.23759389 0.0 0.0 0.0 0.0 0.0 0.03637942 0.0 0.0 0.016484387 0.0 0.0 0.0 0.0 0.011951851 0.0 0.0 0.0
0.0 0.07686942 0.0 0.14629684 0.013588245 0.0511143 0.0 0.011720682 0.0 0.0 0.025576238 0.012912515 0.012834438 0.07811761 0.047190763 0.002844113 0.0 0.0 0.0 0.0 0.0 0.0 0.0 0.0 0.0 0.0 0.0 0.0 0.005667572 0.0 0.0 0.0 0.0 0.0 0.0 0.016932473 0.0 0.0 0.0 0.11820191 0.0 0.0 0.0 0.20280977 0.0 0.0 0.11055362 0.0 0.0 0.0 0.020959668 0.0 0.0 0.0076464964 0.0 0.04295007
0.0 0.03731704 0.0025394214 0.021406293 0.0 0.0 0.0 0.0 0.0 0.0 0.0 0.012834438 0.0 0.0 0.0 0.053037975 0.0 0.0 0.0 0.0 0.0 0.03138351 0.07016315 0.0363322 0.0 0.1012969 0.064772576 0.15294182 0.0 0.0 0.0 0.0 0.0717465 0.0 0.0 0.0 0.023641905 0.0 0.0 0.0014514789 0.0 0.0 0.08357606 0.0 0.0 0.0 0.013089457 0.0 0.0 0.06632117 0.0 0.0 0.0 0.08870334 0.056280598 0.0
0.0 0.0 0.0 0.0 0.0036886814 0.0 0.0 0.0 0.0 0.0 0.0 0.07811761 0.0 0.046532214 0.0 0.0 0.0 0.1242108 0.0 0.0 0.0 0.04993194 0.0 0.10908393 0.0 0.060696132 0.0 0.0 0.0 0.0 0.0 0.04647065 0.0 0.07331295 0.054887246 0.067371935 0.0 0.03922902 0.0 0.0 0.009322554 0.0 0.031890094 0.0 0.0 0.053291757 0.0 0.0 0.0 0.11400509 0.0 0.0 0.0 0.07138169 0.06175473 0.03397349
0.0 0.0 0.0 0.0 0.10235662 0.12863776 0.092538185 0.003341348 0.0 0.0 0.11300671 0.047190763 0.0 0.0 0.0 0.0 0.0 0.0 0.0 0.014174008 0.0 0.0 0.0 0.044349585 0.021895288 0.0 0.028497625 0.0 0.0 0.020813588 0.0 0.06436704 0.0 0.0 0.0 0.0 0.0 0.0 0.0 0.0 0.0 0.0 0.0 0.0 0.0 0.0 0.0 0.0 0.0 0.0 0.0 0.060012214 0.12044045 0.0 0.0 0.0
0.0 0.0 0.0 0.12347458 0.0 0.0 0.0 0.047743294 0.026838165 0.0 0.0959828 0.0028441132 0.053037975 0.0 0.0 0.0 0.0059581655 0.0 0.0 0.0 0.0 0.0005116353 0.041026577 0.029750776 0.0 0.002255328 0.0 0.03734661 0.0 0.0 0.15691024 0.13651167 0.0 0.0 0.0 0.0 0.0 0.0289181 0.0 0.0041866414 0.052334614 0.0 0.0 0.00011238859 0.0 0.0139740305 0.0 0.0038351028 0.04986923 0.07907406 0.0018363197 0.0 0.0 0.0 0.0 0.0
0.061874326 0.06408574 0.021060985 0.0 0.0 0.0 0.011246931 0.002745576 0.0 0.14094199 0.0040347264 0.0 0.0 0.0 0.0 0.0059581655 0.0 0.0 0.0 0.0 0.0 0.015176821 0.0 0.0 0.0 0.0 0.0 0.0 0.13343205 0.0 0.0 0.0 0.0 0.0 0.0 0.09042719 0.15287395 0.0 0.0 0.0 0.027261076 0.0 0.0 0.004750187 0.081507735 0.0 0.0 0.0 0.0 0.0 0.0 0.0 0.0 0.0 0.0 0.0
0.0 0.0 0.0 0.0 0.0 0.0 0.0 0.0028401087 0.02433416 0.0 0.0 0.0 0.0 0.1242108 0.0 0.0 0.0 0.0 0.0 0.018279286 0.0 0.0 0.0017851467 0.0 0.0 0.0 0.024945134 0.0 0.03274833 0.009964673 0.04247576 0.0 0.0 0.0 0.17106946 0.0 0.06768129 0.017534938 0.0 0.079080686 0.0 0.0 0.0 0.0 0.0037779473 0.0 0.0 0.0 0.0 0.0 0.0 0.011914077 0.0 0.0 0.18361774 0.0
0.00759812 0.07341116 0.0 0.0 0.00864882 0.009979261 0.14165679 0.040193852 0.0063047786 0.0 0.0 0.0 0.0 0.0 0.0 0.0 0.0 0.0 0.0 0.0 0.0 0.0 0.0 0.007750245 0.0 0.0 0.0 0.00625969 0.11694963 0.0 0.0 0.03684627 0.0 0.0 0.0 0.016713867 0.0 0.0 0.0 0.06028426 0.0 0.0103321085 0.012127571 0.0 0.0 0.01131487 0.0 0.015192072 0.0 0.0 0.0 0.036161024 0.22609124 0.05159559 0.0 0.0
0.0 0.0 0.0 0.12105811 0.0 0.0 0.0 0.0 0.054674655 0.0 0.09287873 0.0 0.0 0.0 0.014174008 0.0 0.0 0.018279284 0.0 0.0 0.109513536 0.0 0.0068130475 0.020022362 0.0 0.0 0.0 0.0 0.0 0.0 0.12092073 0.0 0.0 0.0 0.0 0.0 0.031029513 0.0 0.0 0.0 0.0 0.0 0.0 0.0028746997 0.0 0.0 0.0 0.15598907 0.11114552 0.0 0.013754449 0.0 0.0 0.016733306 0.08687789 0.0
0.020984627 0.0 0.0 0.0 0.027426308 0.02854511 0.0 0.028630303 0.0 0.0 0.0 0.0 0.0 0.0 0.0 0.0 0.0 0.0 0.0 0.10951353 0.0 0.0 0.060924668 0.0 0.0 0.0 0.0 0.0 0.0 0.0 0.0 0.0 0.0 0.0 0.0 0.0 0.0 0.019274702 0.0 0.0 0.085399374 0.0 0.0 0.061369434 0.026223466 0.0054765646 0.11675702 0.0 0.0 0.0 0.090494834 0.0 0.0 0.112399876 0.0 0.0
0.025134606 0.0 0.0 0.0 0.0 0.0 0.006078884 0.14994904 0.0 0.0 0.0 0.0 0.03138351 0.04993194 0.0 0.0005116354 0.015176821 0.0 0.0 0.0 0.0 0.0 0.03338215 0.0 0.0 0.0 0.0 0.09497408 0.0 0.0 0.0 0.0 0.0 0.0 0.018200018 0.0 0.0 0.0 0.0 0.0680584 0.12769158 0.0 0.0 0.0 0.0 0.0 0.0 0.0015757226 0.0 0.0 0.18420568 0.009969711 0.0 0.0 0.041030295 0.095630705
0.0 0.0 0.0 0.028503226 0.0 0.0 0.0 0.0 0.0 0.0 0.0 0.0 0.07016315 0.0 0.0 0.041026577 0.0 0.0017851467 0.0 0.0068130475 0.060924664 0.03338215 0.0 0.0 0.0 0.0 0.0 0.0 0.0 0.0 0.18585466 0.0 0.0 0.0 0.025013091 0.00055538246 0.113133796 0.0 0.0 0.1338985 0.023298493 0.11692603 0.0 0.0 0.0048357947 0.0 0.0689958 0.1413769 0.010957442 0.0 0.0 0.0082385205 0.0 0.050235998 0.024243634 0.0
0.0 0.0 0.14109252 0.0 0.0 0.010382185 0.0 0.0 0.009313728 0.015529694 0.0 0.0 0.036332197 0.109083936 0.044349585 0.029750777 0.0 0.0 0.0077502443 0.020022362 0.0 0.0 0.0 0.0 0.029026065 0.069544666 0.03871741 0.0 0.0 0.018347405 0.0 0.0 0.079281114 0.0 0.033521257 0.0 0.024291895 0.0 0.0 0.0 0.0 0.0 0.0 0.0 0.0 0.011954905 0.0 0.045940842 0.032326754 0.0 0.0146526825 0.11038177 0.0 0.0 0.0428941 0.007176607
0.06339152 0.024997773 0.0 0.0 0.0 0.0 0.0 0.05920237 0.0 0.195988 0.03015152 0.0 0.0 0.0 0.02189529 0.0 0.0 0.0 0.0 0.0 0.0 0.0 0.0 0.029026065 0.0 0.0 0.0 0.0 0.003212818 0.032760315 0.0 0.0 0.0 0.0 0.004492374 0.16444285 0.045476444 0.031533636 0.0 0.0 0.0 0.0 0.0 0.0 0.29152715 0.0 0.0 0.0 0.0 0.0 0.0 0.014396682 0.0 0.0 0.0 0.0
0.049944058 0.0 0.0 0.0 0.0 0.0 0.0 0.08669675 0.0 0.0 0.0 0.0 0.1012969 0.06069614 0.0 0.0022553282 0.0 0.0 0.0 0.0 0.0 0.0 0.0 0.06954466 0.0 0.03659044 0.0 0.072983794 0.0 0.0 0.0 0.0 0.0 0.0 0.04763261 0.0 0.023846969 0.0 0.0 0.051245026 0.1371102 0.024782442 0.092962146 0.0051852274 0.0 0.0 0.0 0.0 0.0 0.0 0.036443274 0.0015476916 0.0 0.094234675 0.077340156 0.0
0.0 0.0 0.0023568198 0.0 0.0 0.0 0.0 0.0 0.26437503 0.0 0.0 0.0 0.064772576 0.0 0.028497623 0.0 0.0 0.024945134 0.0 0.0 0.0 0.0 0.0 0.038717408 0.0 0.0 0.0 0.0 0.0 0.0 0.0 0.0025452964 0.0 0.0 0.1240859 0.015174559 0.00046486143 0.07229141 0.0 0.0 0.0 0.102396674 0.0 0.0 0.0 0.013645281 0.022421569 0.09643034 0.0006440959 0.0 0.0 0.0 0.0 0.0 0.07901681 0.0
0.0 0.0 0.018790709 0.009430876 0.0 0.0 0.03257524 0.0 0.0 0.0 0.0 0.0 0.15294181 0.0 0.0 0.03734661 0.0 0.0 0.0062596896 0.0 0.0 0.09497408 0.0 0.0 0.0 0.072983794 0.0 0.0 0.0 0.0 0.06675375 0.0 0.0 0.022950877 0.0 0.0 0.0 0.0 0.0 0.13500857 0.009576655 0.0053168805 0.2562707 0.0 0.0 0.0 0.001615159 0.0 0.0 0.0 0.0 0.0 0.0 0.0 0.0 0.12318869
0.0 0.0 0.20208263 0.0 0.2213592 0.0 0.0 0.0 0.0 0.0 0.0 0.005667572 0.0 0.0 0.0 0.0 0.13343205 0.03274833 0.116949625 0.0 0.0 0.0 0.0 0.0 0.0032128182 0.0 0.0 0.0 0.064468026 0.031651847 0.0 0.10560316 0.0 0.03864619 0.0 0.15971465 0.0 0.017412324 0.0 0.0 0.0 0.0 0.029913442 0.0 0.022819987 0.031078361 0.0 0.0 0.0 0.0 0.0 0.012184593 0.0 0.0 0.0 0.0
0.0 0.0 0.0 0.0 0.14417201 0.049493194 0.023795864 0.01347061 0.0 0.0077080564 0.07825548 0.0 0.0 0.0 0.020813588 0.0 0.0 0.009964672 0.0 0.0 0.0 0.0 0.0 0.018347405 0.032760315 0.0 0.0 0.0 0.031651847 0.0 0.041150052 0.0 0.0 0.0 0.0 0.014462026 0.0 0.1563386 0.0 0.0 0.0 0.0 0.0 0.0 0.04330066 0.09074066 0.055472508 0.0 0.0 0.0 0.0 0.121129945 0.020496732 0.0 0.0 0.0
0.0 0.0 0.0 0.029087244 0.0 0.0 0.0 0.0 0.077565186 0.0 0.012651387 0.0 0.0 0.0 0.0 0.15691024 0.0 0.042475764 0.0 0.12092073 0.0 0.0 0.18585466 0.0 0.0 0.0 0.0 0.06675376 0.0 0.041150052 0.0 0.0 0.0 0.0 0.0 0.009064062 0.0 0.075753406 0.0 0.0 0.0 0.0 0.0 0.04645927 0.0 0.025406316 0.0 0.06208191 0.0 0.0 0.013749196 0.0 0.0 0.0 0.041911602 0.0
0.0 0.0 0.0 0.0 0.0 0.0 0.059300218 0.0 0.0 0.0 0.0 0.0 0.0 0.04647065 0.06436704 0.13651167 0.0 0.0 0.03684627 0.0 0.0 0.0 0.0 0.0 0.0 0.0 0.0025452962 0.0 0.10560316 0.0 0.0 0.0 0.0 0.0 0.043389894 0.08751272 0.04525606 0.10692339 0.0 0.09842661 0.0 0.0 0.0 0.0 0.039579667 0.024604896 0.010223924 0.0 0.0 0.0 0.0 0.0 0.0 0.010532213 0.08595601 0.063389905
0.0 0.0 0.0 0.0 0.0 0.0 0.0 0.22012076 0.006763021 0.0 0.0 0.0 0.0717465 0.0 0.0 0.0 0.0 0.0 0.0 0.0 0.0 0.0 0.0 0.079281114 0.0 0.0 0.0 0.0 0.0 0.0 0.0 0.0 0.0 0.0 0.03764465 0.09892818 0.0 0.0 0.01473657 0.0 0.14835936 0.070757285 0.0 0.03889318 0.0 0.0 0.010806842 0.03772037 0.0 0.0 0.0 0.07240858 0.0 0.0 0.016971609 0.015690459
0.042160667 0.0 0.0 0.0 0.0 0.0 0.05057468 0.15471314 0.0 0.0 0.0 0.0 0.0 0.07331295 0.0 0.0 0.0 0.0 0.0 0.0 0.0 0.0 0.0 0.0 0.0 0.0 0.0 0.022950875 0.03864619 0.0 0.0 0.0 0.0 0.06707856 0.001787409 0.0 0.0 0.0 0.0 0.0057042297 0.041305363 0.0033535175 0.036604617 0.0 0.0 0.0 0.014719604 0.0 0.0 0.0 0.050372828 0.1006242 0.0 0.037075285 0.030871104 0.0
0.0 0.0 0.0 0.0 0.0 0.0115803955 0.0 0.0 0.0 0.0 0.073362954 0.0 0.0 0.054887246 0.0 0.0 0.0 0.17106946 0.0 0.0 0.0 0.018200018 0.025013091 0.033521257 0.004492374 0.047632612 0.1240859 0.0 0.0 0.0 0.0 0.043389894 0.037644655 0.0017874091 0.0 0.0 0.0 0.0 0.0 0.0 0.0042702993 0.0 0.022045089 0.0 0.0 0.0 0.0 0.0 0.0 0.0 0.0753299 0.1020018 0.0 0.0 0.051876616 0.0
0.0 0.0 0.045825746 0.0 0.01175521 0.0 0.004928808 0.0 0.0 0.0 0.0 0.01693247 0.0 0.067371935 0.0 0.0 0.09042719 0.0 0.016713867 0.0 0.0 0.0 0.0005553824 0.0 0.16444285 0.0 0.015174558 0.0 0.15971467 0.014462026 0.009064062 0.08751272 0.098928176 0.0 0.0 0.0 0.0 0.0 0.0 0.0 0.0 0.0 0.0 0.058086254 0.0 0.01311259 0.0 0.0 0.03675868 0.0 0.0 0.0 0.0 0.0 0.0 0.0
0.0 0.0 0.014898348 0.0 0.0 0.0 0.0 0.0 0.037161004 0.0 0.14511383 0.0 0.023641905 0.0 0.0 0.0 0.15287395 0.0676813 0.0 0.031029511 0.0 0.0 0.11313379 0.024291897 0.045476444 0.023846969 0.00046486146 0.0 0.0 0.0 0.0 0.04525606 0.0 0.0 0.0 0.0 0.0 0.0 0.026257541 0.0 0.04680601 0.061155982 0.018011367 0.03587123 0.0 0.033765465 0.0 0.07229235 0.110262856 0.0 0.0 0.036974605 0.0 0.0 0.0 0.0
0.0 0.0 0.0 0.04178627 0.0 0.0022348082 0.03645578 0.0 0.0 0.0 0.0 0.0 0.0 0.03922902 0.0 0.0289181 0.0 0.017534938 0.0 0.0 0.019274704 0.0 0.0 0.0 0.031533636 0.0 0.07229142 0.0 0.017412324 0.1563386 0.07575341 0.10692339 0.0 0.0 0.0 0.0 0.0 0.0 0.0 0.0 0.0 0.032053605 0.0 0.0 0.0 0.044602875 0.0 0.0 0.19824699 0.0 0.0 0.0 0.0016471476 0.0 0.0 0.039263655
0.14744881 0.0 0.011717887 0.0 0.0 0.051004015 0.0 0.0 0.0 0.0 0.23759389 0.0 0.0 0.0 0.0 0.0 0.0 0.0 0.0 0.0 0.0 0.0 0.0 0.0 0.0 0.0 0.0 0.0 0.0 0.0 0.0 0.0 0.014736571 0.0 0.0 0.0 0.026257543 0.0 0.2021471 0.0 0.0 0.0 0.0 0.0 0.16333686 0.0 0.0 0.0046404437 0.0 0.0 0.0 0.0 0.0 0.0 0.0 0.0
0.0 0.0 0.0 0.0 0.062913686 0.0 0.05649903 0.0 0.0 0.0 0.0 0.11820191 0.0014514789 0.0 0.0 0.004186642 0.0 0.079080686 0.060284264 0.0 0.0 0.06805841 0.1338985 0.0 0.0 0.051245026 0.0 0.13500856 0.0 0.0 0.0 0.09842661 0.0 0.0057042297 0.0 0.0 0.0 0.0 0.0 0.0 0.0 0.0 0.030486459 0.0 0.0 0.0 0.0 0.0 0.029733455 0.042573377 0.0 0.0 0.0 0.0 0.03363682 0.0
0.014271119 0.0 0.0 0.0 0.0 0.0 0.0 0.0 0.0 0.017889567 0.0 0.0 0.0 0.009322554 0.0 0.052334614 0.027261075 0.0 0.0 0.0 0.085399374 0.12769157 0.02329849 0.0 0.0 0.13711022 0.0 0.009576655 0.0 0.0 0.0 0.0 0.14835934 0.04130536 0.0042702993 0.0 0.04680601 0.0 0.0 0.0 0.0 0.0 0.0 0.0 0.01137801 0.0 0.0 0.0 0.03789227 0.2141934 0.015668755 0.0 0.0 0.016883075 0.026797654 0.0
0.16133438 0.0 0.0013786401 0.045350883 0.086868554 0.0075798887 0.0 0.03713613 0.0 0.10511268 0.0 0.0 0.0 0.0 0.0 0.0 0.0 0.0 0.0103321085 0.0 0.0 0.0 0.11692602 0.0 0.0 0.024782442 0.102396674 0.0053168805 0.0 0.0 0.0 0.0 0.07075729 0.0033535177 0.0 0.0 0.061155982 0.0320536 0.0 0.0 0.0 0.0 0.0 0.0 0.07478463 0.024087347 0.0 0.0 0.0 0.0 0.12072732 0.0 0.0 0.0 0.0071523474 0.0
0.0 0.023609297 0.0 0.0 0.015982714 0.0 0.0 0.0 0.0 0.0 0.0 0.0 0.08357606 0.031890094 0.0 0.0 0.0 0.0 0.012127572 0.0 0.0 0.0 0.0 0.0 0.0 0.09296215 0.0 0.2562707 0.029913442 0.0 0.0 0.0 0.0 0.036604617 0.022045089 0.0 0.018011367 0.0 0.0 0.030486459 0.0 0.0 0.0 0.0 0.0 0.0 0.0 0.0 0.0 0.01335932 0.0 0.022939414 0.0 0.0 0.0021347108 0.19763964
0.04637345 0.06360755 0.059575185 0.03379568 0.0 0.06625788 0.0 0.0 0.0 0.00065640453 0.0 0.20280977 0.0 0.0 0.0 0.00011238858 0.004750187 0.0 0.0 0.0028746997 0.061369434 0.0 0.0 0.0 0.0 0.005185227 0.0 0.0 0.0 0.0 0.046459273 0.0 0.03889318 0.0 0.0 0.05808625 0.035871226 0.0 0.0 0.0 0.0 0.0 0.0 0.0 0.032850675 0.0 0.018087527 0.0 0.0 0.059022367 0.0 0.0 0.015695104 0.036571518 0.017101567 0.0
0.0 0.0 0.04230237 0.008155162 0.0 0.0 0.0 0.0 0.024372708 0.0 0.03637942 0.0 0.0 0.0 0.0 0.0 0.081507735 0.0037779475 0.0 0.0 0.026223466 0.0 0.0048357947 0.0 0.29152715 0.0 0.0 0.0 0.022819985 0.04330066 0.0 0.039579667 0.0 0.0 0.0 0.0 0.0 0.0 0.16333684 0.0 0.01137801 0.07478464 0.0 0.032850675 0.0 0.0 0.08658122 0.0 0.012460246 0.0 0.0 0.047088496 0.070243135 0.0 0.0 0.0
0.0 0.056242228 0.10552082 0.09628987 0.0 0.0 0.014228053 0.0 0.10270759 0.033407435 0.0 0.0 0.0 0.053291757 0.0 0.0139740305 0.0 0.0 0.01131487 0.0 0.005476564 0.0 0.0 0.011954905 0.0 0.0 0.01364528 0.0 0.031078361 0.09074066 0.025406316 0.024604896 0.0 0.0 0.0 0.01311259 0.033765465 0.044602875 0.0 0.0 0.0 0.024087347 0.0 0.0 0.0 0.07381004 0.026851937 0.0 0.011254341 0.0 0.0 0.057534005 0.00042052224 0.0 0.0 0.0
0.0 0.0 0.0 0.04161304 0.08074274 0.061597347 0.0 0.019556895 0.0 0.0 0.0 0.11055362 0.013089457 0.0 0.0 0.0 0.0 0.0 0.0 0.0 0.11675701 0.0 0.0689958 0.0 0.0 0.0 0.022421567 0.001615159 0.0 0.055472508 0.0 0.010223924 0.010806842 0.014719604 0.0 0.0 0.0 0.0 0.0 0.0 0.0 0.0 0.0 0.018087527 0.08658122 0.026851937 0.0 0.011401974 0.013588108 0.060863305 0.023479357 0.0 0.17138387 0.0 0.0 0.0
0.0 0.0 0.0 0.027345289 0.0 0.0 0.0 0.0 0.0 0.0 0.016484387 0.0 0.0 0.0 0.0 0.003835103 0.0 0.0 0.015192071 0.15598908 0.0 0.0015757226 0.14137691 0.045940842 0.0 0.0 0.09643034 0.0 0.0 0.0 0.06208191 0.0 0.03772037 0.0 0.0 0.0 0.07229235 0.0 0.0046404437 0.0 0.0 0.0 0.0 0.0 0.0 0.0 0.011401974 0.030373033 0.050426316 0.0 0.108453915 0.0421043 0.0 0.0 0.013848288 0.0
0.025858577 0.009061106 0.0 0.0 0.0 0.032556653 0.0 0.058863916 0.0 0.106160216 0.0 0.0 0.0 0.0 0.0 0.049869232 0.0 0.0 0.0 0.11114552 0.0 0.0 0.010957442 0.032326754 0.0 0.0 0.0006440959 0.0 0.0 0.0 0.0 0.0 0.0 0.0 0.0 0.03675868 0.110262856 0.19824699 0.0 0.029733455 0.03789227 0.0 0.0 0.0 0.012460245 0.011254341 0.013588107 0.050426316 0.0 0.0 0.065684386 0.0 0.0 0.0 0.0 0.0
0.0 0.15532134 0.0 0.0 0.0 0.0 0.023668963 0.0 0.0 0.036573656 0.0 0.0 0.06632118 0.11400509 0.0 0.07907406 0.0 0.0 0.0 0.0 0.0 0.0 0.0 0.0 0.0 0.0 0.0 0.0 0.0 0.0 0.0 0.0 0.0 0.0 0.0 0.0 0.0 0.0 0.0 0.042573377 0.21419342 0.0 0.01335932 0.059022367 0.0 0.0 0.0608633 0.0 0.0 0.0 0.0 0.0 0.0 0.041826647 0.0020256226 0.0
0.018065969 0.0 0.0 0.0 0.0 0.0 0.0 0.04345503 0.08706154 0.0 0.0 0.020959668 0.0 0.0 0.0 0.0018363197 0.0 0.0 0.0 0.01375445 0.090494834 0.18420568 0.0 0.014652682 0.0 0.03644327 0.0 0.0 0.0 0.0 0.013749196 0.0 0.0 0.05037283 0.07532989 0.0 0.0 0.0 0.0 0.0 0.015668755 0.12072733 0.0 0.0 0.0 0.0 0.023479357 0.108453915 0.065684386 0.0 0.0 0.0 0.0 0.020229446 0.009570139 0.06605073
0.02016014 0.0 0.0 0.0 0.0 0.06882272 0.0 0.010990176 0.0 0.029065771 0.0 0.0 0.0 0.0 0.060012214 0.0 0.0 0.011914077 0.036161024 0.0 0.0 0.009969711 0.0082385205 0.11038177 0.014396683 0.0015476916 0.0 0.0 0.012184593 0.12112995 0.0 0.0 0.07240858 0.1006242 0.10200179 0.0 0.036974605 0.0 0.0 0.0 0.0 0.0 0.022939414 0.0 0.047088496 0.057534005 0.0 0.0421043 0.0 0.0 0.0 0.095482804 0.004392205 0.0 0.011474695 0.0
0.02743202 0.14076726 0.0452105 0.0 0.023971243 0.0 0.0 0.014382179 0.0 0.12958524 0.011951851 0.0 0.0 0.0 0.12044045 0.0 0.0 0.0 0.22609124 0.0 0.0 0.0 0.0 0.0 0.0 0.0 0.0 0.0 0.0 0.020496732 0.0 0.0 0.0 0.0 0.0 0.0 0.0 0.0016471476 0.0 0.0 0.0 0.0 0.0 0.015695104 0.070243135 0.00042052224 0.17138387 0.0 0.0 0.0 0.0 0.004392205 0.0 0.0 0.0 0.0
0.0027119955 0.10949048 0.0785437 0.019500814 0.0 0.035076372 0.0 0.0 0.0 0.0 0.0 0.0076464964 0.08870334 0.07138169 0.0 0.0 0.0 0.0 0.051595595 0.016733307 0.112399876 0.0 0.050236 0.0 0.0 0.094234675 0.0 0.0 0.0 0.0 0.0 0.010532214 0.0 0.037075285 0.0 0.0 0.0 0.0 0.0 0.0 0.016883075 0.0 0.0 0.036571518 0.0 0.0 0.0 0.0 0.0 0.04182665 0.020229444 0.0 0.0 0.122377954 0.0 0.035057046
0.0 0.0 0.0 0.0 0.0 0.0 0.0 0.011120455 0.032145362 0.0 0.0 0.0 0.056280598 0.061754726 0.0 0.0 0.0 0.18361776 0.0 0.08687789 0.0 0.041030295 0.024243634 0.042894103 0.0 0.077340156 0.07901681 0.0 0.0 0.0 0.0419116 0.085956015 0.016971609 0.030871104 0.05187662 0.0 0.0 0.0 0.0 0.03363682 0.026797652 0.0071523474 0.0021347108 0.017101565 0.0 0.0 0.0 0.013848287 0.0 0.0020256229 0.009570139 0.011474696 0.0 0.0 0.0909965 0.0
0.069387436 0.0 0.0 0.0 0.06461176 0.0 0.04162356 0.0 0.0 0.0 0.0 0.04295007 0.0 0.033973493 0.0 0.0 0.0 0.0 0.0 0.0 0.0 0.09563071 0.0 0.007176607 0.0 0.0 0.0 0.1231887 0.0 0.0 0.0 0.0633899 0.015690459 0.0 0.0 0.0 0.0 0.039263655 0.0 0.0 0.0 0.0 0.19763964 0.0 0.0 0.0 0.0 0.0 0.0 0.0 0.06605073 0.0 0.0 0.035057046 0.0 0.0
