0.10641618 0.0 0.0 0.0 0.0 0.0 0.0 0.0 0.0 0.1100089 0.1996514 0.0 0.0 0.0 0.07518998 0.0 0.0 0.0 0.0 0.0 0.012335938 0.0 0.0 0.0 0.0 0.0 0.0 0.0 0.0 0.0 0.06690014 0.0 0.097653314 0.0 0.11299991 0.0 0.04348511 0.08949621 0.0 0.0 0.0 0.0 0.0 0.0 0.04500783 0.0 0.0 0.025339061 0.0 0.0 0.008308385 0.058346584 0.0 0.0 0.10205634 0.0
0.0 0.0 0.0 0.0 0.0 0.08460618 0.0 0.0 0.0 0.0 0.0 0.0 0.0 0.0 0.051998314 0.04097886 0.0 0.0 0.02582999 0.0034380585 0.0 0.0 0.0 0.0 0.0 0.0 0.0 0.0 0.0 0.0 0.0 0.0 0.04168208 0.0 0.10837594 0.0 0.02460658 0.0 0.007529404 0.07315566 0.0 0.0 0.0 0.008353878 0.06473415 0.0 0.0 0.0035612625 0.12041005 0.10277261 0.0 0.0 0.0 0.011176478 0.0 0.0
0.0 0.0 0.0 0.0 0.0 0.0 0.0 0.0 0.0 0.0 0.0 0.0 0.0042783762 0.0762538 0.0 0.08703932 0.0 0.0009805993 0.0 0.04430204 0.0 0.0 0.072674625 0.0 0.0 0.040121127 0.051031433 0.122584246 0.0 0.0 0.028574368 0.0 0.02581547 0.043322474 0.0 0.0 0.0 0.0 0.0 0.06539069 0.0 0.0 0.0 0.0 0.0 0.0 0.0 0.0889795 0.0 0.0 0.01618974 0.0 0.0 0.017451141 0.086061865 0.0
0.0 0.0 0.0 0.0 0.01704012 0.0 0.0517811 0.0 0.0153485155 0.0 0.0 0.0 0.0 0.0 0.0 0.0 0.0 0.0 0.0011685342 0.0 0.0 0.012662048 0.0 0.05727554 0.0 0.0 0.0 0.0 0.012637972 0.010181903 0.0 0.083604306 0.0 0.0 0.0 0.0 0.0 0.0 0.0 0.12643015 0.1109285 0.0 0.22544149 0.0 0.0 0.004417846 0.0470615 0.0 0.039341006 0.0 0.0 0.0 0.0 0.15497752 0.0 0.0
0.0 0.0 0.0 0.01704012 0.0 0.007682873 0.0 0.0 0.0 0.0 0.0 0.064894326 0.0 0.0 0.0 0.0 0.05564699 0.0 0.033372875 0.009147075 0.026369551 0.061019134 0.0 0.0 0.039113402 0.0 0.038957324 0.0 0.0 0.021161208 0.019282848 0.04688473 0.024094546 0.0 0.0 0.0 0.0 0.0 0.2225024 0.0 0.0 0.0 0.03823538 0.0 0.014150665 0.01724507 0.0 0.026542615 0.020817412 0.06900677 0.0 0.0 0.16906516 0.0 0.0 0.0
0.0 0.084606186 0.0 0.0 0.0076828725 0.0 0.041185636 0.004549103 0.0 0.0 0.0 0.036544707 0.0 0.002266738 0.0 0.02526543 0.0 0.0 0.0009462076 0.0 0.0027247693 0.0 0.0 0.035149004 0.008880133 0.0 0.0 0.0 0.045844197 0.08067024 0.0 0.0 0.022421371 0.05009726 0.0 0.0 0.0 0.0 0.0068854513 0.10525155 0.06705827 0.01562114 0.06312759 0.0 0.0 0.019438041 0.05762316 0.0 0.098818995 0.0 0.0 0.0 0.094897754 0.024091313 0.0 0.019013183
0.0 0.0 0.0 0.0517811 0.0 0.041185632 0.0 0.0 0.0 0.0 0.0 0.0 0.0 0.0 0.0 0.0 0.0 0.0 0.0 0.13287698 0.0 0.0 0.0968048 0.0 0.0 0.0 0.05184881 0.0 0.0 0.0 0.10223794 0.0 0.013686326 0.0 0.0 0.0 0.0 0.05561453 0.07338021 0.11437896 0.0018525167 0.0 0.0 0.0 0.01198169 0.052580368 0.0 0.0 0.019650143 0.008248707 0.07079366 0.0011026914 0.0 0.054806095 0.020795234 0.0
0.0 0.0 0.0 0.0 0.0 0.004549103 0.0 0.00308009 0.0 0.034622524 0.0 0.0 0.0 0.0 0.009234677 0.0 0.0 0.0 0.0 0.0 0.035795003 0.0054065045 0.1912425 0.0 0.0 0.0 0.0 0.0 0.0 0.00086645415 0.0136689395 0.0 0.046153333 0.0 0.04995423 0.0024885559 0.0 0.008072071 0.0 0.0 0.0 0.015234897 0.0 0.043432854 0.0064316834 0.0 0.031423844 0.14751391 0.0 0.0 0.14751498 0.0 0.0 0.03626709 0.09620103 0.0
0.0 0.0 0.0 0.0153485155 0.0 0.0 0.0 0.0 0.0 0.0 0.0 0.0 0.15008946 0.036370885 0.0 0.0 0.0 0.0 0.05810241 0.0 0.0 0.07494438 0.0 0.0 0.0 0.0 0.015526434 0.10262113 0.11209991 0.0 0.0 0.0 0.0 0.09262897 0.0 0.0 0.02640847 0.0 0.0 0.039366473 0.0 0.0 0.08035602 0.0 0.0 0.025019005 0.0 0.040437803 0.0 0.003999581 0.0 0.0 0.0 0.009885417 0.0 0.009332941
0.1100089 0.0 0.0 0.0 0.0 0.0 0.0 0.034622524 0.0 0.21207394 0.063432515 0.0 0.0 0.0 0.045987204 0.0 0.022655463 0.0 0.0 0.0 0.0023465755 0.018850073 0.0034187348 0.062383063 0.0 0.0 0.0 0.0 0.17392276 0.024666134 0.050745126 0.0 0.010668632 0.06300307 0.033437364 0.0 0.09712484 0.007624476 0.0 0.0 0.0 0.007609728 0.0001153594 0.0 0.0 0.0 0.0 0.0 0.0 0.007034042 0.0 0.050932713 0.0 0.0 0.0 0.048367444
0.1996514 0.0 0.0 0.0 0.0 0.0 0.0 0.0 0.0 0.06343252 0.06942515 0.0 0.0 0.0 0.017199252 0.0 0.022453295 0.0 0.0 0.0 0.024512758 0.072594665 0.0 0.0 0.0 0.018365955 0.01544464 0.0 0.0 0.0 0.0029736836 0.0 0.0 0.0 0.09127423 0.0 0.23944771 0.0042668306 0.0 0.0 0.0 0.0 0.0 0.012619563 0.010384383 0.0 0.0 0.0 0.006123451 0.056710817 0.0 0.0 0.0 0.0 0.0 0.0
0.0 0.0 0.0 0.0 0.064894326 0.036544707 0.0 0.0 0.0 0.0 0.0 0.0 0.0 0.06608046 0.0 0.0764541 0.0 0.061619494 0.0 0.017591758 0.0067710946 0.015195935 0.085427605 0.0 0.0 0.19012496 0.11797516 0.05941006 0.0 0.0 0.013577425 0.0 0.0 0.04596872 0.0 0.0 0.0 0.0055380417 0.0123480875 0.0 0.018386176 0.0 0.026365258 0.0 0.0 0.0614648 0.0 0.05184513 0.0 0.0 0.0 0.014035381 0.0 0.0 0.0 0.0
0.0 0.0 0.0042783762 0.0 0.0 0.0 0.0 0.0 0.15008947 0.0 0.0 0.0 0.0 0.0 0.0 0.12258169 0.0 0.0 0.0 0.023578567 0.0 0.0 0.0 0.08018692 0.0 0.0 0.0 0.0 0.0 0.011079174 0.0 0.10001987 0.0 0.0 0.0 0.12534522 0.11349638 0.0 0.0048342175 0.0 0.0 0.013301001 0.0 0.0 0.0 0.0 0.0 0.0 0.08819946 0.0 0.0 0.070354104 0.0 0.0 0.0 0.0
0.0 0.0 0.0762538 0.0 0.0 0.002266738 0.0 0.0 0.036370885 0.0 0.0 0.066080466 0.0 0.0 0.026435278 0.0 0.028948288 0.114323325 0.011816936 0.0 0.0 0.0 0.0 0.0 0.13652131 0.0 0.0 0.0 0.0 0.099344365 0.0 0.0 0.0 0.0 0.0 0.0 0.0 0.0 0.0 0.0 0.0 0.007896035 0.0 0.06873276 0.15826705 0.0 0.09267657 0.0 0.0 0.0 0.0 0.0 0.0 0.015191828 0.0022182716 0.14688492
0.07518998 0.051998317 0.0 0.0 0.0 0.0 0.0 0.009234677 0.0 0.0459872 0.017199252 0.0 0.0 0.026435278 0.0 0.051662534 0.0 0.0 0.0 0.0012819065 0.0 0.0 0.02180774 0.028605158 0.0 0.021655789 0.011615995 0.0 0.0 0.0 0.013920416 0.0 0.0 0.0 0.036226455 0.0 0.0 0.0 0.0 0.06012297 0.0 0.0 0.0 0.0 0.04128296 0.0 0.0 0.034000166 0.0 0.0 0.026968367 0.026422432 0.0 0.06665442 0.10122137 0.0
0.0 0.04097886 0.08703932 0.0 0.0 0.025265431 0.0 0.0 0.0 0.0 0.0 0.0764541 0.1225817 0.0 0.051662534 0.07367537 0.011987375 0.0 0.018484244 0.0 0.0 0.01910724 0.0 0.03401202 0.007086004 0.0 0.0 0.0 0.09591306 0.0 0.0 0.0 0.03495244 0.0 0.0 0.0 0.0 0.0 0.0 0.0 0.0 0.06292901 0.0 0.144584 0.0 0.0 0.0 0.0 0.030050088 0.0061684004 0.0 0.0 0.08931487 0.0 0.0 0.0
0.0 0.0 0.0 0.0 0.05564699 0.0 0.0 0.0 0.0 0.022655463 0.022453293 0.0 0.0 0.028948288 0.0 0.011987375 0.0 0.040526666 0.0 0.13274604 0.0 0.0 0.16216 0.0 0.0 0.0 0.09395747 0.0 0.0 0.0 0.01505767 0.020342316 0.0 0.0 0.0077242474 0.0 0.021517143 0.024110157 0.00903797 0.0 0.006404629 0.0 0.0 0.010940349 0.07180721 0.034846842 0.0 0.0034303474 0.0 0.0 0.060626917 0.035795964 0.0 0.0 0.008816829 0.0
0.0 0.0 0.0009805992 0.0 0.0 0.0 0.0 0.0 0.0 0.0 0.0 0.06161949 0.0 0.114323325 0.0 0.0 0.04052667 0.0 0.0 0.0 0.08848579 0.12612994 0.0 0.0 0.0025223917 0.026083976 0.034062956 0.0 0.0 0.0 0.0 0.0 0.032077555 0.06983872 0.0 0.045805987 0.10181811 0.0 0.11576676 0.0 0.052686434 0.0 0.0 0.0 0.0043212464 0.022741526 0.020412479 0.021705756 0.07721197 0.03694559 0.0 0.0 0.0 0.0 0.0 0.0
0.0 0.02582999 0.0 0.001168534 0.03337288 0.00094620755 0.0 0.0 0.05810241 0.0 0.0 0.0 0.0 0.011816935 0.0 0.018484246 0.0 0.0 0.0 0.058247402 0.0 0.0 0.0 0.0 0.0 0.0 0.0 0.013920333 0.0 0.0 0.0 0.23983525 0.0 0.12319058 0.0 0.0 0.0 0.0034614163 0.0 0.0 0.0 0.0 0.0 0.0 0.0 0.10556128 0.0 0.0 0.0 0.0 0.0 0.026955463 0.0 0.0 0.0 0.0
0.0 0.0034380583 0.044302035 0.0 0.009147076 0.0 0.13287696 0.0 0.0 0.0 0.0 0.017591758 0.023578566 0.0 0.0012819064 0.0 0.13274603 0.0 0.0582474 0.0 0.067612156 0.0523964 0.0 0.0 0.0 0.0 0.0 0.0 0.012943717 0.07008312 0.0 0.0 0.0 0.0 0.0 0.0 0.0 0.0 0.0 0.11529184 0.0 0.121590264 0.09255941 0.0 0.0 0.0 0.06332355 0.007630098 0.02836699 0.0 0.0 0.0 0.023617264 0.0 0.0 0.0
0.0123359375 0.0 0.0 0.0 0.026369551 0.002724769 0.0 0.035795007 0.0 0.0023465757 0.024512757 0.006771095 0.0 0.0 0.0 0.0 0.0 0.08848579 0.0 0.067612156 0.0 0.0 0.035137787 0.13922967 0.0 0.0 0.009109463 0.0 0.0 0.011034453 0.06558446 0.048665117 0.0 0.0 0.0 0.0 0.0 0.02523984 0.0 0.0 0.007709668 0.031892106 0.051158126 0.0 0.0 0.0 0.0 0.0 0.005212185 0.0 0.0 0.079537936 0.0 0.0 0.0 0.0
0.0 0.0 0.0 0.012662048 0.06101913 0.0 0.0 0.0054065045 0.07494438 0.018850073 0.07259467 0.015195934 0.0 0.0 0.0 0.01910724 0.0 0.12612994 0.0 0.0523964 0.0 0.0 0.0 0.10513149 0.034255743 0.0 0.0 0.012133623 0.0 0.0 0.0 0.0 0.0 0.012647454 0.0 0.0 0.0 0.16810553 0.0 0.0 0.0 0.0 0.0 0.0 0.0 0.0 0.0 0.0 0.0 0.0 0.0 0.09033389 0.009937784 0.0 0.0 0.0
0.0 0.0 0.072674625 0.0 0.0 0.0 0.0968048 0.1912425 0.0 0.0034187348 0.0 0.08542761 0.0 0.0 0.021807741 0.0 0.16216 0.0 0.0 0.0 0.035137784 0.0 0.044920713 0.0 0.04514121 0.0017591458 0.0068209944 0.0 0.025583237 0.06800222 0.0 0.0 0.0 0.0 0.004845535 0.0 0.0 0.0 0.0 0.0 0.020609247 0.0 0.011422209 0.04905506 0.0 0.0 0.038346995 0.0 0.0 0.061066143 0.0 0.0 0.0051202406 0.0 0.042809762 0.033858117
0.0 0.0 0.0 0.05727554 0.0 0.035149 0.0 0.0 0.0 0.062383063 0.0 0.0 0.08018691 0.0 0.028605156 0.03401202 0.0 0.0 0.0 0.0 0.13922967 0.10513149 0.0 0.0 0.0 0.0 0.05159671 0.0028471984 0.0 0.0 0.0 0.0 0.037851676 0.0 0.0 0.0 0.018166104 0.0 0.0 0.043321427 0.0 0.0 0.1012859 0.034548223 0.0 0.0 0.0023394283 0.042348698 0.01616735 0.0 0.07014677 0.012004655 0.0 0.0 0.083405994 0.02578638
0.0 0.0 0.0 0.0 0.039113402 0.008880133 0.0 0.0 0.0 0.0 0.0 0.0 0.0 0.13652131 0.0 0.007086004 0.0 0.002522392 0.0 0.0 0.0 0.03425574 0.04514121 0.0 0.0 0.15238003 0.05286373 0.13934147 0.0 0.0 0.0 0.010979395 0.0882218 0.037726678 0.0 0.010243 0.0 0.0 0.07044604 0.0 0.10522035 0.0 0.0 0.0 0.0 0.0413102 0.0 0.028064994 0.0 0.0 0.0 0.0 0.0 0.0 0.0 0.0
0.0 0.0 0.040121127 0.0 0.0 0.0 0.0 0.0 0.0 0.0 0.018365955 0.19012494 0.0 0.0 0.021655789 0.0 0.0 0.026083976 0.0 0.0 0.0 0.0 0.0017591456 0.0 0.15238003 0.0 0.0 0.0 0.0 0.11989539 0.0 0.0 0.0 0.0 0.0 0.004635576 0.0 0.0 0.063306265 0.0 0.0 0.0636566 0.0 0.060706858 0.17684603 0.0 0.017755948 0.0 0.0 0.023023484 0.06639484 0.0 0.0 0.0 0.0 0.0
0.0 0.0 0.05103143 0.0 0.038957328 0.0 0.05184881 0.0 0.015526435 0.0 0.015444639 0.11797516 0.0 0.0 0.011615995 0.0 0.09395747 0.03406296 0.0 0.0 0.009109463 0.0 0.0068209944 0.05159671 0.052863725 0.0 0.0 0.0 0.0 0.1346993 0.0 0.12004218 0.0 0.0 0.0 0.08977128 0.004188862 0.042253967 0.0 0.0 0.0201077 0.021950757 0.017822921 0.020675201 0.0 0.0 0.13608156 0.0 0.057211377 0.023272675 0.0 0.0 0.0 0.0 0.0 0.0
0.0 0.0 0.122584246 0.0 0.0 0.0 0.0 0.0 0.10262112 0.0 0.0 0.059410058 0.0 0.0 0.0 0.0 0.0 0.0 0.013920333 0.0 0.0 0.012133622 0.0 0.0028471986 0.13934147 0.0 0.0 0.0 0.04413368 0.06655963 0.0 0.051776838 0.014533474 0.0 0.0 0.0 0.0 0.0 0.0 0.0 0.0 0.07482826 0.0 0.2509363 0.0 0.0 0.038957372 0.0 0.0 0.0 0.0 0.0 0.13607606 0.0 0.0 0.0
0.0 0.0 0.0 0.012637971 0.0 0.045844197 0.0 0.0 0.11209991 0.17392276 0.0 0.0 0.0 0.0 0.0 0.09591306 0.0 0.0 0.0 0.012943717 0.0 0.0 0.025583237 0.0 0.0 0.0 0.0 0.044133686 0.0 0.0 0.08348483 0.0 0.0 0.007024517 0.097453065 0.014724066 0.0 0.0 0.009867231 0.0 0.0 0.0 0.0 0.0 0.017450305 0.014069449 0.0 0.04024069 0.0 0.0 0.041005086 0.0013335461 0.0 0.010913509 0.0063521005 0.0
0.0 0.0 0.0 0.010181904 0.021161208 0.08067024 0.0 0.00086645415 0.0 0.024666132 0.0 0.0 0.011079174 0.099344365 0.0 0.0 0.0 0.0 0.0 0.07008311 0.011034454 0.0 0.06800222 0.0 0.0 0.11989539 0.13469931 0.06655962 0.0 0.0 0.0143130245 0.0 0.042978592 0.0 0.0 0.0 0.0 0.033557788 0.004544461 0.011671619 0.0 0.0 0.0 0.0 0.0 0.0 0.0 0.07441946 0.0067625344 0.0 0.037363347 0.0 0.0 0.0 0.04100526 0.0
0.06690014 0.0 0.028574368 0.0 0.019282848 0.0 0.10223794 0.013668939 0.0 0.050745126 0.0029736836 0.013577426 0.0 0.0 0.013920416 0.0 0.01505767 0.0 0.0 0.0 0.06558446 0.0 0.0 0.0 0.0 0.0 0.0 0.0 0.08348483 0.014313025 0.0 0.0 0.0 0.004221349 0.04793655 0.0 0.24022341 0.0 0.007949291 0.0 0.0 0.0 0.08682879 0.0 0.05193251 0.0 0.0 0.0 0.019400217 0.0 0.0 0.0 0.02894198 0.0 0.0 0.014628189
0.0 0.0 0.0 0.083604306 0.04688473 0.0 0.0 0.0 0.0 0.0 0.0 0.0 0.10001987 0.0 0.0 0.0 0.020342316 0.0 0.23983526 0.0 0.048665117 0.0 0.0 0.0 0.010979395 0.0 0.12004219 0.051776834 0.0 0.0 0.0 0.0 0.0 0.0 0.0 0.044924255 0.0 0.0 0.0 0.0 0.0 0.0 0.03357095 0.0 0.0 0.08119814 0.0 0.0 0.1506281 0.001682669 0.0 0.0 0.024819762 0.00027146103 0.0 0.0
0.09765332 0.04168208 0.02581547 0.0 0.024094546 0.022421371 0.013686325 0.046153337 0.0 0.010668632 0.0 0.0 0.0 0.0 0.0 0.03495244 0.0 0.03207756 0.0 0.0 0.0 0.0 0.0 0.037851676 0.088221796 0.0 0.0 0.014533475 0.0 0.042978592 0.0 0.0 0.0 0.0 0.042595163 0.0 0.010194461 0.045858517 0.018904155 0.0 0.0 0.073010564 0.0 0.0 0.0 0.01333264 0.0 0.0 0.005696073 0.0 0.0 0.03155586 0.17320724 0.0 0.0 0.0
0.0 0.0 0.04332247 0.0 0.0 0.05009726 0.0 0.0 0.09262898 0.06300307 0.0 0.045968715 0.0 0.0 0.0 0.0 0.0 0.06983872 0.12319058 0.0 0.0 0.012647454 0.0 0.0 0.03772668 0.0 0.0 0.0 0.0070245164 0.0 0.0042213495 0.0 0.0 0.0 0.0 0.03046981 0.0 0.030845363 0.047097437 0.0 0.0 0.031721864 0.0 0.012396899 0.0 0.1311252 0.0 0.05653227 0.0 0.0 0.0 0.0 0.024053354 0.0 0.0 0.0
0.11299991 0.108375944 0.0 0.0 0.0 0.0 0.0 0.049954228 0.0 0.033437364 0.091274224 0.0 0.0 0.0 0.036226455 0.0 0.0077242474 0.0 0.0 0.0 0.0 0.0 0.004845535 0.0 0.0 0.0 0.0 0.0 0.097453065 0.0 0.047936548 0.0 0.042595163 0.0 0.04346793 0.0 0.0 0.0 0.0 0.042594884 0.035552975 0.024184413 0.0 0.0 0.010879593 0.0 0.0004799217 0.0005695556 0.0 0.0 0.063270204 0.08587953 0.0 0.048872206 0.10345226 0.0
0.0 0.0 0.0 0.0 0.0 0.0 0.0 0.0024885559 0.0 0.0 0.0 0.0 0.12534522 0.0 0.0 0.0 0.0 0.045805987 0.0 0.0 0.0 0.0 0.0 0.0 0.010243 0.0046355757 0.08977127 0.0 0.0147240665 0.0 0.0 0.044924255 0.0 0.030469809 0.0 0.1553697 0.0 0.0 0.0 0.027269723 0.046830285 0.0 0.0 0.0 0.0 0.042385794 0.014588645 0.009148317 0.02617628 0.0 0.035391197 0.062123004 0.0 0.02343952 0.0 0.0
0.04348511 0.02460658 0.0 0.0 0.0 0.0 0.0 0.0 0.02640847 0.09712484 0.23944771 0.0 0.113496386 0.0 0.0 0.0 0.021517143 0.101818115 0.0 0.0 0.0 0.0 0.0 0.018166104 0.0 0.0 0.0041888617 0.0 0.0 0.0 0.24022341 0.0 0.010194461 0.0 0.0 0.0 0.0 0.08961787 0.0 0.0 0.0 0.0 0.0 0.0 0.0 0.0 0.005109018 0.0 0.0 0.021300778 0.0 0.0 0.0 0.0 0.0 0.0
0.08949621 0.0 0.0 0.0 0.0 0.0 0.05561453 0.00807207 0.0 0.0076244758 0.0042668306 0.0055380412 0.0 0.0 0.0 0.0 0.024110157 0.0 0.0034614166 0.0 0.02523984 0.16810553 0.0 0.0 0.0 0.0 0.042253964 0.0 0.0 0.033557788 0.0 0.0 0.04585852 0.03084536 0.0 0.0 0.08961787 0.0 0.040450368 0.0 0.0 0.0 0.043472975 0.0 0.0 0.0 0.0 0.0058986214 0.037822988 0.25928944 0.0 0.0 0.020302454 0.0 0.0 0.008592883
0.0 0.007529404 0.0 0.0 0.2225024 0.0068854517 0.07338021 0.0 0.0 0.0 0.0 0.012348088 0.0048342175 0.0 0.0 0.0 0.00903797 0.11576677 0.0 0.0 0.0 0.0 0.0 0.0 0.07044604 0.063306265 0.0 0.0 0.00986723 0.004544461 0.007949291 0.0 0.018904157 0.047097437 0.0 0.0 0.0 0.040450368 0.015609444 0.0 0.0 0.0 0.0 0.0 0.0 0.046866897 0.0 0.004371331 0.0 0.026790567 0.0 0.045710284 0.0030444611 0.04869724 0.0 0.0
0.0 0.07315565 0.06539068 0.12643015 0.0 0.10525155 0.11437895 0.0 0.039366473 0.0 0.0 0.0 0.0 0.0 0.06012297 0.0 0.0 0.0 0.0 0.11529185 0.0 0.0 0.0 0.043321423 0.0 0.0 0.0 0.0 0.0 0.011671619 0.0 0.0 0.0 0.0 0.042594884 0.027269723 0.0 0.0 0.0 0.06294082 0.0 0.008839896 0.0 0.08980644 0.0 0.0 0.0 0.0 0.021437565 0.0 0.0 0.011027188 0.0 0.08491687 0.0 0.09233126
0.0 0.0 0.0 0.110928506 0.0 0.06705828 0.0018525167 0.0 0.0 0.0 0.0 0.018386174 0.0 0.0 0.0 0.0 0.0064046294 0.052686438 0.0 0.0 0.0077096685 0.0 0.020609247 0.0 0.105220355 0.0 0.0201077 0.0 0.0 0.0 0.0 0.0 0.0 0.0 0.035552975 0.04683029 0.0 0.0 0.0 0.0 0.0 0.0 0.0 0.0 0.14650004 0.067370854 0.0 0.001552148 0.0060565947 0.0 0.124478854 0.0 0.0 0.0 0.0 0.0
0.0 0.0 0.0 0.0 0.0 0.015621141 0.0 0.015234897 0.0 0.007609728 0.0 0.0 0.013301001 0.007896034 0.0 0.06292901 0.0 0.0 0.0 0.121590264 0.031892106 0.0 0.0 0.0 0.0 0.0636566 0.021950757 0.07482825 0.0 0.0 0.0 0.0 0.07301057 0.031721864 0.024184411 0.0 0.0 0.0 0.0 0.008839896 0.0 0.0 0.0 0.0 0.021923456 0.0 0.0 0.158636 0.0 0.0 0.03505918 0.044739187 0.0 0.04143318 0.0 0.0
0.0 0.0 0.0 0.22544147 0.03823538 0.06312759 0.0 0.0 0.08035601 0.0001153594 0.0 0.026365258 0.0 0.0 0.0 0.0 0.0 0.0 0.0 0.092559405 0.051158123 0.0 0.01142221 0.1012859 0.0 0.0 0.017822921 0.0 0.0 0.0 0.0868288 0.033570953 0.0 0.0 0.0 0.0 0.0 0.043472975 0.0 0.0 0.0 0.0 0.0 0.0 0.0 0.0 0.0 0.04560971 0.020325208 0.0 0.0147338025 0.0 0.0 0.0 0.009359171 0.0
0.0 0.008353878 0.0 0.0 0.0 0.0 0.0 0.043432854 0.0 0.0 0.012619563 0.0 0.0 0.06873276 0.0 0.144584 0.01094035 0.0 0.0 0.0 0.0 0.0 0.049055055 0.034548227 0.0 0.06070686 0.0206752 0.2509363 0.0 0.0 0.0 0.0 0.0 0.012396899 0.0 0.0 0.0 0.0 0.0 0.08980644 0.0 0.0 0.0 0.0 0.0 0.0 0.0 0.0 0.0 0.0 0.01562504 0.0 0.0 0.0 0.0525717 0.0
0.045007825 0.06473415 0.0 0.0 0.014150665 0.0 0.011981689 0.006431683 0.0 0.0 0.010384383 0.0 0.0 0.15826705 0.04128296 0.0 0.07180721 0.0043212464 0.0 0.0 0.0 0.0 0.0 0.0 0.0 0.17684603 0.0 0.0 0.017450305 0.0 0.05193251 0.0 0.0 0.0 0.010879593 0.0 0.0 0.0 0.0 0.0 0.14650004 0.021923456 0.0 0.0 0.0 0.0 0.0 0.0 0.0 0.0 0.034034893 0.054174807 0.026955904 0.017490273 0.034676008 0.02684964
0.0 0.0 0.0 0.004417846 0.01724507 0.019438041 0.052580368 0.0 0.025019005 0.0 0.0 0.0614648 0.0 0.0 0.0 0.0 0.034846842 0.022741528 0.10556127 0.0 0.0 0.0 0.0 0.0 0.0413102 0.0 0.0 0.0 0.014069448 0.0 0.0 0.08119814 0.01333264 0.1311252 0.0 0.042385794 0.0 0.0 0.046866894 0.0 0.06737086 0.0 0.0 0.0 0.0 0.035307918 0.023529677 0.0 0.10180003 0.06702281 0.0 0.0 0.081788965 0.0 0.0 0.0
0.0 0.0 0.0 0.0470615 0.0 0.057623163 0.0 0.03142384 0.0 0.0 0.0 0.0 0.0 0.09267658 0.0 0.0 0.0 0.020412479 0.0 0.06332355 0.0 0.0 0.038346995 0.002339428 0.0 0.017755948 0.13608156 0.038957372 0.0 0.0 0.0 0.0 0.0 0.0 0.0004799217 0.014588645 0.005109018 0.0 0.0 0.0 0.0 0.0 0.0 0.0 0.0 0.023529677 0.0 0.0 0.0 0.0 0.13385499 0.0 0.0 0.057672717 0.03640381 0.0
0.025339061 0.0035612625 0.0889795 0.0 0.026542615 0.0 0.0 0.14751391 0.040437806 0.0 0.0 0.05184513 0.0 0.0 0.034000166 0.0 0.0034303474 0.021705754 0.0 0.007630098 0.0 0.0 0.0 0.042348698 0.028064994 0.0 0.0 0.0 0.040240686 0.074419454 0.0 0.0 0.0 0.05653227 0.0005695556 0.009148317 0.0 0.0058986214 0.004371331 0.0 0.0015521481 0.158636 0.04560971 0.0 0.0 0.0 0.0 0.0 0.0 0.0071114316 0.0 0.0378637 0.081221394 0.0 0.0 0.05558517
0.0 0.12041005 0.0 0.039341006 0.020817414 0.09881899 0.019650143 0.0 0.0 0.0 0.006123451 0.0 0.08819946 0.0 0.0 0.030050088 0.0 0.07721196 0.0 0.028366992 0.0052121845 0.0 0.0 0.01616735 0.0 0.0 0.057211377 0.0 0.0 0.0067625344 0.019400217 0.1506281 0.005696073 0.0 0.0 0.026176278 0.0 0.037822988 0.0 0.021437565 0.006056595 0.0 0.020325208 0.0 0.0 0.10180003 0.0 0.0 0.0 0.0 0.0 0.06710299 0.0 0.0 0.0 0.0
0.0 0.10277259 0.0 0.0 0.06900677 0.0 0.008248707 0.0 0.003999581 0.0070340415 0.056710817 0.0 0.0 0.0 0.0 0.0061684004 0.0 0.03694559 0.0 0.0 0.0 0.0 0.06106614 0.0 0.0 0.023023486 0.023272675 0.0 0.0 0.0 0.0 0.0016826689 0.0 0.0 0.0 0.0 0.021300778 0.25928947 0.026790567 0.0 0.0 0.0 0.0 0.0 0.0 0.06702281 0.0 0.0071114316 0.0 0.0 0.0 0.027533771 0.0 0.0 0.0 0.0
0.008308385 0.0 0.016189737 0.0 0.0 0.0 0.07079366 0.14751498 0.0 0.0 0.0 0.0 0.0 0.0 0.026968366 0.0 0.060626917 0.0 0.0 0.0 0.0 0.0 0.0 0.07014677 0.0 0.066394836 0.0 0.0 0.041005086 0.037363343 0.0 0.0 0.0 0.0 0.063270204 0.035391197 0.0 0.0 0.0 0.0 0.124478854 0.03505918 0.0147338025 0.01562504 0.03403489 0.0 0.13385499 0.0 0.0 0.0 0.0 0.05106564 0.0 0.024926946 0.0 0.27306017
0.058346584 0.0 0.0 0.0 0.0 0.0 0.0011026914 0.0 0.0 0.050932713 0.0 0.014035381 0.070354104 0.0 0.026422432 0.0 0.035795964 0.0 0.026955463 0.0 0.079537936 0.09033388 0.0 0.012004655 0.0 0.0 0.0 0.0 0.001333546 0.0 0.0 0.0 0.031555858 0.0 0.08587952 0.062123004 0.0 0.0 0.045710284 0.011027188 0.0 0.044739183 0.0 0.0 0.054174807 0.0 0.0 0.0378637 0.06710299 0.027533771 0.051065642 0.0 0.0 0.039861493 0.04474405 0.004765877
0.0 0.0 0.0 0.0 0.16906518 0.094897754 0.0 0.0 0.0 0.0 0.0 0.0 0.0 0.0 0.0 0.08931487 0.0 0.0 0.0 0.023617264 0.0 0.009937783 0.0051202406 0.0 0.0 0.0 0.0 0.13607606 0.0 0.0 0.028941981 0.024819762 0.17320722 0.024053354 0.0 0.0 0.0 0.020302454 0.0030444611 0.0 0.0 0.0 0.0 0.0 0.026955904 0.081788965 0.0 0.081221394 0.0 0.0 0.0 0.0 0.0 0.0 0.047741786 0.0
0.0 0.011176478 0.017451141 0.15497752 0.0 0.024091313 0.054806095 0.03626709 0.009885417 0.0 0.0 0.0 0.0 0.015191827 0.066654414 0.0 0.0 0.0 0.0 0.0 0.0 0.0 0.0 0.0 0.0 0.0 0.0 0.0 0.01091351 0.0 0.0 0.000271461 0.0 0.0 0.048872206 0.02343952 0.0 0.0 0.04869724 0.08491687 0.0 0.041433185 0.0 0.0 0.017490273 0.0 0.05767272 0.0 0.0 0.0 0.024926944 0.039861493 0.0 0.13372925 0.03959234 0.0
0.10205634 0.0 0.086061865 0.0 0.0 0.0 0.020795232 0.09620103 0.0 0.0 0.0 0.0 0.0 0.0022182718 0.101221375 0.0 0.008816829 0.0 0.0 0.0 0.0 0.0 0.042809762 0.083406 0.0 0.0 0.0 0.0 0.0063521005 0.04100526 0.0 0.0 0.0 0.0 0.10345226 0.0 0.0 0.0 0.0 0.0 0.0 0.0 0.009359171 0.0525717 0.034676008 0.0 0.036403805 0.0 0.0 0.0 0.0 0.044744045 0.047741782 0.03959234 0.0 0.015547194
0.0 0.0 0.0 0.0 0.0 0.019013181 0.0 0.0 0.009332941 0.04836745 0.0 0.0 0.0 0.14688493 0.0 0.0 0.0 0.0 0.0 0.0 0.0 0.0 0.033858117 0.025786377 0.0 0.0 0.0 0.0 0.0 0.0 0.01462819 0.0 0.0 0.0 0.0 0.0 0.0 0.008592883 0.0 0.09233126 0.0 0.0 0.0 0.0 0.02684964 0.0 0.0 0.05558517 0.0 0.0 0.27306014 0.004765877 0.0 0.0 0.015547194 0.0
