0.0206417 0.020277046 0.0 0.0 0.020171879 0.017758964 0.0 0.0 0.024056185 0.0 0.10250424 0.0 0.0 0.03947981 0.0 0.0 0.0 0.0 0.0 0.0 0.08114706 0.0075270245 0.0 0.1630992 0.002287208 0.0 0.0 0.0 0.0 0.0 0.0 0.016707517 0.0 0.0 0.06637323 0.0 0.0031999764 0.0014544448 0.15389562 0.025714284 0.12506574 0.15886125 0.0 0.0 0.0 0.0 0.0 0.0 0.0 0.051640578 0.0 0.067912795 0.0 0.021582203 0.0 0.0
0.020277044 0.0 0.0 0.0 0.0084991045 0.0 0.0 0.0 0.0 0.0 0.0 0.0 0.04233546 0.008028498 0.1287486 0.0 0.0 0.0 0.1466886 0.045701463 0.0 0.0 0.0 0.0 0.0 0.0 0.0 0.0 0.0017497673 0.0 0.0 0.0 0.0 0.0 0.0 0.0 0.0 0.0 0.0 0.07308018 0.0 0.0 0.0125942845 0.185635 0.0 0.016762141 0.0 0.0 0.0 0.0 0.042182233 0.0 0.0 0.0044063623 0.06758493 0.0
0.0 0.0 0.0 0.1304165 0.14521393 0.0 0.05505245 0.0 0.05390153 0.0 0.0 0.0 0.1098335 0.0 0.0 0.0584469 0.0 0.0 0.0 0.0 0.0 0.0 0.0 0.0 0.0 0.014806489 0.0 0.0 0.0 0.0 0.0 0.0 0.0 0.0 0.0 0.0 0.0 0.02587251 0.0 0.0 0.0 0.0 0.0504266 0.0 0.019002551 0.0 0.12641959 0.0 0.00946993 0.0 0.10010213 0.034135446 0.0 0.0 0.0 0.0
0.0 0.0 0.1304165 0.0 0.0 0.0 0.0 0.0 0.021988465 0.020230826 0.0 0.23827586 0.002444609 0.0 0.016658956 0.0 0.037340913 0.002358485 0.08465664 0.0 0.0 0.0 0.0 0.0 0.034691248 0.0 0.0 0.0 0.0 0.30619022 0.0 0.0 0.0 0.1744638 0.0 0.0 0.0 0.0 0.0 0.0 0.0 0.0 0.054632798 0.0 0.0 0.0 0.03519772 0.0 0.04267822 0.023282448 0.0 0.0 0.0056614284 0.0 0.0 0.011385003
0.020171879 0.0084991045 0.14521392 0.0 0.0 0.0 0.0 0.0 0.017327672 0.057357512 0.0 0.0 0.0 0.0 0.0 0.131894 0.017409615 0.0 0.041092742 0.049717363 0.0 0.11666941 0.0 0.0 0.0 0.0 0.0 0.0 0.0 0.05656752 0.0 0.0 0.0 0.121991836 0.0 0.0 0.01806089 0.0 0.04823554 0.009872773 0.0 0.0 0.113914505 0.0 0.0 0.0 0.0 0.0 0.0 0.054247566 0.0 0.0025414943 0.0 0.0 0.0 0.101035774
0.017758964 0.0 0.0 0.0 0.0 0.09581568 0.0 0.0 0.0 0.03598116 0.0 0.0 0.0 0.0 0.053972434 0.014481173 0.0 0.0 0.0 0.17027931 0.0 0.018265218 0.080424614 0.0 0.0 0.0032273883 0.0 0.034816965 0.0 0.0 0.05240023 0.0 0.0 0.08464462 0.00999152 0.0 0.025939027 0.0 0.0 0.0 0.0 0.0 0.0 0.0 0.08380081 0.0 0.0 0.06773804 0.045445744 0.0 0.021077003 0.0 0.0 0.03617897 0.05112687 0.0
0.0 0.0 0.055052448 0.0 0.0 0.0 0.0 0.016038626 0.0 0.0 0.0 0.0 0.0 0.0 0.0 0.0 0.09569419 0.07261051 0.0 0.123586774 0.0 0.0 0.0 0.0 0.0 0.0 0.048814468 0.0 0.22590272 0.0 0.0 0.0 0.0 0.0 0.0 0.0 0.0 0.0 0.0 0.0 0.0 0.03126273 0.0048616887 0.10948091 0.03878239 0.0 0.044773407 0.0 0.0 0.004986062 0.0 0.0 0.0 0.0 0.0 0.054669913
0.0 0.0 0.0 0.0 0.0 0.0 0.016038626 0.026258895 0.0 0.0 0.02451718 0.0 0.0 0.054423794 0.0 0.020640785 0.0 0.0 0.0 0.0 0.0018943389 0.0 0.15971251 0.04304271 0.0 0.10085305 0.06621985 0.050551716 0.0 0.0 0.025676887 0.0 0.040049717 0.0 0.05611899 0.0 0.041368037 0.0 0.0 0.043887608 0.028224135 0.0 0.0 0.0 0.040327054 0.037626516 0.0 0.018389745 0.0 0.0 0.03915338 0.08634746 0.0 0.0 0.07823729 0.0
0.024056185 0.0 0.053901527 0.021988465 0.017327672 0.0 0.0 0.0 0.0 0.0040567014 0.0 0.0 0.053583127 0.0 0.0 0.05146284 0.17275153 0.0 0.0 0.0065477374 0.0 0.0 0.0 0.0 0.0075653754 0.0 0.0 0.0 0.0 0.0 0.0 0.0 0.049040567 0.0 0.0 0.0147517305 0.0 0.0 0.0 0.0 0.0 0.0 0.1742186 0.0 0.0 0.0 0.06687624 0.0 0.1075788 0.0 0.031579733 0.0 0.0 0.0 0.0 0.0
0.0 0.0 0.0 0.020230826 0.057357516 0.035981156 0.0 0.0 0.0040567014 0.0 0.104656756 0.0 0.013368239 0.07980961 0.0 0.0 0.0 0.06175342 0.0 0.0 0.0 0.0 0.0 0.014716395 0.106943525 0.025750896 0.09585728 0.0 0.0 0.0 0.036038075 0.17804955 0.029499548 0.0 0.0 0.0 0.0 0.0071847127 0.0 0.041612145 0.0 0.048508048 0.0 0.012968158 0.0 0.0 0.04437154 0.0 0.0 0.058293525 0.0 0.0 0.0 0.00865927 0.0 0.0
0.10250424 0.0 0.0 0.0 0.0 0.0 0.0 0.02451718 0.0 0.104656756 0.0 0.0 0.0 0.0 0.023730872 0.06356972 0.0 0.0 0.0983039 0.001717683 0.008241655 0.0 0.0 0.0034642057 0.0 0.0 0.021310382 0.0 0.0 0.0 0.0 0.0 0.0 0.0 0.0020903845 0.0 0.19841614 0.0 0.0 0.0 0.0 0.0 0.024743568 0.0 0.1357612 0.0 0.0 0.0 0.0 0.053697903 0.0 0.0 0.0 0.0 0.0 0.0
0.0 0.0 0.0 0.23827584 0.0 0.0 0.0 0.0 0.0 0.0 0.0 0.0 0.0 0.0 0.0 0.0 0.0 0.0 0.0 0.0 0.0 0.0029962012 0.0 0.0 0.027953904 0.0 0.040051106 0.10852286 0.0 0.0 0.09124718 0.0 0.0088472245 0.0015174828 0.0 0.0 0.0 0.009992017 0.0 0.09510571 0.0 0.0 0.0 0.0 0.0 0.0 0.0 0.0 0.0051916754 0.0 0.13461195 0.0 0.0 0.0 0.0 0.0
0.0 0.042335458 0.1098335 0.002444609 0.0 0.0 0.0 0.0 0.053583127 0.013368238 0.0 0.0 0.20530042 0.0 0.0 0.0 0.059912726 0.0 0.0 0.0 0.0 0.0 0.0 0.0 0.011066146 0.0 0.0 0.0 0.0 0.0565375 0.0 0.0 0.0 0.0 0.0 0.13764729 0.030437594 0.0 0.0 0.015257926 0.0 0.0 0.03882495 0.014595926 0.0038783744 0.0 0.0 0.042870667 0.12929256 0.0 0.0 0.0 0.0 0.0 0.0 0.12994479
0.03947981 0.008028498 0.0 0.0 0.0 0.0 0.0 0.054423794 0.0 0.07980961 0.0 0.0 0.0 0.0 0.0 0.0 0.0 0.0 0.0 0.0010324388 0.044329222 0.0 0.16650371 0.043264918 0.0 0.04324595 0.0 0.0 0.0 0.0 0.12815082 0.0 0.124866545 0.0 0.07897716 0.0 0.03768687 0.0 0.0 0.0 0.0024288078 0.0 0.0 0.0 0.0018025497 0.0 0.0 0.018007537 0.0 0.0 0.022544928 0.088821076 0.0 0.0 0.08040268 0.0
0.0 0.1287486 0.0 0.016658956 0.0 0.053972434 0.0 0.0 0.0 0.0 0.023730872 0.0 0.0 0.0 0.0 0.0 0.0 0.0 0.0 0.020932268 0.006902371 0.0 0.08695203 0.03875675 0.0 0.0 0.0 0.0 0.0 0.0 0.0 0.051031362 0.07015552 0.0 0.0 0.0 0.008021656 0.0067571965 0.04772337 0.0 0.0 0.0 0.0 0.0 0.0 0.0 0.0 0.026386464 0.17359915 0.0 0.07317411 0.0 0.0 0.0 0.051661357 0.0
0.0 0.0 0.058446895 0.0 0.13189399 0.014481173 0.0 0.020640785 0.051462844 0.0 0.06356972 0.0 0.0 0.0 0.0 0.0 0.046389278 0.063540004 0.0 0.0 0.0 0.0 0.0 0.0 0.057511926 0.0 0.0 0.0 0.0 0.0 0.0 0.020401634 0.0 0.0 0.0 0.0 0.0 0.0 0.0 0.0 0.0 0.14682093 0.0 0.14305893 0.0140205575 0.0 0.043912623 0.015125746 0.027626783 0.08397502 0.0 0.0 0.0029758683 0.0 0.0 0.0
0.0 0.0 0.0 0.03734091 0.017409615 0.0 0.09569419 0.0 0.17275153 0.0 0.0 0.0 0.05991273 0.0 0.0 0.046389278 0.0 0.0025024859 0.0 0.0 0.0 0.0 0.0 0.0 0.0 0.0 0.0 0.0 0.0091748135 0.0 0.06323956 0.0 0.0 0.0 0.0 0.22626796 0.0 0.057415742 0.0 0.0073597506 0.018315576 0.0 0.115296826 0.0 0.0 0.09300808 0.005334154 0.0 0.014735126 0.0 0.0 0.0 0.0 0.0 0.023887357 0.0
0.0 0.0 0.0 0.0023584852 0.0 0.0 0.072610505 0.0 0.0 0.06175342 0.0 0.0 0.0 0.0 0.0 0.063540004 0.0025024859 0.0 0.11008257 0.16391946 0.0 0.18914333 0.0 0.0 0.0 0.0 0.0 0.05011728 0.0 0.0 0.0 0.0 0.0 0.015936846 0.009320609 0.0 0.048231877 0.0 0.0 0.052442014 0.0 0.0 0.0 0.0 0.0062054126 0.018044557 0.0 0.0044395714 0.02893835 0.0 0.0 0.0 0.0 0.025731288 0.0 0.0
0.0 0.14668861 0.0 0.08465664 0.041092742 0.0 0.0 0.0 0.0 0.0 0.09830391 0.0 0.0 0.0 0.0 0.0 0.0 0.11008257 0.0 0.09132825 0.017644364 0.0 0.022301495 0.0018230923 0.0 0.0 0.0 0.0 0.0 0.0 0.03429541 0.103336245 0.0 0.0 0.0 0.0 0.0 0.04089944 0.0 0.029233538 0.0 0.0 0.0156191075 0.0 0.0 0.0 0.0 0.0 0.035370097 0.0 0.028375922 0.010195684 0.0 0.0 0.0 0.0
0.0 0.045701463 0.0 0.0 0.049717363 0.17027932 0.123586774 0.0 0.0065477374 0.0 0.001717683 0.0 0.0 0.0010324388 0.020932268 0.0 0.0 0.16391946 0.09132825 0.14629562 0.045276158 0.065747835 0.0 0.010995569 0.0 0.0 0.029148057 0.016450042 0.0 0.0 0.024292508 0.07434562 0.0 0.024937626 0.0 0.0 0.0 0.0 0.0 0.028075092 0.0 0.0 0.0 0.0 0.0 0.0 0.014362575 0.0 0.0 0.0 0.0 0.0 0.021355163 0.0 0.0 0.0
0.08114706 0.0 0.0 0.0 0.0 0.0 0.0 0.0018943388 0.0 0.0 0.008241655 0.0 0.0 0.044329222 0.006902371 0.0 0.0 0.0 0.017644364 0.045276158 0.0 0.0 0.0 0.0 0.0 0.0 0.026561799 0.015260995 0.0 0.0 0.004871868 0.0 0.0 0.0 0.08760198 0.0 0.0 0.0 0.0 0.085756995 0.0 0.0 0.0 0.0 0.02738342 0.0 0.0 0.0 0.0 0.0 0.12940219 0.055632573 0.0 0.0 0.109248236 0.0
0.007527024 0.0 0.0 0.0 0.11666942 0.018265218 0.0 0.0 0.0 0.0 0.0 0.0029962012 0.0 0.0 0.0 0.0 0.0 0.18914333 0.0 0.06574784 0.0 0.0 0.070938244 0.024634905 0.012138287 0.0 0.06249785 0.0 0.0 0.0 0.03589444 0.012269233 0.0 0.0 0.0 0.0051148087 0.0 0.062817946 0.0 0.0 0.0 0.0 0.0 0.042371865 0.07665319 0.07674089 0.0 0.041791316 0.0 0.0 0.021898767 0.08012684 0.0 0.0 0.006107419 0.0
0.0 0.0 0.0 0.0 0.0 0.08042461 0.0 0.15971251 0.0 0.0 0.0 0.0 0.0 0.1665037 0.08695202 0.0 0.0 0.0 0.022301497 0.0 0.0 0.07093825 0.05257929 0.05791694 0.0024574993 0.0 0.0 0.0030814817 0.0 0.08657873 0.0 0.0 0.0 0.087747455 0.0 0.0 0.0 0.0 0.0 0.0 0.0 0.0 0.0 0.0 0.02991691 0.0 0.0 0.0 0.004879083 0.007554866 0.0 0.0 0.19568156 0.0 0.00065511477 0.0
0.1630992 0.0 0.0 0.0 0.0 0.0 0.0 0.04304271 0.0 0.014716395 0.0034642057 0.0 0.0 0.043264918 0.03875675 0.0 0.0 0.0 0.0018230923 0.010995568 0.0 0.024634907 0.057916936 0.03400325 0.0 0.11773956 0.0 0.0 0.0 0.0 0.0 0.0 0.018148206 0.0 0.034760755 0.0 0.022291953 0.0 0.0 0.0 0.100131474 0.006166844 0.039908476 0.009584426 0.05452645 0.0 0.0 0.028060934 0.0 0.02334025 0.0 0.08354047 0.0 0.080986194 0.0 0.0
0.002287208 0.0 0.0 0.034691248 0.0 0.0 0.0 0.0 0.0075653754 0.106943525 0.0 0.027953904 0.011066146 0.0 0.0 0.057511922 0.0 0.0 0.0 0.0 0.0 0.012138287 0.0024574993 0.0 0.0 0.0 0.0 0.0 0.0 0.0 0.0 0.0 0.00729759 0.0 0.06951999 0.0 0.0 0.0 0.10280206 0.09128167 0.0 0.0 0.0 0.0 0.0 0.0 0.0 0.17583011 0.004503789 0.0 0.17455344 0.045628607 0.0 0.024727559 0.0 0.0
0.0 0.0 0.014806489 0.0 0.0 0.0032273883 0.0 0.10085305 0.0 0.025750896 0.0 0.0 0.0 0.04324595 0.0 0.0 0.0 0.0 0.0 0.0 0.0 0.0 0.0 0.11773956 0.0 0.050870072 0.0 0.04005528 0.0 0.0 0.0 0.0 0.0042857267 0.066070706 0.119924955 0.0 0.14981043 0.0 0.0 0.0 0.013610492 0.0 0.0 0.0 0.0 0.0 0.0 0.0016027985 0.0081748795 0.0 0.0 0.14070027 0.0 0.0 0.037259214 0.0
0.0 0.0 0.0 0.0 0.0 0.0 0.048814464 0.06621986 0.0 0.09585727 0.021310382 0.040051106 0.0 0.0 0.0 0.0 0.0 0.0 0.0 0.029148055 0.0265618 0.06249785 0.0 0.0 0.0 0.0 0.0 0.0 0.0 0.041064057 0.0 0.0 0.0 0.08839669 0.08749602 0.0 0.13756315 0.0 0.0 0.0 0.0 0.0 0.0 0.0 0.19671412 0.0 0.0 0.0 0.0 0.12858535 0.0 0.0 0.0 0.0 0.0 0.0
0.0 0.0 0.0 0.0 0.0 0.03481696 0.0 0.05055172 0.0 0.0 0.0 0.10852287 0.0 0.0 0.0 0.0 0.0 0.05011728 0.0 0.016450042 0.015260995 0.0 0.0030814814 0.0 0.0 0.040055275 0.0 0.0 0.0 0.0 0.06596474 0.0 0.059282426 0.0 0.0 0.0 0.0 0.0 0.0 0.013774677 0.0 0.1286819 0.016330484 0.0 0.11652039 0.0 0.0 0.0 0.0 0.0 0.0 0.0 0.12712058 0.0 0.07496248 0.0
0.0 0.0017497673 0.0 0.0 0.0 0.0 0.22590272 0.0 0.0 0.0 0.0 0.0 0.0 0.0 0.0 0.0 0.0091748135 0.0 0.0 0.0 0.0 0.0 0.0 0.0 0.0 0.0 0.0 0.0 0.27698314 0.0 0.0 0.0 0.0 0.0 0.05899653 0.09910116 0.0 0.020766156 0.0 0.0 0.0 0.0 0.036558926 0.0 0.0049981214 0.0 0.0 0.16835675 0.0 0.0 0.05730231 0.0 0.0 0.0 0.0 0.0
0.0 0.0 0.0 0.30619022 0.05656752 0.0 0.0 0.0 0.0 0.0 0.0 0.0 0.0565375 0.0 0.0 0.0 0.0 0.0 0.0 0.0 0.0 0.0 0.086578734 0.0 0.0 0.0 0.041064057 0.0 0.0 0.0 0.008813923 0.0 0.0 0.0 0.0 0.0 0.0 0.0 0.0 0.0 0.0 0.0 0.0 0.0 0.0 0.0 0.0 0.0047102985 0.059865635 0.0 0.14648566 0.0 0.0 0.0 0.0 0.0
0.0 0.0 0.0 0.0 0.0 0.05240023 0.0 0.025676887 0.0 0.03603808 0.0 0.09124718 0.0 0.1281508 0.0 0.0 0.06323956 0.0 0.03429541 0.024292508 0.004871868 0.03589444 0.0 0.0 0.0 0.0 0.0 0.06596474 0.0 0.008813923 0.0 0.0 0.0044011357 0.018558547 0.0 0.0 0.0 0.0 0.0 0.036042634 0.01818392 0.15959609 0.0034448702 0.06991257 0.0 0.0 0.0 0.0 0.0 0.10989188 0.0 0.0 0.0 0.04554907 0.009053108 0.052331734
0.01670752 0.0 0.0 0.0 0.0 0.0 0.0 0.0 0.0 0.17804955 0.0 0.0 0.0 0.0 0.051031366 0.020401634 0.0 0.0 0.103336245 0.074345626 0.0 0.012269232 0.0 0.0 0.0 0.0 0.0 0.0 0.0 0.0 0.0 0.0 0.0 0.0 0.0 0.0 0.0893895 0.0 0.0 0.0 0.0 0.0 0.12437988 0.0 0.0028370065 0.0 0.0 0.0 0.045847848 0.008179089 0.014550781 0.0 0.0 0.0 0.0 0.0
0.0 0.0 0.0 0.0 0.0 0.0 0.0 0.04004972 0.049040567 0.029499548 0.0 0.008847224 0.0 0.124866545 0.07015552 0.0 0.0 0.0 0.0 0.0 0.0 0.0 0.0 0.018148206 0.00729759 0.0042857267 0.0 0.059282426 0.0 0.0 0.0044011357 0.0 0.0 0.0 0.084960945 0.0 0.0 0.0 0.06720832 0.016412187 0.08391811 0.0 0.0 0.0 0.005317975 0.0 0.011756756 1.0867306e-34 0.0 0.0 0.0 0.0 0.04393614 0.06255647 0.030124089 0.22913757
0.0 0.0 0.0 0.1744638 0.121991836 0.08464462 0.0 0.0 0.0 0.0 0.0 0.0015174828 0.0 0.0 0.0 0.0 0.0 0.015936846 0.0 0.024937624 0.0 0.0 0.087747455 0.0 0.0 0.066070706 0.08839669 0.0 0.0 0.0 0.018558547 0.0 0.0 0.0 0.0 0.0 0.0 0.07863145 0.0 0.0 0.0 0.0 0.0 0.0020573281 0.017973596 0.0048617525 0.004911055 0.014851092 0.0 0.0 0.10701363 0.0 0.0 0.0 0.018249406 0.0
0.06637323 0.0 0.0 0.0 0.0 0.009991521 0.0 0.056118995 0.0 0.0 0.0020903845 0.0 0.0 0.07897717 0.0 0.0 0.0 0.00932061 0.0 0.0 0.08760198 0.0 0.0 0.034760755 0.06951998 0.11992495 0.08749602 0.0 0.05899653 0.0 0.0 0.0 0.08496095 0.0 0.0 0.0 0.0 0.0 0.0 0.0 0.147845 0.0 0.0 0.076666415 0.028553633 0.0 0.028828716 0.0 0.0 0.0 0.0 0.0035234077 0.0 0.017808376 0.0 0.0
0.0 0.0 0.0 0.0 0.0 0.0 0.0 0.0 0.0147517305 0.0 0.0 0.0 0.13764729 0.0 0.0 0.0 0.22626796 0.0 0.0 0.0 0.0 0.0051148087 0.0 0.0 0.0 0.0 0.0 0.0 0.09910116 0.0 0.0 0.0 0.0 0.0 0.0 0.0 0.0 0.0 0.0 0.0 0.043616563 0.0 0.110039614 0.09358399 0.0 0.0 0.06379583 0.0 0.0 0.0 0.0 0.0 0.0 0.0 0.0 0.09850739
0.0031999764 0.0 0.0 0.0 0.01806089 0.025939027 0.0 0.041368037 0.0 0.0 0.19841614 0.0 0.030437594 0.03768687 0.008021656 0.0 0.0 0.04823188 0.0 0.0 0.0 0.0 0.0 0.022291955 0.0 0.14981043 0.13756315 0.0 0.0 0.0 0.0 0.0893895 0.0 0.0 0.0 0.0 0.0 0.18987304 0.0 0.0 0.0 0.0 0.0 0.0 0.037294943 0.0 0.047762923 0.0 0.0 0.0 0.0 0.0 0.0 0.0 0.02115669 0.0
0.0014544448 0.0 0.02587251 0.0 0.0 0.0 0.0 0.0 0.0 0.0071847127 0.0 0.009992017 0.0 0.0 0.006757197 0.0 0.05741574 0.0 0.04089944 0.0 0.0 0.062817946 0.0 0.0 0.0 0.0 0.0 0.0 0.020766156 0.0 0.0 0.0 0.0 0.07863145 0.0 0.0 0.18987304 0.0 0.0 0.0 0.0 0.0 0.0392207 0.0 0.0 0.0 0.0 0.0 0.0 0.20444264 0.0 0.0 0.0 0.07459415 0.0 0.14285009
0.15389562 0.0 0.0 0.0 0.04823554 0.0 0.0 0.0 0.0 0.0 0.0 0.0 0.0 0.0 0.04772337 0.0 0.0 0.0 0.0 0.0 0.0 0.0 0.0 0.0 0.10280206 0.0 0.0 0.0 0.0 0.0 0.0 0.0 0.06720831 0.0 0.0 0.0 0.0 0.0 0.0912562 0.0 0.0 0.0 0.0 0.0 0.039767217 0.0 0.0 0.118683115 0.0 0.0 0.001635102 0.0 0.03366687 0.0 0.1064536 0.0
0.025714284 0.07308018 0.0 0.0 0.009872773 0.0 0.0 0.043887608 0.0 0.041612145 0.0 0.09510571 0.015257926 0.0 0.0 0.0 0.0073597506 0.052442014 0.029233538 0.02807509 0.085756995 0.0 0.0 0.0 0.09128167 0.0 0.0 0.013774677 0.0 0.0 0.036042638 0.0 0.016412187 0.0 0.0 0.0 0.0 0.0 0.0 0.0 0.0 0.0 0.0 0.12327797 0.0 0.076716125 0.0 0.0 0.024264673 0.0 0.0031793176 0.0 0.054311384 0.0 0.0 0.0
0.12506574 0.0 0.0 0.0 0.0 0.0 0.0 0.028224137 0.0 0.0 0.0 0.0 0.0 0.0024288078 0.0 0.0 0.018315576 0.0 0.0 0.0 0.0 0.0 0.0 0.100131474 0.0 0.013610492 0.0 0.0 0.0 0.0 0.018183922 0.0 0.0839181 0.0 0.14784499 0.043616563 0.0 0.0 0.0 0.0 0.0 0.027904447 0.0 0.0 0.0 0.024447987 0.0 0.0 0.0 0.0 0.0 0.1883981 0.0 0.0 0.071172744 0.0
0.15886125 0.0 0.0 0.0 0.0 0.0 0.03126273 0.0 0.0 0.048508048 0.0 0.0 0.0 0.0 0.0 0.14682093 0.0 0.0 0.0 0.0 0.0 0.0 0.0 0.0061668446 0.0 0.0 0.0 0.12868188 0.0 0.0 0.1595961 0.0 0.0 0.0 0.0 0.0 0.0 0.0 0.0 0.0 0.027904447 0.0 0.0 0.0 0.09721028 0.034090698 0.0 0.0 0.0 0.0 0.04893788 0.0073023634 0.0 0.0 0.0 0.0
0.0 0.0125942845 0.0504266 0.054632794 0.113914505 0.0 0.004861689 0.0 0.1742186 0.0 0.024743568 0.0 0.03882495 0.0 0.0 0.0 0.115296826 0.0 0.0156191075 0.0 0.0 0.0 0.0 0.03990848 0.0 0.0 0.0 0.016330484 0.036558926 0.0 0.0034448702 0.12437989 0.0 0.0 0.0 0.110039614 0.0 0.0392207 0.0 0.0 0.0 0.0 0.0 0.018935835 0.0 0.016553218 0.0 0.0 0.05130059 0.028597511 0.0 0.0 0.0 0.0 0.0 0.0
0.0 0.18563502 0.0 0.0 0.0 0.0 0.1094809 0.0 0.0 0.012968158 0.0 0.0 0.014595926 0.0 0.0 0.14305894 0.0 0.0 0.0 0.0 0.0 0.04237187 0.0 0.009584426 0.0 0.0 0.0 0.0 0.0 0.0 0.06991257 0.0 0.0 0.0020573281 0.07666642 0.09358399 0.0 0.0 0.0 0.12327798 0.0 0.0 0.018935833 0.0 0.0 0.0 0.0 0.0 0.06425754 0.0 0.0 0.023408249 0.0 0.0 0.018206554 0.03162914
0.0 0.0 0.01900255 0.0 0.0 0.083800815 0.03878239 0.040327057 0.0 0.0 0.13576122 0.0 0.0038783744 0.0018025496 0.0 0.0140205575 0.0 0.0062054126 0.0 0.0 0.027383422 0.07665319 0.02991691 0.05452645 0.0 0.0 0.19671412 0.11652039 0.0049981214 0.0 0.0 0.0028370065 0.0053179753 0.017973594 0.028553633 0.0 0.037294943 0.0 0.039767217 0.0 0.0 0.09721028 0.0 0.0 0.012678746 0.0 0.0 0.0 0.0 0.0077760564 0.0 0.0007833755 0.0 0.0035384947 0.028327439 0.0
0.0 0.01676214 0.0 0.0 0.0 0.0 0.0 0.037626516 0.0 0.0 0.0 0.0 0.0 0.0 0.0 0.0 0.09300807 0.018044557 0.0 0.0 0.0 0.07674089 0.0 0.0 0.0 0.0 0.0 0.0 0.0 0.0 0.0 0.0 0.0 0.0048617525 0.0 0.0 0.0 0.0 0.0 0.076716125 0.024447987 0.034090698 0.016553218 0.0 0.0 0.0 0.14709456 0.0 0.0 0.043782633 0.0 0.0 0.0 0.31615093 0.0 0.12478426
0.0 0.0 0.12641959 0.03519772 0.0 0.0 0.044773407 0.0 0.06687624 0.04437154 0.0 0.0 0.0 0.0 0.0 0.043912623 0.005334154 0.0 0.0 0.014362575 0.0 0.0 0.0 0.0 0.0 0.0 0.0 0.0 0.0 0.0 0.0 0.0 0.011756757 0.004911055 0.028828718 0.06379583 0.04776292 0.0 0.0 0.0 0.0 0.0 0.0 0.0 0.0 0.14709456 0.0 0.045805693 0.020470997 0.0 0.0 0.039035723 0.0 0.0 0.0 0.0
0.0 0.0 0.0 0.0 0.0 0.06773804 0.0 0.018389745 0.0 0.0 0.0 0.0 0.042870667 0.018007537 0.026386462 0.015125746 0.0 0.0044395714 0.0 0.0 0.0 0.041791316 0.0 0.028060934 0.17583011 0.0016027985 0.0 0.0 0.16835675 0.004710299 0.0 0.0 1.0867306e-34 0.014851093 0.0 0.0 0.0 0.0 0.11868311 0.0 0.0 0.0 0.0 0.0 0.0 0.0 0.04580569 0.01297578 0.0 0.0010217016 0.0 0.0 0.039113197 0.0 0.0 0.0
0.0 0.0 0.00946993 0.04267822 0.0 0.04544574 0.0 0.0 0.1075788 0.0 0.0 0.0051916754 0.12929256 0.0 0.17359915 0.02762678 0.014735126 0.028938351 0.035370097 0.0 0.0 0.0 0.0048790826 0.0 0.004503789 0.00817488 0.0 0.0 0.0 0.059865635 0.0 0.045847844 0.0 0.0 0.0 0.0 0.0 0.0 0.0 0.02426467 0.0 0.0 0.051300585 0.06425754 0.0 0.0 0.020470997 0.0 0.024453374 0.0 0.041194536 0.0 0.004742214 0.082190745 0.0 0.0
0.05164058 0.0 0.0 0.023282448 0.054247566 0.0 0.004986062 0.0 0.0 0.058293525 0.053697903 0.0 0.0 0.0 0.0 0.08397502 0.0 0.0 0.0 0.0 0.0 0.0 0.007554866 0.02334025 0.0 0.0 0.12858537 0.0 0.0 0.0 0.10989188 0.008179089 0.0 0.0 0.0 0.0 0.0 0.20444264 0.0 0.0 0.0 0.0 0.028597511 0.0 0.0077760564 0.04378263 0.0 0.0010217016 0.0 0.0 0.011878737 0.0 0.0 0.0 0.0 0.0
0.0 0.04218223 0.10010213 0.0 0.0 0.021077003 0.0 0.03915338 0.031579733 0.0 0.0 0.13461195 0.0 0.022544928 0.07317411 0.0 0.0 0.0 0.028375924 0.0 0.12940219 0.021898767 0.0 0.0 0.17455344 0.0 0.0 0.0 0.05730231 0.14648564 0.0 0.014550781 0.0 0.10701363 0.0 0.0 0.0 0.0 0.0016351019 0.0031793176 0.0 0.04893788 0.0 0.0 0.0 0.0 0.0 0.0 0.041194532 0.011878737 0.0 0.0 0.22536604 0.0 0.0 0.0
0.067912795 0.0 0.034135446 0.0 0.0025414943 0.0 0.0 0.08634747 0.0 0.0 0.0 0.0 0.0 0.088821076 0.0 0.0 0.0 0.0 0.010195684 0.0 0.055632573 0.08012684 0.0 0.08354047 0.045628607 0.14070027 0.0 0.0 0.0 0.0 0.0 0.0 0.0 0.0 0.0035234075 0.0 0.0 0.0 0.0 0.0 0.18839811 0.0073023634 0.0 0.023408247 0.0007833755 0.0 0.039035723 0.0 0.0 0.0 0.0 0.060997855 0.0 0.0 0.0 0.0
0.0 0.0 0.0 0.005661429 0.0 0.0 0.0 0.0 0.0 0.0 0.0 0.0 0.0 0.0 0.0 0.002975868 0.0 0.0 0.0 0.021355165 0.0 0.0 0.19568156 0.0 0.0 0.0 0.0 0.12712058 0.0 0.0 0.0 0.0 0.043936145 0.0 0.0 0.0 0.0 0.0 0.03366687 0.054311384 0.0 0.0 0.0 0.0 0.0 0.0 0.0 0.039113197 0.004742214 0.0 0.22536603 0.0 0.0 0.0 0.12378917 0.0
0.021582203 0.0044063623 0.0 0.0 0.0 0.03617897 0.0 0.0 0.0 0.00865927 0.0 0.0 0.0 0.0 0.0 0.0 0.0 0.02573129 0.0 0.0 0.0 0.0 0.0 0.0809862 0.024727559 0.0 0.0 0.0 0.0 0.0 0.045549065 0.0 0.06255647 0.0 0.017808376 0.0 0.0 0.07459415 0.0 0.0 0.0 0.0 0.0 0.0 0.0035384945 0.31615093 0.0 0.0 0.08219075 0.0 0.0 0.0 0.0 0.0 0.0 0.0
0.0 0.06758493 0.0 0.0 0.0 0.05112687 0.0 0.07823729 0.0 0.0 0.0 0.0 0.0 0.08040268 0.051661357 0.0 0.023887359 0.0 0.0 0.0 0.109248236 0.006107419 0.00065511477 0.0 0.0 0.037259217 0.0 0.07496248 0.0 0.0 0.009053108 0.0 0.030124089 0.018249406 0.0 0.0 0.02115669 0.0 0.10645359 0.0 0.071172744 0.0 0.0 0.018206554 0.028327439 0.0 0.0 0.0 0.0 0.0 0.0 0.0 0.12378917 0.0 0.05168426 0.0028262162
0.0 0.0 0.0 0.011385003 0.10103578 0.0 0.054669913 0.0 0.0 0.0 0.0 0.0 0.12994479 0.0 0.0 0.0 0.0 0.0 0.0 0.0 0.0 0.0 0.0 0.0 0.0 0.0 0.0 0.0 0.0 0.0 0.05233174 0.0 0.22913755 0.0 0.0 0.09850739 0.0 0.14285009 0.0 0.0 0.0 0.0 0.0 0.03162914 0.0 0.12478427 0.0 0.0 0.0 0.0 0.0 0.0 0.0 0.0 0.0028262162 0.0
