0.0 0.0 0.10732657 0.0007284014 0.0 0.0 0.0 0.0 0.021502726 0.0 0.11894287 0.0 0.0 0.0 0.0 0.0 0.0 0.011998502 0.0 0.0 0.0 0.0 0.0 0.0 0.11028289 0.0 0.0 0.0 0.01881885 0.021000141 0.03101584 0.0 0.052005526 0.13461635 0.002872243 0.06405604 0.0 0.0 0.025563527 0.0 0.045817856 0.0 0.031505626 0.0 0.0 0.2077829 0.0 0.0 0.0647786 0.011859465 0.0 0.0 0.0 0.0 0.0 0.0
0.0 0.005762035 0.0 0.052959785 0.010395117 0.051044557 0.0 0.0 0.045250922 0.0 0.0 0.0022053013 0.071349405 0.010438278 0.0 0.0 0.0 0.08447856 0.00996896 0.0 0.0 0.0 0.0 0.0 0.0 0.0 0.0 0.0 0.0 0.0 0.0 0.09086006 0.0 0.0 0.0 0.0 0.0 0.044797234 0.10430756 0.09903558 0.0 0.0 0.0 0.0 0.0 0.0 0.021393938 0.0 0.0003135708 0.0 0.14842969 0.0077081313 0.0 0.020999378 0.089178905 0.0
0.10732657 0.0 0.0 0.0 0.0 0.0 0.0 0.0 0.0 0.0 0.019390116 0.0 0.0 0.0 0.045272205 0.0 0.0 0.0 0.0 0.08199519 0.0 0.0 0.0 0.07676596 0.0 0.0077964114 0.041676674 0.04804658 0.0 0.0 0.0 0.0 0.0 0.0 0.13734631 0.0 0.04892995 0.0 0.0 0.02881214 0.124881424 0.0 0.0 0.0 0.024284603 0.0 0.0 0.0 0.0 0.0 0.0 0.07324915 0.0 0.09241074 0.041374616 0.0
0.0007284015 0.052959785 0.0 0.0 0.0 0.06512024 0.05918935 0.13280824 0.039347824 0.0 0.0 0.09131597 0.07369194 0.06260456 0.0 0.0 0.0 0.0 0.0 0.0 0.0032824522 0.0 0.0 0.0 0.0 0.0 0.012294327 0.0 0.0 0.0 0.0 0.0 0.0 0.0 0.04393686 0.0 0.0 0.0 0.0 0.13042825 0.0 0.07179838 0.0 0.0 0.041251183 0.0 0.029065615 0.10523601 0.0 0.0 0.0 0.0 0.0 0.0 0.03969262 0.018316966
0.0 0.010395118 0.0 0.0 0.013920791 0.0 0.0 0.0 0.07162801 0.0 0.0 0.0 0.0 0.08095096 0.24714307 0.026435422 0.012174771 0.0 0.0 0.023769807 0.0 0.0026741868 0.15003675 0.03849002 0.0 0.0 0.030974438 0.0 0.0 0.0 0.0 0.023769377 0.0 0.0 0.0 0.0 0.0 0.0 0.0 0.014950247 0.016789809 0.0024573372 0.0 0.0 0.0 0.0 0.0 0.06577901 0.0 0.06848037 0.016141446 0.0 0.0 0.0 0.0 0.0
0.0 0.051044557 0.0 0.065120235 0.0 0.0 0.016854728 0.0 0.0 0.0 0.0 0.13534601 0.07596194 0.051234186 0.0 0.0 0.03129364 0.0 0.00076363684 0.0 0.0 0.0 0.0 0.0 0.0 0.02671344 0.07764535 0.017975042 0.0 0.0 0.0 0.0 0.039367028 0.0 0.0 0.0 0.0 0.0 0.09818626 0.10298091 0.0 0.02425789 0.0 0.037721172 0.0 0.0 0.0 0.037797183 0.0 0.1008721 0.0019881513 0.0037706392 0.0 0.018144008 0.03664517 0.0
0.0 0.0 0.0 0.059189353 0.0 0.016854728 0.0 0.0 0.0 0.020575648 0.046292856 0.0 0.0 0.0 0.0 0.102453075 0.0 0.0 0.0 0.13000186 0.0 0.0 0.0 0.0 0.0 0.0 0.06206005 0.0 0.0 0.0 0.012371939 0.0 0.060254086 0.0 0.0 0.0 0.0 0.0 0.08880863 0.0 0.025129553 0.0 0.009279911 0.02677425 0.0041911597 0.022133706 0.0 0.0 0.0 0.0 0.109294765 0.0 0.0 0.0 0.020988248 0.0027407769
0.0 0.0 0.0 0.13280825 0.0 0.0 0.0 0.0 0.0 0.0 0.04351246 0.0 0.0 0.0 0.0 0.10069758 0.0 0.0 0.0 0.0 0.0 0.016890338 0.0 0.0 0.0019002786 0.15600471 0.0 0.0 0.0 0.0 0.13260867 0.0 0.05257225 0.11365839 0.0 0.0 0.18026404 0.0 0.0 0.0 0.0 0.0 0.032776225 0.0 0.0 0.02878938 0.0 0.005062257 0.14531977 0.0 0.0 0.0 0.0 0.0 0.014140517 0.0
0.021502726 0.045250926 0.0 0.039347824 0.07162801 0.0 0.0 0.0 0.0 0.017246442 0.0031228613 0.0 0.0 0.12488084 0.0 0.058079153 0.0 0.0 0.0 0.04525509 0.0 0.042085633 0.054511763 0.021855686 0.0 0.045565043 0.13064483 0.022878528 0.0 0.0 0.06756835 0.0 0.0 0.0 0.0 0.0 0.0 0.06409061 0.0 0.0 0.0 0.0 0.0 0.0 0.009068207 0.0 0.0 0.0 0.0 0.0 0.05297922 0.0 0.0 0.0 0.070847504 0.0
0.0 0.0 0.0 0.0 0.0 0.0 0.020575648 0.0 0.017246442 0.0 0.13682142 0.03489767 0.0 0.0 0.0 0.0 0.0 0.0 0.0 0.0 0.0 0.0 0.03607309 0.04042285 0.10716043 0.08038238 0.0 0.0 0.13435538 0.0 0.0 0.0 0.055112373 0.07519864 0.0 0.09062439 0.0 0.0 0.0 0.0 0.002076667 0.0 0.12886268 0.0 0.0 0.0043298625 0.0 0.0 0.0 0.0 0.0 0.0 0.0 0.09636602 0.0 0.010671897
0.11894287 0.0 0.019390116 0.0 0.0 0.0 0.04629286 0.04351246 0.0031228613 0.13682142 0.0 0.0 0.0 0.007438514 0.00085465907 0.0 0.0 0.0 0.0 0.0 0.0 0.056687206 0.0 0.028966287 0.0 0.0 0.0 0.0 0.14238626 0.13207456 0.0 0.0 0.0 0.03273814 0.0595678 0.0 0.04629408 0.0 0.0 0.0 0.010139766 0.0028912271 0.0 0.0 0.052254945 0.0 0.0059911725 0.0047264486 0.0 0.067670055 0.0 0.0 0.07517215 0.0 0.0 0.04135338
0.0 0.0022053015 0.0 0.09131597 0.0 0.13534603 0.0 0.0 0.0 0.034897674 0.0 0.0 0.0 0.0 0.0 0.0 0.010284749 0.0 0.0 0.0 0.0 0.0 0.041684043 0.0 0.0 0.0 0.1491388 0.111396134 0.0 0.0 0.0 0.0 0.0 0.0 0.0 0.0 0.0 0.03858459 0.0 0.028588573 0.035797134 0.0 0.0 0.0 0.10609347 0.0 0.0 0.0057175704 0.004147588 0.0 0.031491842 0.0 0.0 0.0 0.0 0.0
0.0 0.071349405 0.0 0.07369194 0.0 0.07596194 0.0 0.0 0.0 0.0 0.0 0.0 0.09309999 0.0 0.0 0.013103743 0.0 0.0 0.007489478 0.0 0.057695024 0.03305327 0.0 0.0 0.0 0.0 0.017750263 0.09983561 0.0 0.0 0.048663646 0.0 0.0 0.0 0.0 0.0 0.0 0.19713397 0.0 0.0 0.0 0.06621488 0.09385642 0.0 0.0 0.0 0.08571466 0.0 0.0 0.0 0.0 0.0 0.0 0.0 0.0 0.0
0.0 0.010438278 0.0 0.06260456 0.08095096 0.051234186 0.0 0.0 0.12488084 0.0 0.0074385135 0.0 0.0 0.0 0.0 0.03225947 0.039766323 0.05332793 0.0 0.0 0.0 0.0 0.0 0.058859162 0.0 0.0 0.0 0.0 0.0 0.0 0.15436783 0.0 0.0 0.0 0.0049843746 0.0 0.0 0.25562915 0.0 0.0 0.0 0.0 0.020849321 0.0 0.0 0.0 0.0762314 0.024882887 0.0 0.0 0.0 0.011294291 0.0 0.0 0.07122913 0.0
0.0 0.0 0.045272205 0.0 0.24714309 0.0 0.0 0.0 0.0 0.0 0.00085465907 0.0 0.0 0.0 0.0 0.0 0.0 0.124113984 0.0 0.03969417 0.049534436 0.0 0.0 0.027383763 0.013103131 0.0 0.11140999 0.0 0.0 0.0 0.0 0.05453458 0.0 0.0 0.0 0.022470262 0.0 0.006322544 0.0 0.0 0.0 0.0 0.0 0.0 0.0 0.0066229645 0.02989788 0.0 0.030862596 0.0 0.06785426 0.035268586 0.0653107 0.0 0.0 0.0
0.0 0.0 0.0 0.0 0.026435422 0.0 0.10245308 0.10069758 0.058079153 0.0 0.0 0.0 0.013103744 0.03225947 0.0 0.0044409367 0.0 0.0 0.17867853 0.0 0.0 0.0 0.0 0.10600054 0.0 0.0 0.0 0.0 0.0 0.0 0.0 0.0 0.0 0.11949748 0.0 0.112320736 0.0 0.0 0.0 0.05698095 0.0 0.0 0.0 0.0 0.0 0.0 0.0 0.0 0.0 0.0 0.0 0.0 0.0 0.0 0.03132092 0.0
0.0 0.0 0.0 0.0 0.012174771 0.031293646 0.0 0.0 0.0 0.0 0.0 0.010284749 0.0 0.039766323 0.0 0.0 0.16112183 0.0 0.0 0.0 0.0 0.0 0.0 0.0 0.0 0.0 0.0 0.0 0.0 0.0 0.0 0.025315642 0.0 0.0 0.0 0.0 0.0024519842 0.0 0.024363378 0.02184121 0.114425614 0.009077562 0.0 0.0426395 0.07655342 0.0 0.037935007 0.0 0.028986763 0.0 0.0 0.030588483 0.092598274 0.0 0.0 0.14022927
0.011998502 0.08447856 0.0 0.0 0.0 0.0 0.0 0.0 0.0 0.0 0.0 0.0 0.0 0.05332793 0.124113984 0.0 0.0 0.10142786 0.0 0.01971847 0.0 0.0 0.12820236 0.07439561 0.0 0.0 0.05187014 0.02670685 0.0 0.0 0.0 0.04490505 0.0 0.0 0.0 0.0 0.0 0.0 0.0 0.0 0.017273229 0.0 0.0 0.0 0.0 0.030634891 0.031155666 0.021274742 0.0 0.0 0.03852352 0.059577182 0.0 0.023687834 0.0 0.0
0.0 0.00996896 0.0 0.0 0.0 0.0007636368 0.0 0.0 0.0 0.0 0.0 0.0 0.0074894777 0.0 0.0 0.17867851 0.0 0.0 0.0 0.022597767 0.0178776 0.0059183245 0.0 0.0 0.0 0.0 0.040931772 0.077120356 0.0 0.0 0.0 0.0 0.0 0.0 0.0 0.0 0.0 0.0041412846 0.0 0.22644036 0.0 0.0 0.010510723 0.0 0.0 0.0 0.016553754 0.0 0.065175176 0.0 0.05318997 0.0 0.0 0.0 0.104063645 0.019210292
0.0 0.0 0.08199519 0.0 0.023769807 0.0 0.13000186 0.0 0.04525509 0.0 0.0 0.0 0.0 0.0 0.03969417 0.0 0.0 0.01971847 0.022597767 0.0 0.0 0.0 0.0 0.012833178 0.0 0.0 0.0 0.0 0.2650839 0.004330367 0.0 0.0 0.0 0.16811158 0.0 0.0 0.0 0.0 0.0 0.0 0.0 0.025834626 0.0 0.0 0.0 0.03046834 0.0 0.0 0.0 0.09780088 0.0 0.045512173 0.120855585 0.016955588 0.0 0.0
0.0 0.0 0.0 0.0032824525 0.0 0.0 0.0 0.0 0.0 0.0 0.0 0.0 0.057695024 0.0 0.049534433 0.0 0.0 0.0 0.017877601 0.0 0.0 0.008969078 0.0 0.0 0.0 0.058778163 0.06753473 0.04479857 0.0 0.0 0.0 0.0 0.0 0.0 0.0 0.0 0.0 0.0 0.0 0.10080959 0.004562981 0.0213322 0.0 0.09214788 0.0 0.0 0.0 0.0 0.009270756 0.15000378 0.09889291 0.0 0.0 0.0 0.0 0.0
0.0 0.0 0.0 0.0 0.0026741868 0.0 0.0 0.016890338 0.042085633 0.0 0.056687206 0.0 0.033053268 0.0 0.0 0.0 0.0 0.0 0.005918325 0.0 0.008969078 0.0 0.0 0.0 0.0 0.0 0.0015965155 0.013861134 0.0 0.0 0.0 0.09890871 0.0 0.0 0.0 0.0 0.0045966157 0.0 0.0 0.0871451 0.0 0.18303615 0.0 0.0 0.0 0.0 0.049725376 0.0 0.00056285533 0.0 0.0 0.045331113 0.015736587 0.080438904 0.031156758 0.0
0.0 0.0 0.0 0.0 0.15003675 0.0 0.0 0.0 0.05451176 0.036073092 0.0 0.041684043 0.0 0.0 0.0 0.0 0.0 0.12820235 0.0 0.0 0.0 0.0 0.10998016 0.02826081 0.0 0.0 0.06755834 0.0 0.0 0.0 0.0 0.0091036055 0.0 0.0 0.035946697 0.0127789825 0.0 0.08271563 0.0 0.0 0.0 0.0 0.0 0.0 0.0 0.12654741 0.0 0.15608023 0.0 0.0 0.0 0.031598974 0.0 0.0 0.0 0.0
0.0 0.0 0.07676597 0.0 0.03849002 0.0 0.0 0.0 0.021855688 0.04042285 0.028966287 0.0 0.0 0.05885916 0.027383763 0.10600054 0.0 0.07439561 0.0 0.012833177 0.0 0.0 0.02826081 0.066398494 0.012405766 0.07235988 0.0 0.0 0.0 0.0 0.05719552 0.0 0.08007031 0.009550464 0.0 0.0 0.0 0.0 0.0 0.0 0.0 0.0 0.0 0.0 0.0 0.060717154 0.0 0.03875896 0.07119193 0.0 0.0 0.005833213 0.0023483767 0.0 0.07094299 0.0
0.11028288 0.0 0.0 0.0 0.0 0.0 0.0 0.0019002786 0.0 0.10716043 0.0 0.0 0.0 0.0 0.01310313 0.0 0.0 0.0 0.0 0.0 0.0 0.0 0.0 0.012405766 0.0 0.0040237308 0.0112769725 0.10173926 0.0 0.0 0.0 0.0 0.0 0.018081704 0.032706253 0.0 0.06680289 0.0 0.0 0.060159948 0.0045462823 0.015823446 0.0 0.0 0.109618425 0.0 0.0 0.067623004 0.024034519 0.0 0.026561875 0.17710398 0.0 0.049008086 0.014107554 0.0
0.0 0.0 0.0077964114 0.0 0.0 0.02671344 0.0 0.15600471 0.045565043 0.08038237 0.0 0.0 0.0 0.0 0.0 0.0 0.0 0.0 0.0 0.0 0.058778163 0.0 0.0 0.07235988 0.0040237308 0.0 0.0 0.0 0.0 0.0 0.0041047772 0.0 0.019374404 0.0 0.064076096 0.016243687 0.036135104 0.10409675 0.08648117 0.0 0.0 0.0029625439 0.0 0.0 0.0 0.00335539 0.006557459 0.06496515 0.0 0.0 0.0 0.08025115 0.032446053 0.0 0.0 0.0
0.0 0.0 0.041676674 0.012294328 0.03097444 0.07764535 0.06206005 0.0 0.13064483 0.0 0.0 0.1491388 0.017750263 0.0 0.111409985 0.0 0.0 0.05187014 0.040931776 0.0 0.06753473 0.0015965155 0.06755834 0.0 0.011276973 0.0 0.005275973 0.0 0.0 0.017811447 0.0 0.0 0.0 0.0 0.0 0.0 0.0 0.0 0.0 0.0 0.0 0.0 0.0 0.011106976 0.0 0.050892264 0.0 0.025405688 0.0 0.06346745 0.0 0.0 0.10418237 0.0 0.0 0.0
0.0 0.0 0.048046585 0.0 0.0 0.017975042 0.0 0.0 0.022878528 0.0 0.0 0.111396134 0.099835604 0.0 0.0 0.0 0.0 0.02670685 0.07712035 0.0 0.04479857 0.013861134 0.0 0.0 0.10173925 0.0 0.0 0.0 0.0 0.06541062 0.0 0.015047532 0.022022448 0.0 0.0 0.052604154 0.0 0.0 0.1125995 0.0 0.0 0.0 0.0 0.07061672 0.0 0.0 0.053230166 0.010736307 0.0 0.0 0.0 0.0 0.082073145 0.0 0.0 0.0
0.018818852 0.0 0.0 0.0 0.0 0.0 0.0 0.0 0.0 0.1343554 0.14238624 0.0 0.0 0.0 0.0 0.0 0.0 0.0 0.0 0.2650839 0.0 0.0 0.0 0.0 0.0 0.0 0.0 0.0 0.0 0.0 0.0 0.0 0.0 0.0 0.026054818 0.0 0.0 0.0 0.019361168 0.0 0.0 0.0 0.1732532 0.0 0.024035841 0.005100364 0.0 0.0 0.030452918 0.0 0.0 0.0 0.0 0.0 0.024941433 0.0
0.021000141 0.0 0.0 0.0 0.0 0.0 0.0 0.0 0.0 0.0 0.13207456 0.0 0.0 0.0 0.0 0.0 0.0 0.0 0.0 0.0043303664 0.0 0.0 0.0 0.0 0.0 0.0 0.017811447 0.06541063 0.0 0.0 0.0 0.0 0.041992385 0.0 0.0385478 0.0 0.1700089 0.0 0.0 0.0 0.0019303968 0.0 0.0 0.0 0.17002754 0.0 0.0 0.043684013 0.0 0.006743604 0.02631368 0.16717115 0.0 0.0 0.013314794 0.0
0.03101584 0.0 0.0 0.0 0.0 0.0 0.012371939 0.13260868 0.06756835 0.0 0.0 0.0 0.048663646 0.15436783 0.0 0.0 0.0 0.0 0.0 0.0 0.0 0.0 0.0 0.05719552 0.0 0.0041047772 0.0 0.0 0.0 0.0 0.0 0.0 0.0 0.0030023686 0.013447263 0.0 0.0 0.0 0.0 0.0133128725 0.008178533 0.2628898 0.0 0.043298904 0.0 0.0 0.0 0.016882973 0.0 0.02713885 0.0 0.010704902 0.0 0.0 0.004057393 0.0
0.0 0.09086006 0.0 0.0 0.023769375 0.0 0.0 0.0 0.0 0.0 0.0 0.0 0.0 0.0 0.05453458 0.0 0.025315642 0.04490505 0.0 0.0 0.0 0.098908715 0.0091036055 0.0 0.0 0.0 0.0 0.015047532 0.0 0.0 0.0 0.08992119 0.0 0.0 0.0 0.0 0.0 0.0 0.0 0.010413424 0.0 0.0 0.0 0.0 0.1442363 0.0 0.12066259 0.20619547 0.0 0.032936227 0.0 0.0 0.027634175 0.0 0.0 0.0
0.052005522 0.0 0.0 0.0 0.0 0.039367024 0.060254082 0.052572247 0.0 0.05511237 0.0 0.0 0.0 0.0 0.0 0.0 0.0 0.0 0.0 0.0 0.0 0.0 0.0 0.08007032 0.0 0.019374402 0.0 0.022022448 0.0 0.041992385 0.0 0.0 0.0 0.0 0.14271866 0.0 0.16321835 0.0 0.018318953 0.0128714135 0.0 0.0 0.0 0.0 0.013149686 0.0 0.0 0.0 0.0 0.15259759 0.0 0.033107962 0.0 0.0 0.0 0.0
0.13461635 0.0 0.0 0.0 0.0 0.0 0.0 0.11365839 0.0 0.07519865 0.032738138 0.0 0.0 0.0 0.0 0.11949748 0.0 0.0 0.0 0.16811158 0.0 0.0 0.0 0.009550465 0.018081702 0.0 0.0 0.0 0.0 0.0 0.0030023686 0.0 0.0 0.0 0.0 0.0 0.015201611 0.0 0.0101526305 0.0 0.0 0.0 0.0 0.0 0.0 0.0 0.0 0.0 0.025289606 0.0 0.0 0.005617203 0.0 0.0 0.0873882 0.0
0.002872243 0.0 0.13734633 0.04393686 0.0 0.0 0.0 0.0 0.0 0.0 0.0595678 0.0 0.0 0.0049843746 0.0 0.0 0.0 0.0 0.0 0.0 0.0 0.0 0.035946697 0.0 0.032706253 0.064076096 0.0 0.0 0.026054818 0.0385478 0.013447263 0.0 0.14271864 0.0 0.0 0.11446349 0.0 0.0 0.023608407 0.0 0.017331392 0.0 0.0 0.0 0.0 0.0 0.0 0.0 0.03503028 0.02798044 0.0 0.0 0.017643768 0.016739288 0.09139091 0.0
0.06405604 0.0 0.0 0.0 0.0 0.0 0.0 0.0 0.0 0.09062439 0.0 0.0 0.0 0.0 0.022470262 0.112320736 0.0 0.0 0.0 0.0 0.0 0.0 0.0127789825 0.0 0.0 0.016243687 0.0 0.052604154 0.0 0.0 0.0 0.0 0.0 0.0 0.11446349 0.0 0.095488116 0.0 0.0691527 0.0 0.0 0.0 0.0 0.0 0.041592743 0.0 0.0 0.0 0.0 0.0 0.12755103 0.03667225 0.0 0.0 0.12967983 0.0
0.0 0.0 0.04892995 0.0 0.0 0.0 0.0 0.18026404 0.0 0.0 0.04629408 0.0 0.0 0.0 0.0 0.0 0.0024519842 0.0 0.0 0.0 0.0 0.0045966157 0.0 0.0 0.0668029 0.036135104 0.0 0.0 0.0 0.1700089 0.0 0.0 0.16321833 0.015201611 0.0 0.09548811 0.0 0.0 0.009644628 0.0 0.054569297 0.0 0.0 0.0 0.024977647 0.0 0.0 0.0 0.06541224 0.014628194 0.0 0.0 0.0013153674 0.0061982 0.0 0.003158719
0.0 0.044797234 0.0 0.0 0.0 0.0 0.0 0.0 0.06409061 0.0 0.0 0.038584586 0.19713397 0.25562918 0.0063225436 0.0 0.0 0.0 0.004141285 0.0 0.0 0.0 0.08271563 0.0 0.0 0.104096755 0.0 0.0 0.0 0.0 0.0 0.0 0.0 0.0 0.0 0.0 0.0 0.0 0.0 0.0 0.0945975 0.0051781344 0.0 0.0 0.0 0.0 0.010396962 0.001885798 0.011885133 0.0 0.0 0.0 0.0 0.02643341 0.003191303 0.0
0.025563527 0.10430756 0.0 0.0 0.0 0.09818626 0.08880863 0.0 0.0 0.0 0.0 0.0 0.0 0.0 0.0 0.0 0.02436338 0.0 0.0 0.0 0.0 0.0 0.0 0.0 0.0 0.08648116 0.0 0.1125995 0.019361168 0.0 0.0 0.0 0.018318953 0.010152631 0.023608407 0.0691527 0.009644628 0.0 0.0 0.047857985 0.0 0.0 0.0 0.0 0.008555984 0.0 0.0 0.0 0.0 0.068854645 0.0 0.0 0.0 0.0 0.0 0.0
0.0 0.09903558 0.02881214 0.13042825 0.0149502475 0.10298091 0.0 0.0 0.0 0.0 0.0 0.028588573 0.0 0.0 0.0 0.05698095 0.02184121 0.0 0.22644036 0.0 0.10080959 0.087145105 0.0 0.0 0.06015994 0.0 0.0 0.0 0.0 0.0 0.013312873 0.010413424 0.012871413 0.0 0.0 0.0 0.0 0.0 0.047857985 0.0 0.0 0.02731215 0.0 0.0 0.0 0.0 0.06421931 0.0 0.012999448 0.0 0.0 0.0 0.040616844 0.040788934 0.0 0.0021461088
0.045817852 0.0 0.12488143 0.0 0.016789807 0.0 0.025129551 0.0 0.0 0.002076667 0.010139766 0.035797134 0.0 0.0 0.0 0.0 0.114425614 0.017273229 0.0 0.0 0.004562981 0.0 0.0 0.0 0.0045462823 0.0 0.0 0.0 0.0 0.0019303968 0.008178533 0.0 0.0 0.0 0.017331392 0.0 0.054569297 0.0945975 0.0 0.0 0.021911496 0.031536978 0.07186612 0.0 0.0 0.0 0.27054828 0.0 0.024863837 0.0 0.0 0.0 0.0 0.0 0.0 0.0
0.0 0.0 0.0 0.07179837 0.0024573372 0.02425789 0.0 0.0 0.0 0.0 0.0028912271 0.0 0.06621488 0.0 0.0 0.0 0.009077563 0.0 0.0 0.025834624 0.0213322 0.18303613 0.0 0.0 0.015823446 0.0029625439 0.0 0.0 0.0 0.0 0.2628898 0.0 0.0 0.0 0.0 0.0 0.0 0.0051781344 0.0 0.02731215 0.031536978 0.0 0.0 0.0 0.0 0.0 0.0 0.0 0.11359129 0.0 0.049808335 0.0 0.0 0.0 0.06162333 0.0
0.031505626 0.0 0.0 0.0 0.0 0.0 0.0092799105 0.032776225 0.0 0.1288627 0.0 0.0 0.09385642 0.020849321 0.0 0.0 0.0 0.0 0.010510723 0.0 0.0 0.0 0.0 0.0 0.0 0.0 0.0 0.0 0.17325321 0.0 0.0 0.0 0.0 0.0 0.0 0.0 0.0 0.0 0.0 0.0 0.07186612 0.0 0.0 0.0 0.0 0.0 0.0053696977 0.0 0.0 0.0 0.0 0.0 0.0 0.0 0.0 0.3590461
0.0 0.0 0.0 0.0 0.0 0.037721172 0.026774248 0.0 0.0 0.0 0.0 0.0 0.0 0.0 0.0 0.0 0.0426395 0.0 0.0 0.0 0.09214788 0.0 0.0 0.0 0.0 0.0 0.011106976 0.07061672 0.0 0.0 0.043298904 0.0 0.0 0.0 0.0 0.0 0.0 0.0 0.0 0.0 0.0 0.0 0.0 0.0 0.15794678 0.0 0.0 0.0 0.0 0.0 0.0 0.0 0.0070792204 0.12917632 0.0 0.21717675
0.0 0.0 0.024284605 0.041251183 0.0 0.0 0.0041911597 0.0 0.009068207 0.0 0.052254945 0.10609347 0.0 0.0 0.0 0.0 0.07655343 0.0 0.0 0.0 0.0 0.0 0.0 0.0 0.109618425 0.0 0.0 0.0 0.024035841 0.17002754 0.0 0.1442363 0.013149685 0.0 0.0 0.041592743 0.024977647 0.0 0.008555984 0.0 0.0 0.0 0.0 0.1579468 0.0 0.09492054 0.0 0.0 0.035370156 0.012453164 0.0 0.0 0.010668773 0.0 0.0 0.0
0.2077829 0.0 0.0 0.0 0.0 0.0 0.022133706 0.02878938 0.0 0.0043298625 0.0 0.0 0.0 0.0 0.006622964 0.0 0.0 0.030634893 0.0 0.03046834 0.0 0.0 0.12654741 0.06071715 0.0 0.00335539 0.050892264 0.0 0.0051003643 0.0 0.0 0.0 0.0 0.0 0.0 0.0 0.0 0.0 0.0 0.0 0.0 0.0 0.0 0.0 0.09492054 0.0 0.0 0.037122056 0.0 0.0 0.07495335 0.08455032 0.0 0.0 0.0 0.0
0.0 0.021393938 0.0 0.029065616 0.0 0.0 0.0 0.0 0.0 0.0 0.0059911725 0.0 0.08571465 0.0762314 0.029897878 0.0 0.037935007 0.031155666 0.016553756 0.0 0.0 0.049725376 0.0 0.0 0.0 0.0065574585 0.0 0.053230166 0.0 0.0 0.0 0.12066259 0.0 0.0 0.0 0.0 0.0 0.010396961 0.0 0.06421931 0.2705483 0.0 0.0053696977 0.0 0.0 0.0 0.0 0.0 0.07275896 0.0 0.011838125 0.0 0.0 0.017780112 0.002580942 0.0359387
0.0 0.0 0.0 0.10523601 0.06577901 0.037797183 0.0 0.005062257 0.0 0.0 0.004726449 0.005717571 0.0 0.024882887 0.0 0.0 0.0 0.021274742 0.0 0.0 0.0 0.0 0.15608023 0.038758956 0.067623004 0.06496515 0.025405688 0.010736307 0.0 0.043684013 0.016882973 0.20619547 0.0 0.0 0.0 0.0 0.0 0.001885798 0.0 0.0 0.0 0.0 0.0 0.0 0.0 0.037122056 0.0 0.0 0.0 0.021528894 0.06722322 0.0056123575 0.010918385 0.0 0.0 0.0
0.0647786 0.0003135708 0.0 0.0 0.0 0.0 0.0 0.14531977 0.0 0.0 0.0 0.0041475873 0.0 0.0 0.030862594 0.0 0.028986763 0.0 0.065175176 0.0 0.009270756 0.00056285533 0.0 0.07119194 0.024034519 0.0 0.0 0.0 0.030452918 0.0 0.0 0.0 0.0 0.025289606 0.03503028 0.0 0.065412246 0.011885133 0.0 0.012999448 0.024863835 0.11359129 0.0 0.0 0.035370156 0.0 0.07275896 0.0 0.0 0.03375731 0.0 0.0041749096 0.03449446 0.0 0.0 0.0
0.011859465 0.0 0.0 0.0 0.06848037 0.10087211 0.0 0.0 0.0 0.0 0.067670055 0.0 0.0 0.0 0.0 0.0 0.0 0.0 0.0 0.09780087 0.15000378 0.0 0.0 0.0 0.0 0.0 0.06346744 0.0 0.0 0.0067436034 0.02713885 0.032936227 0.1525976 0.0 0.02798044 0.0 0.014628193 0.0 0.068854645 0.0 0.0 0.0 0.0 0.0 0.012453163 0.0 0.0 0.021528894 0.03375731 0.0 0.04401285 0.032199718 0.0 0.0 0.0 0.0
0.0 0.14842969 0.0 0.0 0.016141446 0.001988151 0.109294765 0.0 0.05297922 0.0 0.0 0.031491842 0.0 0.0 0.06785427 0.0 0.0 0.03852352 0.053189967 0.0 0.098892905 0.0 0.0 0.0 0.026561875 0.0 0.0 0.0 0.0 0.02631368 0.0 0.0 0.0 0.0 0.0 0.12755103 0.0 0.0 0.0 0.0 0.0 0.049808335 0.0 0.0 0.0 0.07495335 0.011838125 0.06722322 0.0 0.04401285 0.0 0.0 0.099968955 0.085464835 0.0 0.0
0.0 0.0077081313 0.07324915 0.0 0.0 0.0037706392 0.0 0.0 0.0 0.0 0.0 0.0 0.0 0.011294291 0.035268586 0.0 0.030588487 0.059577186 0.0 0.045512173 0.0 0.04533111 0.031598974 0.005833213 0.17710397 0.08025116 0.0 0.0 0.0 0.16717115 0.010704903 0.0 0.033107962 0.0056172027 0.0 0.03667225 0.0 0.0 0.0 0.0 0.0 0.0 0.0 0.0 0.0 0.08455032 0.0 0.0056123575 0.00417491 0.032199718 0.0 0.0 0.10236471 0.0 0.0 0.0
0.0 0.0 0.0 0.0 0.0 0.0 0.0 0.0 0.0 0.0 0.07517215 0.0 0.0 0.0 0.0653107 0.0 0.092598274 0.0 0.0 0.120855585 0.0 0.015736587 0.0 0.0023483767 0.0 0.032446053 0.10418237 0.082073145 0.0 0.0 0.0 0.027634175 0.0 0.0 0.01764377 0.0 0.0013153674 0.0 0.0 0.040616844 0.0 0.0 0.0 0.0070792204 0.010668773 0.0 0.0 0.010918385 0.03449446 0.0 0.099968955 0.10236471 0.0 0.0 0.0 0.0
0.0 0.020999376 0.09241075 0.0 0.0 0.018144008 0.0 0.0 0.0 0.09636602 0.0 0.0 0.0 0.0 0.0 0.0 0.0 0.023687834 0.0 0.016955588 0.0 0.080438904 0.0 0.0 0.049008083 0.0 0.0 0.0 0.0 0.0 0.0 0.0 0.0 0.0 0.016739288 0.0 0.0061982 0.026433412 0.0 0.040788934 0.0 0.0 0.0 0.1291763 0.0 0.0 0.01778011 0.0 0.0 0.0 0.085464835 0.0 0.0 0.040234886 0.0 0.057780292
0.0 0.089178905 0.041374616 0.03969262 0.0 0.03664517 0.020988248 0.014140517 0.07084751 0.0 0.0 0.0 0.0 0.07122914 0.0 0.031320922 0.0 0.0 0.10406364 0.0 0.0 0.031156758 0.0 0.07094299 0.014107554 0.0 0.0 0.0 0.024941433 0.013314794 0.004057393 0.0 0.0 0.0873882 0.09139091 0.12967983 0.0 0.0031913032 0.0 0.0 0.0 0.061623327 0.0 0.0 0.0 0.0 0.002580942 0.0 0.0 0.0 0.0 0.0 0.0 0.0 0.0 0.0
0.0 0.0 0.0 0.018316967 0.0 0.0 0.0027407769 0.0 0.0 0.010671896 0.04135338 0.0 0.0 0.0 0.0 0.0 0.14022927 0.0 0.019210292 0.0 0.0 0.0 0.0 0.0 0.0 0.0 0.0 0.0 0.0 0.0 0.0 0.0 0.0 0.0 0.0 0.0 0.003158719 0.0 0.0 0.0021461085 0.0 0.0 0.35904613 0.21717675 0.0 0.0 0.0359387 0.0 0.0 0.0 0.0 0.0 0.0 0.057780292 0.0 0.14216305
