0.0 0.0 0.006240346 0.23109435 0.0 0.0 0.0 0.0071524917 0.0 0.0 0.0 0.0 0.0 0.0 0.050345555 0.0 0.0 0.0 0.06838093 0.12617573 0.019622877 0.0 0.22351249 0.0 0.0 0.0 0.14615925 0.0 0.0 0.0 0.0 0.0 0.013480669 0.02318682 0.0 0.0 0.0 0.0 0.0 0.05176073 0.0 0.0 0.11126391 0.0 0.0 0.0 0.0 0.024240548 0.0 0.0 0.10097255 0.0 0.0 0.0 0.0 0.0
0.0 0.0 0.0 0.047063254 0.0061407816 0.0 0.012072044 0.0 0.15817831 0.0 0.0 0.0 0.121706344 0.023323687 0.0 0.0 0.0 0.041625235 0.0 0.0 0.0 0.0 0.0 0.0 0.04443712 0.0 0.0 0.0 0.0 0.0 0.07886624 0.09487565 0.0 0.04136613 0.0 0.08000375 0.0 0.0 0.0 0.09405448 0.047426928 0.0 0.057536606 0.0 0.0 0.0 0.05684054 0.0 0.0 0.0 0.0 0.0 0.019494824 0.0 0.0 0.040538464
0.006240346 0.0 0.084672086 0.0 0.0 0.0 0.0 0.14933214 0.0 0.0 0.0 0.0 0.0 0.0 0.011259605 0.0 0.0 0.0 0.0 0.0 0.0 0.0 0.0 0.04219228 0.014492558 0.0 0.0 0.0 0.10629084 0.0 0.0 0.0 0.0 0.0 0.16949731 0.054912418 0.118341915 0.0 0.0 0.0 0.0 0.0 0.0 0.033993494 0.04256956 0.0 0.0 0.0 0.0 0.031394478 0.0 0.09021912 0.0 0.0 0.0 0.053239945
0.23109435 0.047063254 0.0 0.0 0.0 0.0 0.0 0.03669504 0.0 0.053100605 0.0068308176 0.0 0.07657604 0.044059478 0.0 0.012812208 0.0 0.027510278 0.0 0.0 0.0 0.0 0.0 0.15479103 0.0 0.0 0.0 0.05189504 0.0 0.0 0.0 0.0 0.0 0.0 0.0070298775 0.0 0.023855697 0.0 0.0 0.0 0.0040026503 0.011560518 0.0 0.05152077 0.010710191 0.0 0.0 0.0 0.0 0.0 0.0 0.04801116 0.0 0.0 0.10314204 0.0009847226
0.0 0.006140781 0.0 0.0 0.29506344 0.16424665 0.0 0.0 0.15987445 0.0 0.022112168 0.0 0.0 0.0079370225 0.0 0.0 0.0 0.059347004 0.0 0.0 0.0 0.0 0.0 0.012464845 0.0 0.0 0.03460365 0.0381909 0.0 0.0 0.0 0.22399397 0.0 0.0 0.0 0.017046375 0.0 0.0 0.0 0.0 0.0 0.03626688 0.0 0.0 0.0 0.017208928 0.0 0.0 0.0 0.0 0.0 0.0 0.0 0.057442646 0.0 0.0
0.0 0.0 0.0 0.0 0.16424665 0.0 0.0 0.0 0.042359687 0.0 0.03825229 0.0 0.006217673 0.0 0.027159099 0.0 0.030562527 0.0 0.01349299 0.0 0.011190403 0.0 0.0 0.0 0.024682045 0.0 0.0 0.0 0.0 0.0 0.0 0.061945565 0.0 0.0 0.0 0.06760587 0.0 0.0 0.0 0.0 0.0 0.096761666 0.0 0.0 0.0 0.13284376 0.032927334 0.0 0.0 0.0 0.0 0.0 0.035523113 0.0 0.0 0.033260938
0.0 0.012072044 0.0 0.0 0.0 0.0 0.0 0.033883713 0.0 0.0 0.022351306 0.0 0.0 0.0 0.08725146 0.020895632 0.0 0.0 0.0 0.0 0.09262872 0.0 0.0 0.028045325 0.0 0.0 0.009028037 0.0 0.0 0.0 0.0 0.0 0.0 0.012512254 0.019828662 0.0 0.0 0.040608447 0.0 0.0 0.0 0.0 0.0 0.0 0.075665094 0.0 0.0 0.07298467 0.0 0.15440498 0.0 0.029252674 0.044019394 0.0 0.0 0.0
0.0071524917 0.0 0.14933212 0.036695044 0.0 0.0 0.033883713 0.0 0.0 0.0 0.0 0.04232666 0.0 0.0 0.0 0.0 0.0 0.0 0.0 0.053888734 0.04042431 0.0 0.11587303 0.0 0.0 0.0 0.0021685068 0.0 0.046374347 0.021572731 0.0 0.0 0.14875749 0.04147646 0.0 0.0 0.0 0.0 0.022052724 0.0 0.0 0.0 0.0 0.0 0.03776146 0.0 0.0 0.17729323 0.0 0.009925712 0.016152287 0.0 0.0 0.018179443 0.0 0.0
0.0 0.15817831 0.0 0.0 0.15987445 0.042359687 0.0 0.0 0.0 0.0 0.0054085734 0.0 0.059334654 0.104338236 0.0 0.0 0.0 0.0 0.0 0.0 0.0 0.0 0.0 0.0 0.0 0.064199924 0.0 0.0 0.0 0.0 0.0 0.0 0.0 0.0 0.0 0.0 0.0 0.047276754 0.0 0.0 0.0 0.0 0.0 0.0 0.066590205 0.0 0.0 0.0 0.04831623 0.0 0.0 0.06253668 0.0 0.0 0.0 0.0
0.0 0.0 0.0 0.05310061 0.0 0.0 0.0 0.0 0.0 0.0 0.0 0.18119037 0.0 0.0 0.057034858 0.0 0.0 0.0 0.05748176 0.18189578 0.011800873 0.0 0.18258429 0.0 0.0 0.0 0.20824651 0.0 0.0 0.0 0.0 0.0023039393 0.0 0.0 0.0 0.0 0.0 0.0 0.0 0.0 0.0001582456 0.0 0.006719749 0.0 0.0 0.042796724 0.0 0.13880473 0.0 0.0 0.12583177 0.0 0.006923652 0.0 0.0 0.0
0.0 0.0 0.0 0.0068308176 0.022112168 0.03825229 0.022351306 0.0 0.005408573 0.0 0.11704005 0.0 0.009626194 0.0 0.0 0.0 0.0 0.0 0.0 0.024527676 0.022895211 0.0 0.013440454 0.032571517 0.0 0.0 0.15192714 0.13291505 0.0 0.0 0.04818396 0.045278493 0.0 0.0 0.015165957 0.0 0.0048953085 0.05138145 0.0 0.0 0.0 0.0 0.0 0.0 0.033196777 0.16222519 0.0 0.031303238 0.0 0.0 0.0 0.0 0.0 0.0 0.0 0.0
0.0 0.0 0.0 0.0 0.0 0.0 0.0 0.04232666 0.0 0.18119036 0.0 0.0 0.0 0.0 0.08442604 0.0760893 0.0 0.0 0.0 0.0 0.0 0.0 0.0 0.11429041 0.020020265 0.0 0.0 0.0 0.0 0.0 0.0 0.0 0.0 0.0 0.10158301 0.0049752886 0.077314705 0.09545353 0.045136992 0.0 0.0 0.0 0.0 0.0 0.0 0.0 0.0 0.049015407 0.0 0.004472839 0.0 0.015923453 0.0 0.0 0.0 0.0
0.0 0.12170635 0.0 0.07657603 0.0 0.006217673 0.0 0.0 0.059334658 0.0 0.009626193 0.0 0.06808664 0.020361809 0.0 0.010484749 0.0 0.0 0.0 0.0 0.060635217 0.0 0.0 0.0 0.0 0.08145037 0.0 0.0 0.0 0.0 0.04857189 0.0 0.0 0.0 0.0 0.0 0.0 0.0 0.0 0.1532223 0.0 0.0 0.16947956 0.0 0.0 0.0 0.0 0.0 0.019585218 0.0 0.0 0.021979008 0.0 0.030768791 0.0 0.0
0.0 0.023323687 0.0 0.044059474 0.0079370225 0.0 0.0 0.0 0.10433823 0.0 0.0 0.0 0.020361809 0.0 0.0 0.026426766 0.062442403 0.0 0.036982905 0.0 0.0 0.014509618 0.0 0.0 0.0 0.0 0.0 0.0 0.0 0.08049539 0.011223686 0.0 0.0 0.0 0.0 0.0 0.0 0.0 0.0 0.2726559 0.0 0.0 0.016226687 0.0 0.0 0.020114737 0.0 0.00603511 0.0 0.0 0.011115831 0.0 0.0 0.025485687 0.0 0.028805664
0.05034556 0.0 0.011259605 0.0 0.0 0.027159099 0.08725146 0.0 0.0 0.057034854 0.0 0.08442604 0.0 0.0 0.0 0.0 0.0 0.17470747 0.0 0.0 0.0 0.0076726642 0.008967009 0.0 0.13694847 0.0 0.0 0.0 0.0 0.07880441 0.0 0.03564383 0.0 0.013737545 0.010015312 0.0 0.040377367 0.026629811 0.0 0.0 0.0 0.0 0.0 0.0 0.0 0.0 0.0 0.0 0.0 0.13452154 0.0 0.0 0.0 0.0 0.0 0.0
0.0 0.0 0.0 0.012812207 0.0 0.0 0.020895632 0.0 0.0 0.0 0.0 0.0760893 0.010484749 0.026426766 0.0 0.0 0.047427755 0.05168498 0.0 0.0 0.06864015 0.053121608 0.0 0.0 0.0758043 0.0 0.035808794 0.0 0.07656441 0.056693524 0.02553239 0.052852754 0.040412717 0.102318905 0.0 0.0 0.0 0.0 0.03420539 0.0 0.025551405 0.0047206804 0.0 0.041756257 0.0 0.0 0.0 0.016540151 0.0 0.0 0.0 0.0 0.13775668 0.0 0.0 0.0
0.0 0.0 0.0 0.0 0.0 0.030562527 0.0 0.0 0.0 0.0 0.0 0.0 0.0 0.062442403 0.0 0.047427755 0.0 0.0 0.0 0.0 0.0 0.0 0.0 0.0 0.0 0.26553643 0.0 0.045170955 0.0 0.0 0.0 0.0 0.0 0.0 0.0 0.012223328 0.0 0.012360458 0.0 0.0 0.054936484 0.0 0.0 0.0 0.0 0.0 0.0 0.0 0.0 0.0 0.0033504744 0.0 0.0 0.14520578 0.0 0.22379372
0.0 0.041625235 0.0 0.02751028 0.059347007 0.0 0.0 0.0 0.0 0.0 0.0 0.0 0.0 0.0 0.17470749 0.05168498 0.0 0.0 0.0 0.0 0.0 0.0 0.0 0.02029961 0.0 0.05186468 0.0 0.19210361 0.0 0.0 0.072635934 0.0 0.0 0.0 0.0 0.0 0.0 0.16218507 0.0 0.0 0.0 0.0 0.0 0.0 0.0 0.14950784 0.0 0.0 0.009917351 0.0 0.0 0.0 0.0 0.044858363 0.0 0.0
0.06838093 0.0 0.0 0.0 0.0 0.013492991 0.0 0.0 0.0 0.05748176 0.0 0.0 0.0 0.036982905 0.0 0.0 0.0 0.0 0.0 0.0 0.004714554 0.0 0.0 0.0 0.0 0.0 0.0 0.0 0.0 0.04404757 0.0 0.0 0.0 0.0 0.0 0.0 0.16742612 0.0 0.05253359 0.0 0.019176008 0.0 0.0 0.013620401 0.1669328 0.0 0.0 0.0 0.0 0.10357398 0.0064893225 0.016955808 0.018936232 0.0034488006 0.016669612 0.0
0.12617573 0.0 0.0 0.0 0.0 0.0 0.0 0.05388873 0.0 0.18189576 0.024527675 0.0 0.0 0.0 0.0 0.0 0.0 0.0 0.0 0.0 0.0 0.0 0.0 0.021911198 0.0 0.0 0.0 0.0 0.0 0.0 0.0 0.0 0.0 0.0 0.08033584 0.0 0.0 0.0 0.0 0.0 0.09780709 0.1285486 0.0 0.0 0.0 0.0 0.027330583 0.0 0.0 0.0 0.0 0.0 0.0 0.06968211 0.015128903 0.08619476
0.01962288 0.0 0.0 0.0 0.0 0.011190403 0.09262872 0.040424313 0.0 0.011800873 0.022895213 0.0 0.060635217 0.0 0.0 0.06864014 0.0 0.0 0.0047145537 0.0 0.0 0.03780565 0.0 0.0 0.0 0.07015145 0.0 0.0 0.0 0.0 0.0 0.0 0.0 0.08102064 0.009895812 0.0 0.1354388 0.0 0.0 0.0 0.0 0.0 0.012979293 0.0 0.071356215 0.0 0.0 0.0 0.0 0.0 0.0 0.024074897 0.0 0.0 0.0 0.033177823
0.0 0.0 0.0 0.0 0.0 0.0 0.0 0.0 0.0 0.0 0.0 0.0 0.0 0.014509618 0.0076726642 0.053121608 0.0 0.0 0.0 0.0 0.03780565 0.0 0.1468561 0.0 0.0 0.052743666 0.0 0.071692415 0.0 0.0 0.072264254 0.0 0.03033064 0.0 0.0 0.016324662 0.0 0.0 0.0 0.0033996282 0.007980696 0.0 0.0 0.0 0.0 0.0 0.0 0.06547182 0.0 0.0 0.08431855 0.0 0.0 0.0 0.055103198 0.0
0.22351249 0.0 0.0 0.0 0.0 0.0 0.0 0.115873024 0.0 0.18258429 0.013440454 0.0 0.0 0.0 0.008967009 0.0 0.0 0.0 0.0 0.0 0.0 0.1468561 0.0 0.0 0.0 0.0 0.0 0.010253392 0.02235016 0.0 0.0 0.0 0.0 0.055463683 0.087931864 0.0 0.0 0.0 0.0 0.0 0.0 0.006144087 0.0 0.0 0.0 0.0 0.0 0.00959581 0.0 0.0 0.0 0.021848315 0.0 0.05721661 0.15496904 0.0
0.0 0.0 0.042192284 0.15479103 0.012464845 0.0 0.028045325 0.0 0.0 0.0 0.03257152 0.11429041 0.0 0.0 0.0 0.0 0.0 0.02029961 0.0 0.021911198 0.0 0.0 0.0 0.015441643 0.0 0.0 0.01670263 0.01846141 0.0 0.13593698 0.0 0.08235263 0.039956298 0.0 0.07708771 0.0 0.0 0.0 0.0 0.0 0.0 0.0 0.0 0.0 0.11598295 0.0 0.0 0.0 0.0 0.0844356 0.015125913 0.0 0.0 0.0 0.0 0.01603105
0.0 0.04443712 0.014492558 0.0 0.0 0.024682045 0.0 0.0 0.0 0.0 0.0 0.020020263 0.0 0.0 0.13694847 0.0758043 0.0 0.0 0.0 0.0 0.0 0.0 0.0 0.0 0.13793777 0.0 0.0 0.0 0.0895178 0.0 0.0 0.0 0.022120574 0.0 0.031803016 0.09410951 0.040915508 0.044612154 0.0 0.0 0.0 0.0 0.0 0.01916986 0.0 0.0938362 0.0 0.0 0.0 0.0 0.0 0.029225409 0.0018379014 0.0 0.0 0.034622
0.0 0.0 0.0 0.0 0.0 0.0 0.0 0.0 0.064199924 0.0 0.0 0.0 0.08145037 0.0 0.0 0.0 0.26553643 0.05186468 0.0 0.0 0.07015145 0.052743662 0.0 0.0 0.0 0.0 0.0 0.0 0.030590402 0.09145644 0.0 0.014981947 0.0 0.0 0.0 0.009180393 0.0 0.0 0.0 0.055426124 0.1522234 0.060766004 0.0 0.12250783 0.0 0.0 0.06716728 0.0 0.0 0.0358391 0.0 0.0 0.05736252 0.0 0.0 0.10223968
0.14615925 0.0 0.0 0.0 0.03460365 0.0 0.009028037 0.0021685068 0.0 0.20824653 0.15192714 0.0 0.0 0.0 0.0 0.03580879 0.0 0.0 0.0 0.0 0.0 0.0 0.0 0.016702628 0.0 0.0 0.0 0.032413222 0.0 0.0 0.0 0.0 0.023797877 0.013486179 0.0 0.0 0.0 0.0 0.0 0.0 0.0 0.1978095 0.0 0.0 0.0 0.026938705 0.0 0.0 0.0 0.0 0.0 0.0 0.0 0.033626508 0.0 0.0
0.0 0.0 0.0 0.05189504 0.0381909 0.0 0.0 0.0 0.0 0.0 0.13291505 0.0 0.0 0.0 0.0 0.0 0.045170955 0.19210361 0.0 0.0 0.0 0.07169242 0.010253392 0.018461412 0.0 0.0 0.032413222 0.0 0.0 0.12194962 0.0 0.0 0.012965584 0.0 0.0 0.0 0.0 0.00032863344 0.0 0.06454163 0.0 0.0 0.0 0.0 0.0 0.0 0.0 0.0 0.0 0.0 0.11218772 0.0 0.0 0.0 0.014042606 0.0
0.0 0.0 0.10629083 0.0 0.0 0.0 0.0 0.046374347 0.0 0.0 0.0 0.0 0.0 0.0 0.0 0.07656441 0.0 0.0 0.0 0.0 0.0 0.0 0.022350159 0.0 0.0895178 0.0305904 0.0 0.0 0.0 0.0 0.0 0.0 0.0 0.0 0.0 0.0 0.0 0.0 0.0 0.0 0.0 0.0 0.0 0.0 0.09886114 0.020189213 0.012804574 0.0 0.09271114 0.22466062 0.0 0.0 0.053213287 0.0 0.0 0.0
0.0 0.0 0.0 0.0 0.0 0.0 0.0 0.021572731 0.0 0.0 0.0 0.0 0.0 0.08049539 0.07880441 0.056693524 0.0 0.0 0.044047575 0.0 0.0 0.0 0.0 0.13593698 0.0 0.09145644 0.0 0.12194962 0.0 0.0 0.055343613 0.0 0.0 0.0 0.034626983 0.0 0.030584754 0.040292177 0.0 0.0 0.0 0.0 0.0 0.0 0.0 0.0 0.0 0.0 0.0 0.0 0.01706062 0.121912226 0.0 0.0 0.011186681 0.0
0.0 0.07886624 0.0 0.0 0.0 0.0 0.0 0.0 0.0 0.0 0.04818396 0.0 0.048571885 0.011223686 0.0 0.02553239 0.0 0.072635934 0.0 0.0 0.0 0.072264254 0.0 0.0 0.0 0.0 0.0 0.0 0.0 0.055343617 0.0 0.13791192 0.0 0.006411862 2.8857293e-34 0.0 0.0 0.0 0.04230377 0.0 0.0 0.015576232 0.0 0.14693376 0.020500058 0.0 0.10136918 0.0 0.0 0.0 0.07588432 0.0 0.0 0.0 0.015111174 0.0
0.0 0.09487565 0.0 0.0 0.22399397 0.06194557 0.0 0.0 0.0 0.0023039393 0.045278497 0.0 0.0 0.0 0.03564383 0.052852757 0.0 0.0 0.0 0.0 0.0 0.0 0.0 0.08235263 0.0 0.014981946 0.0 0.0 0.0 0.0 0.13791192 0.0 0.0 0.0 0.0 0.0 0.04248993 0.11435309 0.0 0.0 0.0 0.0 0.0 0.0 0.0 0.0037761973 0.0 0.0 0.007009542 0.0 0.0 0.0 0.0 0.0 0.0 0.0
0.01348067 0.0 0.0 0.0 0.0 0.0 0.0 0.14875749 0.0 0.0 0.0 0.0 0.0 0.0 0.0 0.040412717 0.0 0.0 0.0 0.0 0.0 0.030330637 0.0 0.039956298 0.022120573 0.0 0.023797875 0.012965585 0.0 0.0 0.0 0.0 0.0 0.0 0.0 0.09271554 0.0 0.0 0.2500624 0.02338384 0.0 0.0 0.0 0.0 0.0 0.0 0.026824858 0.0002037681 0.0 0.0 0.09497344 0.0 0.0 0.0 0.072335735 0.0
0.023186821 0.04136613 0.0 0.0 0.0 0.0 0.012512253 0.04147646 0.0 0.0 0.0 0.0 0.0 0.0 0.013737545 0.102318905 0.0 0.0 0.0 0.0 0.08102064 0.0 0.055463687 0.0 0.0 0.0 0.0134861795 0.0 0.0 0.0 0.0064118626 0.0 0.0 0.0 0.027962333 0.0 0.0 0.05992176 0.0 0.0 0.0074834796 0.0 0.0 0.0 0.008847707 0.0 0.009534965 0.1365027 0.0 0.012526615 0.15934955 0.0 0.0 0.0 0.0 0.0
0.0 0.0 0.16949731 0.0070298775 0.0 0.0 0.019828662 0.0 0.0 0.0 0.015165957 0.10158302 0.0 0.0 0.010015312 0.0 0.0 0.0 0.0 0.08033584 0.009895812 0.0 0.087931864 0.07708771 0.031803016 0.0 0.0 0.0 0.0 0.03462698 2.8857293e-34 0.0 0.0 0.027962333 0.13096978 0.0 0.0 0.0 0.010456928 0.0 0.0 0.0 0.0 0.0 0.022592612 0.0059189606 0.0 0.11163059 0.0 0.106990494 0.0 0.0 0.0 0.0 0.0 0.0
0.0 0.080003746 0.05491242 0.0 0.017046375 0.06760587 0.0 0.0 0.0 0.0 0.0 0.0049752886 0.0 0.0 0.0 0.0 0.012223328 0.0 0.0 0.0 0.0 0.016324662 0.0 0.0 0.09410952 0.009180394 0.0 0.0 0.0 0.0 0.0 0.0 0.09271554 0.0 0.0 0.0 0.0 0.0044532865 0.15339433 0.0 0.0160065 0.0 0.0 0.11212948 0.033359554 0.005416953 0.0 0.0 0.13685443 0.018275622 0.0 0.0 0.075892895 0.0 0.0 0.04574192
0.0 0.0 0.11834191 0.0238557 0.0 0.0 0.0 0.0 0.0 0.0 0.0048953085 0.077314705 0.0 0.0 0.040377367 0.0 0.0 0.0 0.16742611 0.0 0.1354388 0.0 0.0 0.0 0.040915508 0.0 0.0 0.0 0.0 0.030584756 0.0 0.042489935 0.0 0.0 0.0 0.0 0.0 0.0 0.04650036 0.0 0.0 0.08838487 0.0 0.0 0.0 0.0 0.0 0.0 0.09002501 0.0 0.0 0.0 0.3482009 0.0 0.0 0.0
0.0 0.0 0.0 0.0 0.0 0.0 0.040608447 0.0 0.047276754 0.0 0.051381446 0.09545353 0.0 0.0 0.026629813 0.0 0.012360458 0.16218509 0.0 0.0 0.0 0.0 0.0 0.0 0.044612154 0.0 0.0 0.00032863344 0.0 0.040292174 0.0 0.1143531 0.0 0.059921756 0.0 0.0044532865 0.0 0.10369204 0.0 0.0 0.0 0.060075544 0.0 0.0977973 0.0 0.15886877 0.07981135 0.0 0.0 0.058911934 0.0 0.0 0.0 0.0 0.0 0.0
0.0 0.0 0.0 0.0 0.0 0.0 0.0 0.022052724 0.0 0.0 0.0 0.045136996 0.0 0.0 0.0 0.03420539 0.0 0.0 0.05253359 0.0 0.0 0.0 0.0 0.0 0.0 0.0 0.0 0.0 0.0 0.0 0.042303775 0.0 0.25006244 0.0 0.010456927 0.15339433 0.046500355 0.0 0.19642407 0.0 0.0 0.0 0.0 0.0 0.0 0.0 0.00924982 0.0 0.076545425 0.0 0.043313842 0.0 0.0 0.0 0.057180524 0.0
0.05176073 0.09405449 0.0 0.0 0.0 0.0 0.0 0.0 0.0 0.0 0.0 0.0 0.15322228 0.27265593 0.0 0.0 0.0 0.0 0.0 0.0 0.0 0.0033996282 0.0 0.0 0.0 0.05542613 0.0 0.06454163 0.0 0.0 0.0 0.0 0.02338384 0.0 0.0 0.0 0.0 0.0 0.0 0.09362622 0.07986948 0.0 0.0 0.0 0.016219208 0.0 0.0 0.0 0.0 0.0 0.04605308 0.13303077 0.0 0.031108888 0.17917912 0.0
0.0 0.047426928 0.0 0.0040026503 0.0 0.0 0.0 0.0 0.0 0.0001582456 0.0 0.0 0.0 0.0 0.0 0.025551405 0.054936487 0.0 0.019176008 0.09780708 0.0 0.007980697 0.0 0.0 0.0 0.15222341 0.0 0.0 0.0 0.0 0.0 0.0 0.0 0.00748348 0.0 0.0160065 0.0 0.0 0.0 0.07986947 0.0 0.0 0.10688052 0.0 0.0 0.0 0.032553133 0.0 0.012185405 0.0 0.0 0.08245654 0.0 0.0 0.020985836 0.032151226
0.0 0.0 0.0 0.011560519 0.03626688 0.09676167 0.0 0.0 0.0 0.0 0.0 0.0 0.0 0.0 0.0 0.0047206804 0.0 0.0 0.0 0.1285486 0.0 0.0 0.0061440864 0.0 0.0 0.060766004 0.1978095 0.0 0.0 0.0 0.015576232 0.0 0.0 0.0 0.0 0.0 0.08838487 0.060075548 0.0 0.0 0.0 0.0 0.0 0.0 0.062035006 0.0 0.0 0.0 0.0713713 0.0 0.01647185 0.027847242 0.0 0.0 0.019753492 0.0
0.1112639 0.057536606 0.0 0.0 0.0 0.0 0.0 0.0 0.0 0.006719749 0.0 0.0 0.16947956 0.016226687 0.0 0.0 0.0 0.0 0.0 0.0 0.012979293 0.0 0.0 0.0 0.0 0.0 0.0 0.0 0.0 0.0 0.0 0.0 0.0 0.0 0.0 0.0 0.0 0.0 0.0 0.0 0.10688052 0.0 0.0 0.0 0.22205256 0.0 0.07052399 0.0 0.0 0.0 0.0 0.0040978882 0.0 0.0 0.0 0.0
0.0 0.0 0.033993494 0.05152077 0.0 0.0 0.0 0.0 0.0 0.0 0.0 0.0 0.0 0.0 0.0 0.041756257 0.0 0.0 0.013620401 0.0 0.0 0.0 0.0 0.0 0.01916986 0.12250783 0.0 0.0 0.0 0.0 0.14693378 0.0 0.0 0.0 0.0 0.11212948 0.0 0.0977973 0.0 0.0 0.0 0.0 0.0 0.0 0.0 0.0 0.0 0.0 0.0884049 0.0 0.0 0.0 0.0 0.0 0.0 0.0
0.0 0.0 0.04256956 0.010710191 0.0 0.0 0.075665094 0.03776146 0.066590205 0.0 0.033196777 0.0 0.0 0.0 0.0 0.0 0.0 0.0 0.1669328 0.0 0.071356215 0.0 0.0 0.11598295 0.0 0.0 0.0 0.0 0.09886114 0.0 0.020500058 0.0 0.0 0.008847708 0.02259261 0.033359554 0.0 0.0 0.0 0.016219208 0.0 0.062035 0.22205257 0.0 0.0 0.0 0.0783023 0.07641822 0.0 0.0 0.0 0.0 0.0 0.0 0.0 0.014432227
0.0 0.0 0.0 0.0 0.017208928 0.13284376 0.0 0.0 0.0 0.04279672 0.16222519 0.0 0.0 0.020114737 0.0 0.0 0.0 0.14950784 0.0 0.0 0.0 0.0 0.0 0.0 0.09383621 0.0 0.026938705 0.0 0.020189214 0.0 0.0 0.0037761976 0.0 0.0 0.005918961 0.0054169525 0.0 0.15886877 0.0 0.0 0.0 0.0 0.0 0.0 0.0 0.14826506 0.019044181 0.0 0.0 0.0 0.0 0.0 0.0 0.0 0.0 0.0
0.0 0.056840535 0.0 0.0 0.0 0.032927334 0.0 0.0 0.0 0.0 0.0 0.0 0.0 0.0 0.0 0.0 0.0 0.0 0.0 0.027330583 0.0 0.0 0.0 0.0 0.0 0.06716728 0.0 0.0 0.012804574 0.0 0.10136918 0.0 0.026824858 0.009534965 0.0 0.0 0.0 0.07981134 0.00924982 0.0 0.032553133 0.0 0.070524 0.0 0.0783023 0.019044181 0.0 0.007121043 0.0 0.0 0.0 0.063024595 0.014946419 0.03585109 0.039687183 0.0
0.024240548 0.0 0.0 0.0 0.0 0.0 0.07298467 0.17729321 0.0 0.13880475 0.031303238 0.04901541 0.0 0.0060351104 0.0 0.016540151 0.0 0.0 0.0 0.0 0.0 0.06547182 0.00959581 0.0 0.0 0.0 0.0 0.0 0.0 0.0 0.0 0.0 0.0002037681 0.1365027 0.11163059 0.0 0.0 0.0 0.0 0.0 0.0 0.0 0.0 0.0 0.07641822 0.0 0.0071210433 0.025117284 0.0 0.040000983 0.043736346 0.0 0.0 0.0 0.012811528 0.0
0.0 0.0 0.0 0.0 0.0 0.0 0.0 0.0 0.04831623 0.0 0.0 0.0 0.019585218 0.0 0.0 0.0 0.0 0.0099173505 0.0 0.0 0.0 0.0 0.0 0.0 0.0 0.0 0.0 0.0 0.09271114 0.0 0.0 0.007009542 0.0 0.0 0.0 0.13685443 0.09002501 0.0 0.07654543 0.0 0.012185406 0.0713713 0.0 0.08840491 0.0 0.0 0.0 0.0 0.0 0.0 0.0 0.0 0.0 0.0 0.0 0.16415554
0.0 0.0 0.031394478 0.0 0.0 0.0 0.154405 0.009925712 0.0 0.0 0.0 0.004472839 0.0 0.0 0.13452154 0.0 0.0 0.0 0.10357398 0.0 0.0 0.0 0.0 0.084435605 0.0 0.0358391 0.0 0.0 0.22466062 0.0 0.0 0.0 0.0 0.0125266155 0.106990494 0.018275624 0.0 0.05891194 0.0 0.0 0.0 0.0 0.0 0.0 0.0 0.0 0.0 0.040000983 0.0 0.0 0.0 0.0 0.0 0.0 0.0 0.0
0.10097255 0.0 0.0 0.0 0.0 0.0 0.0 0.016152287 0.0 0.12583177 0.0 0.0 0.0 0.011115831 0.0 0.0 0.0033504744 0.0 0.0064893225 0.0 0.0 0.08431855 0.0 0.015125914 0.0 0.0 0.0 0.11218771 0.0 0.01706062 0.07588432 0.0 0.09497344 0.15934955 0.0 0.0 0.0 0.0 0.043313846 0.04605308 0.0 0.01647185 0.0 0.0 0.0 0.0 0.0 0.043736346 0.0 0.0 0.0 0.0 0.0 0.0 0.11163225 0.0
0.0 0.0 0.09021912 0.04801116 0.0 0.0 0.029252676 0.0 0.06253668 0.0 0.0 0.015923453 0.021979008 0.0 0.0 0.0 0.0 0.0 0.016955808 0.0 0.024074897 0.0 0.021848315 0.0 0.029225409 0.0 0.0 0.0 0.0 0.12191223 0.0 0.0 0.0 0.0 0.0 0.0 0.0 0.0 0.0 0.13303077 0.082456544 0.027847242 0.0040978882 0.0 0.0 0.0 0.063024595 0.0 0.0 0.0 0.0 0.0 0.0 0.28953317 0.0 0.02020542
0.0 0.019494824 0.0 0.0 0.0 0.035523113 0.044019394 0.0 0.0 0.006923652 0.0 0.0 0.0 0.0 0.0 0.13775668 0.0 0.0 0.018936232 0.0 0.0 0.0 0.0 0.0 0.0018379014 0.05736252 0.0 0.0 0.053213287 0.0 0.0 0.0 0.0 0.0 0.0 0.0758929 0.3482009 0.0 0.0 0.0 0.0 0.0 0.0 0.0 0.0 0.0 0.014946419 0.0 0.0 0.0 0.0 0.0 0.0 0.0 0.0 0.07797984
0.0 0.0 0.0 0.0 0.057442643 0.0 0.0 0.018179443 0.0 0.0 0.0 0.0 0.030768791 0.025485689 0.0 0.0 0.14520578 0.044858363 0.0034488006 0.06968211 0.0 0.0 0.05721661 0.0 0.0 0.0 0.03362651 0.0 0.0 0.0 0.0 0.0 0.0 0.0 0.0 0.0 0.0 0.0 0.0 0.031108888 0.0 0.0 0.0 0.0 0.0 0.0 0.03585109 0.0 0.0 0.0 0.0 0.2895332 0.0 0.0422295 0.0 0.0
0.0 0.0 0.0 0.10314204 0.0 0.0 0.0 0.0 0.0 0.0 0.0 0.0 0.0 0.0 0.0 0.0 0.0 0.0 0.016669612 0.015128903 0.0 0.055103194 0.15496904 0.0 0.0 0.0 0.0 0.014042606 0.0 0.011186681 0.015111174 0.0 0.07233574 0.0 0.0 0.0 0.0 0.0 0.05718052 0.17917912 0.020985836 0.01975349 0.0 0.0 0.0 0.0 0.039687183 0.0128115285 0.0 0.0 0.11163225 0.0 0.0 0.0 0.020906612 0.0
0.0 0.040538464 0.053239945 0.0009847226 0.0 0.033260938 0.0 0.0 0.0 0.0 0.0 0.0 0.0 0.028805666 0.0 0.0 0.22379373 0.0 0.0 0.08619477 0.033177823 0.0 0.0 0.01603105 0.034622 0.10223968 0.0 0.0 0.0 0.0 0.0 0.0 0.0 0.0 0.0 0.04574192 0.0 0.0 0.0 0.0 0.032151226 0.0 0.0 0.0 0.014432226 0.0 0.0 0.0 0.16415554 0.0 0.0 0.02020542 0.07797983 0.0 0.0 0.0
