0.0 0.0 0.0 0.013715075 0.0 0.0 0.0 0.0 0.031276323 0.043342575 0.019351508 0.036187038 0.0 0.07629052 0.03604639 0.09059949 0.0 0.0034925807 0.0 0.0653262 0.054685697 0.0 0.063506044 0.14172257 0.11914804 0.0031926422 0.05748148 0.0 0.0 0.10256539 0.0 0.07861453 0.0 0.0 0.0 0.0 0.0 0.029773066 0.0 0.0 0.0 0.028675491 0.0 0.023836078 0.0 0.0 0.0 0.0 0.0 0.0 0.01865432 0.005580137 0.0 0.0 0.010231496 0.0
0.0 0.0 0.0 0.0 0.033365525 0.0 0.0 0.0 0.0 0.0 0.0 0.0 0.10856929 0.22149476 0.0 0.0 0.0 0.0 0.012644455 0.0 0.0 0.003867492 0.0 0.06601847 0.0 0.0 0.0 0.0 0.0 0.0 0.0 0.0 0.0 0.0 0.0 0.110012256 0.0 0.0 0.0 0.0 0.064088754 0.0 0.0 0.0 0.0 0.0 0.0 0.05936105 0.048407976 0.0 0.0 0.05037974 0.0 0.0696662 0.0 0.0
0.0 0.0 0.0 0.0 0.0 0.0 0.08141848 0.0 0.0 0.0 0.0 0.0 0.0 0.0 0.0 0.17762862 0.0 0.0 0.0 0.0 0.0 0.0247157 0.0 0.047649033 0.0 0.0 0.0 0.0 0.0 0.0 0.0 0.0 0.0 0.010908357 0.0 0.02080281 0.0 0.0 0.1234594 0.0 0.0 0.0 0.0 0.0 0.0 0.0 0.0 0.0 0.06085488 0.0 0.018146649 0.09771679 0.0 0.0 0.0 0.0
0.013715075 0.0 0.0 0.0 0.12222136 0.0 0.0 0.0 0.0 0.0 0.06827572 0.0 0.0 0.0 0.0 0.021611447 0.0 0.0 0.047173426 0.0 0.0 0.043771684 0.0 0.0 0.0 0.0 0.0 0.028219616 0.0 0.0 0.15076783 0.0 0.061013564 0.0 0.0 0.0 0.0016526557 0.0 0.011922691 0.0 0.0 0.0 0.0 0.0 0.0076244026 0.019260477 0.0 0.047266353 0.034607895 0.0 0.044639867 0.0 0.0 0.0 0.072813325 0.0
0.0 0.033365525 0.0 0.12222136 0.08340906 0.03481219 0.0 0.0 0.0 0.0 0.095996745 0.0 0.039177604 0.019154683 0.0 0.010999456 0.0 0.122995906 0.0 0.0 0.0 0.0 0.0 0.0 0.0 0.119896255 0.0 0.05145337 0.0 0.0 0.20959161 0.0 0.051960047 0.0 0.0 0.0 0.0 0.0 0.0 0.0 0.0 0.0 0.009767556 0.0 0.0 0.025973309 0.07884721 0.0 0.0 0.0 0.0 0.0 0.0 0.0 0.032734506 0.0
0.0 0.0 0.0 0.0 0.03481219 0.0 0.033778053 0.08418102 0.0 0.0 0.0 0.0 0.059061036 0.00466947 0.0 0.0 0.0 0.0 0.01343215 0.0 0.0 0.0 0.0 0.0 0.0 0.0 0.0 0.0 0.12406217 0.0 0.0 0.0 0.0 0.0 0.0 0.037454713 0.0 0.0 0.0 0.0 0.097220026 0.0 0.057374682 0.0 0.0 0.028686503 0.0 0.03783843 0.0 0.0 0.0 0.05844355 0.0 0.0 0.0 0.18164597
0.0 0.0 0.08141848 0.0 0.0 0.033778057 0.0 0.0 0.017605184 0.0 0.011731087 0.004282966 0.028021332 0.0 0.0 0.0 0.041610938 0.0 0.0 0.0 0.0 0.021200174 0.0 0.0 0.2406513 0.0 0.0 0.0 0.0 0.052848034 0.04223897 0.0 0.0 0.0 0.0 0.0 0.0 0.0 0.10129941 0.0 0.0 0.037194464 0.0071833255 0.0154416 0.0 0.0 0.0 0.10194703 0.081612274 0.17056356 0.0 0.0 0.0 0.0 0.027460035 0.0
0.0 0.0 0.0 0.0 0.0 0.08418101 0.0 0.084505625 0.0 0.0 0.04041536 0.0 0.0 0.0 0.08250636 0.09762526 0.0 0.0 0.0 0.022972053 0.0 0.020521943 0.10576506 0.030554937 0.0 0.02617979 0.14485975 0.0 0.0 0.02877427 0.0 0.035607677 0.0071185785 0.0 0.07715341 0.0 0.02209866 0.0 0.0 0.0 0.0 0.0 0.0 0.018772783 0.08772874 0.0 0.0 0.0 0.0 0.0 0.030872924 0.011037916 0.0 0.0 0.006711747 0.0
0.031276323 0.0 0.0 0.0 0.0 0.0 0.017605184 0.0 0.0 0.0 0.0 0.0 0.0 0.00849397 0.0 0.0 0.03503844 0.0 0.0 0.0 0.020538608 0.29233873 0.0 0.0 0.0 0.012023585 0.0 0.043690186 0.045666233 0.0 0.0 0.0 0.0 0.172176 0.02661268 0.06051387 0.0 0.0 0.002448457 0.0 0.0 0.12474774 0.0 0.0 0.0 0.0 0.0107932035 0.0 0.0 0.04407412 0.0 0.0 0.04795374 0.007720572 0.0 0.0
0.04334258 0.0 0.0 0.0 0.0 0.0 0.0 0.0 0.0 0.0 0.0 0.042394854 0.0 0.0 0.0 0.035556722 0.0 0.0 0.0004358539 0.24210462 0.0 0.0 0.12289845 0.089406945 0.0 0.0 0.17720808 0.0 0.0 0.0 0.0 0.0016535701 0.0 0.0 0.0 0.0 0.0 0.18795134 0.0 0.0 0.0 0.0 0.0 0.0 0.0 0.0 0.0 0.0026607944 0.0 0.0 0.14460757 0.0 0.0 0.0 0.0 0.0
0.019351508 0.0 0.0 0.06827572 0.09599674 0.0 0.011731088 0.04041536 0.0 0.0 0.071755245 0.0 0.01297015 0.0 0.0 0.0 0.0 0.018762069 0.0 0.0 0.0 0.0 0.037247844 0.0 0.0 0.1066128 0.0 0.018789697 0.0 0.0 0.0 0.0 0.014825274 0.0 0.0 0.05013503 0.0 0.08564712 0.0 0.0 0.0 0.0 0.04296684 0.0 0.0051108 0.0 0.0 0.0 0.0 0.0 0.05936984 0.0033780844 0.0 0.0 0.03127925 0.0
0.036187038 0.0 0.0 0.0 0.0 0.0 0.004282966 0.0 0.0 0.042394854 0.0 0.0 0.0 0.0 0.0 0.05810877 0.0 0.0 0.0 0.0 0.0 0.0 0.0 0.0 0.0 0.0 0.0 0.0072827297 0.0 0.0 0.0 0.0 0.0 0.0 0.0071297702 0.0 0.0 0.0 0.13433754 0.0 0.0016717623 0.0 0.12345777 0.0 0.15796953 0.0 0.0 0.0 0.0 0.0 0.0 0.1382781 0.0011950922 0.0 0.0 0.08518441
0.0 0.10856928 0.0 0.0 0.039177604 0.05906103 0.028021334 0.0 0.0 0.0 0.01297015 0.0 0.13400003 0.0 0.0 0.0 0.0 0.0 0.0 0.0 0.0 0.04330213 0.0042649345 0.0 0.0 0.0 0.022923036 0.045420475 0.0 0.0 0.0 0.0 0.0 0.16759609 0.0 0.0 0.0 0.0 0.0 0.15466534 0.0 0.0 0.0 0.0 0.0014337616 0.0 0.0 0.0 0.044754818 0.0 0.0 0.0 0.0 0.0 0.0 0.0
0.07629052 0.22149476 0.0 0.0 0.019154683 0.0046694693 0.0 0.0 0.008493971 0.0 0.0 0.0 0.0 0.0 0.0 0.0 0.0 0.013176503 0.0 0.0 0.0 0.026949398 0.0 0.0 0.010227761 0.0 0.027196864 0.0 0.048003323 0.0 0.0 0.005355017 0.01187838 0.1305985 0.18491338 0.011210431 0.031174053 0.0 0.0 0.08694363 0.0 0.061471406 0.0 0.0 0.0 0.0 0.005945312 0.0 0.0 0.0 0.0 0.0 0.0 0.0 0.0 0.06251822
0.03604639 0.0 0.0 0.0 0.0 0.0 0.0 0.082506366 0.0 0.0 0.0 0.0 0.0 0.0 0.14894731 0.0026730502 0.0 0.0 0.0 0.0 0.0 0.0 0.0 0.012967766 0.014105866 0.075738385 0.0 0.0 0.0 0.0 0.0 0.0 0.0 0.0 0.0 0.0 0.012930768 0.0 0.06331706 0.0 0.0 0.0 0.0 0.0 0.07050214 0.0 0.0 0.0 0.0 0.0 0.0 0.05258087 0.11364285 0.0 0.08509946 0.0
0.090599485 0.0 0.17762864 0.021611445 0.010999455 0.0 0.0 0.097625256 0.0 0.035556722 0.0 0.058108773 0.0 0.0 0.0026730502 0.0 0.0 0.008424075 0.0 0.0 0.043578055 0.008655267 0.0 0.0 0.07273716 0.0 0.0 0.0 0.009591258 0.15653956 0.0 0.0 0.024723489 0.0 0.0 0.0 0.009263673 0.0 0.00563438 0.0 0.0 0.0 0.0 0.05860006 0.04840727 0.0034190835 0.0 0.0709862 0.0 0.0 0.0 0.0 0.072040655 0.0 0.0 0.0
0.0 0.0 0.0 0.0 0.0 0.0 0.041610938 0.0 0.035038438 0.0 0.0 0.0 0.0 0.0 0.0 0.0 0.042728 0.009024065 0.0 0.0 0.0 0.02906316 0.0 0.0 0.11427688 0.009832115 0.0 0.0 0.013168388 0.04413474 0.0 0.0 0.0 0.066129595 0.0 0.0 0.0 0.0 0.022727057 0.0 0.0 0.0 0.024630712 0.16947098 0.0 0.0 0.0 0.03113683 0.011129675 0.2565143 0.0 0.0 0.0 0.0 0.022816535 0.09278683
0.0034925807 0.0 0.0 0.0 0.122995906 0.0 0.0 0.0 0.0 0.0 0.018762069 0.0 0.0 0.013176503 0.0 0.008424074 0.009024065 0.31705672 0.038458604 0.0 0.0 0.041636523 0.0 0.0 0.0 0.0 0.0 0.028487617 0.0 0.0 0.016629467 0.28318378 0.0 0.0 0.0 0.0 0.0 0.0 0.0 0.0 0.0 0.0 0.0 0.0 0.005733482 0.0 0.062770315 0.0 0.0 0.0 0.007791236 0.0 0.0 0.0 0.0 0.0
0.0 0.012644454 0.0 0.047173426 0.0 0.01343215 0.0 0.0 0.0 0.00043585393 0.0 0.0 0.0 0.0 0.0 0.0 0.0 0.038458604 0.0 0.0 0.0 0.0 0.041941423 0.005736373 0.0 0.0 0.06382148 0.14402631 0.0 0.0 0.0 0.0 0.0 0.0 0.0 0.0 0.0 0.0 0.0 0.0 0.0 0.0 0.0 0.010016794 0.0 0.07988541 0.0 0.03907938 0.0 0.013321006 0.16771154 0.0073440685 0.0 0.06919496 0.18476705 0.0
0.0653262 0.0 0.0 0.0 0.0 0.0 0.0 0.022972053 0.0 0.24210463 0.0 0.0 0.0 0.0 0.0 0.0 0.0 0.0 0.0 0.0 0.0076200105 0.0 0.0 0.0 0.0 0.0 0.0 0.0 0.0015280034 0.0 0.0 0.0 0.0 0.0 0.0 0.0 0.07570114 0.040633205 0.0 0.0 0.0 0.0 0.0 0.0 0.2064193 0.0 0.0 0.045379244 0.0 0.0 0.017898561 0.09519627 0.0 0.0 0.0059779664 0.0
0.0546857 0.0 0.0 0.0 0.0 0.0 0.0 0.0 0.020538608 0.0 0.0 0.0 0.0 0.0 0.0 0.043578055 0.0 0.0 0.0 0.007620011 0.18503945 0.0 0.0 0.0 0.04512306 0.0048250463 0.0 0.0 0.0 0.0 0.0 0.0 0.0828852 0.0 0.0 0.0 0.0 0.005079582 0.10550032 0.0 0.0020623081 0.0 0.0 0.0 0.0 0.0 0.0 0.0 0.30532032 0.0 0.0 0.0 0.0 0.012492871 0.041144438 0.0
0.0 0.0038674923 0.0247157 0.043771684 0.0 0.0 0.021200173 0.020521943 0.29233873 0.0 0.0 0.0 0.04330213 0.026949398 0.0 0.008655267 0.029063163 0.041636523 0.0 0.0 0.0 0.0 0.0 0.024599671 0.0 0.0 0.0 0.0 0.0 0.0 0.07632134 0.0 0.0 0.0 0.0 0.10583554 0.0 0.0 0.0 0.0 0.014010221 0.019176928 0.07961631 0.0 0.0 0.066155225 0.016926011 0.016639402 0.017767277 0.0 0.019078381 0.0120309265 0.040145718 0.04251892 0.0128973955 0.0
0.06350604 0.0 0.0 0.0 0.0 0.0 0.0 0.10576507 0.0 0.12289845 0.037247844 0.0 0.0042649345 0.0 0.0 0.0 0.0 0.0 0.04194142 0.0 0.0 0.0 0.017211793 0.0 0.0 0.056409005 0.0 0.0 0.0 0.0 0.0 0.0 0.17588829 0.0 0.0 0.0 0.11495037 0.011448938 0.0 0.0 0.064532325 0.0 0.0 0.0 0.021015637 0.0069383834 0.0 0.0 0.0 0.0 0.05173014 0.0 0.0 0.086692505 0.06081384 0.026634915
0.14172257 0.06601847 0.04764903 0.0 0.0 0.0 0.0 0.030554937 0.0 0.089406945 0.0 0.0 0.0 0.0 0.012967767 0.0 0.0 0.0 0.005736373 0.0 0.0 0.02459967 0.0 0.0 0.0 0.019682387 0.0 0.0 0.013619811 0.0 0.0 0.0 0.0 0.034448877 0.13580397 0.0 0.02811603 0.0 0.045591507 0.0 0.0 0.07475211 0.0 0.013128917 0.14424919 0.0 0.012512749 0.0 0.0 0.0 0.0 0.0 0.0 0.0 0.0 0.1503527
0.11914804 0.0 0.0 0.0 0.0 0.0 0.2406513 0.0 0.0 0.0 0.0 0.0 0.0 0.010227761 0.014105867 0.07273716 0.11427688 0.0 0.0 0.0 0.04512306 0.0 0.0 0.0 0.0 0.0 0.0 0.020362733 0.04234885 0.0 0.0 0.0 0.0 0.0 0.0 0.0 0.0 0.0 0.0017462095 0.0 0.0 0.0 0.0 0.0 0.008361186 0.0 0.0 0.0013737198 0.017958775 0.12234734 0.0 0.03411227 0.0 0.048508048 0.0 0.0
0.003192642 0.0 0.0 0.0 0.119896255 0.0 0.0 0.026179789 0.012023586 0.0 0.106612794 0.0 0.0 0.0 0.07573839 0.0 0.009832115 0.0 0.0 0.0 0.0048250468 0.0 0.056409 0.019682387 0.0 0.0 0.06595067 0.027640466 0.04465993 0.0 0.0 0.02867077 0.0 0.032983866 0.0 0.009253971 0.067215525 0.0 0.0 0.0 0.0 0.016954875 0.00028948035 0.0 0.0042524394 0.08525851 0.045267243 0.0 0.0 0.0 0.0 0.105125 0.0209785 0.0 0.03446195 0.0
0.057481483 0.0 0.0 0.0 0.0 0.0 0.0 0.14485973 0.0 0.17720808 0.0 0.0 0.022923034 0.027196862 0.0 0.0 0.0 0.0 0.06382149 0.0 0.0 0.0 0.0 0.0 0.0 0.06595067 0.0 0.0 0.047582943 0.0 0.0 0.0 0.0 0.0 0.0120848175 0.0 0.012494341 0.0 0.0 0.026881646 0.122603394 0.014552931 0.04302192 0.0 0.0005449721 0.0 0.069749095 0.0 0.0 0.0 0.0 0.06244519 0.0 0.04452433 0.023904981 0.06801831
0.0 0.0 0.0 0.028219616 0.051453374 0.0 0.0 0.0 0.04369019 0.0 0.018789697 0.0072827297 0.045420475 0.0 0.0 0.0 0.0 0.028487617 0.1440263 0.0 0.0 0.0 0.0 0.0 0.020362731 0.027640464 0.0 0.0 0.0 0.10227511 0.040935155 0.0 0.024491606 0.0 0.0 0.08565918 0.04953327 0.0 0.0 0.081188574 0.0 0.0 0.0 0.0 0.0 0.045223363 0.012634864 0.02387779 0.007840894 0.0 0.0 0.0 0.05912183 0.0 0.0 0.0
0.0 0.0 0.0 0.0 0.0 0.124062166 0.0 0.0 0.045666233 0.0 0.0 0.0 0.0 0.048003323 0.0 0.009591258 0.013168389 0.0 0.0 0.0015280035 0.0 0.0 0.0 0.013619812 0.04234885 0.044659927 0.04758294 0.0 0.0 0.0 0.0 0.0 0.0 0.0 0.044235274 0.0 0.0 0.0 0.0 0.017727338 0.0 0.10157365 0.07428918 0.17984296 0.0 0.0 0.0 0.0 0.0 0.0 0.0 0.01375412 0.0 0.0 0.052329995 0.0
0.102565385 0.0 0.0 0.0 0.0 0.0 0.05284803 0.028774269 0.0 0.0 0.0 0.0 0.0 0.0 0.0 0.15653956 0.044134744 0.0 0.0 0.0 0.0 0.0 0.0 0.0 0.0 0.0 0.0 0.10227511 0.0 0.0 0.0 0.0 0.0 0.0046169995 0.03251242 0.0 0.026329776 0.0 0.08768428 0.0 0.11585013 0.0 0.0 0.0 0.00233257 0.0 0.0 0.0 0.0 0.029292548 0.0 0.06666599 0.0 0.086833306 0.0 0.0
0.0 0.0 0.0 0.15076783 0.20959161 0.0 0.04223897 0.0 0.0 0.0 0.0 0.0 0.0 0.0 0.0 0.0 0.0 0.016629465 0.0 0.0 0.0 0.07632133 0.0 0.0 0.0 0.0 0.0 0.04093515 0.0 0.0 0.18167806 0.0 0.03542656 0.0 0.0 0.0 0.0 0.0 0.0 0.004118091 0.0 0.0 0.0 0.0 0.008322273 0.0810398 0.055720568 0.0 0.037892833 0.0 0.0 0.0 0.0 0.0 0.0 0.0
0.07861453 0.0 0.0 0.0 0.0 0.0 0.0 0.035607677 0.0 0.0016535701 0.0 0.0 0.0 0.0053550173 0.0 0.0 0.0 0.28318378 0.0 0.0 0.0 0.0 0.0 0.0 0.0 0.028670771 0.0 0.0 0.0 0.0 0.0 0.21375023 0.0 0.0 0.0 0.0 0.0 0.0 0.0 0.0 0.0 0.0 0.0 0.0 0.0 0.0 0.2295476 0.0 0.0 0.0 0.011889623 0.0076396517 0.0 0.0 0.0 0.0
0.0 0.0 0.0 0.061013564 0.051960047 0.0 0.0 0.0071185785 0.0 0.0 0.014825274 0.0 0.0 0.01187838 0.0 0.024723489 0.0 0.0 0.0 0.0 0.0828852 0.0 0.17588829 0.0 0.0 0.0 0.0 0.024491606 0.0 0.0 0.035426565 0.0 0.0 0.0 0.0 0.0 0.0 0.106297754 0.0 0.0 0.049542435 0.0 0.06696322 0.0 0.0 0.13036454 0.0 0.0 0.0 0.0 0.030081281 0.0 0.0 0.06869801 0.053781956 0.0
0.0 0.0 0.010908357 0.0 0.0 0.0 0.0 0.0 0.172176 0.0 0.0 0.0 0.16759609 0.1305985 0.0 0.0 0.066129595 0.0 0.0 0.0 0.0 0.0 0.0 0.034448877 0.0 0.032983862 0.0 0.0 0.0 0.0046169995 0.0 0.0 0.0 0.08126074 0.0 0.07504208 0.0 0.0 0.0 0.07135406 0.09129577 0.03184423 0.011008034 0.0 0.0 0.0 0.0 0.0 0.0 0.0 0.0 0.0 0.0 0.016166106 0.0 0.0
0.0 0.0 0.0 0.0 0.0 0.0 0.0 0.077153414 0.026612679 0.0 0.0 0.0071297707 0.0 0.18491338 0.0 0.0 0.0 0.0 0.0 0.0 0.0 0.0 0.0 0.13580397 0.0 0.0 0.0120848175 0.0 0.04423527 0.03251242 0.0 0.0 0.0 0.0 0.042932183 0.011206879 0.04026018 0.038016222 0.0 0.0 0.0 0.23007303 0.001256862 0.0 0.0 0.0 0.0 0.011352184 0.0 0.0 0.0 0.0175159 0.0 0.027482154 0.010762905 0.01073916
0.0 0.110012256 0.02080281 0.0 0.0 0.037454713 0.0 0.0 0.06051387 0.0 0.05013503 0.0 0.0 0.011210431 0.0 0.0 0.0 0.0 0.0 0.0 0.0 0.105835535 0.0 0.0 0.0 0.009253972 0.0 0.08565918 0.0 0.0 0.0 0.0 0.0 0.07504207 0.011206878 0.0 0.0 0.0 0.0 0.108051285 0.0 0.041796498 0.0 0.099809125 0.0 0.0 0.042694855 0.0 0.0 0.0 0.0 0.0 0.0 0.0 0.0 0.03506271
0.0 0.0 0.0 0.0016526557 0.0 0.0 0.0 0.02209866 0.0 0.0 0.0 0.0 0.0 0.031174053 0.012930767 0.009263673 0.0 0.0 0.0 0.07570115 0.0 0.0 0.11495037 0.028116029 0.0 0.06721552 0.012494341 0.049533267 0.0 0.026329776 0.0 0.0 0.0 0.0 0.040260185 0.0 0.075107016 0.044728637 0.0 0.0 0.093737215 0.0 0.0 0.023658255 0.08081629 0.0 0.0 0.0 0.0 0.0 0.0380973 0.0 0.0 0.0 0.14575511 0.0
0.029773066 0.0 0.0 0.0 0.0 0.0 0.0 0.0 0.0 0.18795136 0.08564711 0.0 0.0 0.0 0.0 0.0 0.0 0.0 0.0 0.040633205 0.0050795823 0.0 0.011448939 0.0 0.0 0.0 0.0 0.0 0.0 0.0 0.0 0.0 0.106297754 0.0 0.038016222 0.0 0.044728633 0.0 0.0 0.0 0.0 0.0 0.0 0.0 0.17316605 0.0 0.028366016 0.117536776 0.0 0.0 0.11744971 0.0 0.0 0.0 0.00071711955 0.0
0.0 0.0 0.123459406 0.011922691 0.0 0.0 0.10129941 0.0 0.0024484573 0.0 0.0 0.13433754 0.0 0.0 0.06331706 0.00563438 0.022727057 0.0 0.0 0.0 0.10550032 0.0 0.0 0.045591507 0.0017462096 0.0 0.0 0.0 0.0 0.08768427 0.0 0.0 0.0 0.0 0.0 0.0 0.0 0.0 0.0 0.0 0.0 0.0 0.0 0.0 0.0 0.013616667 0.0 0.00651786 0.011397836 0.08465561 0.0 0.0 0.15216 0.0 0.0 0.0
0.0 0.0 0.0 0.0 0.0 0.0 0.0 0.0 0.0 0.0 0.0 0.0 0.15466534 0.086943634 0.0 0.0 0.0 0.0 0.0 0.0 0.0 0.0 0.0 0.0 0.0 0.0 0.026881645 0.081188574 0.017727338 0.0 0.004118091 0.0 0.0 0.071354054 0.0 0.10805129 0.0 0.0 0.0 0.1959205 0.1789019 0.0 0.037521362 0.0 0.0 0.0 0.0 0.0 0.04463964 0.0 0.0 0.0 0.045383725 0.0861285 0.0 0.019089015
0.0 0.06408875 0.0 0.0 0.0 0.097220026 0.0 0.0 0.0 0.0 0.0 0.0016717623 0.0 0.0 0.0 0.0 0.0 0.0 0.0 0.0 0.0020623084 0.014010221 0.064532325 0.0 0.0 0.0 0.12260339 0.0 0.0 0.11585013 0.0 0.0 0.049542435 0.09129577 0.0 0.0 0.093737215 0.0 0.0 0.1789019 0.0 0.0127035715 0.0 0.0 0.0 0.0 0.0 0.0 0.0 0.0 0.0 0.0 0.046831954 0.0 0.0026941437 0.049005315
0.028675491 0.0 0.0 0.0 0.0 0.0 0.03719446 0.0 0.124747746 0.0 0.0 0.0 0.0 0.061471403 0.0 0.0 0.0 0.0 0.0 0.0 0.0 0.019176928 0.0 0.07475211 0.0 0.016954875 0.01455293 0.0 0.10157365 0.0 0.0 0.0 0.0 0.031844232 0.23007303 0.0417965 0.0 0.0 0.0 0.0 0.0127035715 0.0 0.0 0.0 0.0 0.0 0.008898689 0.0 0.0 0.0 0.0 0.16378611 0.0 0.012865176 0.0 0.0
0.0 0.0 0.0 0.0 0.009767557 0.057374682 0.007183326 0.0 0.0 0.0 0.04296684 0.12345777 0.0 0.0 0.0 0.0 0.024630712 0.0 0.0 0.0 0.0 0.07961631 0.0 0.0 0.0 0.00028948035 0.04302192 0.0 0.07428918 0.0 0.0 0.0 0.06696322 0.011008035 0.0012568621 0.0 0.0 0.0 0.0 0.037521362 0.0 0.0 0.14994705 0.0 0.0 0.06616199 0.010894003 0.110627286 0.06662941 0.0 0.0 0.0 0.0 0.0 0.0 0.005950149
0.02383608 0.0 0.0 0.0 0.0 0.0 0.0154416 0.018772783 0.0 0.0 0.0 0.0 0.0 0.0 0.0 0.058600064 0.16947098 0.0 0.010016794 0.0 0.0 0.0 0.0 0.013128917 0.0 0.0 0.0 0.0 0.17984295 0.0 0.0 0.0 0.0 0.0 0.0 0.099809125 0.023658257 0.0 0.0 0.0 0.0 0.0 0.0 0.0 0.0 0.1076502 0.04350176 0.0 0.0 0.0 0.0 0.13677017 0.006425132 0.017521622 0.0 0.0
0.0 0.0 0.0 0.0076244026 0.0 0.0 0.0 0.08772874 0.0 0.0 0.0051108003 0.15796952 0.0014337614 0.0 0.07050214 0.04840727 0.0 0.0057334816 0.0 0.2064193 0.0 0.0 0.021015638 0.14424919 0.008361185 0.00425244 0.00054497214 0.0 0.0 0.00233257 0.008322273 0.0 0.0 0.0 0.0 0.0 0.0808163 0.17316605 0.0 0.0 0.0 0.0 0.0 0.0 0.0 0.0 0.0 0.0 0.0 0.0 0.07834285 0.0067048003 0.0 0.0 0.10084652 0.0
0.0 0.0 0.0 0.019260477 0.025973309 0.028686501 0.0 0.0 0.0 0.0 0.0 0.0 0.0 0.0 0.0 0.0034190838 0.0 0.0 0.07988541 0.0 0.0 0.06615522 0.006938383 0.0 0.0 0.08525851 0.0 0.045223363 0.0 0.0 0.0810398 0.0 0.13036454 0.0 0.0 0.0 0.0 0.0 0.013616667 0.0 0.0 0.0 0.06616199 0.1076502 0.0 0.0 0.19534332 0.0 0.0 0.0 0.041212942 0.0 0.0 0.024738954 0.0 0.086152695
0.0 0.0 0.0 0.0 0.07884721 0.0 0.0 0.0 0.0107932035 0.0 0.0 0.0 0.0 0.005945312 0.0 0.0 0.0 0.062770315 0.0 0.0 0.0 0.016926011 0.0 0.012512749 0.0 0.045267243 0.069749095 0.012634864 0.0 0.0 0.055720568 0.2295476 0.0 0.0 0.0 0.042694855 0.0 0.028366016 0.0 0.0 0.0 0.008898689 0.010894003 0.04350176 0.0 0.19534332 0.051033877 0.0 0.0 0.0 0.04711139 0.008098316 0.0 0.0079930145 0.0 0.0
0.0 0.059361055 0.0 0.047266357 0.0 0.03783843 0.101947024 0.0 0.0 0.0026607942 0.0 0.0 0.0 0.0 0.0 0.0709862 0.03113683 0.0 0.039079383 0.045379244 0.0 0.016639402 0.0 0.0 0.0013737198 0.0 0.0 0.023877788 0.0 0.0 0.0 0.0 0.0 0.0 0.011352184 0.0 0.0 0.117536776 0.0065178606 0.0 0.0 0.0 0.110627286 0.0 0.0 0.0 0.0 0.0 0.0 0.0 0.0 0.0 0.0 0.070932664 0.0 0.0
0.0 0.04840797 0.06085488 0.0346079 0.0 0.0 0.081612274 0.0 0.0 0.0 0.0 0.0 0.04475482 0.0 0.0 0.0 0.011129675 0.0 0.0 0.0 0.30532032 0.017767278 0.0 0.0 0.017958775 0.0 0.0 0.007840895 0.0 0.0 0.037892833 0.0 0.0 0.0 0.0 0.0 0.0 0.0 0.011397837 0.04463964 0.0 0.0 0.06662941 0.0 0.0 0.0 0.0 0.0 0.12911221 0.0 0.0 0.0 0.057954658 0.14667971 0.0 0.0
0.0 0.0 0.0 0.0 0.0 0.0 0.17056356 0.0 0.04407412 0.0 0.0 0.0 0.0 0.0 0.0 0.0 0.2565143 0.0 0.013321007 0.0 0.0 0.0 0.0 0.0 0.12234734 0.0 0.0 0.0 0.0 0.029292548 0.0 0.0 0.0 0.0 0.0 0.0 0.0 0.0 0.08465561 0.0 0.0 0.0 0.0 0.0 0.0 0.0 0.0 0.0 0.0 0.0 0.0 0.0 0.18373767 0.030341722 0.0 0.0
0.01865432 0.0 0.018146649 0.04463987 0.0 0.0 0.0 0.030872924 0.0 0.14460757 0.05936984 0.0 0.0 0.0 0.0 0.0 0.0 0.0077912356 0.16771154 0.017898561 0.0 0.019078381 0.05173014 0.0 0.0 0.0 0.0 0.0 0.0 0.0 0.0 0.011889623 0.030081281 0.0 0.0 0.0 0.038097303 0.11744971 0.0 0.0 0.0 0.0 0.0 0.0 0.07834285 0.041212946 0.04711139 0.0 0.0 0.0 0.06596517 0.060993683 0.0 0.0 0.0 0.0
0.005580137 0.05037974 0.0977168 0.0 0.0 0.058443554 0.0 0.011037916 0.0 0.0 0.0033780844 0.13827808 0.0 0.0 0.052580867 0.0 0.0 0.0 0.007344069 0.09519627 0.0 0.0120309265 0.0 0.0 0.03411227 0.105125 0.06244519 0.0 0.01375412 0.06666599 0.0 0.007639652 0.0 0.0 0.0175159 0.0 0.0 0.0 0.0 0.0 0.0 0.16378611 0.0 0.13677019 0.0067048008 0.0 0.008098315 0.0 0.0 0.0 0.060993683 0.0 0.0 0.0 0.0 0.04217105
0.0 0.0 0.0 0.0 0.0 0.0 0.0 0.0 0.04795374 0.0 0.0 0.0011950921 0.0 0.0 0.11364286 0.07204066 0.0 0.0 0.0 0.0 0.0 0.040145714 0.0 0.0 0.0 0.0209785 0.0 0.059121825 0.0 0.0 0.0 0.0 0.0 0.0 0.0 0.0 0.0 0.0 0.15216 0.045383725 0.046831954 0.0 0.0 0.006425132 0.0 0.0 0.0 0.0 0.057954658 0.18373767 0.0 0.0 0.14322475 0.035611216 0.0 0.0
0.0 0.0696662 0.0 0.0 0.0 0.0 0.0 0.0 0.007720572 0.0 0.0 0.0 0.0 0.0 0.0 0.0 0.0 0.0 0.06919496 0.0 0.012492871 0.04251892 0.0866925 0.0 0.04850805 0.0 0.04452433 0.0 0.0 0.08683331 0.0 0.0 0.06869801 0.016166106 0.027482154 0.0 0.0 0.0 0.0 0.0861285 0.0 0.012865176 0.0 0.017521622 0.0 0.024738956 0.007993014 0.07093267 0.14667971 0.030341724 0.0 0.0 0.035611216 0.010718803 0.05055711 0.0
0.010231495 0.0 0.0 0.072813325 0.032734506 0.0 0.027460033 0.006711747 0.0 0.0 0.03127925 0.0 0.0 0.0 0.08509946 0.0 0.022816535 0.0 0.18476705 0.005977967 0.041144434 0.012897395 0.060813837 0.0 0.0 0.03446195 0.023904981 0.0 0.052329995 0.0 0.0 0.0 0.05378196 0.0 0.010762906 0.0 0.1457551 0.0007171196 0.0 0.0 0.0026941437 0.0 0.0 0.0 0.10084652 0.0 0.0 0.0 0.0 0.0 0.0 0.0 0.0 0.050557114 0.0 0.0
0.0 0.0 0.0 0.0 0.0 0.18164597 0.0 0.0 0.0 0.0 0.0 0.0851844 0.0 0.06251822 0.0 0.0 0.09278684 0.0 0.0 0.0 0.0 0.0 0.026634915 0.1503527 0.0 0.0 0.06801831 0.0 0.0 0.0 0.0 0.0 0.0 0.0 0.010739159 0.035062715 0.0 0.0 0.0 0.019089015 0.049005315 0.0 0.005950149 0.0 0.0 0.086152695 0.0 0.0 0.0 0.0 0.0 0.04217105 0.0 0.0 0.0 0.0
