0.0 0.0 0.0 0.0 0.0 0.0 0.0 0.11639706 0.0 0.0 0.0 0.0 0.0 0.0 0.0 0.0 0.0 0.0 0.0 0.0 0.0 0.15621252 0.0 0.1807056 0.0 0.0 0.0 0.0 0.10659952 0.15177794 0.0 0.0 0.0 0.06495874 0.0 0.0 0.18829226 0.0 0.0 0.0 0.0 0.0 0.0 0.0 0.0 0.0 0.0 0.048589695 0.0 0.0 0.0 0.029992733 0.0 0.0 0.0 0.02112037
0.0 0.0 0.0 0.102398716 0.0 0.10658915 0.0 0.0 0.0 0.007547975 0.0 0.0 0.0 0.0 0.0 0.030892795 0.0 0.0 0.035046894 0.0 0.08986694 0.0 0.013434281 0.0 0.0 0.15802443 0.035288528 0.025424791 0.0 0.0 0.0 0.0 0.0 0.0 0.0 0.0 0.0 0.05704206 0.0 0.053747702 0.007026865 0.0 0.013219832 0.0051991735 0.0 0.0 0.0 0.0 0.0 0.0 0.0 0.0 0.078595206 0.06885281 0.094618626 0.0
0.0 0.0 0.0 0.01743381 0.0 0.0 0.0 0.0 0.08116214 0.0 0.0 0.0 0.0 0.0 0.0 0.005937147 0.08322445 0.04703942 0.017099341 0.0 0.054605383 0.027116971 0.0 0.0 0.02260832 0.028035419 0.0 0.0 0.025519008 0.0 0.0 0.0 0.0 0.0 0.0 0.0 0.0 0.0 0.0 0.0 0.05706395 0.0 0.013397871 0.0 0.0 0.031259093 0.0 0.0 0.0 0.0 0.0 0.0 0.19411647 0.05660849 0.031247918 0.0
0.0 0.10239872 0.01743381 0.0 0.208787 0.0 0.1520819 0.0 0.0 0.13558333 0.0 0.010673613 0.0 0.0 0.0 0.0 0.0 0.0 0.0 0.0 0.0 0.0 0.0 0.0 0.0 0.05627451 0.0 0.0065204096 0.02945514 0.0 0.0 0.0 0.0 0.07969102 0.0 0.07425797 0.0 0.040628094 0.01671282 0.0409975 0.014358385 0.0 0.010842676 0.0 0.0 0.0073934747 0.0 0.0 0.0 0.0 0.0 0.0 0.0 0.0 0.0 0.0
0.0 0.0 0.0 0.208787 0.036634125 0.0 0.01569948 0.0 0.0 0.011174993 0.0 0.0 0.0 0.031672142 0.0 0.076843284 0.0 0.0 0.0 0.0 0.14985955 0.0 0.0 0.0 0.0 0.0 0.0 0.16972135 0.0 0.0 0.0 0.111714765 0.0 0.0 0.0 0.0 0.0 0.04461721 0.0 0.048614662 0.055747878 0.0 0.022007918 0.0 0.0 0.013416109 0.0 0.041021563 0.02231843 0.010587935 0.0 0.0 0.0 0.0 0.032219853 0.0
0.0 0.10658915 0.0 0.0 0.0 0.0 0.017501352 0.03376686 0.0 0.048976664 0.0 0.0 0.0 0.08123961 0.0 0.035759483 0.0 0.0 0.0 0.0 0.01698448 0.0 0.0 0.08656475 0.0 0.10708016 0.0 0.15209359 0.0 0.0 0.0 0.0 0.0 0.0 0.06340653 0.026095388 0.0 0.0 0.0 0.048470944 0.05288034 0.0 0.022321297 0.0 0.0 0.0 0.0 0.0 0.0 0.0 0.0 0.03279747 0.0 0.0 0.0 0.037336066
0.0 0.0 0.0 0.1520819 0.01569948 0.017501352 0.0 0.009200519 0.0 0.0 0.0 0.015353514 0.0 0.0 0.0 0.0 0.0 0.19078936 0.048480105 0.0 0.0 0.0 0.013736588 0.0 0.01962888 0.0 0.05165638 0.0510953 0.0 0.0 0.0 0.07596409 0.083316684 0.0 0.02421731 0.0 0.0 0.0 0.0037208055 0.0 0.0 0.0 0.033142306 0.0 0.013187392 0.0 0.0 0.0 0.095367275 0.0 0.0 0.0 0.0 0.0 0.0 0.0
0.11639707 0.0 0.0 0.0 0.0 0.03376686 0.009200518 0.0 0.0 0.0 0.0 0.0 0.0 0.0 0.03820321 0.03523979 0.0 0.0 0.0 0.010252488 0.0 0.082405396 0.0 0.0 0.0 0.0 0.0048224605 0.0 0.0 0.011922977 0.06985034 0.0 0.011630428 0.087794304 0.02651757 0.07240948 0.13819653 0.0 0.0 0.0 0.0 0.076662995 0.0 0.0 0.0 0.0 0.14851229 0.0523584 0.0 0.0 0.0 0.0 0.0 0.0 0.041666437 0.0
0.0 0.0 0.08116213 0.0 0.0 0.0 0.0 0.0 0.0 0.004997788 0.0 0.06311433 0.0 0.0 0.0 0.05195127 0.0 0.021159181 0.042674985 0.05806486 0.079440296 0.0 0.022020007 0.0 0.015638623 0.0 0.0 0.0 0.0 0.0 0.01644436 0.0 0.053714763 0.0 0.0 0.0 0.0 0.107282154 0.0 0.0 0.0 0.0 0.0 0.07998243 0.0015798102 0.030583179 0.0 0.0 0.048052896 0.029462526 0.0 0.0 0.14926639 0.0 0.0 0.0
0.0 0.0075479746 0.0 0.13558333 0.011174993 0.04897666 0.0 0.0 0.0049977875 0.0 0.0 0.0 0.0 0.0 0.02463991 0.06424935 0.0 0.0 0.0 0.030289141 0.01763782 0.04775474 0.0 0.046417873 0.0 0.0 0.065951504 0.0 0.0 0.04630415 0.11703863 0.05544189 0.0 0.0 0.0 0.0 0.03783192 0.0 0.0 0.0 0.0 0.0 0.11305015 0.0 0.0 0.0 0.06973535 0.037576746 0.0 0.0 0.09909038 0.0 0.0 0.024124006 0.00952216 0.0
0.0 0.0 0.0 0.0 0.0 0.0 0.0 0.0 0.0 0.0 0.0 0.020691978 0.0 0.1445736 0.07280721 0.10901592 0.0 0.0 0.0 0.0 0.0 0.0 0.004610578 0.0 0.0 0.024291715 0.0 0.02125008 0.0 0.0 0.0 0.0 0.0 0.0 0.048176948 0.0068122954 0.0 0.030888021 0.0 0.0 0.22142261 0.0 0.02530681 0.029759271 0.0 0.011944119 0.0007213919 0.0 0.0148795005 0.01870301 0.0 0.0 0.0 0.1538601 0.031209558 0.0
0.0 0.0 0.0 0.010673614 0.0 0.0 0.015353514 0.0 0.06311433 0.0 0.020691978 0.0 0.015421841 0.0 0.0 0.062645145 0.002177272 0.0 0.22149442 0.04555212 0.030754393 0.0 0.0 0.0 0.0 0.0104537355 0.0 0.0 0.0 0.0 0.0 0.021933163 0.019444413 0.0 0.0 0.011184235 0.0 0.0 0.11558354 0.011901554 0.0 0.01623788 0.18752599 0.0 0.0 0.016853277 0.037470993 0.0 0.023178373 0.0 0.0 0.0 0.0 0.0 0.0 0.0
0.0 0.0 0.0 0.0 0.0 0.0 0.0 0.0 0.0 0.0 0.0 0.015421842 0.0 0.0 0.0 0.0 0.0 0.04968355 0.0 0.050654724 0.0 0.0 0.36318707 0.013390827 0.0033962033 0.0 0.0 0.0 0.0 0.0 0.0 0.0 0.018409941 0.0 0.0 0.0 0.0 0.002723162 0.0 0.0 0.0 0.0 0.0 0.008090463 0.0 0.0 0.0 0.0 0.0 0.0 0.19649273 0.011477402 0.0 0.0 0.09715737 0.0
0.0 0.0 0.0 0.0 0.031672146 0.08123961 0.0 0.0 0.0 0.0 0.1445736 0.0 0.0 0.0 0.040145457 0.0 0.0 0.0 0.0 0.091900244 0.0 0.0 0.005221526 0.0 0.0 0.0 0.0 0.0 0.0 0.0 0.09641372 0.0 0.15403612 0.0 0.0 0.0 0.05742754 0.043404724 0.00048964634 0.0 0.0 0.0 0.0 0.003105104 0.0 0.035925 0.0 0.00965926 0.0 0.0 0.12530221 0.0 0.0 0.0 0.05416658 0.0
0.0 0.0 0.0 0.0 0.0 0.0 0.0 0.038203213 0.0 0.02463991 0.07280721 0.0 0.0 0.040145457 0.0 0.0026185096 0.0 0.0 0.0 0.0 0.0 0.0 0.15140632 0.10561032 0.0 0.022732293 0.0 0.0 0.0 0.0 0.0 0.0 0.0 0.0 0.0 0.0 0.0 0.0 0.0 0.0 0.0 0.0 0.0 0.0 0.0 0.0 0.0 0.0904895 0.0 0.0 0.21773416 0.06722012 0.0 0.0 0.09308897 0.0
0.0 0.030892793 0.005937147 0.0 0.076843284 0.035759483 0.0 0.035239793 0.05195127 0.064249344 0.10901592 0.062645145 0.0 0.0 0.0026185096 0.0 0.0 0.023519916 0.0 0.0 0.0036161372 0.0 0.0 0.057414763 0.0 0.0 0.021188146 0.0 0.0 0.0 0.0 0.079210036 0.0 0.0 0.013993565 0.0 0.0 0.049830366 0.0 0.0 0.0 0.0 0.0 0.0 0.0 0.0 0.0 0.0 0.0 0.0 0.011018916 0.15304638 0.0 0.0 0.0 0.0
0.0 0.0 0.08322446 0.0 0.0 0.0 0.0 0.0 0.0 0.0 0.0 0.002177272 0.0 0.0 0.0 0.0 0.0 0.18020244 0.13308746 0.0 0.0 0.0 0.0 0.0 0.13174386 0.0 0.0 0.0 0.0 0.0 0.0 0.0895876 0.0 0.0 0.0 0.0 0.017622279 0.0 0.0 0.0 0.0 0.082795426 0.0 0.005908823 0.0 0.13512874 0.041347086 0.0 0.0 0.0 0.007635496 0.0 0.061921407 0.0 0.0 0.0
0.0 0.0 0.04703942 0.0 0.0 0.0 0.19078937 0.0 0.021159181 0.0 0.0 0.0 0.04968355 0.0 0.0 0.023519915 0.18020244 0.0 0.08682647 0.0 0.043725833 0.0 0.0 0.0 0.0 0.0 0.0 0.0 0.0 0.0 0.0 0.02261974 0.0 0.0 0.0 0.106823266 0.0 0.0 0.0 0.0 0.0 0.0 0.10778062 0.073460385 0.0 0.01576989 0.0 0.0 0.21343656 0.0 0.0 0.0 0.013132336 0.0 0.0 0.0
0.0 0.035046894 0.017099341 0.0 0.0 0.0 0.04848011 0.0 0.042674985 0.0 0.0 0.22149444 0.0 0.0 0.0 0.0 0.13308747 0.086826466 0.025486717 0.0 0.1414875 0.0 0.045506086 0.0 0.06449167 0.0 0.0 0.0 0.0 0.0 0.0 0.014151775 0.0 0.0 0.0 0.0015270973 0.0 0.0 0.0 0.0 0.0 0.0 0.0 0.0 0.0 0.0 0.0 0.0 0.0023896398 0.0 0.0 0.0 0.0 0.0 0.0 0.0
0.0 0.0 0.0 0.0 0.0 0.0 0.0 0.010252489 0.05806486 0.03028914 0.0 0.04555212 0.050654724 0.091900244 0.0 0.0 0.0 0.0 0.0 0.0 0.0 0.0 0.0 0.0 0.0 0.06778032 0.0 0.0 0.1236314 0.0 0.0 0.0 0.0 0.05271079 0.0 0.015759 0.0 0.0 0.0 0.07270989 0.21399991 0.031442802 0.048691183 0.0 0.0 0.0 0.0 0.0 0.0 0.0 0.0 0.010816432 0.0 0.16053419 0.02330637 0.18284984
0.0 0.08986694 0.054605383 0.0 0.14985955 0.01698448 0.0 0.0 0.079440296 0.017637819 0.0 0.030754393 0.0 0.0 0.0 0.003616137 0.0 0.043725837 0.1414875 0.0 0.2214192 0.0 0.0 0.0 0.0971346 0.0 0.0 0.0 0.0 0.0 0.0 0.0 0.0 0.0 0.0 0.0 0.0 0.0 0.0 0.0 0.0 0.0 0.0 0.0 0.0 0.0 0.0 0.0 0.0 0.0 0.0 0.0 0.0 0.0 0.0 0.0
0.15621252 0.0 0.02711697 0.0 0.0 0.0 0.0 0.082405396 0.0 0.04775474 0.0 0.0 0.0 0.0 0.0 0.0 0.0 0.0 0.0 0.0 0.0 0.0 0.0 0.0 0.024651507 0.0 0.0 0.0 0.033143986 0.0 0.0 0.0 0.0 0.0 0.18857084 0.0 0.0 0.0 0.0 0.0 0.01488271 0.0 0.0 0.0 0.15027812 0.0 0.019338176 0.0 0.0 0.0 0.0 0.070936546 0.0 0.016441166 0.0029330025 0.15780771
0.0 0.013434281 0.0 0.0 0.0 0.0 0.013736589 0.0 0.022020008 0.0 0.004610578 0.0 0.3631871 0.005221526 0.15140632 0.0 0.0 0.0 0.045506086 0.0 0.0 0.0 0.0 0.0 0.0 0.0 0.0 0.0 0.0 0.0 0.033620488 0.0 0.0 0.06307682 0.0 0.0 0.0 0.028766867 0.030256437 0.15209898 0.0 0.0 0.0 0.14397024 0.0 0.0 0.0027186535 0.03586652 0.0 0.0042237286 0.0 0.0 0.0 0.0 0.0 0.16139348
0.18070562 0.0 0.0 0.0 0.0 0.08656475 0.0 0.0 0.0 0.046417873 0.0 0.0 0.013390827 0.0 0.10561032 0.05741476 0.0 0.0 0.0 0.0 0.0 0.0 0.0 0.0 0.0 0.0 0.024379456 0.0 0.0 0.0 0.12057465 0.0 0.0 0.0 0.0 0.0 0.047001112 0.048103124 0.013820445 0.0 0.0 0.013610838 0.0 0.0 0.012151003 0.0 0.013482858 0.02824765 0.0 0.07329848 0.0 0.0 0.0 0.0 0.022463484 0.0
0.0 0.0 0.022608317 0.0 0.0 0.0 0.019628879 0.0 0.015638622 0.0 0.0 0.0 0.0033962033 0.0 0.0 0.0 0.13174386 0.0 0.06449167 0.0 0.097134605 0.024651507 0.0 0.0 0.118624985 0.0 0.0 0.0 0.0 0.0 0.0 0.0 0.0 0.046891645 0.0 0.041682806 0.005169253 0.0 0.0121628605 0.048595384 0.016141914 0.0 0.13099094 0.02349957 0.0 0.02710744 0.054275446 0.06956341 0.066557445 0.028414888 0.0 0.0 0.08617372 0.03755551 0.0 0.0
0.0 0.15802443 0.028035417 0.05627451 0.0 0.10708016 0.0 0.0 0.0 0.0 0.024291715 0.0104537355 0.0 0.0 0.022732295 0.0 0.0 0.0 0.0 0.067780316 0.0 0.0 0.0 0.0 0.0 0.0 0.0321969 0.015554793 0.0 0.0 0.0 0.0 0.0 0.027827892 0.0 0.0 0.013866915 0.028082466 0.17982912 0.0 0.0 0.0 0.0 0.13073044 0.0 0.012619618 0.0 0.016993834 0.0 0.0 0.0 0.0 0.0 0.016495895 0.068387285 0.0
0.0 0.035288528 0.0 0.0 0.0 0.0 0.05165638 0.0048224605 0.0 0.065951504 0.0 0.0 0.0 0.0 0.0 0.021188147 0.0 0.0 0.0 0.0 0.0 0.0 0.0 0.024379456 0.0 0.0321969 0.10384575 0.1499855 0.0 0.0 0.0 0.0 0.0 0.0 0.10224789 0.0036668628 0.06305677 0.081245996 0.0 0.0 0.0 0.0 0.0 0.026521102 0.0 0.036699895 0.0 0.0 0.0 0.0 0.0 0.0950757 0.0 0.05039182 0.086052276 0.063287586
0.0 0.025424791 0.0 0.0065204096 0.16972135 0.15209359 0.051095296 0.0 0.0 0.0 0.02125008 0.0 0.0 0.0 0.0 0.0 0.0 0.0 0.0 0.0 0.0 0.0 0.0 0.0 0.0 0.015554792 0.1499855 0.06390897 0.0 0.0 0.106106214 0.0 0.008018543 0.0 0.018520024 0.0 0.0013991438 0.030006653 0.0 0.11129523 0.0 0.0 0.0 0.0 0.0 0.0026033472 0.0 0.0 0.0 0.0 0.03896931 0.0 0.0 0.013780047 0.039245788 0.0
0.10659952 0.0 0.02551901 0.02945514 0.0 0.0 0.0 0.0 0.0 0.0 0.0 0.0 0.0 0.0 0.0 0.0 0.0 0.0 0.0 0.1236314 0.0 0.033143986 0.0 0.0 0.0 0.0 0.0 0.0 0.0 0.0 0.0 0.0 0.17548694 0.0 0.013830474 0.0 0.0 0.0 0.0 0.0 0.0 0.0 0.021076042 0.0 0.05599877 0.0 0.0062263757 0.0 0.23416172 0.0 0.123916134 0.0 0.0 0.0 0.0 0.0
0.15177794 0.0 0.0 0.0 0.0 0.0 0.0 0.011922977 0.0 0.046304155 0.0 0.0 0.0 0.0 0.0 0.0 0.0 0.0 0.0 0.0 0.0 0.0 0.0 0.0 0.0 0.0 0.0 0.0 0.0 0.0 0.0 0.0 0.0 0.00017437538 0.0 0.0050650793 0.0 0.0 0.0 0.0 0.0 0.0 0.0 0.0 0.34200343 0.0 0.0 0.01084925 0.012876969 0.0 0.0 0.16295764 0.03334223 0.0 0.0005140534 0.0
0.0 0.0 0.0 0.0 0.0 0.0 0.0 0.06985035 0.01644436 0.11703862 0.0 0.0 0.0 0.096413724 0.0 0.0 0.0 0.0 0.0 0.0 0.0 0.0 0.033620488 0.12057465 0.0 0.0 0.0 0.106106214 0.0 0.0 0.0 0.0 0.0 0.0 0.14201336 0.0 0.047441322 0.09486574 0.0 0.015372197 0.034204338 0.0 0.0 0.0 0.0 0.0 0.0 0.0 0.0 0.0 0.0 0.14674155 0.0 0.0 0.079285644 0.0
0.0 0.0 0.0 0.0 0.111714765 0.0 0.07596409 0.0 0.0 0.05544189 0.0 0.021933163 0.0 0.0 0.0 0.079210036 0.0895876 0.02261974 0.014151775 0.0 0.0 0.0 0.0 0.0 0.0 0.0 0.0 0.0 0.0 0.0 0.0 0.0 0.0 0.0 0.0 0.20510124 0.0 0.0071780146 0.0 0.0 0.0 0.0 0.0 0.0026492926 0.0 0.25172657 0.0 0.013758907 0.0 0.0 0.0 0.0 0.00600515 0.0 0.0 0.0
0.0 0.0 0.0 0.0 0.0 0.0 0.083316684 0.011630429 0.053714763 0.0 0.0 0.019444413 0.018409941 0.15403612 0.0 0.0 0.0 0.0 0.0 0.0 0.0 0.0 0.0 0.0 0.0 0.0 0.0 0.008018544 0.17548694 0.0 0.0 0.0 0.0 0.10059818 0.0 0.008827564 0.0 0.0 0.0 0.09074464 0.0 0.0 0.0 0.0 0.0 0.0 0.0 0.0 0.0 0.011456087 0.0 0.0 0.0 0.0 0.0 0.22192256
0.06495874 0.0 0.0 0.07969102 0.0 0.0 0.0 0.087794304 0.0 0.0 0.0 0.0 0.0 0.0 0.0 0.0 0.0 0.0 0.0 0.05271079 0.0 0.0 0.06307682 0.0 0.046891645 0.02782789 0.0 0.0 0.0 0.00017437538 0.0 0.0 0.10059818 0.117413536 0.002601044 0.0 0.029331895 0.0 0.0 0.03537907 0.0 0.0 0.0 0.0 0.0 0.0 0.0 0.0 0.005350439 0.029285721 0.04204465 0.0 0.0 0.025785454 0.015753705 0.0
0.0 0.0 0.0 0.0 0.0 0.063406534 0.02421731 0.02651757 0.0 0.0 0.048176948 0.0 0.0 0.0 0.0 0.013993564 0.0 0.0 0.0 0.0 0.0 0.18857084 0.0 0.0 0.0 0.0 0.10224789 0.018520024 0.013830474 0.0 0.14201336 0.0 0.0 0.002601044 0.0 0.0 0.012512757 0.0 0.0029864658 0.032123778 0.0 0.014103362 0.08789337 0.0 0.0 0.0 0.12021975 0.0 0.0 0.0 0.0 0.0 0.0 0.024314996 0.010208454 0.04024183
0.0 0.0 0.0 0.07425798 0.0 0.026095387 0.0 0.07240948 0.0 0.0 0.006812295 0.011184235 0.0 0.0 0.0 0.0 0.0 0.106823266 0.0015270973 0.015759 0.0 0.0 0.0 0.0 0.041682806 0.0 0.0036668628 0.0 0.0 0.0050650793 0.0 0.20510122 0.008827564 0.0 0.0 0.0 0.0 0.013640082 0.0 0.0 0.0 0.0 0.0 0.0 0.005690997 0.17575671 0.0 0.0 0.0 0.0 0.0 0.0 0.054488946 0.0 0.017301453 0.0
0.18829228 0.0 0.0 0.0 0.0 0.0 0.0 0.13819651 0.0 0.037831925 0.0 0.0 0.0 0.057427537 0.0 0.0 0.017622279 0.0 0.0 0.0 0.0 0.0 0.0 0.047001116 0.005169253 0.013866916 0.06305677 0.0013991438 0.0 0.0 0.047441322 0.0 0.0 0.029331895 0.012512757 0.0 0.07564115 0.0 0.0013345848 0.0 0.0 0.0 0.0 0.0 0.17882009 0.0 0.0 0.025945444 0.012730454 0.061615463 0.0 0.062199213 0.0 0.0 0.0 0.0
0.0 0.057042055 0.0 0.040628098 0.044617206 0.0 0.0 0.0 0.107282154 0.0 0.030888021 0.0 0.002723162 0.04340473 0.0 0.04983037 0.0 0.0 0.0 0.0 0.0 0.0 0.028766869 0.048103124 0.0 0.028082468 0.081245996 0.030006653 0.0 0.0 0.09486574 0.007178014 0.0 0.0 0.0 0.013640082 0.0 0.07898782 0.0 0.12775196 0.006984114 0.0 0.053569168 0.0 0.0 0.05305045 0.0 0.021090176 0.0 0.0 0.04136536 0.0 0.0 0.0 0.0 0.0
0.0 0.0 0.0 0.01671282 0.0 0.0 0.0037208055 0.0 0.0 0.0 0.0 0.11558354 0.0 0.0004896463 0.0 0.0 0.0 0.0 0.0 0.0 0.0 0.0 0.030256439 0.013820445 0.0121628605 0.1798291 0.0 0.0 0.0 0.0 0.0 0.0 0.0 0.0 0.0029864658 0.0 0.0013345849 0.0 0.13284345 0.0005047451 0.012340577 0.1273324 0.0 0.0 0.0 0.0 0.008266833 0.021242889 0.0 0.20452939 0.0 0.01811286 0.0 0.0 0.0514296 0.0
0.0 0.053747702 0.0 0.0409975 0.048614662 0.048470948 0.0 0.0 0.0 0.0 0.0 0.011901554 0.0 0.0 0.0 0.0 0.0 0.0 0.0 0.07270989 0.0 0.0 0.15209898 0.0 0.04859538 0.0 0.0 0.11129524 0.0 0.0 0.015372198 0.0 0.09074464 0.03537907 0.032123778 0.0 0.0 0.12775195 0.0005047451 0.075480565 0.0 0.0 0.0 0.0 0.0 0.0 0.0 0.0 0.0 0.0 0.0 0.0 0.0 0.0 0.022934427 0.0
0.0 0.0070268656 0.057063945 0.014358384 0.055747874 0.052880336 0.0 0.0 0.0 0.0 0.2214226 0.0 0.0 0.0 0.0 0.0 0.0 0.0 0.0 0.21399991 0.0 0.014882711 0.0 0.0 0.016141914 0.0 0.0 0.0 0.0 0.0 0.03420434 0.0 0.0 0.0 0.0 0.0 0.0 0.0069841146 0.012340577 0.0 0.0 0.0 0.0 0.07575443 0.0 0.06460606 0.0 0.0 0.0 0.0 0.0 0.0 0.0 0.0 0.0 0.0
0.0 0.0 0.0 0.0 0.0 0.0 0.0 0.076662995 0.0 0.0 0.0 0.01623788 0.0 0.0 0.0 0.0 0.08279543 0.0 0.0 0.031442802 0.0 0.0 0.0 0.013610837 0.0 0.0 0.0 0.0 0.0 0.0 0.0 0.0 0.0 0.0 0.014103362 0.0 0.0 0.0 0.1273324 0.0 0.0 0.0 0.0 0.0 0.0 0.0 0.0 0.0 0.0 0.019899314 0.039292753 0.09058309 0.1539382 0.0 0.0 0.0
0.0 0.013219833 0.013397871 0.010842675 0.022007918 0.022321297 0.033142306 0.0 0.0 0.11305015 0.025306812 0.18752599 0.0 0.0 0.0 0.0 0.0 0.10778063 0.0 0.048691183 0.0 0.0 0.0 0.0 0.13099094 0.0 0.0 0.0 0.021076042 0.0 0.0 0.0 0.0 0.0 0.087893374 0.0 0.0 0.053569168 0.0 0.0 0.0 0.0 0.0 0.0 0.0 0.0 0.0 0.0 0.0 0.0 0.0 0.0 0.0 0.0 0.0 0.0
0.0 0.0051991735 0.0 0.0 0.0 0.0 0.0 0.0 0.07998242 0.0 0.029759271 0.0 0.008090462 0.003105104 0.0 0.0 0.0059088236 0.073460385 0.0 0.0 0.0 0.0 0.14397025 0.0 0.02349957 0.13073044 0.026521102 0.0 0.0 0.0 0.0 0.0026492923 0.0 0.0 0.0 0.0 0.0 0.0 0.0 0.0 0.07575443 0.0 0.0 0.040579353 0.0 0.036738895 0.043820728 0.0 0.0011787459 0.0 0.08182237 0.0 0.0 0.0 0.03355648 0.0
0.0 0.0 0.0 0.0 0.0 0.0 0.013187393 0.0 0.00157981 0.0 0.0 0.0 0.0 0.0 0.0 0.0 0.0 0.0 0.0 0.0 0.0 0.15027812 0.0 0.012151002 0.0 0.0 0.0 0.0 0.055998765 0.34200343 0.0 0.0 0.0 0.0 0.0 0.0056909965 0.17882009 0.0 0.0 0.0 0.0 0.0 0.0 0.0 0.025668906 0.0 0.04560008 0.26031333 0.0 0.0 0.0 0.027769027 0.0 0.0 0.0 0.0
0.0 0.0 0.031259093 0.0073934747 0.013416109 0.0 0.0 0.0 0.030583179 0.0 0.011944119 0.016853277 0.0 0.035925005 0.0 0.0 0.13512874 0.01576989 0.0 0.0 0.0 0.0 0.0 0.0 0.027107442 0.012619618 0.036699895 0.002603347 0.0 0.0 0.0 0.25172657 0.0 0.0 0.0 0.1757567 0.0 0.053050447 0.0 0.0 0.06460606 0.0 0.0 0.036738895 0.0 0.0 0.0 0.0 0.0 0.0 0.03976175 0.0 0.04892354 0.0 0.0 0.0
0.0 0.0 0.0 0.0 0.0 0.0 0.0 0.14851229 0.0 0.069735356 0.0007213919 0.037470993 0.0 0.0 0.0 0.0 0.04134709 0.0 0.0 0.0 0.0 0.019338176 0.0027186535 0.013482858 0.054275446 0.0 0.0 0.0 0.0062263757 0.0 0.0 0.0 0.0 0.0 0.120219745 0.0 0.0 0.0 0.008266833 0.0 0.0 0.0 0.0 0.04382073 0.04560008 0.0 0.037007194 0.0 0.009796754 0.02848722 0.0 0.06912206 0.06909573 0.0 0.0 0.0
0.048589695 0.0 0.0 0.0 0.041021563 0.0 0.0 0.0523584 0.0 0.037576746 0.0 0.0 0.0 0.00965926 0.0904895 0.0 0.0 0.0 0.0 0.0 0.0 0.0 0.03586652 0.02824765 0.06956341 0.016993834 0.0 0.0 0.0 0.01084925 0.0 0.013758907 0.0 0.0 0.0 0.0 0.025945442 0.021090176 0.021242889 0.0 0.0 0.0 0.0 0.0 0.26031336 0.0 0.0 0.0 0.0 0.13006264 0.0 0.0 0.0 0.0 0.0 0.0
0.0 0.0 0.0 0.0 0.02231843 0.0 0.09536728 0.0 0.048052892 0.0 0.0148795005 0.023178373 0.0 0.0 0.0 0.0 0.0 0.21343657 0.00238964 0.0 0.0 0.0 0.0 0.0 0.06655745 0.0 0.0 0.0 0.23416172 0.01287697 0.0 0.0 0.0 0.005350439 0.0 0.0 0.012730454 0.0 0.0 0.0 0.0 0.0 0.0 0.0011787458 0.0 0.0 0.009796754 0.0 0.0 0.09144077 0.0 0.0 0.0 0.0 0.0 0.03725881
0.0 0.0 0.0 0.0 0.010587935 0.0 0.0 0.0 0.029462526 0.0 0.01870301 0.0 0.0 0.0 0.0 0.0 0.0 0.0 0.0 0.0 0.0 0.0 0.0042237286 0.07329847 0.028414888 0.0 0.0 0.0 0.0 0.0 0.0 0.0 0.011456086 0.029285723 0.0 0.0 0.061615463 0.0 0.2045294 0.0 0.0 0.019899314 0.0 0.0 0.0 0.0 0.02848722 0.13006265 0.09144077 0.193299 0.007997597 0.054218616 0.02455995 0.0 0.0 0.0
0.0 0.0 0.0 0.0 0.0 0.0 0.0 0.0 0.0 0.09909038 0.0 0.0 0.19649273 0.1253022 0.21773417 0.011018916 0.0076354966 0.0 0.0 0.0 0.0 0.0 0.0 0.0 0.0 0.0 0.0 0.03896931 0.123916134 0.0 0.0 0.0 0.0 0.042044647 0.0 0.0 0.0 0.04136536 0.0 0.0 0.0 0.03929275 0.0 0.08182237 0.0 0.03976175 0.0 0.0 0.0 0.007997597 0.0 0.0 0.0 0.0 0.0 0.05854652
0.029992733 0.0 0.0 0.0 0.0 0.03279747 0.0 0.0 0.0 0.0 0.0 0.0 0.011477402 0.0 0.06722012 0.1530464 0.0 0.0 0.0 0.010816431 0.0 0.070936546 0.0 0.0 0.0 0.0 0.0950757 0.0 0.0 0.16295764 0.14674155 0.0 0.0 0.0 0.0 0.0 0.062199213 0.0 0.01811286 0.0 0.0 0.0905831 0.0 0.0 0.027769027 0.0 0.06912206 0.0 0.0 0.054218616 0.0 0.0 0.0 0.027096227 0.0 0.0
0.0 0.0785952 0.19411649 0.0 0.0 0.0 0.0 0.0 0.14926639 0.0 0.0 0.0 0.0 0.0 0.0 0.0 0.06192141 0.013132335 0.0 0.0 0.0 0.0 0.0 0.0 0.08617371 0.0 0.0 0.0 0.0 0.03334223 0.0 0.00600515 0.0 0.0 0.0 0.054488942 0.0 0.0 0.0 0.0 0.0 0.1539382 0.0 0.0 0.0 0.04892354 0.06909573 0.0 0.0 0.02455995 0.0 0.0 0.22870606 0.0 0.0 0.0
0.0 0.068852805 0.05660849 0.0 0.0 0.0 0.0 0.0 0.0 0.024124008 0.1538601 0.0 0.0 0.0 0.0 0.0 0.0 0.0 0.0 0.16053419 0.0 0.016441166 0.0 0.0 0.03755551 0.016495895 0.05039182 0.013780046 0.0 0.0 0.0 0.0 0.0 0.025785455 0.024314996 0.0 0.0 0.0 0.0 0.0 0.0 0.0 0.0 0.0 0.0 0.0 0.0 0.0 0.0 0.0 0.0 0.027096227 0.0 0.09214717 0.071118265 0.0
0.0 0.094618626 0.031247918 0.0 0.032219853 0.0 0.0 0.041666437 0.0 0.009522159 0.031209556 0.0 0.09715737 0.05416658 0.09308897 0.0 0.0 0.0 0.0 0.02330637 0.0 0.0029330028 0.0 0.022463482 0.0 0.068387285 0.08605227 0.039245788 0.0 0.00051405345 0.07928565 0.0 0.0 0.015753703 0.010208453 0.017301455 0.0 0.0 0.0514296 0.022934426 0.0 0.0 0.0 0.03355648 0.0 0.0 0.0 0.0 0.0 0.0 0.0 0.0 0.0 0.071118265 0.0 0.0
0.02112037 0.0 0.0 0.0 0.0 0.037336066 0.0 0.0 0.0 0.0 0.0 0.0 0.0 0.0 0.0 0.0 0.0 0.0 0.0 0.18284985 0.0 0.15780771 0.16139348 0.0 0.0 0.0 0.06328758 0.0 0.0 0.0 0.0 0.0 0.22192256 0.0 0.040241826 0.0 0.0 0.0 0.0 0.0 0.0 0.0 0.0 0.0 0.0 0.0 0.0 0.0 0.037258815 0.0 0.05854652 0.0 0.0 0.0 0.0 0.0
