0.0 0.0 0.0 0.0 0.0 0.0 0.0 0.0 0.0 0.008284682 0.0 0.0 0.0 0.0 0.16217433 0.0 0.0 0.017327338 0.0070496756 0.0 0.0 0.013922789 0.0 0.10441912 0.0 0.0 0.0 0.010190268 0.0 0.012690597 0.15630604 0.0 0.11078634 0.0 0.0 0.0 0.057634674 0.0 0.028012862 0.021141123 0.0 0.030586464 0.0 0.094568014 0.0612657 0.0 0.0 0.0059324633 0.08728473 0.12789486 0.0 0.0 0.0 0.054338664 0.0 0.016138291
0.0 0.0 0.0 0.0568629 0.0 0.0 0.0 0.00014818675 0.004581978 0.0 0.0 0.0 0.018040463 0.02500496 0.0 0.0 0.0 0.0 0.0 0.0 0.0 0.0 0.0 0.0 0.0 0.23535487 0.0 0.0 0.0 0.0 0.0 0.1519536 0.0 0.0 0.0 0.0 0.0 0.0 0.0 0.006016794 0.008172137 0.0 0.07574975 0.087466195 0.0 0.056968972 0.0 0.0 0.00371083 0.0 0.0 0.0 0.0 0.0 0.070756175 0.0
0.0 0.0 0.05678399 0.011487645 0.11074914 0.0 0.007950016 0.09479816 0.15718788 0.0 0.06411076 0.0 0.0 0.03699596 0.0 0.0 0.0 0.0 0.0 0.0 0.019912971 0.0 0.0 0.0 0.050829776 0.0 0.0 0.0 0.0 0.039202746 0.0 0.13877396 0.0 0.0 0.0 0.1067904 0.0 0.009987475 0.0 0.0 0.0 0.0 0.0 0.0 0.0 0.0 0.0 0.0 0.0 0.0 0.0 0.0 0.0444797 0.0 0.0 0.0
0.0 0.0568629 0.011487644 0.0 0.15597656 0.0 0.0 0.0 0.13202086 0.0 0.006209779 0.0 0.0 0.0 0.0 0.0 0.18417746 0.04603624 0.0 0.0 0.027813677 0.0 0.0 0.0 0.013220089 0.0 0.0 0.0 0.0 0.0 0.0 0.01618618 0.0 0.0 0.0 0.029602371 0.0 0.0 0.0 0.0 0.0 0.013517741 0.0 0.0 0.0 0.0 0.04626647 0.0 0.04518615 0.14747657 0.0 0.0 0.05476172 0.0 0.0 0.0
0.0 0.0 0.11074914 0.15597656 0.0 0.0 0.015059037 0.0 0.12243664 0.0 0.0 0.0 0.10265201 0.0 0.0 0.0 0.0 0.017710375 0.0 0.0 0.0 0.0 0.0 0.0 0.009178875 0.0 0.0 0.0 0.0 0.021543158 0.016916415 0.0317232 0.0 0.0 0.0 0.0 0.0 0.0 0.0 0.0046383603 0.0 0.014779703 0.0 0.0 0.0 0.0 0.19342785 0.031332716 0.0 0.0 0.0 0.0 0.0 0.02187415 0.049670283 0.0
0.0 0.0 0.0 0.0 0.0 0.0 0.0 0.0 0.13314304 0.0 0.045600947 0.0 0.0 0.0 0.0 0.0 0.022917911 0.0 0.0 0.0 0.0 0.0 0.0 0.0 0.041241705 0.0 0.0 0.0 0.0 0.028352214 0.0 0.008907827 0.0 0.0 0.0 0.011892132 0.0 0.0 0.0 0.0 0.07906106 0.06393575 0.0 0.078596614 0.05279254 0.0 0.031659957 0.081365444 0.03028581 0.113499 0.051064968 0.0 0.0 0.0 0.0 0.0
0.0 0.0 0.007950016 0.0 0.015059036 0.0 0.03379367 0.087134086 0.0 0.050636616 0.0 0.0 0.0 0.0 0.0 0.0 0.12016699 0.0 0.0 0.0 0.09261139 0.0 0.0 0.0 0.04872418 0.0 0.0 0.0 0.03829563 0.04997381 0.0 0.0 0.028000686 0.0 0.0 0.0 0.013608489 0.0 0.0 0.0 0.0 0.0 0.0 0.0 0.012109481 0.0 0.0 0.0 0.0 0.113572925 0.0 0.0 0.0078072576 0.0 0.0 0.11108556
0.0 0.00014818675 0.09479816 0.0 0.0 0.0 0.08713409 0.0 0.0 0.057838436 0.0 0.21028054 0.0 0.0 0.0 0.0 0.0 0.0 0.0 0.017079694 0.0 0.019440915 0.108525075 0.013224216 0.01203623 0.0 0.0 0.032054532 0.015332611 0.13990961 0.07244748 0.0 0.16425793 0.0 0.0 0.0 0.022815693 0.0 0.05176793 0.0 0.0 0.0 0.0 0.0 0.0 0.0 0.0 0.0 0.0013695613 0.0 0.0 0.0 0.0 0.0 0.0 0.0
0.0 0.004581978 0.15718788 0.13202086 0.12243664 0.13314304 0.0 0.0 0.0 0.007195811 0.0 0.0 0.0 0.0 0.0 0.022825018 0.053646464 0.0 0.0 0.11951979 0.040741377 0.0 0.0 0.0 0.008584787 0.034733277 0.0 0.0 0.0 0.0 0.0 0.0 0.0 0.0 0.0 0.0 0.0 0.0 0.0 0.0 0.0 0.0 0.11852164 0.0 0.0 0.0 0.059957795 0.029316466 0.0 0.0 0.0 0.0 0.0 0.0 0.0 0.0
0.0082846815 0.0 0.0 0.0 0.0 0.0 0.050636616 0.057838436 0.007195811 0.0 0.0 0.0 0.0 0.0073072976 0.0056727044 0.0 0.0 0.059100498 0.0 0.0 0.0 0.0 0.008037475 0.0 0.0 0.0 0.0 0.0 0.037754543 0.0 0.054896466 0.0 0.0 0.1643865 0.058431752 0.0 0.051551167 0.0 0.0 0.0 0.021354755 0.08440946 0.0 0.016481774 0.03274046 0.0 0.03389803 0.0 0.0 0.0 0.0 0.06082043 0.0 0.30330372 0.0 0.0
0.0 0.0 0.06411076 0.006209779 0.0 0.045600947 0.0 0.0 0.0 0.0 0.067335606 0.0 0.0 0.0 0.0 0.0 0.0 0.018389482 0.0 0.05001869 0.0 0.0 0.0 0.02066073 0.0030917635 0.0 0.0 0.0 0.0 0.06694897 0.057463076 0.0 0.0 0.0 0.0088414885 0.0 0.0 0.0 0.15072395 0.0 0.0 0.0 0.0 0.13280502 0.057558548 0.0 0.05058324 0.09152854 0.0 0.026204493 0.0 0.032419294 0.0 0.0 0.0 0.0
0.0 0.0 0.0 0.0 0.0 0.0 0.0 0.21028054 0.0 0.0 0.0 0.0 0.0 0.010907932 0.0 0.0 0.0 0.0 0.0 0.0 0.0 0.0 0.0061018676 0.11304862 0.0 0.0 0.025642272 0.0 0.0 0.0047180713 0.0 0.06818065 0.0 0.0 0.0 0.0 0.0 0.0 0.0 0.0 0.08257616 0.0 0.0 0.0 0.0 0.0 0.0 0.09018269 0.0 0.0 0.10691622 0.10374697 0.0 0.0 0.0 0.0
0.0 0.018040461 0.0 0.0 0.102652006 0.0 0.0 0.0 0.0 0.0 0.0 0.0 0.20324261 0.0 0.0 0.10197629 0.0 0.0 0.07299894 0.04836401 0.017076897 0.043303844 0.0 0.0 0.0 0.012331506 0.0 0.0 0.0 0.0 0.0 0.0 0.01971206 0.0 0.0 0.0 0.0 0.0 0.0 0.12557268 0.0 0.0 0.11966895 0.0 0.0 0.0 0.0 0.0 0.0 0.0 0.031501215 0.0 0.0 0.0 0.09922618 0.0
0.0 0.02500496 0.03699596 0.0 0.0 0.0 0.0 0.0 0.0 0.0073072976 0.0 0.010907932 0.0 0.015703753 0.0057099606 0.09424626 0.0 0.05392949 0.030149078 0.025590112 0.012348572 0.11265925 0.074226886 0.0 0.0 0.0038080467 0.0 0.02218527 0.0 0.0 0.0 0.0 0.18415222 0.0 0.0 0.0 0.0 0.0 0.11498487 0.034476064 0.0 0.0 0.086419344 0.0 0.0 0.0 0.0 0.04095904 0.0 0.0 0.0 0.0 0.0 0.0 0.014126085 0.0
0.16217431 0.0 0.0 0.0 0.0 0.0 0.0 0.0 0.0 0.0056727044 0.0 0.0 0.0 0.00570996 0.0 0.0 0.0 0.0 0.0 0.0 0.0 0.0 0.043553118 0.0 0.0 0.05099314 0.0 0.02228725 0.0 0.0 0.0 0.0 0.0 0.0 0.057725407 0.0 0.056382783 0.015744427 0.0 0.0 0.093671925 0.0 0.0 0.026050393 0.0 0.0 0.0 0.04233695 0.0 0.029198466 0.035943624 0.0064745615 0.0 0.0 0.0054556536 0.0
0.0 0.0 0.0 0.0 0.0 0.0 0.0 0.0 0.022825018 0.0 0.0 0.0 0.1019763 0.09424627 0.0 0.0 0.0 0.004702487 0.010008761 0.0 0.0 0.0058013964 0.0 0.0 0.0 0.0 0.0 0.0 0.0 0.0 0.0 0.0 0.0 0.080552526 0.0 0.03920521 0.0 0.0 0.0 0.14183418 0.038320515 0.028398057 0.0 0.05205585 0.0 0.0 0.0 0.0 0.2502222 0.007158227 0.0 0.0 0.0 0.0 0.0 0.03843489
0.0 0.0 0.0 0.18417747 0.0 0.022917911 0.120166995 0.0 0.05364646 0.0 0.0 0.0 0.0 0.0 0.0 0.0 0.0 0.0 0.005199162 0.0 0.115999825 0.0 0.0 0.0 0.07582299 0.0 0.0 0.0 0.014988413 0.11508017 0.0 0.03143045 0.018505277 0.0 0.0 0.0 0.0 0.022082599 0.0 0.0 0.0 0.08728977 0.06614058 0.0 0.0 0.0 0.011559917 0.0 0.013179182 0.0 0.0 0.0 0.11455862 0.0 0.0 0.0
0.01732734 0.0 0.0 0.04603624 0.017710373 0.0 0.0 0.0 0.0 0.059100498 0.01838948 0.0 0.0 0.05392949 0.0 0.004702487 0.0 0.0 0.0 0.0 0.030845921 0.0 0.0 0.0 0.0 0.23960912 0.0055892463 0.015796285 0.046036128 0.0 0.0 0.0 0.0 0.0 0.02354897 8.228271e-05 0.0 0.0042950534 0.0 0.0 0.0 0.0 0.0 0.0 0.04671416 0.0 0.011331645 0.11966415 0.0 0.018064028 0.0 0.0142536815 0.0 0.0 0.10674721 0.0
0.0070496756 0.0 0.0 0.0 0.0 0.0 0.0 0.0 0.0 0.0 0.0 0.0 0.07299894 0.030149078 0.0 0.010008761 0.005199162 0.0 0.0 0.0 0.09683116 0.0 0.0 0.0 0.0 0.0 0.0 0.0 0.015058539 0.003569909 0.0 0.0 0.0 0.08577064 0.0 0.0 0.0 0.0 0.0 0.0 0.10944144 0.048364066 0.06094847 0.0 0.0 0.0 0.0 0.0 0.0 0.0 0.0 0.013330381 0.0 0.3087477 0.0 0.14165361
0.0 0.0 0.0 0.0 0.0 0.0 0.0 0.017079694 0.1195198 0.0 0.050018687 0.0 0.04836401 0.025590112 0.0 0.0 0.0 0.0 0.0 0.0 0.0 0.0 0.014469347 0.062114306 0.0 0.029539613 0.016386714 0.003487283 0.0 0.0 0.067146264 0.023457676 0.0 0.0 0.0 0.0 0.0 0.04176236 0.0 0.03298204 0.06499999 0.09601266 0.0 0.0 0.0 0.0 0.0 0.0 0.034942567 0.0 0.09140626 0.10375011 0.0 0.0 0.0 0.0
0.0 0.0 0.019912971 0.027813677 0.0 0.0 0.09261139 0.0 0.04074138 0.0 0.0 0.0 0.017076897 0.012348572 0.0 0.0 0.115999825 0.030845921 0.09683116 0.0 0.0 0.0 0.0 0.0 0.01627638 0.0 0.0 0.0 0.06541494 0.0 0.0 0.0931221 0.0 0.0 0.0 0.053045567 0.0 0.012686586 0.0 0.0 0.002528432 0.12134286 0.0 0.0 0.0 0.0 0.04545457 0.0 0.0 0.032868017 0.0 0.0 0.0 0.0 0.0 0.030336443
0.013922789 0.0 0.0 0.0 0.0 0.0 0.0 0.019440915 0.0 0.0 0.0 0.0 0.043303844 0.11265926 0.0 0.005801397 0.0 0.0 0.0 0.0 0.0 0.0 0.0 0.06980854 0.0 0.0 0.0 0.021761779 0.07215231 0.0 0.0 0.0 0.0 0.005880389 0.025606226 0.0 0.045670073 0.0 0.0 0.0 0.15278742 0.1213144 0.0 0.0 0.0 0.0 0.0 0.0 0.0 0.0 0.017742058 0.0 0.0 0.0 0.0 0.18699867
0.0 0.0 0.0 0.0 0.0 0.0 0.0 0.108525075 0.0 0.008037475 0.0 0.006101867 0.0 0.074226886 0.043553114 0.0 0.0 0.0 0.0 0.014469347 0.0 0.0 0.09530619 0.004631225 0.0 0.0 0.06206176 0.0536488 0.0 0.0 0.0 0.0 0.0 0.029085126 0.09201999 0.0 0.13123268 0.0 0.032569606 0.0 0.007944689 0.0 0.0 0.0 0.15510306 0.030027084 0.0 0.037955076 0.035185765 0.0 0.0 0.050103463 0.0 0.0 0.0 0.0
0.10441912 0.0 0.0 0.0 0.0 0.0 0.0 0.013224217 0.0 0.0 0.02066073 0.11304863 0.0 0.0 0.0 0.0 0.0 0.0 0.0 0.062114302 0.0 0.06980854 0.0046312255 0.16731365 0.0 0.0 0.0 0.0 0.078634635 0.01395022 0.029227879 0.0 0.0 0.0 0.12561628 0.026475748 0.10378628 0.01649334 0.0 0.0 0.0 0.0 0.0 0.0 0.13803546 0.0049436893 0.0 0.0 0.0 0.0 0.0 0.035806485 0.0 0.0 0.0 0.0
0.0 0.0 0.050829772 0.013220089 0.009178874 0.041241705 0.04872418 0.012036231 0.008584788 0.0 0.0030917637 0.0 0.0 0.0 0.0 0.0 0.075822994 0.0 0.0 0.0 0.01627638 0.0 0.0 0.0 0.09173057 0.0 0.0 0.0 0.0 0.06966881 0.016332733 0.17561868 0.042267255 0.0 0.0 0.00032386018 0.0 0.0 0.11172485 0.0 0.0 0.0 0.056757387 0.0 0.0 0.0 0.0838275 0.04006331 0.0 0.0 0.0 0.0 0.07002428 0.0 0.0 0.0
0.0 0.23535487 0.0 0.0 0.0 0.0 0.0 0.0 0.034733277 0.0 0.0 0.0 0.012331506 0.0038080467 0.05099314 0.0 0.0 0.23960912 0.0 0.029539615 0.0 0.0 0.0 0.0 0.0 0.0041434304 0.0 0.0 0.0 0.0 0.0 0.0 0.024386723 0.07999996 0.0 0.0 0.0 0.0 0.04310683 0.113005996 0.0 0.0 0.057112474 0.00406267 0.0 0.0 0.05719603 0.0 0.005359693 0.0 0.0 0.0 0.0 0.0 0.0 0.13899495
0.0 0.0 0.0 0.0 0.0 0.0 0.0 0.0 0.0 0.0 0.0 0.02564227 0.0 0.0 0.0 0.0 0.0 0.005589246 0.0 0.016386714 0.0 0.0 0.062061757 0.0 0.0 0.0 0.32971102 0.04902031 0.0 0.0 0.011245722 0.0 0.0 0.0 0.0 0.0 0.0 0.17427883 0.0 0.0 0.0 0.0 0.0 0.0 0.0 0.030148443 0.042397004 0.06536632 0.048774242 0.0 0.05228271 0.0 0.0 0.0 0.03705673 0.0
0.010190268 0.0 0.0 0.0 0.0 0.0 0.0 0.032054532 0.0 0.0 0.0 0.0 0.0 0.02218527 0.02228725 0.0 0.0 0.015796285 0.0 0.003487283 0.0 0.021761779 0.0536488 0.0 0.0 0.0 0.04902031 0.039841004 0.0 0.0 0.0 0.0 0.0 0.07296762 0.08483204 0.0 0.18266533 0.0 0.007059512 0.0 0.0 0.0 0.0 0.0 0.17903385 0.0 0.023812367 0.0 0.0 0.011957535 0.051307898 0.10985441 0.0 0.0 0.021666937 0.0
0.0 0.0 0.0 0.0 0.0 0.0 0.038295627 0.015332611 0.0 0.037754543 0.0 0.0 0.0 0.0 0.0 0.0 0.014988413 0.04603613 0.015058539 0.0 0.06541494 0.07215231 0.0 0.078634635 0.0 0.0 0.0 0.0 0.07672571 0.08668226 0.14695783 0.0 0.0 0.0 0.0 0.0 0.0 0.0 0.0 0.0 0.0 0.0 0.046468735 0.0 0.0 0.023361577 0.0 0.0 0.0 0.0 0.0 0.0 0.0 0.016610736 0.01584487 0.0
0.012690597 0.0 0.03920275 0.0 0.021543158 0.028352214 0.049973805 0.13990961 0.0 0.0 0.06694897 0.004718071 0.0 0.0 0.0 0.0 0.11508016 0.0 0.003569909 0.0 0.0 0.0 0.0 0.01395022 0.06966881 0.0 0.0 0.0 0.08668227 0.12636778 0.0 0.010322317 0.0 0.0 0.0 0.012260206 0.0 0.0 0.0 0.0 0.029903686 0.0 0.0 0.02691795 0.0 0.0 0.03982161 0.041893344 0.0 0.0 0.0 0.0 0.098851964 0.0 0.019543022 0.0
0.15630603 0.0 0.0 0.0 0.016916415 0.0 0.0 0.07244747 0.0 0.054896466 0.05746308 0.0 0.0 0.0 0.0 0.0 0.0 0.0 0.0 0.067146264 0.0 0.0 0.0 0.02922788 0.016332733 0.0 0.011245722 0.0 0.14695783 0.0 0.0 0.0 0.0 0.0075687286 0.10396041 0.05158071 0.02567052 0.04156869 0.0 0.0 0.0 0.0 0.0 0.0 0.068712234 0.0 0.07485988 0.01777481 0.0 0.0 0.0 0.056886375 0.0 0.0 0.0 0.0
0.0 0.15195358 0.13877396 0.01618618 0.0317232 0.008907827 0.0 0.0 0.0 0.0 0.0 0.06818064 0.0 0.0 0.0 0.0 0.03143045 0.0 0.0 0.023457676 0.09312211 0.0 0.0 0.0 0.17561868 0.0 0.0 0.0 0.0 0.010322317 0.0 0.0 0.0 0.0 0.0 0.0 0.0 0.0 0.13453107 0.0 0.0 0.025136262 0.0 0.0 0.0 0.0 0.015019431 0.0027889018 0.0 0.0 0.0 0.0 0.28251174 0.0 0.0 0.0
0.11078634 0.0 0.0 0.0 0.0 0.0 0.028000686 0.16425794 0.0 0.0 0.0 0.0 0.019712063 0.18415222 0.0 0.0 0.018505277 0.0 0.0 0.0 0.0 0.0 0.0 0.0 0.04226725 0.02438672 0.0 0.0 0.0 0.0 0.0 0.0 0.0 0.03186417 0.0 0.013200903 0.0 0.0 0.0 0.0 0.14321539 0.0 0.0 0.032287702 0.015599736 0.0 0.0 0.0 0.083505325 0.045976866 0.0 0.0 0.0 0.0 0.0 0.0
0.0 0.0 0.0 0.0 0.0 0.0 0.0 0.0 0.0 0.1643865 0.0 0.0 0.0 0.0 0.0 0.08055253 0.0 0.0 0.08577063 0.0 0.0 0.0058803884 0.029085124 0.0 0.0 0.07999996 0.0 0.072967626 0.0 0.0 0.0075687286 0.0 0.03186417 0.0 0.02338499 0.0 0.056954674 0.013339253 0.0 0.0 0.0 0.0 0.052203134 0.0 0.0 0.0 0.0 0.0 0.0 0.0 0.084303625 0.029579327 0.0 0.0 0.06049118 0.0
0.0 0.0 0.0 0.0 0.0 0.0 0.0 0.0 0.0 0.058431752 0.0088414885 0.0 0.0 0.0 0.057725407 0.0 0.0 0.02354897 0.0 0.0 0.0 0.025606226 0.09201999 0.12561628 0.0 0.0 0.0 0.08483204 0.0 0.0 0.10396042 0.0 0.0 0.02338499 0.0 0.05717911 0.0053760326 0.083176106 0.0 0.0 0.0 0.04905801 0.0 0.0 0.0 0.120298535 0.0 0.0 0.0 0.0 0.0 0.13498078 0.0 0.014379122 0.0 0.0
0.0 0.0 0.1067904 0.02960237 0.0 0.011892132 0.0 0.0 0.0 0.0 0.0 0.0 0.0 0.0 0.0 0.03920521 0.0 8.228271e-05 0.0 0.0 0.053045567 0.0 0.0 0.026475746 0.00032386018 0.0 0.0 0.0 0.0 0.012260206 0.051580712 0.0 0.013200903 0.0 0.05717911 0.0 0.0 0.0428114 0.0 0.0 0.0 0.0056339237 0.06129602 0.0 0.0 0.0 0.0 0.0 0.0 0.0 0.0 0.038079508 0.0 0.0 0.22103329 0.0
0.057634674 0.0 0.0 0.0 0.0 0.0 0.013608489 0.022815695 0.0 0.051551167 0.0 0.0 0.0 0.0 0.056382783 0.0 0.0 0.0 0.0 0.0 0.0 0.045670073 0.13123268 0.10378628 0.0 0.0 0.0 0.18266533 0.0 0.0 0.02567052 0.0 0.0 0.05695468 0.0053760326 0.0 0.0 0.0 0.0 0.034890316 0.0 0.021034185 0.0 0.18331867 0.018801792 0.0 0.0 0.0 0.0 0.0 0.0 0.10488109 0.0 0.0 0.0 0.0
0.0 0.0 0.009987476 0.0 0.0 0.0 0.0 0.0 0.0 0.0 0.0 0.0 0.0 0.0 0.01574443 0.0 0.022082599 0.0042950534 0.0 0.04176236 0.012686586 0.0 0.0 0.016493337 0.0 0.0 0.17427883 0.0 0.0 0.0 0.041568685 0.0 0.0 0.013339253 0.083176106 0.042811405 0.0 0.0 0.006727049 0.0 0.0 0.0 0.0 0.048513237 0.0 0.0 0.17680264 0.0 0.02140442 0.0 0.0 0.0 0.080262356 0.0 0.0 0.0
0.028012862 0.0 0.0 0.0 0.0 0.0 0.0 0.05176793 0.0 0.0 0.15072396 0.0 0.0 0.11498487 0.0 0.0 0.0 0.0 0.0 0.0 0.0 0.0 0.032569602 0.0 0.11172485 0.043106835 0.0 0.007059512 0.0 0.0 0.0 0.13453108 0.0 0.0 0.0 0.0 0.0 0.0067270496 0.0 0.0 0.0643677 0.0 0.0 0.0 0.0 0.0 0.0 0.0 0.0 0.0 0.08107511 0.0 0.10700873 0.0 0.0 0.0
0.021141123 0.0060167946 0.0 0.0 0.0046383603 0.0 0.0 0.0 0.0 0.0 0.0 0.0 0.12557268 0.034476068 0.0 0.14183418 0.0 0.0 0.0 0.03298204 0.0 0.0 0.0 0.0 0.0 0.113005996 0.0 0.0 0.0 0.0 0.0 0.0 0.0 0.0 0.0 0.0 0.034890313 0.0 0.0 0.075655244 0.0 0.0 0.21114025 0.0 0.0 0.00649655 0.0 0.0 0.0 0.0 0.0 0.0 0.0 0.0 0.18275777 0.051384833
0.0 0.008172137 0.0 0.0 0.0 0.07906106 0.0 0.0 0.0 0.021354754 0.0 0.08257617 0.0 0.0 0.09367192 0.03832052 0.0 0.0 0.10944144 0.06499999 0.002528432 0.15278742 0.00794469 0.0 0.0 0.0 0.0 0.0 0.0 0.029903684 0.0 0.0 0.14321537 0.0 0.0 0.0 0.0 0.0 0.06436769 0.0 0.0 0.0 0.026393037 0.0 0.043750387 0.0 0.0 0.0 0.0 0.06913881 0.0 0.0 0.0 0.0 0.07570458 0.0
0.030586462 0.0 0.0 0.013517741 0.014779703 0.06393575 0.0 0.0 0.0 0.08440946 0.0 0.0 0.0 0.0 0.0 0.028398057 0.08728978 0.0 0.048364066 0.09601267 0.12134287 0.12131441 0.0 0.0 0.0 0.0 0.0 0.0 0.0 0.0 0.0 0.025136262 0.0 0.0 0.04905801 0.0056339237 0.021034187 0.0 0.0 0.0 0.0 0.0 0.03482663 0.0 0.0 0.0 0.0 0.0 0.0 0.0 0.019304775 0.0 0.0 0.0 0.05000426 0.0
0.0 0.07574975 0.0 0.0 0.0 0.0 0.0 0.0 0.11852164 0.0 0.0 0.0 0.11966896 0.086419344 0.0 0.0 0.06614058 0.0 0.06094847 0.0 0.0 0.0 0.0 0.0 0.056757387 0.057112474 0.0 0.0 0.046468735 0.0 0.0 0.0 0.0 0.052203134 0.0 0.06129602 0.0 0.0 0.0 0.21114025 0.026393037 0.034826633 0.0 0.027994871 0.0 0.0 0.0 0.0 0.0 0.0 0.0 0.0 0.0 0.0 0.0084305545 0.0
0.094568014 0.08746619 0.0 0.0 0.0 0.07859661 0.0 0.0 0.0 0.016481776 0.13280502 0.0 0.0 0.0 0.02605039 0.052055847 0.0 0.0 0.0 0.0 0.0 0.0 0.0 0.0 0.0 0.00406267 0.0 0.0 0.0 0.02691795 0.0 0.0 0.0322877 0.0 0.0 0.0 0.18331867 0.048513237 0.0 0.0 0.0 0.0 0.027994871 0.0 0.0 0.0 0.0 0.0 0.0 0.0 0.1782291 0.0 0.003498336 0.0 0.0 0.0
0.061265696 0.0 0.0 0.0 0.0 0.052792538 0.012109481 0.0 0.0 0.03274046 0.057558548 0.0 0.0 0.0 0.0 0.0 0.0 0.04671416 0.0 0.0 0.0 0.0 0.15510306 0.13803546 0.0 0.0 0.0 0.17903383 0.0 0.0 0.06871223 0.0 0.015599735 0.0 0.0 0.0 0.018801792 0.0 0.0 0.0 0.043750387 0.0 0.0 0.0 0.013561614 0.0 0.0 0.0 0.05899621 0.024043124 0.061367426 0.013782546 0.0 0.0 0.0 0.0
0.0 0.056968976 0.0 0.0 0.0 0.0 0.0 0.0 0.0 0.0 0.0 0.0 0.0 0.0 0.0 0.0 0.0 0.0 0.0 0.0 0.0 0.0 0.030027084 0.004943689 0.0 0.0 0.030148443 0.0 0.023361577 0.0 0.0 0.0 0.0 0.0 0.120298535 0.0 0.0 0.0 0.0 0.0064965496 0.0 0.0 0.0 0.0 0.0 0.0 0.08359262 0.34914282 0.0 0.0 0.0 0.0016545403 0.020434238 0.0 0.0 0.0
0.0 0.0 0.0 0.046266474 0.19342785 0.031659957 0.0 0.0 0.05995779 0.03389803 0.05058324 0.0 0.0 0.0 0.0 0.0 0.011559917 0.011331645 0.0 0.0 0.04545457 0.0 0.0 0.0 0.0838275 0.057196025 0.042397004 0.023812365 0.0 0.03982161 0.07485988 0.015019432 0.0 0.0 0.0 0.0 0.0 0.17680264 0.0 0.0 0.0 0.0 0.0 0.0 0.0 0.08359263 0.0 0.0 0.0 0.0 0.0 0.0 0.0 0.0 0.0 0.0
0.0059324633 0.0 0.0 0.0 0.031332716 0.08136544 0.0 0.0 0.029316466 0.0 0.091528535 0.09018269 0.0 0.04095904 0.04233695 0.0 0.0 0.11966414 0.0 0.0 0.0 0.0 0.03795508 0.0 0.040063314 0.0 0.06536632 0.0 0.0 0.041893344 0.017774811 0.002788902 0.0 0.0 0.0 0.0 0.0 0.0 0.0 0.0 0.0 0.0 0.0 0.0 0.0 0.3491428 0.0 0.0 0.0979251 0.0 0.014122819 0.0 0.0 0.0 0.0 0.0
0.08728473 0.0037108297 0.0 0.04518615 0.0 0.03028581 0.0 0.0013695613 0.0 0.0 0.0 0.0 0.0 0.0 0.0 0.2502222 0.013179182 0.0 0.0 0.034942567 0.0 0.0 0.035185765 0.0 0.0 0.0053596925 0.048774242 0.0 0.0 0.0 0.0 0.0 0.083505325 0.0 0.0 0.0 0.0 0.02140442 0.0 0.0 0.0 0.0 0.0 0.0 0.05899621 0.0 0.0 0.0979251 0.0 0.0 0.16321264 0.0 0.0 0.0 0.0 0.0
0.12789486 0.0 0.0 0.14747655 0.0 0.113499 0.113572925 0.0 0.0 0.0 0.026204491 0.0 0.0 0.0 0.029198466 0.0071582263 0.0 0.018064028 0.0 0.0 0.032868017 0.0 0.0 0.0 0.0 0.0 0.0 0.011957535 0.0 0.0 0.0 0.0 0.045976866 0.0 0.0 0.0 0.0 0.0 0.0 0.0 0.06913882 0.0 0.0 0.0 0.024043124 0.0 0.0 0.0 0.0 0.0 0.12274511 0.0 0.0 0.0 0.0 0.0
0.0 0.0 0.0 0.0 0.0 0.051064968 0.0 0.0 0.0 0.0 0.0 0.10691621 0.031501215 0.0 0.035943624 0.0 0.0 0.0 0.0 0.09140627 0.0 0.017742058 0.0 0.0 0.0 0.0 0.05228271 0.051307898 0.0 0.0 0.0 0.0 0.0 0.084303625 0.0 0.0 0.0 0.0 0.08107512 0.0 0.0 0.019304775 0.0 0.1782291 0.061367426 0.0 0.0 0.014122818 0.16321266 0.122745104 0.0 0.0 0.0 0.0 0.0 0.012492379
0.0 0.0 0.0 0.0 0.0 0.0 0.0 0.0 0.0 0.06082043 0.032419294 0.10374697 0.0 0.0 0.0064745615 0.0 0.0 0.0142536815 0.01333038 0.10375011 0.0 0.0 0.05010346 0.035806485 0.0 0.0 0.0 0.10985441 0.0 0.0 0.05688638 0.0 0.0 0.029579328 0.1349808 0.038079508 0.10488109 0.0 0.0 0.0 0.0 0.0 0.0 0.0 0.013782546 0.0016545403 0.0 0.0 0.0 0.0 0.0 0.11686963 0.0 0.024199115 0.008318055 0.0
0.0 0.0 0.0444797 0.05476172 0.0 0.0 0.007807257 0.0 0.0 0.0 0.0 0.0 0.0 0.0 0.0 0.0 0.11455862 0.0 0.0 0.0 0.0 0.0 0.0 0.0 0.070024274 0.0 0.0 0.0 0.0 0.098851964 0.0 0.2825117 0.0 0.0 0.0 0.0 0.0 0.08026236 0.10700874 0.0 0.0 0.0 0.0 0.003498336 0.0 0.020434238 0.0 0.0 0.0 0.0 0.0 0.0 0.06937006 0.0 0.0 0.0
0.054338664 0.0 0.0 0.0 0.02187415 0.0 0.0 0.0 0.0 0.30330372 0.0 0.0 0.0 0.0 0.0 0.0 0.0 0.0 0.3087477 0.0 0.0 0.0 0.0 0.0 0.0 0.0 0.0 0.0 0.016610736 0.0 0.0 0.0 0.0 0.0 0.014379122 0.0 0.0 0.0 0.0 0.0 0.0 0.0 0.0 0.0 0.0 0.0 0.0 0.0 0.0 0.0 0.0 0.024199113 0.0 0.0 0.027781755 0.06303664
0.0 0.070756175 0.0 0.0 0.04967028 0.0 0.0 0.0 0.0 0.0 0.0 0.0 0.099226184 0.014126085 0.0054556536 0.0 0.0 0.10674721 0.0 0.0 0.0 0.0 0.0 0.0 0.0 0.0 0.03705673 0.021666938 0.01584487 0.019543022 0.0 0.0 0.0 0.060491174 0.0 0.22103329 0.0 0.0 0.0 0.18275777 0.07570458 0.050004255 0.0084305545 0.0 0.0 0.0 0.0 0.0 0.0 0.0 0.0 0.008318055 0.0 0.027781755 0.0 0.05155093
0.016138291 0.0 0.0 0.0 0.0 0.0 0.11108556 0.0 0.0 0.0 0.0 0.0 0.0 0.0 0.0 0.03843489 0.0 0.0 0.1416536 0.0 0.030336443 0.18699867 0.0 0.0 0.0 0.13899496 0.0 0.0 0.0 0.0 0.0 0.0 0.0 0.0 0.0 0.0 0.0 0.0 0.0 0.051384833 0.0 0.0 0.0 0.0 0.0 0.0 0.0 0.0 0.0 0.0 0.012492379 0.0 0.0 0.06303664 0.05155093 0.16161966
