0.0 0.0 0.053921513 0.0 0.0 0.0 0.09038418 0.0 0.0 0.0 0.0 0.0 0.0 0.0 0.05669135 0.0 0.13069512 0.0 0.0 0.0 0.0 0.07593546 0.024007352 0.0 0.0 0.009003643 0.0 0.0 0.0 0.0 0.0 0.0 0.10792527 0.0 0.008724614 0.0 0.07156244 0.0 0.0 0.0 0.06075011 0.0 0.0 0.058343686 0.0 0.0028580646 0.0 0.13173856 0.19152156 0.049208082 0.0 0.002491567 0.0 0.10974884 0.0 0.0
0.0 0.0 0.0 0.0 0.0 0.0 0.0 0.013704366 0.0 0.019318368 0.0 0.0 0.0 0.0 0.0 0.101244345 0.0 0.092667885 0.0 0.052257378 0.0 0.0 0.0 0.002556807 0.24976698 0.0 0.0 0.0 0.13659118 0.0 0.0048339986 0.0 0.0 0.020727823 0.0 0.0 0.0 0.0 0.0 0.0 0.0 0.0 0.0 0.0 0.0 0.0 0.0 0.0 0.0 0.0 0.0 0.0 0.0 0.0 0.022055995 0.0
0.053921513 0.0 0.0 0.0 0.0 0.08228402 0.0 0.0 0.0 0.0 0.0 0.0 0.026515605 0.0 0.008897461 0.007796637 0.0 0.05160213 0.061083697 0.033245232 0.030528078 0.0 0.073671356 0.0077725025 0.006554699 0.027059898 0.07752824 0.040327568 0.0 0.0 0.03747473 0.03716677 0.083260804 0.0 0.0 0.0 0.0 0.0 0.016070519 0.08313585 0.009264784 0.0 0.033290688 0.0 0.0 0.0 0.0 0.0 0.0 0.0 0.0 0.0 0.0 0.014175178 0.06592278 0.0
0.0 0.0 0.0 0.05694191 0.0 0.005598791 0.0 0.0 0.17515983 0.0 0.0 0.07147008 0.056128256 0.0 0.0 0.0 0.0 0.0 0.009078565 0.0 0.004198653 0.0 0.0 0.0 0.0058515985 0.0 0.0 0.0 0.0 0.13554482 0.07055009 0.022552194 0.0 0.006959109 0.0 0.0 0.0 0.0 0.0 0.042397406 0.0 0.1582424 0.050255656 0.0 0.0 0.05095433 0.012687688 0.0 0.0 0.0 0.0 0.0 0.0 0.0 0.063276805 0.0
0.0 0.0 0.0 0.0 0.0 0.03919833 0.0 0.0 0.20381662 0.0135729015 0.0 0.0 0.0 0.0 0.0 0.1192996 0.0 0.0 0.0 0.0 0.19865067 0.0 0.0 0.027417392 0.0 0.0 0.0 0.0 0.0 0.07954504 0.0 0.0 0.0 0.024895828 0.0 0.0 0.0 0.0 0.014549797 0.0 0.0 0.0 0.0 0.0 0.0 0.0 0.011425605 0.0064712954 0.0 0.0 0.0 0.0 0.1137366 0.0 0.0 0.0
0.0 0.0 0.082284026 0.0055987905 0.03919833 0.0 0.0 0.0 0.0 0.0 0.0 0.011312736 0.025676325 0.0 0.051064067 0.010603259 0.0 0.019818744 0.0 0.0 0.004377043 0.016765242 0.0 0.0 0.120499924 0.0 0.0 0.0 0.12334559 0.09448523 0.0 0.026438916 0.0 0.03751457 0.0 0.0 0.0 0.0 0.0041684574 0.0 0.0 0.0 0.009694172 0.0 0.0 0.0037337882 0.0 0.0 0.058341604 0.0 0.0 0.0 0.11608732 0.0 0.0 0.12365178
0.090384185 0.0 0.0 0.0 0.0 0.0 0.0 0.0 0.0 0.0 0.0 0.0 0.0 0.0 0.0 0.0 0.0 0.04258404 0.0 0.0 0.0 0.031398743 0.0 0.0 0.054114312 0.0 0.0 0.0 0.010068715 0.1672944 0.0 0.11821828 0.0 0.0 0.0 0.0 0.0 0.001521091 0.0 0.0 0.0 0.104719765 0.0 0.0 0.088460185 0.0 0.0 0.0 0.0 0.17101055 0.0 0.0 0.0 0.0 0.0 0.0
0.0 0.013704367 0.0 0.0 0.0 0.0 0.0 0.06340303 0.0 0.051534038 0.04133347 0.0 0.0 0.0 0.0 0.020965056 0.0 0.0 0.012677783 0.0 0.0 0.0 0.010873788 0.0 0.0 0.0 0.0 0.0 0.0 0.0 0.045208856 0.0 0.16326042 0.0 0.0 0.0 0.21508355 0.0 0.0 0.0 0.0 0.0 0.0045824344 0.0 0.10553277 0.0 0.0 0.21362251 0.04363625 0.03239206 0.016762946 0.0 0.023495173 0.03724065 0.0 0.0
0.0 0.0 0.0 0.17515983 0.20381662 0.0 0.0 0.0 0.097946264 0.0 0.0 0.0 0.10553534 0.0 0.0 0.044156846 0.0 0.0 0.0 0.0 0.0 0.0 0.0 0.032570574 0.0 0.034398638 0.0 0.0 0.0 0.0 0.071647026 0.043072946 0.0 0.0 0.0 0.0 0.0 0.0 0.0 0.051653087 0.0 0.0 0.032031093 0.0 0.0 0.07578314 0.036460213 0.012744153 0.0 0.0 0.0 0.0 0.0 0.0 0.056369774 0.0
0.0 0.019318368 0.0 0.0 0.013572901 0.0 0.0 0.051534038 0.0 0.0 0.05899078 0.0 0.0 0.0 0.009305482 0.0 0.0 0.0 0.07035739 0.03064288 0.0 0.0 0.12532778 0.0 0.0 0.0 0.0 0.0 0.0 0.0 0.0 0.0039410153 0.13331756 0.0 0.0 0.0 0.057000257 0.0 0.13579266 0.0 0.0 0.010322136 0.0 0.0 0.0 0.0 0.0 0.031201277 0.16344792 0.0 0.010348253 0.0 0.0 0.0 0.02073179 0.0
0.0 0.0 0.0 0.0 0.0 0.0 0.0 0.04133347 0.0 0.058990784 0.0 0.0 0.0 0.0 0.0 0.0 0.0 0.0 0.0 0.0 0.0 0.010195856 0.0 0.05352789 0.01587247 0.0 0.0 0.0 0.0272967 0.0 0.0 0.0 0.0 0.0 0.37038895 0.020497698 0.0 0.0 0.0 0.0 0.0 0.0 0.009506537 0.0 0.0 0.0 0.0 0.034851197 0.0 0.0 0.0 0.14218025 0.0 0.0 0.051856387 0.0
0.0 0.0 0.0 0.07147008 0.0 0.011312736 0.0 0.0 0.0 0.0 0.0 0.0 0.18290265 0.0 0.0 0.0 0.11427774 0.0 0.0 0.0 0.03177277 0.02599705 0.0 0.0 0.02774664 0.0 0.0 0.009014722 0.0 0.0 0.0 0.0 0.0 0.023140643 0.0 0.0 0.0 0.0 0.0 0.25022712 0.0 0.0 0.0 0.0 0.0 0.0 0.0 0.0 0.0 0.0 0.0 0.0 0.12134615 0.0 0.0 0.0
0.0 0.0 0.026515603 0.05612826 0.0 0.025676325 0.0 0.0 0.10553534 0.0 0.0 0.18290266 0.02895701 0.0 0.0 0.0 0.12141448 0.06427471 0.0 0.0 0.08669936 0.0 0.0 0.0 0.052499436 0.0 0.0 0.0 0.06278194 0.0 0.0 0.07070004 0.0 0.0 0.0 0.029444585 0.0 0.035879377 0.14735344 0.0 0.0 0.031142559 0.07877611 0.0075204875 0.0 0.0 0.01381016 0.0 0.0 0.0 0.0 0.0 0.0 0.0 0.0 0.0
0.0 0.0 0.0 0.0 0.0 0.0 0.0 0.0 0.0 0.0 0.0 0.0 0.0 0.016511174 0.0 0.013896287 0.0 0.0 0.0 0.0 0.0 0.0 0.14208396 0.0 0.0 0.026276756 0.2998169 0.08994568 0.0 0.0 0.0991501 0.0 0.0 0.0 0.0 0.0 0.040593054 0.0 0.0 0.0 0.0 0.0 0.0 0.054159064 0.0 0.0 0.0 0.121754676 0.0 0.0 0.13069846 0.0 0.0 0.0 0.15533859 0.0
0.056691352 0.0 0.008897461 0.0 0.0 0.051064067 0.0 0.0 0.0 0.009305482 0.0 0.0 0.0 0.0 0.0 0.22412099 0.0 0.0 0.0 0.022111785 0.0 0.0 0.04339084 0.0 0.033906247 0.0 0.0 0.008382041 0.0063342764 0.0 0.058580425 0.0 0.07432635 0.044141453 0.0 0.0 0.0 0.0 0.0 0.0 0.019069925 0.0 0.0 0.0 0.10294798 0.0 0.0 0.0 0.0 0.0 0.0 0.0 0.0 0.0 0.064326115 0.0
0.0 0.101244345 0.007796637 0.0 0.119299605 0.01060326 0.0 0.020965056 0.044156846 0.0 0.0 0.0 0.0 0.013896287 0.22412099 0.0 0.0 0.0 0.0 0.0 0.0 0.0 0.0 0.061006337 0.0 0.023881566 0.0 0.0 0.0 0.00031038796 0.0 0.0 0.0 0.013305082 0.0 0.22489734 0.0 0.0 0.017848918 0.0 0.029666558 0.0 0.0 0.0 0.0 0.10579248 0.0 0.0 0.0 0.0 0.0 0.0 0.026082726 0.0 0.0 0.0
0.13069512 0.0 0.0 0.0 0.0 0.0 0.0 0.0 0.0 0.0 0.0 0.11427774 0.121414475 0.0 0.0 0.0 0.20727703 0.0 0.0 0.0 0.0 0.0 0.0 0.0 0.0 0.0 0.0 0.06729016 0.0 0.0 0.0 0.007906864 0.034009214 0.0 0.0 0.0 0.0 0.0 0.018014943 0.0 0.024685334 0.0 0.0 0.0 0.11180946 0.0 0.015091883 0.0 0.0 0.0 0.0 0.0 0.0 0.0 0.01325624 0.0
0.0 0.092667885 0.051602125 0.0 0.0 0.019818744 0.04258404 0.0 0.0 0.0 0.0 0.0 0.06427471 0.0 0.0 0.0 0.0 0.0 0.0 0.0 0.23484732 0.1290578 0.0 0.0 0.0 0.0 0.0 0.0 0.07138077 0.03343751 0.0 0.0 0.0 0.06850365 0.0 0.0 0.020366175 0.0 0.0 0.020883271 0.0 0.1954263 0.13173188 0.0 0.0 0.0 0.0 0.0 0.0 0.0 0.0 0.0 0.0 0.0 0.0 0.0
0.0 0.0 0.061083697 0.009078565 0.0 0.0 0.0 0.012677782 0.0 0.07035739 0.0 0.0 0.0 0.0 0.0 0.0 0.0 0.0 0.0 0.031171331 0.0 0.0 0.0 0.048348702 0.015335628 0.0 0.0 0.0 0.26228586 0.0101331975 0.0 0.1127908 0.0012854029 0.081841014 0.0 0.037641577 0.0 0.0 0.04494512 0.018126301 0.00649929 0.0 0.0 0.0 0.027068336 0.0 0.0 0.0 0.0 0.042641047 0.0 0.0 0.0 0.0 0.0 0.0
0.0 0.05225738 0.033245232 0.0 0.0 0.0 0.0 0.0 0.0 0.030642878 0.0 0.0 0.0 0.0 0.022111785 0.0 0.0 0.0 0.031171331 0.0 0.0 0.0 0.0 0.0 0.0 0.0 0.0 0.0 0.03551926 0.058870323 0.0 0.0 0.0 0.1452014 0.0 0.0 0.0 0.0 0.0 0.05152947 0.09740136 0.098814346 0.05906545 0.0 0.0 0.0 0.0 0.0 0.0 0.0 0.0 0.0 0.0 0.11151527 0.0017119331 0.2794657
0.0 0.0 0.030528078 0.004198653 0.19865066 0.004377043 0.0 0.0 0.0 0.0 0.0 0.03177277 0.08669936 0.0 0.0 0.0 0.0 0.2348473 0.0 0.0 0.0 0.0 0.0 0.014057446 0.0 0.022374205 0.0035944725 0.0 0.00026684674 0.0 0.0 0.15329595 0.0 0.041072793 0.0 0.018171886 0.0 0.0 0.033659495 0.0 0.0041038105 0.0 0.0 0.0 0.0 0.0 0.007222205 0.0 0.033016205 0.0 0.0 0.0 0.0 0.0 0.0152060585 0.0
0.07593547 0.0 0.0 0.0 0.0 0.01676524 0.031398743 0.0 0.0 0.0 0.010195857 0.025997048 0.0 0.0 0.0 0.0 0.0 0.1290578 0.0 0.0 0.0 0.24333285 0.0 0.0 0.0 0.0 0.0 0.0 0.0 0.045282487 0.0 0.06242285 0.0 0.0 0.0 0.003235 0.0 0.0 0.0 0.0 0.08220525 0.008644507 0.018207427 0.0 0.0 0.036248486 0.0 0.0 0.0 0.041072834 0.0 0.0 0.06606387 0.0 0.0 0.042558797
0.024007352 0.0 0.073671356 0.0 0.0 0.0 0.0 0.010873788 0.0 0.1253278 0.0 0.0 0.0 0.14208396 0.04339084 0.0 0.0 0.0 0.0 0.0 0.0 0.0 0.0 0.0 0.0 0.0 0.0 0.0 0.0 0.0 0.0 0.0 0.0 0.0 0.17068759 0.0 0.06251305 0.0 0.0 0.0 0.0 0.0 0.045184575 0.11762575 0.039820444 0.0 0.0 0.0 0.0 0.0 0.0 0.057681803 0.0 0.0 0.0 0.20156671
0.0 0.002556807 0.0077725025 0.0 0.027417392 0.0 0.0 0.0 0.03257058 0.0 0.053527895 0.0 0.0 0.0 0.0 0.06100634 0.0 0.0 0.048348702 0.0 0.014057446 0.0 0.0 0.0 0.0 0.0 0.0 0.0 0.0 0.03838184 0.020541701 0.0 0.0 0.0 0.0 0.0 0.0 0.0 0.0 0.0 0.0 0.014884082 0.19814476 0.017226124 0.0 0.021816084 0.14497285 0.102231055 0.0 0.0 0.16960391 0.0 0.0 0.028423157 0.03914627 0.0
0.0 0.24976699 0.0065546986 0.0058515985 0.0 0.12049993 0.054114312 0.0 0.0 0.0 0.01587247 0.02774664 0.052499432 0.0 0.03390625 0.0 0.0 0.0 0.015335628 0.0 0.0 0.0 0.0 0.0 0.0 0.0 0.0 0.015086792 0.0 0.0 0.046803247 0.0 0.079207756 0.06267343 0.0 0.035130415 0.0 0.015399885 0.06305826 0.16684256 0.0 0.013679327 0.0 0.0 0.0 0.0 0.0 0.0 0.0 0.0 0.0 0.0 0.0 0.023993982 0.0038861213 0.0
0.009003644 0.0 0.0270599 0.0 0.0 0.0 0.0 0.0 0.034398638 0.0 0.0 0.0 0.0 0.026276756 0.0 0.023881566 0.0 0.0 0.0 0.0 0.022374205 0.0 0.0 0.0 0.0 0.2298089 0.060831517 0.1904116 0.0 0.0 0.0 0.0 0.0 0.0 0.0 0.0 0.09644618 0.0 0.0 0.0 0.0 0.0 0.0 0.09970762 0.0 0.0 0.0 0.057360254 0.0 0.042827085 0.0 0.0 0.0 0.0 0.0 0.0
0.0 0.0 0.07752824 0.0 0.0 0.0 0.0 0.0 0.0 0.0 0.0 0.0 0.0 0.2998169 0.0 0.0 0.0 0.0 0.0 0.0 0.0035944723 0.0 0.0 0.0 0.0 0.06083152 0.0 0.0 0.0 0.0 0.0 0.026550585 0.0 0.0 0.012888796 0.06540348 0.0 0.0 0.0 0.0 0.0 0.0004791319 0.0 0.06628317 0.0 0.0 0.05110471 0.0 0.0 0.0 0.0 0.08261443 0.016728345 0.0 0.024482077 0.0
0.0 0.0 0.040327568 0.0 0.0 0.0 0.0 0.0 0.0 0.0 0.0 0.009014721 0.0 0.08994568 0.008382042 0.0 0.06729016 0.0 0.0 0.0 0.0 0.0 0.0 0.0 0.015086792 0.1904116 0.0 0.046165522 0.0 0.0 0.0 0.019356128 0.0 0.00029382622 0.0 0.124059424 0.0 0.0 0.0 0.0 0.028351707 0.0 0.0 0.13174954 0.0 0.0 0.072457455 0.0 0.0 0.0 0.0 0.0 0.04918928 0.0 0.0 0.0806555
0.0 0.13659118 0.0 0.0 0.0 0.12334559 0.010068715 0.0 0.0 0.0 0.027296698 0.0 0.06278193 0.0 0.0063342764 0.0 0.0 0.07138077 0.2622859 0.03551926 0.00026684676 0.0 0.0 0.0 0.0 0.0 0.0 0.0 0.0 0.0 0.0 0.081673525 0.079704545 0.0 0.0 0.0 0.0 0.10933739 0.0071908305 0.06890718 0.0057359794 0.10617554 0.0 0.0 0.0 0.0 0.0063172025 0.0 0.0 0.0 0.0 0.0 0.0 0.0 0.0 0.0
0.0 0.0 0.0 0.13554482 0.07954504 0.09448523 0.1672944 0.0 0.0 0.0 0.0 0.0 0.0 0.0 0.0 0.00031038796 0.0 0.033437513 0.0101331975 0.058870323 0.0 0.045282483 0.0 0.03838184 0.0 0.0 0.0 0.0 0.0 0.0 0.16809784 0.07267974 0.036851108 0.0 0.0 0.0 0.0 0.036391888 0.0 0.0 0.05365975 0.0 0.0 0.0 0.0 0.0 0.0 0.0 0.0 0.0 0.0 0.0 0.0 0.0 0.0 0.0
0.0 0.0048339986 0.03747473 0.07055009 0.0 0.0 0.0 0.045208853 0.071647026 0.0 0.0 0.0 0.0 0.09915011 0.05858042 0.0 0.0 0.0 0.0 0.0 0.0 0.0 0.0 0.020541703 0.04680325 0.0 0.0 0.0 0.0 0.16809784 0.055106834 0.020626888 0.0 0.0 0.0 0.0 0.0 0.0 0.0 0.0 0.024350138 0.0 0.0 0.119466685 0.0 0.06724556 0.03814054 0.0 0.0 0.0 0.0 0.0 0.019582046 0.0 0.0 0.0
0.0 0.0 0.03716677 0.022552192 0.0 0.026438916 0.11821829 0.0 0.043072946 0.0039410153 0.0 0.0 0.07070005 0.0 0.0 0.0 0.007906864 0.0 0.11279081 0.0 0.15329595 0.06242285 0.0 0.0 0.0 0.0 0.026550585 0.019356128 0.08167352 0.07267975 0.020626888 0.044321675 0.0 0.0 0.0 0.0 0.0 0.0 0.0 0.018344115 0.0 0.0 0.0 0.0 0.0 0.08730542 0.0 0.0 0.0 0.0 0.0 0.0 0.0 0.0 0.0097187245 0.0
0.10792527 0.0 0.083260804 0.0 0.0 0.0 0.0 0.16326043 0.0 0.13331756 0.0 0.0 0.0 0.0 0.07432635 0.0 0.03400922 0.0 0.0012854028 0.0 0.0 0.0 0.0 0.0 0.079207756 0.0 0.0 0.0 0.079704545 0.036851108 0.0 0.0 0.0 0.049763616 0.045750756 0.020282755 0.0 0.0 0.0 0.0 0.0 0.0 0.0 0.0 0.0 0.08079893 0.01635877 0.0 0.0 0.0 0.0 0.0 0.0 0.0 0.0 0.0
0.0 0.02072782 0.0 0.0069591086 0.024895828 0.03751457 0.0 0.0 0.0 0.0 0.0 0.02314064 0.0 0.0 0.044141453 0.013305082 0.0 0.068503655 0.08184102 0.1452014 0.04107279 0.0 0.0 0.0 0.062673435 0.0 0.0 0.00029382622 0.0 0.0 0.0 0.0 0.049763616 0.0 0.0 0.0 0.0 0.0 0.049106237 0.0 0.0 0.0 0.0 0.0 0.017994015 0.0 0.002439587 0.016076555 0.07898538 0.011686269 0.0 0.0 0.0 0.0 0.0 0.0
0.008724614 0.0 0.0 0.0 0.0 0.0 0.0 0.0 0.0 0.0 0.37038895 0.0 0.0 0.0 0.0 0.0 0.0 0.0 0.0 0.0 0.0 0.0 0.17068759 0.0 0.0 0.0 0.012888797 0.0 0.0 0.0 0.0 0.0 0.045750756 0.0 0.0 0.0 0.0 0.0 0.0 0.0 0.0 0.0 0.0 0.0 0.011565208 0.0 0.0 0.0 0.0 0.0 0.35764682 0.035399947 0.0 0.0 0.002949322 0.0
0.0 0.0 0.0 0.0 0.0 0.0 0.0 0.0 0.0 0.0 0.020497698 0.0 0.029444585 0.0 0.0 0.22489733 0.0 0.0 0.037641577 0.0 0.018171886 0.003235 0.0 0.0 0.03513042 0.0 0.06540348 0.12405942 0.0 0.0 0.0 0.0 0.020282753 0.0 0.0 0.007326361 0.0 0.07009116 0.0 0.040598147 0.0 0.0 0.12523225 0.0 0.0706891 0.0 0.026692867 0.019374892 0.0 0.0 0.0 0.0 0.0 0.017093528 0.10166605 0.0
0.07156244 0.0 0.0 0.0 0.0 0.0 0.0 0.21508357 0.0 0.057000253 0.0 0.0 0.0 0.040593054 0.0 0.0 0.0 0.020366175 0.0 0.0 0.0 0.0 0.06251306 0.0 0.0 0.09644618 0.0 0.0 0.0 0.0 0.0 0.0 0.0 0.0 0.0 0.0 0.0038345675 0.0 0.0 0.0 0.18720274 0.0 0.0 0.0 0.0 0.0 0.0 0.012201915 0.0 0.0 0.042864755 0.16727605 0.0 0.0 0.0 0.0
0.0 0.0 0.0 0.0 0.0 0.0 0.001521091 0.0 0.0 0.0 0.0 0.0 0.03587938 0.0 0.0 0.0 0.0 0.0 0.0 0.0 0.0 0.0 0.0 0.0 0.015399886 0.0 0.0 0.0 0.10933739 0.036391884 0.0 0.0 0.0 0.0 0.0 0.07009115 0.0 0.0 0.015308378 0.0 0.0 0.0 0.0 0.0 0.053107385 0.08257783 0.0 0.0 0.017146269 0.028624836 0.0 0.0 0.36735314 0.0 0.0 0.0
0.0 0.0 0.016070517 0.0 0.014549798 0.0041684574 0.0 0.0 0.0 0.13579266 0.0 0.0 0.14735344 0.0 0.0 0.01784892 0.018014943 0.0 0.044945125 0.0 0.033659495 0.0 0.0 0.0 0.063058265 0.0 0.0 0.0 0.007190831 0.0 0.0 0.0 0.0 0.04910624 0.0 0.0 0.0 0.015308378 0.0 0.053644888 0.11345471 0.0 0.0 0.0 0.0 0.04395744 0.0 0.0 0.0 0.0 0.0 0.0 0.0 0.0 0.0 0.094711535
0.0 0.0 0.08313585 0.042397406 0.0 0.0 0.0 0.0 0.051653087 0.0 0.0 0.25022712 0.0 0.0 0.0 0.0 0.0 0.020883273 0.0181263 0.05152947 0.0 0.0 0.0 0.0 0.16684256 0.0 0.0 0.0 0.06890718 0.0 0.0 0.018344115 0.0 0.0 0.0 0.040598147 0.0 0.0 0.05364489 0.0 0.0 0.0 0.03354569 0.0 0.0 0.057627913 0.18855578 0.0 0.0 0.09675515 0.0 0.0 0.01940212 0.0 0.0048653567 0.012265006
0.060750112 0.0 0.009264785 0.0 0.0 0.0 0.0 0.0 0.0 0.0 0.0 0.0 0.0 0.0 0.019069923 0.02966656 0.024685336 0.0 0.0064992895 0.097401366 0.0041038105 0.08220525 0.0 0.0 0.0 0.0 0.0 0.028351706 0.00573598 0.05365975 0.024350138 0.0 0.0 0.0 0.0 0.0 0.18720274 0.0 0.1134547 0.0 0.0 0.0 0.0 0.069572985 0.07069319 0.0 0.020912405 0.02940641 0.006410654 0.17480518 0.0 0.0 0.014886603 0.0 0.005962772 0.0
0.0 0.0 0.0 0.1582424 0.0 0.0 0.104719765 0.0 0.0 0.010322136 0.0 0.0 0.03114256 0.0 0.0 0.0 0.0 0.1954263 0.0 0.098814346 0.0 0.008644507 0.0 0.014884082 0.013679327 0.0 0.0004791319 0.0 0.106175534 0.0 0.0 0.0 0.0 0.0 0.0 0.0 0.0 0.0 0.0 0.0 0.0 0.0 0.0 0.0 0.0 0.0 0.010893831 0.0 0.0 0.025821399 0.0 0.0 0.0 0.0 0.0 0.0
0.0 0.0 0.03329069 0.05025566 0.0 0.009694171 0.0 0.004582434 0.032031097 0.0 0.009506537 0.0 0.07877611 0.0 0.0 0.0 0.0 0.13173188 0.0 0.05906545 0.0 0.018207429 0.04518458 0.19814475 0.0 0.0 0.0 0.0 0.0 0.0 0.0 0.0 0.0 0.0 0.0 0.12523226 0.0 0.0 0.0 0.03354569 0.0 0.0 0.0 0.0 0.0 0.0 0.028899029 0.0 0.0 0.006457168 0.017806781 0.0 0.0 0.0 0.011532364 0.0
0.05834369 0.0 0.0 0.0 0.0 0.0 0.0 0.0 0.0 0.0 0.0 0.0 0.0075204875 0.054159068 0.0 0.0 0.0 0.0 0.0 0.0 0.0 0.0 0.11762576 0.017226126 0.0 0.09970762 0.06628317 0.13174953 0.0 0.0 0.11946668 0.0 0.0 0.0 0.0 0.0 0.0 0.0 0.0 0.0 0.069572985 0.0 0.0 0.0 0.0 0.0 0.0 0.0 0.0 0.0 0.0 0.0 0.0 0.21480605 0.0077486946 0.0
0.0 0.0 0.0 0.0 0.0 0.0 0.088460185 0.10553277 0.0 0.0 0.0 0.0 0.0 0.0 0.10294798 0.0 0.11180946 0.0 0.027068336 0.0 0.0 0.0 0.039820444 0.0 0.0 0.0 0.0 0.0 0.0 0.0 0.0 0.0 0.0 0.017994013 0.0115652075 0.0706891 0.0 0.053107385 0.0 0.0 0.07069319 0.0 0.0 0.0 0.0 0.01134639 0.0 0.003827265 0.11084545 0.0 0.0 0.10637085 0.0 0.06476963 0.0 0.0
0.0028580644 0.0 0.0 0.05095433 0.0 0.0037337882 0.0 0.0 0.07578314 0.0 0.0 0.0 0.0 0.0 0.0 0.10579247 0.0 0.0 0.0 0.0 0.0 0.03624849 0.0 0.021816084 0.0 0.0 0.0 0.0 0.0 0.0 0.06724555 0.08730542 0.08079893 0.0 0.0 0.0 0.0 0.08257783 0.04395744 0.057627913 0.0 0.0 0.0 0.0 0.01134639 0.0 0.0 0.0 0.0 0.0 0.0 0.0 0.00834459 0.0 0.1868223 0.0
0.0 0.0 0.0 0.012687688 0.011425605 0.0 0.0 0.0 0.03646021 0.0 0.0 0.0 0.013810159 0.0 0.0 0.0 0.015091884 0.0 0.0 0.0 0.0072222054 0.0 0.0 0.14497285 0.0 0.0 0.051104713 0.072457455 0.0063172025 0.0 0.038140535 0.0 0.01635877 0.0024395871 0.0 0.02669287 0.0 0.0 0.0 0.18855579 0.020912405 0.010893831 0.02889903 0.0 0.0 0.0 0.0 0.0 0.0 0.0026893122 0.0 0.0 0.02633787 0.0 0.16855298 0.0
0.13173854 0.0 0.0 0.0 0.0064712954 0.0 0.0 0.2136225 0.012744153 0.031201277 0.034851197 0.0 0.0 0.121754676 0.0 0.0 0.0 0.0 0.0 0.0 0.0 0.0 0.0 0.102231055 0.0 0.057360254 0.0 0.0 0.0 0.0 0.0 0.0 0.0 0.016076555 0.0 0.01937489 0.0122019155 0.0 0.0 0.0 0.029406412 0.0 0.0 0.0 0.003827265 0.0 0.0 0.0 0.0 0.0 0.011013282 0.0 0.0 0.0 0.009818284 0.0
0.19152156 0.0 0.0 0.0 0.0 0.058341604 0.0 0.04363625 0.0 0.16344792 0.0 0.0 0.0 0.0 0.0 0.0 0.0 0.0 0.0 0.0 0.033016205 0.0 0.0 0.0 0.0 0.0 0.0 0.0 0.0 0.0 0.0 0.0 0.0 0.07898538 0.0 0.0 0.0 0.017146269 0.0 0.0 0.0064106546 0.0 0.0 0.0 0.11084544 0.0 0.0 0.0 0.0 0.0 0.0 0.0 0.0 0.14559488 0.047289062 0.0102398405
0.049208082 0.0 0.0 0.0 0.0 0.0 0.17101055 0.03239206 0.0 0.0 0.0 0.0 0.0 0.0 0.0 0.0 0.0 0.0 0.042641047 0.0 0.0 0.04107283 0.0 0.0 0.0 0.042827085 0.0 0.0 0.0 0.0 0.0 0.0 0.0 0.011686269 0.0 0.0 0.0 0.028624836 0.0 0.09675515 0.17480518 0.0258214 0.006457168 0.0 0.0 0.0 0.0026893122 0.0 0.0 0.0 0.0 0.0 0.0 0.16074057 0.0 0.1166182
0.0 0.0 0.0 0.0 0.0 0.0 0.0 0.016762946 0.0 0.010348253 0.0 0.0 0.0 0.13069847 0.0 0.0 0.0 0.0 0.0 0.0 0.0 0.0 0.0 0.16960391 0.0 0.0 0.0 0.0 0.0 0.0 0.0 0.0 0.0 0.0 0.35764682 0.0 0.042864755 0.0 0.0 0.0 0.0 0.0 0.017806783 0.0 0.0 0.0 0.0 0.011013282 0.0 0.0 0.0 0.26549488 0.0017004762 0.0 0.0 0.0
0.002491567 0.0 0.0 0.0 0.0 0.0 0.0 0.0 0.0 0.0 0.14218025 0.0 0.0 0.0 0.0 0.0 0.0 0.0 0.0 0.0 0.0 0.0 0.057681803 0.0 0.0 0.0 0.08261444 0.0 0.0 0.0 0.0 0.0 0.0 0.0 0.035399947 0.0 0.16727605 0.0 0.0 0.0 0.0 0.0 0.0 0.0 0.10637085 0.0 0.0 0.0 0.0 0.0 0.26549488 0.17924325 0.0 0.0 0.0 0.0
0.0 0.0 0.0 0.0 0.11373659 0.11608732 0.0 0.023495173 0.0 0.0 0.0 0.12134616 0.0 0.0 0.0 0.026082724 0.0 0.0 0.0 0.0 0.0 0.06606387 0.0 0.0 0.0 0.0 0.016728345 0.049189277 0.0 0.0 0.019582046 0.0 0.0 0.0 0.0 0.0 0.0 0.36735314 0.0 0.019402122 0.014886603 0.0 0.0 0.0 0.0 0.008344589 0.02633787 0.0 0.0 0.0 0.0017004763 0.0 0.0 0.0320963 0.023757735 0.0
0.10974885 0.0 0.014175178 0.0 0.0 0.0 0.0 0.03724065 0.0 0.0 0.0 0.0 0.0 0.0 0.0 0.0 0.0 0.0 0.0 0.11151527 0.0 0.0 0.0 0.028423158 0.023993982 0.0 0.0 0.0 0.0 0.0 0.0 0.0 0.0 0.0 0.0 0.017093528 0.0 0.0 0.0 0.0 0.0 0.0 0.0 0.21480605 0.06476963 0.0 0.0 0.0 0.1455949 0.16074057 0.0 0.0 0.032096304 0.0 0.0 0.0
0.0 0.022055997 0.06592279 0.063276805 0.0 0.0 0.0 0.0 0.05636977 0.020731792 0.051856387 0.0 0.0 0.15533857 0.06432612 0.0 0.01325624 0.0 0.0 0.0017119332 0.0152060585 0.0 0.0 0.03914627 0.0038861213 0.0 0.024482075 0.0 0.0 0.0 0.0 0.0097187245 0.0 0.0 0.002949322 0.10166605 0.0 0.0 0.0 0.0048653567 0.005962772 0.0 0.011532365 0.007748694 0.0 0.1868223 0.168553 0.009818285 0.047289062 0.0 0.0 0.0 0.023757737 0.0 0.0 0.0
0.0 0.0 0.0 0.0 0.0 0.12365178 0.0 0.0 0.0 0.0 0.0 0.0 0.0 0.0 0.0 0.0 0.0 0.0 0.0 0.2794657 0.0 0.0425588 0.20156671 0.0 0.0 0.0 0.0 0.08065551 0.0 0.0 0.0 0.0 0.0 0.0 0.0 0.0 0.0 0.0 0.094711535 0.012265006 0.0 0.0 0.0 0.0 0.0 0.0 0.0 0.0 0.0102398405 0.11661821 0.0 0.0 0.0 0.0 0.0 0.0
