0.0 0.0 0.0 0.0 0.0 0.0 0.0 0.017953897 0.08651395 0.17665116 0.1112162 0.0 0.21713468 0.017301464 0.0 0.0 0.0 0.0 0.0 0.0 0.0 0.0 0.0 0.0 0.0 0.0052002943 0.02839831 0.15955721 0.0 0.0 0.07690345 0.0 0.0 0.06589032 0.0 0.0 0.0 0.0 0.005298468 0.028794589 0.009184775 0.0 0.14711872 0.0 0.0 0.0 0.0 0.0 0.0 0.0 0.0 0.0 0.0 0.016762765 0.0 0.0
0.0 0.062128365 0.0 0.0 0.0 0.0024218312 0.0 0.025149666 0.013652986 0.0 0.0 0.0 0.0 0.0 0.0 0.0 0.0 0.037939165 0.052703924 0.008936702 0.007477108 0.0 0.040692184 0.0 0.097768195 0.054420874 0.0 0.0 0.0 0.0 0.0 0.0 0.0 0.0 0.0 0.04253859 0.0 0.0 0.0 0.16135539 0.0 0.0 0.0 0.10769543 0.0 0.0 0.0 0.0 0.0 0.0 0.0 0.0 0.19309928 0.0 0.0 0.0
0.0 0.0 0.0 0.01900743 0.0 0.053383365 0.0 0.0 0.09351797 0.0 0.0 0.0 0.0 0.0 0.0 0.039327417 0.0 0.088110805 0.0 0.010815348 0.0 0.0 0.015698591 0.022335878 0.0 0.0 0.019831967 0.0 0.0 0.0 0.0 0.09854422 0.0 0.0 0.0 0.0 0.0 0.028321734 0.0 0.0 0.017555019 0.0 0.0 0.0 0.00325361 0.07594811 0.0 0.17656694 0.0 0.0 0.1747076 0.0 0.0 0.0 0.028492754 0.0
0.0 0.0 0.019007431 0.0 0.0 0.0 0.07348267 0.0 0.0 0.0 0.0 0.0 0.0 0.0 0.0 0.0 0.0066533242 0.0 0.0 0.0 0.0 0.0 0.0 0.010254843 0.0 0.17162423 0.0 0.115158774 0.0 0.0 0.0 0.0 0.0 0.0 0.027412621 0.0 0.0 0.0 0.0 0.0 0.00032716402 0.0 0.042070433 0.0 0.0 0.20937434 0.0 0.06718445 0.0 0.0 0.024817823 0.0 0.0 0.034207597 0.11664542 0.0
0.0 0.0 0.0 0.0 0.21308354 0.0 0.013625181 0.0 0.025212638 0.0 0.10964829 0.043917056 0.0 0.0 0.18984494 0.0 0.014593427 0.0 0.0 0.0890865 0.0 0.0 0.0 0.10012214 0.009861084 0.043041512 0.0 0.0 0.0 0.0 0.0 0.0 0.0 0.0 0.0 0.02434743 0.0 0.0284469 0.0035107187 0.0 0.0 0.00621915 0.0 0.0 0.0 0.016162612 0.0 0.0 0.0 0.0 0.0 0.0 0.025410732 0.046084907 0.0 0.0
0.0 0.0024218312 0.05338336 0.0 0.0 0.0 0.0 0.0 0.027878528 0.0 0.0 0.06106883 0.0 0.0 0.032406807 0.0 0.13110934 0.08051243 0.0 0.0 0.07750294 0.0 0.0 0.0 0.06468852 0.0 0.0 0.0 0.21282999 0.024683984 0.0 0.0 0.0 0.0 0.0 0.0 0.0 0.0 0.0 0.0 0.011673287 0.008178186 0.0 0.01572513 0.0 0.0 0.0 0.0 0.07694792 0.0 0.0 0.0 0.011574188 0.0057791825 0.0 0.0
0.0 0.0 0.0 0.07348267 0.01362518 0.0 0.0 0.0 0.0 0.0 0.0 0.0 0.15402831 0.071878 0.0 0.0 0.0 0.0 0.0 0.0 0.0 0.0 0.0 0.0 0.0074191764 0.033010174 0.0 0.0 0.0 0.0 0.05551705 0.05563394 0.0 0.0 0.0 0.0 0.0 0.009883317 0.0 0.26388466 0.0 0.03102719 0.016425658 0.0 0.0 0.0 0.0 0.0 0.0 0.0 0.0 0.0 0.0 0.015396832 0.08544328 0.0
0.017953897 0.025149668 0.0 0.0 0.0 0.0 0.0 0.0 0.07559913 0.0 0.0 0.015563517 0.047170043 0.061449215 0.0 0.0 0.0 0.0 0.0 0.0 0.0 0.11237509 0.0 0.0 0.0 0.0 0.0 0.0 0.0059234365 0.040117826 0.0 0.0 0.0 0.0 0.0 0.0 0.0 0.0 0.047131438 0.0 0.18955271 0.0 0.0 0.02516877 0.0 0.0 0.068924755 0.0 0.0 0.0 0.0 0.0 0.18899488 0.0 0.0 0.19373205
0.08651395 0.013652986 0.09351797 0.0 0.025212638 0.027878527 0.0 0.07559913 0.0 0.0 0.037177887 0.06796163 0.019997578 0.0 0.0 0.0 0.0 0.0 0.0 0.0965464 0.0 0.0 0.016122231 0.004319615 0.021069868 0.008732686 0.0 0.0 0.0 0.0 0.0 0.0 0.025278753 0.0 0.17164104 0.0 0.0 0.0 0.0 0.0 0.0 0.0 0.0 0.0 0.0725463 0.0 0.0 0.0 0.0 0.0 0.0 0.0 0.0 0.0 0.023087889 0.0
0.17665118 0.0 0.0 0.0 0.0 0.0 0.0 0.0 0.0 0.2370336 0.13616894 0.0 0.0 0.0 0.0 0.17264237 0.0 0.0 0.018054646 0.0 0.0 0.0 0.0 0.0 0.0 0.0 0.0 0.0 0.014488999 0.0 0.15139277 0.0 0.0 0.0 0.0 0.0 0.018135125 0.0 0.027647993 0.0 0.0 0.0 0.0 0.0 0.056313746 0.0 0.0 0.0 0.0 0.0 0.0 0.0 0.0 0.0 0.0 0.0
0.111216195 0.0 0.0 0.0 0.109648295 0.0 0.0 0.0 0.03717789 0.13616894 0.0 0.0 0.0 0.0 0.061382715 0.0 0.052738365 0.0 0.09393305 0.0 0.0 0.06774806 0.0 0.0 0.0 0.0 0.0 0.0 0.0 0.0 0.012587927 0.0 0.0 0.013786735 0.0 0.0 0.0 0.0025766692 0.0 0.0 0.0 0.0 0.0 0.08282897 0.086647324 0.0 0.0 0.0 0.0 0.019343434 0.0 0.011748805 0.0 0.0 0.0 0.0
0.0 0.0 0.0 0.0 0.04391706 0.061068833 0.0 0.015563517 0.06796163 0.0 0.0 0.0 0.11027817 0.0 0.03187949 0.0 0.0 0.0 0.0 0.0 0.0 0.0 0.036295455 0.060618997 0.0 0.0 0.0 0.0 0.0078052166 0.0 0.0 0.034277588 0.04510952 0.0 0.0 0.0 0.0 0.06861547 0.0 0.0 0.013262643 0.0 0.0 0.0 0.0 0.0 0.0 0.13183522 0.0596835 0.0 0.015863087 0.0 0.0 0.06347477 0.010038133 0.0
0.21713468 0.0 0.0 0.0 0.0 0.0 0.15402831 0.04717004 0.019997578 0.0 0.0 0.11027817 0.0 0.0 0.0 0.0 0.0 0.0 0.051726125 0.013845816 0.0 0.0 0.0 0.0382063 0.0 0.0 0.0 0.0 0.0 0.0 0.0 0.0 0.0 0.0 0.18863204 0.021180049 0.0034114143 0.0 0.0 0.0 0.0 0.0 0.0 0.0 0.1030824 0.04243421 0.0 0.013173012 0.0 0.0 0.0 0.0 0.0 0.0 0.0 0.0
0.017301464 0.0 0.0 0.0 0.0 0.0 0.071878 0.06144922 0.0 0.0 0.0 0.0 0.0 0.0 0.0 0.0 0.0 0.0 0.0 0.0 0.0 0.0 0.0 0.0 0.0 0.0 0.0 0.04902807 0.0 0.0 0.0 0.0 0.0 0.10916258 0.0 0.0 0.0 0.0 0.0 0.097606964 0.084258825 0.0 0.052862532 0.0 0.0 0.0005685069 0.06907173 0.0 0.0 0.05026366 0.051300302 0.07517415 0.0 0.08272426 0.0094639715 0.2263645
0.0 0.0 0.0 0.0 0.18984495 0.032406807 0.0 0.0 0.0 0.0 0.06138271 0.03187949 0.0 0.0 0.0 0.0 0.0 0.04515014 0.0 0.11857739 0.0 0.0 0.0068889735 0.091040984 0.0 0.0 0.015121328 0.0 0.0 0.0 0.0 0.21091688 0.0 0.0 0.0029849927 0.03638455 0.011279679 0.20106047 0.0 0.0 0.0 0.0 0.0 0.0 0.010367227 0.0 0.015228442 0.0 0.0 0.0 0.0 0.0 0.035003554 0.0 0.0 0.0
0.0 0.0 0.039327413 0.0 0.0 0.0 0.0 0.0 0.0 0.17264237 0.0 0.0 0.0 0.0 0.0 0.0 0.02616239 0.008794248 0.0 0.0 0.0158289 0.0 0.0 0.0 0.0 0.0 0.0 0.0 0.16394523 0.0 0.0 0.0 0.0 0.0 0.0 0.064684734 0.027156778 0.0 0.05613807 0.0 0.035981666 0.07185433 0.0010129261 0.0 0.0 0.059822302 0.075045384 0.0 0.0 0.0 0.0 0.038571432 0.0 0.0 0.0 0.0
0.0 0.0 0.0 0.0066533242 0.014593428 0.13110934 0.0 0.0 0.0 0.0 0.05273836 0.0 0.0 0.0 0.0 0.02616239 0.0 0.0 0.0 0.0005765483 0.0 0.0 0.09798438 0.12058514 0.0 0.0 0.05716337 0.0 0.0 0.0 0.094950534 0.047254015 0.22178164 0.0 0.0 0.010187269 0.0 0.034698643 0.0 0.0 0.0 0.0 0.0 0.0 0.0 0.0 0.0 0.0 0.026094282 0.0 0.021570152 0.0 0.0016031079 0.0 0.049405023 0.0
0.0 0.037939165 0.08811081 0.0 0.0 0.08051243 0.0 0.0 0.0 0.0 0.0 0.0 0.0 0.0 0.045150142 0.008794248 0.0 0.0 0.023523122 0.0 0.0 0.0 0.0 0.00755195 0.0 0.0 0.0 0.0 0.0 0.008982139 0.0 0.0 0.02199212 0.0 0.023486434 0.020033289 0.06568767 0.0 0.0 0.0 0.0 0.0 0.07232325 0.0 0.023885516 0.0 0.07253193 0.19282942 0.07620552 0.0 0.0 0.0 0.0 0.07004171 0.0 0.0
0.0 0.052703924 0.0 0.0 0.0 0.0 0.0 0.0 0.0 0.018054644 0.09393305 0.0 0.051726125 0.0 0.0 0.0 0.0 0.023523122 0.0 0.09284726 0.0 0.0 0.05123759 0.0 0.007187209 0.0 0.0 0.0 0.0 0.0 0.04824422 0.0 0.07008387 0.0 0.0 0.061182383 0.07744714 0.1017768 0.0 0.0 0.0 0.0 0.0 0.0 0.091257654 0.0 0.0 0.0 0.0 0.0 0.009913167 0.0 0.0 0.05983831 0.006578665 0.0
0.0 0.008936702 0.010815348 0.0 0.0890865 0.0 0.0 0.0 0.0965464 0.0 0.0 0.0 0.013845815 0.0 0.11857739 0.0 0.0005765483 0.0 0.09284726 0.0 0.0 0.0 0.0 0.0 0.035488445 0.0 0.0 0.0 0.0 0.042231128 0.0 0.0 0.0 0.0 0.0 0.09049731 0.0 0.0 0.0 0.03623766 0.14333028 0.08591604 0.036900233 0.0 0.0 0.0 0.0 0.0 0.11761662 0.0 0.0 0.0 0.0 0.021288874 0.0 0.0
0.0 0.0074771075 0.0 0.0 0.0 0.07750295 0.0 0.0 0.0 0.0 0.0 0.0 0.0 0.0 0.0 0.0158289 0.0 0.0 0.0 0.0 0.09278159 0.022258908 0.0 0.0 0.0 0.095059395 0.18010172 0.018887462 0.0 0.0 0.07295595 0.0 0.0029403472 0.0 0.007871556 0.0 0.0 0.05990872 0.0 0.12653913 0.0 0.0 0.0 0.0 0.0 0.0 0.0 0.089354835 0.0 0.0 0.0 0.0 0.0 0.017089713 0.17384087 0.0
0.0 0.0 0.0 0.0 0.0 0.0 0.0 0.11237509 0.0 0.0 0.06774807 0.0 0.0 0.0 0.0 0.0 0.0 0.0 0.0 0.0 0.022258908 0.092041 0.046167642 0.12094563 0.0 0.04232738 0.053828042 0.028932689 0.0 0.0 0.0 0.0 0.0450433 0.0 0.0 0.023797361 0.0 0.0 0.0 0.0 0.0 0.0 0.0 0.0 0.08643436 0.0 0.0 0.016166989 0.0 0.04191633 0.0 0.03361695 0.0 0.0 0.03446026 0.0
0.0 0.040692184 0.015698591 0.0 0.0 0.0 0.0 0.0 0.016122233 0.0 0.0 0.036295455 0.0 0.0 0.006888974 0.0 0.09798437 0.0 0.051237594 0.0 0.0 0.046167642 0.0 0.0 0.0 0.0 0.0 0.0 0.0 0.087388344 0.0 0.0021570672 0.0 0.0 0.0 0.0 0.0 0.0 0.079590894 0.0 0.09359069 0.09640401 0.09269188 0.0 0.0 0.02168526 0.12523584 0.0 0.0457662 0.20400552 0.0 0.0 0.024146887 0.12259823 0.0 0.0
0.0 0.0 0.022335878 0.010254842 0.10012214 0.0 0.0 0.0 0.0043196157 0.0 0.0 0.060619 0.0382063 0.0 0.09104099 0.0 0.120585136 0.0075519495 0.0 0.0 0.0 0.120945625 0.0 0.013167276 0.0 0.045910913 0.0 0.0 0.0 0.071411 0.0 0.05879181 0.0 0.0 0.0 0.0 0.0 0.0 0.0 0.0 0.040113565 0.0 0.0 0.10332668 0.0 0.0 0.0 0.0 0.0 0.0 0.0 0.054668784 0.13700189 0.0 0.0 0.0
0.0 0.09776819 0.0 0.0 0.009861084 0.06468851 0.007419177 0.0 0.021069868 0.0 0.0 0.0 0.0 0.0 0.0 0.0 0.0 0.0 0.007187209 0.03548844 0.0 0.0 0.0 0.0 0.0 0.0 0.0 0.0 0.0 0.0 0.0 0.0 0.18342106 0.0 0.0 0.0 0.037305128 0.0 0.0 0.0 0.043117546 0.020340534 0.0 0.0 0.007398424 0.0 0.0 0.1139693 0.061517056 0.0 0.0 0.0 0.12296534 0.0675392 0.04249266 0.0
0.0052002943 0.054420877 0.0 0.17162423 0.043041512 0.0 0.03301017 0.0 0.008732687 0.0 0.0 0.0 0.0 0.0 0.0 0.0 0.0 0.0 0.0 0.0 0.095059395 0.04232738 0.0 0.04591091 0.0 0.0 0.0 0.022674745 0.0 0.17620401 0.05354286 0.019459931 0.0 0.067100585 0.0 0.0 0.0 0.024706235 0.0 0.0 0.0 0.0 0.08206082 0.0 0.0 0.060931403 0.009305474 0.0 0.047953505 0.037415944 0.0 0.0 0.0 0.0 0.0 0.0
0.028398309 0.0 0.019831968 0.0 0.0 0.0 0.0 0.0 0.0 0.0 0.0 0.0 0.0 0.0 0.015121328 0.0 0.05716337 0.0 0.0 0.0 0.18010174 0.053828042 0.0 0.0 0.0 0.0 0.0 0.012983364 0.0 0.0 0.0 0.0 0.0 0.0548085 0.047965486 0.0 0.0047453614 0.0 0.13178818 0.05921072 0.06470652 0.0 0.044793915 0.0 0.03289171 0.0025962607 0.0 0.035471324 0.09656052 0.032041285 0.0 0.035790797 0.0 0.03876006 0.042276457 0.0
0.15955721 0.0 0.0 0.115158774 0.0 0.0 0.0 0.0 0.0 0.0 0.0 0.0 0.0 0.04902807 0.0 0.0 0.0 0.0 0.0 0.0 0.018887462 0.028932687 0.0 0.0 0.0 0.022674745 0.012983363 0.0659241 0.0 0.0 0.0 0.0 0.0 0.15146257 0.033480234 0.0 0.019399736 0.0 0.0 0.006015703 0.0852143 0.0 0.008623643 0.0 0.030804137 0.026661182 0.0 0.0 0.0 0.06894401 0.0 0.07343347 0.0 0.0 0.0 0.00361259
0.0 0.0 0.0 0.0 0.0 0.21282999 0.0 0.005923436 0.0 0.014488999 0.0 0.0078052166 0.0 0.0 0.0 0.16394524 0.0 0.0 0.0 0.0 0.0 0.0 0.0 0.0 0.0 0.0 0.0 0.0 0.0 0.0 0.0 0.0 0.011192791 0.0 0.0 0.083869144 0.2894566 0.0 0.0 0.0 0.0 0.0 0.0 0.0 0.03547851 0.0 0.0 0.0 0.0 0.0 0.0 0.0 0.0 0.0 0.0 0.20953766
0.0 0.0 0.0 0.0 0.0 0.024683984 0.0 0.04011783 0.0 0.0 0.0 0.0 0.0 0.0 0.0 0.0 0.0 0.00898214 0.0 0.042231124 0.0 0.0 0.087388344 0.071411 0.0 0.17620401 0.0 0.0 0.0 0.0 0.0 0.0 0.05759312 0.0 0.023597581 0.0 0.0 0.0 0.0 0.0 0.04683151 0.0 0.0 0.0 0.029975582 0.0 0.0 0.032457583 0.0 0.0 0.08995575 0.0023193678 0.0 0.06307526 0.14922728 0.0
0.07690345 0.0 0.0 0.0 0.0 0.0 0.055517055 0.0 0.0 0.15139279 0.012587928 0.0 0.0 0.0 0.0 0.0 0.094950534 0.0 0.04824422 0.0 0.07295594 0.0 0.0 0.0 0.0 0.053542864 0.0 0.0 0.0 0.0 0.0 0.0 0.0 0.035969887 0.20016521 0.0 0.0 0.0645676 0.0 0.0 0.0 0.03547426 0.043796886 0.0 0.0 0.0 0.0 0.010973577 0.0 0.0 0.0 0.0 0.0 0.0 0.0 0.0
0.0 0.0 0.09854422 0.0 0.0 0.0 0.05563394 0.0 0.0 0.0 0.0 0.034277588 0.0 0.0 0.21091686 0.0 0.04725401 0.0 0.0 0.0 0.0 0.0 0.0021570672 0.058791805 0.0 0.019459931 0.0 0.0 0.0 0.0 0.0 0.0 0.12492723 0.0 0.0 0.012729458 0.0 0.0 0.0 0.0 0.0 0.0 0.0 0.0 0.0 0.0 0.0 0.0 0.21078175 0.0 0.0 0.0 0.0 0.08414773 0.054901514 0.0
0.0 0.0 0.0 0.0 0.0 0.0 0.0 0.0 0.025278753 0.0 0.0 0.04510952 0.0 0.0 0.0 0.0 0.22178164 0.02199212 0.07008388 0.0 0.0029403474 0.045043305 0.0 0.0 0.18342106 0.0 0.0 0.0 0.01119279 0.05759312 0.0 0.12492723 0.0 0.0 0.0 0.0 0.0 0.0 0.032214414 0.0 0.0 0.079104744 0.0 0.04261131 0.014408183 0.03580846 0.0 0.05370981 0.0 0.0 0.0 0.0 0.06361926 0.0 0.0 0.0
0.06589032 0.0 0.0 0.0 0.0 0.0 0.0 0.0 0.0 0.0 0.013786734 0.0 0.0 0.10916257 0.0 0.0 0.0 0.0 0.0 0.0 0.0 0.0 0.0 0.0 0.0 0.067100585 0.0548085 0.15146257 0.0 0.0 0.035969887 0.0 0.0 0.0 0.10052389 0.0011076174 0.10355607 0.05599032 0.0 0.0 0.00995894 0.0 0.016799567 0.0 0.02768631 0.0 0.0 0.0 0.0 0.0 0.0 0.0 0.0 0.043081935 0.071308464 0.0
0.0 0.0 0.0 0.027412621 0.0 0.0 0.0 0.0 0.17164104 0.0 0.0 0.0 0.18863206 0.0 0.0029849927 0.0 0.0 0.023486434 0.0 0.0 0.007871557 0.0 0.0 0.0 0.0 0.0 0.047965486 0.033480234 0.0 0.023597581 0.20016521 0.0 0.0 0.10052389 0.0 0.046116706 0.025821678 0.0 0.05436206 0.0 0.0 0.0 0.0 0.0 0.0 0.0 0.0 0.0 0.005152732 0.0 0.0 0.0 0.0 0.0 0.0 0.05166418
0.0 0.042538587 0.0 0.0 0.024347428 0.0 0.0 0.0 0.0 0.0 0.0 0.0 0.02118005 0.0 0.036384545 0.064684734 0.010187269 0.020033289 0.061182383 0.090497315 0.0 0.023797361 0.0 0.0 0.0 0.0 0.0 0.0 0.083869144 0.0 0.0 0.012729458 0.0 0.0011076173 0.046116706 0.0 0.0 0.0 0.0 0.0 0.0 0.0 0.0 0.0 0.0 0.022111379 0.0 0.0 0.0 0.0 0.0 0.0 0.0 0.0 0.0 0.17872258
0.0 0.0 0.0 0.0 0.0 0.0 0.0 0.0 0.0 0.018135125 0.0 0.0 0.0034114143 0.0 0.011279679 0.027156776 0.0 0.06568767 0.07744714 0.0 0.0 0.0 0.0 0.0 0.037305128 0.0 0.004745362 0.019399736 0.28945664 0.0 0.0 0.0 0.0 0.10355607 0.025821676 0.0 0.0 0.0 0.05901883 0.023071611 0.0 0.0 0.058277085 0.2313069 0.0061133173 0.0 0.0 0.0 0.0 0.0 0.0 0.0 0.0 0.0 0.0 0.0
0.0 0.0 0.028321734 0.0 0.0284469 0.0 0.009883316 0.0 0.0 0.0 0.0025766692 0.06861547 0.0 0.0 0.20106047 0.0 0.034698643 0.0 0.10177679 0.0 0.05990872 0.0 0.0 0.0 0.0 0.024706235 0.0 0.0 0.0 0.0 0.0645676 0.0 0.0 0.05599032 0.0 0.0 0.0 0.2252504 0.0 0.0 0.0 0.0 0.017118435 0.0 0.0 0.0 0.017217085 0.0 0.010820664 0.0 0.0 0.0 0.0 0.0 0.0 0.0
0.0052984683 0.0 0.0 0.0 0.0035107187 0.0 0.0 0.047131434 0.0 0.027647993 0.0 0.0 0.0 0.0 0.0 0.056138065 0.0 0.0 0.0 0.0 0.0 0.0 0.079590894 0.0 0.0 0.0 0.13178816 0.0 0.0 0.0 0.0 0.0 0.03221441 0.0 0.05436206 0.0 0.05901883 0.0 0.03314644 0.0 0.01002148 0.0 0.0 0.0 0.11519566 0.0 0.0 0.04622128 0.0 0.0 0.2200183 0.0 0.0 0.025043318 0.0 0.0
0.028794589 0.16135539 0.0 0.0 0.0 0.0 0.26388466 0.0 0.0 0.0 0.0 0.0 0.0 0.09760696 0.0 0.0 0.0 0.0 0.0 0.03623766 0.12653913 0.0 0.0 0.0 0.0 0.0 0.05921072 0.0060157026 0.0 0.0 0.0 0.0 0.0 0.0 0.0 0.0 0.023071611 0.0 0.0 0.0 0.0 0.0068584075 0.0 0.0 0.020379983 0.042056803 0.06911106 0.0 0.0 0.0 0.007940926 0.0 0.0 0.0 0.0 0.0
0.009184775 0.0 0.017555017 0.00032716402 0.0 0.0116732875 0.0 0.18955271 0.0 0.0 0.0 0.013262643 0.0 0.084258825 0.0 0.035981663 0.0 0.0 0.0 0.14333029 0.0 0.0 0.093590684 0.040113565 0.043117546 0.0 0.06470652 0.0852143 0.0 0.04683151 0.0 0.0 0.0 0.00995894 0.0 0.0 0.0 0.0 0.01002148 0.0 0.0 0.0 0.0 0.017640695 0.0 0.0 0.0 0.0 0.0 0.0 0.054656398 0.0 0.0 0.0 0.0 0.0
0.0 0.0 0.0 0.0 0.00621915 0.008178187 0.031027192 0.0 0.0 0.0 0.0 0.0 0.0 0.0 0.0 0.07185433 0.0 0.0 0.0 0.08591604 0.0 0.0 0.09640401 0.0 0.020340534 0.0 0.0 0.0 0.0 0.0 0.03547426 0.0 0.07910475 0.0 0.0 0.0 0.0 0.0 0.0 0.0068584075 0.0 0.13076378 0.0020309743 0.041639984 0.0 0.0 0.0 0.0 0.0 0.0 0.0 0.0 0.04092659 0.0106289135 0.07333514 0.12160208
0.1471187 0.0 0.0 0.042070433 0.0 0.0 0.01642566 0.0 0.0 0.0 0.0 0.0 0.0 0.052862532 0.0 0.0010129261 0.0 0.07232325 0.0 0.036900233 0.0 0.0 0.09269188 0.0 0.0 0.08206082 0.044793915 0.008623643 0.0 0.0 0.043796886 0.0 0.0 0.016799567 0.0 0.0 0.058277085 0.017118433 0.0 0.0 0.0 0.0020309743 0.0 0.0 0.08790716 0.0 0.0 0.0 0.0 0.0 0.0 0.0 0.0 0.0 0.07942487 0.025949715
0.0 0.10769544 0.0 0.0 0.0 0.01572513 0.0 0.02516877 0.0 0.0 0.082828976 0.0 0.0 0.0 0.0 0.0 0.0 0.0 0.0 0.0 0.0 0.0 0.0 0.103326686 0.0 0.0 0.0 0.0 0.0 0.0 0.0 0.0 0.04261131 0.0 0.0 0.0 0.23130688 0.0 0.0 0.0 0.017640695 0.04163998 0.0 0.0 0.13147885 0.0 0.0 0.0 0.0 0.0 0.0 0.0 0.035498496 0.004053575 0.0 0.0
0.0 0.0 0.00325361 0.0 0.0 0.0 0.0 0.0 0.0725463 0.056313746 0.086647324 0.0 0.1030824 0.0 0.010367227 0.0 0.0 0.023885516 0.09125766 0.0 0.0 0.086434364 0.0 0.0 0.007398424 0.0 0.03289171 0.030804137 0.03547851 0.029975582 0.0 0.0 0.014408181 0.02768631 0.0 0.0 0.006113318 0.0 0.11519567 0.020379983 0.0 0.0 0.08790715 0.13147885 0.0 0.0 0.04378309 0.0 0.0 0.063844174 0.0 0.0 0.0017417688 0.0033594312 0.0 0.0
0.0 0.0 0.07594811 0.20937434 0.016162612 0.0 0.0 0.0 0.0 0.0 0.0 0.0 0.042434208 0.0005685069 0.0 0.059822302 0.0 0.0 0.0 0.0 0.0 0.0 0.02168526 0.0 0.0 0.0609314 0.002596261 0.026661182 0.0 0.0 0.0 0.0 0.035808463 0.0 0.0 0.022111379 0.0 0.0 0.0 0.042056803 0.0 0.0 0.0 0.0 0.0 0.0 0.0 0.0 0.18921487 0.0 0.0 0.0 0.0 0.125521 0.001863654 0.0
0.0 0.0 0.0 0.0 0.0 0.0 0.0 0.06892475 0.0 0.0 0.0 0.0 0.0 0.06907173 0.015228442 0.075045384 0.0 0.07253194 0.0 0.0 0.0 0.0 0.12523584 0.0 0.0 0.009305474 0.0 0.0 0.0 0.0 0.0 0.0 0.0 0.0 0.0 0.0 0.0 0.017217083 0.0 0.06911106 0.0 0.0 0.0 0.0 0.04378309 0.0 0.0 0.0 0.0 0.0 0.2080452 0.0 0.0 0.0 0.074719034 0.0
0.0 0.0 0.17656694 0.06718445 0.0 0.0 0.0 0.0 0.0 0.0 0.0 0.13183522 0.013173012 0.0 0.0 0.0 0.0 0.19282943 0.0 0.0 0.08935483 0.016166989 0.0 0.0 0.113969296 0.0 0.035471324 0.0 0.0 0.032457583 0.010973577 0.0 0.05370981 0.0 0.0 0.0 0.0 0.0 0.04622128 0.0 0.0 0.0 0.0 0.0 0.0 0.0 0.0 0.0 0.01484497 0.047203258 0.0 0.0 0.0 0.0 0.0 0.0
0.0 0.0 0.0 0.0 0.0 0.07694792 0.0 0.0 0.0 0.0 0.0 0.0596835 0.0 0.0 0.0 0.0 0.026094282 0.076205514 0.0 0.11761663 0.0 0.0 0.0457662 0.0 0.06151706 0.04795351 0.09656052 0.0 0.0 0.0 0.0 0.21078175 0.0 0.0 0.0051527317 0.0 0.0 0.010820664 0.0 0.0 0.0 0.0 0.0 0.0 0.0 0.18921486 0.0 0.014844969 0.0 0.018145911 0.0 0.0 0.0009014957 0.0 0.0 0.0
0.0 0.0 0.0 0.0 0.0 0.0 0.0 0.0 0.0 0.0 0.019343434 0.0 0.0 0.05026366 0.0 0.0 0.0 0.0 0.0 0.0 0.0 0.041916333 0.20400552 0.0 0.0 0.037415944 0.032041285 0.068944015 0.0 0.0 0.0 0.0 0.0 0.0 0.0 0.0 0.0 0.0 0.0 0.0 0.0 0.0 0.0 0.0 0.063844174 0.0 0.0 0.047203254 0.01814591 0.024827909 0.13556705 0.0 0.0 0.0 0.03264931 0.0
0.0 0.0 0.1747076 0.024817823 0.0 0.0 0.0 0.0 0.0 0.0 0.0 0.015863089 0.0 0.051300302 0.0 0.0 0.021570152 0.0 0.009913167 0.0 0.0 0.0 0.0 0.0 0.0 0.0 0.0 0.0 0.0 0.08995575 0.0 0.0 0.0 0.0 0.0 0.0 0.0 0.0 0.2200183 0.007940926 0.054656405 0.0 0.0 0.0 0.0 0.0 0.2080452 0.0 0.0 0.13556705 0.0 0.11203543 0.04656733 0.02335035 0.0 0.0
0.0 0.0 0.0 0.0 0.0 0.0 0.0 0.0 0.0 0.0 0.011748806 0.0 0.0 0.07517415 0.0 0.038571432 0.0 0.0 0.0 0.0 0.0 0.03361695 0.0 0.054668784 0.0 0.0 0.035790797 0.07343347 0.0 0.0023193676 0.0 0.0 0.0 0.0 0.0 0.0 0.0 0.0 0.0 0.0 0.0 0.0 0.0 0.0 0.0 0.0 0.0 0.0 0.0 0.0 0.11203543 0.4672056 0.0 0.0 0.0 0.0
0.0 0.19309929 0.0 0.0 0.025410732 0.011574188 0.0 0.1889949 0.0 0.0 0.0 0.0 0.0 0.0 0.035003554 0.0 0.0016031079 0.0 0.0 0.0 0.0 0.0 0.024146887 0.13700189 0.12296534 0.0 0.0 0.0 0.0 0.0 0.0 0.0 0.06361926 0.0 0.0 0.0 0.0 0.0 0.0 0.0 0.0 0.04092659 0.0 0.035498492 0.0017417688 0.0 0.0 0.0 0.00090149563 0.0 0.04656733 0.0 0.0 0.002876351 0.0 0.0
0.016762763 0.0 0.0 0.034207597 0.046084907 0.0057791825 0.015396832 0.0 0.0 0.0 0.0 0.06347477 0.0 0.08272426 0.0 0.0 0.0 0.07004171 0.059838314 0.021288874 0.017089713 0.0 0.12259823 0.0 0.0675392 0.0 0.03876006 0.0 0.0 0.06307527 0.0 0.08414773 0.0 0.043081935 0.0 0.0 0.0 0.0 0.025043318 0.0 0.0 0.0106289135 0.0 0.004053575 0.0033594312 0.12552102 0.0 0.0 0.0 0.0 0.023350352 0.0 0.002876351 0.0 0.0 0.0
0.0 0.0 0.028492754 0.11664542 0.0 0.0 0.08544328 0.0 0.023087889 0.0 0.0 0.010038133 0.0 0.0094639715 0.0 0.0 0.049405023 0.0 0.0065786648 0.0 0.17384087 0.03446026 0.0 0.0 0.042492658 0.0 0.042276457 0.0 0.0 0.14922728 0.0 0.054901514 0.0 0.071308464 0.0 0.0 0.0 0.0 0.0 0.0 0.0 0.07333514 0.079424866 0.0 0.0 0.001863654 0.074719034 0.0 0.0 0.032649312 0.0 0.0 0.0 0.0 0.0 0.0
0.0 0.0 0.0 0.0 0.0 0.0 0.0 0.19373207 0.0 0.0 0.0 0.0 0.0 0.2263645 0.0 0.0 0.0 0.0 0.0 0.0 0.0 0.0 0.0 0.0 0.0 0.0 0.0 0.00361259 0.20953766 0.0 0.0 0.0 0.0 0.0 0.051664185 0.17872258 0.0 0.0 0.0 0.0 0.0 0.12160208 0.025949715 0.0 0.0 0.0 0.0 0.0 0.0 0.0 0.0 0.0 0.0 0.0 0.0 0.036124922
