0.09483916 0.0 0.0 0.0 0.0 0.0028880215 0.052571896 0.059304208 0.0 0.13583857 0.0 0.0071951183 0.0 0.054348454 0.0 0.0 0.0 0.0 0.0 0.07720619 0.007818539 0.014040538 0.017098188 0.020775484 0.0 0.0 0.0 0.0 0.0 0.0 0.0 0.0 0.0 0.044108417 0.17962697 0.07527015 0.025824437 0.0 0.025328035 0.0 0.0 0.0 0.0 0.04014459 0.11101545 0.0 0.0 0.0 0.0 0.0 0.0 0.064477645 0.0 0.0 0.012209972 0.002031763
0.0 0.0 0.0 0.0 0.0 0.0 0.0 0.01996031 0.0 0.0 0.0 0.029021071 0.0 0.0 0.0 0.0 0.0 0.0 0.02519444 0.0 0.0 0.021894239 0.0 0.0 0.12647764 0.0 0.0 0.0 0.0 0.0 0.009650532 0.0 0.0 0.0012475393 0.0 0.0 0.0 0.0 0.0 0.0 0.10306292 0.0 0.05329215 0.0 0.0 0.0 0.045591433 0.0 0.0 0.0 0.0 0.029717153 0.04026368 0.028677057 0.09034481 0.11280409
0.0 0.0 0.0 0.0 0.15525976 0.0 0.0 0.0 0.0 0.0 0.0 0.0842027 0.0 0.0 0.04233251 0.0 0.044930205 0.0 0.057805188 0.0 0.0 0.048261095 0.0 0.0 0.07015641 0.0 0.0 0.0 0.15081546 0.07878952 0.0 0.0 0.0 0.0 0.0 0.006122585 0.0 0.0 0.0 0.0 0.0 0.0 0.010336861 0.12340374 0.0 0.039311886 0.0 0.0 0.0 0.0 0.0 0.0 0.18925579 0.0 0.0 0.0
0.0 0.0 0.0 0.4663947 0.0 0.0 0.0 0.0 0.0 0.0 0.020573331 0.0 0.0 0.0 0.0 0.0 0.0 0.023371557 0.030086173 0.02385498 0.0 0.024021361 0.0 0.0 0.021777043 0.0 0.0 0.03715742 0.0 0.0 0.15823823 0.0 0.023614667 0.0 0.0 0.0 0.0 0.0033938803 0.011978216 0.07821419 0.0 0.0 0.0 0.0046823192 0.0 0.0 0.0 0.0 0.0 0.0 0.0032480936 0.0 0.011561778 0.014538608 0.0 0.0
0.0 0.0 0.15525974 0.0 0.0 0.009927549 0.0 0.0 0.032519445 0.0 0.0 0.007624955 0.0 0.0 0.0 0.0 0.0 0.0 0.0 0.0 0.0 0.14266379 0.0 0.0 0.03624172 0.0 0.0 0.0 0.023615466 0.0 0.0 0.0 0.0 0.011191545 0.0 0.0 0.0 0.04482083 0.0 0.009966949 0.052907664 0.0 0.08658933 0.051309705 0.0 0.004607847 0.08462091 0.0 0.0 0.0 0.0 0.0 0.0 0.045161087 0.0 0.10942493
0.0028880218 0.0 0.0 0.0 0.009927549 0.0 0.07217708 0.0 0.0 0.0 0.10516065 0.0 0.0 0.0 0.0 0.0 0.016780538 0.03027036 0.0 0.0 0.0 0.09415514 0.0 0.010046029 0.033105355 0.0 0.08409657 0.0 0.0 0.0 0.0 0.018459018 0.0 0.025468925 0.020528786 0.0 0.07068785 0.0 0.0020446382 0.0 0.0 0.0 0.0 0.034298297 0.055026986 0.055167012 0.0 0.024784954 0.0 0.0 0.014478677 0.14128502 0.0 0.01790186 0.0 0.0
0.052571896 0.0 0.0 0.0 0.0 0.07217709 0.0 0.0 0.0 0.03649006 0.0 0.0 0.0 0.0 0.0 0.0 0.0 0.0 0.0 0.0 0.012769426 0.0 0.0 0.0 0.0 0.0 0.0 0.0 0.0 0.0 0.0073422054 0.0 0.0 0.0 0.0 0.0 0.11284393 0.0722278 0.079909004 0.0 0.0 0.0 0.0 0.0 0.16488482 0.0 0.0 0.15057632 0.0 0.0 0.080814056 0.0 0.0 0.0 0.027180105 0.0
0.059304208 0.01996031 0.0 0.0 0.0 0.0 0.0 0.10881389 0.0 0.016513579 0.0 0.0 0.032855507 0.11899769 0.0 0.0 0.0 0.0 0.0 0.033635892 0.04104538 0.0 0.0 0.091955625 0.0 0.0 0.09704472 0.027345862 0.17131996 0.0 0.0 0.0 0.0 0.032744925 0.019162772 0.03061935 0.0 0.0 0.0 0.0 0.040656906 0.0 0.0 0.0 0.0 0.0 0.02664855 0.0 0.0 0.0 0.029394379 0.10388707 0.0 0.0 0.0 0.0
0.0 0.0 0.0 0.0 0.03251944 0.0 0.0 0.0 0.0 0.0 0.04941783 0.014088443 0.0 0.0 0.0 0.111009054 0.0 0.0 0.0 0.0 0.0 0.016579736 0.0 0.0 0.051187973 0.0 0.034228444 0.1367604 0.0 0.0 0.13269742 0.0 0.0052416124 0.0 0.0 0.0 0.0 0.0 0.034657635 0.053729028 0.07969952 0.0 0.03895226 0.0 0.0 0.0 0.0 0.0 0.009985514 0.0 0.040903673 0.0 0.0 0.018443072 0.0 0.0
0.13583857 0.0 0.0 0.0 0.0 0.0 0.03649006 0.016513579 0.0 0.16336812 0.0 0.0 0.0 0.0 0.0 0.0 0.0 0.0 0.0 0.064215176 0.0 0.0 0.021513622 0.08181781 0.0 0.0 0.0 0.0 0.006803388 0.0 0.0 0.0 0.0 0.06506583 0.05880396 0.07746613 0.1059034 0.042005386 0.030740084 0.0 0.0 0.0 0.0 0.0 0.05011438 0.0 0.0 0.045245808 0.0 0.0 0.0 0.052074615 0.0009874698 0.0 0.0 0.0
0.0 0.0 0.0 0.020573331 0.0 0.10516065 0.0 0.0 0.04941783 0.0 0.1411954 0.0 0.0044010673 0.0 0.0 0.0024194492 0.016824218 0.010252902 0.0 0.0 0.009839737 0.0 0.11839085 0.03141376 0.0 0.019248188 0.0 0.0 0.0 0.0 0.07337871 0.11062943 0.0 0.0066923606 0.0 0.0 0.0 0.034614533 0.07413948 0.041150536 0.013626902 0.0004080146 0.0 0.102928035 0.0 0.01606077 0.0 0.0 0.0 0.0 0.0 0.008155331 0.0 0.024063352 0.0 0.0
0.0071951183 0.029021071 0.08420271 0.0 0.0076249545 0.0 0.0 0.0 0.014088443 0.0 0.0 0.0 0.0 0.0 0.15199666 0.056427922 0.022540009 0.0 0.0 0.0 0.0 0.0 0.0 0.015064631 0.0 0.0 0.0 0.0 0.113376044 0.0 0.0 0.05377267 0.0 0.0 0.0 0.027235745 0.0 0.0 0.0 0.0 0.0 0.0 0.14053881 0.0 0.0 0.05352212 0.02679571 0.0 0.0 0.0 0.0 0.0 0.13633212 0.0 0.0 0.056339696
0.0 0.0 0.0 0.0 0.0 0.0 0.0 0.032855507 0.0 0.0 0.0044010673 0.0 0.022618484 0.0 0.0 0.0 0.0 0.013167167 0.0 0.0 0.0 0.0 0.0 0.0 0.0 0.0 0.0 0.0 0.0 0.0 0.0 0.0 0.0 0.0 0.0 0.0 0.0 0.0 0.0 0.0 0.14522019 0.20656402 0.0 0.0 0.0 0.0 0.099815466 0.0 0.0 0.025266163 0.09066822 0.008182817 0.0 0.24094768 0.03356232 0.101114914
0.054348454 0.0 0.0 0.0 0.0 0.0 0.0 0.11899769 0.0 0.0 0.0 0.0 0.0 0.2391351 0.0 0.0 0.0 0.0 0.0 0.0 0.0 0.0 0.017067015 0.119397916 0.0 0.0074275797 0.08244326 0.0 0.0 0.0 0.0 0.0 0.0 0.0 0.010231351 0.0 0.0 0.0 0.0 0.0 0.02714174 0.0 0.0 0.0 0.0 0.0 0.0 0.0 0.0 0.032045856 0.21459386 0.03626921 0.0 0.0 0.0054587657 0.0
0.0 0.0 0.04233251 0.0 0.0 0.0 0.0 0.0 0.0 0.0 0.0 0.15199666 0.0 0.0 0.08305565 0.0 0.0 0.0 0.05059542 0.0 0.0 0.0 0.0 0.04379068 0.006372835 0.0 0.0 0.0 0.19515467 0.0 0.0 0.0 0.0 0.0 0.0 0.080249794 0.032352872 0.0 0.0 0.0 0.0 0.0 0.0 0.0 0.0 0.0 0.0 0.0 0.0 0.0 0.0 0.001074284 0.0 0.0 0.0 0.04174949
0.0 0.0 0.0 0.0 0.0 0.0 0.0 0.0 0.111009054 0.0 0.002419449 0.05642792 0.0 0.0 0.0 0.0 0.0 0.08726954 0.102051 0.012620827 0.05304042 0.03780866 0.0 0.0 0.05774533 0.0 0.0 0.0 0.0 0.14075978 0.0 0.0 0.0 0.0 0.0 0.0 0.0 0.0 0.033434372 0.0 0.0 0.0 0.0 0.012159675 0.06024653 0.0 0.0033006913 0.0 0.0 0.0 0.0 0.0 0.16037737 0.0 0.0 0.0
0.0 0.0 0.0449302 0.0 0.0 0.016780538 0.0 0.0 0.0 0.0 0.016824216 0.022540009 0.0 0.0 0.0 0.0 0.10940283 0.053851977 0.028890599 0.005499885 0.0 0.0 0.0 0.006209125 0.0 0.0 0.03802406 0.034655016 0.0 0.0 0.0 0.05616719 0.084607296 0.0 0.0 0.0 0.0 0.11167385 0.0 0.0 0.0 0.0 0.0 0.06449011 0.0 0.1034404 0.0 0.0 0.0 0.0 0.12449658 0.0 0.078204796 0.0 0.0 0.0
0.0 0.0 0.0 0.023371557 0.0 0.03027036 0.0 0.0 0.0 0.0 0.010252902 0.0 0.013167168 0.0 0.0 0.08726954 0.053851977 0.0 0.010046937 0.0 0.0 0.0 0.031521615 0.0 0.0 0.1477879 0.0 0.0 0.0 0.0 0.13362646 0.036769766 0.0 0.0 0.0 0.005399176 0.0 0.09325179 0.0 0.11817295 0.018622473 0.0 0.02670257 0.017808856 0.0 0.0 0.05720505 0.0 0.0 0.0 0.043881763 0.0 0.0 0.046989046 0.0 0.0
0.0 0.02519444 0.057805184 0.030086173 0.0 0.0 0.0 0.0 0.0 0.0 0.0 0.0 0.0 0.0 0.050595418 0.102051 0.028890599 0.010046937 0.18182942 0.0 0.016327156 0.012389957 0.0 0.0 0.09195155 0.0 0.041196615 0.0 0.0 0.0 0.10469933 0.016509468 0.0 0.0 0.0 0.018573772 0.0 0.0 0.0 0.0 0.0 0.0 0.0 0.0 0.0 0.0 0.0 0.0 0.0 0.0 0.0 0.0048512286 0.17761159 0.0 0.0 0.0
0.07720619 0.0 0.0 0.023854978 0.0 0.0 0.0 0.03363589 0.0 0.064215176 0.0 0.0 0.0 0.0 0.0 0.012620827 0.005499885 0.0 0.0 0.0 0.110838555 0.0 0.0 0.0 0.03999731 0.06461449 0.060335457 0.0 0.0 0.017879166 0.0 0.0 0.0 0.042080138 0.0062313764 0.0 0.047208194 0.0 0.0 0.0 0.0 0.0 0.0 0.0 0.013380147 0.0 0.0 0.0 0.044095267 0.0842792 0.0 0.024060534 0.0 0.0 0.0 0.08089055
0.007818539 0.0 0.0 0.0 0.0 0.0 0.012769425 0.041045375 0.0 0.0 0.009839738 0.0 0.0 0.0 0.0 0.05304042 0.0 0.0 0.016327154 0.11083855 0.0 0.08066822 0.0 0.0 0.0 0.0 0.11807119 0.0 0.0 0.0 0.0 0.0 0.0 0.0 0.0 0.0 0.27547598 0.0 0.0 0.0 0.0 0.0 0.0 0.0 0.025110235 0.0 0.0 0.0 0.0 0.0 0.009524209 0.0028497612 0.0 0.0 0.01641146 0.0
0.014040539 0.021894237 0.048261095 0.024021363 0.1426638 0.09415515 0.0 0.0 0.016579734 0.0 0.0 0.0 0.0 0.0 0.0 0.037808657 0.0 0.0 0.012389957 0.0 0.08066821 0.0 0.0 0.0 0.07673167 0.0 0.0 0.0 0.0 0.0 0.0 0.0 0.072278805 0.0 0.0 0.0 0.0 0.0 0.0 0.0 0.0 0.04822034 0.13420017 0.0 0.0 0.0 0.0047207056 0.0 0.0 0.0 0.0 0.0 0.10062137 0.0 0.0 0.0
0.01709819 0.0 0.0 0.0 0.0 0.0 0.0 0.0 0.0 0.021513622 0.11839086 0.0 0.0 0.017067013 0.0 0.0 0.0 0.031521615 0.0 0.0 0.0 0.0 0.0 0.14905973 0.00029817806 0.035742108 0.0 0.0 0.0 0.02094424 0.0 0.0 0.0 0.0 0.08948055 0.008193721 0.06328164 0.017180756 0.0 0.0 0.0 0.0 0.0 0.0 0.14101711 0.05378466 0.0 0.0 0.11057355 0.074815646 0.0 0.07521355 0.0 0.0 0.009972832 0.0
0.020775484 0.0 0.0 0.0 0.0 0.010046029 0.0 0.09195562 0.0 0.08181781 0.03141376 0.015064631 0.0 0.119397916 0.04379068 0.0 0.006209125 0.0 0.0 0.0 0.0 0.0 0.14905974 0.0 0.0 0.0 0.0 0.0 0.002860213 0.06982113 0.05835079 0.024984136 0.0 0.0918518 0.03744261 0.0 0.0 0.0 0.039345056 0.0 0.012128139 0.0 0.0 0.0 0.020641968 0.009494956 0.0 0.0 0.046147473 0.0 0.0 0.0 0.0 0.0 0.0 0.0
0.0 0.12647764 0.0701564 0.021777045 0.03624172 0.03310535 0.0 0.0 0.051187973 0.0 0.0 0.0 0.0 0.0 0.006372835 0.05774533 0.0 0.0 0.09195155 0.03999731 0.0 0.076731674 0.00029817803 0.0 0.0 0.0 0.0 0.0 0.0 0.0 0.0075626243 0.0 0.0 0.006717865 0.0 0.0 0.0 0.0396424 0.0 0.0070439745 0.0 0.0 0.29289293 0.0 0.0 0.02446773 0.022371504 0.0 0.0 0.0 0.0 0.0 0.0 0.0 0.0 0.074665286
0.0 0.0 0.0 0.0 0.0 0.0 0.0 0.0 0.0 0.0 0.019248188 0.0 0.0 0.0074275797 0.0 0.0 0.0 0.14778791 0.0 0.06461449 0.0 0.0 0.035742108 0.0 0.0 0.13212447 0.0 0.0 0.0 0.0 0.026561696 0.1040916 0.0 0.0 0.0 0.008840563 0.0 0.06550505 0.0 0.0 0.014137651 0.0 0.0 0.0 0.0 0.034237474 0.016092777 0.0 0.112519786 0.016380835 0.060358632 0.0 0.0 0.0 0.12464273 0.0
0.0 0.0 0.0 0.0 0.0 0.08409657 0.0 0.09704472 0.034228444 0.0 0.0 0.0 0.0 0.08244326 0.0 0.0 0.03802406 0.0 0.041196615 0.06033546 0.1180712 0.0 0.0 0.0 0.0 0.0 0.0 0.0 0.0 0.0 0.0 0.0 0.0 0.010267991 0.17349525 0.004218721 0.042294294 0.0 0.0 0.018967401 0.0 0.0 0.0 0.0 0.0 0.009572325 0.0 0.0 0.008664448 0.13553922 0.0 0.025545744 0.0 0.0 0.0 0.0
0.0 0.0 0.0 0.037157416 0.0 0.0 0.0 0.027345862 0.1367604 0.0 0.0 0.0 0.0 0.0 0.0 0.0 0.034655016 0.0 0.0 0.0 0.0 0.0 0.0 0.0 0.0 0.0 0.0 0.0 0.0 0.0 0.0 0.0 0.0 0.0 0.0 0.0 0.0 0.0 0.0077495696 0.007491712 0.061310858 0.050909508 0.0 0.0037112976 0.029675439 0.0 0.039339192 0.0 0.07824344 0.110101834 0.0 0.0 0.0 0.2366361 0.0 0.038948793
0.0 0.0 0.15081546 0.0 0.023615466 0.0 0.0 0.17131996 0.0 0.006803388 0.0 0.113376044 0.0 0.0 0.19515468 0.0 0.0 0.0 0.0 0.0 0.0 0.0 0.0 0.002860213 0.0 0.0 0.0 0.0 0.0 0.0 0.0 0.0 0.17083429 0.0 0.0 0.0 0.01624956 0.088557 0.0 0.0 0.0 0.0 0.0 0.0 0.0 0.0 0.0 0.0 0.0 0.0 0.050304867 0.0 0.0 0.0 0.0 0.0
0.0 0.0 0.07878952 0.0 0.0 0.0 0.0 0.0 0.0 0.0 0.0 0.0 0.0 0.0 0.0 0.14075978 0.0 0.0 0.0 0.017879166 0.0 0.0 0.02094424 0.069821134 0.0 0.0 0.0 0.0 0.0 0.21002965 0.0 0.0 0.0 0.0 0.0 0.0 0.09669078 0.017527824 0.0 0.0 0.0 0.0 0.0074374103 0.123073354 0.0 0.0 0.0 0.0792611 0.0 0.0 0.07394571 0.0 0.0 0.0 0.0 0.0
0.0 0.009650532 0.0 0.15823822 0.0 0.0 0.0073422054 0.0 0.13269742 0.0 0.07337871 0.0 0.0 0.0 0.0 0.0 0.0 0.13362645 0.10469932 0.0 0.0 0.0 0.0 0.05835079 0.0075626243 0.026561696 0.0 0.0 0.0 0.0 0.0 0.0 0.0 0.0 0.0 0.0 0.0 0.03746455 0.0 0.0 0.0 0.06471014 0.0 0.010812422 0.0 0.0 0.016014736 0.0 0.0 0.0 0.0 0.08183354 0.0 0.0 0.0077841356 0.0
0.0 0.0 0.0 0.0 0.0 0.018459016 0.0 0.0 0.0 0.0 0.11062944 0.05377267 0.0 0.0 0.0 0.0 0.056167193 0.03676977 0.016509466 0.0 0.0 0.0 0.0 0.024984136 0.0 0.10409159 0.0 0.0 0.0 0.0 0.0 0.0 0.0 0.03405524 0.031667903 0.04932903 0.0 0.15664847 0.0 0.0 0.047469396 0.0 0.0 0.0 0.0 0.1375246 0.06374814 0.06669194 0.0 0.0 0.0 0.0017097507 0.0 0.0 0.0 0.0
0.0 0.0 0.0 0.023614667 0.0 0.0 0.0 0.0 0.005241613 0.0 0.0 0.0 0.0 0.0 0.0 0.0 0.084607296 0.0 0.0 0.0 0.0 0.072278805 0.0 0.0 0.0 0.0 0.0 0.0 0.17083429 0.0 0.0 0.0 0.0 0.0 0.0 0.011645687 0.0 0.0 0.0 0.09995379 0.0 0.0 0.0 0.055665527 0.03429557 0.004348874 0.0 0.0 0.0 0.0 0.0 0.0 0.0 0.07919645 0.0 0.30451688
0.044108417 0.0012475394 0.0 0.0 0.011191544 0.025468925 0.0 0.032744925 0.0 0.06506584 0.0066923606 0.0 0.0 0.0 0.0 0.0 0.0 0.0 0.0 0.042080134 0.0 0.0 0.0 0.09185179 0.006717865 0.0 0.010267991 0.0 0.0 0.0 0.0 0.03405524 0.0 0.0 0.020722594 0.0 0.15014651 0.04549414 0.0 0.0 0.0 0.0 0.0 0.0 0.024320893 0.0 0.0 0.02805318 0.0 0.0 0.0850606 0.040014032 0.0 0.0 0.04292623 0.0
0.17962697 0.0 0.0 0.0 0.0 0.020528784 0.0 0.019162772 0.0 0.058803964 0.0 0.0 0.0 0.010231351 0.0 0.0 0.0 0.0 0.0 0.0062313764 0.0 0.0 0.08948055 0.037442606 0.0 0.0 0.17349525 0.0 0.0 0.0 0.0 0.031667903 0.0 0.020722594 0.07977299 0.15567765 0.019663325 0.0 0.042016085 0.0 0.0 0.0 0.0 0.0 0.0 0.0 0.0 0.086281955 0.0 0.0 0.0 0.043979757 0.0 0.0 0.0 0.0
0.075270146 0.0 0.006122585 0.0 0.0 0.0 0.0 0.030619351 0.0 0.07746613 0.0 0.027235746 0.0 0.0 0.080249794 0.0 0.0 0.005399176 0.018573772 0.0 0.0 0.0 0.008193722 0.0 0.0 0.008840562 0.004218721 0.0 0.0 0.0 0.0 0.04932903 0.011645687 0.0 0.15567765 0.0 0.05148578 0.0 0.0 0.0 0.0 0.0 0.0 0.0 0.017246082 0.0 0.0 0.010794651 0.0 0.0 0.0 0.047379192 0.0 0.0 0.10057872 0.0
0.025824439 0.0 0.0 0.0 0.0 0.07068785 0.11284393 0.0 0.0 0.10590341 0.0 0.0 0.0 0.0 0.032352872 0.0 0.0 0.0 0.0 0.047208194 0.27547598 0.0 0.06328164 0.0 0.0 0.0 0.042294294 0.0 0.01624956 0.09669078 0.0 0.0 0.0 0.1501465 0.019663323 0.05148578 0.09623546 0.0 0.1033669 0.0 0.0 0.0 0.0 0.0 0.06231807 0.0 0.0 0.0 0.0 0.0 0.0 0.0 0.0 0.0 0.0 0.0
0.0 0.0 0.0 0.0033938803 0.04482083 0.0 0.07222779 0.0 0.0 0.04200539 0.034614533 0.0 0.0 0.0 0.0 0.0 0.111673854 0.09325179 0.0 0.0 0.0 0.0 0.017180756 0.0 0.0396424 0.06550506 0.0 0.0 0.088557 0.017527824 0.037464555 0.15664849 0.0 0.045494143 0.0 0.0 0.0 0.10528239 0.0 0.0 0.0 0.0 0.0 0.014751047 0.0 0.04250067 0.0 0.0 0.0 0.0 0.0 0.084859334 0.015975518 0.0 0.0 0.0
0.025328036 0.0 0.0 0.011978215 0.0 0.0020446382 0.079909004 0.0 0.03465764 0.030740084 0.07413949 0.0 0.0 0.0 0.0 0.033434372 0.0 0.0 0.0 0.0 0.0 0.0 0.0 0.03934506 0.0 0.0 0.0 0.0077495696 0.0 0.0 0.0 0.0 0.0 0.0 0.042016085 0.0 0.1033669 0.0 0.0 0.0 0.0 0.0 0.028705928 0.0 0.18493132 0.0 0.0 0.0 0.0 0.0 0.0 0.07914915 0.0 0.0 0.0 0.0
0.0 0.0 0.0 0.07821419 0.009966949 0.0 0.0 0.0 0.053729028 0.0 0.041150533 0.0 0.0 0.0 0.0 0.0 0.0 0.11817295 0.0 0.0 0.0 0.0 0.0 0.0 0.0070439745 0.0 0.018967401 0.007491712 0.0 0.0 0.0 0.0 0.09995379 0.0 0.0 0.0 0.0 0.0 0.0 0.0 0.031245757 0.1462418 0.0 0.0 0.0 0.0 0.0 0.0 0.16957228 0.2035973 0.0 0.0 0.0 0.0 0.1473423 0.0
0.0 0.10306292 0.0 0.0 0.052907664 0.0 0.0 0.040656906 0.07969952 0.0 0.013626901 0.0 0.14522019 0.02714174 0.0 0.0 0.0 0.018622473 0.0 0.0 0.0 0.0 0.0 0.012128139 0.0 0.01413765 0.0 0.06131086 0.0 0.0 0.0 0.047469396 0.0 0.0 0.0 0.0 0.0 0.0 0.0 0.031245759 0.1312602 0.23983787 0.0 0.007957703 0.0 0.0 0.13805884 0.0 0.018783614 0.022790669 0.0 0.0 0.0 0.040493842 0.0 0.0
0.0 0.0 0.0 0.0 0.0 0.0 0.0 0.0 0.0 0.0 0.00040801457 0.0 0.20656402 0.0 0.0 0.0 0.0 0.0 0.0 0.0 0.0 0.048220344 0.0 0.0 0.0 0.0 0.0 0.050909508 0.0 0.0 0.06471014 0.0 0.0 0.0 0.0 0.0 0.0 0.0 0.0 0.14624181 0.23983787 0.0 0.01676138 0.0 0.0 0.0 0.0 0.0 0.0 0.0 0.0 0.0 0.12929338 0.0 0.0 0.0
0.0 0.05329215 0.010336861 0.0 0.08658934 0.0 0.0 0.0 0.03895226 0.0 0.0 0.14053881 0.0 0.0 0.0 0.0 0.0 0.02670257 0.0 0.0 0.0 0.13420017 0.0 0.0 0.29289293 0.0 0.0 0.0 0.0 0.0074374103 0.0 0.0 0.0 0.0 0.0 0.0 0.0 0.0 0.028705928 0.0 0.0 0.01676138 0.08150457 0.0 0.0 0.021922424 0.0 0.0 0.0 0.05973237 0.0 0.0 0.052641507 0.0 0.0 0.0
0.04014459 0.0 0.12340374 0.0046823197 0.0513097 0.034298297 0.0 0.0 0.0 0.0 0.10292804 0.0 0.0 0.0 0.0 0.012159675 0.06449011 0.017808858 0.0 0.0 0.0 0.0 0.0 0.0 0.0 0.0 0.0 0.0037112976 0.0 0.12307335 0.010812422 0.0 0.05566553 0.0 0.0 0.0 0.0 0.014751046 0.0 0.0 0.007957703 0.0 0.0 0.114154115 0.0 0.08074891 0.0 0.0 0.0 0.014625587 0.0 0.0 0.022367992 0.0 0.0 0.0
0.11101545 0.0 0.0 0.0 0.0 0.055026986 0.16488484 0.0 0.0 0.050114382 0.0 0.0 0.0 0.0 0.0 0.06024653 0.0 0.0 0.0 0.0133801475 0.025110235 0.0 0.14101711 0.020641966 0.0 0.0 0.0 0.02967544 0.0 0.0 0.0 0.0 0.03429557 0.024320893 0.0 0.017246082 0.06231807 0.0 0.18493134 0.0 0.0 0.0 0.0 0.0 0.10898098 0.0 0.0 0.00509527 0.0 0.0 0.0 0.0011171164 0.0 0.0 0.0 0.0
0.0 0.0 0.039311882 0.0 0.004607847 0.055167016 0.0 0.0 0.0 0.0 0.01606077 0.05352212 0.0 0.0 0.0 0.0 0.1034404 0.0 0.0 0.0 0.0 0.0 0.05378466 0.009494956 0.024467733 0.03423747 0.009572325 0.0 0.0 0.0 0.0 0.13752462 0.004348874 0.0 0.0 0.0 0.0 0.04250067 0.0 0.0 0.0 0.0 0.021922424 0.08074891 0.0 0.0 0.0 0.19441013 0.0 0.0 0.055816736 0.10417958 0.0 0.0 0.0 0.0
0.0 0.045591433 0.0 0.0 0.084620915 0.0 0.0 0.026648548 0.0 0.0 0.0 0.026795711 0.099815466 0.0 0.0 0.0033006913 0.0 0.057205047 0.0 0.0 0.0 0.0047207056 0.0 0.0 0.022371504 0.016092777 0.0 0.03933919 0.0 0.0 0.016014736 0.063748136 0.0 0.0 0.0 0.0 0.0 0.0 0.0 0.0 0.13805884 0.0 0.0 0.0 0.0 0.0 0.0 0.0 0.0 0.0 0.0 0.0 0.0 0.0 0.07470958 0.1292148
0.0 0.0 0.0 0.0 0.0 0.024784954 0.15057632 0.0 0.0 0.04524581 0.0 0.0 0.0 0.0 0.0 0.0 0.0 0.0 0.0 0.0 0.0 0.0 0.0 0.0 0.0 0.0 0.0 0.0 0.0 0.07926111 0.0 0.066691935 0.0 0.02805318 0.08628195 0.010794651 0.0 0.0 0.0 0.0 0.0 0.0 0.0 0.0 0.00509527 0.19441013 0.0 0.11423082 0.0 0.0 0.0 0.0 0.0 0.0 0.0 0.0
0.0 0.0 0.0 0.0 0.0 0.0 0.0 0.0 0.009985515 0.0 0.0 0.0 0.0 0.0 0.0 0.0 0.0 0.0 0.0 0.04409527 0.0 0.0 0.11057355 0.046147473 0.0 0.11251978 0.008664448 0.07824344 0.0 0.0 0.0 0.0 0.0 0.0 0.0 0.0 0.0 0.0 0.0 0.16957226 0.018783616 0.0 0.0 0.0 0.0 0.0 0.0 0.0 0.0 0.0 0.079926126 0.04112513 0.0 0.10677931 0.21851598 0.0
0.0 0.0 0.0 0.0 0.0 0.0 0.0 0.0 0.0 0.0 0.0 0.0 0.025266161 0.032045856 0.0 0.0 0.0 0.0 0.0 0.0842792 0.0 0.0 0.074815646 0.0 0.0 0.016380835 0.13553922 0.110101834 0.0 0.0 0.0 0.0 0.0 0.0 0.0 0.0 0.0 0.0 0.0 0.2035973 0.022790669 0.0 0.05973237 0.014625587 0.0 0.0 0.0 0.0 0.0 0.0 0.0 0.03447537 0.0 0.0 0.08791244 0.0
0.0 0.0 0.0 0.0032480936 0.0 0.014478677 0.080814056 0.029394377 0.040903673 0.0 0.0 0.0 0.09066822 0.21459386 0.0 0.0 0.12449657 0.043881763 0.0 0.0 0.0095242085 0.0 0.0 0.0 0.0 0.060358636 0.0 0.0 0.05030487 0.0739457 0.0 0.0 0.0 0.0850606 0.0 0.0 0.0 0.0 0.0 0.0 0.0 0.0 0.0 0.0 0.0 0.05581674 0.0 0.0 0.079926126 0.0 0.0 0.0059713344 0.0 0.04922496 0.0 0.05336505
0.064477645 0.029717151 0.0 0.0 0.0 0.14128502 0.0 0.10388707 0.0 0.05207462 0.008155331 0.0 0.008182817 0.036269214 0.001074284 0.0 0.0 0.0 0.0048512286 0.024060534 0.0028497612 0.0 0.07521355 0.0 0.0 0.0 0.025545744 0.0 0.0 0.0 0.08183354 0.0017097507 0.0 0.04001403 0.043979757 0.047379192 0.0 0.08485934 0.07914914 0.0 0.0 0.0 0.0 0.0 0.0011171164 0.104179576 0.0 0.0 0.04112513 0.034475375 0.0059713344 0.011741861 0.0 0.0 0.0 0.0
0.0 0.04026368 0.18925579 0.011561777 0.0 0.0 0.0 0.0 0.0 0.0009874698 0.0 0.13633212 0.0 0.0 0.0 0.16037737 0.078204796 0.0 0.17761159 0.0 0.0 0.10062137 0.0 0.0 0.0 0.0 0.0 0.0 0.0 0.0 0.0 0.0 0.0 0.0 0.0 0.0 0.0 0.015975518 0.0 0.0 0.0 0.12929338 0.05264151 0.022367993 0.0 0.0 0.0 0.0 0.0 0.0 0.0 0.0 0.0 0.0 0.0 0.0
0.0 0.028677057 0.0 0.014538608 0.045161087 0.01790186 0.0 0.0 0.018443072 0.0 0.024063352 0.0 0.2409477 0.0 0.0 0.0 0.0 0.046989046 0.0 0.0 0.0 0.0 0.0 0.0 0.0 0.0 0.0 0.23663612 0.0 0.0 0.0 0.0 0.079196446 0.0 0.0 0.0 0.0 0.0 0.0 0.0 0.040493842 0.0 0.0 0.0 0.0 0.0 0.0 0.0 0.106779315 0.0 0.04922496 0.0 0.0 0.0 0.0 0.013725852
0.012209972 0.09034482 0.0 0.0 0.0 0.0 0.027180105 0.0 0.0 0.0 0.0 0.0 0.03356232 0.0054587657 0.0 0.0 0.0 0.0 0.0 0.0 0.016411457 0.0 0.009972832 0.0 0.0 0.12464273 0.0 0.0 0.0 0.0 0.0077841356 0.0 0.0 0.04292623 0.0 0.10057871 0.0 0.0 0.0 0.1473423 0.0 0.0 0.0 0.0 0.0 0.0 0.07470958 0.0 0.21851599 0.08791244 0.0 0.0 0.0 0.0 0.026445229 0.0
0.0020317629 0.11280409 0.0 0.0 0.10942492 0.0 0.0 0.0 0.0 0.0 0.0 0.056339696 0.101114914 0.0 0.04174949 0.0 0.0 0.0 0.0 0.08089055 0.0 0.0 0.0 0.0 0.07466529 0.0 0.0 0.038948793 0.0 0.0 0.0 0.0 0.30451688 0.0 0.0 0.0 0.0 0.0 0.0 0.0 0.0 0.0 0.0 0.0 0.0 0.0 0.1292148 0.0 0.0 0.0 0.053365048 0.0 0.0 0.013725852 0.0 0.0
