0.0 0.0066847177 0.0 0.05047738 0.02263253 0.11012703 0.0 0.0 0.0 0.0 0.046248734 0.0029231259 0.14427938 0.0 0.0 0.0 0.0 0.03330444 0.0 0.012279648 0.0 0.0 0.005714435 0.0 0.0 0.0 0.0900086 0.0 0.0 0.0 0.13211025 0.0 0.15555114 0.0 0.0 0.0 0.025474766 0.0 0.0 0.0 0.0 0.0 0.0 0.0 0.0 0.0 0.030404901 0.006525542 0.03662608 0.0 0.15668766 0.0 0.0 0.0 0.019484779 0.0
0.0066847173 0.0 0.0 0.0 0.0 0.0 0.0 0.033080533 0.0 0.0 0.25976583 0.0 0.0 0.0 0.0 0.01148705 0.0 0.095431186 0.0 0.24589634 0.0 0.029156102 0.0 0.08287965 0.0 0.0 0.0 0.0 0.0 0.0 0.0 0.024841737 0.0 0.0 0.0 0.0 0.0 0.018799556 0.0 0.0 0.053858574 0.0 0.0 0.0 0.0 0.0 0.0 0.0 0.0 0.0 0.0 0.0 0.0 0.0 0.0 0.0
0.0 0.0 0.0 0.012800295 0.0 0.0 0.0 0.0 0.091710694 0.036365815 0.0 0.0 0.01276574 0.14596745 0.0 0.07085779 0.12925121 0.0 0.028688256 0.0 0.011323609 0.0 0.0 0.081350945 0.0 0.0 0.0 0.04817658 0.0 0.0 0.0 0.0 0.0 0.0 0.0 0.0 0.0 0.0 0.0 0.0 0.16922507 0.0 0.0 0.09967657 0.0 0.0 0.0 0.0 0.0 0.0 0.009532684 0.0 0.0 0.0 0.0 0.0
0.05047738 0.0 0.012800295 0.0 0.0 0.0 0.0063480856 0.10855169 0.0 0.0 0.0 0.0 0.0 0.0 0.0 0.0 0.0 0.0 0.0 0.0 0.0 0.08757304 0.0 0.0 0.0 0.2699525 0.0 0.02531829 0.1643668 0.0 0.0 0.0 0.0 0.0 0.0 0.0 0.0 0.0 0.0 0.0 0.11632873 0.0 0.13761589 0.013933053 0.0 0.0 0.0 0.0 0.0 0.0 0.0 0.0 0.0 0.0 0.0 0.0
0.02263253 0.0 0.0 0.0 0.02441146 0.0 0.0 0.023099536 0.0 0.055788677 0.02129897 0.0 0.03532512 0.05760012 0.0 0.0 0.015545598 0.0022634468 0.0 0.0 0.0 0.0073716734 0.0 0.004787273 0.0 0.0 0.0032216662 0.0 0.007538573 0.0 0.0 0.0 0.0 0.012735371 0.08544268 0.0 0.0070714746 0.015109782 0.0 0.0 0.0 0.0 0.0 0.0 0.2643646 0.0 0.0075842426 0.0 0.0 0.0 0.0 0.122728065 0.0 0.0 0.05150371 0.008432943
0.11012704 0.0 0.0 0.0 0.0 0.0 0.0 0.030863807 0.0 0.11789104 0.0 0.0 0.0 0.0 0.0 0.0 0.0 0.0 0.0 0.0 0.0 0.0 0.0 0.0 0.0 0.0 0.0 0.0 0.0 0.0 0.0 0.004154288 0.0 0.0 0.0840628 0.017248267 0.012289494 0.048216995 0.0 0.0 0.0 0.0 0.0 0.0 0.31685227 0.0 0.0 0.058909368 0.0 0.0 0.008385285 0.0 0.0 0.0 0.040524025 0.0006562648
0.0 0.0 0.0 0.0063480856 0.0 0.0 0.0 0.0024452852 0.0 0.0 0.004912587 0.0 0.0 0.0 0.0 0.08742022 0.03592504 0.0 0.0 0.0 0.09097226 0.21984266 0.0 0.0 0.0 0.0 0.028613083 0.0 0.0 0.0 0.0 0.0 0.0 0.0 0.0 0.0 0.0 0.0 0.03554646 0.0 0.0 0.0 0.008570517 0.0 0.048607614 0.0 0.008638943 0.0 0.07189497 0.2143742 0.0 0.0 0.016276266 0.0 0.0044527687 0.0
0.0 0.033080533 0.0 0.108551696 0.023099534 0.030863807 0.002445285 0.0 0.0 0.0 0.0 0.0 0.19714032 0.0 0.0 0.0 0.0 0.0 0.059777845 0.0 0.07426232 0.0 0.0 0.0 0.0 0.0 0.0 0.0 0.0 0.0 0.031390935 0.0 0.12122161 0.20667042 0.0 0.024227533 0.11958536 0.0 0.0 0.0 0.0 0.0 0.0 0.0 0.0 0.0 0.048880767 0.0 0.018850842 0.0 0.0 0.0 0.024887301 0.04773451 0.0 0.0
0.0 0.0 0.091710694 0.0 0.0 0.0 0.0 0.0 0.0 0.0056705666 0.0 0.008988929 0.0 0.0 0.038208473 0.03158054 0.0 0.0 0.043390874 0.06893692 0.0 0.0 0.028063565 0.0 0.028298657 0.0 0.0 0.014881455 0.0 0.040776007 0.0 0.015703892 0.0 0.0 0.0 0.0 0.0 0.0 0.07770662 0.013547549 0.0 0.0020735774 0.06644355 0.06254613 0.0 0.0 0.0518623 0.0 0.12826246 0.048531257 0.0 0.0 0.0 0.0065140454 0.008986016 0.0
0.0 0.0 0.036365815 0.0 0.05578868 0.117891036 0.0 0.0 0.005670566 0.0 0.0 0.15296116 0.0 0.0 0.0 0.0 0.0 0.17545123 0.0 0.03560471 0.0 0.0 0.0 0.0 0.08090885 0.0 0.0 0.0 0.0 0.045031816 0.05254045 0.0 0.0892664 0.061066665 0.0 0.0 0.0 0.0 0.0 0.0 0.0 0.0 0.0 0.0 0.0 0.0 0.008561372 0.084138766 0.037914738 0.0 0.030008947 0.0 0.0740316 0.0 0.0 0.0
0.046248734 0.2597658 0.0 0.0 0.021298967 0.0 0.004912587 0.0 0.0 0.0 0.0 0.0 0.07492381 0.10587817 0.0 0.0 0.0 0.11241429 0.0 0.0 0.0 0.0 0.049621075 0.0 0.0 0.0 0.045723293 0.0551428 0.0 0.0 0.017496878 0.0065325205 0.0 0.022670051 0.0 0.0 0.0 0.061323777 0.0 0.0 0.0 0.016301174 0.0 0.0 0.023148486 0.0069145556 0.059161637 0.05420111 0.0 0.0 0.013580856 0.0 0.0 0.0 0.014175521 0.0
0.0029231259 0.0 0.0 0.0 0.0 0.0 0.0 0.0 0.008988929 0.15296115 0.0 0.0 0.0 0.0 0.057154197 0.1475945 0.056992497 0.0 0.0 0.0 0.02851078 0.0 0.0 0.0 0.010070169 0.0 0.0 0.0 0.019575575 0.0 0.0 0.0 0.0 0.0 0.021271043 0.0 0.018417954 0.0 0.12869047 0.0 0.0023655137 0.0 0.0 0.018176882 0.0 0.0 0.0 0.0 0.044594694 0.14173436 0.0 0.030565681 0.0 0.0 0.0 0.012613752
0.14427938 0.0 0.01276574 0.0 0.03532512 0.0 0.0 0.1971403 0.0 0.0 0.07492382 0.0 0.0 0.0 0.0 0.0 0.0 0.0 0.015270251 0.05014509 0.0 0.0 0.0 0.12370185 0.0 0.023240628 0.0 0.0 0.031242205 0.0 0.0 0.017308397 0.0 0.0 0.026404226 0.17760038 0.0 0.0 0.0 0.0 0.028027987 0.0 0.0 0.0 0.0 0.0 0.0 0.0 0.0 0.0 0.0 0.01849724 0.0 0.0 0.0 0.0
0.0 0.0 0.14596744 0.0 0.05760012 0.0 0.0 0.0 0.0 0.0 0.105878174 0.0 0.0 0.0 0.030469362 0.0 0.0 0.0 0.0 0.09128807 0.0 0.0 0.0 0.0 0.12746558 0.0 0.0060248855 0.0 0.15416154 0.0 0.0 0.0 0.0 0.0 0.0013151634 0.0003989109 0.032605886 0.0044235345 0.038467165 0.018038766 0.0 0.0 0.0 0.0 0.0 0.046040747 0.0 0.0 0.0 0.0 0.0 0.0035494382 0.08724767 0.0 0.0 0.0
0.0 0.0 0.0 0.0 0.0 0.0 0.0 0.0 0.038208477 0.0 0.0 0.057154197 0.0 0.030469362 0.22097556 0.0 0.033124615 0.0 0.031491134 0.0 0.011267942 0.0 0.0 0.0 0.0 0.0 0.0 0.0 0.028436357 0.0 0.0 0.0 0.0 0.073490016 0.08504827 0.0 0.0 0.0 0.059687447 0.0 0.022166973 0.0 0.0 0.0 0.0 0.0 0.010422977 0.0 0.007841783 0.0036736147 0.0 0.0 0.04987991 0.0 0.0 0.23000225
0.0 0.011487049 0.07085779 0.0 0.0 0.0 0.08742022 0.0 0.031580545 0.0 0.0 0.14759451 0.0 0.0 0.0 0.0 0.020769473 0.0 0.0 0.0 0.0 0.0 0.0 0.0 0.0717604 0.0 0.0 0.0 0.0044466923 0.13478208 0.0 0.1124328 0.0 0.0 0.0 0.0 0.0 0.008715153 0.021757517 0.0 0.020354558 0.06768299 0.0 0.0 0.0 0.03448974 0.033078857 0.0 0.054607898 0.0 0.0 0.0 0.10354299 0.0 0.0 0.0
0.0 0.0 0.12925121 0.0 0.015545597 0.0 0.03592504 0.0 0.0 0.0 0.0 0.056992494 0.0 0.0 0.033124615 0.020769475 0.036738753 0.0 0.1094806 0.0 0.06308557 0.041385904 0.0 0.0 0.0 0.0 0.0 0.0 0.053708922 0.0 0.0 0.0 0.0 0.036745634 0.0 0.0 0.0 0.0 0.04510556 0.0 0.0 0.0 0.0 0.13128711 0.0 0.0 0.0 0.0 0.22224425 0.14757471 0.0 0.0 0.0 0.0 0.0 0.0
0.033304438 0.095431186 0.0 0.0 0.0022634468 0.0 0.0 0.0 0.0 0.17545123 0.11241429 0.0 0.0 0.0 0.0 0.0 0.0 0.0 0.03705596 0.11481228 0.07186391 0.0 0.0 0.0032985995 0.0 0.0 0.0 0.0 0.0 0.0 0.0 0.0 0.0 0.0 0.0 0.0 0.032497894 0.09537546 0.0 0.0 0.0 0.0 0.06201218 0.0007485859 0.052611504 0.0 0.075068034 0.0 0.0076340935 0.0 0.020821163 0.022496918 0.0 0.0 0.0 0.0
0.0 0.0 0.028688254 0.0 0.0 0.0 0.0 0.059777845 0.043390878 0.0 0.0 0.0 0.015270251 0.0 0.031491134 0.0 0.1094806 0.03705596 0.0 0.0 0.0 0.0 0.0 0.0 0.06423084 0.0 0.0 0.0 0.0 0.033736162 0.0 0.0184673 0.0 0.0 0.0 0.052403465 0.0 0.0 0.0 0.0 0.007913761 0.0 0.019853668 0.05359387 0.0 0.0 0.0 0.0 0.0 0.09166621 0.0 0.0038582436 0.0 0.0 0.0 0.055150438
0.012279649 0.24589634 0.0 0.0 0.0 0.0 0.0 0.0 0.06893692 0.03560471 0.0 0.0 0.05014509 0.09128807 0.0 0.0 0.0 0.11481228 0.0 0.0 0.0 0.0 0.012888249 0.0 0.0 0.028600115 0.0 0.0021438394 0.027722873 0.0 0.019687073 0.03339176 0.0 0.0 0.0 0.0 0.0 0.0 0.0 0.0 0.0 0.0 0.010357132 0.0 0.0 0.084081255 0.0 0.0 0.0 0.0 0.0 0.0 0.0 0.023400376 0.0 0.040612284
0.0 0.0 0.01132361 0.0 0.0 0.0 0.09097227 0.07426232 0.0 0.0 0.0 0.028510781 0.0 0.0 0.011267941 0.0 0.06308557 0.07186391 0.0 0.0 0.0 0.0 0.0 0.037363168 0.0 0.0 0.036364086 0.0 0.0 0.07218923 0.0 0.20682463 0.0 0.0 0.0 0.0 0.0 0.0 0.10500482 0.0 0.032885354 0.0 0.0 0.06316622 0.015494919 0.0 0.0 0.0 0.0 0.0 0.0 0.0 0.0 0.0 0.0 0.0
0.0 0.0291561 0.0 0.08757304 0.0073716734 0.0 0.21984266 0.0 0.0 0.0 0.0 0.0 0.0 0.0 0.0 0.0 0.041385904 0.0 0.0 0.0 0.0 0.0 0.0 0.0 0.012665714 0.0 0.0 0.04679755 0.0 0.11187195 0.009093546 0.031568367 0.0069757956 0.05036261 0.0 0.0 0.0 0.0 0.048719592 0.0 0.0 0.014815925 0.0672995 0.01765682 0.0 0.0121877175 0.0 0.0 0.0 0.0 0.0 0.0 0.0 0.0 0.011450219 0.0
0.005714435 0.0 0.0 0.0 0.0 0.0 0.0 0.0 0.028063567 0.0 0.049621075 0.0 0.0 0.0 0.0 0.0 0.0 0.0 0.0 0.012888249 0.0 0.0 0.09896055 0.0 0.0 0.11275209 0.07210772 0.12627465 0.0 0.0 0.059083417 0.019619502 0.0 0.0 0.0689272 0.0 0.1054618 0.0 0.0 0.0 0.0 0.050540153 0.016962815 0.0 0.0 0.0 0.0 0.050479427 0.0 0.0 0.048370346 0.029222347 0.0 0.13766216 0.071096644 0.0
0.0 0.08287965 0.081350945 0.0 0.0047872732 0.0 0.0 0.0 0.0 0.0 0.0 0.0 0.123701856 0.0 0.0 0.0 0.0 0.0032985995 0.0 0.0 0.037363168 0.0 0.0 0.0 0.046174612 0.0 0.0 0.0 0.11738848 0.0 0.0 0.0 0.02493764 0.03305732 0.0 0.0 0.10472331 0.01801352 0.0 0.0 0.0 0.017016608 0.0 0.0 0.0 0.0 0.025219439 0.0 0.1932328 0.0 0.0 0.0 0.11505623 0.0044968044 0.03849917 0.030569362
0.0 0.0 0.0 0.0 0.0 0.0 0.0 0.0 0.028298657 0.08090886 0.0 0.010070169 0.0 0.12746556 0.0 0.07176041 0.0 0.0 0.06423083 0.0 0.0 0.012665714 0.0 0.046174612 0.0 0.0 0.01046168 0.0 0.0 0.0 0.0 0.0 0.0 0.0 0.055178136 0.042831 0.0 0.0 0.07837704 0.0 0.019860147 0.0 0.064550444 0.1538434 0.0 0.0 0.021280818 0.0 0.0 0.030028336 0.0 0.08995471 0.0 0.08013728 0.0 0.0
0.0 0.0 0.0 0.26995248 0.0 0.0 0.0 0.0 0.0 0.0 0.0 0.0 0.02324063 0.0 0.0 0.0 0.0 0.0 0.0 0.028600113 0.0 0.0 0.11275209 0.0 0.0 0.1458786 0.025731718 0.15349044 0.0 0.0 0.0 0.0 0.05691597 0.0 0.0 0.0 0.0 0.0 0.0 0.09978313 0.0 0.0 0.0 0.0 0.0 0.0 0.0 0.0 0.013924166 0.0 0.026166724 0.0 0.0 0.0 0.007367154 0.0
0.09000861 0.0 0.0 0.0 0.0032216662 0.0 0.028613083 0.0 0.0 0.0 0.045723297 0.0 0.0 0.0060248855 0.0 0.0 0.0 0.0 0.0 0.0 0.036364086 0.0 0.07210772 0.0 0.010461679 0.025731718 0.0 0.05201827 0.0 0.0 0.031615242 0.0 0.024781616 0.0 0.0 0.0 0.010289061 0.0 0.072974764 0.0 0.0 0.13035473 0.027155692 0.0 0.058059473 0.0 0.0 0.12090278 0.010894124 0.0 0.0 0.0 0.049981352 0.04847488 0.11808493 0.0
0.0 0.0 0.04817658 0.02531829 0.0 0.0 0.0 0.0 0.014881455 0.0 0.0551428 0.0 0.0 0.0 0.0 0.0 0.0 0.0 0.0 0.0021438394 0.0 0.04679755 0.12627465 0.0 0.0 0.15349044 0.052018266 0.14788748 0.0 0.0 0.056285523 0.0 0.07164879 0.0 0.013037114 0.0 0.0 0.0 0.0 0.0 0.0 0.0 0.0 0.0 0.0 0.0 0.0 0.022114003 0.0 0.0 0.009741626 0.0 0.0 0.10461975 0.06521499 0.0
0.0 0.0 0.0 0.1643668 0.007538573 0.0 0.0 0.0 0.0 0.0 0.0 0.019575575 0.031242207 0.15416154 0.028436357 0.0044466923 0.053708922 0.0 0.0 0.027722873 0.0 0.0 0.0 0.11738848 0.0 0.0 0.0 0.0 0.0 0.16474235 0.0 0.0 0.0 0.0 0.01289045 0.0055071204 0.0 0.0 0.0 0.0 0.0 0.0 0.0 0.015228168 0.0 0.06429767 0.0 0.0 0.0 0.088784106 0.034757823 0.0 0.0 0.0 0.0 0.0
0.0 0.0 0.0 0.0 0.0 0.0 0.0 0.0 0.040776007 0.045031816 0.0 0.0 0.0 0.0 0.0 0.13478208 0.0 0.0 0.033736166 0.0 0.07218923 0.11187195 0.0 0.0 0.0 0.0 0.0 0.0 0.16474235 0.0 0.0 0.0 0.0 0.0 0.046546917 0.0 0.0 0.0 0.017307386 0.0 0.083964504 0.0 0.0 0.06836911 0.0 0.0 0.0204897 0.0 0.0 0.16696332 0.0 0.0 0.0 0.0 0.0 0.081437334
0.13211024 0.0 0.0 0.0 0.0 0.0 0.0 0.031390935 0.0 0.05254045 0.017496878 0.0 0.0 0.0 0.0 0.0 0.0 0.0 0.0 0.019687073 0.0 0.009093546 0.05908342 0.0 0.0 0.0 0.031615246 0.056285527 0.0 0.0 0.0 0.025994752 0.0 0.0 0.08173216 0.0 0.0 0.20290692 0.0 0.0 0.0 0.0062341257 0.0 0.0 0.10257909 0.0 0.0 0.0 0.0 0.0 0.016303845 0.097970225 0.0 0.0 0.0 0.0
0.0 0.024841739 0.0 0.0 0.0 0.004154288 0.0 0.0 0.015703892 0.0 0.0065325205 0.0 0.017308397 0.0 0.0 0.1124328 0.0 0.0 0.0184673 0.033391755 0.20682463 0.031568367 0.019619502 0.0 0.0 0.0 0.0 0.0 0.0 0.0 0.02599475 0.0 0.0 0.0 0.0 0.0 0.0 0.16870858 0.017377792 0.12313005 0.0 0.0 0.020054836 0.0 0.0 0.0 0.0 0.0 0.0 0.0 0.0 0.0 0.0 0.0 0.12724438 0.007155597
0.15555114 0.0 0.0 0.0 0.0 0.0 0.0 0.12122161 0.0 0.08926639 0.0 0.0 0.0 0.0 0.0 0.0 0.0 0.0 0.0 0.0 0.0 0.006975795 0.0 0.02493764 0.0 0.05691597 0.024781616 0.07164879 0.0 0.0 0.0 0.0 0.0 0.0 0.080766596 0.07309211 0.05678474 0.0 0.0 0.0 0.0 0.015086019 0.0 0.0 0.0 0.0 0.0 0.016151529 0.0 0.0 0.0 0.20992479 0.0 0.0 0.022934087 0.09452693
0.0 0.0 0.0 0.0 0.0127353715 0.0 0.0 0.20667042 0.0 0.061066665 0.022670051 0.0 0.0 0.0 0.073490016 0.0 0.036745634 0.0 0.0 0.0 0.0 0.05036261 0.0 0.03305732 0.0 0.0 0.0 0.0 0.0 0.0 0.0 0.0 0.0 0.051362976 0.067262895 0.06611848 0.0 0.0 0.0 0.0 0.05407432 0.0 0.016537638 0.0 0.048348807 0.016433606 0.0 0.0 0.0 0.03610208 0.0 0.070493676 0.048441388 0.0 0.0 0.0
0.0 0.0 0.0 0.0 0.08544268 0.08406279 0.0 0.0 0.0 0.0 0.0 0.021271043 0.026404226 0.0013151634 0.08504828 0.0 0.0 0.0 0.0 0.0 0.0 0.0 0.0689272 0.0 0.055178136 0.0 0.0 0.013037114 0.01289045 0.046546914 0.08173216 0.0 0.08076659 0.0672629 0.0 0.0 0.0 0.0 0.0 0.0 0.0 0.062627085 0.0 0.0 0.0 0.10056882 0.0 0.05631491 0.0 0.0 0.0 0.0 0.12884937 0.0 0.0 0.0
0.0 0.0 0.0 0.0 0.0 0.017248267 0.0 0.024227533 0.0 0.0 0.0 0.0 0.17760038 0.0003989109 0.0 0.0 0.0 0.0 0.052403465 0.0 0.0 0.0 0.0 0.0 0.042831 0.0 0.0 0.0 0.00550712 0.0 0.0 0.0 0.07309212 0.06611848 0.0 0.0 0.08913598 0.09376967 0.0 0.0 0.0 0.0 0.0 0.0 0.010180943 0.0 0.11300181 0.0 0.0142884925 0.0 0.0 0.0 0.12414081 0.0 0.0 0.0
0.025474766 0.0 0.0 0.0 0.007071475 0.012289495 0.0 0.119585365 0.0 0.0 0.0 0.018417956 0.0 0.032605886 0.0 0.0 0.0 0.032497894 0.0 0.0 0.0 0.0 0.1054618 0.10472331 0.0 0.0 0.010289061 0.0 0.0 0.0 0.0 0.0 0.05678474 0.0 0.0 0.08913598 0.0 0.0 0.0 0.0 0.009989137 0.0 0.0 0.0 0.0 0.0 0.0 0.062011275 0.0 0.0 0.1757646 0.13552114 0.0 0.0 0.005168926 0.0
0.0 0.018799556 0.0 0.0 0.015109782 0.048216995 0.0 0.0 0.0 0.0 0.061323773 0.0 0.0 0.0044235345 0.0 0.008715153 0.0 0.09537546 0.0 0.0 0.0 0.0 0.0 0.01801352 0.0 0.0 0.0 0.0 0.0 0.0 0.20290694 0.1687086 0.0 0.0 0.0 0.09376967 0.0 0.117952876 0.034051057 0.0 0.0 0.0053572888 0.0 0.0 0.023406396 0.024795074 0.0 0.0 0.0 0.0 0.0 0.0143640535 0.0 0.051782332 0.0 0.0
0.0 0.0 0.0 0.0 0.0 0.0 0.03554646 0.0 0.07770663 0.0 0.0 0.12869047 0.0 0.038467165 0.05968745 0.021757517 0.04510556 0.0 0.0 0.0 0.105004825 0.048719592 0.0 0.0 0.07837704 0.0 0.072974764 0.0 0.0 0.017307386 0.0 0.017377792 0.0 0.0 0.0 0.0 0.0 0.034051057 0.0 0.0 0.0 0.0 0.027865928 0.117984034 0.0 0.0044342005 0.0 0.0 0.03547012 0.0 0.0 0.0 0.0 0.0 0.0 0.025061969
0.0 0.0 0.0 0.0 0.0 0.0 0.0 0.0 0.013547549 0.0 0.0 0.0 0.0 0.018038766 0.0 0.0 0.0 0.0 0.0 0.0 0.0 0.0 0.0 0.0 0.0 0.09978313 0.0 0.0 0.0 0.0 0.0 0.123130046 0.0 0.0 0.0 0.0 0.0 0.0 0.0 0.4611604 0.17002633 0.00463944 0.07459055 0.051066365 0.0 0.0 0.0 0.0 0.0 0.0 0.0 0.0 0.0 0.0 0.0 0.0
0.0 0.053858574 0.16922507 0.11632874 0.0 0.0 0.0 0.0 0.0 0.0 0.0 0.0023655137 0.028027987 0.0 0.022166971 0.020354558 0.0 0.0 0.00791376 0.0 0.032885354 0.0 0.0 0.0 0.019860147 0.0 0.0 0.0 0.0 0.083964504 0.0 0.0 0.0 0.05407432 0.0 0.0 0.009989137 0.0 0.0 0.17002633 0.0 0.0 0.0 0.07396654 0.0 0.0 0.0 0.0 0.0 0.0 0.019613491 0.0 0.027462881 0.134652 0.0 0.0
0.0 0.0 0.0 0.0 0.0 0.0 0.0 0.0 0.0020735774 0.0 0.016301174 0.0 0.0 0.0 0.0 0.06768298 0.0 0.0 0.0 0.0 0.0 0.014815924 0.050540157 0.017016608 0.0 0.0 0.13035473 0.0 0.0 0.0 0.006234126 0.0 0.015086019 0.0 0.062627085 0.0 0.0 0.0053572888 0.0 0.00463944 0.0 0.0 0.0 0.097192585 0.0 0.0 0.0 0.0 0.0 0.038411967 0.2342753 0.0 0.0 0.0 0.032816157 0.0
0.0 0.0 0.0 0.13761587 0.0 0.0 0.008570517 0.0 0.06644355 0.0 0.0 0.0 0.0 0.0 0.0 0.0 0.0 0.06201218 0.019853668 0.010357132 0.0 0.0672995 0.016962813 0.0 0.064550444 0.0 0.027155692 0.0 0.0 0.0 0.0 0.020054834 0.0 0.016537638 0.0 0.0 0.0 0.0 0.027865928 0.07459056 0.0 0.0 0.06786527 0.0 0.0 0.0 0.17353256 0.0 0.0 0.0 0.053238787 0.0 0.0 0.02296225 0.0060415133 0.0
0.0 0.0 0.099676564 0.013933052 0.0 0.0 0.0 0.0 0.06254613 0.0 0.0 0.018176882 0.0 0.0 0.0 0.0 0.13128711 0.0007485859 0.05359387 0.0 0.06316622 0.017656822 0.0 0.0 0.15384339 0.0 0.0 0.0 0.015228169 0.06836912 0.0 0.0 0.0 0.0 0.0 0.0 0.0 0.0 0.117984034 0.05106636 0.07396653 0.097192585 0.0 0.0 0.0 0.0 0.019256648 0.0 0.0 0.0 0.0 0.0 0.0 0.021250425 0.0 0.0
0.0 0.0 0.0 0.0 0.2643646 0.31685227 0.048607614 0.0 0.0 0.0 0.023148488 0.0 0.0 0.0 0.0 0.0 0.0 0.0526115 0.0 0.0 0.015494919 0.0 0.0 0.0 0.0 0.0 0.058059476 0.0 0.0 0.0 0.10257909 0.0 0.0 0.048348807 0.0 0.010180942 0.0 0.023406396 0.0 0.0 0.0 0.0 0.0 0.0 0.0 0.048759878 0.056363583 0.12182366 0.0 0.0 0.0 0.0 0.04357549 0.0 0.031668015 0.0
0.0 0.0 0.0 0.0 0.0 0.0 0.0 0.0 0.0 0.0 0.006914555 0.0 0.0 0.04604075 0.0 0.03448974 0.0 0.0 0.0 0.084081255 0.0 0.0121877175 0.0 0.0 0.0 0.0 0.0 0.0 0.06429767 0.0 0.0 0.0 0.0 0.016433606 0.10056882 0.0 0.0 0.024795076 0.0044342005 0.0 0.0 0.0 0.0 0.0 0.048759874 0.0 0.0 0.030020453 0.0 0.0 0.0 0.07524596 0.0 0.0 0.070199944 0.0
0.030404901 0.0 0.0 0.0 0.007584243 0.0 0.008638942 0.04888077 0.051862303 0.008561372 0.059161637 0.0 0.0 0.0 0.010422977 0.033078857 0.0 0.075068034 0.0 0.0 0.0 0.0 0.0 0.025219437 0.021280818 0.0 0.0 0.0 0.0 0.0204897 0.0 0.0 0.0 0.0 0.0 0.11300181 0.0 0.0 0.0 0.0 0.0 0.0 0.17353256 0.019256648 0.056363583 0.0 0.0 0.0 0.0 0.028696809 0.0 0.0 0.0 0.0 0.0 0.0
0.006525542 0.0 0.0 0.0 0.0 0.058909368 0.0 0.0 0.0 0.084138766 0.054201107 0.0 0.0 0.0 0.0 0.0 0.0 0.0 0.0 0.0 0.0 0.0 0.050479427 0.0 0.0 0.0 0.12090278 0.022114005 0.0 0.0 0.0 0.0 0.016151529 0.0 0.05631491 0.0 0.06201127 0.0 0.0 0.0 0.0 0.0 0.0 0.0 0.12182366 0.030020453 0.0 0.09111673 0.0 0.0 0.030648071 0.038256843 0.0 0.0 0.05470083 0.0
0.036626082 0.0 0.0 0.0 0.0 0.0 0.07189497 0.01885084 0.12826246 0.037914738 0.0 0.04459469 0.0 0.0 0.007841783 0.054607898 0.22224423 0.0076340935 0.0 0.0 0.0 0.0 0.0 0.1932328 0.0 0.013924166 0.010894123 0.0 0.0 0.0 0.0 0.0 0.0 0.0 0.0 0.0142884925 0.0 0.0 0.03547012 0.0 0.0 0.0 0.0 0.0 0.0 0.0 0.0 0.0 0.0 0.0 0.0 0.03575291 0.0 0.0 0.0 0.0
0.0 0.0 0.0 0.0 0.0 0.0 0.2143742 0.0 0.048531253 0.0 0.0 0.14173435 0.0 0.0 0.003673615 0.0 0.14757471 0.0 0.09166621 0.0 0.0 0.0 0.0 0.0 0.030028336 0.0 0.0 0.0 0.088784106 0.16696331 0.0 0.0 0.0 0.03610208 0.0 0.0 0.0 0.0 0.0 0.0 0.0 0.038411967 0.0 0.0 0.0 0.0 0.02869681 0.0 0.0 0.0 0.0 0.0 0.0 0.0 0.0 0.10114376
0.15668765 0.0 0.0095326835 0.0 0.0 0.008385286 0.0 0.0 0.0 0.03000895 0.013580856 0.0 0.0 0.0 0.0 0.0 0.0 0.020821165 0.0 0.0 0.0 0.0 0.048370346 0.0 0.0 0.026166724 0.0 0.009741627 0.034757823 0.0 0.016303845 0.0 0.0 0.0 0.0 0.0 0.1757646 0.0 0.0 0.0 0.019613491 0.23427528 0.053238787 0.0 0.0 0.0 0.0 0.03064807 0.0 0.0 0.0 0.0 0.0 0.116980374 0.0 0.18510157
0.0 0.0 0.0 0.0 0.122728065 0.0 0.0 0.0 0.0 0.0 0.0 0.030565681 0.018497242 0.0035494382 0.0 0.0 0.0 0.022496918 0.0038582436 0.0 0.0 0.0 0.029222345 0.0 0.08995471 0.0 0.0 0.0 0.0 0.0 0.097970225 0.0 0.20992479 0.070493676 0.0 0.0 0.13552114 0.0143640535 0.0 0.0 0.0 0.0 0.0 0.0 0.0 0.07524596 0.0 0.038256843 0.03575291 0.0 0.0 0.0 0.09139189 0.0 0.0472225 0.0
0.0 0.0 0.0 0.0 0.0 0.0 0.016276268 0.0248873 0.0 0.0740316 0.0 0.0 0.0 0.08724768 0.049879912 0.103543 0.0 0.0 0.0 0.0 0.0 0.0 0.0 0.11505623 0.0 0.0 0.049981352 0.0 0.0 0.0 0.0 0.0 0.0 0.048441388 0.12884937 0.124140814 0.0 0.0 0.0 0.0 0.027462883 0.0 0.0 0.0 0.04357549 0.0 0.0 0.0 0.0 0.0 0.0 0.09139189 0.0 0.0 0.0 0.0
0.0 0.0 0.0 0.0 0.0 0.0 0.0 0.04773451 0.006514046 0.0 0.0 0.0 0.0 0.0 0.0 0.0 0.0 0.0 0.0 0.023400376 0.0 0.0 0.13766216 0.0044968044 0.08013728 0.0 0.048474886 0.10461974 0.0 0.0 0.0 0.0 0.0 0.0 0.0 0.0 0.0 0.05178233 0.0 0.0 0.134652 0.0 0.022962252 0.021250425 0.0 0.0 0.0 0.0 0.0 0.0 0.11698037 0.0 0.0 0.0 0.0036851119 0.0
0.019484779 0.0 0.0 0.0 0.051503714 0.04052403 0.0044527687 0.0 0.008986016 0.0 0.014175521 0.0 0.0 0.0 0.0 0.0 0.0 0.0 0.0 0.0 0.0 0.011450219 0.071096644 0.03849917 0.0 0.007367154 0.11808493 0.065215 0.0 0.0 0.0 0.12724438 0.022934088 0.0 0.0 0.0 0.005168926 0.0 0.0 0.0 0.0 0.032816157 0.006041513 0.0 0.031668015 0.070199944 0.0 0.05470083 0.0 0.0 0.0 0.0472225 0.0 0.003685112 0.16623233 0.0
0.0 0.0 0.0 0.0 0.008432942 0.00065626483 0.0 0.0 0.0 0.0 0.0 0.012613751 0.0 0.0 0.23000225 0.0 0.0 0.0 0.055150438 0.040612284 0.0 0.0 0.0 0.030569362 0.0 0.0 0.0 0.0 0.0 0.08143734 0.0 0.007155597 0.09452693 0.0 0.0 0.0 0.0 0.0 0.025061967 0.0 0.0 0.0 0.0 0.0 0.0 0.0 0.0 0.0 0.0 0.10114376 0.18510157 0.0 0.0 0.0 0.0 0.0
