0.0 0.0071403068 0.06751743 0.0 0.0 0.0 0.0045435936 0.04099299 0.11366417 0.0 0.008645644 0.0 0.0 0.0 0.0 0.0 0.01825272 0.0 0.058088124 0.0 0.08860125 0.004223974 0.0 0.0 0.12761214 0.20750871 0.0 0.0 0.042578235 0.013441136 0.0 0.0 0.0 0.15727048 0.0 0.1359066 0.007145294 0.0 0.0 0.0 0.0036562912 0.0 0.0 0.0 0.0016258837 0.0 0.028131947 0.071158566 0.0 0.0 0.0 0.0 0.0 0.0 0.0 0.0
0.0071403068 0.0 0.0 0.008374768 0.0 0.09170923 0.0 0.0 0.0 0.014554157 0.0 0.1315461 0.0 0.0 0.0 0.004595957 0.0 0.01761043 0.0 0.107461296 0.0009271122 0.0021048244 0.0 0.0 0.0 0.0 0.27692732 0.0 0.0 0.0 0.02664915 0.0 0.0 0.0 0.0 0.0 0.0 0.09941611 0.0 0.0 0.0 0.0 0.0 0.0 0.0035793327 0.024196113 0.0 0.039617617 0.0 0.0 0.053487897 0.0 0.0 0.0 0.0 0.0
0.06751743 0.0 0.0 0.058691468 0.0045549227 0.01729211 0.0 0.0 0.009482527 0.0 0.0 0.0 0.0 0.0 0.0 0.0 0.0 0.03969093 0.0 0.0 0.0 0.0 0.0 0.0 0.00043656956 0.0 0.0 0.0 0.0 0.0036176117 0.0 0.18721847 0.0 0.0 0.0 0.0 0.0 0.0 0.0 0.0 0.0 0.18887044 0.0 0.0 0.0 0.0 0.11457902 0.015781429 0.0 0.0 0.019770646 0.0 0.13477807 0.0 0.0 0.023447774
0.0 0.008374768 0.058691464 0.0 0.05276177 0.12006981 0.0 0.0 0.0 0.0 0.0 0.0 0.0 0.0 0.0141942585 0.0 0.0 0.005985557 0.0 0.08436332 0.065953985 0.040282115 0.026445763 0.0 0.0 0.0 0.0 0.0 0.0 0.17969331 0.14120717 0.0 0.06811816 0.0 0.0 0.0 0.0 0.0 0.0 0.0 0.0 0.0 0.045161583 0.117147595 0.0 0.0130274445 0.0 0.0 0.042042293 0.0 0.07700549 0.0 0.0 0.03740242 0.0 0.0
0.0 0.0 0.0045549227 0.05276177 0.08654164 0.0 0.0 0.0 0.0 0.0 0.104852654 0.0 0.0 0.0 0.0 0.0 0.0 0.0 0.0 0.06874933 0.07294438 0.03293698 0.0 0.0 0.0 0.025555618 0.06884724 0.0784521 0.0 0.030897612 0.08364069 0.08884935 0.0 0.0 0.0 0.0 0.0 0.0 0.0 0.0 0.015133453 0.0 0.08491663 0.0 0.0 0.045601394 0.0 0.0 0.0 0.024846433 0.037474316 0.0 0.0 0.042173065 0.0 0.0
0.0 0.09170923 0.01729211 0.12006982 0.0 0.0 0.0 0.0 0.0 0.008630872 0.034261964 0.0 0.0 0.0 0.0 0.0012644966 0.0 0.014087834 0.0 0.006436437 0.1000284 0.0 0.0 0.012687431 0.0 0.0 0.044118173 0.08825883 0.0 0.0 0.056552883 0.0 0.0 0.0 0.0 0.0 0.0 0.06839756 0.0 0.0035033855 0.0 0.0 0.0 0.0 0.019805953 0.0 0.0 0.0294761 0.0 0.0 0.0856217 0.0 0.0 0.065891735 0.0 0.0
0.0045435936 0.0 0.0 0.0 0.0 0.0 0.0 0.0 0.063584186 0.0 0.0 0.0 0.0 0.057562564 0.059474587 0.0 0.009397937 0.0 0.0 0.0 0.0 0.02540859 0.0 0.0 0.0 0.0 0.0 0.0 0.0 0.0 0.0 0.0 0.0 0.0 0.0 0.0 0.0 0.0 0.0 0.0 0.026668876 0.03393708 0.04027807 0.0 0.0 0.0 0.0 0.0 0.0 0.07122563 0.0 0.0 0.15276593 0.0 0.0 0.23480836
0.040992994 0.0 0.0 0.0 0.0 0.0 0.0 0.0 0.04313235 0.0 0.0 0.0 0.041545063 0.0733567 0.0 0.044670194 0.0 0.0 0.0 0.0 0.0 0.0 0.0 0.059538506 0.0 0.128015 0.0 0.029471582 0.0 0.033685867 0.0 0.0 0.0 0.13636805 0.0 0.08637689 0.061794207 0.0 0.0 0.0 0.065814056 0.0 0.0 0.0 0.05054287 0.0 0.0 0.081118286 0.0 0.0846648 0.0 0.052021783 0.011406914 0.007888278 0.05343003 0.0
0.11366417 0.0 0.009482526 0.0 0.0 0.0 0.063584186 0.043132354 0.0 0.0 0.0 0.0 0.0 0.0 0.0 0.0 0.0 0.0 0.0 0.0 0.0 0.0 0.0 0.06963501 0.0 0.0 0.0 0.05390645 0.061140914 0.03390689 0.0 0.0 0.04685973 0.0 0.07292617 0.0 0.033477377 0.0 0.0 0.0 0.029846933 0.025216106 0.093276605 0.0 0.07451337 0.0 0.0 0.0 0.0 0.008822277 0.0 0.03118078 0.0 0.123413146 0.0 0.06277682
0.0 0.014554158 0.0 0.0 0.0 0.008630872 0.0 0.0 0.0 0.0 0.0 0.0 0.0 0.18922617 0.0 0.0 0.21261267 0.0 0.0 0.0 0.030060166 0.0 0.013449366 4.293042e-06 0.0 0.13495502 0.020025533 0.0 0.0 0.0 0.015299536 0.0 0.0 0.040664304 0.017559657 0.0024531193 0.0 0.0 0.0 0.011430159 0.14254121 0.0 0.0 0.0 0.0 0.0 0.0019928145 0.16243985 0.0 0.013919388 0.0 0.0 0.03993023 0.0 0.0 0.0059162215
0.008645644 0.0 0.0 0.0 0.104852654 0.034261964 0.0 0.0 0.0 0.0 0.06791086 0.06444853 0.0 0.0 0.0 0.05281159 0.07124436 0.0 0.0 0.07477328 0.14145288 0.0 0.048282728 0.0 0.022551715 0.0 0.03872423 0.0 0.0 0.050017357 0.013848917 0.0 0.0 0.007209959 0.0 0.0 0.0017110446 0.057823274 0.048657406 0.0 0.0 0.0 0.0 0.0 0.03538171 0.0 0.0 0.0 0.0 0.011676561 0.03896608 0.0 0.0 0.0 0.0 0.0
0.0 0.1315461 0.0 0.0 0.0 0.0 0.0 0.0 0.0 0.0 0.06444853 0.08093996 0.18792751 0.0 0.12498935 0.0 0.021655232 0.0 0.0 0.0 0.0 0.0 0.0 0.0 0.0 0.0 0.0 0.008974686 0.0 0.0 0.0012368492 0.08593745 0.0 0.0 0.0 0.0 0.0 0.0 0.0 0.011366748 0.0 0.060589038 0.0 0.0 0.0 0.0 0.022063605 0.0 0.0 0.0 0.09529585 0.0 0.0 0.05299001 0.0 0.0
0.0 0.0 0.0 0.0 0.0 0.0 0.0 0.041545063 0.0 0.0 0.0 0.1879275 0.0 0.0 0.0 0.0 0.012103458 0.055496756 0.0 0.0 0.0 0.13162763 0.0 0.049691666 0.0 0.0 0.0 0.009700198 0.0 0.13776983 0.0 0.020125858 0.0 0.0040227803 0.0040126587 0.0 0.0 0.0026757093 0.0 0.0 0.0 0.0 0.0 0.0 0.0 0.0 0.0 0.0 0.02618341 0.0 0.0 0.04927302 0.071895696 0.0 0.008814231 0.0
0.0 0.0 0.0 0.0 0.0 0.0 0.057562564 0.0733567 0.0 0.18922618 0.0 0.0 0.0 0.0 0.0 0.0 0.0 0.0 0.0 0.0 0.0 0.010090098 0.0 0.15284005 0.0 0.0 0.0 0.0 0.0 0.0 0.0 0.0 0.04698618 0.0 0.04763827 0.0 0.30565423 0.0 0.0 0.0 0.0 0.0 0.0 0.0 0.05593744 0.0 0.0 0.0 0.0 0.0 0.0 0.08720323 0.0 0.0 0.008538591 0.028616482
0.0 0.0 0.0 0.014194259 0.0 0.0 0.059474587 0.0 0.0 0.0 0.0 0.12498935 0.0 0.0 0.0 0.0 0.0 0.0 0.02675388 0.008873047 0.011787739 0.0 0.0 0.0 0.0 0.0 0.0 0.0 0.0 0.0 0.017353421 0.034860123 0.0 0.0 0.0 0.0 0.0 0.18938868 0.0 0.058946665 0.0 0.17293146 0.12761502 0.0 0.0 0.0 0.010758193 0.0 0.0 0.0 0.0 0.0 0.0 0.07786879 0.0 0.0
0.0 0.004595957 0.0 0.0 0.0 0.0012644966 0.0 0.044670194 0.0 0.0 0.052811593 0.0 0.0 0.0 0.0 0.04743701 0.0 0.0 0.0 0.0 0.04394685 0.0 0.0 0.036208663 0.0 0.0 0.03162279 0.08790942 0.0 0.0 0.0 0.0 0.0 0.012077533 0.0 0.0 0.0 0.0 0.0 0.063812695 0.012948337 0.018236263 0.0 0.08456652 0.0 0.0 0.0 0.0 0.0 0.0 0.088356815 0.0 0.0 0.21144934 0.09121713 0.0
0.01825272 0.0 0.0 0.0 0.0 0.0 0.009397937 0.0 0.0 0.21261267 0.07124436 0.02165523 0.012103458 0.0 0.0 0.0 0.0 0.007057975 0.03694936 0.0 0.0 0.0 0.0 0.0 0.0 0.0 0.0 0.0 0.021504734 0.0 0.0 0.0 0.08222 0.0 0.0 0.0 0.04515885 0.05944428 0.0 0.0 0.0 0.028274754 0.0154692605 0.0 0.06364971 0.0 0.0 0.0 0.08737397 0.061897457 0.0 0.0 0.0 0.0 0.006951761 0.027647486
0.0 0.01761043 0.03969093 0.0059855566 0.0 0.014087834 0.0 0.0 0.0 0.0 0.0 0.0 0.055496756 0.0 0.0 0.0 0.007057975 0.0 0.0 0.052779943 0.014260542 0.0 0.0 0.0 0.046982426 0.047637183 0.10648108 0.019415215 0.0 0.0 0.15889938 0.03844785 0.0 0.015711086 0.011993459 0.0 0.0 0.0 0.0 0.0 0.11874087 0.0 0.10215029 0.0 0.0354711 0.013287218 0.0 0.0 0.0 0.0 0.0 0.0 0.01788943 0.07103017 0.0 0.0
0.058088128 0.0 0.0 0.0 0.0 0.0 0.0 0.0 0.0 0.0 0.0 0.0 0.0 0.0 0.02675388 0.0 0.03694936 0.0 0.13766132 0.009266305 0.0 0.0 0.0 0.0 0.0 0.0 0.0 0.020488141 0.0 0.0 0.0 0.0 0.0 0.0 0.16827598 0.0 0.0 0.0 0.0 0.0 0.0 0.0 0.0184455 0.013029178 0.029323818 0.0 0.0 0.0 0.028869996 0.30696923 0.0 0.0 0.057177797 0.0 0.0 0.0
0.0 0.10746129 0.0 0.08436332 0.06874934 0.006436437 0.0 0.0 0.0 0.0 0.07477328 0.0 0.0 0.0 0.008873047 0.0 0.0 0.052779943 0.009266305 0.00038847272 0.0049017146 0.0 0.14638259 0.0525389 0.0 0.0 0.09618863 0.0 0.0 0.0 0.02868143 0.0 0.0 0.0 0.0 0.0 0.0 0.050423846 0.0 0.016789002 0.0 0.0 0.0 0.0 0.021652795 0.022751339 0.0 0.024473274 0.0 0.0 0.06928759 0.0 0.0 0.00027299015 0.023548072 0.0
0.08860125 0.00092711224 0.0 0.06595399 0.07294438 0.1000284 0.0 0.0 0.0 0.030060166 0.14145288 0.0 0.0 0.0 0.011787738 0.04394685 0.0 0.014260542 0.0 0.004901715 0.0 0.0 0.0 0.0 0.0 0.0 0.017714316 0.03684523 0.0 0.0 0.0 0.0 0.010189369 0.0 0.0 0.0 0.0 0.0 0.0 0.0 0.0 0.0 0.0 0.02867464 0.0 0.0002731517 0.0 0.006547789 0.044745535 0.012285504 0.09811559 0.0 0.017186815 0.0 0.0052239993 0.0
0.004223974 0.0021048244 0.0 0.04028211 0.032936975 0.0 0.02540859 0.0 0.0 0.0 0.0 0.0 0.13162762 0.010090097 0.0 0.0 0.0 0.0 0.0 0.0 0.0 0.0 0.0041299625 0.0 0.0 0.0 0.0025984072 0.0 0.0 0.0 0.0 0.052279234 0.0 0.0 0.0 0.0 0.0 0.0 0.0 0.02126233 0.004572813 0.059351522 0.0 0.11344603 0.0 0.0 0.1169574 0.0 0.0 0.12994346 0.0 0.0 0.051277447 0.02348045 0.0 0.098019525
0.0 0.0 0.0 0.026445763 0.0 0.0 0.0 0.0 0.0 0.013449366 0.048282728 0.0 0.0 0.0 0.0 0.0 0.0 0.0 0.0 0.14638257 0.0 0.0041299625 0.2648289 0.0 0.0 0.042622592 0.0 0.0 0.0 0.0 0.0 0.0 0.04185408 0.0 0.0 0.0 0.04452181 0.053297654 0.0 0.0 0.0 0.0 0.0 0.0039739367 0.0 0.1379665 0.0 0.047024347 0.0 0.0 0.14634791 0.0 0.0 0.0 0.033929974 0.0
0.0 0.0 0.0 0.0 0.0 0.012687432 0.0 0.05953851 0.06963501 4.293042e-06 0.0 0.0 0.04969167 0.15284003 0.0 0.036208663 0.0 0.0 0.0 0.0525389 0.0 0.0 0.0 0.0 0.0 0.19702005 0.0 0.026556954 0.0 0.0 0.0 0.0 0.0 0.0 0.0 0.0 0.039907534 0.0 0.0 0.0 0.031796645 0.0 0.0 0.0 0.0 0.0 0.0 0.0 0.0 0.0 0.0 0.20879397 0.0 0.04800087 0.014971356 0.0
0.12761216 0.0 0.00043656956 0.0 0.0 0.0 0.0 0.0 0.0 0.0 0.022551717 0.0 0.0 0.0 0.0 0.0 0.0 0.046982426 0.0 0.0 0.0 0.0 0.0 0.0 0.0 0.0 0.0 0.06193265 0.0 0.0 0.0 0.07846425 0.0 0.0 0.010322483 0.0 0.09314752 0.01165845 0.0 0.0 0.0 0.0 0.0 0.0 0.11893695 0.0 0.0 0.0 0.010553155 0.0 0.13932429 0.0010367432 0.0 0.0 0.13628678 0.0
0.20750871 0.0 0.0 0.0 0.02555562 0.0 0.0 0.128015 0.0 0.13495502 0.0 0.0 0.0 0.0 0.0 0.0 0.0 0.047637183 0.0 0.0 0.0 0.0 0.04262259 0.19702005 0.0 0.0 0.0 0.0 0.0 0.0 0.0 0.0 0.0 0.0 0.079990126 0.0 0.0 0.0 0.0 0.0 0.0 0.0 0.0 0.0 0.014614956 0.009421452 0.0 0.0 0.0 0.0 0.0 0.038893502 0.0 0.0 0.0 0.0
0.0 0.27692732 0.0 0.0 0.06884724 0.044118173 0.0 0.0 0.0 0.020025535 0.03872423 0.0 0.0 0.0 0.0 0.03162279 0.0 0.10648108 0.0 0.09618863 0.017714316 0.0025984072 0.0 0.0 0.0 0.0 0.0 0.0 0.0 0.0 0.08485896 0.0 0.0 0.058418002 0.031895038 0.0 0.0 0.092467554 0.0 0.0 0.0 0.0 0.0 0.049910128 0.0 0.13862534 0.0 0.0 0.0 0.0 0.0 0.0 0.0 0.0 0.0 0.0
0.0 0.0 0.0 0.0 0.0784521 0.08825883 0.0 0.029471584 0.053906452 0.0 0.0 0.008974685 0.009700198 0.0 0.0 0.08790942 0.0 0.019415215 0.02048814 0.0 0.036845233 0.0 0.0 0.026556954 0.061932646 0.0 0.0 0.0 0.0 0.0 0.0 0.0 0.07453576 0.012099157 0.0 0.032854274 0.0 0.0 0.23983784 0.0009179817 0.0030044846 0.0 0.0 0.16767451 0.0 0.0 0.01458665 0.0 0.0 0.0056729876 0.0 0.0 0.023441512 0.0 0.0 0.010394075
0.042578235 0.0 0.0 0.0 0.0 0.0 0.0 0.0 0.061140914 0.0 0.0 0.0 0.0 0.0 0.0 0.0 0.021504736 0.0 0.0 0.0 0.0 0.0 0.0 0.0 0.0 0.0 0.0 0.0 0.0 0.0 0.0 0.0 0.0 0.0 0.0 0.0 0.0 0.020611076 0.0 0.0 0.0 0.18178007 0.13494785 0.0 0.0 0.0 0.011828503 0.0 0.0 0.0169635 0.0 0.016974641 0.04474647 0.0 0.0 0.27278605
0.013441136 0.0 0.0036176115 0.17969331 0.03089761 0.0 0.0 0.033685867 0.03390689 0.0 0.050017353 0.0 0.13776983 0.0 0.0 0.0 0.0 0.0 0.0 0.0 0.0 0.0 0.0 0.0 0.0 0.0 0.0 0.0 0.0 0.0 0.0 0.16119032 0.0 0.0 0.0 0.0 0.0 0.0 0.0 0.0 0.0 0.024838775 0.0 0.0 0.0 0.0 0.028311074 0.0 0.059432726 0.0 0.0 0.0 0.084203266 0.0 0.0 0.0
0.0 0.026649151 0.0 0.14120717 0.083640695 0.056552883 0.0 0.0 0.0 0.015299536 0.013848917 0.0012368492 0.0 0.0 0.017353421 0.0 0.0 0.15889938 0.0 0.02868143 0.0 0.0 0.0 0.0 0.0 0.0 0.08485896 0.0 0.0 0.0 0.0 0.058889806 0.0 0.0 0.0 0.0 0.0 0.00284014 0.0 0.0 0.0 0.0 0.0 0.08776429 0.09102249 0.021863684 0.0 0.0 0.0 0.0 0.09327416 0.0 0.021920886 0.0 0.0 0.0
0.0 0.0 0.18721847 0.0 0.08884934 0.0 0.0 0.0 0.0 0.0 0.0 0.085937455 0.020125858 0.0 0.034860123 0.0 0.0 0.038447846 0.0 0.0 0.0 0.052279234 0.0 0.0 0.07846425 0.0 0.0 0.0 0.0 0.16119032 0.058889806 0.0 0.0 0.0 0.0 0.0 0.0 0.015508142 0.0 0.0 0.06924734 0.0 0.05481412 0.0 0.0 0.017617961 0.0 0.0 0.0 0.026314344 0.0 0.0 0.05589376 0.034870606 0.0 0.0
0.0 0.0 0.0 0.068118155 0.0 0.0 0.0 0.0 0.046859734 0.0 0.0 0.0 0.0 0.046986185 0.0 0.0 0.082219996 0.0 0.0 0.0 0.01018937 0.0 0.041854076 0.0 0.0 0.0 0.0 0.074535765 0.0 0.0 0.0 0.0 0.0 0.0 0.0 0.0 0.0 0.0 0.0 0.34325784 0.027440919 0.02670012 0.0 0.0 0.0 0.0 0.0 0.0 0.0 0.0 0.11875851 0.0 0.0 0.0 0.063669875 0.0
0.15727049 0.0 0.0 0.0 0.0 0.0 0.0 0.13636805 0.0 0.0406643 0.007209959 0.0 0.0040227803 0.0 0.0 0.012077533 0.0 0.015711086 0.0 0.0 0.0 0.0 0.0 0.0 0.0 0.0 0.058418 0.012099157 0.0 0.0 0.0 0.0 0.0 0.0 0.0 0.0 0.0 0.0 0.0 0.0037782055 0.015141758 0.0 0.016158383 0.0 0.047817897 0.0 0.0 0.0871593 0.04610082 0.0 0.015160369 0.07981348 0.0 0.02973708 0.018720757 0.012818828
0.0 0.0 0.0 0.0 0.0 0.0 0.0 0.0 0.07292616 0.017559659 0.0 0.0 0.0040126587 0.047638275 0.0 0.0 0.0 0.0119934585 0.16827598 0.0 0.0 0.0 0.0 0.0 0.010322484 0.079990126 0.03189504 0.0 0.0 0.0 0.0 0.0 0.0 0.0 0.04219438 0.20917551 0.0643686 0.0 0.027784301 0.0 0.0 0.0 0.0 0.0 0.0 0.012379209 0.07150658 0.0 0.0 0.0 0.0 0.088699944 0.0 0.0 0.0 0.0
0.13590659 0.0 0.0 0.0 0.0 0.0 0.0 0.08637689 0.0 0.0024531193 0.0 0.0 0.0 0.0 0.0 0.0 0.0 0.0 0.0 0.0 0.0 0.0 0.0 0.0 0.0 0.0 0.0 0.032854278 0.0 0.0 0.0 0.0 0.0 0.0 0.2091755 0.09634445 0.028540807 0.0 0.0 0.0 0.0 0.0 0.009209574 0.0 0.0151373455 0.0 0.0 0.0 0.0 0.0036532641 0.0 0.24826072 0.0 0.008909185 0.0 0.0
0.0071452945 0.0 0.0 0.0 0.0 0.0 0.0 0.061794207 0.033477377 0.0 0.0017110447 0.0 0.0 0.30565423 0.0 0.0 0.04515885 0.0 0.0 0.0 0.0 0.0 0.044521805 0.039907534 0.09314753 0.0 0.0 0.0 0.0 0.0 0.0 0.0 0.0 0.0 0.064368606 0.028540807 0.0 0.0 0.034075703 0.0 0.0 0.0 0.0 0.0 0.0 0.038643073 0.043590937 0.045532044 0.0 0.0 0.0 0.059016153 0.01287698 0.0 0.0 0.0
0.0 0.09941611 0.0 0.0 0.0 0.06839756 0.0 0.0 0.0 0.0 0.05782327 0.0 0.0026757095 0.0 0.18938868 0.0 0.059444275 0.0 0.0 0.050423842 0.0 0.0 0.053297654 0.0 0.01165845 0.0 0.092467554 0.0 0.020611078 0.0 0.00284014 0.015508141 0.0 0.0 0.0 0.0 0.0 0.05111502 0.0 0.0 0.0 0.0 0.0 0.0 0.09331242 0.08826561 0.0 0.0 0.0 0.0 0.0 0.0 0.02297558 0.03017834 0.0 0.0
0.0 0.0 0.0 0.0 0.0 0.0 0.0 0.0 0.0 0.0 0.048657406 0.0 0.0 0.0 0.0 0.0 0.0 0.0 0.0 0.0 0.0 0.0 0.0 0.0 0.0 0.0 0.0 0.23983784 0.0 0.0 0.0 0.0 0.0 0.0 0.027784301 0.0 0.0340757 0.0 0.0 0.054965537 0.0 0.013636647 0.0 0.0 0.0 0.0 0.0 0.0 0.0 0.0 0.0 0.0 0.0 0.0 0.39847076 0.0
0.0 0.0 0.0 0.0 0.0 0.0035033855 0.0 0.0 0.0 0.011430159 0.0 0.011366749 0.0 0.0 0.058946665 0.06381269 0.0 0.0 0.0 0.016789002 0.0 0.021262331 0.0 0.0 0.0 0.0 0.0 0.0009179817 0.0 0.0 0.0 0.0 0.34325784 0.0037782057 0.0 0.0 0.0 0.0 0.05496554 0.0 0.0 0.012053681 0.0 0.119071305 0.0 0.0 0.0312215 0.0 0.08308058 0.0 0.019399252 0.0 0.0 0.09090356 0.033903133 0.0
0.003656291 0.0 0.0 0.0 0.015133453 0.0 0.026668878 0.065814056 0.029846935 0.1425412 0.0 0.0 0.0 0.0 0.0 0.012948338 0.0 0.11874088 0.0 0.0 0.0 0.0045728134 0.0 0.031796645 0.0 0.0 0.0 0.0030044846 0.0 0.0 0.0 0.06924734 0.027440919 0.015141758 0.0 0.0 0.0 0.0 0.0 0.0 0.0 0.0 0.0 0.0 0.11115448 0.06826327 0.08722508 0.0 0.0 0.0 0.0 0.016426679 0.0 0.0 0.0 0.0
0.0 0.0 0.18887044 0.0 0.0 0.0 0.033937085 0.0 0.025216106 0.0 0.0 0.060589038 0.0 0.0 0.17293146 0.018236263 0.028274754 0.0 0.0 0.0 0.0 0.059351522 0.0 0.0 0.0 0.0 0.0 0.0 0.18178007 0.024838777 0.0 0.0 0.02670012 0.0 0.0 0.0 0.0 0.0 0.013636646 0.012053681 0.0 0.0 0.073805764 0.0 0.0 0.0 0.09923104 0.0 0.14338158 0.009071975 0.0 0.0 0.0 0.0 0.0 0.0602837
0.0 0.0 0.0 0.04516158 0.08491663 0.0 0.040278073 0.0 0.093276605 0.0 0.0 0.0 0.0 0.0 0.12761502 0.0 0.015469261 0.10215029 0.0184455 0.0 0.0 0.0 0.0 0.0 0.0 0.0 0.0 0.0 0.13494784 0.0 0.0 0.05481412 0.0 0.016158383 0.0 0.009209574 0.0 0.0 0.0 0.0 0.0 0.073805764 0.12208133 0.0 0.0 0.0 0.024220854 0.011412084 0.0022200127 0.0 0.0 0.0 0.0 0.025394399 0.0 0.0
0.0 0.0 0.0 0.117147595 0.0 0.0 0.0 0.0 0.0 0.0 0.0 0.0 0.0 0.0 0.0 0.08456652 0.0 0.0 0.013029178 0.0 0.028674638 0.113446034 0.0039739367 0.0 0.0 0.0 0.04991013 0.16767453 0.0 0.0 0.0877643 0.0 0.0 0.0 0.0 0.0 0.0 0.0 0.0 0.119071305 0.0 0.0 0.0 0.0 0.0 0.0 0.0 0.0 0.10228532 0.0010950833 0.0 0.0 0.0032460915 0.0 0.10730598 0.0
0.0016258837 0.0035793327 0.0 0.0 0.0 0.019805953 0.0 0.050542872 0.07451337 0.0 0.035381712 0.0 0.0 0.05593744 0.0 0.0 0.063649714 0.0354711 0.029323818 0.021652795 0.0 0.0 0.0 0.0 0.11893694 0.014614957 0.0 0.0 0.0 0.0 0.09102249 0.0 0.0 0.0478179 0.0 0.0151373455 0.0 0.09331242 0.0 0.0 0.11115448 0.0 0.0 0.0 0.0 0.024444766 0.0122140255 0.22494996 0.0 0.017852485 0.0 0.0 0.0 0.0 0.0 0.0
0.0 0.024196113 0.0 0.0130274445 0.045601398 0.0 0.0 0.0 0.0 0.0 0.0 0.0 0.0 0.0 0.0 0.0 0.0 0.013287219 0.0 0.022751339 0.0002731517 0.0 0.1379665 0.0 0.0 0.009421452 0.13862532 0.0 0.0 0.0 0.021863686 0.01761796 0.0 0.0 0.012379209 0.0 0.038643073 0.08826561 0.0 0.0 0.06826327 0.0 0.0 0.0 0.024444766 0.0 0.0 0.022710567 0.014840249 0.0 0.06666786 0.042823385 0.0 0.0 0.026450595 0.0
0.028131947 0.0 0.11457902 0.0 0.0 0.0 0.0 0.0 0.0 0.0019928145 0.0 0.022063604 0.0 0.0 0.010758194 0.0 0.0 0.0 0.0 0.0 0.0 0.1169574 0.0 0.0 0.0 0.0 0.0 0.01458665 0.011828502 0.028311074 0.0 0.0 0.0 0.0 0.071506575 0.0 0.043590937 0.0 0.0 0.0312215 0.08722508 0.09923104 0.024220854 0.0 0.0122140255 0.0 0.0 0.0 0.0030204337 0.08728641 0.0 0.0 0.0 0.033825006 0.0 0.21078841
0.07115856 0.039617613 0.015781429 0.0 0.0 0.029476102 0.0 0.081118286 0.0 0.16243985 0.0 0.0 0.0 0.0 0.0 0.0 0.0 0.0 0.0 0.024473274 0.006547789 0.0 0.04702435 0.0 0.0 0.0 0.0 0.0 0.0 0.0 0.0 0.0 0.0 0.0871593 0.0 0.0 0.045532044 0.0 0.0 0.0 0.0 0.0 0.011412083 0.0 0.22494997 0.022710567 0.0 0.0 0.0 0.0 0.0 0.0 0.0 0.0 0.02356943 0.0
0.0 0.0 0.0 0.042042296 0.0 0.0 0.0 0.0 0.0 0.0 0.0 0.0 0.02618341 0.0 0.0 0.0 0.08737398 0.0 0.028869994 0.0 0.044745535 0.0 0.0 0.0 0.010553154 0.0 0.0 0.0 0.0 0.059432726 0.0 0.0 0.0 0.046100825 0.0 0.0 0.0 0.0 0.0 0.083080575 0.0 0.1433816 0.002220013 0.10228532 0.0 0.01484025 0.003020434 0.0 0.05935391 0.0 0.0 0.0 0.20723811 0.0015401946 0.0 0.0
0.0 0.0 0.0 0.0 0.024846435 0.0 0.07122563 0.0846648 0.008822278 0.013919388 0.011676561 0.0 0.0 0.0 0.0 0.0 0.061897457 0.0 0.30696923 0.0 0.012285503 0.12994346 0.0 0.0 0.0 0.0 0.0 0.005672988 0.0169635 0.0 0.0 0.026314344 0.0 0.0 0.0 0.003653264 0.0 0.0 0.0 0.0 0.0 0.009071975 0.0 0.0010950834 0.017852485 0.0 0.08728642 0.0 0.0 0.0 0.0 0.0 0.014694496 0.0 0.0 0.0
0.0 0.053487897 0.019770646 0.07700549 0.037474316 0.0856217 0.0 0.0 0.0 0.0 0.03896608 0.09529585 0.0 0.0 0.0 0.08835681 0.0 0.0 0.0 0.06928759 0.09811559 0.0 0.14634791 0.0 0.13932428 0.0 0.0 0.0 0.0 0.0 0.093274154 0.0 0.11875851 0.015160369 0.0 0.0 0.0 0.0 0.0 0.019399254 0.0 0.0 0.0 0.0 0.0 0.06666786 0.0 0.0 0.0 0.0 0.027882949 0.0 0.0 0.0 0.0 0.0
0.0 0.0 0.0 0.0 0.0 0.0 0.0 0.052021787 0.031180779 0.0 0.0 0.0 0.04927302 0.08720322 0.0 0.0 0.0 0.0 0.0 0.0 0.0 0.0 0.0 0.20879397 0.0010367432 0.038893502 0.0 0.0 0.016974641 0.0 0.0 0.0 0.0 0.07981348 0.088699944 0.2482607 0.059016153 0.0 0.0 0.0 0.016426679 0.0 0.0 0.0 0.0 0.04282338 0.0 0.0 0.0 0.0 0.0 0.12822133 0.0 0.0 0.0 0.0
0.0 0.0 0.13477807 0.0 0.0 0.0 0.15276594 0.011406914 0.0 0.039930224 0.0 0.0 0.071895696 0.0 0.0 0.0 0.0 0.017889433 0.057177797 0.0 0.017186815 0.051277447 0.0 0.0 0.0 0.0 0.0 0.023441512 0.04474647 0.084203266 0.021920886 0.05589376 0.0 0.0 0.0 0.0 0.012876981 0.022975579 0.0 0.0 0.0 0.0 0.0 0.0032460915 0.0 0.0 0.0 0.0 0.20723811 0.014694497 0.0 0.0 0.0 0.0 0.0 0.062610194
0.0 0.0 0.0 0.03740242 0.042173065 0.06589173 0.0 0.007888279 0.12341315 0.0 0.0 0.05299001 0.0 0.0 0.07786879 0.21144935 0.0 0.07103018 0.0 0.00027299015 0.0 0.02348045 0.0 0.04800087 0.0 0.0 0.0 0.0 0.0 0.0 0.0 0.034870606 0.0 0.02973708 0.0 0.008909185 0.0 0.030178342 0.0 0.09090356 0.0 0.0 0.025394399 0.0 0.0 0.0 0.033825006 0.0 0.0015401945 0.0 0.0 0.0 0.0 0.0 0.0 0.0
0.0 0.0 0.0 0.0 0.0 0.0 0.0 0.05343003 0.0 0.0 0.0 0.0 0.008814231 0.008538591 0.0 0.09121712 0.006951761 0.0 0.0 0.023548072 0.0052239993 0.0 0.033929974 0.014971356 0.13628677 0.0 0.0 0.0 0.0 0.0 0.0 0.0 0.063669875 0.01872076 0.0 0.0 0.0 0.0 0.39847076 0.033903133 0.0 0.0 0.0 0.10730598 0.0 0.026450595 0.0 0.023569431 0.0 0.0 0.0 0.0 0.0 0.0 0.0 0.0
0.0 0.0 0.023447776 0.0 0.0 0.0 0.23480836 0.0 0.06277682 0.005916221 0.0 0.0 0.0 0.02861648 0.0 0.0 0.027647484 0.0 0.0 0.0 0.0 0.09801953 0.0 0.0 0.0 0.0 0.0 0.010394075 0.27278602 0.0 0.0 0.0 0.0 0.012818828 0.0 0.0 0.0 0.0 0.0 0.0 0.0 0.0602837 0.0 0.0 0.0 0.0 0.21078843 0.0 0.0 0.0 0.0 0.0 0.062610194 0.0 0.0 0.0
