0.14499417 0.0 0.0 0.0 0.0 0.08944736 0.0070245387 0.0750668 0.0 0.017395094 0.0 0.0 0.0 0.070131026 0.0 0.0019196479 0.0 0.0 0.07685167 0.0 0.0 0.0 0.0 0.0 0.0 0.0 0.01110914 0.10925809 0.0 0.0 0.0 0.0 0.043387312 0.0 0.13369848 0.0 0.0 0.064899385 0.06949866 0.0 0.0 0.0 0.0 0.0 0.0 0.0 0.0 0.0 0.0 0.03614609 0.0 0.0005602722 0.030919727 0.021025905 0.0 0.048941948
0.0 0.0 0.0 0.023524215 0.0 0.032100935 0.0 0.0 0.0 0.03254821 0.07130395 0.0 0.0 0.051474098 0.0 0.0 0.0 0.047729935 0.0 0.024188362 0.0 0.0 0.13488337 0.12207523 0.0 0.008090687 0.0392835 0.015065378 0.0 0.0 0.005801211 0.0 0.024577731 0.0 0.0 0.0 0.0 0.010182577 0.0 0.02547707 0.0 0.0 0.0 0.0 0.0 0.0283402 0.0 0.016071977 0.0 0.0 0.08429198 0.0034508791 0.0 0.0 0.12060725 0.0
0.0 0.0 0.0 0.0 0.027691467 0.0 0.0 0.0 0.0 0.0 0.018587029 0.023623144 0.018759012 0.0 0.0 0.0 0.055774663 0.0 0.0 0.021728316 0.19477926 0.009941176 0.06354906 0.0 0.18736233 0.0 0.0 0.014318841 0.0019480031 0.0 0.0 0.0 0.076649986 0.0 0.04186561 0.0 0.0 0.0 0.08002965 0.0 0.0 0.0 0.0 0.027906116 0.0 0.0 0.072483666 0.0 0.0070396406 0.0 0.0 0.0 0.03031907 0.0 0.0 0.0
0.0 0.023524214 0.0 0.0 0.06551579 0.0 0.0 0.0 0.09545578 0.006696239 0.0 0.0 0.0 0.0 0.13149111 0.0 0.14391164 0.023993604 0.0 0.077548176 0.018408585 0.057830278 0.0 0.0 0.0 0.0110119125 0.0 0.0 0.0 0.0677126 0.0 0.0 0.0 0.0 0.0 0.0 0.07573705 0.0 0.0 0.019966008 0.030203598 0.092585616 0.0 0.0 0.0 0.016794207 0.0 0.0 0.0 0.0 0.0 0.0 0.0 0.0052635497 0.0 0.020390078
0.0 0.0 0.027691467 0.06551578 0.05440828 0.016468532 0.11441435 0.029312093 0.0 0.0 0.0 0.0077709975 0.01742544 0.0 0.0 0.0 0.12609516 0.0 0.0 0.0 0.0 0.013873346 0.0 0.0 0.057798024 0.0 0.0 0.0 0.0049578855 0.012175068 0.0 0.0 0.0 0.057833396 0.0 0.026936091 0.023378862 0.0 0.0 0.06170068 0.080333866 0.0 0.0 0.03666968 0.0 0.15953876 0.019045493 0.0 0.0028098244 0.0 0.0 0.0 0.0 0.0 0.0 0.0
0.08944735 0.032100935 0.0 0.0 0.016468534 0.0 0.0 0.0 0.0 0.1115917 0.0 0.019136494 0.0 0.0 0.04521057 0.0 0.08006859 0.0 0.011193918 0.0 0.0 0.0 0.0 0.0 0.0 0.0 0.0 0.0 0.06380245 0.0 0.0 0.0 0.0051978882 0.0 0.035650168 0.0 0.038816657 0.0 0.0 0.0 0.016448727 0.0065561756 0.0 0.0 0.08130536 0.015186353 0.0 0.12733193 0.0 0.11776797 0.0 0.0 0.0 0.0 0.0 0.0
0.007024539 0.0 0.0 0.0 0.11441435 0.0 0.0 0.0 0.0 0.0 0.0 0.119846985 0.0072982637 0.0 0.0 0.0 0.06660988 0.0 0.0020137895 0.07754892 0.0 0.0 0.076744296 0.0 0.0 0.13239053 0.0 0.0 0.0 0.0 0.0 0.062621765 0.0 0.0 0.0 0.0 0.0 0.0 0.0 0.0 0.0 0.0 0.0 0.024119133 0.0 0.04187117 0.0 0.0 0.05534854 0.0 0.01237895 0.0 0.0 0.0 0.01764851 0.0
0.075066805 0.0 0.0 0.0 0.029312093 0.0 0.0 0.0 0.0 0.0 0.0 0.0 0.0 0.17484687 0.0 0.045576766 0.0 0.0 0.0 0.0 0.0 0.0 0.0841098 0.062029216 0.0 0.055616368 0.041054383 0.09123953 0.0 0.0 0.0 0.044339843 0.0 0.0 0.026272524 0.0 0.01201467 0.0025100773 0.0 0.0 0.0 0.0 0.0025950915 0.0 0.0015998086 0.0 0.0 0.016007405 0.0 0.0 0.03661695 0.16406749 0.0 0.0208265 0.0 0.0
0.0 0.0 0.0 0.09545578 0.0 0.0 0.0 0.0 0.0 0.0 0.076502085 0.0 0.0 0.0 0.0 0.0 0.0 0.0 0.0 0.0 0.001859162 0.0 0.19178833 0.0 0.0 0.0815715 0.0 0.0 0.0 0.01509116 0.038842916 0.0 0.0012849891 0.013927135 0.0 0.0 0.008288061 0.0 0.0 0.34258404 0.0 0.0 0.0 0.05638695 0.0 0.0 0.0079532005 0.0 0.0 0.0 0.02865301 0.0 0.0 0.0 0.019504914 0.0
0.017395094 0.032548215 0.0 0.006696239 0.0 0.1115917 0.0 0.0 0.0 0.0 0.0 0.0 0.0 0.11915258 0.010796142 0.0 0.0 0.0 0.0 0.0 0.0 0.0 0.0 0.0 0.0 0.0 0.025473736 0.015242275 0.33607936 0.0 0.0 0.06423578 0.012117176 0.0 0.077613674 0.0 0.0 0.27150968 0.0 0.0 0.0 0.0 0.0 0.0 0.0 0.0 0.0 0.0 0.0 0.0 0.0 0.0 0.0 0.0 0.0 0.0
0.0 0.07130394 0.018587029 0.0 0.0 0.0 0.0 0.0 0.076502085 0.0 0.0 0.0 0.0 0.005532353 0.199764 0.0 0.0 0.0 0.027086435 0.0 0.0 0.0 0.0 0.06834069 0.0 0.0 0.0 0.0 0.08405538 0.054510936 0.0 0.0 0.04917115 0.0 0.0 0.029664602 0.0 0.0 0.0 0.0 0.049098864 0.07299002 0.0 0.0 0.0 0.0 0.0 0.042960867 0.013591587 0.015928334 0.0 0.010710219 0.010888145 0.03922331 0.0 0.0014441048
0.0 0.0 0.023623142 0.0 0.0077709975 0.019136494 0.11984699 0.0 0.0 0.0 0.0 0.1451152 0.0 0.0 0.0 0.0 0.0065603564 0.034914944 0.0 0.0 0.15120028 0.101678886 0.0 0.0 0.084340654 0.0 0.0 0.0 0.0 0.102130584 0.0 0.0 0.017491255 0.022971455 0.0 0.0 0.0 0.0 0.0 0.0 0.0 0.0 0.116335966 0.025225095 0.0 0.0 0.0455422 0.0 0.020368844 0.06998394 0.0 0.0 0.08603827 0.0 0.0 0.0
0.0 0.0 0.018759012 0.0 0.01742544 0.0 0.0072982637 0.0 0.0 0.0 0.0 0.0 0.0 0.0 0.016104188 0.0 0.08215361 0.0 0.0 0.0 0.056638267 0.1443777 0.0 0.0 0.0 0.0 0.0 0.0 0.0 0.0 0.0 0.0 0.0 0.2653593 0.0 0.0053776447 0.004977421 0.0 0.0 0.0 0.017947657 0.10503612 0.01616852 0.0 0.0 0.0 0.0 0.011959547 0.0 0.0 0.0 0.0 0.0 0.039514765 0.0 0.019356553
0.070131026 0.051474098 0.0 0.0 0.0 0.0 0.0 0.17484687 0.0 0.11915258 0.005532353 0.0 0.0 0.0 0.0 0.0 0.0 0.0 0.037362263 0.0 0.0 0.0 0.0 0.06929651 0.0 0.0 0.0 0.0 0.0 0.0 0.0 0.0 0.0 0.0 0.017924514 0.0 0.049048092 0.0 0.0 0.0 0.0 0.044499747 0.0 0.0 0.0 0.0 0.0 0.016016508 0.0 0.0 0.0 0.099345356 0.0 0.019198868 0.0 0.1634758
0.0 0.0 0.0 0.13149111 0.0 0.04521057 0.0 0.0 0.0 0.010796142 0.19976401 0.0 0.01610419 0.0 0.0 0.06756756 0.0 0.0 0.0 0.0 0.0 0.0 0.05297629 0.0 0.0 0.021389099 0.0 0.013444629 0.0 0.0 0.08066641 0.0 0.016460367 0.015363689 0.0 0.0 0.014564861 0.013484485 0.0783681 0.005729223 0.0 0.0 0.052478135 0.0 0.022076407 0.0 0.0 0.0 0.019542966 0.0 0.08640258 0.0 0.0 0.0 0.017240081 0.0
0.0019196479 0.0 0.0 0.0 0.0 0.0 0.0 0.045576766 0.0 0.0 0.0 0.0 0.0 0.0 0.067567565 0.0 0.0 0.061145034 0.0 0.12867217 0.0 0.0 0.005348644 0.06686699 0.0 0.0 0.078879185 0.053545747 0.0 0.0 0.0 0.0 0.049665954 0.0 0.08865156 0.0 0.0 0.031940345 0.0 0.0 0.0 0.0 0.0115117 0.0 0.0 0.079255596 0.0 0.0 0.0 0.0 0.06340301 0.05196666 0.0 0.07089917 0.0 0.0
0.0 0.0 0.055774663 0.14391163 0.12609516 0.08006858 0.06660988 0.0 0.0 0.0 0.0 0.006560356 0.08215361 0.0 0.0 0.0 0.036315426 0.0 0.0 0.0 0.020724757 0.08764931 0.049738478 0.0 0.028305916 0.0 0.0045422143 0.0 0.0 0.0 0.0 0.0 0.0 0.0 0.0 0.0 0.0 0.0 0.0 0.028697323 0.0 0.0 0.14963433 0.0 0.0 0.0 0.052322906 0.0 0.0 0.0 0.0 0.0 0.05747172 0.0 0.0 0.0
0.0 0.047729935 0.0 0.023993604 0.0 0.0 0.0 0.0 0.0 0.0 0.0 0.034914944 0.0 0.0 0.0 0.061145034 0.0 0.0 0.03805619 0.009259235 0.015802788 0.12457844 0.0 0.0 0.015087575 0.0 0.0 0.0 0.0 0.026752068 0.04362306 0.0 0.0 0.015722722 0.0 0.0 0.05749505 0.0 0.0 0.0 0.0044234903 0.012268476 0.03260305 0.11269391 0.0 0.04248281 0.0 0.004903585 0.04276253 0.07721377 0.0 0.0 0.08281862 0.0 0.014892256 0.0
0.07685167 0.0 0.0 0.0 0.0 0.011193918 0.0020137893 0.0 0.0 0.0 0.027086433 0.0 0.0 0.037362263 0.0 0.0 0.0 0.03805619 0.0 0.0624572 0.0 0.0 0.011886593 0.0 0.0 0.0 0.0 0.0 0.0 0.0 0.0 0.0 0.0760448 0.0 0.0 0.0 0.0 0.019316422 0.0049283816 0.0 0.0 0.0 0.0 0.1595358 0.239514 0.04832837 0.0 0.013031054 0.0 0.0 0.054230094 0.0 0.0 0.0 0.0 0.0
0.0 0.02418836 0.021728316 0.077548176 0.0 0.0 0.07754891 0.0 0.0 0.0 0.0 0.0 0.0 0.0 0.0 0.12867217 0.0 0.009259234 0.0624572 0.080380686 0.0 0.0 0.0 0.024519242 0.020717893 0.050976742 0.007748023 0.0 0.0 0.0 0.2001071 0.0 0.040619887 0.0 0.0 0.025301136 0.0 0.0 0.0 0.0 0.008725796 0.0 0.0 0.0 0.0 0.0 0.0 0.0 0.014784085 0.0 0.0590519 0.0 0.0 0.0 0.0 0.0
0.0 0.0 0.19477926 0.018408585 0.0 0.0 0.0 0.0 0.0018591619 0.0 0.0 0.1512003 0.056638267 0.0 0.0 0.0 0.020724755 0.015802788 0.0 0.0 0.11924791 0.0 0.0 0.0 0.020497153 0.0 0.0 0.0 0.078854695 0.082771026 0.0 0.0 0.13164549 0.0 0.0 0.0 0.0 0.0 0.010527136 0.0 0.0 0.0 0.0 0.0 0.0 0.0 0.0 0.0 0.050170902 0.0 0.0 0.0 0.0 0.0 0.0 0.0
0.0 0.0 0.0099411765 0.057830278 0.013873346 0.0 0.0 0.0 0.0 0.0 0.0 0.101678886 0.1443777 0.0 0.0 0.0 0.0876493 0.12457843 0.0 0.0 0.0 0.0 0.0 0.0 0.1606841 0.0 0.00956655 0.0 0.0 0.0 0.0 0.0 0.0 0.0 0.0 0.077578865 0.0 0.0 0.014960138 0.029972123 0.003249854 0.025643837 0.06800243 0.0 0.0 0.011302401 0.18323791 0.0 0.0 0.0 0.0 0.033704255 0.0 0.0 0.0 0.0
0.0 0.13488337 0.06354906 0.0 0.0 0.0 0.076744296 0.0841098 0.19178832 0.0 0.0 0.0 0.0 0.0 0.052976288 0.005348644 0.049738478 0.0 0.011886593 0.0 0.0 0.0 0.0 0.0 0.0 0.0 0.0 0.0 0.0 0.123632625 0.0 0.003559857 0.0 0.017707372 0.014414103 0.14416847 0.0 0.0014897548 0.0 0.0 0.0 0.034286406 0.0 0.0 0.0 0.0 0.027634243 0.0 0.0 0.0 0.0 0.0 0.05484596 0.0 0.0 0.1764063
0.0 0.12207523 0.0 0.0 0.0 0.0 0.0 0.062029216 0.0 0.0 0.06834069 0.0 0.0 0.06929651 0.0 0.06686699 0.0 0.0 0.0 0.024519244 0.0 0.0 0.0 0.0 0.0 0.0 0.0 0.11368464 0.03485545 0.0 0.0 0.17170908 0.0 0.0 0.0 0.0 0.028235558 0.0 0.0 0.0 0.026458355 0.0 0.0 0.0060770325 0.0 0.044263564 0.0 0.081229396 0.0 0.0 0.028505897 0.0 0.0 0.05345099 0.0 0.0
0.0 0.0 0.18736233 0.0 0.057798028 0.0 0.0 0.0 0.0 0.0 0.0 0.084340654 0.0 0.0 0.0 0.0 0.028305916 0.015087576 0.0 0.020717893 0.020497153 0.16068411 0.0 0.0 0.11877052 0.0 0.0 0.0 0.0 0.07169117 0.0 0.0 0.0037058827 0.0 0.0 0.0 0.0 0.0 0.0439179 0.0 0.0 0.0 0.0 0.109680645 0.0 0.0 0.0 0.0 0.0 0.0064293067 0.0 0.0 0.045893226 0.0 0.0 0.038843982
0.0 0.008090687 0.0 0.0110119125 0.0 0.0 0.13239053 0.05561637 0.0815715 0.0 0.0 0.0 0.0 0.0 0.0213891 0.0 0.0 0.0 0.0 0.05097674 0.0 0.0 0.0 0.0 0.0 0.0 0.0 0.0 0.0 0.0 0.0 0.0 0.0 0.05813575 0.0 0.0 0.0 0.0 0.0 0.0 0.0 0.31259346 0.0 0.0 0.0 0.02289577 0.05252209 0.04903748 0.0 0.0 0.0 0.0 0.0 0.09954365 0.0 0.08185454
0.011109139 0.0392835 0.0 0.0 0.0 0.0 0.0 0.04105438 0.0 0.025473736 0.0 0.0 0.0 0.0 0.0 0.078879185 0.004542214 0.0 0.0 0.0077480227 0.0 0.00956655 0.0 0.0 0.0 0.0 0.0 0.0 0.0 0.060634505 0.0 0.0 0.009141419 0.0 0.038324367 0.0 0.017900707 0.0 0.0 0.0749636 0.27501127 0.0029055644 0.0 0.0 0.0012519009 0.0 0.0 0.08179271 0.0 0.06463344 0.07194069 0.0 0.0013156945 0.0 0.058678824 0.098937295
0.10925809 0.015065378 0.014318841 0.0 0.0 0.0 0.0 0.09123953 0.0 0.015242275 0.0 0.0 0.0 0.0 0.013444629 0.053545747 0.0 0.0 0.0 0.0 0.0 0.0 0.0 0.11368463 0.0 0.0 0.0 0.0 0.0 0.0 0.0 0.0 0.0 0.0 0.11373656 0.094634034 0.0 0.0 0.0 0.0 0.05557828 0.017757028 0.0 0.0 0.0 0.0 0.0 0.015333495 0.0 0.0 0.04629022 0.18806916 0.0 0.023439204 0.040164392 0.0
0.0 0.0 0.0019480032 0.0 0.0049578855 0.06380245 0.0 0.0 0.0 0.33607933 0.08405539 0.0 0.0 0.0 0.0 0.0 0.0 0.0 0.0 0.0 0.078854695 0.0 0.0 0.03485545 0.0 0.0 0.0 0.0 0.0 0.0 0.0 0.02415555 0.0 0.0 0.0 0.0 0.027920477 0.035832282 0.0 0.0 0.0 0.0 0.08216124 0.0 0.0 0.0 0.106950134 0.0 0.0 0.0 0.0 0.015194541 0.0 0.0 0.0 0.0
0.0 0.0 0.0 0.067712605 0.012175067 0.0 0.0 0.0 0.01509116 0.0 0.054510936 0.102130584 0.0 0.0 0.0 0.0 0.0 0.026752068 0.0 0.0 0.08277102 0.0 0.123632625 0.0 0.07169117 0.0 0.0606345 0.0 0.0 0.0 0.046958603 0.0 0.09981609 0.0 0.0 0.0 0.0 0.0 0.059460633 0.0 0.0 0.0 0.0 0.016313694 0.0 0.0 0.06390859 0.0 0.0 0.0 0.0 0.0 0.031984065 0.0 0.0 0.0
0.0 0.005801211 0.0 0.0 0.0 0.0 0.0 0.0 0.038842916 0.0 0.0 0.0 0.0 0.0 0.0806664 0.0 0.0 0.043623064 0.0 0.20010711 0.0 0.0 0.0 0.0 0.0 0.0 0.0 0.0 0.0 0.046958607 0.13987498 0.0 0.12491783 0.0 0.0 0.0 0.0 0.0 0.0 0.0 0.0 0.0 0.0 0.0 0.03532193 0.0 0.0 0.05105173 0.15722112 0.0 0.03209626 0.0 0.0 0.0 0.046948116 0.0
0.0 0.0 0.0 0.0 0.0 0.0 0.06262176 0.04433984 0.0 0.06423577 0.0 0.0 0.0 0.0 0.0 0.0 0.0 0.0 0.0 0.0 0.0 0.0 0.003559857 0.17170908 0.0 0.0 0.0 0.0 0.024155552 0.0 0.0 0.0 0.0 0.0 0.0 0.024838256 0.33232862 0.0 0.0 0.0075126817 0.002570944 0.0 0.0 0.011646639 0.0024078444 0.006818626 0.0 0.0 0.0 0.0 0.0 0.16813469 0.0 0.0 0.0 0.0
0.043387312 0.024577731 0.076649986 0.0 0.0 0.005197888 0.0 0.0 0.0012849891 0.012117176 0.049171153 0.017491255 0.0 0.0 0.016460367 0.049665954 0.0 0.0 0.0760448 0.040619887 0.13164547 0.0 0.0 0.0 0.0037058827 0.0 0.009141419 0.0 0.0 0.09981609 0.124917835 0.0 0.0 0.022702686 0.02187111 0.0 0.067775734 0.005754724 0.0 0.0 0.0 0.03609696 0.0 0.0 0.02833239 0.0 0.0 0.0029073525 0.011635238 0.13602786 0.0 0.0 0.07115609 0.0 0.0 0.0
0.0 0.0 0.0 0.0 0.0578334 0.0 0.0 0.0 0.013927136 0.0 0.0 0.022971455 0.2653593 0.0 0.015363689 0.0 0.0 0.015722722 0.0 0.0 0.0 0.0 0.017707372 0.0 0.0 0.05813575 0.0 0.0 0.0 0.0 0.0 0.0 0.022702688 0.0886333 0.0 0.0 0.0 0.0 0.014897516 0.027969362 0.11925316 0.0 0.028809452 0.063338086 0.0 0.0 0.022960804 0.0 0.12864754 0.0039484818 0.0142041 0.0 0.0 0.0 0.010207347 0.0
0.13369848 0.0 0.041865613 0.0 0.0 0.035650168 0.0 0.026272524 0.0 0.07761367 0.0 0.0 0.0 0.017924514 0.0 0.08865156 0.0 0.0 0.0 0.0 0.0 0.0 0.014414102 0.0 0.0 0.0 0.038324367 0.113736555 0.0 0.0 0.0 0.0 0.02187111 0.0 0.0 0.0 0.0 0.0 0.21622543 0.0 0.0 0.0 0.073058434 0.012776274 0.014491188 0.0 0.041615266 0.0 0.0 0.016846213 0.0 0.0 0.0027583418 0.0 0.067347206 0.0
0.0 0.0 0.0 0.0 0.026936093 0.0 0.0 0.0 0.0 0.0 0.029664602 0.0 0.0053776447 0.0 0.0 0.0 0.0 0.0 0.0 0.025301138 0.0 0.07757887 0.14416847 0.0 0.0 0.0 0.0 0.094634034 0.0 0.0 0.0 0.024838256 0.0 0.0 0.0 0.0 0.046714284 0.0 0.0 0.036444236 0.0 0.012803857 0.0 0.22686577 0.0 0.029512605 0.006982316 0.0 0.0 0.0 0.0 0.0 0.0 0.0 0.0 0.0
0.0 0.0 0.0 0.07573705 0.023378862 0.038816657 0.0 0.01201467 0.008288061 0.0 0.0 0.0 0.004977421 0.049048092 0.014564861 0.0 0.0 0.057495054 0.0 0.0 0.0 0.0 0.0 0.028235557 0.0 0.0 0.017900707 0.0 0.027920475 0.0 0.0 0.33232862 0.067775734 0.0 0.0 0.046714284 0.0 0.15765701 0.015903056 0.00031146922 0.0 0.0 0.0 0.0 0.0 0.061837465 0.05993173 0.0 0.042065248 0.0 0.0046533835 0.0 0.0 0.0 0.0 0.0
0.064899385 0.010182577 0.0 0.0 0.0 0.0 0.0 0.0025100773 0.0 0.27150968 0.0 0.0 0.0 0.0 0.013484485 0.031940345 0.0 0.0 0.019316422 0.0 0.0 0.0 0.0014897548 0.0 0.0 0.0 0.0 0.0 0.035832286 0.0 0.0 0.0 0.0057547246 0.0 0.0 0.0 0.15765701 0.0 0.0 0.0 0.0 0.0 0.0 0.0 0.18344417 0.0 0.0 0.0 0.023455614 0.018199123 0.022771422 0.0 0.0 0.0 0.0 0.0
0.06949866 0.0 0.08002966 0.0 0.0 0.0 0.0 0.0 0.0 0.0 0.0 0.0 0.0 0.0 0.0783681 0.0 0.0 0.0 0.0049283816 0.0 0.010527136 0.014960139 0.0 0.0 0.043917906 0.0 0.0 0.0 0.0 0.059460633 0.0 0.0 0.0 0.014897517 0.21622543 0.0 0.015903058 0.0 0.0 0.0 0.0 0.0 0.11282128 0.0 0.12519616 0.0 0.0 0.0 0.0 0.02827349 0.0 0.0 0.0 0.0 0.0 0.0
0.0 0.025477072 0.0 0.019966008 0.06170068 0.0 0.0 0.0 0.34258404 0.0 0.0 0.0 0.0 0.0 0.005729223 0.0 0.028697325 0.0 0.0 0.0 0.0 0.029972123 0.0 0.0 0.0 0.0 0.0749636 0.0 0.0 0.0 0.0 0.0075126817 0.0 0.027969362 0.0 0.036444236 0.00031146922 0.0 0.0 0.08850457 0.017935393 0.043915097 0.0 0.0 0.0 0.0 0.0 0.016289486 0.07164977 0.0 0.06442654 0.0 0.0 0.0 0.0 0.0
0.0 0.0 0.0 0.030203598 0.08033386 0.016448727 0.0 0.0 0.0 0.0 0.049098864 0.0 0.017947659 0.0 0.0 0.0 0.0 0.0044234903 0.0 0.008725796 0.0 0.003249854 0.0 0.026458355 0.0 0.0 0.27501124 0.055578284 0.0 0.0 0.0 0.0025709437 0.0 0.11925316 0.0 0.0 0.0 0.0 0.0 0.017935395 0.0 0.0 0.020365227 0.0 0.0 0.0 0.06132434 0.011219418 0.0 0.0 0.025277266 0.0 0.0 0.0 0.13918804 0.0
0.0 0.0 0.0 0.09258562 0.0 0.006556176 0.0 0.0 0.0 0.0 0.072990015 0.0 0.10503612 0.044499747 0.0 0.0 0.0 0.012268476 0.0 0.0 0.0 0.025643837 0.03428641 0.0 0.0 0.3125935 0.0029055641 0.01775703 0.0 0.0 0.0 0.0 0.03609696 0.0 0.0 0.012803857 0.0 0.0 0.0 0.043915097 0.0 0.0 0.0 0.0 0.0 0.0 0.05964222 0.0 0.043086085 0.0 0.0 0.105525024 0.0 0.0 0.018707467 0.0
0.0 0.0 0.0 0.0 0.0 0.0 0.0 0.0025950915 0.0 0.0 0.0 0.11633596 0.01616852 0.0 0.05247814 0.011511699 0.14963433 0.03260305 0.0 0.0 0.0 0.06800243 0.0 0.0 0.0 0.0 0.0 0.0 0.08216123 0.0 0.0 0.0 0.0 0.028809452 0.073058434 0.0 0.0 0.0 0.11282127 0.0 0.020365227 0.0 0.0 0.022243218 0.0 0.0 0.0 0.0 0.0 0.03387841 0.0 0.0 0.0 0.0 0.0 0.07045141
0.0 0.0 0.027906116 0.0 0.03666968 0.0 0.024119131 0.0 0.056386955 0.0 0.0 0.025225095 0.0 0.0 0.0 0.0 0.0 0.11269391 0.1595358 0.0 0.0 0.0 0.0 0.0060770325 0.109680645 0.0 0.0 0.0 0.0 0.016313694 0.0 0.01164664 0.0 0.06333808 0.012776273 0.22686577 0.0 0.0 0.0 0.0 0.0 0.0 0.022243218 0.04342602 0.0 0.0 0.0 0.0 0.0 0.0 0.0 0.050313108 0.119679146 0.0 0.0 0.0
0.0 0.0 0.0 0.0 0.0 0.08130537 0.0 0.0015998086 0.0 0.0 0.0 0.0 0.0 0.0 0.022076407 0.0 0.0 0.0 0.23951401 0.0 0.0 0.0 0.0 0.0 0.0 0.0 0.001251901 0.0 0.0 0.0 0.03532193 0.0024078444 0.028332388 0.0 0.014491188 0.0 0.0 0.18344417 0.12519616 0.0 0.0 0.0 0.0 0.0 0.0 0.1097945 0.0 0.0 0.021612398 0.14814326 0.029273486 0.0 0.17412327 0.0 0.0 0.0
0.0 0.0283402 0.0 0.016794205 0.15953878 0.015186353 0.041871175 0.0 0.0 0.0 0.0 0.0 0.0 0.0 0.0 0.0792556 0.0 0.04248281 0.048328374 0.0 0.0 0.011302402 0.0 0.044263564 0.0 0.02289577 0.0 0.0 0.0 0.0 0.0 0.0068186265 0.0 0.0 0.0 0.029512605 0.06183747 0.0 0.0 0.0 0.0 0.0 0.0 0.0 0.1097945 0.15067382 0.0 0.0 0.053484228 0.005900394 0.0 0.0003487852 0.0 0.004586369 0.0 0.0
0.0 0.0 0.072483666 0.0 0.019045493 0.0 0.0 0.0 0.0079532005 0.0 0.0 0.0455422 0.0 0.0 0.0 0.0 0.052322906 0.0 0.0 0.0 0.0 0.18323791 0.027634243 0.0 0.0 0.05252209 0.0 0.0 0.106950134 0.0639086 0.0 0.0 0.0 0.022960804 0.04161527 0.006982316 0.05993173 0.0 0.0 0.0 0.061324336 0.05964222 0.0 0.0 0.0 0.0 0.0 0.0 0.0 0.0 0.0 0.026668578 0.009609908 0.0 0.0 0.020487197
0.0 0.016071979 0.0 0.0 0.0 0.12733193 0.0 0.016007407 0.0 0.0 0.042960867 0.0 0.011959548 0.016016508 0.0 0.0 0.0 0.0049035847 0.013031053 0.0 0.0 0.0 0.0 0.081229396 0.0 0.049037475 0.08179272 0.015333496 0.0 0.0 0.05105173 0.0 0.0029073525 0.0 0.0 0.0 0.0 0.0 0.0 0.016289486 0.011219418 0.0 0.0 0.0 0.0 0.0 0.0 0.0 0.0 0.0 0.17585452 0.0 0.011215935 0.14234759 0.095913194 0.0
0.0 0.0 0.007039641 0.0 0.0028098247 0.0 0.05534854 0.0 0.0 0.0 0.013591587 0.020368842 0.0 0.0 0.019542968 0.0 0.0 0.04276253 0.0 0.014784085 0.050170902 0.0 0.0 0.0 0.0 0.0 0.0 0.0 0.0 0.0 0.15722112 0.0 0.011635238 0.12864754 0.0 0.0 0.04206525 0.023455614 0.0 0.07164977 0.0 0.043086085 0.0 0.0 0.021612398 0.053484224 0.0 0.0 0.0 0.0 0.0 0.0 0.027655376 0.02644477 0.0 0.0
0.03614609 0.0 0.0 0.0 0.0 0.11776796 0.0 0.0 0.0 0.0 0.015928332 0.06998394 0.0 0.0 0.0 0.0 0.0 0.07721377 0.0 0.0 0.0 0.0 0.0 0.0 0.0064293067 0.0 0.06463344 0.0 0.0 0.0 0.0 0.0 0.13602786 0.0039484818 0.016846213 0.0 0.0 0.018199123 0.028273491 0.0 0.0 0.0 0.03387841 0.0 0.14814326 0.005900394 0.0 0.0 0.0 0.021246938 0.056617998 0.0 0.0 0.051965635 0.021672366 0.0
0.0 0.08429197 0.0 0.0 0.0 0.0 0.012378951 0.03661695 0.028653009 0.0 0.0 0.0 0.0 0.0 0.08640259 0.06340301 0.0 0.0 0.054230094 0.059051894 0.0 0.0 0.0 0.028505897 0.0 0.0 0.07194068 0.04629022 0.0 0.0 0.032096256 0.0 0.0 0.014204101 0.0 0.0 0.0046533835 0.022771422 0.0 0.06442654 0.025277268 0.0 0.0 0.0 0.029273486 0.0 0.0 0.17585453 0.0 0.056617998 0.0 0.0 0.0 0.031161146 0.1012431 0.04571106
0.0005602722 0.003450879 0.0 0.0 0.0 0.0 0.0 0.16406749 0.0 0.0 0.010710219 0.0 0.0 0.099345356 0.0 0.05196666 0.0 0.0 0.0 0.0 0.0 0.033704255 0.0 0.0 0.0 0.0 0.0 0.18806916 0.015194541 0.0 0.0 0.16813469 0.0 0.0 0.0 0.0 0.0 0.0 0.0 0.0 0.0 0.105525024 0.0 0.050313108 0.0 0.00034878522 0.026668578 0.0 0.0 0.0 0.0 0.0 0.0 0.15431638 0.0 0.0
0.030919725 0.0 0.03031907 0.0 0.0 0.0 0.0 0.0 0.0 0.0 0.010888145 0.08603828 0.0 0.0 0.0 0.0 0.05747172 0.08281862 0.0 0.0 0.0 0.0 0.05484596 0.0 0.045893222 0.0 0.0013156945 0.0 0.0 0.031984065 0.0 0.0 0.071156085 0.0 0.002758342 0.0 0.0 0.0 0.0 0.0 0.0 0.0 0.0 0.11967915 0.17412329 0.0 0.009609908 0.011215936 0.027655376 0.0 0.0 0.0 0.0 0.0 0.0 0.0
0.021025904 0.0 0.0 0.0052635497 0.0 0.0 0.0 0.0208265 0.0 0.0 0.039223306 0.0 0.03951476 0.019198868 0.0 0.07089917 0.0 0.0 0.0 0.0 0.0 0.0 0.0 0.053450987 0.0 0.09954365 0.0 0.023439204 0.0 0.0 0.0 0.0 0.0 0.0 0.0 0.0 0.0 0.0 0.0 0.0 0.0 0.0 0.0 0.0 0.0 0.0045863693 0.0 0.14234759 0.02644477 0.051965635 0.031161146 0.1543164 0.0 0.0 0.21091197 0.0
0.0 0.12060726 0.0 0.0 0.0 0.0 0.017648512 0.0 0.019504914 0.0 0.0 0.0 0.0 0.0 0.01724008 0.0 0.0 0.014892255 0.0 0.0 0.0 0.0 0.0 0.0 0.0 0.0 0.05867883 0.04016439 0.0 0.0 0.04694812 0.0 0.0 0.010207347 0.06734721 0.0 0.0 0.0 0.0 0.0 0.13918802 0.018707467 0.0 0.0 0.0 0.0 0.0 0.095913194 0.0 0.021672366 0.1012431 0.0 0.0 0.21091197 0.0 0.039483383
0.048941948 0.0 0.0 0.020390077 0.0 0.0 0.0 0.0 0.0 0.0 0.0014441048 0.0 0.019356554 0.16347578 0.0 0.0 0.0 0.0 0.0 0.0 0.0 0.0 0.1764063 0.0 0.038843982 0.08185454 0.098937295 0.0 0.0 0.0 0.0 0.0 0.0 0.0 0.0 0.0 0.0 0.0 0.0 0.0 0.0 0.0 0.070451416 0.0 0.0 0.0 0.020487199 0.0 0.0 0.0 0.04571106 0.0 0.0 0.0 0.039483383 0.040692654
