0.12466798 0.0 0.0 0.0 0.0 0.0 0.0 0.041709103 0.0 0.04511929 0.039962713 0.0 0.0 0.0 0.030774456 0.0 0.0 0.0 0.0 0.019639522 0.012641527 0.0 0.0 0.0 0.0 0.0 0.0 0.0 0.0 0.0 0.0 0.0 0.0 0.044369843 0.20350063 0.0 0.30583897 0.0 0.0 0.0 0.0 0.0 0.0 0.0 0.071508 0.015498101 0.0 0.07700271 0.016452195 0.0 0.0 0.011226734 0.0 0.0 0.0 0.0
0.0 0.0 0.0 0.0 0.0 0.0 0.11875602 0.0 0.0 0.11783826 0.032921545 0.0 0.0 0.0 0.0 0.032434784 0.0 0.0 0.0 0.0 0.0 0.0 0.0 0.0 0.0 0.0 0.0 0.0 0.23095296 0.0 0.0 0.0 0.0 0.005274955 0.0 0.11669199 0.1125571 0.0 0.0 0.0 0.0 0.04316337 0.0 0.0 0.10060424 0.0 0.0 0.0 0.0 0.0 0.0 0.052037418 0.0 0.0 0.0 0.0
0.0 0.0 0.0 0.0 0.0 0.0 0.0 0.0 0.019776229 0.019951088 0.06670718 0.0 0.0 0.03555365 0.0 0.012839463 0.002988178 0.0 0.0 0.07111436 0.0047009555 0.0 0.0 0.18114263 0.0 0.0 0.0 0.11489705 0.0 0.0 0.0 0.0 0.0 0.0 0.0 0.0 0.0 0.0 0.00781734 0.0 0.079587735 0.003169366 0.0 0.0 0.024506036 0.0 0.0 0.0 0.0 0.0022992797 0.028424984 0.0 0.0 0.14408435 0.0 0.0
0.0 0.0 0.0 0.0 0.0 0.0 0.0 0.0 0.0 0.04756508 0.0 0.0 0.0 0.0058009587 0.0 0.06996788 0.0 0.0 0.004485363 0.0 0.0 0.0 0.0 0.007195571 0.0040959325 0.1552767 0.0 0.050723188 0.0076046446 0.0 0.0 0.0 0.0 0.06962113 0.0 0.0 0.0 0.0 0.0 0.04099279 0.05192578 0.10531688 0.0 0.0 0.013558034 0.0 0.0 0.0 0.0 0.0 0.0257159 0.0 0.0 0.107591175 0.09871721 0.07611237
0.0 0.0 0.0 0.0 0.012187 0.0 0.0 0.0 0.15960254 0.0 0.025734562 0.0 0.0 0.0 0.0 0.0 0.051682897 0.10585432 0.0 0.0 0.0 0.0 0.0 0.0381965 0.0 0.017969958 0.014418167 0.115354754 0.0 0.0 0.021680973 0.0128124915 0.0 0.011422803 0.0 0.11549721 0.0 0.0 0.0 0.0 0.0 0.0 0.0 0.000754902 0.0 0.052684337 0.0 0.0 0.0 0.0 0.0 0.0 0.0 0.0 0.08208092 0.0
0.0 0.0 0.0 0.0 0.0 0.0 0.0 0.0 0.05393964 0.0 0.014479835 0.0 0.0 0.039649695 0.0 0.075205095 0.0 0.0 0.0 0.0 0.0056875013 0.0 0.07299263 0.015233808 0.0 0.047589425 0.0 0.0 0.0 0.0 0.0039957413 0.0 0.0 0.019450402 0.0 0.0 0.0 0.010926418 0.029601572 0.06672478 0.0 0.18472053 0.0 0.0 0.0 0.012581467 0.0 0.020086508 0.0 0.0 0.0 0.0 0.0 0.051680427 0.043774184 0.10930263
0.0 0.11875602 0.0 0.0 0.0 0.0 0.41723204 0.0 0.0 0.0 0.0 0.09327125 0.0 0.0 0.0 0.0 0.0 0.026351782 0.0 0.03195266 0.0 0.0 0.0 0.0 0.0 0.0 0.0018100287 0.0 0.0 0.0 0.0 0.0 0.0 0.019167103 0.0 0.0 0.0 0.0 0.0 0.0 0.0 0.0 0.06850044 0.0 0.0 0.0 0.0917696 0.0 0.0 0.0 0.010498817 0.0 0.0 0.0 0.0 0.012078098
0.041709103 0.0 0.0 0.0 0.0 0.0 0.0 0.25132838 0.0 0.01986429 0.0 0.0 0.0 0.2235582 0.011012404 0.0 0.0 0.0 0.0 0.0 0.0 0.0 0.0 0.0 0.0 0.0 0.0 0.0 0.066273324 0.0046268874 0.0 0.0 0.0 0.0033332082 0.13370726 0.0 0.11577672 0.0 0.0 0.0 0.0 0.0 0.0 0.0 0.0 0.0 0.0 0.020222325 0.0 0.0 0.0 0.055785973 0.0 0.0 0.0 0.0
0.0 0.0 0.019776229 0.0 0.15960252 0.053939644 0.0 0.0 0.0823194 0.0 0.03918117 0.053133108 0.0 0.0 0.0 0.032175876 0.049720485 0.0 0.026755981 0.0 0.0 0.04007362 0.0 0.018734869 0.0 0.0 0.0 0.0 0.01143677 0.0 0.0 0.13447067 0.0 0.023366623 0.0 0.1416893 0.0 0.0 0.0 0.0 0.0 0.09949089 0.0 0.007764591 0.0 0.0 0.04949001 0.0 0.0 0.025748359 0.0 0.0 0.07626285 0.0 0.0 0.007917722
0.045119293 0.11783826 0.019951086 0.047565077 0.0 0.0 0.0 0.01986429 0.0 0.0 0.0 0.0 0.09551757 0.0 0.100209795 0.0 0.0 0.025905037 0.0 0.10369467 0.0 0.0 0.050707985 0.0 0.073815815 0.0 0.017311584 0.0 0.0 0.019910477 0.0 0.013940211 0.03333637 0.0 0.0 0.0 0.0 0.0 0.0 0.0 0.061784863 0.0 0.0 0.107519336 0.0 0.0 0.0 0.0 0.23826781 0.0 0.0 0.0 0.11002893 0.0 0.0 0.0
0.039962713 0.032921545 0.06670718 0.0 0.025734562 0.014479835 0.0 0.0 0.039181173 0.0 0.0 0.04674614 0.02520825 0.0 0.0 0.073763825 0.08157573 0.19155608 0.08984819 0.014157792 0.0 0.0 0.0 0.0 0.07539852 0.0 0.0 0.018754417 0.09550638 0.08496191 0.0 0.0 0.0 0.0 0.0 0.0 0.0 0.021884063 0.0 0.0 0.0 0.0 0.0 0.015349168 0.0 0.019755252 0.0 0.0 0.0 0.0 0.0 0.0 0.039685138 0.0 0.0 0.0
0.0 0.0 0.0 0.0 0.0 0.0 0.09327125 0.0 0.053133104 0.0 0.04674614 0.0 0.0 0.009672043 0.0 0.0 0.041253086 0.0 0.0 0.0 0.0 0.0 0.0 0.0 0.0 0.0 0.0 0.17626156 0.0 0.0 0.0 0.0 0.0 0.1121679 0.0 0.0 0.0 0.0 0.034191724 0.10910746 0.0 0.0 0.0 0.035151254 0.0 0.0 0.01864073 0.0 0.019552639 0.0 0.0 0.0 0.0 0.103151426 0.0 0.04771735
0.0 0.0 0.0 0.0 0.0 0.0 0.0 0.0 0.0 0.09551757 0.02520825 0.0 0.0 0.0 0.0 0.0 0.0 0.0 0.0 0.0 0.0 0.1495542 0.0 0.07918203 0.0 0.0 0.05635511 0.0 0.0 0.0 0.0 0.0 0.0 0.0014694812 0.0 0.0 0.18088283 0.0 0.0 0.0 0.06746455 0.041859597 0.0 0.0017498262 0.017791387 0.0 0.0 0.0 0.0 0.0 0.0 0.035050444 0.0 0.0 0.0 0.0
0.0 0.0 0.035553653 0.0058009587 0.0 0.039649695 0.0 0.2235582 0.0 0.0 0.0 0.009672043 0.0 0.0 0.0 0.0 0.14899927 0.0 0.0 0.0 0.019584954 0.087899715 0.018350855 0.05592474 0.0 0.0 0.037507307 0.036478795 0.0 0.0 0.0 0.0 0.0 0.024400335 0.0 0.0 0.0 0.0 0.0 0.0 0.051251426 0.0 0.0 0.0 0.0 0.0 0.0 0.0 0.0 0.11079043 0.0 0.13266842 0.028427053 0.0 0.018796965 0.0
0.030774456 0.0 0.0 0.0 0.0 0.0 0.0 0.011012404 0.0 0.100209795 0.0 0.0 0.0 0.0 0.0 0.0 0.0 0.0 0.105752066 0.044734318 0.1994484 0.0 0.0 0.031606317 0.0 0.0 0.0 0.0 0.0439115 0.0 0.0 0.0 0.0 0.07775885 0.0 0.0 0.0 0.0 0.13726752 0.0 0.0 0.0 0.0 0.0 0.11521587 0.0 0.0 0.0 0.0 0.0 0.0 0.0 0.0 0.0 0.0 0.0
0.0 0.03243478 0.012839463 0.06996788 0.0 0.075205095 0.0 0.0 0.03217588 0.0 0.07376383 0.0 0.0 0.0 0.0 0.08739489 0.0 0.05262503 0.01802206 0.022575948 0.0 0.0 0.010382784 0.0 0.0 0.018119074 0.1174063 0.0 0.0 0.0 0.2761665 0.005101724 0.0 0.0 0.0 0.0 0.009504441 0.021291379 0.0 0.016312176 0.0 0.024604816 0.0 0.0 0.0 0.0 0.045651935 0.0 0.14232981 0.0 0.0 0.0 0.0 0.0 0.0 0.0
0.0 0.0 0.0029881783 0.0 0.051682897 0.0 0.0 0.0 0.049720485 0.0 0.08157574 0.04125309 0.0 0.14899927 0.0 0.0 0.0 0.057988554 0.0 0.044823136 0.0 0.018489093 0.04267812 0.0 0.0 0.0 0.0 0.0 0.03153308 0.050072376 0.0 0.027024323 0.0 0.009456892 0.0 0.077274054 0.008794123 0.0 0.0 0.0 0.0 0.0 0.0 0.0 0.0 0.0065380163 0.0 0.0 0.0 0.0 0.040066265 0.012524787 0.0 0.0 0.0 0.0
0.0 0.0 0.0 0.0 0.10585431 0.0 0.026351783 0.0 0.0 0.025905037 0.19155608 0.0 0.0 0.0 0.0 0.052625027 0.05798855 0.0 0.0 0.00565353 0.15293056 0.0 0.0 0.0 0.0 0.0 0.0 0.0 0.0 0.08018525 0.0 0.0 0.0 0.023223147 0.0 0.0 0.0038234964 0.0 0.0 0.0 0.0 0.0 0.1426118 0.028096583 0.0 0.0813765 0.0 0.0 0.0 0.0 0.0 0.0 0.0 0.0 0.0 0.02599327
0.0 0.0 0.0 0.004485363 0.0 0.0 0.0 0.0 0.026755983 0.0 0.08984819 0.0 0.0 0.0 0.105752066 0.01802206 0.0 0.0 0.03924251 0.0 0.0 0.0 0.0 0.0642523 0.0 0.02769941 0.0 0.0 0.0 0.0 0.0 0.0 0.0 0.052466627 0.0 0.06261787 0.0026225783 0.0 0.0 0.0 0.0 0.0 0.0 0.0 0.020386467 0.0 0.0 0.0 0.08859712 0.0 0.0 0.0 0.0049127885 0.0 0.0469566 0.0
0.019639522 0.0 0.07111436 0.0 0.0 0.0 0.03195266 0.0 0.0 0.10369467 0.014157792 0.0 0.0 0.0 0.044734318 0.022575947 0.044823136 0.0056535294 0.0 0.0432284 0.0 0.05100319 0.0555684 0.045242548 0.043739468 0.010715387 0.0 0.0 0.0 0.08374508 0.0 0.0 0.0 0.0 0.031098856 0.0 0.0 0.0 0.049680088 0.0 0.0 0.021416737 0.0 0.0 0.082543306 0.0 0.0 0.0 0.0 0.052991375 0.0 0.0 0.0 0.0 0.0 0.016065335
0.012641527 0.0 0.0047009555 0.0 0.0 0.0056875017 0.0 0.0 0.0 0.0 0.0 0.0 0.0 0.019584952 0.19944842 0.0 0.0 0.15293054 0.0 0.0 0.0 0.0 0.12375815 0.105910785 0.021407342 0.039524242 0.0 0.0 0.0 0.0 0.0 0.0033353225 0.0 0.0 0.0 0.0 0.0 0.0 0.0 0.0 0.0 0.0 0.0 0.0 0.16530427 0.0 0.0 0.0 0.0 0.0 0.0 0.0 0.010291223 0.0 0.0 0.0
0.0 0.0 0.0 0.0 0.0 0.0 0.0 0.0 0.040073622 0.0 0.0 0.0 0.1495542 0.087899715 0.0 0.0 0.018489093 0.0 0.0 0.05100319 0.0 0.0 0.019531764 0.0 0.0 0.09592476 0.0 0.0 0.0 0.0 0.0011712204 0.0 0.0 0.0 0.0 0.0 0.0 0.0 0.0 0.25231668 0.0 0.033728532 0.076639384 0.0 0.0 0.0 0.20490554 0.0 0.0 0.0 0.0 0.0 0.0066663246 0.004837229 0.0 0.0
0.0 0.0 0.0 0.0 0.0 0.07299263 0.0 0.0 0.0 0.05070798 0.0 0.0 0.0 0.018350855 0.0 0.010382784 0.04267812 0.0 0.0 0.0555684 0.12375815 0.019531764 0.032695983 0.0 0.0 0.01467368 0.024615744 0.02894158 0.03791221 0.0 0.0 0.0 0.055668555 0.0 0.03912243 0.0 0.015142398 0.115359865 0.19226003 0.0 0.0 0.0 0.0 0.0 0.033139005 0.091908686 0.0 0.0 0.0 0.0 0.034799285 0.0045664124 0.0011276186 0.0 0.09955939 0.0
0.0 0.0 0.18114263 0.007195571 0.0381965 0.015233807 0.0 0.0 0.018734869 0.0 0.0 0.0 0.07918203 0.05592474 0.031606317 0.0 0.0 0.0 0.0642523 0.045242548 0.105910785 0.0 0.0 0.0 0.0 0.0 0.0 0.0 0.0 0.1926565 0.0 0.09136799 0.0 0.0 0.0 0.0 0.0 0.0 0.0 0.0 0.009585314 0.013464268 0.0 0.0 0.0 0.13481267 0.018152509 0.09358748 0.0 0.0 0.0 0.0 0.010772387 0.0 0.0 0.0
0.0 0.0 0.0 0.0040959325 0.0 0.0 0.0 0.0 0.0 0.073815815 0.07539852 0.0 0.0 0.0 0.0 0.0 0.0 0.0 0.0 0.04373947 0.02140734 0.0 0.0 0.0 0.0 0.0 0.0 0.0 0.0 0.0 0.0 0.0 0.0 0.05349608 0.0 0.0 0.017806405 0.0 0.0 0.18104063 0.12914377 0.0 0.0 0.0 0.0 0.0 0.0 0.0 0.0 0.0 0.01940018 0.0 0.0 0.06738754 0.0 0.13511139
0.0 0.0 0.0 0.15527672 0.017969957 0.047589425 0.0 0.0 0.0 0.0 0.0 0.0 0.0 0.0 0.0 0.018119074 0.0 0.0 0.02769941 0.010715388 0.03952424 0.09592476 0.014673681 0.0 0.0 0.10240094 0.050044626 0.03563415 0.0 0.0 0.044721406 0.15677811 0.040629797 0.0 0.0 0.0 0.0 0.0 0.01186254 0.0 0.0 0.0045244386 0.0 0.0 0.0 0.014809394 0.006046622 0.0 0.0 0.101325266 0.0 0.0 0.03225885 0.0 0.0 0.0
0.0 0.0 0.0 0.0 0.014418167 0.0 0.0018100287 0.0 0.0 0.017311582 0.0 0.0 0.056355115 0.037507303 0.0 0.11740631 0.0 0.0 0.0 0.0 0.0 0.0 0.024615744 0.0 0.0 0.050044626 0.0 0.05197358 0.0 0.0 0.012863302 0.0 0.0 0.0 0.0 0.0 0.0 0.08064779 0.0 0.0 0.0 0.0 0.0 0.0 0.031244215 0.009774998 0.0 0.13717891 0.0 0.0 0.06038313 0.0 0.0 0.0 0.21596387 0.0
0.0 0.0 0.11489705 0.05072319 0.11535476 0.0 0.0 0.0 0.0 0.0 0.018754417 0.17626156 0.0 0.036478795 0.0 0.0 0.0 0.0 0.0 0.0 0.0 0.0 0.028941581 0.0 0.0 0.03563415 0.05197358 0.0 0.0 0.049972404 0.0 0.1641614 0.0020032257 0.0 0.0 0.0 0.0 0.05477176 0.0 0.0 0.0 0.056150705 0.0 0.014072743 0.0 0.07786958 0.10088976 0.0 0.022816882 0.0 0.0 0.0 0.04596617 0.0 0.0 0.0
0.0 0.23095296 0.0 0.007604644 0.0 0.0 0.0 0.066273324 0.011436771 0.0 0.095506385 0.0 0.0 0.0 0.0439115 0.0 0.03153308 0.0 0.0 0.0 0.0 0.0 0.037912212 0.0 0.0 0.0 0.0 0.0 0.0 0.0 0.0 0.011622378 0.0 0.05012619 0.0 0.18859953 0.015712855 0.0 0.0 0.0 0.020810658 0.0 0.02069032 0.0994999 0.0 0.0 0.0 0.0 0.0 0.0 0.0 0.0059673944 0.0 0.0 0.0 0.0
0.0 0.0 0.0 0.0 0.0 0.0 0.0 0.004626887 0.0 0.019910477 0.08496191 0.0 0.0 0.0 0.0 0.0 0.050072376 0.08018524 0.0 0.08374508 0.0 0.0 0.0 0.1926565 0.0 0.0 0.0 0.049972404 0.0 0.0 0.0 0.0110993115 0.0 0.0 0.0 0.0 0.030060507 0.0 0.114453875 0.0 0.0 0.0 0.0 0.06762595 0.009280748 0.014987118 0.0 0.0 0.0 0.0 0.0 0.09683544 0.0 0.0 0.0 0.0
0.0 0.0 0.0 0.0 0.021680973 0.0039957413 0.0 0.0 0.0 0.0 0.0 0.0 0.0 0.0 0.0 0.2761665 0.0 0.0 0.0 0.0 0.0 0.0011712204 0.0 0.0 0.0 0.044721402 0.012863302 0.0 0.0 0.0 0.2945209 0.0 0.0 0.0 0.0 0.0 0.0 0.15014963 0.0 0.015391359 0.0 0.0 0.0 0.0 0.0 0.0 0.0 0.0 0.0 0.0 0.0 0.0 0.0 0.0 0.0 0.0
0.0 0.0 0.0 0.0 0.0128124915 0.0 0.0 0.0 0.13447069 0.013940211 0.0 0.0 0.0 0.0 0.0 0.0051017236 0.027024325 0.0 0.0 0.0 0.0033353223 0.0 0.0 0.09136799 0.0 0.1567781 0.0 0.16416138 0.011622379 0.0110993115 0.0 0.0 0.0 0.0 0.02939711 0.045369823 0.0 0.0 0.0 0.07602114 0.08735465 0.043476358 0.08878098 0.0 0.0 0.0 0.0 0.0 0.0 0.0 0.0 0.0 0.0 0.004688673 0.0082288245 0.07863401
0.0 0.0 0.0 0.0 0.0 0.0 0.0 0.0 0.0 0.033336367 0.0 0.0 0.0 0.0 0.0 0.0 0.0 0.0 0.0 0.0 0.0 0.0 0.05566855 0.0 0.0 0.040629797 0.0 0.0020032257 0.0 0.0 0.0 0.0 0.0 0.0 0.051967315 0.0 0.0 0.004077881 0.0 0.015639905 0.029996974 0.021874335 0.006841686 0.0 0.06817404 0.0 0.02256431 0.0 0.0 0.0 0.024344038 0.0 0.0 0.35416764 0.0 0.1283867
0.044369843 0.0052749547 0.0 0.06962114 0.011422802 0.019450402 0.019167103 0.003333208 0.023366623 0.0 0.0 0.1121679 0.0014694812 0.024400335 0.07775885 0.0 0.009456892 0.023223147 0.052466627 0.0 0.0 0.0 0.0 0.0 0.05349608 0.0 0.0 0.0 0.050126195 0.0 0.0 0.0 0.0 0.13352805 0.0 0.0 0.0 0.0 0.0 0.0 0.0 0.0 0.07475151 0.07713796 0.0 0.0 0.07831158 0.0 0.018308219 0.0 0.0 0.0 0.040732615 0.0 0.0 0.0
0.20350063 0.0 0.0 0.0 0.0 0.0 0.0 0.13370726 0.0 0.0 0.0 0.0 0.0 0.0 0.0 0.0 0.0 0.0 0.0 0.031098854 0.0 0.0 0.03912243 0.0 0.0 0.0 0.0 0.0 0.0 0.0 0.0 0.02939711 0.051967315 0.0 0.07498353 0.0 0.0 0.0 0.0 0.0 0.0 0.0 0.0 0.0 0.13148153 0.0044038696 0.0 0.15914054 0.0 0.023978027 0.021112563 0.100565754 0.018012518 0.0 0.0 0.0
0.0 0.116691984 0.0 0.0 0.11549721 0.0 0.0 0.0 0.1416893 0.0 0.0 0.0 0.0 0.0 0.0 0.0 0.077274054 0.0 0.06261787 0.0 0.0 0.0 0.0 0.0 0.0 0.0 0.0 0.0 0.18859951 0.0 0.0 0.045369823 0.0 0.0 0.0 0.24695198 0.0 0.0 0.0 0.0 0.028474383 0.0 0.0 0.0 0.0 0.022214746 0.004425272 0.0 0.0 0.0 0.0 0.0 0.0 0.0 0.0 0.0
0.30583894 0.1125571 0.0 0.0 0.0 0.0 0.0 0.11577672 0.0 0.0 0.0 0.0 0.18088283 0.0 0.0 0.009504441 0.008794123 0.0038234962 0.0026225783 0.0 0.0 0.0 0.015142398 0.0 0.017806403 0.0 0.0 0.0 0.015712855 0.030060507 0.0 0.0 0.0 0.0 0.0 0.0 0.0 0.0 0.0 0.0 0.0 0.0 0.0 0.19783081 0.0 0.0 0.0 0.005971008 0.0 0.06459676 0.0 0.0 0.0 0.0 0.0 0.0
0.0 0.0 0.0 0.0 0.0 0.010926418 0.0 0.0 0.0 0.0 0.021884065 0.0 0.0 0.0 0.0 0.021291379 0.0 0.0 0.0 0.0 0.0 0.0 0.115359865 0.0 0.0 0.0 0.08064779 0.05477176 0.0 0.0 0.15014963 0.0 0.004077881 0.0 0.0 0.0 0.0 0.038182013 0.0 0.0 0.0 0.0 0.0 0.0 0.0 0.096743055 0.0 0.017342115 0.0 0.0036692505 0.21920428 0.0 0.0 0.0 0.25492054 0.0
0.0 0.0 0.00781734 0.0 0.0 0.029601572 0.0 0.0 0.0 0.0 0.0 0.03419172 0.0 0.0 0.13726752 0.0 0.0 0.0 0.0 0.049680088 0.0 0.0 0.19226004 0.0 0.0 0.01186254 0.0 0.0 0.0 0.114453875 0.0 0.0 0.0 0.0 0.0 0.0 0.0 0.0 0.0 0.0 0.0 0.0 0.0 0.0 0.0 0.0 0.0 0.0 0.22120841 0.0 0.06712789 0.0 0.0 0.0 0.022219341 0.0
0.0 0.0 0.0 0.040992793 0.0 0.06672478 0.0 0.0 0.0 0.0 0.0 0.10910746 0.0 0.0 0.0 0.016312174 0.0 0.0 0.0 0.0 0.0 0.2523167 0.0 0.0 0.18104063 0.0 0.0 0.0 0.0 0.0 0.01539136 0.07602114 0.015639905 0.0 0.0 0.0 0.0 0.0 0.0 0.21224992 0.0 0.058464892 0.0 0.0 0.0 0.0 0.0 0.0 0.0 0.0 0.0 0.0 0.033198763 0.004383299 0.0 0.0
0.0 0.0 0.079587735 0.05192578 0.0 0.0 0.0 0.0 0.0 0.06178486 0.0 0.0 0.06746455 0.051251423 0.0 0.0 0.0 0.0 0.0 0.0 0.0 0.0 0.0 0.0095853135 0.12914377 0.0 0.0 0.0 0.020810658 0.0 0.0 0.08735465 0.029996976 0.0 0.0 0.028474383 0.0 0.0 0.0 0.0 0.0 0.054492507 0.0 0.0 0.0 0.0 0.0 0.0 0.0 0.03275973 0.0 0.19480582 0.0 0.0 0.0 0.08703609
0.0 0.04316337 0.003169366 0.10531688 0.0 0.18472052 0.0 0.0 0.09949088 0.0 0.0 0.0 0.0418596 0.0 0.0 0.024604816 0.0 0.0 0.0 0.021416737 0.0 0.033728532 0.0 0.013464268 0.0 0.0045244386 0.0 0.05615071 0.0 0.0 0.0 0.043476358 0.021874337 0.0 0.0 0.0 0.0 0.0 0.0 0.058464896 0.054492507 0.030657414 0.1072891 0.0 0.0 0.0 0.06972105 0.0 0.0 0.0 0.0 0.0 0.072213486 0.023781529 0.015025833 0.0
0.0 0.0 0.0 0.0 0.0 0.0 0.06850044 0.0 0.0 0.0 0.0 0.0 0.0 0.0 0.0 0.0 0.0 0.1426118 0.0 0.0 0.0 0.076639384 0.0 0.0 0.0 0.0 0.0 0.0 0.02069032 0.0 0.0 0.088780984 0.006841686 0.074751504 0.0 0.0 0.0 0.0 0.0 0.0 0.0 0.107289106 0.0 0.058984444 0.13972871 0.0 0.006327867 0.0 0.0 0.0 0.0 0.0 0.0 0.0 0.0 0.023968643
0.0 0.0 0.0 0.0 0.000754902 0.0 0.0 0.0 0.0077645904 0.107519336 0.015349168 0.035151254 0.0017498262 0.0 0.0 0.0 0.0 0.028096585 0.0 0.0 0.0 0.0 0.0 0.0 0.0 0.0 0.0 0.014072744 0.0994999 0.06762594 0.0 0.0 0.0 0.077137955 0.0 0.0 0.1978308 0.0 0.0 0.0 0.0 0.0 0.058984447 0.0 0.0 0.0 0.0 0.0 0.0 0.00574032 0.0 0.0 0.04753103 0.0 0.0 0.20479468
0.071508005 0.10060424 0.024506036 0.013558035 0.0 0.0 0.0 0.0 0.0 0.0 0.0 0.0 0.017791387 0.0 0.11521587 0.0 0.0 0.0 0.020386467 0.0825433 0.16530427 0.0 0.033139005 0.0 0.0 0.0 0.031244215 0.0 0.0 0.009280748 0.0 0.0 0.06817404 0.0 0.13148153 0.0 0.0 0.0 0.0 0.0 0.0 0.0 0.1397287 0.0 0.0 0.0 0.0 0.036561433 0.051765777 0.0 0.08890289 0.0 0.0 0.049668312 0.0 0.0
0.015498101 0.0 0.0 0.0 0.052684337 0.012581467 0.0 0.0 0.0 0.0 0.019755252 0.0 0.0 0.0 0.0 0.0 0.0065380163 0.0813765 0.0 0.0 0.0 0.0 0.091908686 0.13481267 0.0 0.014809394 0.009774998 0.07786958 0.0 0.014987118 0.0 0.0 0.0 0.0 0.0044038696 0.022214746 0.0 0.096743055 0.0 0.0 0.0 0.0 0.0 0.0 0.0 0.020446794 0.0 0.0 0.0 0.0 0.108492374 0.13757657 0.0 0.0 0.0 0.0
0.0 0.0 0.0 0.0 0.0 0.0 0.0917696 0.0 0.04949001 0.0 0.0 0.01864073 0.0 0.0 0.0 0.04565193 0.0 0.0 0.0 0.0 0.0 0.20490554 0.0 0.018152509 0.0 0.0060466216 0.0 0.10088976 0.0 0.0 0.0 0.0 0.022564312 0.07831158 0.0 0.0044252723 0.0 0.0 0.0 0.0 0.0 0.06972105 0.006327867 0.0 0.0 0.0 0.17424913 0.0 0.0 0.0 0.0 0.018999029 0.06364946 0.0 0.0 0.0
0.077002704 0.0 0.0 0.0 0.0 0.020086506 0.0 0.020222325 0.0 0.0 0.0 0.0 0.0 0.0 0.0 0.0 0.0 0.0 0.0 0.0 0.0 0.0 0.0 0.09358748 0.0 0.0 0.13717891 0.0 0.0 0.0 0.0 0.0 0.0 0.0 0.15914054 0.0 0.005971008 0.017342115 0.0 0.0 0.0 0.0 0.0 0.0 0.03656143 0.0 0.0 0.018819049 0.0 0.0 0.2425739 0.046927396 0.0 0.0 0.034616016 0.0
0.016452195 0.0 0.0 0.0 0.0 0.0 0.0 0.0 0.0 0.23826782 0.0 0.019552639 0.0 0.0 0.0 0.1423298 0.0 0.0 0.08859712 0.0 0.0 0.0 0.0 0.0 0.0 0.0 0.0 0.022816883 0.0 0.0 0.0 0.0 0.0 0.018308219 0.0 0.0 0.0 0.0 0.22120841 0.0 0.0 0.0 0.0 0.0 0.05176578 0.0 0.0 0.0 0.0 0.04395056 0.0 0.0 0.0 0.0 0.0 0.0
0.0 0.0 0.0022992797 0.0 0.0 0.0 0.0 0.0 0.025748357 0.0 0.0 0.0 0.0 0.11079043 0.0 0.0 0.0 0.0 0.0 0.05299137 0.0 0.0 0.0 0.0 0.0 0.101325266 0.0 0.0 0.0 0.0 0.0 0.0 0.0 0.0 0.023978027 0.0 0.06459676 0.0036692508 0.0 0.0 0.032759733 0.0 0.0 0.00574032 0.0 0.0 0.0 0.0 0.04395056 0.0 0.03284473 0.0 0.0 0.14419353 0.0 0.0
0.0 0.0 0.028424986 0.025715902 0.0 0.0 0.010498817 0.0 0.0 0.0 0.0 0.0 0.0 0.0 0.0 0.0 0.040066265 0.0 0.0 0.0 0.0 0.0 0.034799285 0.0 0.01940018 0.0 0.060383126 0.0 0.0 0.0 0.0 0.0 0.02434404 0.0 0.021112563 0.0 0.0 0.21920428 0.06712789 0.0 0.0 0.0 0.0 0.0 0.0889029 0.108492374 0.0 0.2425739 0.0 0.032844726 0.020880759 0.0 0.0 0.0 0.02795655 0.0
0.011226734 0.052037418 0.0 0.0 0.0 0.0 0.0 0.055785976 0.0 0.0 0.0 0.0 0.035050444 0.13266842 0.0 0.0 0.012524787 0.0 0.0 0.0 0.0 0.0 0.0045664124 0.0 0.0 0.0 0.0 0.0 0.005967394 0.09683545 0.0 0.0 0.0 0.0 0.10056576 0.0 0.0 0.0 0.0 0.0 0.19480582 0.0 0.0 0.0 0.0 0.13757657 0.018999029 0.046927392 0.0 0.0 0.0 0.15034442 0.0 0.0 0.01684193 0.0
0.0 0.0 0.0 0.0 0.0 0.0 0.0 0.0 0.07626284 0.11002893 0.039685138 0.0 0.0 0.028427053 0.0 0.0 0.0 0.0 0.004912789 0.0 0.010291224 0.006666325 0.0011276186 0.0107723875 0.0 0.032258853 0.0 0.045966174 0.0 0.0 0.0 0.0 0.0 0.04073261 0.018012516 0.0 0.0 0.0 0.0 0.033198763 0.0 0.07221348 0.0 0.047531027 0.0 0.0 0.06364946 0.0 0.0 0.0 0.0 0.0 0.0 0.058034055 0.05589854 0.11049018
0.0 0.0 0.14408435 0.10759117 0.0 0.05168043 0.0 0.0 0.0 0.0 0.0 0.10315142 0.0 0.0 0.0 0.0 0.0 0.0 0.0 0.0 0.0 0.004837229 0.0 0.0 0.06738754 0.0 0.0 0.0 0.0 0.0 0.0 0.004688673 0.35416764 0.0 0.0 0.0 0.0 0.0 0.0 0.004383299 0.0 0.02378153 0.0 0.0 0.049668316 0.0 0.0 0.0 0.0 0.14419353 0.0 0.0 0.05803406 0.0 0.016897473 0.0
0.0 0.0 0.0 0.098717205 0.082080916 0.043774184 0.0 0.0 0.0 0.0 0.0 0.0 0.0 0.018796964 0.0 0.0 0.0 0.0 0.046956602 0.0 0.0 0.0 0.09955939 0.0 0.0 0.0 0.21596387 0.0 0.0 0.0 0.0 0.0082288245 0.0 0.0 0.0 0.0 0.0 0.25492054 0.022219341 0.0 0.0 0.015025834 0.0 0.0 0.0 0.0 0.0 0.034616016 0.0 0.0 0.02795655 0.01684193 0.055898536 0.016897472 0.0 0.0
0.0 0.0 0.0 0.07611237 0.0 0.10930263 0.012078099 0.0 0.007917722 0.0 0.0 0.04771735 0.0 0.0 0.0 0.0 0.0 0.025993269 0.0 0.016065335 0.0 0.0 0.0 0.0 0.13511139 0.0 0.0 0.0 0.0 0.0 0.0 0.07863401 0.12838672 0.0 0.0 0.0 0.0 0.0 0.0 0.0 0.087036096 0.0 0.02396864 0.20479468 0.0 0.0 0.0 0.0 0.0 0.0 0.0 0.0 0.11049018 0.0 0.0 0.0
