0.0 0.0 0.05142165 0.0 0.0 0.0 0.011371012 0.0 0.0 0.0 0.11463859 0.027047828 0.0 0.030723382 0.0 0.09367745 0.03855438 0.054315187 0.0 0.0 0.0 0.0 0.09380252 0.0010693098 0.0 0.007682864 0.06933404 0.04666434 0.0 0.0 0.10834033 0.0 0.009063154 0.0 0.0085383495 0.018295426 0.0 0.0 0.0 0.0 0.0 0.0 0.0 0.0 0.05819385 0.08004607 0.0 0.01563543 0.04533603 0.0079839835 0.11878911 0.0 0.0 0.0 0.014021134 0.0
0.0 0.071001776 0.0 0.0 0.038400643 0.0 0.0 0.031065922 0.0 0.0 0.0 0.0 0.0 0.0 0.0 0.0 0.0 0.0 0.0 0.056451894 0.0 0.10290842 0.0 0.0 0.0 0.0 0.0 0.0 0.0 0.0 0.0 0.0 0.0 0.0 0.0 0.0 0.0 0.014742326 0.012239995 0.03776953 0.004641959 0.0 0.017998585 0.0 0.18051678 0.0 0.05494098 0.0038698835 2.9350554e-08 0.0 0.0 0.014232353 0.0 0.18344155 0.07928394 0.0
0.05142165 0.0 0.0054415315 0.0 0.0 0.0 0.0 0.095696226 0.0 0.0 0.03769924 0.0 0.0 0.0 0.026877899 0.011614525 0.022579564 0.0 0.0 0.0 0.0 0.0 0.0117568085 0.0 0.014201942 0.0 0.0 0.043019194 0.0 0.09732353 0.0 0.0 0.0 0.034700673 0.028857559 0.0 0.0 0.021195307 0.075736605 0.0 0.059870116 0.021782981 0.0 0.0 0.028631547 0.0 0.0 0.0 0.0 0.0 0.0 0.051808663 0.051354434 0.0 0.0 0.10181671
0.0 0.0 0.0 0.0 0.0 0.021430423 0.0 0.18835266 0.0 0.22993283 0.0 0.0 0.0 0.0 0.0 0.0 0.0 0.0 0.0 0.01752789 0.0 0.0 0.0 0.0 0.0 0.0 0.0 0.0 0.0 0.0 0.0 0.0 0.0055018 0.0 0.07510771 0.0 0.043505043 0.0 0.0 0.0 0.014933371 0.036116797 0.0 0.0 0.05284689 0.0 0.0 0.04632688 0.0 0.0 0.0 0.18943395 0.0 0.062469814 0.0 0.0
0.0 0.038400643 0.0 0.0 0.14031884 0.0 0.0 0.03326726 0.0053983484 0.0 0.0 0.04631693 0.120173946 0.0 0.0 0.0 0.0 0.02197978 0.020688862 0.046442702 0.0 0.024838477 0.032926124 0.0 0.0051208083 0.0 0.0 0.0 0.035694916 0.025806561 0.0 0.011609732 0.0 0.09723229 0.0 0.0 0.0 0.0 0.0 0.0 0.027939733 0.16509107 0.019769123 0.0 0.0 0.0 0.0 0.01482457 0.0 0.0 0.0 0.0 0.0 0.088018335 0.0 0.0
0.0 0.0 0.0 0.021430423 0.0 0.0 0.0 0.14419256 0.057342097 0.0697584 0.040257152 0.0 0.0 0.015365614 0.058053516 0.0 0.0 0.0 0.0 0.0 0.0 0.0 0.0 0.09682537 0.0 0.027697543 0.0 0.014506426 0.0 0.011554057 0.0 0.0 0.0 0.037662607 0.0 0.017329577 0.0215061 0.0 0.0 0.0 0.0 0.0 0.041673265 0.0 0.0 0.0 0.0 0.0 0.0 0.0 0.0 0.13515629 0.0 0.006987077 0.050229806 0.0
0.011371011 0.0 0.0 0.0 0.0 0.0 0.061864387 0.09991674 0.0 0.030799491 0.009955187 0.0 0.0 0.0 0.0 0.0 0.0 0.0 0.0 0.0 0.0 0.002412577 0.0 0.0 0.0 0.0 0.0 0.0586254 0.0 0.0 0.0 0.0 0.0 0.0 0.019884862 0.0 0.0 0.0 0.0 0.084675655 0.0 0.041090697 0.1500766 0.022987109 0.022032581 0.0 0.0 0.0 0.006517287 0.0 0.0 0.08920705 0.0 0.0 0.009775624 0.077550426
0.0 0.031065922 0.09569623 0.18835266 0.03326726 0.14419256 0.09991674 0.0 0.0 0.0 0.013566695 0.014288829 0.0 0.0 0.0 0.01861558 0.06821429 0.0 0.015288461 0.0 0.18766415 0.0 0.0 0.0 0.0 0.0 0.0028772112 0.0 0.0 0.0 0.030352268 0.011695686 0.0792202 0.0 0.0 0.0 0.0 0.010422822 0.0 0.07997116 0.0 0.013522022 0.0 0.0 0.0 0.052240465 0.04654427 0.0 0.12818538 0.0 0.0 0.0 0.008874608 0.0 0.0068021454 0.0
0.0 0.0 0.0 0.0 0.0053983484 0.057342097 0.0 0.0 0.0 0.008751309 0.0 0.02367996 0.0 0.0 0.0 0.012378262 0.0 0.0 0.0 0.12273284 0.0 0.0 0.0 0.029343052 0.0 0.116392344 0.0 0.0 0.0 0.0 0.0 0.0 0.022372873 0.05130025 0.0 0.0 0.0 0.0 0.0 0.0066343164 0.068946026 0.02852784 0.0046435427 0.015432455 0.0 0.0 0.0 0.036594782 0.0 0.0 0.0 0.0443384 0.0 0.0 0.2410763 0.0
0.0 0.0 0.0 0.22993283 0.0 0.0697584 0.030799491 0.0 0.008751308 0.0 0.08272613 0.0065336996 0.0 0.0 0.0 0.12619077 0.082680576 0.0 0.0 0.0 0.045930643 0.0 0.017869344 0.0052298037 0.0064960863 0.0380831 0.057404704 0.0 0.0 0.0 0.11707719 0.042192858 0.0 0.0 0.0 0.0 0.0 0.0 0.0 0.0035170924 0.0 0.0 0.0 0.0 0.0061853966 0.005788911 0.0 0.0 0.07215496 0.0 0.028581567 0.0 0.0 0.0 0.0 0.0
0.11463859 0.0 0.037699237 0.0 0.0 0.040257152 0.009955187 0.013566695 0.0 0.08272613 0.0 0.060583252 0.0 0.0 0.03583217 0.009676126 0.106160015 0.0 0.0 0.0 0.0 0.14524774 0.0 0.0 0.021672942 0.0 0.008739193 0.0 0.051818952 0.009806787 0.0 0.0 0.0 0.0036246297 0.018354326 0.0 0.0 0.0 0.0 0.0 0.0 0.0 0.0 0.0 0.0528624 0.0 0.0 0.016523805 0.0 0.16712044 0.0 0.010055768 0.0 0.0 0.0 0.07536152
0.02704783 0.0 0.0 0.0 0.04631693 0.0 0.0 0.01428883 0.023679962 0.006533699 0.060583256 0.0 0.0 0.16104847 0.035280302 0.0 0.0 0.0 0.0 0.0042272513 0.0 0.0 0.0045861662 0.01676663 0.0 0.04425328 0.0 0.040237274 0.0 0.040216688 0.0 0.0 0.0 0.11279428 0.0 0.0 0.0067077847 0.043694124 0.0 0.0 0.0 0.0 0.0 0.0 0.0 0.0 0.0 0.0 0.0 0.00066886126 0.0 0.0 0.008112072 0.07765778 0.0 0.1266611
0.0 0.0 0.0 0.0 0.120173946 0.0 0.0 0.0 0.0 0.0 0.0 0.0 0.0 0.022217583 0.0 0.011277115 0.0 0.0 0.022997275 0.018834203 0.0 0.0 0.0 0.0 0.014930547 0.0 0.0 0.015545494 0.0 0.0 0.0 0.10961035 0.061220977 0.0 0.0 0.0 0.0 0.0 0.0 0.0 0.07156364 0.0 0.0 0.29934072 0.0 0.00911679 0.010198363 0.0 0.0 0.05831439 0.0 0.08694691 0.0 0.0 0.0 0.0
0.03072338 0.0 0.0 0.0 0.0 0.015365615 0.0 0.0 0.0 0.0 0.0 0.16104847 0.022217583 0.0 0.0 0.0 0.0 0.015706254 0.0 0.0 0.0 0.08369397 0.0 0.0 0.0 0.0 0.0 0.0 0.22425227 0.0 0.0 0.0102889 0.0 0.011569467 0.01515544 0.0 0.0 0.0 0.0 0.0 0.14087175 0.069822796 0.04547617 0.086728044 0.0 0.07875982 0.10796736 0.0 0.0 0.0 0.0 0.0 0.0 0.0 0.008108681 0.043063514
0.0 0.0 0.026877897 0.0 0.0 0.058053512 0.0 0.0 0.0 0.0 0.03583217 0.035280302 0.0 0.0 0.068841554 0.0 0.0 0.0 0.0 0.07532195 0.00994315 0.0 0.0 0.0 0.05452681 0.0 0.0 0.0 0.0 0.039968178 0.0 0.0 0.020406108 0.0 0.0 0.0 0.0 0.06686094 0.051634792 0.0 0.0 0.0 0.0 0.0 0.0 0.042949084 0.0 0.0 0.054580964 0.0 0.024338068 0.04860477 0.017203731 0.0 0.006145752 0.0
0.09367745 0.0 0.011614525 0.0 0.0 0.0 0.0 0.01861558 0.012378261 0.12619077 0.009676126 0.0 0.011277115 0.0 0.0 0.0 0.0 0.04847925 0.080672905 0.0 0.0 0.0 0.0 0.0 0.010701639 0.0 0.0 0.0 0.0 0.0 0.0 0.0 0.03047532 0.0 0.016149355 0.0 0.03573704 0.0 0.0 0.0 0.0 0.0 0.02199269 0.07529617 0.0 0.0 0.04961831 0.0 0.01025492 0.04277087 0.0066676685 0.03117516 0.016240383 0.0 0.0 0.0
0.038554378 0.0 0.022579566 0.0 0.0 0.0 0.0 0.06821429 0.0 0.082680576 0.106160015 0.0 0.0 0.0 0.0 0.0 0.0 0.0 0.0 0.07362146 0.0 0.013741891 0.037778094 0.0 0.0 0.0 0.0 0.017892705 0.0 0.0 0.0 0.0 0.0 0.0 0.0 0.0 0.008526953 0.29758182 0.058758207 0.0 0.0 0.0 0.0 0.0 0.005219552 0.044141788 0.0 0.0055497214 0.0 0.0 0.0058426824 0.0 0.0 0.0 0.0 0.0
0.054315187 0.0 0.0 0.0 0.021979779 0.0 0.0 0.0 0.0 0.0 0.0 0.0 0.0 0.015706252 0.0 0.04847925 0.0 0.0 0.0 0.045491543 0.0 0.0 0.16338487 0.0 0.0 0.061474025 0.23096588 0.06065734 0.0 0.0 0.0 0.0 0.032278314 0.0 0.0 0.0 0.0 0.0 0.0 1.4687468e-05 0.0 0.0 0.0 0.0 0.0 0.0 0.0 0.10326799 0.0 0.0 0.14622879 0.0 0.0 0.0 0.0 0.0
0.0 0.0 0.0 0.0 0.020688863 0.0 0.0 0.015288462 0.0 0.0 0.0 0.0 0.022997275 0.0 0.0 0.08067291 0.0 0.0 0.0 0.20755598 0.0 0.011926242 0.0 0.0 0.0 0.0 0.0 0.0 0.0 0.0 0.045781553 0.0 0.1527932 0.0 0.0 0.0 0.023174189 0.023944786 0.012072561 0.0 0.0 0.0 0.0 0.0 0.0 0.008768766 0.0 0.0 0.10581647 0.0 0.0 0.0 0.0 0.0 0.10679058 0.0
0.0 0.056451894 0.0 0.01752789 0.046442702 0.0 0.0 0.0 0.12273284 0.0 0.0 0.0042272513 0.018834203 0.0 0.07532195 0.0 0.07362146 0.045491546 0.20755598 0.0 0.0 0.0 0.0 0.0 0.0 0.0 0.0 0.0 0.0 0.020244734 0.0 0.0 0.0 0.0 0.0 0.0 0.0 0.0 0.03262536 0.13878489 0.0 0.016733183 0.0021876313 0.0 0.0 0.0 0.03745492 0.029122716 0.004828671 0.0 0.0 0.0 0.056634974 0.047160864 0.0015251831 0.0
0.0 0.0 0.0 0.0 0.0 0.0 0.0 0.18766414 0.0 0.045930643 0.0 0.0 0.0 0.0 0.009943149 0.0 0.0 0.0 0.0 0.0 0.0 0.0 0.0 0.10760727 0.0048752353 0.0 0.0 0.0 0.0 0.0 0.0 0.0 0.029139385 0.0 0.0 0.04802893 0.06778058 0.0 0.0 0.0 0.0 0.0 0.0 0.0 0.08936274 0.0 0.0 0.0 0.0 0.0 0.0 0.17138612 0.0 0.0 0.03921297 0.0
0.0 0.10290842 0.0 0.0 0.02483848 0.0 0.0024125767 0.0 0.0 0.0 0.14524776 0.0 0.0 0.08369397 0.0 0.0 0.013741892 0.0 0.011926242 0.0 0.0 0.0 0.0 0.0 0.0 0.0066011534 0.0 0.047905423 0.0 0.069542676 0.0 0.0 0.0 0.0 0.0 0.0 0.0 0.023124682 0.0 0.0 0.0 0.0 0.17288549 0.017376944 0.07240549 0.021111567 0.018239964 0.0 0.0 0.0 0.0 0.0 0.0 0.0 0.0 0.0
0.09380252 0.0 0.011756808 0.0 0.032926124 0.0 0.0 0.0 0.0 0.017869342 0.0 0.0045861662 0.0 0.0 0.0 0.0 0.037778094 0.16338487 0.0 0.0 0.0 0.0 0.0 0.0 0.09318197 0.0 0.0009472925 0.0 0.04391299 0.0 0.0 0.0 0.0 0.0 0.051107638 0.10741088 0.06347054 0.0 0.0 0.0 0.0 0.0 0.0 0.0 0.00023435999 0.0 0.0 0.04456481 0.0 0.0 0.07883194 0.06745183 0.2365589 0.0 0.0 0.0
0.0010693098 0.0 0.0 0.0 0.0 0.09682537 0.0 0.0 0.029343052 0.0052298037 0.0 0.016766632 0.0 0.0 0.0 0.0 0.0 0.0 0.0 0.0 0.10760727 0.0 0.0 0.0 0.0 0.0 0.0 0.0 0.0 0.0 0.039452374 0.036670946 0.088716775 0.005987633 0.033296145 0.1598652 0.0 0.007101321 0.0 0.021500697 0.0017974545 0.0 0.06603324 0.014196049 0.0 0.0 0.031413775 0.0 0.1110694 0.0 0.051580224 0.0 0.0018063263 0.0 0.13054277 0.06879963
0.0 0.0 0.014201942 0.0 0.0051208083 0.0 0.0 0.0 0.0 0.0064960863 0.021672942 0.0 0.014930547 0.0 0.054526813 0.010701639 0.0 0.0 0.0 0.0 0.0048752353 0.0 0.09318196 0.0 0.0 0.0 0.0 0.08809807 0.0 0.19737646 0.0 0.0 0.019701324 0.0 0.0 0.0 0.0 0.039834432 0.349357 0.0 0.0040310514 0.0 0.0 0.0 0.0 0.0 0.0 0.0 0.0 0.0 0.0 0.0 0.0 0.027198823 0.0 0.0
0.0076828636 0.0 0.0 0.0 0.0 0.027697543 0.0 0.0 0.116392344 0.0380831 0.0 0.04425328 0.0 0.0 0.0 0.0 0.0 0.061474025 0.0 0.0 0.0 0.0066011534 0.0 0.0 0.0 0.0 0.0 0.0 0.08253496 0.0 0.0 0.05971923 0.0 0.0 0.0 0.0 0.027958417 0.095951796 0.0 0.0 0.0 0.0 0.0 0.11885624 0.0 0.14089179 0.022246797 0.0 0.0 0.0 0.0 0.0 0.0 0.0 0.0 0.0
0.06933404 0.0 0.0 0.0 0.0 0.0 0.0 0.0028772112 0.0 0.057404708 0.008739193 0.0 0.0 0.0 0.0 0.0 0.0 0.23096588 0.0 0.0 0.0 0.0 0.0009472925 0.0 0.0 0.0 0.1964769 0.0 0.0 0.0 0.0 0.0 0.0 0.0 0.0 0.0 0.0 0.0 0.0 0.0 0.0 0.0 0.001596536 0.0 0.0 0.0 0.0 0.16192025 0.0 0.0 0.16109872 0.0 0.0 0.0 0.060171004 0.0
0.04666434 0.0 0.043019194 0.0 0.0 0.014506426 0.0586254 0.0 0.0 0.0 0.0 0.040237274 0.015545494 0.0 0.0 0.0 0.017892703 0.060657345 0.0 0.0 0.0 0.047905426 0.0 0.0 0.08809807 0.0 0.0 0.0 0.15862243 0.0 0.0 0.04448055 0.0 0.0 0.0 0.0 0.0 0.0 0.0 0.0 0.0 0.0 0.0 0.07604684 0.0130362185 0.0 0.0 0.0 0.045479503 0.16537262 0.0 0.0 0.006596976 0.0 0.0 0.0
0.0 0.0 0.0 0.0 0.035694916 0.0 0.0 0.0 0.0 0.0 0.051818952 0.0 0.0 0.22425225 0.0 0.0 0.0 0.0 0.0 0.0 0.0 0.0 0.04391299 0.0 0.0 0.08253496 0.0 0.15862241 0.0 0.0 0.02965179 0.07216933 0.0 0.09091635 0.0 0.0 0.0 0.0 0.0 0.036392406 0.0 0.0 0.05682692 0.0 0.0 0.15091734 0.0 0.0 0.0 0.0 0.0 0.004202107 0.0 0.0 0.0 0.0
0.0 0.0 0.09732353 0.0 0.025806561 0.011554057 0.0 0.0 0.0 0.0 0.009806787 0.040216688 0.0 0.0 0.039968178 0.0 0.0 0.0 0.0 0.020244734 0.0 0.06954268 0.0 0.0 0.19737644 0.0 0.0 0.0 0.0 0.04934209 0.0 0.0 0.043152664 0.0 0.0 0.0 0.0 0.0 0.3151492 0.0 0.0 0.0 0.0 0.0 0.0 0.007950683 0.0 0.0 0.0 0.0 0.0 0.0 0.098151974 0.0 0.0 0.0
0.10834033 0.0 0.0 0.0 0.0 0.0 0.0 0.030352265 0.0 0.11707718 0.0 0.0 0.0 0.0 0.0 0.0 0.0 0.0 0.04578155 0.0 0.0 0.0 0.0 0.039452374 0.0 0.0 0.0 0.0 0.02965179 0.0 0.0 0.0 0.0030456532 0.0 0.07655919 0.0 0.24689431 0.0 0.0 0.0 0.0 0.0 0.0 0.03873208 0.11133968 0.0 0.0 0.03541552 0.0 0.062687665 0.0 0.059741713 0.0 0.0 0.0 0.0
0.0 0.0 0.0 0.0 0.011609732 0.0 0.0 0.011695685 0.0 0.042192858 0.0 0.0 0.10961035 0.0102889 0.0 0.0 0.0 0.0 0.0 0.0 0.0 0.0 0.0 0.036670946 0.0 0.059719227 0.0 0.044480555 0.07216933 0.0 0.0 0.0 0.0 0.07038544 0.0 0.079167806 0.0 0.0 0.0 0.011077782 0.106261894 0.068488635 0.0 0.0 0.0 0.0 0.0 0.022707557 0.0 0.0 0.0 0.026358422 0.0 0.01462756 0.0 0.1340977
0.009063154 0.0 0.0 0.0055018 0.0 0.0 0.0 0.0792202 0.022372873 0.0 0.0 0.0 0.061220977 0.0 0.020406108 0.030475322 0.0 0.032278314 0.15279321 0.0 0.029139385 0.0 0.0 0.08871677 0.019701324 0.0 0.0 0.0 0.0 0.04315266 0.0030456535 0.0 0.1910407 0.013233881 0.0 0.0 0.016849479 0.0 0.0 0.0 0.0 0.0 0.0 0.0 0.008368269 0.0 0.0 0.0 0.0 0.0 0.0 0.0 0.19707276 0.0038142568 0.0 0.005851715
0.0 0.0 0.034700673 0.0 0.09723229 0.037662607 0.0 0.0 0.05130025 0.0 0.0036246297 0.11279428 0.0 0.011569467 0.0 0.0 0.0 0.0 0.0 0.0 0.0 0.0 0.0 0.005987633 0.0 0.0 0.0 0.0 0.09091635 0.0 0.0 0.07038544 0.013233881 0.021405132 0.0 0.010445344 0.0 0.005132831 0.0 0.0 0.012143319 0.02514732 0.027932389 0.019963568 0.0 0.09669503 0.17900969 0.0 0.0 0.0 0.00012589457 0.0 0.0 0.0 0.0 0.010604014
0.0085383495 0.0 0.028857559 0.07510771 0.0 0.0 0.019884862 0.0 0.0 0.0 0.018354326 0.0 0.0 0.015155441 0.0 0.016149355 0.0 0.0 0.0 0.0 0.0 0.0 0.051107638 0.033296145 0.0 0.0 0.0 0.0 0.0 0.0 0.07655919 0.0 0.0 0.0 0.16554058 0.046154838 0.0026011914 0.0 0.0 0.030110776 0.0 0.009876886 0.08210758 0.027601864 0.030535253 0.0016521687 0.027233407 0.048146132 0.041671727 0.026748564 0.09301134 0.0 0.0 0.0 0.005382526 0.065919936
0.018295424 0.0 0.0 0.0 0.0 0.017329577 0.0 0.0 0.0 0.0 0.0 0.0 0.0 0.0 0.0 0.0 0.0 0.0 0.0 0.0 0.048028927 0.0 0.10741088 0.1598652 0.0 0.0 0.0 0.0 0.0 0.0 0.0 0.079167806 0.0 0.010445343 0.046154838 0.0 0.0 0.11926332 0.0 0.0 0.0 0.0 0.0 0.019632678 0.0026271408 0.027818503 0.0 0.07255526 0.0 0.0 0.009920099 0.0054135695 0.0 0.0 0.09236576 0.0
0.0 0.0 0.0 0.043505047 0.0 0.0215061 0.0 0.0 0.0 0.0 0.0 0.0067077847 0.0 0.0 0.0 0.03573704 0.008526953 0.0 0.023174189 0.0 0.06778058 0.0 0.06347054 0.0 0.0 0.02795842 0.0 0.0 0.0 0.0 0.24689431 0.0 0.016849479 0.0 0.0026011914 0.0 0.036861185 0.0 0.0 0.00507185 0.0 0.0 0.0 0.0 0.04805392 0.0 0.0 0.0060397685 0.05688924 0.28734955 0.07586718 0.0 0.0 0.0 0.0 0.0
0.0 0.014742325 0.021195307 0.0 0.0 0.0 0.0 0.010422822 0.0 0.0 0.0 0.043694127 0.0 0.0 0.06686094 0.0 0.29758185 0.0 0.023944786 0.0 0.0 0.023124682 0.0 0.0071013207 0.039834432 0.0959518 0.0 0.0 0.0 0.0 0.0 0.0 0.0 0.0051328307 0.0 0.11926332 0.0 0.0 0.0 0.0 0.0 0.027496194 0.0 0.023672724 0.0 0.0 0.0 0.089499995 0.10956577 0.0 0.0 0.0 0.0051257927 0.0 0.0 0.0
0.0 0.012239995 0.075736605 0.0 0.0 0.0 0.0 0.0 0.0 0.0 0.0 0.0 0.0 0.0 0.051634792 0.0 0.058758207 0.0 0.012072561 0.03262536 0.0 0.0 0.0 0.0 0.349357 0.0 0.0 0.0 0.0 0.3151492 0.0 0.0 0.0 0.0 0.0 0.0 0.0 0.0 0.03427257 0.0 0.0 0.023050295 0.0 0.0 0.0 0.0 0.010097639 0.0 0.0 0.0 0.0 0.0 0.031635467 0.030016404 0.0 0.0
0.0 0.03776953 0.0 0.0 0.0 0.0 0.084675655 0.07997116 0.0066343164 0.0035170924 0.0 0.0 0.0 0.0 0.0 0.0 0.0 1.4687469e-05 0.0 0.13878487 0.0 0.0 0.0 0.021500697 0.0 0.0 0.0 0.0 0.036392406 0.0 0.0 0.011077782 0.0 0.0 0.030110778 0.0 0.0050718496 0.0 0.0 0.08502444 0.09116543 0.0 0.05140047 0.0 0.0 0.0 0.118174665 0.027823215 0.0 0.0 0.0 0.15798941 0.0 0.0019859627 0.05249403 0.0
0.0 0.0046419585 0.05987012 0.014933372 0.027939731 0.0 0.0 0.0 0.06894602 0.0 0.0 0.0 0.07156364 0.14087175 0.0 0.0 0.0 0.0 0.0 0.0 0.0 0.0 0.0 0.0017974544 0.0040310514 0.0 0.0 0.0 0.0 0.0 0.0 0.1062619 0.0 0.012143319 0.0 0.0 0.0 0.0 0.0 0.09116543 0.1273545 0.06482291 0.0 0.109661564 0.0 0.15419488 0.014957242 0.0 0.0 0.0 0.0 0.0 0.0 0.017101642 0.0026433722 0.0
0.0 0.0 0.021782981 0.0361168 0.16509107 0.0 0.0410907 0.013522022 0.028527837 0.0 0.0 0.0 0.0 0.069822796 0.0 0.0 0.0 0.0 0.0 0.016733183 0.0 0.0 0.0 0.0 0.0 0.0 0.0 0.0 0.0 0.0 0.0 0.068488635 0.0 0.02514732 0.009876886 0.0 0.0 0.027496196 0.023050293 0.0 0.06482291 0.2495725 0.0015327791 0.0 0.0 0.07268857 0.0 0.0 0.0 0.0 0.0 0.013295397 0.0 0.0 0.011952422 0.0
0.0 0.017998585 0.0 0.0 0.019769125 0.041673265 0.1500766 0.0 0.004643543 0.0 0.0 0.0 0.0 0.04547617 0.0 0.021992693 0.0 0.0 0.0 0.0021876313 0.0 0.17288549 0.0 0.06603324 0.0 0.0 0.001596536 0.0 0.05682692 0.0 0.0 0.0 0.0 0.02793239 0.08210758 0.0 0.0 0.0 0.0 0.05140047 0.0 0.0015327791 0.0 0.021972781 0.0 0.0 0.0 0.0 0.0 0.0 0.0 0.016116986 0.0 0.0 0.085349046 0.0
0.0 0.0 0.0 0.0 0.0 0.0 0.022987109 0.0 0.015432455 0.0 0.0 0.0 0.29934072 0.086728044 0.0 0.07529616 0.0 0.0 0.0 0.0 0.0 0.017376944 0.0 0.014196049 0.0 0.11885624 0.0 0.07604683 0.0 0.0 0.03873208 0.0 0.0 0.019963568 0.027601864 0.019632677 0.0 0.023672722 0.0 0.0 0.109661564 0.0 0.021972781 0.0 0.0 0.0 0.0 0.0 0.0 0.0 0.0 0.0 0.0 0.1320538 0.0 0.0
0.058193855 0.18051676 0.028631547 0.052846886 0.0 0.0 0.022032581 0.0 0.0 0.0061853966 0.052862402 0.0 0.0 0.0 0.0 0.0 0.005219552 0.0 0.0 0.0 0.08936274 0.07240548 0.00023435998 0.0 0.0 0.0 0.0 0.013036218 0.0 0.0 0.11133968 0.0 0.008368269 0.0 0.030535255 0.0026271408 0.04805392 0.0 0.0 0.0 0.0 0.0 0.0 0.0 0.13464385 0.034063134 0.0 0.0 0.023527589 0.060921285 0.017047664 0.0 0.038596805 0.06463265 0.0 0.0
0.08004607 0.0 0.0 0.0 0.0 0.0 0.0 0.052240465 0.0 0.0057889116 0.0 0.0 0.009116791 0.07875982 0.042949084 0.0 0.04414179 0.0 0.008768765 0.0 0.0 0.021111567 0.0 0.0 0.0 0.1408918 0.0 0.0 0.15091734 0.007950683 0.0 0.0 0.0 0.096695036 0.0016521686 0.027818503 0.0 0.0 0.0 0.0 0.15419488 0.07268857 0.0 0.0 0.034063134 0.0 0.0 0.050374318 0.0 0.0 0.0 0.0027370874 0.0 0.0 0.0 0.0
0.0 0.05494098 0.0 0.0 0.0 0.0 0.0 0.04654427 0.0 0.0 0.0 0.0 0.010198363 0.10796737 0.0 0.04961831 0.0 0.0 0.0 0.03745492 0.0 0.018239964 0.0 0.031413775 0.0 0.022246797 0.0 0.0 0.0 0.0 0.0 0.0 0.0 0.17900969 0.027233407 0.0 0.0 0.0 0.010097639 0.11817467 0.014957242 0.0 0.0 0.0 0.0 0.0 0.0 0.014509915 0.0 0.0 0.0 0.0 0.0 0.0 0.14211883 0.0
0.01563543 0.0038698837 0.0 0.046326876 0.01482457 0.0 0.0 0.0 0.03659478 0.0 0.016523805 0.0 0.0 0.0 0.0 0.0 0.0055497214 0.10326799 0.0 0.029122716 0.0 0.0 0.04456481 0.0 0.0 0.0 0.16192025 0.0 0.0 0.0 0.035415515 0.022707555 0.0 0.0 0.048146132 0.07255526 0.0060397685 0.089499995 0.0 0.027823215 0.0 0.0 0.0 0.0 0.0 0.050374314 0.014509915 0.0 0.0 0.0 0.04106982 0.010402507 0.02060668 0.05102335 0.0 0.0
0.04533603 2.9350554e-08 0.0 0.0 0.0 0.0 0.0065172864 0.12818538 0.0 0.07215497 0.0 0.0 0.0 0.0 0.05458096 0.010254921 0.0 0.0 0.105816476 0.0048286715 0.0 0.0 0.0 0.11106941 0.0 0.0 0.0 0.0454795 0.0 0.0 0.0 0.0 0.0 0.0 0.041671723 0.0 0.05688924 0.109565765 0.0 0.0 0.0 0.0 0.0 0.0 0.023527589 0.0 0.0 0.0 0.0 0.0 0.0 0.0 0.0 0.0 0.009016218 0.073562294
0.0079839835 0.0 0.0 0.0 0.0 0.0 0.0 0.0 0.0 0.0 0.16712043 0.00066886126 0.05831439 0.0 0.0 0.04277087 0.0 0.0 0.0 0.0 0.0 0.0 0.0 0.0 0.0 0.0 0.0 0.16537262 0.0 0.0 0.062687665 0.0 0.0 0.0 0.026748564 0.0 0.28734955 0.0 0.0 0.0 0.0 0.0 0.0 0.0 0.060921285 0.0 0.0 0.0 0.0 0.0 0.0 0.0 0.0 0.0 0.0 0.051625416
0.11878911 0.0 0.0 0.0 0.0 0.0 0.0 0.0 0.0 0.028581567 0.0 0.0 0.0 0.0 0.02433807 0.006667668 0.0058426824 0.14622879 0.0 0.0 0.0 0.0 0.07883194 0.051580224 0.0 0.0 0.16109872 0.0 0.0 0.0 0.0 0.0 0.0 0.00012589457 0.09301134 0.009920099 0.075867176 0.0 0.0 0.0 0.0 0.0 0.0 0.0 0.017047664 0.0 0.0 0.041069817 0.0 0.0 0.16256794 0.03665335 0.0 0.0062744427 0.045387737 0.0
0.0 0.014232353 0.05180866 0.18943395 0.0 0.13515629 0.089207046 0.0 0.0443384 0.0 0.010055767 0.0 0.08694691 0.0 0.04860477 0.03117516 0.0 0.0 0.0 0.0 0.17138614 0.0 0.06745183 0.0 0.0 0.0 0.0 0.0 0.004202107 0.0 0.059741713 0.026358422 0.0 0.0 0.0 0.005413569 0.0 0.0 0.0 0.15798943 0.0 0.013295397 0.016116986 0.0 0.0 0.0027370874 0.0 0.010402508 0.0 0.0 0.03665335 0.0 0.0 0.0 0.0 0.0
0.0 0.0 0.05135443 0.0 0.0 0.0 0.0 0.008874608 0.0 0.0 0.0 0.008112072 0.0 0.0 0.017203731 0.016240383 0.0 0.0 0.0 0.056634974 0.0 0.0 0.2365589 0.0018063263 0.0 0.0 0.0 0.006596976 0.0 0.09815197 0.0 0.0 0.19707276 0.0 0.0 0.0 0.0 0.0051257927 0.031635467 0.0 0.0 0.0 0.0 0.0 0.03859681 0.0 0.0 0.020606678 0.0 0.0 0.0 0.0 0.0 0.04286856 0.02605918 0.0
0.0 0.18344155 0.0 0.062469818 0.088018335 0.006987077 0.0 0.0 0.0 0.0 0.0 0.07765779 0.0 0.0 0.0 0.0 0.0 0.0 0.0 0.047160864 0.0 0.0 0.0 0.0 0.027198823 0.0 0.0 0.0 0.0 0.0 0.0 0.01462756 0.0038142568 0.0 0.0 0.0 0.0 0.0 0.030016402 0.0019859627 0.017101642 0.0 0.0 0.13205379 0.06463265 0.0 0.0 0.051023345 0.0 0.0 0.0062744427 0.0 0.042868555 0.0 0.0 0.0
0.014021134 0.07928394 0.0 0.0 0.0 0.050229803 0.009775625 0.0068021454 0.2410763 0.0 0.0 0.0 0.0 0.008108681 0.0061457516 0.0 0.0 0.0 0.10679058 0.0015251831 0.03921297 0.0 0.0 0.13054277 0.0 0.0 0.060171 0.0 0.0 0.0 0.0 0.0 0.0 0.0 0.005382526 0.09236576 0.0 0.0 0.0 0.05249403 0.0026433724 0.011952423 0.085349046 0.0 0.0 0.0 0.14211883 0.0 0.009016218 0.0 0.045387734 0.0 0.026059179 0.0 0.0 0.0
0.0 0.0 0.101816714 0.0 0.0 0.0 0.07755042 0.0 0.0 0.0 0.07536152 0.1266611 0.0 0.043063514 0.0 0.0 0.0 0.0 0.0 0.0 0.0 0.0 0.0 0.06879963 0.0 0.0 0.0 0.0 0.0 0.0 0.0 0.1340977 0.005851715 0.010604014 0.065919936 0.0 0.0 0.0 0.0 0.0 0.0 0.0 0.0 0.0 0.0 0.0 0.0 0.0 0.073562294 0.051625416 0.0 0.0 0.0 0.0 0.0 0.0
