0.0 0.0 0.029493231 0.0 0.0 0.0017022161 0.0 0.0 0.0 0.0 0.01963561 0.0 0.0 0.05139825 0.0 0.04280623 0.0 0.028076237 0.0 0.033301655 0.046655905 0.0095106615 0.21070954 0.0 0.0 0.14633237 0.0 0.02781998 0.0 0.0 0.0 0.0 0.0 0.050971035 0.0 0.0 0.0 0.08505531 0.0 0.0 0.0 0.0 0.0 0.119363144 0.0 0.0 0.0 0.0 0.011306844 0.0 0.0 0.019859733 0.0 0.057147153 0.0 0.0
0.0 0.0 0.0 0.0 0.0 0.0 0.0 0.012745337 0.0 0.0 0.053304985 0.27919087 0.0 0.0 0.0 0.0 0.0 0.052271158 0.0 0.038850494 0.0 0.0 0.031001322 0.0 0.0 0.0 0.0 0.0 0.0 0.0 0.0 0.005196018 0.0 0.0 0.0 0.0 0.0 0.0 0.0 0.0 0.0 0.0 0.0 0.0 0.0 0.0 0.0 0.0 0.0 0.11721268 0.0 0.040658418 0.0651816 0.0 0.018305914 0.0
0.029493231 0.0 0.0 0.0 0.0 0.005798693 0.0 0.026075719 0.035536274 0.0 0.0 0.08769854 0.0 0.0 0.0 0.0 0.0 0.0 0.021254053 0.0 0.04316252 0.0 0.0 0.00706658 0.2390801 0.0 0.0 0.0 0.0 0.0 0.021879558 0.0 0.0 0.0 0.0 0.0 0.025808884 0.0 0.09548546 0.0 0.0 0.0 0.0 0.0 0.03840523 0.0 0.0 0.0 0.13667268 0.077549934 0.0 0.0 0.04534588 0.0 0.0 0.0
0.0 0.0 0.0 0.0 0.0 0.0 0.0 0.026022252 0.116540335 0.0 0.0 0.0 0.0 0.0 0.0 0.0 0.0 0.0 0.0 0.0 0.0 0.0 0.0 0.0 0.0 0.0 0.0 0.0 0.17144963 0.032588992 0.0 0.0 0.0 0.0 0.0 0.0 0.042030573 0.0 0.0 0.013987567 0.0 0.07507361 0.0 0.0 0.0 0.016570356 0.0 0.0 0.0 0.0 0.0 0.0 0.0 0.0 0.0 0.37772796
0.0 0.0 0.0 0.0 0.23340152 0.0 0.0 0.0 0.0 0.0 0.0 0.017908819 0.013767884 0.014961037 0.0 0.0 0.11208654 0.0 0.0 0.0 0.0 0.0 0.0 0.031552315 0.0007347001 0.0 0.0 0.07774892 0.0 0.0 0.0 0.1821929 0.042660553 0.0 0.0 0.0 0.0 0.0 0.0 0.0 0.014985843 0.0 0.0 0.0 0.0 0.0 0.0 0.0 0.06082127 0.0 0.0 0.0 0.1178583 0.041744713 0.0 0.0
0.001702216 0.0 0.005798693 0.0 0.0 0.04628632 0.0 0.022314398 0.0 0.0 0.0046383804 0.1297684 0.0 0.0 0.0 0.0 0.009767915 0.10062447 0.0 0.0 0.0 0.0 0.0 0.0 0.018337708 0.0 0.021466117 0.0 0.0 0.033719793 0.0 0.019440623 0.057571065 0.0 0.0 0.0 0.0 0.0 0.08228058 0.0 0.0 0.0 0.06472688 0.0 0.14747044 0.0 0.0 0.0 0.0 0.028656034 0.0 0.0 0.11317459 0.0 0.0 0.0
0.0 0.0 0.0 0.0 0.0 0.0 0.0 0.07035334 0.0 0.0 0.045470152 0.0 0.0 0.0 0.007034294 0.0314469 0.0 0.0 0.0 0.0 0.11643576 0.0 0.017304 0.09872586 0.0 0.0 0.0 0.04218233 0.0 0.0 0.06674103 0.0 0.017223187 0.0 0.0 0.0 0.0050172545 0.026524153 0.019103661 0.0 0.0 0.0 0.05830939 0.0 0.0 0.0 0.0 0.020745257 0.0 0.0 0.0 0.07515557 0.0 0.0 0.0 0.0
0.0 0.012745337 0.026075719 0.02602225 0.0 0.022314398 0.07035333 0.012432587 0.0 0.13243516 0.0 0.0 0.0 0.0 0.0 0.11927773 0.010905489 0.0 0.01955858 0.0 0.047936715 0.077657126 0.0 0.0 0.0 0.0 0.0 0.0 0.0 0.030650875 0.0 0.0 0.14259522 0.11078182 0.14020288 0.036324356 0.0 0.06681907 0.12043638 0.0 0.0 0.010870446 0.0 0.0 0.0 0.0 0.0 0.009143974 0.0 0.0 0.0 0.0051573333 0.0 0.0 0.0 0.0
0.0 0.0 0.035536274 0.116540335 0.0 0.0 0.0 0.0 0.25959858 0.0 0.0 0.027221896 0.0 0.0 0.0 0.0 0.0 0.0 0.0 0.0 0.0 0.0 0.0 0.0 0.0 0.0 0.0 0.0 0.2906804 0.0 0.023525208 0.09999347 0.0 0.0 0.0 0.06784071 0.0 0.0 0.0 0.0 0.0 0.0 0.0 0.0 0.0 0.0 0.0 0.0 0.0 0.0 0.0 0.0 0.0 0.0 0.0 0.0
0.0 0.0 0.0 0.0 0.0 0.0 0.0 0.13243516 0.0 0.0 0.042362973 0.0 0.0 0.046539254 0.0 0.0 0.031110812 0.020966755 0.0 0.0 0.050686847 0.0 0.118756026 0.0 0.09140429 0.0 0.0 0.0 0.0 0.0 0.0 0.0 0.0 0.0 0.20783466 0.012589142 0.0 0.0 0.039984334 0.0 0.0 0.0 0.0 0.12629631 0.0 0.0 0.0 0.0 0.0 0.0 0.00025688522 0.0 0.012916409 0.0637073 0.0 0.0
0.019635608 0.053304985 0.0 0.0 0.0 0.004638381 0.045470156 0.0 0.0 0.042362973 0.13345279 0.0 0.0 0.0 0.0 0.056814365 0.0 0.05760666 0.006965613 0.039269883 0.0 0.0 0.0 0.0 0.0 0.0 0.010958238 0.10605291 0.0 0.0 0.0 0.0 0.038155664 0.0 0.0 0.0 0.034723334 0.0 0.0 0.0 0.0 0.0 0.1044163 0.0 0.14192092 0.0 0.0 0.0 0.0 0.0 0.008119633 0.0 0.0 0.0376786 0.0 0.0
0.0 0.27919087 0.08769854 0.0 0.017908819 0.1297684 0.0 0.0 0.027221896 0.0 0.0 0.0 0.0 0.0 0.0 0.009025768 0.0 0.0 0.17840035 0.0 0.09597074 0.0 0.0 0.0 0.019277783 0.0 0.0 0.0 0.0 0.0 0.0 0.0 0.0 0.0 0.0 0.0 0.0 0.0 0.0 0.0 0.0 0.024060661 0.028002467 0.0 0.0 0.0 0.14622226 0.0 0.039432086 0.0 0.0 0.0 0.0 0.0 0.0 0.0
0.0 0.0 0.0 0.0 0.013767884 0.0 0.0 0.0 0.0 0.0 0.0 0.0 0.0 0.0 0.0 0.0 0.0 0.0 0.0 0.0733885 0.0 0.0 0.059166506 0.005849861 0.0 0.11160128 0.0 0.0 0.0 0.0 0.077703916 0.016825633 0.071765184 0.0 0.0 0.0 0.0 0.0 0.0 0.0 0.0 0.0 0.0 0.0 0.0 0.07036479 0.0 0.0 0.0 0.05576035 0.1430548 0.024012059 0.0 0.013978259 0.24785702 0.0
0.05139825 0.0 0.0 0.0 0.014961038 0.0 0.0 0.0 0.0 0.046539254 0.0 0.0 0.0 0.0 0.0 0.017981514 0.0 0.055352 0.0 0.21156244 0.0 0.01052752 0.08008866 0.0 0.0 0.029158216 0.038002167 0.0 0.0 0.0 0.011419377 0.0 0.03401183 0.023808848 0.0 0.0 0.053408608 0.10134263 0.019309718 0.0 0.0 0.0 0.0 0.0 0.06832498 0.055478036 0.0 0.06807812 0.0 0.0 0.1315687 0.0 0.0 0.0 0.09444036 0.0
0.0 0.0 0.0 0.0 0.0 0.0 0.0070342934 0.0 0.0 0.0 0.0 0.0 0.0 0.0 0.0 0.020223161 0.0 0.0 0.0 0.0 0.0 0.0 0.13113406 0.19105937 0.0 0.0 0.0 0.010844989 0.0 0.0 0.0 0.00794258 0.0 0.0 0.09214299 0.0436919 0.0 0.0 0.0 0.0 0.0 0.0 0.042308036 0.0 0.0 0.0 0.0 0.0 0.0 0.0 0.0 0.0037582335 0.0 0.0 0.0 0.0
0.042806227 0.0 0.0 0.0 0.0 0.0 0.0314469 0.11927773 0.0 0.0 0.056814365 0.009025767 0.0 0.017981514 0.020223161 0.0 0.04633356 0.0 0.0 0.0 0.0 0.0 0.03621252 0.0 0.0 0.0 0.017426068 0.0 0.0 0.0 0.0 0.0 0.0 0.0 0.035719074 0.05319162 0.0 0.0 0.0 0.0 0.0 0.0 0.04716778 0.055178612 0.0 0.0 0.0064957263 0.0 0.0 0.0 0.0 0.11698494 0.0 0.084513746 0.0 0.0
0.0 0.0 0.0 0.0 0.11208654 0.009767915 0.0 0.010905489 0.0 0.031110812 0.0 0.0 0.0 0.0 0.0 0.04633356 0.0 0.0 0.16743529 0.0 0.023334648 0.0 0.0 0.070336215 0.0 0.0 0.0 0.0 0.0 0.0 0.0 0.040895108 0.0 0.0 0.0 0.0 0.05802363 0.11159862 0.06162255 0.0 0.0 0.034612354 0.0 0.0 0.006510586 0.0 0.0017500704 0.0 0.0 0.022263592 0.0 0.0 0.0 0.0 0.0 0.0
0.028076237 0.052271158 0.0 0.0 0.0 0.10062447 0.0 0.0 0.0 0.020966755 0.057606656 0.0 0.0 0.055352 0.0 0.0 0.0 0.0 0.0 0.0 0.0 0.0 0.0 0.0 0.0 0.0 0.0 0.07986972 0.0 0.0 0.0 0.009755934 0.16776288 0.0 0.0 0.0 0.21117008 0.0 0.01671711 0.0 0.0 0.0 0.0 0.0 0.05492384 0.0 0.0 0.08882148 0.06764623 0.0 0.0 0.0 0.0 0.0 0.051196743 0.0
0.0 0.0 0.021254051 0.0 0.0 0.0 0.0 0.01955858 0.0 0.0 0.006965613 0.17840035 0.0 0.0 0.0 0.0 0.1674353 0.0 0.08839626 0.0 0.0 0.0 0.0 0.0 0.097585 0.0 0.0 0.0 0.0 0.03768644 0.0 0.009271756 0.0 0.046209544 0.0 0.0686839 0.0 0.0 0.0 0.0 0.0 0.15505666 0.041166604 0.0 0.0 0.0 0.052630812 0.0 0.007925591 0.0 0.0 0.0 0.14582302 0.0 0.0 0.0
0.033301655 0.038850494 0.0 0.0 0.0 0.0 0.0 0.0 0.0 0.0 0.039269883 0.0 0.0733885 0.21156244 0.0 0.0 0.0 0.0 0.0 0.0 0.0 0.0 0.0 0.0 0.0 0.05425078 0.17090428 0.12736383 0.0 0.0 0.0 0.0 0.0 0.0 0.0 0.0 0.0 0.0 0.0 0.024836326 0.05678046 0.0 0.0 0.0 0.0 0.0 0.0 0.0 0.0 0.0 0.0 0.0 0.0 0.115853526 0.0 0.0
0.046655905 0.0 0.04316252 0.0 0.0 0.0 0.116435766 0.04793671 0.0 0.05068685 0.0 0.09597074 0.0 0.0 0.0 0.0 0.02333465 0.0 0.0 0.0 0.0 0.0 0.0 0.0035995424 0.0061417418 0.0 0.0 0.0 0.14707172 0.055906177 0.0 0.0 0.0 0.055809677 0.0 0.0 0.15356752 0.0 0.010428193 0.0 0.0 0.0 0.12741241 0.0 0.052571867 0.0 0.0 0.0 0.0 0.021684974 0.0 0.049599424 0.0 0.0 0.0 0.0
0.009510662 0.0 0.0 0.0 0.0 0.0 0.0 0.07765712 0.0 0.0 0.0 0.0 0.0 0.01052752 0.0 0.0 0.0 0.0 0.0 0.0 0.0 0.0 0.0 0.12933767 0.0 0.0 0.017369326 0.0 0.022000741 0.0 0.0 0.0 0.0 0.0 0.041934308 0.0 0.0 0.0 0.0 0.0059281974 0.0882591 0.0 0.093624495 0.0 0.0 0.0 0.0 0.0 0.0 0.0 0.0 0.27502644 0.0 0.0 0.013812116 0.0
0.21070956 0.031001322 0.0 0.0 0.0 0.0 0.017304 0.0 0.0 0.11875602 0.0 0.0 0.059166506 0.08008866 0.13113408 0.03621252 0.0 0.0 0.0 0.0 0.0 0.0 0.0 0.0 0.0 0.0 0.05355943 0.050550066 0.0 0.0 0.0 0.0 0.0 0.0 0.0 0.0 0.044561684 0.0 0.0 0.0 0.08766981 0.0 0.0 0.0 0.05900025 0.11263758 0.0 0.03974682 0.0 0.0 0.0 0.0 0.0 0.017490743 0.0 0.031081507
0.0 0.0 0.00706658 0.0 0.031552315 0.0 0.09872586 0.0 0.0 0.0 0.0 0.0 0.0058498606 0.0 0.19105938 0.0 0.07033621 0.0 0.0 0.0 0.0035995424 0.12933767 0.0 0.0329177 0.01081392 0.0 0.0 0.0 0.0 0.058691513 0.0 0.061392225 0.0 0.014385561 0.078368485 0.23989798 0.01108155 0.04227335 0.0 0.0 0.0 0.0036814732 0.0 0.06291161 0.012723077 0.0 0.009143813 0.026345441 0.0 0.0 0.0 0.0 0.014554114 0.0 0.0 0.0
0.0 0.0 0.2390801 0.0 0.00073470006 0.01833771 0.0 0.0 0.0 0.09140429 0.0 0.019277783 0.0 0.0 0.0 0.0 0.0 0.0 0.09758499 0.0 0.0061417418 0.0 0.0 0.010813921 0.06624136 0.0 0.0 0.10498978 0.0 0.045708444 0.0 0.0 0.0 0.0 0.0 0.0 0.06794441 0.0 0.0025305115 0.0 0.0 0.0 0.0 0.0 0.05049202 0.0 0.0 0.038197685 0.02417473 0.0 0.0 0.0 0.0 0.0 0.0 0.0
0.14633237 0.0 0.0 0.0 0.0 0.0 0.0 0.0 0.0 0.0 0.0 0.0 0.11160127 0.029158216 0.0 0.0 0.0 0.0 0.0 0.05425078 0.0 0.0 0.0 0.0 0.0 0.13714981 0.0 0.0 0.0 0.0 0.0 0.0 0.0 0.0 0.0 0.0 0.0 0.0 0.0 0.05052691 0.07843537 0.0 0.0 0.025504867 0.0 0.0 0.0 0.0 0.0 0.0 0.041094415 0.036508024 0.00079380657 0.073975176 0.06297168 0.0
0.0 0.0 0.0 0.0 0.0 0.021466117 0.0 0.0 0.0 0.0 0.0109582385 0.0 0.0 0.038002167 0.0 0.017426068 0.0 0.0 0.0 0.17090428 0.0 0.017369328 0.053559434 0.0 0.0 0.0 0.09781343 0.1829104 0.0 0.0 0.0 0.0 0.010574812 0.0 0.0 0.0 0.0 0.0 0.01759158 0.16101892 0.028239612 0.0 0.0022070308 0.013971023 0.0 0.018202413 0.0 0.12848976 0.0 0.0 0.07821248 0.0 0.0 0.0 0.098221056 0.014530669
0.02781998 0.0 0.0 0.0 0.07774891 0.0 0.04218233 0.0 0.0 0.0 0.10605291 0.0 0.0 0.0 0.010844988 0.0 0.0 0.079869725 0.0 0.12736385 0.0 0.0 0.050550066 0.0 0.10498978 0.0 0.18291041 0.0 0.0 0.0 0.097481064 0.034805365 0.0 0.0 0.0 0.0 0.017226754 0.03957096 0.0 0.0 0.0 0.0 0.0 0.0 0.0 0.009651356 0.0 0.014663873 0.0 0.0 0.04895554 0.0 0.0 0.0 0.05550172 0.0
0.0 0.0 0.0 0.17144963 0.0 0.0 0.0 0.0 0.2906804 0.0 0.0 0.0 0.0 0.0 0.0 0.0 0.0 0.0 0.0 0.0 0.14707172 0.022000743 0.0 0.0 0.0 0.0 0.0 0.0 0.0 0.0 0.0 0.040587086 0.022705361 0.0 0.0 0.0 0.0 0.0 0.08755848 0.0 0.0 0.0070088366 0.0 0.0 0.0 0.0 0.056318235 0.0 0.21105711 0.04168522 0.0 0.0 0.010447288 0.0 0.0 0.0
0.0 0.0 0.0 0.032588992 0.0 0.033719793 0.0 0.030650876 0.0 0.0 0.0 0.0 0.0 0.0 0.0 0.0 0.0 0.0 0.037686445 0.0 0.055906173 0.0 0.0 0.05869151 0.045708444 0.0 0.0 0.0 0.0 0.0 0.10088529 0.040506437 0.10187441 0.0 0.0822252 0.0 0.001043293 0.039515987 0.014225825 0.0 0.0 0.0 0.0 0.0 0.04671395 0.0 0.0 0.059299275 0.08838113 0.0 0.063517295 0.0 0.0 0.0 0.0 0.0
0.0 0.0 0.02187956 0.0 0.0 0.0 0.06674103 0.0 0.02352521 0.0 0.0 0.0 0.077703916 0.011419377 0.0 0.0 0.0 0.0 0.0 0.0 0.0 0.0 0.0 0.0 0.0 0.0 0.0 0.097481064 0.0 0.10088529 0.0 0.008371345 0.0 0.0 0.0 0.13232702 0.0 0.0 0.0 0.027434431 0.05876207 0.0 0.0 0.0 0.0 0.016644685 0.0 0.0 0.0 0.0 0.0 0.02425609 0.0 0.003921135 0.0 0.15258572
0.0 0.0051960186 0.0 0.0 0.1821929 0.019440623 0.0 0.0 0.09999347 0.0 0.0 0.0 0.016825633 0.0 0.00794258 0.0 0.040895108 0.009755934 0.009271756 0.0 0.0 0.0 0.0 0.06139223 0.0 0.0 0.0 0.034805365 0.040587086 0.040506437 0.008371345 0.15391755 0.0 0.0075846985 0.0 0.0 0.0 0.0 0.0 0.09642116 0.0 0.017346367 0.024331525 0.0 0.0 0.05223174 0.17550525 0.0 0.0 0.0 0.0 0.0 0.024024002 0.0 0.018064577 0.0
0.0 0.0 0.0 0.0 0.042660553 0.057571065 0.017223187 0.14259522 0.0 0.0 0.038155664 0.0 0.071765184 0.03401183 0.0 0.0 0.0 0.16776286 0.0 0.0 0.0 0.0 0.0 0.0 0.0 0.0 0.010574811 0.0 0.022705361 0.10187441 0.0 0.0 0.0 0.0 0.0 0.036059927 0.0 0.0 0.0 0.0 0.0 0.0 0.045097504 0.0 0.006594548 0.023733437 0.0 0.02084639 0.0 0.0 0.0 0.010995335 0.0 0.0 0.0 0.0
0.05097103 0.0 0.0 0.0 0.0 0.0 0.0 0.11078182 0.0 0.0 0.0 0.0 0.0 0.023808848 0.0 0.0 0.0 0.0 0.046209544 0.0 0.055809677 0.0 0.0 0.014385562 0.0 0.0 0.0 0.0 0.0 0.0 0.0 0.0075846985 0.0 0.03145342 0.0 0.01086026 0.0 0.0 0.050954822 0.0 0.0 0.09721315 0.09720205 0.022451933 0.004240813 0.0 0.0 0.001867045 0.0 0.09975367 0.0 0.031513996 0.0064290357 0.0 0.0 0.0
0.0 0.0 0.0 0.0 0.0 0.0 0.0 0.14020288 0.0 0.20783465 0.0 0.0 0.0 0.0 0.09214299 0.035719074 0.0 0.0 0.0 0.0 0.0 0.041934308 0.0 0.07836849 0.0 0.0 0.0 0.0 0.0 0.0822252 0.0 0.0 0.0 0.0 0.12654434 0.0 0.0 0.0121217305 0.04934258 0.0 0.0 0.0 0.0 0.0 0.10488017 0.0 0.0 0.036653567 0.0 0.005918742 0.0 0.017728474 0.0 0.0 0.0 0.0
0.0 0.0 0.0 0.0 0.0 0.0 0.0 0.03632436 0.06784072 0.012589142 0.0 0.0 0.0 0.0 0.0436919 0.05319162 0.0 0.0 0.0686839 0.0 0.0 0.0 0.0 0.23989797 0.0 0.0 0.0 0.0 0.0 0.0 0.132327 0.0 0.036059927 0.01086026 0.0 0.12551235 0.0 0.028713388 0.0 0.033504296 0.0 0.0 0.0 0.0 0.0 0.0 0.011734939 0.03216532 0.014480534 0.0 0.0 0.061180837 0.0 0.0 0.0 0.0
0.0 0.0 0.025808884 0.04203057 0.0 0.0 0.0050172545 0.0 0.0 0.0 0.034723334 0.0 0.0 0.053408608 0.0 0.0 0.058023635 0.21117008 0.0 0.0 0.15356752 0.0 0.04456168 0.01108155 0.06794441 0.0 0.0 0.017226754 0.0 0.0010432932 0.0 0.0 0.0 0.0 0.0 0.0 0.0 0.03704917 0.029460527 0.0 0.0 0.016287459 0.0 0.17579609 0.0 0.008881747 0.051197577 0.0 0.0 0.0 0.0 0.0 0.0 0.055206884 0.0 0.0
0.08505531 0.0 0.0 0.0 0.0 0.0 0.026524153 0.06681907 0.0 0.0 0.0 0.0 0.0 0.101342626 0.0 0.0 0.111598626 0.0 0.0 0.0 0.0 0.0 0.0 0.04227335 0.0 0.0 0.0 0.03957096 0.0 0.039515987 0.0 0.0 0.0 0.0 0.0121217305 0.028713388 0.03704917 0.003559817 0.0 0.0 0.0 0.0177693 0.12097003 0.0 0.039335486 0.0 0.0823537 0.0 0.003315502 0.0 0.0 0.0028767628 0.118367486 0.008886512 0.0 0.0
0.0 0.0 0.09548546 0.0 0.0 0.08228058 0.019103661 0.12043638 0.0 0.039984338 0.0 0.0 0.0 0.019309718 0.0 0.0 0.061622553 0.01671711 0.0 0.0 0.010428192 0.0 0.0 0.0 0.0025305112 0.0 0.01759158 0.0 0.08755847 0.014225824 0.0 0.0 0.0 0.05095482 0.049342584 0.0 0.029460525 0.0 0.0 0.0 0.097843364 0.0 0.031109877 0.0 0.0 0.009330453 0.0 0.0 0.0 0.0 0.0 0.07043209 0.0 0.0 0.0 0.0
0.0 0.0 0.0 0.013987568 0.0 0.0 0.0 0.0 0.0 0.0 0.0 0.0 0.0 0.0 0.0 0.0 0.0 0.0 0.0 0.024836328 0.0 0.005928198 0.0 0.0 0.0 0.05052691 0.16101892 0.0 0.0 0.0 0.02743443 0.09642116 0.0 0.0 0.0 0.033504296 0.0 0.0 0.0 0.22381496 0.07898496 0.0 0.0 0.0 0.0 0.042445842 0.020014253 0.0 0.0 0.14285937 0.0 0.0 0.0 0.0050368016 0.03720487 0.0
0.0 0.0 0.0 0.0 0.014985843 0.0 0.0 0.0 0.0 0.0 0.0 0.0 0.0 0.0 0.0 0.0 0.0 0.0 0.0 0.05678046 0.0 0.08825909 0.08766981 0.0 0.0 0.07843537 0.028239613 0.0 0.0 0.0 0.058762074 0.0 0.0 0.0 0.0 0.0 0.0 0.0 0.09784336 0.07898496 0.059380673 0.0 0.0 0.0 0.0 0.0 0.0 0.0 0.0 0.09425976 0.106629744 0.0059834775 0.0 0.0 0.19383565 0.0
0.0 0.0 0.0 0.07507361 0.0 0.0 0.0 0.0108704455 0.0 0.0 0.0 0.024060661 0.0 0.0 0.0 0.0 0.034612354 0.0 0.15505664 0.0 0.0 0.0 0.0 0.0036814734 0.0 0.0 0.0 0.0 0.0070088366 0.0 0.0 0.017346367 0.0 0.09721316 0.0 0.0 0.016287457 0.017769298 0.0 0.0 0.0 0.0 0.0 0.0 0.012415205 0.0 0.0 0.0 0.0 0.16516149 0.03744292 0.11861251 0.06484543 0.034465384 0.0 0.0
0.0 0.0 0.0 0.0 0.0 0.06472689 0.058309395 0.0 0.0 0.0 0.1044163 0.028002467 0.0 0.0 0.042308036 0.04716778 0.0 0.0 0.041166604 0.0 0.12741241 0.093624495 0.0 0.0 0.0 0.0 0.002207031 0.0 0.0 0.0 0.0 0.024331527 0.045097504 0.097202055 0.0 0.0 0.0 0.120970026 0.031109879 0.0 0.0 0.0 0.0 0.0 0.0 0.0 0.0 0.0 0.0 0.060323935 0.0 0.005653632 0.07071113 0.0 0.0 0.0
0.119363144 0.0 0.0 0.0 0.0 0.0 0.0 0.0 0.0 0.12629631 0.0 0.0 0.0 0.0 0.0 0.055178612 0.0 0.0 0.0 0.0 0.0 0.0 0.0 0.06291161 0.0 0.025504867 0.013971022 0.0 0.0 0.0 0.0 0.0 0.0 0.022451932 0.0 0.0 0.1757961 0.0 0.0 0.0 0.0 0.0 0.0 0.0 0.18967356 0.0 0.0 0.0 0.0 0.031816438 0.034387127 0.0 0.0 0.0 0.05150284 0.0
0.0 0.0 0.03840523 0.0 0.0 0.14747046 0.0 0.0 0.0 0.0 0.14192092 0.0 0.0 0.06832499 0.0 0.0 0.0065105855 0.05492384 0.0 0.0 0.052571867 0.0 0.05900025 0.012723078 0.050492022 0.0 0.0 0.0 0.0 0.04671395 0.0 0.0 0.006594548 0.004240813 0.10488017 0.0 0.0 0.039335486 0.0 0.0 0.0 0.012415205 0.0 0.18967354 0.0 0.057187866 0.020295803 0.0 0.075087465 0.0 0.0 0.0 0.0 0.0 0.0 0.0
0.0 0.0 0.0 0.016570354 0.0 0.0 0.0 0.0 0.0 0.0 0.0 0.0 0.07036478 0.055478033 0.0 0.0 0.0 0.0 0.0 0.0 0.0 0.0 0.11263759 0.0 0.0 0.0 0.018202415 0.009651355 0.0 0.0 0.016644686 0.05223174 0.023733439 0.0 0.0 0.0 0.008881747 0.0 0.009330453 0.042445846 0.0 0.0 0.0 0.0 0.057187866 0.0 0.059239805 0.17425528 0.045242313 0.0 0.10123237 0.0 0.0 0.0 0.015394564 0.0
0.0 0.0 0.0 0.0 0.0 0.0 0.0 0.0 0.0 0.0 0.0 0.14622226 0.0 0.0 0.0 0.006495726 0.0017500704 0.0 0.052630812 0.0 0.0 0.0 0.0 0.009143813 0.0 0.0 0.0 0.0 0.056318235 0.0 0.0 0.17550524 0.0 0.0 0.0 0.011734939 0.051197577 0.0823537 0.0 0.020014253 0.0 0.0 0.0 0.0 0.020295804 0.0592398 0.15781277 0.0 0.0 0.0 0.0027557435 0.0 0.018711943 0.0 0.026611073 0.0
0.0 0.0 0.0 0.0 0.0 0.0 0.020745255 0.009143973 0.0 0.0 0.0 0.0 0.0 0.06807812 0.0 0.0 0.0 0.08882148 0.0 0.0 0.0 0.0 0.039746825 0.026345441 0.03819768 0.0 0.12848976 0.014663873 0.0 0.05929928 0.0 0.0 0.02084639 0.0018670448 0.036653567 0.032165322 0.0 0.0 0.0 0.0 0.0 0.0 0.0 0.0 0.0 0.17425527 0.0 0.0 0.0 0.0 0.0 0.041475795 0.0 0.0 0.0 0.0
0.011306843 0.0 0.13667268 0.0 0.06082127 0.0 0.0 0.0 0.0 0.0 0.0 0.039432086 0.0 0.0 0.0 0.0 0.0 0.06764623 0.007925592 0.0 0.0 0.0 0.0 0.0 0.024174727 0.0 0.0 0.0 0.21105711 0.088381134 0.0 0.0 0.0 0.0 0.0 0.014480533 0.0 0.003315502 0.0 0.0 0.0 0.0 0.0 0.0 0.075087465 0.045242313 0.0 0.0 0.0 0.06997695 0.0 0.0 0.089774944 0.0 0.0 0.0
0.0 0.11721269 0.07754994 0.0 0.0 0.028656036 0.0 0.0 0.0 0.0 0.0 0.0 0.05576035 0.0 0.0 0.0 0.022263592 0.0 0.0 0.0 0.021684976 0.0 0.0 0.0 0.0 0.0 0.0 0.0 0.04168522 0.0 0.0 0.0 0.0 0.09975368 0.005918742 0.0 0.0 0.0 0.0 0.14285935 0.09425976 0.1651615 0.060323935 0.03181644 0.0 0.0 0.0 0.0 0.06997695 0.0 0.0 0.0 0.0 0.09161492 0.0 0.0
0.0 0.0 0.0 0.0 0.0 0.0 0.0 0.0 0.0 0.00025688522 0.008119633 0.0 0.1430548 0.13156871 0.0 0.0 0.0 0.0 0.0 0.0 0.0 0.0 0.0 0.0 0.0 0.041094415 0.07821248 0.048955537 0.0 0.063517295 0.0 0.0 0.0 0.0 0.0 0.0 0.0 0.0 0.0 0.0 0.10662975 0.037442923 0.0 0.034387127 0.0 0.10123237 0.0027557435 0.0 0.0 0.0 0.0 0.0 0.0 0.0767843 0.0 0.3179249
0.019859733 0.04065842 0.0 0.0 0.0 0.0 0.07515556 0.0051573333 0.0 0.0 0.0 0.0 0.024012059 0.0 0.0037582337 0.11698494 0.0 0.0 0.0 0.0 0.049599424 0.27502644 0.0 0.0 0.0 0.036508024 0.0 0.0 0.0 0.0 0.02425609 0.0 0.010995335 0.031514 0.017728474 0.06118084 0.0 0.0028767628 0.07043208 0.0 0.005983477 0.11861251 0.005653632 0.0 0.0 0.0 0.0 0.04147579 0.0 0.0 0.0 0.0 0.0 0.15834756 0.038792696 0.012582053
0.0 0.0651816 0.045345884 0.0 0.1178583 0.11317459 0.0 0.0 0.0 0.012916409 0.0 0.0 0.0 0.0 0.0 0.0 0.0 0.0 0.14582303 0.0 0.0 0.0 0.0 0.014554114 0.0 0.00079380657 0.0 0.0 0.010447288 0.0 0.0 0.024024002 0.0 0.0064290357 0.0 0.0 0.0 0.118367486 0.0 0.0 0.0 0.06484543 0.07071113 0.0 0.0 0.0 0.018711943 0.0 0.089774944 0.0 0.0 0.0 0.0 0.0 0.0 0.0
0.057147153 0.0 0.0 0.0 0.041744713 0.0 0.0 0.0 0.0 0.0637073 0.0376786 0.0 0.013978259 0.0 0.0 0.084513746 0.0 0.0 0.0 0.115853526 0.0 0.0 0.017490745 0.0 0.0 0.07397518 0.0 0.0 0.0 0.0 0.0039211353 0.0 0.0 0.0 0.0 0.0 0.055206884 0.008886512 0.0 0.005036801 0.0 0.034465384 0.0 0.0 0.0 0.0 0.0 0.0 0.0 0.09161492 0.0767843 0.15834756 0.0 0.0 0.04142876 0.0
0.0 0.018305916 0.0 0.0 0.0 0.0 0.0 0.0 0.0 0.0 0.0 0.0 0.24785703 0.09444036 0.0 0.0 0.0 0.05119674 0.0 0.0 0.0 0.013812116 0.0 0.0 0.0 0.06297168 0.098221056 0.05550172 0.0 0.0 0.0 0.018064577 0.0 0.0 0.0 0.0 0.0 0.0 0.0 0.03720487 0.19383565 0.0 0.0 0.05150284 0.0 0.015394564 0.026611073 0.0 0.0 0.0 0.0 0.038792696 0.0 0.041428763 0.0 0.01242043
0.0 0.0 0.0 0.37772796 0.0 0.0 0.0 0.0 0.0 0.0 0.0 0.0 0.0 0.0 0.0 0.0 0.0 0.0 0.0 0.0 0.0 0.0 0.031081507 0.0 0.0 0.0 0.014530669 0.0 0.0 0.0 0.15258572 0.0 0.0 0.0 0.0 0.0 0.0 0.0 0.0 0.0 0.0 0.0 0.0 0.0 0.0 0.0 0.0 0.0 0.0 0.0 0.3179249 0.0125820525 0.0 0.0 0.01242043 0.0
