0.030026795 0.026215665 0.0075660367 0.0 0.0 0.0 0.014059452 0.1120603 0.0 0.026018107 0.0 0.0 0.0027225746 0.023639811 0.0 0.0 0.0 0.0 0.0 0.0 0.0 0.112111576 0.03418448 0.0 0.023255438 0.0 0.0 0.017201923 0.0 0.0 0.0 0.0 0.0 0.0 0.0 0.0 0.005829851 0.019898122 0.061478034 0.0 0.026978431 0.10832735 0.0 0.091719754 0.014950702 0.0 0.0 0.07878449 0.0 0.24214733 0.0 0.026349472 0.0 0.0 0.0 0.059450705
0.026215665 0.0 0.0 0.0 0.0 0.0 0.0 0.049983256 0.038927402 0.0 0.0 0.0 0.0 0.04701691 0.0 0.0 0.0 0.011341494 0.0 0.0 0.0 0.0 0.0 0.044760093 0.0 0.0 0.063587464 0.118078165 0.0 0.0 0.0 0.0 0.0 0.0 0.0262958 0.0 0.0 0.09275624 0.0 0.0 0.06064195 0.0 0.029298762 0.0 0.0 0.0 0.0 0.0 0.0 0.0 0.012569808 0.12624042 0.0 0.0 0.13192518 0.0
0.0075660367 0.0 0.0 0.037952628 0.0 0.014153057 0.0 0.0 0.0 0.0 0.0 0.0 0.0 0.0 0.0 0.0 0.0 0.0 0.0 0.04113049 0.0 0.0 0.17161703 0.0 0.0 0.05255723 0.1557399 0.0 0.0 0.0 0.0 0.0 0.0 0.0 0.0 0.0 0.0 0.0 0.0 0.0 0.0 0.0 0.0 0.06600239 0.0 0.13424934 0.0 0.0 0.0 0.0 0.19614917 0.024770655 0.0 0.0026398788 0.0 0.0
0.0 0.0 0.037952628 0.0 0.0 0.031721666 0.0 0.0 0.013308533 0.0 0.0126718385 0.057695236 0.0 0.0 0.0 0.0 0.083196476 0.0 0.035934143 0.0 0.0 0.0 0.0 0.0 0.12406666 0.0 0.0 0.0 0.025176678 0.13474503 0.0 0.0 0.103888534 0.0 0.0 0.0 0.0 0.0 0.11999529 0.0 0.0 0.0 0.0 0.0 0.04588096 0.0 0.0 0.0 0.01273576 0.047376186 0.0 0.0 0.2121147 0.0 0.0 0.0
0.0 0.0 0.0 0.0 0.0 0.0 0.0 0.0 0.0 0.0 0.0 0.0 0.071357206 0.0 0.0 0.0 0.0 0.0051504616 0.057289895 0.0 0.0115129575 0.0 0.0 0.0023163795 0.0 0.08312153 0.007824573 0.054669138 0.047748003 0.0 0.03526341 0.0 0.0 0.0 0.03887887 0.09656574 0.03691309 0.0 0.0 0.0 0.050884858 0.0 0.07501855 0.0 0.0 0.0 0.07259912 0.0 0.0 0.0 0.0 0.008430653 0.0 0.04950504 0.02677491 0.059300803
0.0 0.0 0.014153056 0.031721666 0.0 0.0 0.0 0.0 0.0 0.0 0.0 0.0 0.13401422 0.0 0.12411433 0.0 0.0 0.01790292 0.003569949 0.0 0.026230866 0.0 0.0 0.0 0.0 0.029041093 0.0 0.09196328 0.0 0.0 0.0 0.0 0.002959214 0.0 0.02011123 0.017042398 0.0 0.0 0.0 0.0 0.021971416 0.060576927 0.0 0.0 0.010870496 0.0 0.00267845 0.0037176155 0.0 0.0 0.0 0.043927275 0.054464042 0.0 0.0 0.037595898
0.014059453 0.0 0.0 0.0 0.0 0.0 0.046892323 0.0 0.0 0.0 0.0 0.19841231 0.0 0.0 0.0 0.0 0.11089557 0.054201562 0.0 0.0 0.0 0.0 0.0 0.0 0.0 0.0 0.0 0.0 0.0 0.0042934744 0.0 0.051240973 0.0 0.0 0.0 0.0 0.0 0.0 0.0 0.0 0.0 0.031003876 0.0 0.07727881 0.07782388 0.116340056 0.026166212 0.07332701 0.104480974 0.0 0.0 0.0 0.0 0.0 0.0 0.0
0.1120603 0.049983256 0.0 0.0 0.0 0.0 0.0 0.0 0.0 0.13755457 0.013658659 0.0 0.0 0.0 0.0 0.0 0.0 0.0 0.0 0.0 0.0 0.027457135 0.0015980339 0.0 0.0 0.0 0.0 0.0043245037 0.0 0.06751407 0.0065262835 0.0 0.0 0.24091691 0.0 0.0 0.0 0.0 0.0 0.032174993 0.0332896 0.015571223 0.0 0.0 0.0068986486 0.013248673 0.0 0.029649714 0.0 0.032987513 0.0 0.06059086 0.0 0.044418342 0.003669501 0.0
0.0 0.038927402 0.0 0.0133085335 0.0 0.0 0.0 0.0 0.033977143 0.0 0.0 0.0 0.0 0.0 0.0 0.0 0.07326117 0.0 0.0 0.0 0.036310077 0.0 0.0 0.0 0.023986973 0.0 0.0 0.055490308 0.0 0.0 0.0 0.0 0.0 0.015600938 0.19987333 0.0 0.0 0.032129176 0.0 0.0 0.0 0.0 0.22768055 0.0 0.0 0.01641247 0.043057278 0.0 0.0 0.0 0.0 0.0 0.0 0.0 0.009810539 0.0
0.026018107 0.0 0.0 0.0 0.0 0.0 0.0 0.13755459 0.0 0.0 0.0 0.0 0.0 0.057237703 0.008577099 0.016292403 0.0 0.0 0.0 0.0 0.0 0.14466803 0.14352688 0.0026485783 0.0 0.0 0.013694686 0.064169995 0.0 0.0 0.0 0.0 0.0 0.0 0.0 0.0 0.021715932 0.0013860485 0.0 0.0 0.0 0.033671975 0.0 0.083225526 0.016172392 0.0 0.0 0.08721878 0.0 0.0227731 0.0 0.014993138 0.0 0.025419913 0.0 0.0
0.0 0.0 0.0 0.0126718385 0.0 0.0 0.0 0.013658658 0.0 0.0 0.0 0.037723877 0.007616048 0.0 0.068315074 0.0 0.0 0.0 0.055952802 0.0 0.0 0.013304126 0.0 0.0 0.0 0.0 0.0 0.011672453 0.004702193 0.0 0.014553634 0.0 0.0 0.0 0.0 0.08635763 0.0 0.0 0.035881996 0.0 0.10993387 0.09517108 0.0 0.002434542 0.0 0.0 0.05367736 0.0737217 0.09296174 0.0 0.016419817 0.0 0.06675126 0.012573362 0.026361179 0.0
0.0 0.0 0.0 0.057695236 0.0 0.0 0.1984123 0.0 0.0 0.0 0.037723877 0.0 0.008797304 0.0 0.0 0.044439778 0.0 0.0 0.0 0.0 0.1971129 0.0 0.0 0.0 0.0 0.0 0.0 0.0 0.14613219 0.0 0.0 0.0 0.0 0.0 0.0 0.0 0.0 0.03531981 0.0 0.0 0.0 0.0 0.0 0.0 0.0 0.1012067 0.03905123 0.0 0.0 0.0 0.0 0.021237029 0.08490479 0.0 0.0 0.0
0.0027225744 0.0 0.0 0.0 0.07135721 0.1340142 0.0 0.0 0.0 0.0 0.007616048 0.008797305 0.0 0.047766156 0.0 0.009660644 0.0021093872 0.0 0.0 0.026328946 0.0 0.0 0.02314114 0.0 0.0 0.038320184 0.18231344 0.0 0.0 0.0 0.09671333 0.020592133 0.0963509 0.0 0.0 0.0 0.0 0.09063343 0.010061665 0.031669356 0.0 0.0 0.0 0.0 0.0 0.023300167 0.0 0.0 0.021962069 0.007833921 0.0 0.0 0.0 0.036169317 0.012576092 0.0
0.02363981 0.047016907 0.0 0.0 0.0 0.0 0.0 0.0 0.0 0.0572377 0.0 0.0 0.04776616 0.045217108 0.0 0.0 0.07529358 0.010650933 0.0 0.01965338 0.0 0.0 0.0 0.0 0.06688775 0.0 0.0 0.0 0.0 0.016460298 0.031090137 0.005462018 0.014238271 0.0 0.02056501 0.036378857 0.041877493 0.0 0.0 0.0 0.0 0.0 0.0 0.052432638 0.023886066 0.0 0.1108725 0.0 0.05364449 0.002369641 0.0 0.021036115 0.0 0.0 0.0 0.13908447
0.0 0.0 0.0 0.0 0.0 0.12411432 0.0 0.0 0.0 0.008577099 0.068315074 0.0 0.0 0.0 0.045139372 0.08716983 0.0 0.0057027396 0.017692883 0.0 0.0 0.0 0.04141202 0.0 0.0 0.0 0.044518538 0.019297272 0.0 0.0 0.0 0.0 0.13785425 0.0 0.0 0.0 0.0 0.08131799 0.07277863 0.0 0.0 0.0 0.0 0.0 0.02622933 0.0 0.0 0.0 0.01920508 0.0 0.12858544 0.003826138 0.0 0.0 0.081995994 0.0
0.0 0.0 0.0 0.0 0.0 0.0 0.0 0.0 0.0 0.0162924 0.0 0.044439778 0.009660644 0.0 0.08716983 0.0 0.0 0.0 0.0 0.0 0.0 0.007155596 0.0 0.0 0.013115247 0.0 0.0 0.0 0.0 0.0 0.0 0.07033227 0.12545557 0.0 0.0 0.0 0.0 0.0 0.11583097 0.0 0.0 0.016489688 0.0 0.0 0.08010407 0.0 0.0 0.24731705 0.034705047 0.0 0.022014333 0.0 0.0 0.0 0.012154415 0.0
0.0 0.0 0.0 0.08319648 0.0 0.0 0.11089557 0.0 0.07326117 0.0 0.0 0.0 0.0021093872 0.07529358 0.0 0.0 0.0 0.0 0.0 0.0 0.098055296 0.0 0.0 0.0 0.0 0.1089651 0.0036739106 0.0 0.0 0.0 0.0 0.0 0.0 0.004660352 0.02788892 0.0 0.0 0.06032868 0.0 0.036413033 0.0 0.0 0.060514454 0.0 0.0 0.061114207 0.04112544 0.0 0.0 0.0 0.0 0.0052515566 0.0 0.13548209 0.0 0.0
0.0 0.011341494 0.0 0.0 0.0051504616 0.01790292 0.054201566 0.0 0.0 0.0 0.0 0.0 0.0 0.010650933 0.0057027396 0.0 0.0 0.0 0.02757862 0.0028385117 0.070812985 0.0 0.0 0.0 0.0 0.0 0.021623557 0.0 0.0 0.0 0.058413524 0.0 0.051173706 0.02859526 0.0 0.01866366 0.0 0.026664373 0.054941576 0.0 0.09299245 0.0 0.0 0.050077375 0.009767084 0.08229411 0.103093445 0.0 0.045041993 0.0 0.004782739 0.0 0.043064285 0.050204385 0.0 0.0
0.0 0.0 0.0 0.035934146 0.05728989 0.0035699492 0.0 0.0 0.0 0.0 0.055952802 0.0 0.0 0.0 0.01769288 0.0 0.0 0.027578618 0.0 0.04584253 0.02642468 0.0 0.0027344073 0.0 0.0 0.070686035 0.047004797 0.097674556 0.0 0.0 0.0908473 0.0 0.0 0.0 0.0028614064 0.0 0.0 0.052590817 0.0 0.0 0.0 0.0 0.00075721287 0.0 0.042117804 0.0 0.0 0.0 0.1645622 0.0 0.027537512 0.0 0.0 0.0 0.12138842 0.0
0.0 0.0 0.041130487 0.0 0.0 0.0 0.0 0.0 0.0 0.0 0.0 0.0 0.026328946 0.01965338 0.0 0.0 0.0 0.0028385117 0.04584253 0.0 0.0 0.0 0.0 0.0 0.0 0.0 0.0 0.015142851 0.06876568 0.0 0.0 0.0 0.0 0.0 0.0 0.038435925 0.0 0.0 0.0 0.15546778 0.14278908 0.02627817 0.124839544 0.0 0.0 0.0 0.054863326 0.0 0.0 0.0 0.0 0.0535148 0.029659355 0.08383631 0.0 0.21629925
0.0 0.0 0.0 0.0 0.0115129575 0.026230868 0.0 0.0 0.036310077 0.0 0.0 0.1971129 0.0 0.0 0.0 0.0 0.098055296 0.070812985 0.02642468 0.0 0.0 0.0 0.0 0.0 0.06325099 0.0 0.0 0.0 0.0 0.181084 0.0 0.013490949 0.0 0.0 0.0 0.007965101 0.0 0.0 0.0 0.0 0.0 0.026338648 0.0 0.0 0.009278148 0.05717029 0.0 0.0 0.0 0.0 0.0 0.0 0.18392596 0.0 0.0 0.0
0.11211158 0.0 0.0 0.0 0.0 0.0 0.0 0.027457135 0.0 0.14466803 0.013304126 0.0 0.0 0.0 0.0 0.0071555953 0.0 0.0 0.0 0.0 0.0 0.0 0.0 0.102132246 0.0 0.0 0.0 0.0 0.0 0.0 0.0 0.0 0.0 0.0 0.16331547 0.0 0.244514 0.0 0.0 0.0 0.0 0.0 0.02585471 0.0 0.09639983 0.0 0.0 0.03281366 0.0041025165 0.0 0.0 0.0 0.0 0.0 0.017008837 0.0
0.03418448 0.0 0.17161703 0.0 0.0 0.0 0.0 0.0015980338 0.0 0.14352688 0.0 0.0 0.02314114 0.0 0.04141202 0.0 0.0 0.0 0.0027344073 0.0 0.0 0.0 0.0 0.099714875 0.0 0.0 0.0 0.0 0.009363477 0.0 0.0 0.0 0.012377166 0.0 0.0 0.0 0.2184363 0.0 0.028470889 0.0059522334 0.0 0.0 0.0 0.0 0.030626534 0.0 0.0 0.0 0.0 0.12655465 0.0 0.028463785 0.0 0.0 0.0 0.18819603
0.0 0.044760097 0.0 0.0 0.0023163795 0.0 0.0 0.0 0.0 0.0026485783 0.0 0.0 0.0 0.0 0.0 0.0 0.0 0.0 0.0 0.0 0.0 0.10213224 0.09971487 0.0 0.0 0.0 0.034134388 0.045865253 0.0 0.0 0.04275643 0.0 0.0 0.13462134 0.0 0.0 0.0 0.0 0.0 0.15846996 0.0 0.0 0.0 0.031090554 0.0 0.0 0.0 0.09240806 0.08123938 0.018929493 0.015190049 0.004698519 0.0 0.0 0.17731947 0.0
0.023255438 0.0 0.0 0.124066666 0.0 0.0 0.0 0.0 0.023986975 0.0 0.0 0.0 0.0 0.06688775 0.0 0.013115246 0.0 0.0 0.0 0.0 0.06325098 0.0 0.0 0.0 0.0 0.013497519 0.24906822 0.052632857 0.0 0.0 0.020161906 0.0 0.0 0.0 0.033104006 0.0 0.0 0.0 0.0 0.0 0.0 0.0 0.0 0.0 0.0 0.014467672 0.0 0.0 0.0 0.0 0.087518744 0.13322061 0.0 0.0 0.0 0.0
0.0 0.0 0.05255723 0.0 0.08312153 0.029041091 0.0 0.0 0.0 0.0 0.0 0.0 0.038320184 0.0 0.0 0.0 0.1089651 0.0 0.070686035 0.0 0.0 0.0 0.0 0.0 0.013497518 0.0 0.0 0.0 0.026602611 0.040925704 0.0 0.0 0.17505674 0.0 0.0 0.0 0.0 0.0 0.17546046 0.17735973 0.0 0.0 0.0 0.0 0.0 0.0 0.03772859 0.0 0.0 0.0 0.0 0.0 0.015800694 0.0 0.0 0.02599901
0.0 0.063587464 0.1557399 0.0 0.007824573 0.0 0.0 0.0 0.0 0.013694687 0.0 0.0 0.18231344 0.0 0.04451854 0.0 0.0036739109 0.021623557 0.047004797 0.0 0.0 0.0 0.0 0.034134388 0.24906822 0.0 0.0 0.0 0.0 0.0 0.0 0.085156485 0.0 0.0 0.0 0.17566936 0.0 0.0 0.0 0.017837293 0.0147924675 0.009171294 0.0 0.0 0.0 0.0 0.009329394 0.0 0.0 0.027364094 0.0 0.0 0.053333126 0.0 0.0 0.019554576
0.017201923 0.11807816 0.0 0.0 0.054669134 0.09196328 0.0 0.0043245037 0.055490304 0.064169995 0.011672453 0.0 0.0 0.0 0.01929727 0.0 0.0 0.0 0.097674556 0.015142851 0.0 0.0 0.0 0.045865253 0.052632857 0.0 0.0 0.0 0.0 0.029749338 0.0 0.021717917 0.0 0.0 0.0 0.0 0.028347982 0.030879727 0.0 0.014707319 0.012338112 0.19335066 0.108967304 0.0 0.0 0.0 0.016524216 0.0 0.0 0.0 0.0 0.0 0.0 0.0 0.0 0.012045062
0.0 0.0 0.0 0.025176676 0.047748007 0.0 0.0 0.0 0.0 0.0 0.004702193 0.14613219 0.0 0.0 0.0 0.0 0.0 0.0 0.0 0.068765685 0.0 0.0 0.009363477 0.0 0.0 0.026602611 0.0 0.0 0.0 0.017186822 0.08919691 0.16920158 0.0 0.061670844 0.0 0.0 0.0 0.13368565 0.0 0.0 0.0 0.0 0.0 0.0624608 0.0 0.15917434 0.0 0.0 0.0 0.0 0.0 0.0 0.0 0.0 0.0 0.0
0.0 0.0 0.0 0.13474503 0.0 0.0 0.0042934744 0.06751407 0.0 0.0 0.0 0.0 0.0 0.016460298 0.0 0.0 0.0 0.0 0.0 0.0 0.181084 0.0 0.0 0.0 0.0 0.040925708 0.0 0.029749338 0.017186822 0.0 0.0 0.0 0.0 0.011218373 0.049448766 0.0 0.0 0.0 0.0 0.0 0.022417132 0.0 0.010287789 0.0 0.0 0.07776214 0.0 0.0 0.0 0.0 0.08126533 0.016126145 0.0 0.15994321 0.0 0.0
0.0 0.0 0.0 0.0 0.035263415 0.0 0.0 0.0065262835 0.0 0.0 0.014553634 0.0 0.09671333 0.031090137 0.0 0.0 0.0 0.058413524 0.090847306 0.0 0.0 0.0 0.0 0.04275643 0.020161904 0.0 0.0 0.0 0.08919691 0.0 0.0 0.03145547 0.0 0.0 0.016322117 0.12526134 0.0 0.0 0.0 0.0 0.16294912 0.0 0.04120094 0.0 0.0 0.002085617 0.0045136404 0.0 0.0 0.0 0.0 0.09881722 0.018634357 0.0 0.0 0.0
0.0 0.0 0.0 0.0 0.0 0.0 0.051240973 0.0 0.0 0.0 0.0 0.0 0.020592133 0.005462018 0.0 0.070332274 0.0 0.0 0.0 0.0 0.013490949 0.0 0.0 0.0 0.0 0.0 0.085156485 0.021717915 0.16920158 0.0 0.03145547 0.0 0.026991919 0.0 0.19105133 0.0 0.05227217 0.0079238545 0.0 0.0 0.0 0.0 0.0 0.0 0.0 0.0 0.0 0.0 0.011718354 0.0 0.00056483666 0.0 0.0 0.0 0.110985875 0.016695488
0.0 0.0 0.0 0.10388853 0.0 0.0029592142 0.0 0.0 0.0 0.0 0.0 0.0 0.0963509 0.014238271 0.13785425 0.12545557 0.0 0.051173702 0.0 0.0 0.0 0.0 0.012377166 0.0 0.0 0.17505674 0.0 0.0 0.0 0.0 0.0 0.026991919 0.0 0.0 0.0 0.0 0.0 0.0 0.0 0.0 0.040154733 0.0 0.063693196 0.0 0.0 0.0 0.0 0.041428383 0.0 0.0 0.16680755 0.0 0.0 0.013547303 0.004982393 0.0
0.0 0.0 0.0 0.0 0.0 0.0 0.0 0.24091692 0.015600937 0.0 0.0 0.0 0.0 0.0 0.0 0.0 0.004660352 0.02859526 0.0 0.0 0.0 0.0 0.0 0.13462134 0.0 0.0 0.0 0.0 0.061670844 0.011218373 0.0 0.0 0.0 0.0 0.06835902 0.0 0.0 0.0 0.0 0.0 0.0 0.059323095 0.0 0.0 0.002856999 0.0 0.0 0.0 0.0 0.0 0.0 0.14831948 0.0 0.0 0.0 0.0
0.0 0.0262958 0.0 0.0 0.03887887 0.02011123 0.0 0.0 0.19987331 0.0 0.0 0.0 0.0 0.02056501 0.0 0.0 0.027888918 0.0 0.0028614064 0.0 0.0 0.16331547 0.0 0.0 0.033104006 0.0 0.0 0.0 0.0 0.049448766 0.016322117 0.19105133 0.0 0.06835902 0.0 0.0 0.0 0.0031217954 0.00807809 0.022107411 0.0 0.0267091 0.0 0.10901489 0.0 0.0 0.0027535264 0.003603633 0.08394384 0.041874986 0.0 0.0 0.0014766521 0.0 0.0 0.0
0.0 0.0 0.0 0.0 0.09656574 0.017042398 0.0 0.0 0.0 0.0 0.08635763 0.0 0.0 0.036378857 0.0 0.0 0.0 0.01866366 0.0 0.03843593 0.007965101 0.0 0.0 0.0 0.0 0.0 0.17566936 0.0 0.0 0.0 0.12526134 0.0 0.0 0.0 0.0 0.0 0.0 0.094758265 0.0 0.0 0.0 0.0 0.0 0.0 0.0 0.0526797 0.07882969 0.010708212 0.0 0.0 0.018189995 0.0 0.0 0.0 0.05118348 0.0
0.0058298507 0.0 0.0 0.0 0.036913093 0.0 0.0 0.0 0.0 0.02171593 0.0 0.0 0.0 0.041877497 0.0 0.0 0.0 0.0 0.0 0.0 0.0 0.244514 0.2184363 0.0 0.0 0.0 0.0 0.02834798 0.0 0.0 0.0 0.052272175 0.0 0.0 0.0 0.0 0.0 0.0 0.0 0.0 0.0 0.028529987 0.0 0.0 0.13110392 0.0 0.0 0.06270981 0.01104007 0.042332012 0.017856255 0.007706235 0.0 0.0 0.0 0.0
0.019898122 0.092756234 0.0 0.0 0.0 0.0 0.0 0.0 0.032129176 0.0013860486 0.0 0.03531981 0.09063343 0.0 0.08131799 0.0 0.06032868 0.026664373 0.05259082 0.0 0.0 0.0 0.0 0.0 0.0 0.0 0.0 0.030879725 0.13368566 0.0 0.0 0.0079238545 0.0 0.0 0.0031217954 0.094758265 0.0 0.0 0.0 0.01677942 0.0937005 0.058870133 0.0 0.0 0.0 0.0019470969 0.052604053 0.0 0.0 0.0 0.0 0.0 0.0 0.040929873 0.0 0.0
0.061478034 0.0 0.0 0.11999529 0.0 0.0 0.0 0.0 0.0 0.0 0.035881996 0.0 0.010061665 0.0 0.07277862 0.11583097 0.0 0.054941576 0.0 0.0 0.0 0.0 0.028470889 0.0 0.0 0.17546046 0.0 0.0 0.0 0.0 0.0 0.0 0.0 0.0 0.00807809 0.0 0.0 0.0 0.0 0.0 0.0 0.0 0.0 0.0 0.051260453 0.016002614 0.0 0.0 0.0 0.0 0.105847426 0.0 0.0 0.06761827 0.020602997 0.0
0.0 0.0 0.0 0.0 0.0 0.0 0.0 0.032174997 0.0 0.0 0.0 0.0 0.031669356 0.0 0.0 0.0 0.036413036 0.0 0.0 0.15546778 0.0 0.0 0.0059522334 0.15846996 0.0 0.17735973 0.017837293 0.014707319 0.0 0.0 0.0 0.0 0.0 0.0 0.022107411 0.0 0.0 0.01677942 0.0 0.19179633 0.057270005 0.0 0.0 0.0 0.0 0.0 0.0 0.0 0.0 0.0004538323 0.0 0.0 0.0 0.0 0.028851671 0.019483957
0.026978433 0.06064195 0.0 0.0 0.050884858 0.021971416 0.0 0.0332896 0.0 0.0 0.109933876 0.0 0.0 0.0 0.0 0.0 0.0 0.09299245 0.0 0.14278908 0.0 0.0 0.0 0.0 0.0 0.0 0.014792468 0.012338112 0.0 0.022417132 0.16294913 0.0 0.040154733 0.0 0.0 0.0 0.0 0.0937005 0.0 0.057270005 0.0 0.0 0.016708802 0.0 0.025104105 0.033261385 0.083294645 0.0 0.0 0.0 0.0 0.0 0.0 0.043341476 0.0 0.0
0.10832735 0.0 0.0 0.0 0.0 0.06057693 0.031003874 0.015571224 0.0 0.033671975 0.09517107 0.0 0.0 0.0 0.0 0.016489688 0.0 0.0 0.0 0.02627817 0.026338648 0.0 0.0 0.0 0.0 0.0 0.009171294 0.19335066 0.0 0.0 0.0 0.0 0.0 0.059323095 0.0267091 0.0 0.028529985 0.058870133 0.0 0.0 0.0 0.0 0.011086951 0.0 0.0 0.0 0.017759295 0.0048143496 0.0 0.0 0.0 0.012923434 0.0 0.0 0.077484906 0.0
0.0 0.029298762 0.0 0.0 0.07501854 0.0 0.0 0.0 0.22768055 0.0 0.0 0.0 0.0 0.0 0.0 0.0 0.060514454 0.0 0.00075721287 0.12483955 0.0 0.02585471 0.0 0.0 0.0 0.0 0.0 0.108967304 0.0 0.010287788 0.04120094 0.0 0.063693196 0.0 0.0 0.0 0.0 0.0 0.0 0.0 0.016708802 0.01108695 0.0 0.0 0.0 0.0 0.0 0.16930684 0.0 0.0 0.0 0.0 0.0 0.0 0.0 0.003946759
0.091719754 0.0 0.06600239 0.0 0.0 0.0 0.07727881 0.0 0.0 0.083225526 0.002434542 0.0 0.0 0.05243264 0.0 0.0 0.0 0.050077375 0.0 0.0 0.0 0.0 0.0 0.031090554 0.0 0.0 0.0 0.0 0.0624608 0.0 0.0 0.0 0.0 0.0 0.10901489 0.0 0.0 0.0 0.0 0.0 0.0 0.0 0.0 0.0 0.19500865 0.0 0.0 0.0 0.0 0.0 0.0 0.052586958 0.001154737 0.02035349 0.0 0.048279397
0.014950702 0.0 0.0 0.045880955 0.0 0.010870496 0.077823885 0.006898649 0.0 0.01617239 0.0 0.0 0.0 0.023886064 0.02622933 0.08010407 0.0 0.009767084 0.042117804 0.0 0.009278148 0.09639983 0.030626534 0.0 0.0 0.0 0.0 0.0 0.0 0.0 0.0 0.0 0.0 0.002856999 0.0 0.0 0.13110392 0.0 0.051260456 0.0 0.025104105 0.0 0.0 0.19500865 0.0 0.0 0.0 0.0 0.0 0.045919552 0.013238884 0.0321703 0.042040914 0.016427048 0.0 0.0
0.0 0.0 0.13424934 0.0 0.0 0.0 0.116340056 0.013248673 0.01641247 0.0 0.0 0.1012067 0.023300167 0.0 0.0 0.0 0.06111421 0.08229411 0.0 0.0 0.05717029 0.0 0.0 0.0 0.014467672 0.0 0.0 0.0 0.15917434 0.07776214 0.002085617 0.0 0.0 0.0 0.0 0.052679703 0.0 0.001947097 0.016002612 0.0 0.033261385 0.0 0.0 0.0 0.0 0.0 0.0 0.0 0.0069650393 0.0 0.0 0.0061745225 0.06036168 0.0 0.0 0.0
0.0 0.0 0.0 0.0 0.07259912 0.00267845 0.026166212 0.0 0.043057278 0.0 0.053677365 0.03905123 0.0 0.1108725 0.0 0.0 0.04112544 0.10309344 0.0 0.05486333 0.0 0.0 0.0 0.0 0.0 0.037728593 0.009329394 0.016524216 0.0 0.0 0.0045136404 0.0 0.0 0.0 0.0027535262 0.07882969 0.0 0.052604053 0.0 0.0 0.083294645 0.017759297 0.0 0.0 0.0 0.0 0.077039436 0.0 0.0 0.0 0.0 0.009767167 0.0 0.035266325 0.020586371 0.047084846
0.07878449 0.0 0.0 0.0 0.0 0.0037176155 0.07332701 0.029649712 0.0 0.08721877 0.0737217 0.0 0.0 0.0 0.0 0.24731705 0.0 0.0 0.0 0.0 0.0 0.03281366 0.0 0.09240805 0.0 0.0 0.0 0.0 0.0 0.0 0.0 0.0 0.041428383 0.0 0.003603633 0.010708212 0.06270981 0.0 0.0 0.0 0.0 0.0048143496 0.16930683 0.0 0.0 0.0 0.0 0.0 0.0 0.0 0.0 0.0 0.0 0.10074103 0.013089401 0.0
0.0 0.0 0.0 0.012735759 0.0 0.0 0.104480974 0.0 0.0 0.0 0.09296174 0.0 0.02196207 0.053644486 0.01920508 0.034705047 0.0 0.045041993 0.1645622 0.0 0.0 0.0041025165 0.0 0.08123939 0.0 0.0 0.0 0.0 0.0 0.0 0.0 0.011718354 0.0 0.0 0.083943844 0.0 0.01104007 0.0 0.0 0.0 0.0 0.0 0.0 0.0 0.0 0.006965039 0.0 0.0 0.0 0.0 0.03540282 0.036437336 0.0 0.0 0.0 0.0
0.24214733 0.0 0.0 0.047376186 0.0 0.0 0.0 0.032987513 0.0 0.022773098 0.0 0.0 0.007833921 0.002369641 0.0 0.0 0.0 0.0 0.0 0.0 0.0 0.0 0.12655465 0.018929495 0.0 0.0 0.027364094 0.0 0.0 0.0 0.0 0.0 0.0 0.0 0.041874986 0.0 0.042332012 0.0 0.0 0.0004538323 0.0 0.0 0.0 0.0 0.045919552 0.0 0.0 0.0 0.0 0.0 0.13942093 0.061351433 0.0 0.0 0.03258319 0.0
0.0 0.012569808 0.19614917 0.0 0.0 0.0 0.0 0.0 0.0 0.0 0.016419817 0.0 0.0 0.0 0.12858544 0.022014333 0.0 0.004782739 0.027537514 0.0 0.0 0.0 0.0 0.015190049 0.087518744 0.0 0.0 0.0 0.0 0.08126533 0.0 0.00056483666 0.16680755 0.0 0.0 0.018189996 0.017856257 0.0 0.105847426 0.0 0.0 0.0 0.0 0.0 0.0132388845 0.0 0.0 0.0 0.035402816 0.13942093 0.0 0.0 0.06525631 0.0 0.0 0.010626218
0.026349472 0.12624042 0.024770655 0.0 0.008430653 0.043927275 0.0 0.06059086 0.0 0.014993138 0.0 0.02123703 0.0 0.021036115 0.0038261379 0.0 0.005251557 0.0 0.0 0.0535148 0.0 0.0 0.028463786 0.004698519 0.13322061 0.0 0.0 0.0 0.0 0.016126145 0.09881722 0.0 0.0 0.14831948 0.0 0.0 0.007706235 0.0 0.0 0.0 0.0 0.012923433 0.0 0.052586958 0.0321703 0.0061745225 0.009767167 0.0 0.036437333 0.061351433 0.0 0.0 0.004209732 0.0 0.0 0.0
0.0 0.0 0.0 0.21211472 0.0 0.054464042 0.0 0.0 0.0 0.0 0.066751264 0.0849048 0.0 0.0 0.0 0.0 0.0 0.04306428 0.0 0.029659353 0.18392597 0.0 0.0 0.0 0.0 0.015800692 0.05333313 0.0 0.0 0.0 0.018634355 0.0 0.0 0.0 0.0014766521 0.0 0.0 0.0 0.0 0.0 0.0 0.0 0.0 0.001154737 0.04204091 0.060361676 0.0 0.0 0.0 0.0 0.06525632 0.004209732 0.0 0.0 0.0 0.0
0.0 0.0 0.0026398785 0.0 0.04950504 0.0 0.0 0.044418342 0.0 0.025419913 0.012573363 0.0 0.036169317 0.0 0.0 0.0 0.13548209 0.05020438 0.0 0.08383632 0.0 0.0 0.0 0.0 0.0 0.0 0.0 0.0 0.0 0.15994321 0.0 0.0 0.013547303 0.0 0.0 0.0 0.0 0.040929873 0.06761827 0.0 0.043341476 0.0 0.0 0.020353492 0.016427048 0.0 0.03526632 0.10074103 0.0 0.0 0.0 0.0 0.0 0.0 0.024212738 0.007344436
0.0 0.13192517 0.0 0.0 0.02677491 0.0 0.0 0.003669501 0.009810539 0.0 0.026361179 0.0 0.012576092 0.0 0.08199599 0.012154415 0.0 0.0 0.12138842 0.0 0.0 0.017008837 0.0 0.17731948 0.0 0.0 0.0 0.0 0.0 0.0 0.0 0.110985875 0.004982393 0.0 0.0 0.05118348 0.0 0.0 0.020602997 0.028851673 0.0 0.077484906 0.0 0.0 0.0 0.0 0.02058637 0.013089401 0.0 0.03258319 0.0 0.0 0.0 0.024212738 0.0 0.044077262
0.059450705 0.0 0.0 0.0 0.059300803 0.0375959 0.0 0.0 0.0 0.0 0.0 0.0 0.0 0.13908447 0.0 0.0 0.0 0.0 0.0 0.21629924 0.0 0.0 0.18819603 0.0 0.0 0.02599901 0.019554576 0.012045062 0.0 0.0 0.0 0.01669549 0.0 0.0 0.0 0.0 0.0 0.0 0.0 0.019483957 0.0 0.0 0.003946759 0.048279397 0.0 0.0 0.047084842 0.0 0.0 0.0 0.010626218 0.0 0.0 0.007344436 0.044077262 0.0
