0.0 0.038042627 0.0 0.0 0.0 0.0 0.0 0.0 0.0 0.0 0.0 0.0 0.0 0.0 0.007974747 0.0 0.0 0.0 0.049837295 0.0 0.12719385 0.0 0.0 0.028623529 0.0 0.0 0.06367799 0.0 0.0 0.0 0.0037512532 0.0 0.12894826 0.0 0.0 0.26675326 0.005927714 0.0 0.06513042 0.0 0.0 0.010806063 0.24406384 0.0 0.0 0.0 0.0 0.0 0.08149062 0.0 0.0 0.0 0.0 0.0 0.0 0.0
0.038042627 0.0 0.119676225 0.0 0.0 0.0073834634 0.0 0.055242687 0.0 0.019178245 0.02940909 0.084088966 0.0 0.0 0.0 0.0 0.12249029 0.0 0.0 0.0 0.0 0.026559649 0.0 0.0 0.0 0.0 0.0 0.0 0.0 0.10380925 0.0 0.0 0.0 0.0 0.0 0.0 0.22576785 0.0 0.0 0.0 0.0 0.0 0.0 0.0 0.0 0.029501554 0.0 0.0052639525 0.0 0.0 0.0 0.0 0.0 0.0 0.010060436 0.0
0.0 0.11967622 0.0 0.07818919 0.036305647 0.0 0.0 0.0 0.0 0.0 0.0761796 0.0 0.21546248 0.0 0.0 0.0 0.0 0.0 0.0 0.13175921 0.0 0.0 0.0 0.0 0.0 0.032090597 0.0 0.0 0.0 0.012250772 0.03695959 0.0 0.06868467 0.0 0.0 0.0 0.0 0.0 0.0 0.0 0.0 0.0 0.0 0.0 0.0 0.0 0.0 0.0 0.0 0.0 0.0 0.0 0.0 0.0 0.02434087 0.0
0.0 0.0 0.07818918 0.27564985 0.0 0.10527617 0.0 0.0 0.0 0.0 0.0 0.00869073 0.0 0.09973971 0.0 0.0 0.021209469 0.0 0.0 0.0 0.0 0.0 0.028742552 0.0 0.0 0.0 0.0 0.015437791 0.0 0.0 0.010945066 0.1218541 0.0 0.032106686 0.0 0.0 0.0 0.0 0.0 0.045734577 0.0 0.0 0.0 0.0 0.0 0.0 0.005702584 0.0 0.0 0.0 0.0 0.0 0.0 0.15361573 0.0 0.0
0.0 0.0 0.036305647 0.0 0.0 0.0 0.0 0.0 0.0 0.0 0.0 0.13796324 0.013260785 0.0 0.0 0.0 0.049894948 0.0 0.0 0.0 0.0 0.0 0.15591626 0.0 0.0 0.0 0.0 0.015075691 0.0 0.19156854 0.0 0.0 0.0 0.0 0.0 0.0 0.08320561 0.0 0.0 0.0 0.0 0.0 0.0 0.16015665 0.0 0.0 0.0 0.0 0.0 0.0 0.05035671 0.0 0.038412444 0.0 0.0 0.0
0.0 0.007383464 0.0 0.10527616 0.0 0.052955847 0.0 0.0 0.083406866 0.0 0.0 0.0 0.05360446 0.054376137 0.02856715 0.09920653 0.037773494 0.0 0.0 0.0 0.0 0.057962727 0.0 0.0 0.0 0.13143216 0.0 0.072416134 0.0 0.0 0.0 0.0 0.0 0.0 0.0 0.0 0.0 0.0 0.0 0.17308782 0.0 0.019811213 0.0 0.0 0.0 0.0 0.0 0.0 0.0 0.0 0.0 0.0 0.0 0.109498106 0.0 0.0
0.0 0.0 0.0 0.0 0.0 0.0 0.0 0.0 0.0 0.0 0.0 0.0 0.0 0.004950808 0.0 0.0 0.0 0.0 0.0 0.04592885 0.0 0.0 0.0 0.027901748 0.0 0.11374694 0.0 0.07143666 0.0 0.013319933 0.19389646 0.0 0.0 0.0 0.0 0.0 0.0 0.0 0.11052234 0.020981891 0.0 0.0 0.0 0.035425432 0.0 0.0 0.0 0.09339915 0.0 0.0 0.0 0.0 0.0 0.0 0.053896923 0.0
0.0 0.055242687 0.0 0.0 0.0 0.0 0.0 0.18450859 0.0 0.0 0.0 0.0 0.028456971 0.0 0.052526087 0.023844875 0.0 0.0 0.0 0.0 0.049302462 0.0 0.0 0.0 0.0 0.0 0.121583395 0.0 0.0 0.0 0.0 0.0024191912 0.08634382 0.015501811 0.002410185 0.03571934 0.0 0.005024681 0.0 0.0 0.0 0.0 0.0440867 0.0 0.0 0.0 0.0 0.018160867 0.18791187 0.0 0.056292847 0.0 0.0 0.0 0.03157155 0.0
0.0 0.0 0.0 0.0 0.0 0.083406866 0.0 0.0 0.0 0.0 0.1770392 0.027281592 0.0 0.0 0.0 0.0 0.0 0.032349795 0.0 0.029301213 0.0 0.0 0.051679716 0.0 0.0 0.0 0.0 0.0 0.0 0.0 0.0 0.17919503 0.0 0.0 0.0 0.0 0.0 0.17931041 0.008464814 0.0 0.0 0.0 0.0 0.0 0.0 0.07483829 0.13179791 0.0 0.0 0.0 0.0 0.0 0.0 0.0 0.0 0.0
0.0 0.019178245 0.0 0.0 0.0 0.0 0.0 0.0 0.0 0.0 0.0 0.0 0.0 0.0 0.0 0.0 0.0 0.0 0.0 0.01470871 0.018559735 0.0 0.019050922 0.0090786135 0.16475393 0.018834792 0.225123 0.0 0.0 0.0 0.0 0.020957988 0.030749952 0.0 0.0 0.05867601 0.0 0.0 0.08519217 0.053865034 0.0 0.0 0.11579232 0.050010953 0.020202585 0.0 0.0 0.0 0.0 0.0 0.07273723 0.0 0.0 0.0 0.0 0.0
0.0 0.02940909 0.07617961 0.0 0.0 0.0 0.0 0.0 0.1770392 0.0 0.011281381 0.027108876 0.0 0.0 0.0 0.0 0.06572643 0.0 0.0 0.0 0.0 0.0 0.0 0.006761546 0.047438413 0.0 0.0 0.06917349 0.09214349 0.0 0.0 0.0 0.0 0.12711117 0.0 0.043077752 0.059388697 0.0 0.0 0.0 0.0 0.0 0.0 0.101888776 0.0 0.0 0.055461913 0.0 0.0 0.027083375 0.0 0.014756402 0.0 0.0 0.0 0.0
0.0 0.084088966 0.0 0.008690731 0.13796325 0.0 0.0 0.0 0.027281592 0.0 0.027108876 0.0 0.095928505 0.0 0.0 0.0 0.0 0.0 0.027280653 0.14575723 0.0 0.0 0.0 0.019936426 0.0 0.0 0.0 0.0 0.0 0.0 0.0 0.0 0.0 0.0 0.0 0.0 0.0 0.0941434 0.0 0.0 0.0 0.0 0.0 0.0 0.0 0.0 0.0 0.00417136 0.042269256 0.0 0.15311582 0.0 0.0 0.0 0.0 0.0
0.0 0.0 0.21546248 0.0 0.0132607855 0.05360446 0.0 0.02845697 0.0 0.0 0.0 0.095928505 0.0 0.0 0.0 0.0 0.093580626 0.0 0.0 0.0 0.0 0.013473376 0.0 0.0 0.12157738 0.0 0.0 0.0 0.1624848 0.2574874 0.0 0.0141295465 0.0 0.0 0.0 0.0 0.0 0.0 0.0 0.0 0.0 0.009843699 0.0 0.0 0.0 0.0 0.0 0.0 0.0 0.0 0.0 0.0 0.08037845 0.0 0.0 0.0
0.0 0.0 0.0 0.09973971 0.0 0.054376137 0.004950808 0.0 0.0 0.0 0.0 0.0 0.0 0.108360104 0.23200506 0.016220061 0.0 0.0 0.0 0.0 0.0 0.0 0.015588978 0.0 0.0 0.0 0.0 0.037637323 0.0 0.0 0.032012254 0.0 0.0 0.0 0.032272577 0.0 0.0 0.05507948 0.0 0.12692738 0.0 0.019171245 0.0 0.0 0.0 0.0 0.0 0.0 0.0 0.0 0.03038879 0.12355964 0.0 0.06726627 0.022164682 0.0
0.007974748 0.0 0.0 0.0 0.0 0.02856715 0.0 0.052526083 0.0 0.0 0.0 0.0 0.0 0.23200507 0.0 0.0 0.0 0.037654527 0.0 0.0 0.0 0.0 0.0 0.059467 0.0 0.0 0.0 0.086787485 0.0 0.0 0.0 0.0 0.0 0.0 0.0 0.0 0.0 0.0 0.0 0.0 0.091260865 0.0 0.0085530905 0.0 0.0 0.0 0.0 0.017469538 0.0 0.0 0.019371362 0.0 0.0 0.04666774 0.031483088 0.047200736
0.0 0.0 0.0 0.0 0.0 0.09920653 0.0 0.023844875 0.0 0.0 0.0 0.0 0.0 0.016220061 0.0 0.0 0.12337473 0.015013017 0.0 0.062156413 0.0 0.0 0.08535366 0.0 0.0 0.0 0.055753134 0.06703859 0.0 0.0 0.0 0.0 0.0 0.0 0.0 0.0 0.0 0.0 0.001698564 0.0 0.0 0.0 0.0 0.0 0.018477535 0.100972034 0.0 0.15423161 0.0 0.0 0.018208934 0.0 0.0 0.044353306 0.0 0.0
0.0 0.12249028 0.0 0.021209469 0.049894948 0.03777349 0.0 0.0 0.0 0.0 0.06572643 0.0 0.09358062 0.0 0.0 0.12337473 0.0 0.0 0.19863828 0.03454466 0.0162798 0.034470253 0.0 0.0 0.0 0.0 0.0 0.0 0.0 0.012172161 0.0666745 0.0 0.0 0.0 0.040638257 0.0 0.0 0.0 0.0 0.0 0.0 0.0066020293 0.0 0.0 0.0 0.013886946 0.01792482 0.0 0.0 0.0 0.0 0.0 0.033955585 0.0 0.009571189 0.0
0.0 0.0 0.0 0.0 0.0 0.0 0.0 0.0 0.03234979 0.0 0.0 0.0 0.0 0.0 0.037654527 0.015013018 0.0 0.0 0.0 0.0 0.0 0.0 0.0 0.0 0.0 0.0 0.0 0.0 0.0 0.0 0.13650118 0.0 0.0 0.0 0.0 0.0 0.0 0.05788231 0.0 0.0 0.0 0.0 0.0 0.3908262 0.107080325 0.0 0.0 0.0 0.0 0.024313504 0.0 0.0 0.1371453 0.0 0.0 0.0
0.0498373 0.0 0.0 0.0 0.0 0.0 0.0 0.0 0.0 0.0 0.0 0.027280653 0.0 0.0 0.0 0.0 0.19863828 0.0 0.0 0.0 0.0 0.010380211 0.0 0.0 0.2176138 0.0 0.0 0.0 0.0 0.10660874 0.0 0.028886143 0.0 0.0 0.0 0.0 0.0 0.0 0.0 0.0 0.0 0.0557953 0.022798933 0.0 0.0 0.0 0.21798934 0.0 0.0 0.0 0.0 0.0 0.14411873 0.0 0.0 0.0
0.0 0.0 0.13175921 0.0 0.0 0.0 0.04592885 0.0 0.029301211 0.014708711 0.0 0.14575721 0.0 0.0 0.0 0.062156416 0.034544658 0.0 0.0 0.026521279 0.0 0.10455681 0.0 0.0 0.0 0.0 0.0 0.0 0.0 0.029369736 0.027325084 0.021929633 0.0 0.116621606 0.0 0.12790745 0.0 0.0 0.0 0.0 0.0 0.0 0.02389255 0.0018008464 0.06157927 0.0 0.0 0.0 0.14202029 0.0 0.0 0.0 0.052179947 0.0 0.0 0.0
0.12719385 0.0 0.0 0.0 0.0 0.0 0.0 0.04930246 0.0 0.018559735 0.0 0.0 0.0 0.0 0.0 0.0 0.0162798 0.0 0.0 0.0 0.0 0.061568648 0.0 0.0 0.0 0.0 0.0 0.0 0.0 0.011947177 0.0 0.0 0.0 0.0 0.19354364 0.0 0.13916636 0.0 0.0 0.016294312 0.013988313 0.0 0.017086513 0.0 0.0 0.0 0.0 0.035017535 0.0 0.051686183 0.014765198 0.03395186 0.0 0.10352526 0.08501864 0.0
0.0 0.026559647 0.0 0.0 0.0 0.057962723 0.0 0.0 0.0 0.0 0.0 0.0 0.013473376 0.0 0.0 0.0 0.034470253 0.0 0.010380211 0.10455681 0.061568648 0.21375026 0.0 0.1733756 0.0 0.0 0.0 0.0 0.0 0.0 0.0 0.0 0.0 0.025723916 0.0 0.0 0.0 0.0 0.0 0.0 0.0 0.0 0.0 0.0 0.0 0.0 0.0 0.10013082 0.051679637 0.0 0.05490638 0.0 0.0 0.0 0.029127225 0.0
0.0 0.0 0.0 0.028742552 0.15591626 0.0 0.0 0.0 0.05167972 0.019050922 0.0 0.0 0.0 0.015588977 0.0 0.08535366 0.0 0.0 0.0 0.0 0.0 0.0 0.18489346 0.0 0.0 0.0 0.08844322 0.0 0.0 0.0 0.0 0.0 0.0 0.0 0.0 0.03470606 0.0 0.045563444 0.0 0.0 0.03105149 0.0 0.0 0.0 0.0 0.035196234 0.0 0.0 0.03937616 0.0 0.14075962 0.11106663 0.0 0.0 0.0 0.0
0.028623527 0.0 0.0 0.0 0.0 0.0 0.02790175 0.0 0.0 0.0090786135 0.006761546 0.019936426 0.0 0.0 0.059467 0.0 0.0 0.0 0.0 0.0 0.0 0.1733756 0.0 0.0 0.021648273 0.0 0.015846776 0.004768793 0.0 0.0 0.013148108 0.0374059 0.120038286 0.0 0.0 0.0 0.01896104 0.011506138 0.15953618 0.0 0.0 0.0 0.0 0.037073325 0.15437816 0.0 0.0 0.0 0.08619969 0.02986104 0.0 0.0 0.0 0.0 0.0 0.0
0.0 0.0 0.0 0.0 0.0 0.0 0.0 0.0 0.0 0.16475391 0.047438413 0.0 0.12157739 0.0 0.0 0.0 0.0 0.0 0.21761382 0.0 0.0 0.0 0.0 0.021648273 0.0 0.0 0.0 0.0 0.013442989 0.07264135 0.0 0.0 0.0 0.0 0.0 0.0 0.0 0.1086872 0.0 0.0 0.0 0.0 0.0 0.0 0.0 0.0 0.013368346 0.0 0.0 0.0 0.0 0.0 0.0 0.0 0.0 0.0015163759
0.0 0.0 0.032090597 0.0 0.0 0.13143216 0.11374694 0.0 0.0 0.018834792 0.0 0.0 0.0 0.0 0.0 0.0 0.0 0.0 0.0 0.0 0.0 0.0 0.0 0.0 0.0 0.01832926 0.0 0.16169608 0.19403143 0.0 0.0 0.0 0.0 0.0 0.0 0.0 0.019279448 0.0 0.0 0.0 0.06264359 0.0 0.0 0.0 0.0 0.0 0.0 0.0 0.00994218 0.1203151 0.0 0.0 0.0 0.014720459 0.0 0.020033363
0.06367799 0.0 0.0 0.0 0.0 0.0 0.0 0.121583395 0.0 0.225123 0.0 0.0 0.0 0.0 0.0 0.05575313 0.0 0.0 0.0 0.0 0.0 0.0 0.08844322 0.015846776 0.0 0.0 0.0 0.0 0.0 0.0 0.0 0.0 0.0 0.0 0.105432495 0.04553155 0.0580811 0.0 0.0 0.0 0.0 0.0 0.0 0.0 0.16787831 0.0 0.0 0.0 0.0 0.0 0.020352144 0.059111115 0.0 0.005545379 0.0 0.0
0.0 0.0 0.0 0.015437792 0.01507569 0.07241613 0.07143666 0.0 0.0 0.0 0.06917349 0.0 0.0 0.037637323 0.086787485 0.06703859 0.0 0.0 0.0 0.0 0.0 0.0 0.0 0.004768793 0.0 0.16169609 0.0 0.17349397 0.0 0.0 0.0 0.0 0.0020123848 0.045561522 0.0 0.019649694 0.0 0.0 0.0 0.048574217 0.0 0.0 0.0 0.0 0.02630109 0.0 0.0 0.0066847126 0.0 0.030812202 0.0 0.026476583 0.0 0.11908404 0.003959937 0.0
0.0 0.0 0.0 0.0 0.0 0.0 0.0 0.0 0.0 0.0 0.09214348 0.0 0.1624848 0.0 0.0 0.0 0.0 0.0 0.0 0.0 0.0 0.0 0.0 0.0 0.013442989 0.19403143 0.0 0.0 0.0 0.0 0.03059279 0.0 0.012098626 0.0 0.0 0.0 0.0 0.0 0.09734192 0.17038041 0.0 0.0 0.024167765 0.015578168 0.0 0.0 0.0 0.0 0.0 0.0 0.0 0.0 0.0 0.016207777 0.071056314 0.09795146
0.0 0.10380925 0.012250772 0.0 0.19156854 0.0 0.013319933 0.0 0.0 0.0 0.0 0.0 0.25748742 0.0 0.0 0.0 0.012172161 0.0 0.10660874 0.029369734 0.011947177 0.0 0.0 0.0 0.07264136 0.0 0.0 0.0 0.0 0.0 0.023555573 0.027260553 0.0 0.021969412 0.0 0.0 0.0 0.0 0.0 0.047732882 0.017915087 0.07021167 0.0 0.0 0.0 0.03148013 0.014212432 0.0 0.0 0.0 0.0 0.0 0.029658616 0.0 0.0 0.0036729174
0.003751253 0.0 0.03695959 0.010945066 0.0 0.0 0.19389644 0.0 0.0 0.0 0.0 0.0 0.0 0.032012258 0.0 0.0 0.06667451 0.13650118 0.0 0.027325084 0.0 0.0 0.0 0.013148108 0.0 0.0 0.0 0.0 0.03059279 0.023555573 0.0 0.059127983 0.0 0.031618442 0.0 0.0 0.0 0.026094813 0.0 0.0 0.0 0.06184937 0.0 0.0 0.0 0.25194922 0.0 0.0 0.0 0.0 0.0 0.027160428 0.0 0.0 0.0 0.0
0.0 0.0 0.0 0.12185409 0.0 0.0 0.0 0.002419191 0.17919505 0.02095799 0.0 0.0 0.014129546 0.0 0.0 0.0 0.0 0.0 0.028886145 0.021929633 0.0 0.0 0.0 0.0374059 0.0 0.0 0.0 0.0 0.0 0.027260555 0.059127983 0.20672907 0.0 0.0 0.0 0.0 0.0 0.19003977 0.0 0.0 0.0 0.0 0.0 0.0 0.0 0.012990045 0.064293064 0.0 0.0 0.0 0.014556679 0.06364774 0.0 0.0 0.0 0.0
0.12894826 0.0 0.068684675 0.0 0.0 0.0 0.0 0.08634382 0.0 0.030749954 0.0 0.0 0.0 0.0 0.0 0.0 0.0 0.0 0.0 0.0 0.0 0.0 0.0 0.1200383 0.0 0.0 0.0 0.0020123848 0.012098626 0.0 0.0 0.0 0.0 0.0 0.0 0.0 0.0 0.0 0.0 0.0 0.17424493 0.0 0.0 0.025493547 0.08089828 0.0 0.0 0.0 0.004255938 0.21808462 0.0 0.014838247 0.0 0.0 0.0460825 0.030261625
0.0 0.0 0.0 0.03210669 0.0 0.0 0.0 0.01550181 0.0 0.0 0.12711117 0.0 0.0 0.0 0.0 0.0 0.0 0.0 0.0 0.116621606 0.0 0.025723916 0.0 0.0 0.0 0.0 0.0 0.045561522 0.0 0.021969412 0.031618442 0.0 0.0 0.0 0.0 0.0 0.0 0.0 0.095464095 0.0 0.0 0.014534501 0.011341443 0.0 0.0 0.0 0.056044333 0.045546748 0.014305476 0.0 0.0 0.0 0.010161155 0.0 0.14855808 0.0
0.0 0.0 0.0 0.0 0.0 0.0 0.0 0.002410185 0.0 0.0 0.0 0.0 0.0 0.032272574 0.0 0.0 0.040638257 0.0 0.0 0.0 0.19354364 0.0 0.0 0.0 0.0 0.0 0.10543249 0.0 0.0 0.0 0.0 0.0 0.0 0.0 0.09079441 0.0 0.0 0.0 0.0 0.0 0.0 0.04915702 0.05263846 0.0 0.08464959 0.0 0.0 0.09099626 0.0 0.0 0.0 0.0 0.0 0.0 0.011583624 0.16399303
0.26675326 0.0 0.0 0.0 0.0 0.0 0.0 0.03571934 0.0 0.058676008 0.043077756 0.0 0.0 0.0 0.0 0.0 0.0 0.0 0.0 0.12790745 0.0 0.0 0.034706056 0.0 0.0 0.0 0.04553155 0.019649692 0.0 0.0 0.0 0.0 0.0 0.0 0.0 0.0 0.061884888 0.0 0.0 0.0 0.0 0.0 0.0 0.0 0.033666164 0.0 0.0 0.044149637 0.0 0.0 0.03675225 0.0 0.0 0.0 0.020396484 0.0
0.0059277145 0.22576785 0.0 0.0 0.08320561 0.0 0.0 0.0 0.0 0.0 0.059388697 0.0 0.0 0.0 0.0 0.0 0.0 0.0 0.0 0.0 0.13916636 0.0 0.0 0.01896104 0.0 0.01927945 0.0580811 0.0 0.0 0.0 0.0 0.0 0.0 0.0 0.0 0.061884888 0.0 0.0 0.0 0.052562755 0.017171117 0.07744896 0.25408435 0.02630928 0.0 0.0 0.0 0.0 0.0 0.0 0.0 0.005881374 0.0 0.0 0.0 0.0
0.0 0.0 0.0 0.0 0.0 0.0 0.0 0.005024681 0.1793104 0.0 0.0 0.0941434 0.0 0.055079482 0.0 0.0 0.0 0.057882305 0.0 0.0 0.0 0.0 0.045563444 0.011506138 0.10868719 0.0 0.0 0.0 0.0 0.0 0.026094813 0.19003977 0.0 0.0 0.0 0.0 0.0 0.098655395 0.0 0.0 0.0 0.0 0.0 0.038467083 0.0 0.13184905 0.0 0.0 0.0 0.0 0.0 0.0 0.0 0.0 0.0 0.0
0.06513042 0.0 0.0 0.0 0.0 0.0 0.11052234 0.0 0.008464814 0.08519217 0.0 0.0 0.0 0.0 0.0 0.001698564 0.0 0.0 0.0 0.0 0.0 0.0 0.0 0.15953618 0.0 0.0 0.0 0.0 0.09734192 0.0 0.0 0.0 0.0 0.095464095 0.0 0.0 0.0 0.0 0.0 0.0 0.04263572 0.15290633 0.011773854 0.0 0.0 0.0 0.0074288696 0.0 0.0 0.0 0.0 0.0 0.0 0.080072254 0.0 0.15567802
0.0 0.0 0.0 0.045734577 0.0 0.17308782 0.020981891 0.0 0.0 0.053865038 0.0 0.0 0.0 0.12692736 0.0 0.0 0.0 0.0 0.0 0.0 0.016294312 0.0 0.0 0.0 0.0 0.0 0.0 0.048574217 0.17038041 0.047732882 0.0 0.0 0.0 0.0 0.0 0.0 0.052562755 0.0 0.0 0.07289824 0.056671735 0.0 0.0 0.0 0.0 0.0 0.0 0.05917567 0.0 0.020431492 0.0 0.0 0.0 0.0 0.019753192 0.049030587
0.0 0.0 0.0 0.0 0.0 0.0 0.0 0.0 0.0 0.0 0.0 0.0 0.0 0.0 0.091260865 0.0 0.0 0.0 0.0 0.0 0.013988313 0.0 0.03105149 0.0 0.0 0.06264359 0.0 0.0 0.0 0.017915087 0.0 0.0 0.17424493 0.0 0.0 0.0 0.017171117 0.0 0.042635716 0.056671735 0.0 0.033657286 0.0 0.0 0.0 0.0 0.0 0.0 0.0 0.049008664 0.078303546 0.040043153 0.0 0.078955285 0.101203 0.046117827
0.010806063 0.0 0.0 0.0 0.0 0.019811211 0.0 0.0 0.0 0.0 0.0 0.0 0.009843699 0.019171245 0.0 0.0 0.0066020293 0.0 0.0557953 0.0 0.0 0.0 0.0 0.0 0.0 0.0 0.0 0.0 0.0 0.07021168 0.06184937 0.0 0.0 0.014534501 0.04915702 0.0 0.07744896 0.0 0.15290633 0.0 0.03365729 0.0 0.0 0.0 0.0 0.0 0.0 0.035346027 0.0 0.0180422 0.0 0.0 0.007863913 0.0 0.18584003 0.020688843
0.24406382 0.0 0.0 0.0 0.0 0.0 0.0 0.044086702 0.0 0.11579232 0.0 0.0 0.0 0.0 0.0085530905 0.0 0.0 0.0 0.022798931 0.02389255 0.017086511 0.0 0.0 0.0 0.0 0.0 0.0 0.0 0.024167763 0.0 0.0 0.0 0.0 0.011341442 0.05263846 0.0 0.25408438 0.0 0.011773854 0.0 0.0 0.0 0.0 0.0 0.062898256 0.0 0.0 0.031013714 0.0 0.001092083 0.0 0.029859874 0.0 0.0 0.0 0.0
0.0 0.0 0.0 0.0 0.16015664 0.0 0.035425432 0.0 0.0 0.050010953 0.101888776 0.0 0.0 0.0 0.0 0.0 0.0 0.3908262 0.0 0.0018008463 0.0 0.0 0.0 0.037073325 0.0 0.0 0.0 0.0 0.015578169 0.0 0.0 0.0 0.025493547 0.0 0.0 0.0 0.026309282 0.038467087 0.0 0.0 0.0 0.0 0.0 0.0 0.0 0.035779923 0.050763845 0.0 0.0 0.0 0.0 0.063623615 0.0 0.0 0.0 0.0
0.0 0.0 0.0 0.0 0.0 0.0 0.0 0.0 0.0 0.020202586 0.0 0.0 0.0 0.0 0.0 0.018477535 0.0 0.107080325 0.0 0.06157927 0.0 0.0 0.0 0.15437816 0.0 0.0 0.16787831 0.02630109 0.0 0.0 0.0 0.0 0.08089828 0.0 0.084649585 0.033666164 0.0 0.0 0.0 0.0 0.0 0.0 0.062898256 0.0 0.0854958 0.0 0.0 0.14469552 0.0 0.0 0.05882864 0.020798868 0.0 0.0 0.0028437565 0.0
0.0 0.029501554 0.0 0.0 0.0 0.0 0.0 0.0 0.07483828 0.0 0.0 0.0 0.0 0.0 0.0 0.100972034 0.013886947 0.0 0.0 0.0 0.0 0.0 0.035196234 0.0 0.0 0.0 0.0 0.0 0.0 0.03148013 0.25194922 0.012990045 0.0 0.0 0.0 0.0 0.0 0.13184905 0.0 0.0 0.0 0.0 0.0 0.035779923 0.0 0.038122345 0.0 0.0 0.0 0.0 0.08012797 0.06703814 0.031865254 0.0 0.0 0.0
0.0 0.0 0.0 0.005702584 0.0 0.0 0.0 0.0 0.13179791 0.0 0.055461917 0.0 0.0 0.0 0.0 0.0 0.01792482 0.0 0.21798934 0.0 0.0 0.0 0.0 0.0 0.013368347 0.0 0.0 0.0 0.0 0.014212432 0.0 0.064293064 0.0 0.05604433 0.0 0.0 0.0 0.0 0.0074288696 0.0 0.0 0.0 0.0 0.050763845 0.0 0.0 0.0 0.009427681 0.0 0.0 0.0 0.003475658 0.20134087 0.0 0.0 0.0
0.0 0.005263952 0.0 0.0 0.0 0.0 0.09339915 0.018160867 0.0 0.0 0.0 0.00417136 0.0 0.0 0.017469538 0.15423161 0.0 0.0 0.0 0.0 0.035017535 0.10013082 0.0 0.0 0.0 0.0 0.0 0.0066847126 0.0 0.0 0.0 0.0 0.0 0.045546744 0.09099625 0.044149637 0.0 0.0 0.0 0.059175666 0.0 0.035346024 0.031013714 0.0 0.14469552 0.0 0.009427681 0.0 0.061942585 0.0 0.0 0.0 0.034478642 0.0 0.0 0.060896453
0.08149063 0.0 0.0 0.0 0.0 0.0 0.0 0.18791185 0.0 0.0 0.0 0.042269256 0.0 0.0 0.0 0.0 0.0 0.0 0.0 0.1420203 0.0 0.051679634 0.03937616 0.08619969 0.0 0.00994218 0.0 0.0 0.0 0.0 0.0 0.0 0.004255938 0.014305475 0.0 0.0 0.0 0.0 0.0 0.0 0.0 0.0 0.0 0.0 0.0 0.0 0.0 0.061942585 0.0 0.0 0.025200527 0.0 0.0 0.0 0.10045611 0.0
0.0 0.0 0.0 0.0 0.0 0.0 0.0 0.0 0.0 0.0 0.027083375 0.0 0.0 0.0 0.0 0.0 0.0 0.024313504 0.0 0.0 0.05168618 0.0 0.0 0.02986104 0.0 0.1203151 0.0 0.030812202 0.0 0.0 0.0 0.0 0.21808462 0.0 0.0 0.0 0.0 0.0 0.0 0.020431492 0.049008664 0.018042197 0.001092083 0.0 0.0 0.0 0.0 0.0 0.0 0.0 0.018493788 0.0 0.027399797 0.004891238 0.21226044 0.0
0.0 0.0 0.0 0.0 0.05035671 0.0 0.0 0.056292847 0.0 0.072737224 0.0 0.15311581 0.0 0.03038879 0.01937136 0.018208934 0.0 0.0 0.0 0.0 0.014765198 0.054906376 0.1407596 0.0 0.0 0.0 0.020352144 0.0 0.0 0.0 0.0 0.014556679 0.0 0.0 0.0 0.03675225 0.0 0.0 0.0 0.0 0.078303546 0.0 0.0 0.0 0.058828637 0.08012797 0.0 0.0 0.025200525 0.018493788 0.0 0.16546057 0.06370819 0.0 0.0 0.0
0.0 0.0 0.0 0.0 0.0 0.0 0.0 0.0 0.0 0.0 0.014756402 0.0 0.0 0.12355965 0.0 0.0 0.0 0.0 0.0 0.0 0.033951864 0.0 0.111066625 0.0 0.0 0.0 0.059111115 0.026476583 0.0 0.0 0.027160428 0.06364773 0.014838247 0.0 0.0 0.0 0.005881374 0.0 0.0 0.0 0.040043157 0.0 0.029859873 0.06362362 0.020798868 0.06703814 0.003475658 0.0 0.0 0.0 0.16546057 0.050952908 0.0 0.0 0.053017143 0.0
0.0 0.0 0.0 0.0 0.03841244 0.0 0.0 0.0 0.0 0.0 0.0 0.0 0.08037845 0.0 0.0 0.0 0.033955585 0.1371453 0.14411873 0.052179947 0.0 0.0 0.0 0.0 0.0 0.0 0.0 0.0 0.0 0.029658617 0.0 0.0 0.0 0.010161155 0.0 0.0 0.0 0.0 0.0 0.0 0.0 0.007863913 0.0 0.0 0.0 0.031865254 0.20134087 0.034478642 0.0 0.027399797 0.06370819 0.0 0.0 0.0 0.0 0.0
0.0 0.0 0.0 0.15361573 0.0 0.109498106 0.0 0.0 0.0 0.0 0.0 0.0 0.0 0.06726627 0.04666774 0.044353303 0.0 0.0 0.0 0.0 0.10352526 0.0 0.0 0.0 0.0 0.014720459 0.005545379 0.11908403 0.016207775 0.0 0.0 0.0 0.0 0.0 0.0 0.0 0.0 0.0 0.08007226 0.0 0.078955285 0.0 0.0 0.0 0.0 0.0 0.0 0.0 0.0 0.0048912386 0.0 0.0 0.0 0.0 0.03381294 0.0
0.0 0.010060436 0.024340868 0.0 0.0 0.0 0.053896923 0.03157155 0.0 0.0 0.0 0.0 0.0 0.022164684 0.031483088 0.0 0.009571189 0.0 0.0 0.0 0.08501865 0.029127225 0.0 0.0 0.0 0.0 0.0 0.003959937 0.071056314 0.0 0.0 0.0 0.046082497 0.1485581 0.011583625 0.020396482 0.0 0.0 0.0 0.019753192 0.101203 0.18584003 0.0 0.0 0.0028437567 0.0 0.0 0.0 0.10045611 0.21226044 0.0 0.053017143 0.0 0.03381294 0.0 0.09140578
0.0 0.0 0.0 0.0 0.0 0.0 0.0 0.0 0.0 0.0 0.0 0.0 0.0 0.0 0.04720074 0.0 0.0 0.0 0.0 0.0 0.0 0.0 0.0 0.0 0.0015163758 0.020033361 0.0 0.0 0.09795146 0.0036729174 0.0 0.0 0.030261625 0.0 0.16399303 0.0 0.0 0.0 0.15567802 0.049030587 0.046117827 0.020688843 0.0 0.0 0.0 0.0 0.0 0.060896453 0.0 0.0 0.0 0.0 0.0 0.0 0.09140577 0.24702626
