0.0 0.0 0.04286117 0.0 0.0 0.0 0.0 0.038874533 0.0 0.0 0.0101242745 0.08651266 0.0 0.0 0.0 0.0 0.13893186 0.01938171 0.0 0.051450588 0.0 0.027471446 0.0 0.0 0.11271869 0.0 0.0 0.0 0.019156028 0.08967542 0.0 0.08551622 0.016841007 0.0 0.019800803 0.033848498 0.0 0.0 0.04793537 0.0 0.0 0.0 0.0 0.0 0.0 0.01865031 0.08148201 0.0 0.0054926095 0.056407336 0.0 0.0 0.0 0.0 0.0 0.13396668
0.0 0.0 0.0 0.0 0.0 0.041481465 0.0 0.0 0.0 0.0 0.0 0.0 0.0 0.02012516 0.0 0.0 0.0 0.0 0.0 0.0 0.07070353 0.0 0.028840855 0.0 0.0140658785 0.0 0.0 0.027711084 0.0 0.0 0.047053855 0.0 0.023082685 0.0 0.0 0.038700283 0.024478847 0.0 0.090318695 0.16649927 0.0 0.014475502 0.01206376 0.117099814 0.0 0.0 0.0 0.030670566 0.0 0.0 0.043573964 0.0 0.0 0.0 0.034648035 0.0
0.04286117 0.0 0.09841432 0.0 0.0 0.06158504 0.0 0.039794326 0.0 0.0 0.0 0.096419126 0.0 0.0 0.0 0.0 0.0 0.0 0.020417172 0.0 0.0 0.1083659 0.0 0.0 0.108068354 0.0 0.0 0.0 0.038931962 0.0 0.0 0.0 0.0 0.0 0.017762093 0.0 0.174084 0.0 0.0 0.0 0.0 0.0 0.0 0.0 0.016262287 0.07020978 0.0 0.002753361 0.0 0.0 0.0 0.0 0.046233013 0.0 0.02039284 0.0
0.0 0.0 0.0 0.0 0.0 0.0 0.0 0.0 0.0 0.0 0.0 0.0 0.0 0.1895665 0.0 0.0 0.0 0.0 0.0 0.0 0.021021696 0.0 0.09083527 0.1508151 0.0 0.0 0.0 0.042581614 0.0 0.0 0.04074244 0.0 0.0 0.0 0.0 0.0 0.0 0.0 0.0 0.112845995 0.07833219 0.0 0.0 0.12251981 0.0 0.0 0.0 0.06454031 0.0 0.0 0.0 0.0 0.0739089 0.0 0.044102967 0.0
0.0 0.0 0.0 0.0 0.0 0.0 0.0 0.0 0.0 0.01710304 0.06059342 0.0 0.0 0.0 0.0 0.09938442 0.0 0.0 0.026090479 0.05589989 0.0 0.0 0.038695373 0.0 0.0 0.12976773 0.18419439 0.09493127 0.0 0.0 0.054707192 0.0 0.0 0.0 0.0 0.0 0.0 0.0 0.0 0.0 0.0054256744 0.0 0.05958463 0.0 0.0 0.0 0.0 0.0609044 0.0 0.0 0.10559861 0.0 0.0 0.0 0.078360625 0.0
0.0 0.04148147 0.06158504 0.0 0.0 0.0 0.0 0.08093323 0.0 0.10755678 0.0 0.030051488 0.0 0.0 0.0 0.015810832 0.0 0.006186734 0.15297389 0.0 0.051903766 0.0 0.0 0.018677125 0.0 0.0 0.0 0.0 0.0 0.0226406 0.0 0.0 0.0 0.0 0.0 0.0 0.02009207 0.0 0.009024713 0.0 0.035764165 0.0 0.0 0.09027988 0.0 0.0 0.0 0.0 0.0 0.0 0.026008576 0.0 0.0 0.0 0.0024614388 0.0
0.0 0.0 0.0 0.0 0.0 0.0 0.0 0.0 0.0 0.0 0.0 0.00085183745 0.1936657 0.018379558 0.0 0.0 0.0 0.0016527046 0.0 0.0 0.0 0.0 0.0 0.0 0.0 0.0 0.0 0.06269071 0.0 0.0 0.07972936 0.010708937 0.0 0.008649569 0.0 0.029262453 0.0 0.054129317 0.0 0.1395062 0.0 0.0 0.0 0.0 0.0 0.08929285 0.0 0.0 0.0 0.0 0.0 0.0 0.0 0.0 0.14720497 0.0
0.038874533 0.0 0.039794326 0.0 0.0 0.08093323 0.0 0.0 0.0 0.0 0.0 0.015947241 0.0 0.0 0.04440134 0.0 0.046561074 0.0 0.0 0.121442206 0.013218452 0.09285031 0.0 0.0 0.19153395 0.0 0.0 0.0 0.00392201 0.0 0.0 0.0 0.11747354 0.041278448 0.0 0.0 0.08079324 0.016779099 0.0 0.0 0.0 0.0 0.0 0.03414482 0.075728096 0.0 0.0 0.0 0.0 0.07890197 0.0 0.0 0.0 0.015216512 0.0 0.02845937
0.0 0.0 0.0 0.0 0.0 0.0 0.0 0.0 0.0 0.0 0.0 0.0 0.05830359 0.01494669 0.0 0.0 0.0 0.0 0.008363283 0.0 0.0 0.0 0.0 0.024359073 0.0 0.009718678 0.0 0.020941306 0.0 0.0 0.0 0.0 0.0 0.0 0.0 0.009008359 0.0 0.0 0.008545029 0.21675119 0.2177897 0.05316186 0.0 0.0 0.0 0.0 0.0 0.0 0.0 0.0 0.0 0.0 0.0 0.19037178 0.0 0.03159386
0.0 0.0 0.0 0.0 0.01710304 0.107556775 0.0 0.0 0.0 0.0 0.0 0.056859184 0.0 0.0 0.0 0.0 0.23975724 0.0 0.0 0.028541343 0.0 0.027121175 0.0 0.0 0.12983291 0.0 0.0 0.0 0.07631782 0.080567285 0.0 0.016430223 0.0 0.0 0.01619445 0.11354218 0.0 0.0 0.0 0.0 0.0 0.0 0.0 0.0 0.0 0.00924139 0.15832917 0.0 0.0 0.0148400385 0.0 0.0 0.14051697 0.0036639988 0.0 0.078379184
0.0101242745 0.0 0.0 0.0 0.060593415 0.0 0.0 0.0 0.0 0.0 0.22887632 0.0 0.0 0.0 0.027407976 0.0 0.0 0.0 0.04195768 0.09157806 0.0 0.0 0.030568892 0.0035984528 0.0 0.0036572875 0.046988506 0.07353703 0.0 0.0 0.030305194 0.0 0.0 0.0 0.0 0.0 0.0 0.0 0.0 0.0 0.0 0.0 0.015359758 0.0 0.0 0.037970018 0.0 0.0520973 0.0 0.0 0.14671776 0.0 0.0 0.0 0.0018649244 0.0
0.08651266 0.0 0.096419126 0.0 0.0 0.030051488 0.00085183745 0.015947241 0.0 0.05685918 0.0 0.0 0.0 0.0 0.0 0.0 0.0 0.03165782 0.19471467 0.0 0.0 0.0765275 0.0 0.0 0.0 0.0 0.0 0.014908726 0.0 0.0 0.0 0.0 0.0 0.0 0.034106214 0.0 0.050136134 0.0 0.0 0.0 0.0055058193 0.0 0.0 0.044674184 0.0 0.0 0.0 0.015635854 0.0 0.0 0.07883648 0.0 0.0 0.0 0.12683164 0.0
0.0 0.0 0.0 0.0 0.0 0.0 0.1936657 0.0 0.058303587 0.0 0.0 0.0 0.0 0.15063061 0.0 0.0 0.0 0.010525096 0.0 0.0 0.050022632 0.03739278 0.0 0.0 0.0 0.0 0.0 0.0 0.0 0.0 0.040000465 0.0 0.0 0.0 0.0 0.09134649 0.002563579 0.0 0.12996203 0.06261944 0.0 0.10182573 0.0 0.0 0.0 0.0 0.0 0.0 0.0 0.0 0.0 0.0 0.0 0.062182873 0.0 0.024303544
0.0 0.020125162 0.0 0.18956651 0.0 0.0 0.018379558 0.0 0.014946689 0.0 0.0 0.0 0.15063061 0.0 0.0 0.08571541 0.0 0.0 0.0 0.0 0.0 0.0 0.031514876 0.010594458 0.0 0.06439082 0.03314396 0.0 0.0 0.0 0.17308918 0.056894746 0.0 0.00064728665 0.0 0.0 0.0 0.0 0.0 0.0436439 0.0 0.0 0.0 0.0 0.0 0.0 0.0 0.0 0.069276355 0.015962785 0.010557407 0.0 0.0 0.0 0.0 0.0
0.0 0.0 0.0 0.0 0.0 0.0 0.0 0.04440134 0.0 0.0 0.027407974 0.0 0.0 0.0 0.13443814 0.0 0.0 0.0201238 0.0 0.0 0.0 0.0 0.004075746 0.1767524 0.0 0.0 0.011966413 0.001564552 0.0 0.0 0.0 0.0 0.014759823 0.0 0.069357894 0.0 0.015475739 0.0 0.0 0.0 0.0 0.0 0.0 0.0 0.015464764 0.0 0.0 0.0067640753 0.0 0.0 0.07538614 0.1987944 0.0 0.0 0.0 0.0
0.0 0.0 0.0 0.0 0.09938442 0.01581083 0.0 0.0 0.0 0.0 0.0 0.0 0.0 0.08571541 0.0 0.0 0.0 0.032863252 0.0 0.050950624 0.0 0.0 0.12503584 0.0 0.01618936 0.0 0.24045831 0.0 0.0 0.0 0.0 0.0 0.0 0.0 0.0 0.0 0.0 0.020131543 0.0 0.0 0.0 0.0 0.11998371 0.0 0.020150192 0.0 0.009181545 0.0 0.0 0.0 0.01148628 0.0 0.0 0.0 0.0071242773 0.0
0.13893187 0.0 0.0 0.0 0.0 0.0 0.0 0.046561074 0.0 0.23975724 0.0 0.0 0.0 0.0 0.0 0.0 0.0 0.015831914 0.0 0.0 0.0 0.0 0.0 0.0 0.0 0.0 0.0 0.0 0.0 0.0 0.0 0.0 0.0 0.0 0.025338905 0.0 0.22369878 0.0 0.0 0.0 0.0 0.0 0.0 0.0 0.07115457 0.0 0.0356299 0.00031018048 0.0 0.0 0.0 0.0 0.0 0.0 0.0 0.0
0.01938171 0.0 0.0 0.0 0.0 0.0061867344 0.0016527046 0.0 0.0 0.0 0.0 0.03165782 0.010525095 0.0 0.020123802 0.032863252 0.015831914 0.0 0.10243829 0.018361289 0.14797029 0.0 0.0 0.0 0.0 0.0 0.0 0.04188202 0.0 0.0 0.0 0.0 0.0 0.06820957 0.047543474 0.0 0.0 0.0 0.14717782 0.0 0.0 0.0 0.0 0.12346576 0.0 0.0 0.0 0.010570454 0.0 0.0 0.049610894 0.0 0.16415827 0.0 0.004414793 0.022287466
0.0 0.0 0.020417172 0.0 0.026090479 0.15297388 0.0 0.0 0.008363283 0.0 0.04195768 0.19471468 0.0 0.0 0.0 0.0 0.0 0.102438286 0.06716826 0.0 0.0 0.060475565 0.0 0.0 0.0 0.0 0.0 0.0 0.005557532 0.0 0.02170155 0.0 0.0 0.0 0.0 0.0 0.0 0.0 0.1251194 0.0 0.0 0.0 0.0 0.0 0.0 0.0 0.17353918 0.015389743 0.0 0.0 0.0 0.0 0.04238258 0.0 0.0 0.0
0.051450588 0.0 0.0 0.0 0.05589989 0.0 0.0 0.121442206 0.0 0.028541343 0.09157806 0.0 0.0 0.0 0.0 0.050950628 0.0 0.018361289 0.0 0.067227244 0.025999237 0.0 0.10526263 0.037128303 0.0 0.0 0.046679255 0.0016797394 0.0 0.0 0.0 0.0 0.0 0.010110962 0.0001399199 0.0 0.15217355 0.0 0.0 0.0 0.0 0.0 0.0 0.0 0.047100846 0.0 0.0 0.023369009 0.0 0.0 0.038954318 0.012906924 0.0 0.0 0.009852552 0.0
0.0 0.07070353 0.0 0.021021696 0.0 0.05190377 0.0 0.013218451 0.0 0.0 0.0 0.0 0.050022632 0.0 0.0 0.0 0.0 0.14797029 0.0 0.025999237 0.0 0.0 0.0 0.16080882 0.0 0.022207402 0.06601803 0.028231816 0.043580603 0.0 0.033840906 0.0 0.0 0.0019083006 0.0 0.0 0.0 0.048733994 0.004924801 0.0 0.037067458 0.0 0.0 0.024833841 0.0 0.0 0.0 0.011938698 0.0 0.0 0.0 0.0 0.0 0.0 0.0 0.0
0.027471444 0.0 0.1083659 0.0 0.0 0.0 0.0 0.09285031 0.0 0.027121175 0.0 0.0765275 0.03739278 0.0 0.0 0.0 0.0 0.0 0.060475565 0.0 0.0 0.0 0.038123194 0.0 0.0 0.0 0.010304013 0.0 0.0 0.0 0.0 0.014810444 0.0 0.0 0.0 0.0030270214 0.0 0.05599254 0.0 0.029460773 0.00500867 0.051145263 0.0 0.03158822 0.029443093 0.0 0.0 0.0 0.0 0.0 0.0 0.0 0.04232309 0.09100623 0.0 0.0
0.0 0.028840853 0.0 0.090835266 0.038695373 0.0 0.0 0.0 0.0 0.0 0.030568892 0.0 0.0 0.03151488 0.004075746 0.12503585 0.0 0.0 0.0 0.10526262 0.0 0.038123198 0.077752106 0.0 0.0 0.0 0.0 0.006351761 0.0 0.0057107857 0.0444637 0.0 0.0 0.03289328 0.0033970503 0.0 0.11254036 0.0 0.003389292 0.0 0.0 0.0 0.019646855 0.0 0.0 0.0 0.0 0.043378346 0.059048183 0.0 0.11674042 0.0 0.0 0.020901004 0.0 0.0
0.0 0.0 0.0 0.15081508 0.0 0.018677125 0.0 0.0 0.024359072 0.0 0.0035984528 0.0 0.0 0.010594457 0.17675239 0.0 0.0 0.0 0.0 0.037128303 0.16080882 0.0 0.0 0.03635214 0.0014167591 0.0 0.0 0.029128361 0.0 0.0 0.012195599 0.0 0.07726304 0.021248778 0.0 0.0 0.0026875997 0.0062271175 0.0 0.004381991 0.0 0.0 0.0 0.0 0.0 0.13520281 0.0 0.0 0.05592782 0.0 0.0032887617 0.040162228 0.0 0.13770485 0.0 0.010226988
0.11271869 0.0140658785 0.108068354 0.0 0.0 0.0 0.0 0.19153397 0.0 0.12983291 0.0 0.0 0.0 0.0 0.0 0.01618936 0.0 0.0 0.0 0.0 0.0 0.0 0.0 0.001416759 0.0 0.0 0.0 0.0701608 0.0 0.0 0.0 0.0 0.0 0.0 0.03201974 0.0 0.09342724 0.0 0.0 0.0 0.0 0.0 0.0 0.011996673 0.0 0.0 0.0 0.0 0.0 0.0 0.00268158 0.0 0.0 0.0 0.066205636 0.0
0.0 0.0 0.0 0.0 0.12976773 0.0 0.0 0.0 0.009718678 0.0 0.0036572877 0.0 0.0 0.06439082 0.0 0.0 0.0 0.0 0.0 0.0 0.022207402 0.0 0.0 0.0 0.0 0.0 0.0 0.0 0.0 0.14399046 0.0 0.07691377 0.0 0.0 0.0 0.013953936 0.0 0.0 0.074576624 0.0 0.0 0.0014518636 0.0 0.0 0.0 0.0 0.004468307 0.0 0.3097279 0.08541888 0.0 0.0 0.09087625 0.0 0.0 0.0
0.0 0.0 0.0 0.0 0.1841944 0.0 0.0 0.0 0.0 0.0 0.046988506 0.0 0.0 0.03314396 0.011966413 0.24045831 0.0 0.0 0.0 0.046679255 0.06601803 0.010304013 0.0 0.0 0.0 0.0 0.0 0.0046048076 0.0 0.011807775 0.015202711 0.0 0.0 0.10785948 0.0 0.0 0.0 0.08831005 0.0 0.0 0.0 0.001536226 0.13322407 0.0 0.0 0.0 0.0 0.016228247 0.0 0.082627274 0.0068270904 0.0 0.0 0.0 0.0 0.014034317
0.0 0.027711086 0.0 0.042581614 0.09493127 0.0 0.06269072 0.0 0.020941306 0.0 0.07353704 0.014908727 0.0 0.0 0.001564552 0.0 0.0 0.041882016 0.0 0.0016797394 0.028231815 0.0 0.0063517606 0.029128361 0.070160806 0.0 0.004604807 0.0 0.0 0.18747707 0.066790685 0.060220968 0.007957831 0.00039234734 0.0 0.0 0.0 0.014363485 0.01866282 0.0 0.033563357 0.0 0.0015439292 0.0 0.0 0.0 0.0072599845 0.049266893 0.0 0.083083406 0.03391645 0.0 0.11004341 0.0 0.0 0.0
0.019156028 0.0 0.03893196 0.0 0.0 0.0 0.0 0.0039220094 0.0 0.07631782 0.0 0.0 0.0 0.0 0.0 0.0 0.0 0.0 0.0055575324 0.0 0.043580607 0.0 0.0 0.0 0.0 0.0 0.0 0.0 0.0 0.0 0.0 0.0 0.0 0.0 0.06759091 0.15487021 0.029820034 0.0 0.0 0.0 0.0 0.0 0.0 0.0 0.05617309 0.19932067 0.0 0.0 0.0 0.0 0.033280272 0.010254312 0.0 0.0 0.07217675 0.0
0.08967542 0.0 0.0 0.0 0.0 0.0226406 0.0 0.0 0.0 0.080567285 0.0 0.0 0.0 0.0 0.0 0.0 0.0 0.0 0.0 0.0 0.0 0.0 0.0057107857 0.0 0.0 0.14399046 0.011807776 0.18747707 0.0 0.0 0.0 0.0 0.02276062 0.0 0.013578441 0.0 0.0 0.0 0.0 0.0 0.0103811035 0.0 0.0 0.0 0.014340327 0.0 0.0 0.023841165 0.0 0.0 0.042379584 0.0 0.0 0.047984958 0.14903963 0.0
0.0 0.047053855 0.0 0.040742442 0.054707192 0.0 0.07972936 0.0 0.0 0.0 0.030305196 0.0 0.040000465 0.17308919 0.0 0.0 0.0 0.0 0.02170155 0.0 0.033840902 0.0 0.0444637 0.0121956 0.0 0.0 0.015202711 0.06679069 0.0 0.0 0.21098396 0.008082845 0.0 0.0211546 0.0 0.0 0.0 0.0 0.0 0.03186767 0.0 0.0 0.00057329657 0.0 0.0 0.0 0.0 0.0 0.013502445 0.0 0.019130338 0.0 0.011622324 0.0 0.021250818 0.0
0.08551622 0.0 0.0 0.0 0.0 0.0 0.010708937 0.0 0.0 0.016430225 0.0 0.0 0.0 0.056894746 0.0 0.0 0.0 0.0 0.0 0.0 0.0 0.014810444 0.0 0.0 0.0 0.07691376 0.0 0.06022097 0.0 0.0 0.008082845 0.0 0.0 0.1092787 0.0704919 0.0 0.0 0.0 0.0 0.04256374 0.1731788 0.031814944 0.0075099063 0.08408794 0.0 0.0 0.0 0.012847476 0.0 0.0 0.08019247 0.0 0.0 0.012013363 0.024450986 0.0058985385
0.016841007 0.023082685 0.0 0.0 0.0 0.0 0.0 0.11747355 0.0 0.0 0.0 0.0 0.0 0.0 0.014759824 0.0 0.0 0.0 0.0 0.0 0.0 0.0 0.0 0.07726304 0.0 0.0 0.0 0.007957832 0.0 0.022760622 0.0 0.0 0.0 0.03278888 0.037187472 0.0 0.0 0.0 0.0 0.0 0.09144931 0.032591492 0.108506784 0.0 0.0 0.0 0.0 0.001409158 0.0 0.08241444 0.0 0.02596452 0.0 0.083888784 0.0 0.042132583
0.0 0.0 0.0 0.0 0.0 0.0 0.008649569 0.041278444 0.0 0.0 0.0 0.0 0.0 0.00064728665 0.0 0.0 0.0 0.06820957 0.0 0.010110962 0.0019083006 0.0 0.03289328 0.021248776 0.0 0.0 0.10785948 0.00039234734 0.0 0.0 0.021154597 0.10927871 0.03278888 0.0 0.0 0.0486133 0.0 0.0 0.0 0.0 0.0 0.0 0.0 0.0 0.091710575 0.0 0.0 0.004166774 0.017358406 0.0 0.05037882 0.14751922 0.0 0.0 0.041961048 0.0
0.019800803 0.0 0.017762093 0.0 0.0 0.0 0.0 0.0 0.0 0.01619445 0.0 0.034106214 0.0 0.0 0.069357894 0.0 0.025338905 0.047543477 0.0 0.00013991988 0.0 0.0 0.0033970503 0.0 0.032019746 0.0 0.0 0.0 0.067590915 0.013578441 0.0 0.070491895 0.037187472 0.0 0.052684627 0.010936838 0.0 0.13527371 0.0 0.0 0.0 0.0 0.0 0.0 0.1091954 0.28699735 0.0 0.0 0.006872031 0.0 0.0 0.033274364 0.0 0.0 0.0 0.0
0.033848498 0.038700283 0.0 0.0 0.0 0.0 0.029262451 0.0 0.009008359 0.11354217 0.0 0.0 0.091346495 0.0 0.0 0.0 0.0 0.0 0.0 0.0 0.0 0.0030270214 0.0 0.0 0.0 0.013953936 0.0 0.0 0.15487021 0.0 0.0 0.0 0.0 0.0486133 0.010936838 0.0 0.0 0.0 0.0 0.0 0.033481795 0.0 0.0016194335 0.0 0.0 0.05486212 0.0 0.0 0.0 0.0 0.0 0.10933176 0.0 0.031097699 0.0 0.09915819
0.0 0.024478847 0.174084 0.0 0.0 0.02009207 0.0 0.08079324 0.0 0.0 0.0 0.050136134 0.0025635788 0.0 0.01547574 0.0 0.22369878 0.0 0.0 0.15217355 0.0 0.0 0.11254036 0.0026875997 0.09342724 0.0 0.0 0.0 0.029820034 0.0 0.0 0.0 0.0 0.0 0.0 0.0 0.0 0.0 0.0 0.0 0.0 0.0 0.0 0.0 0.0 0.023594636 0.0 0.0 0.0 0.061407138 0.0 0.06461253 0.0 0.0 0.0 0.045964472
0.0 0.0 0.0 0.0 0.0 0.0 0.05412932 0.016779099 0.0 0.0 0.0 0.0 0.0 0.0 0.0 0.020131543 0.0 0.0 0.0 0.0 0.048733998 0.055992536 0.0 0.0062271175 0.0 0.0 0.088310055 0.014363485 0.0 0.0 0.0 0.0 0.0 0.0 0.13527371 0.0 0.0 0.0 0.085133165 0.0 0.032726705 0.0 0.011101566 0.15930673 0.0 0.0 0.0 0.15478906 0.0 0.0 0.0036054684 0.038450565 0.0 0.0 0.017195104 0.07476048
0.047935374 0.090318695 0.0 0.0 0.0 0.009024712 0.0 0.0 0.008545029 0.0 0.0 0.0 0.12996203 0.0 0.0 0.0 0.0 0.14717782 0.1251194 0.0 0.0049248007 0.0 0.0033892922 0.0 0.0 0.07457663 0.0 0.01866282 0.0 0.0 0.0 0.0 0.0 0.0 0.0 0.0 0.0 0.08513316 0.0 0.0 0.04974687 0.015296093 0.0 0.0 0.0 0.0 0.004864937 0.0 0.0 0.0 0.0 0.0 0.0056307716 0.12142804 0.0 0.0
0.0 0.16649926 0.0 0.11284599 0.0 0.0 0.1395062 0.0 0.21675117 0.0 0.0 0.0 0.06261944 0.0436439 0.0 0.0 0.0 0.0 0.0 0.0 0.0 0.029460773 0.0 0.004381991 0.0 0.0 0.0 0.0 0.0 0.0 0.031867675 0.04256374 0.0 0.0 0.0 0.0 0.0 0.0 0.0 0.07334162 0.0 0.2783664 0.007998824 0.0 0.0 0.0 0.0327063 0.0 0.0 0.0 0.0 0.0 0.0 0.076498725 0.0 0.0
0.0 0.0 0.0 0.07833219 0.0054256744 0.03576417 0.0 0.0 0.2177897 0.0 0.0 0.0055058193 0.0 0.0 0.0 0.0 0.0 0.0 0.0 0.0 0.03706746 0.00500867 0.0 0.0 0.0 0.0 0.0 0.033563357 0.0 0.0103811035 0.0 0.17317879 0.09144931 0.0 0.0 0.033481795 0.0 0.03272671 0.04974687 0.0 0.0 0.014010315 0.0 0.029198563 0.0 0.0 0.035212014 0.0 0.085663594 0.0 0.0 0.0 0.03714162 0.0 0.0 0.0
0.0 0.014475502 0.0 0.0 0.0 0.0 0.0 0.0 0.05316186 0.0 0.0 0.0 0.10182573 0.0 0.0 0.0 0.0 0.0 0.0 0.0 0.0 0.051145267 0.0 0.0 0.0 0.0014518634 0.001536226 0.0 0.0 0.0 0.0 0.031814944 0.032591492 0.0 0.0 0.0 0.0 0.0 0.015296092 0.2783664 0.014010315 0.07766434 0.0 0.0 0.0 0.0 0.031607114 0.057202887 0.0 0.0 0.0 0.0 0.0 0.036467638 0.057035238 0.0
0.0 0.01206376 0.0 0.0 0.05958463 0.0 0.0 0.0 0.0 0.0 0.0153597575 0.0 0.0 0.0 0.0 0.11998371 0.0 0.0 0.0 0.0 0.0 0.0 0.019646855 0.0 0.0 0.0 0.13322407 0.0015439292 0.0 0.0 0.00057329657 0.007509906 0.108506784 0.0 0.0 0.0016194334 0.0 0.011101566 0.0 0.007998824 0.0 0.0 0.0 0.0 0.11086279 0.0 0.0 0.07918273 0.0 0.0 0.12469199 0.09430978 0.0 0.0 0.09129041 0.0
0.0 0.117099814 0.0 0.12251981 0.0 0.09027987 0.0 0.03414482 0.0 0.0 0.0 0.04467418 0.0 0.0 0.0 0.0 0.0 0.12346576 0.0 0.0 0.024833841 0.03158822 0.0 0.0 0.011996673 0.0 0.0 0.0 0.0 0.0 0.0 0.084087946 0.0 0.0 0.0 0.0 0.0 0.15930673 0.0 0.0 0.029198563 0.0 0.0 0.0 0.0 0.0024602027 0.026104208 0.0 0.016701488 0.0 0.0 0.0 0.0 0.0 0.0 0.0
0.0 0.0 0.016262287 0.0 0.0 0.0 0.0 0.075728096 0.0 0.0 0.0 0.0 0.0 0.0 0.015464764 0.020150192 0.071154565 0.0 0.0 0.047100846 0.0 0.029443093 0.0 0.0 0.0 0.0 0.0 0.0 0.056173094 0.014340327 0.0 0.0 0.0 0.091710575 0.1091954 0.0 0.0 0.0 0.0 0.0 0.0 0.0 0.11086279 0.0 0.0 0.0 0.15735705 0.0 0.0 0.19487149 0.0 0.0 0.008360092 0.011498052 0.0 0.14524795
0.01865031 0.0 0.07020978 0.0 0.0 0.0 0.08929285 0.0 0.0 0.00924139 0.037970018 0.0 0.0 0.0 0.0 0.0 0.0 0.0 0.0 0.0 0.0 0.0 0.0 0.13520281 0.0 0.0 0.0 0.0 0.19932069 0.0 0.0 0.0 0.0 0.0 0.28699738 0.054862116 0.023594635 0.0 0.0 0.0 0.0 0.0 0.0 0.0024602027 0.0 0.0 0.0 0.0 0.0 0.0 0.0 0.05996674 0.0 0.0 0.008395782 0.0
0.08148201 0.0 0.0 0.0 0.0 0.0 0.0 0.0 0.0 0.15832916 0.0 0.0 0.0 0.0 0.0 0.009181545 0.035629895 0.0 0.17353918 0.0 0.0 0.0 0.0 0.0 0.0 0.004468307 0.0 0.007259984 0.0 0.0 0.0 0.0 0.0 0.0 0.0 0.0 0.0 0.0 0.004864937 0.032706298 0.035212014 0.031607114 0.0 0.026104208 0.15735704 0.0 0.0 0.026945278 0.0 0.0 0.042086806 0.0 0.0 0.014723268 0.0 0.0
0.0 0.030670566 0.0027533607 0.06454031 0.060904395 0.0 0.0 0.0 0.0 0.0 0.0520973 0.015635852 0.0 0.0 0.006764075 0.0 0.00031018045 0.010570455 0.015389742 0.023369009 0.011938698 0.0 0.043378346 0.0 0.0 0.0 0.016228247 0.049266893 0.0 0.023841167 0.0 0.012847476 0.0014091579 0.0041667735 0.0 0.0 0.0 0.15478908 0.0 0.0 0.0 0.057202887 0.07918273 0.0 0.0 0.0 0.026945276 0.054416604 0.0 0.011005652 0.0 0.0 0.007348436 0.004396308 0.02855049 0.0
0.00549261 0.0 0.0 0.0 0.0 0.0 0.0 0.0 0.0 0.0 0.0 0.0 0.0 0.069276355 0.0 0.0 0.0 0.0 0.0 0.0 0.0 0.0 0.059048183 0.05592782 0.0 0.30972794 0.0 0.0 0.0 0.0 0.013502446 0.0 0.0 0.017358406 0.006872031 0.0 0.0 0.0 0.0 0.0 0.085663594 0.0 0.0 0.016701488 0.0 0.0 0.0 0.0 0.0 0.0 0.0 0.03855563 0.0 0.0 0.15261188 0.0
0.056407336 0.0 0.0 0.0 0.0 0.0 0.0 0.07890197 0.0 0.014840039 0.0 0.0 0.0 0.015962785 0.0 0.0 0.0 0.0 0.0 0.0 0.0 0.0 0.0 0.0 0.0 0.08541888 0.08262728 0.083083406 0.0 0.0 0.0 0.0 0.08241444 0.0 0.0 0.0 0.061407138 0.0 0.0 0.0 0.0 0.0 0.0 0.0 0.19487149 0.0 0.0 0.011005652 0.0 0.0 0.020830363 0.0 0.0 0.08025047 0.010803717 0.0
0.0 0.04357396 0.0 0.0 0.10559861 0.026008576 0.0 0.0 0.0 0.0 0.14671776 0.07883648 0.0 0.010557407 0.07538613 0.01148628 0.0 0.049610894 0.0 0.038954318 0.0 0.0 0.11674043 0.0032887617 0.00268158 0.0 0.0068270904 0.03391645 0.033280272 0.042379584 0.019130338 0.08019246 0.0 0.05037882 0.0 0.0 0.0 0.0036054684 0.0 0.0 0.0 0.0 0.124692 0.0 0.0 0.0 0.042086802 0.0 0.0 0.020830363 0.012779154 0.0 0.0 0.008417012 0.0 0.0
0.0 0.0 0.0 0.0 0.0 0.0 0.0 0.0 0.0 0.0 0.0 0.0 0.0 0.0 0.1987944 0.0 0.0 0.0 0.0 0.012906925 0.0 0.0 0.0 0.040162228 0.0 0.0 0.0 0.0 0.010254313 0.0 0.0 0.0 0.02596452 0.14751923 0.033274367 0.109331764 0.06461253 0.038450565 0.0 0.0 0.0 0.0 0.09430978 0.0 0.0 0.059966736 0.0 0.0 0.03855563 0.0 0.0 0.0 0.0 0.0 0.0 0.19971932
0.0 0.0 0.046233013 0.0739089 0.0 0.0 0.0 0.0 0.0 0.14051697 0.0 0.0 0.0 0.0 0.0 0.0 0.0 0.16415827 0.04238258 0.0 0.0 0.04232309 0.0 0.0 0.0 0.09087625 0.0 0.11004341 0.0 0.0 0.011622324 0.0 0.0 0.0 0.0 0.0 0.0 0.0 0.005630772 0.0 0.03714162 0.0 0.0 0.0 0.008360092 0.0 0.0 0.007348436 0.0 0.0 0.0 0.0 0.02593712 0.0 0.04157316 0.0
0.0 0.0 0.0 0.0 0.0 0.0 0.0 0.015216513 0.19037178 0.003663999 0.0 0.0 0.06218287 0.0 0.0 0.0 0.0 0.0 0.0 0.0 0.0 0.09100623 0.020901002 0.13770485 0.0 0.0 0.0 0.0 0.0 0.047984958 0.0 0.012013363 0.083888784 0.0 0.0 0.031097699 0.0 0.0 0.12142804 0.07649872 0.0 0.036467638 0.0 0.0 0.011498052 0.0 0.014723268 0.004396308 0.0 0.08025048 0.008417011 0.0 0.0 0.0 0.0 0.0
0.0 0.034648035 0.020392839 0.044102967 0.078360625 0.0024614388 0.14720497 0.0 0.0 0.0 0.0018649244 0.12683164 0.0 0.0 0.0 0.0071242773 0.0 0.004414793 0.0 0.009852552 0.0 0.0 0.0 0.0 0.06620563 0.0 0.0 0.0 0.07217675 0.14903963 0.021250818 0.024450986 0.0 0.041961048 0.0 0.0 0.0 0.017195102 0.0 0.0 0.0 0.05703524 0.09129041 0.0 0.0 0.008395783 0.0 0.028550493 0.15261188 0.010803717 0.0 0.0 0.041573156 0.0 0.0 0.033452414
0.13396668 0.0 0.0 0.0 0.0 0.0 0.0 0.02845937 0.03159386 0.078379184 0.0 0.0 0.024303542 0.0 0.0 0.0 0.0 0.022287466 0.0 0.0 0.0 0.0 0.0 0.010226988 0.0 0.0 0.014034318 0.0 0.0 0.0 0.0 0.005898538 0.042132583 0.0 0.0 0.09915819 0.045964472 0.07476049 0.0 0.0 0.0 0.0 0.0 0.0 0.14524795 0.0 0.0 0.0 0.0 0.0 0.0 0.19971932 0.0 0.0 0.03345241 0.0
