0.0 0.0 0.0 0.032199055 0.0 0.0 0.011449654 0.0 0.0 0.0 0.0 0.0 0.0 0.0 0.01406008 0.0 0.10002206 0.0 0.1357008 0.0 0.0 0.0533549 0.0 0.0 0.0 0.0 0.0 0.0 0.0 0.0 0.1842414 0.063892774 0.035270408 0.0 0.0 0.0 0.0 0.0 0.0 0.090161175 0.026347017 0.002744058 0.0 0.0 0.0 0.048038594 0.044855166 0.0 0.11599683 0.0 0.0 0.0 0.10496529 0.023594221 0.0 0.051404856
0.0 0.0 0.0 0.0 0.0 0.0 0.0 0.0 0.0 0.15739089 0.050262 0.0 0.0 0.054259256 0.012348697 0.0 0.03103454 0.0 0.11815661 0.0 0.057174146 0.0 0.0 0.0 0.0 0.0 0.0 0.0 0.0 0.0 0.0 0.0 0.04450197 0.0 0.04385683 0.0 0.0 0.0 0.0 0.0 0.0 0.0 0.08094986 0.0 0.041339938 0.0 0.0 0.0 0.0 0.0 0.0 0.0 0.008895668 0.0 0.0 0.0
0.0 0.0 0.0 0.0 0.0 0.0 0.0 0.0 0.0 0.02945763 0.005435649 0.0 0.0 0.0 0.0 0.06806383 0.0 0.0 0.0 0.0 0.025099216 0.0 0.12394591 0.0 0.0 0.0 0.18871568 0.23217854 0.0 0.0 0.0 0.0 0.0 0.0 0.04479745 0.0 0.0 0.0 0.0 0.0 0.0 0.0 0.09835288 0.0 0.0 0.0 0.0 0.0 0.0 0.0 0.0 0.0 0.052733798 0.02543744 0.03117711 0.0
0.032199055 0.0 0.0 0.0 0.0 0.11228163 0.0 0.0 0.0 0.033956386 0.06677783 0.0 0.0 0.0 0.0980055 0.0 0.0 0.0 0.0 0.0 0.0 0.0 0.0 0.06530152 0.0 0.0174822 0.0 0.0 0.0 0.0 0.043257855 0.0 0.0 0.0 0.0 0.0 0.0 0.1255732 0.011531289 0.0 0.0 0.0 0.0 0.0 0.2721985 0.008254476 0.0 0.0 0.0 0.0 0.0 0.0 0.0 0.0 0.029036695 0.0
0.0 0.0 0.0 0.0 0.0 0.0 0.038354512 0.012992312 0.0 0.0 0.0 0.0 0.17537512 0.09279489 0.0 0.0 0.0 0.04001704 0.0 0.0 0.0 0.0 0.0 0.0 0.017881412 0.14965735 0.0 0.016399458 0.027673205 0.0 0.0 0.0 0.0 0.0 0.0 0.0 0.0 0.0 0.0 0.045118984 0.09648301 0.0088619655 0.0204451 0.0 0.0 0.0 0.0 0.0 0.048113458 0.0 0.06626775 0.0 0.0 0.04086695 0.09098958 0.0
0.0 0.0 0.0 0.11228163 0.0 0.0 0.0 0.0 0.0 0.0 0.0 0.0 0.18459302 0.0 0.0 0.0 0.0 0.0 0.0 0.0 0.016284028 0.028156366 0.0 0.0 0.0 0.042824376 0.0 0.0 0.0 0.0 0.0 0.0 0.0 0.0 0.0 0.0 0.0 0.0 0.032970097 0.21556765 0.0 0.040491395 0.0 0.0 0.0 0.0 0.0 0.0 0.0 0.1206098 0.0 0.0 0.0 0.06141305 0.0 0.0
0.011449654 0.0 0.0 0.0 0.038354512 0.0 0.0 0.0 0.0 0.0 0.0 0.0 0.0 0.13696072 0.0 0.0 0.0 0.0 0.0 0.0 0.0 0.0 0.06468477 0.04890923 0.112901375 0.0 0.0 0.0 0.0 0.04527381 0.0 0.120039955 0.0 0.0 0.0 0.0 0.0 0.0 0.0 0.0 0.0 0.019419234 0.0 0.0 0.0 0.021839133 0.030284075 0.0 0.040272012 0.0108759655 0.0 0.0 0.050508365 0.0 0.0 0.0
0.0 0.0 0.0 0.0 0.012992312 0.0 0.0 0.0 0.0117737455 0.0 0.0 0.18747656 0.0 0.0 0.0 0.0 0.111137435 0.07625106 0.09297504 0.0 0.0 0.0 0.0 0.0 0.057013452 0.0 0.0 0.0 0.0 0.009277015 0.0 0.09687338 0.0 0.027393807 0.0 0.0 0.0 0.0 0.0 0.0 0.0 0.0 0.0 0.07378858 0.0 0.15106095 0.120720215 0.111398086 0.023443865 0.0 0.0 0.0 0.0 0.0 0.0 0.01844848
0.0 0.0 0.0 0.0 0.0 0.0 0.0 0.011773746 0.0 0.00721071 0.010924628 0.0 0.025661299 0.0 0.0 0.0 0.0 0.11771893 0.0 0.0 0.0 0.0 0.07260847 0.02478258 0.0 0.023869913 0.1256853 0.0 0.0 0.057911195 0.0 0.0 0.0 0.0 0.03062505 0.08320263 0.0 0.04035278 0.0 0.0 0.0 0.0 0.025236981 0.0 0.0 0.0 0.029439265 0.0 0.0 0.0 0.030961234 0.08489005 0.0 0.0 0.07185692 0.0
0.0 0.15739089 0.029457629 0.033956382 0.0 0.0 0.0 0.0 0.0072107096 0.0 0.0 0.0 0.0 0.0 0.0 0.0 0.10749056 0.0 0.004071367 0.0 0.0 0.09676962 0.0 0.0 0.0 0.0 0.0 0.0 0.0 0.0 0.051114004 0.0 0.0 0.070226625 0.0 0.0 0.0 0.0 0.0 0.08436462 0.082056426 0.0 0.0 0.13737485 0.0 0.08737516 0.03721185 0.0 0.09763527 0.0 0.0 0.0 0.04346782 0.0 0.0 0.0
0.0 0.050261997 0.0054356493 0.066777825 0.0 0.0 0.0 0.0 0.010924627 0.0 0.0 0.013571508 0.007899429 0.07345286 0.014135246 0.0 0.08038622 0.064744115 0.05106296 0.0 0.0 0.005237199 0.0 0.0 0.0 0.0 0.0 0.0 0.15421316 0.0 0.0 0.0 0.0 0.0 0.0 0.0 0.0 0.0 0.012144954 0.0 0.030738462 0.1733786 0.0 0.020455897 0.0 0.0038039726 0.07786865 0.0 0.020011736 0.00533897 0.0 0.0 0.06374109 0.102820896 0.0 0.0
0.0 0.0 0.0 0.0 0.0 0.0 0.0 0.18747656 0.0 0.0 0.013571507 0.0 0.011868328 0.0 0.0 0.0 0.0 0.0 0.0 0.0 0.014881549 0.0 0.0 0.025015313 0.0 0.014982038 0.05990961 0.02056759 0.0 0.046188306 0.0 0.0 0.0 0.0 0.11911635 0.050818965 0.0 0.0 0.0 0.0 0.13705125 0.0 0.0 0.018693844 0.0 0.0 0.0 0.0 0.0 0.1337701 0.0 0.0 0.057478316 0.016993396 0.0 0.020355314
0.0 0.0 0.0 0.0 0.17537512 0.18459302 0.0 0.0 0.025661299 0.0 0.007899429 0.011868329 0.0 0.0 0.0 0.04018347 0.0 0.0 0.0 0.0 0.0 0.0 0.06294599 0.062090576 0.0 0.0 0.02907523 0.0 0.0 0.0 0.0 0.06852019 0.08392868 0.0 0.0 0.029247891 0.004742915 0.07333034 0.08080457 0.0 0.0 0.017530244 0.0 0.0 0.03864081 0.043292448 0.0 0.0 0.0 0.0 0.025175218 0.0 0.0 0.0 0.0 0.0
0.0 0.054259256 0.0 0.0 0.09279489 0.0 0.13696072 0.0 0.0 0.0 0.07345286 0.0 0.0 0.029781507 0.0 0.0 0.0 0.03933808 0.0 0.0 0.0 0.0 0.049580667 0.09949808 0.0 0.0 0.042991973 0.024819367 0.0 0.0 0.0 0.109609336 0.0 0.07322234 0.0052461405 0.0 0.008459702 0.04059771 0.0 0.0 0.0 0.0 0.06247288 0.0 0.0 0.047565278 0.046231154 0.0 0.0 0.0 0.038694236 0.014856149 0.0 0.0 0.0 0.0
0.014060079 0.0123486975 0.0 0.0980055 0.0 0.0 0.0 0.0 0.0 0.0 0.014135246 0.0 0.0 0.0 0.0 0.0 0.0 0.0 0.0 0.16324785 0.0 0.0 0.028840477 0.0 0.0 0.0 0.057832386 0.03328167 0.0 0.0 0.0 0.0 0.0 0.0 0.0 0.0 0.037528288 0.0 0.0 0.014319318 0.0 0.0 0.0 0.0 0.0 0.0 0.007186073 0.0 0.0 0.0 0.3598621 0.063778825 0.0 0.0 0.016464964 0.0
0.0 0.0 0.06806383 0.0 0.0 0.0 0.0 0.0 0.0 0.0 0.0 0.0 0.04018347 0.0 0.0 0.20738082 0.0 0.0 0.0 0.0 0.15372206 0.030436741 0.0 0.0 0.0 0.022868462 0.0 0.00814435 0.0 0.0052282005 0.0 0.0 0.11767932 0.0 0.0 0.0 0.0 0.0 0.0 0.18193738 0.0 0.0 0.0 0.0049294946 0.0012511708 0.0 0.0 0.0 0.029717667 0.026196493 0.0 0.0 0.0 0.0 0.084070265 0.0
0.100022055 0.031034542 0.0 0.0 0.0 0.0 0.0 0.111137435 0.0 0.10749057 0.08038622 0.0 0.0 0.0 0.0 0.0 0.0 0.0 0.0 0.0 0.0 0.0 0.030049987 0.0 0.0 0.0 0.005138543 0.113021605 0.00839108 0.058407728 0.0 0.0 0.0 0.0 0.051189195 0.0 0.04337185 0.0 0.0 0.0 0.033293806 0.0 0.052847564 0.0 0.010008394 0.0 0.0 0.0 0.0 0.0 0.0 0.015397272 0.0 0.0 0.0 0.071450725
0.0 0.0 0.0 0.0 0.040017035 0.0 0.0 0.07625106 0.11771893 0.0 0.064744115 0.0 0.0 0.039338082 0.0 0.0 0.0 0.0 0.08571022 0.0 0.0 0.0 0.057730813 0.0 0.037471313 0.16168374 0.0 0.0 0.0 0.0 0.06276747 0.049359456 0.0 0.0 0.0 0.15949276 0.0 0.0 0.0 0.0 0.0 0.0 0.0 0.0 0.0 0.0 0.024835842 0.0 0.0 0.0 0.07974366 0.0 0.0 0.0 0.016140383 0.0
0.1357008 0.11815661 0.0 0.0 0.0 0.0 0.0 0.092975035 0.0 0.004071367 0.05106296 0.0 0.0 0.0 0.0 0.0 0.0 0.08571021 0.0 0.11525851 0.0 0.039716277 0.007387965 0.0 0.0 0.011268547 0.008718712 0.0 0.0 0.0 0.0 0.0 0.0 0.0 0.007297568 0.005222678 0.0 0.0 0.0 0.0 0.0 0.0 0.0 0.0 0.0 0.034337796 0.0 0.10725257 0.0 0.0 0.037446488 0.029488893 0.0 0.0 0.029231954 0.0
0.0 0.0 0.0 0.0 0.0 0.0 0.0 0.0 0.0 0.0 0.0 0.0 0.0 0.0 0.16324784 0.0 0.0 0.0 0.11525851 0.0 0.16620757 0.07021851 0.0 0.0 0.0 0.051412437 0.0 0.0 0.0 0.03153047 0.0 0.0 0.0 0.0 0.0 0.0 0.0 0.0 0.0 0.00085962715 0.0 0.009452294 0.026299506 0.0 0.017070282 0.0 0.0 0.0 0.1166107 0.04540137 0.0 0.0 0.0 0.0 0.0 0.0
0.0 0.05717415 0.025099216 0.0 0.0 0.016284028 0.0 0.0 0.0 0.0 0.0 0.01488155 0.0 0.0 0.0 0.15372206 0.0 0.0 0.0 0.16620757 0.0 0.054535236 0.0 0.0 0.0 0.0 0.08227373 0.124792784 0.0 0.0 0.0 0.0 0.0 0.0 0.015670294 0.0 0.02225447 0.07463321 0.0 0.014808672 0.0 0.0 0.022009391 0.0 0.0 0.0 0.0 0.0 0.0 0.0 0.0 0.0 0.0 0.0 0.03479837 0.0
0.0533549 0.0 0.0 0.0 0.0 0.028156366 0.0 0.0 0.0 0.09676962 0.005237199 0.0 0.0 0.0 0.0 0.030436741 0.0 0.0 0.039716277 0.07021851 0.054535232 0.10872126 0.0 0.01661563 0.0 0.0060090604 0.0 0.0 0.11223472 0.07563382 0.0 0.0 0.0 0.025222411 0.102044396 0.007546731 0.03321985 0.0 0.0 0.0 0.0 0.0 0.0 0.0 0.0 0.0 0.03060477 0.0 0.0 0.08086724 0.0 0.0 0.0 0.0 0.0 0.0044087986
0.0 0.0 0.1239459 0.0 0.0 0.0 0.06468477 0.0 0.07260847 0.0 0.0 0.0 0.06294599 0.049580667 0.028840475 0.0 0.030049987 0.05773081 0.0073879655 0.0 0.0 0.0 0.0 0.0 0.029031599 0.0 0.0 0.0 0.119871885 0.0011304502 0.034545284 0.0 0.0 0.0 0.0 0.0118675465 0.0 0.0 0.058424696 0.0 0.029349668 0.08910849 0.012479549 0.05403998 0.0 0.0 0.04070783 0.008379484 0.056197464 0.0 0.0 0.0 0.0 0.0 0.0 0.0
0.0 0.0 0.0 0.06530153 0.0 0.0 0.04890923 0.0 0.024782581 0.0 0.0 0.025015315 0.062090572 0.09949808 0.0 0.0 0.0 0.0 0.0 0.0 0.0 0.01661563 0.0 0.0 0.054226913 0.0 0.01656349 0.0 0.0 0.0 0.09191068 0.0 0.1725799 0.0 0.0 0.0 0.0 0.0 0.0 0.0074357567 0.0 0.0 0.0 0.004392123 0.0 0.0 0.0 0.035719052 0.1456297 0.0 0.08569713 0.0 0.0 0.0 0.0 0.030829724
0.0 0.0 0.0 0.0 0.01788141 0.0 0.11290137 0.057013456 0.0 0.0 0.0 0.0 0.0 0.0 0.0 0.0 0.0 0.037471313 0.0 0.0 0.0 0.0 0.029031597 0.054226913 0.0 0.0 0.11809792 0.036272462 0.04011531 0.0 0.0 0.0 0.0 0.0 0.04888568 0.27100697 0.012202908 0.0 0.0 0.031083172 0.06303229 0.0 0.08266933 0.0 0.0 0.0 0.0 0.0 0.0 0.006725725 0.0 0.0 0.0 0.0 0.01484686 0.0
0.0 0.0 0.0 0.017482203 0.14965735 0.042824376 0.0 0.0 0.023869913 0.0 0.0 0.014982039 0.0 0.0 0.0 0.022868462 0.0 0.16168374 0.011268547 0.051412433 0.0 0.0060090604 0.0 0.0 0.0 0.0 0.0 0.0 0.0 0.0 0.0 0.013583566 0.22775665 0.01828226 0.0 0.0 0.0 0.036516525 0.04542938 0.0 0.0 0.019541834 0.0 0.0 0.0 0.03543187 0.045932055 0.0 0.000833407 0.015879458 0.0 0.0 0.0 0.0 0.0 0.0
0.0 0.0 0.1887157 0.0 0.0 0.0 0.0 0.0 0.1256853 0.0 0.0 0.059909604 0.029075231 0.042991977 0.057832386 0.0 0.0051385434 0.0 0.008718712 0.0 0.08227374 0.0 0.0 0.01656349 0.118097916 0.0 0.0 0.0 0.09884368 0.029899001 0.0 0.0 0.028304398 0.0006899074 0.0 0.0 0.0 0.0 0.0 0.0 0.0 0.20983568 0.015429041 0.0 0.0 0.0 0.0 0.0 0.0023276734 0.0 0.0 0.0 0.0 0.048028108 0.0 0.0
0.0 0.0 0.23217855 0.0 0.016399458 0.0 0.0 0.0 0.0 0.0 0.0 0.02056759 0.0 0.024819365 0.03328167 0.00814435 0.113021605 0.0 0.0 0.0 0.12479278 0.0 0.0 0.0 0.036272466 0.0 0.0 0.0 0.01576956 0.0135764 0.0 0.06920709 0.09484175 0.0021656621 0.0 0.0 0.0 0.0 0.24073404 0.0 0.0 0.019333139 0.0 0.04653294 0.0 0.0 0.01376297 0.0 0.0 0.0 0.0 0.0 0.055929866 0.008206545 0.0 0.0
0.0 0.0 0.0 0.0 0.027673205 0.0 0.0 0.0 0.0 0.0 0.15421315 0.0 0.0 0.0 0.0 0.0 0.00839108 0.0 0.0 0.0 0.0 0.11223472 0.119871885 0.0 0.040115308 0.0 0.09884368 0.01576956 0.0 0.036650218 0.058238484 0.0 0.0 0.082549825 0.0 0.0 0.0 0.0 0.0 0.0 0.0 0.0 0.0 0.0 0.0 0.0 0.0 0.046466578 0.0 0.0 0.0 0.0 0.013336449 0.0 0.0 0.16038802
0.0 0.0 0.0 0.0 0.0 0.0 0.04527381 0.009277015 0.057911195 0.0 0.0 0.04618831 0.0 0.0 0.0 0.005228201 0.058407728 0.0 0.0 0.031530473 0.0 0.07563382 0.00113045 0.0 0.0 0.0 0.029899001 0.0135764005 0.036650214 0.0 0.0 0.012312927 0.0 0.0 0.0073238886 0.139511 0.0 0.046750203 0.0 0.0 0.03728793 0.009881019 0.17600517 0.01040442 0.0 0.054746255 0.079282425 0.0 0.0 0.0 0.0 0.0 0.0 0.012952954 0.0 0.013929838
0.1842414 0.0 0.0 0.043257855 0.0 0.0 0.0 0.0 0.0 0.051114004 0.0 0.0 0.0 0.0 0.0 0.0 0.0 0.06276747 0.0 0.0 0.0 0.0 0.03454528 0.09191068 0.0 0.0 0.0 0.0 0.058238484 0.0 0.0 0.0 0.034704432 0.0 0.0 0.0 0.01455213 0.17620474 0.0 0.0 0.0 0.0 0.0 0.0 0.12925474 0.0 0.0 0.0 0.0 0.0 0.0 0.036646467 0.0 0.0 0.06554842 0.0
0.06389278 0.0 0.0 0.0 0.0 0.0 0.120039955 0.09687339 0.0 0.0 0.0 0.0 0.06852018 0.109609336 0.0 0.0 0.0 0.049359452 0.0 0.0 0.0 0.0 0.0 0.0 0.0 0.013583566 0.0 0.069207095 0.0 0.012312928 0.0 0.0 0.0 0.0018498739 0.0 0.07029627 0.0 0.0 0.0 0.0 0.10315427 0.053182416 0.012710064 0.0 0.0 0.0 0.0 0.0177641 0.0 0.020647362 0.017715398 0.0 0.0 0.0 0.056918833 0.0
0.03527041 0.04450197 0.0 0.0 0.0 0.0 0.0 0.0 0.0 0.0 0.0 0.0 0.08392869 0.0 0.0 0.11767933 0.0 0.0 0.0 0.0 0.0 0.0 0.0 0.1725799 0.0 0.22775665 0.028304396 0.09484174 0.0 0.0 0.03470443 0.0 0.0 0.0 0.0 0.0 0.0 0.0 0.0 0.05285706 0.0 0.0 0.010640457 0.0 0.0 0.0 0.0 0.0 0.0 0.017449081 0.0 0.011582831 0.0 0.0 0.094863735 0.0
0.0 0.0 0.0 0.0 0.0 0.0 0.0 0.027393807 0.0 0.070226625 0.0 0.0 0.0 0.07322234 0.0 0.0 0.0 0.0 0.0 0.0 0.0 0.025222411 0.0 0.0 0.0 0.018282259 0.00068990747 0.0021656621 0.082549825 0.0 0.0 0.0018498738 0.0 0.07725142 0.03175449 0.0 0.0 0.0 0.0 0.00789888 0.11409528 0.061065156 0.0 0.0 0.0 0.0 0.07911531 0.0 0.0 0.0 0.0 0.12096281 0.038606506 0.0 0.0 0.0718524
0.0 0.043856826 0.04479745 0.0 0.0 0.0 0.0 0.0 0.03062505 0.0 0.0 0.11911634 0.0 0.005246141 0.0 0.0 0.051189195 0.0 0.0072975685 0.0 0.015670294 0.102044396 0.0 0.0 0.04888568 0.0 0.0 0.0 0.0 0.007323889 0.0 0.0 0.0 0.031754486 0.0 0.0 0.0 0.0 0.0 0.023032486 0.04338889 0.0 0.0 0.06268651 0.0 0.13851905 0.009021803 0.034258645 0.04239886 0.0 0.0 0.0 0.15496056 0.0 0.0 0.05779104
0.0 0.0 0.0 0.0 0.0 0.0 0.0 0.0 0.08320263 0.0 0.0 0.050818965 0.029247891 0.0 0.0 0.0 0.0 0.15949276 0.005222678 0.0 0.0 0.007546731 0.0118675465 0.0 0.27100694 0.0 0.0 0.0 0.0 0.139511 0.0 0.07029627 0.0 0.0 0.0 0.0 0.0 0.0 0.0 0.0 0.020148305 0.009610534 0.0 0.0 0.0 0.0 0.0 0.0 0.06405678 0.0 0.0 0.0 0.029651215 0.0 0.0 0.0
0.0 0.0 0.0 0.0 0.0 0.0 0.0 0.0 0.0 0.0 0.0 0.0 0.0047429153 0.008459702 0.037528284 0.0 0.043371852 0.0 0.0 0.0 0.02225447 0.03321985 0.0 0.0 0.012202908 0.0 0.0 0.0 0.0 0.0 0.014552129 0.0 0.0 0.0 0.0 0.0 0.0 0.0 0.0 0.09583316 0.048790008 0.01943336 0.0 0.23268498 0.0 0.042605083 0.020180484 0.19198096 0.08469855 0.0 0.016963948 0.039528854 0.026033226 0.07427277 0.0 0.0
0.0 0.0 0.0 0.1255732 0.0 0.0 0.0 0.0 0.040352777 0.0 0.0 0.0 0.07333034 0.04059771 0.0 0.0 0.0 0.0 0.0 0.0 0.07463322 0.0 0.0 0.0 0.0 0.036516525 0.0 0.0 0.0 0.046750207 0.17620474 0.0 0.0 0.0 0.0 0.0 0.0 0.0 0.0 0.04322226 0.018758984 0.058170028 0.0 0.0 0.0 0.0 0.0 0.0 0.05589224 0.0 0.0 0.0 0.0 0.13382575 0.076905906 0.0
0.0 0.0 0.0 0.01153129 0.0 0.032970097 0.0 0.0 0.0 0.0 0.012144954 0.0 0.08080458 0.0 0.0 0.0 0.0 0.0 0.0 0.0 0.0 0.0 0.0584247 0.0 0.0 0.045429375 0.0 0.24073403 0.0 0.0 0.0 0.0 0.0 0.0 0.0 0.0 0.0 0.0 0.0 0.0 0.0 0.0 0.0 0.061553802 0.0 0.0 0.0 0.0 0.0 0.17980213 0.043369077 0.0 0.0 0.053563654 0.06170287 0.0
0.090161175 0.0 0.0 0.0 0.045118984 0.21556765 0.0 0.0 0.0 0.08436463 0.0 0.0 0.0 0.0 0.014319317 0.18193738 0.0 0.0 0.0 0.0008596272 0.014808671 0.0 0.0 0.0074357567 0.031083172 0.0 0.0 0.0 0.0 0.0 0.0 0.0 0.05285706 0.007898881 0.023032485 0.0 0.09583316 0.043222256 0.0 0.0 0.0 0.0 0.0 0.0 0.17260465 0.0 0.0 0.0 0.0 0.038045835 0.0 0.0 0.0 0.0 0.0 0.0
0.026347017 0.0 0.0 0.0 0.09648301 0.0 0.0 0.0 0.0 0.082056426 0.030738464 0.13705125 0.0 0.0 0.0 0.0 0.033293806 0.0 0.0 0.0 0.0 0.0 0.02934967 0.0 0.0630323 0.0 0.0 0.0 0.0 0.03728793 0.0 0.10315427 0.0 0.11409528 0.04338889 0.020148305 0.048790008 0.018758984 0.0 0.0 0.0 0.0 0.0 0.0 0.008295263 0.041630663 0.0 0.0 0.0 0.0 0.0 0.12763864 0.049765922 0.0 0.0 0.0
0.002744058 0.0 0.0 0.0 0.0088619655 0.04049139 0.019419234 0.0 0.0 0.0 0.1733786 0.0 0.017530242 0.0 0.0 0.0 0.0 0.0 0.0 0.009452294 0.0 0.0 0.08910849 0.0 0.0 0.019541834 0.20983568 0.019333137 0.0 0.009881018 0.0 0.053182412 0.0 0.06106516 0.0 0.009610534 0.01943336 0.058170028 0.0 0.0 0.0 0.0 0.0 0.0 0.0 0.009372415 0.0 0.06424361 0.0 0.0 0.005301089 0.0042220587 0.0 0.0 0.0 0.0
0.0 0.08094986 0.09835287 0.0 0.0204451 0.0 0.0 0.0 0.025236981 0.0 0.0 0.0 0.0 0.06247288 0.0 0.0 0.052847564 0.0 0.0 0.026299508 0.022009393 0.0 0.01247955 0.0 0.08266934 0.0 0.015429041 0.0 0.0 0.17600518 0.0 0.012710063 0.010640457 0.0 0.0 0.0 0.0 0.0 0.0 0.0 0.0 0.0 0.0 0.016026575 0.0 0.0 0.022810558 0.027469538 0.0 0.019600159 0.0 0.0 0.20317543 0.0 0.0 0.0
0.0 0.0 0.0 0.0 0.0 0.0 0.0 0.07378859 0.0 0.13737486 0.020455897 0.018693844 0.0 0.0 0.0 0.004929494 0.0 0.0 0.0 0.0 0.0 0.0 0.05403998 0.0043921224 0.0 0.0 0.0 0.04653294 0.0 0.010404419 0.0 0.0 0.0 0.0 0.06268651 0.0 0.23268498 0.0 0.0615538 0.0 0.0 0.0 0.016026575 0.0 0.015539086 0.0 0.0 0.0 0.0 0.04732636 0.0 0.054200992 0.0 0.0 0.0 0.062027644
0.0 0.041339938 0.0 0.2721985 0.0 0.0 0.0 0.0 0.0 0.0 0.0 0.0 0.03864081 0.0 0.0 0.0012511708 0.010008394 0.0 0.0 0.017070282 0.0 0.0 0.0 0.0 0.0 0.0 0.0 0.0 0.0 0.0 0.12925474 0.0 0.0 0.0 0.0 0.0 0.0 0.0 0.0 0.17260465 0.008295263 0.0 0.0 0.015539086 0.0 0.0 0.06251404 0.035373 0.015968062 0.0 0.13255328 0.0 0.025154104 0.16180009 0.017549766 0.0
0.048038594 0.0 0.0 0.008254476 0.0 0.0 0.021839134 0.15106095 0.0 0.08737516 0.0038039726 0.0 0.043292448 0.047565278 0.0 0.0 0.0 0.0 0.0343378 0.0 0.0 0.0 0.0 0.0 0.0 0.035431873 0.0 0.0 0.0 0.054746255 0.0 0.0 0.0 0.0 0.13851906 0.0 0.042605083 0.0 0.0 0.0 0.041630667 0.009372415 0.0 0.0 0.0 0.0 0.0 0.0 0.0 0.015399211 0.02100112 0.013750979 0.0 0.067795485 0.068971 0.0
0.044855163 0.0 0.0 0.0 0.0 0.0 0.030284077 0.12072022 0.029439265 0.037211854 0.07786865 0.0 0.0 0.046231154 0.0071860724 0.0 0.0 0.02483584 0.0 0.0 0.0 0.03060477 0.04070783 0.0 0.0 0.04593205 0.0 0.01376297 0.0 0.079282425 0.0 0.0 0.0 0.07911531 0.009021802 0.0 0.020180484 0.0 0.0 0.0 0.0 0.0 0.022810558 0.0 0.06251404 0.0 0.0 0.009476253 0.0 0.0 0.0 0.07336237 0.0 0.021343382 0.057066254 0.0
0.0 0.0 0.0 0.0 0.0 0.0 0.0 0.111398086 0.0 0.0 0.0 0.0 0.0 0.0 0.0 0.0 0.0 0.0 0.10725257 0.0 0.0 0.0 0.008379484 0.035719052 0.0 0.0 0.0 0.0 0.04646658 0.0 0.0 0.0177641 0.0 0.0 0.034258645 0.0 0.19198096 0.0 0.0 0.0 0.0 0.06424361 0.02746954 0.0 0.035373 0.0 0.009476253 0.0 0.0 0.0 0.017726861 0.069250375 0.0 0.06945706 0.0 0.0
0.11599683 0.0 0.0 0.0 0.048113458 0.0 0.040272012 0.023443865 0.0 0.09763527 0.020011736 0.0 0.0 0.0 0.0 0.029717667 0.0 0.0 0.0 0.1166107 0.0 0.0 0.056197464 0.14562969 0.0 0.000833407 0.0023276734 0.0 0.0 0.0 0.0 0.0 0.0 0.0 0.042398855 0.06405678 0.08469854 0.05589224 0.0 0.0 0.0 0.0 0.0 0.0 0.015968062 0.0 0.0 0.0 0.0 0.0 0.04504231 0.016871022 0.0 0.0 0.09164433 0.0
0.0 0.0 0.0 0.0 0.0 0.1206098 0.0108759655 0.0 0.0 0.0 0.0053389706 0.1337701 0.0 0.0 0.0 0.026196493 0.0 0.0 0.0 0.04540137 0.0 0.08086723 0.0 0.0 0.006725725 0.015879458 0.0 0.0 0.0 0.0 0.0 0.020647362 0.017449081 0.0 0.0 0.0 0.0 0.0 0.17980213 0.038045835 0.0 0.0 0.019600157 0.04732636 0.0 0.01539921 0.0 0.0 0.0 0.0 0.0 0.0 0.035047527 0.0 0.0 0.008643663
0.0 0.0 0.0 0.0 0.06626775 0.0 0.0 0.0 0.030961232 0.0 0.0 0.0 0.025175218 0.038694236 0.3598621 0.0 0.0 0.07974366 0.03744649 0.0 0.0 0.0 0.0 0.08569713 0.0 0.0 0.0 0.0 0.0 0.0 0.0 0.017715398 0.0 0.0 0.0 0.0 0.016963948 0.0 0.043369077 0.0 0.0 0.005301089 0.0 0.0 0.13255328 0.02100112 0.0 0.017726861 0.04504231 0.0 0.0 0.0 0.0 0.0 0.0 0.0
0.0 0.0 0.0 0.0 0.0 0.0 0.0 0.0 0.08489006 0.0 0.0 0.0 0.0 0.0148561485 0.063778825 0.0 0.015397273 0.0 0.029488893 0.0 0.0 0.0 0.0 0.0 0.0 0.0 0.0 0.0 0.0 0.0 0.036646467 0.0 0.011582831 0.12096281 0.0 0.0 0.039528854 0.0 0.0 0.0 0.12763864 0.0042220587 0.0 0.054200992 0.0 0.013750979 0.07336237 0.069250375 0.016871022 0.0 0.0 0.0 0.010280564 0.0 0.0 0.20813616
0.10496529 0.008895668 0.052733798 0.0 0.0 0.0 0.050508365 0.0 0.0 0.043467816 0.06374109 0.057478312 0.0 0.0 0.0 0.0 0.0 0.0 0.0 0.0 0.0 0.0 0.0 0.0 0.0 0.0 0.0 0.055929866 0.013336449 0.0 0.0 0.0 0.0 0.038606506 0.15496056 0.029651215 0.026033225 0.0 0.0 0.0 0.049765922 0.0 0.20317543 0.0 0.025154104 0.0 0.0 0.0 0.0 0.035047527 0.0 0.010280564 0.0 0.0 0.026306609 0.0
0.023594223 0.0 0.025437443 0.0 0.040866952 0.061413053 0.0 0.0 0.0 0.0 0.102820896 0.016993396 0.0 0.0 0.0 0.0 0.0 0.0 0.0 0.0 0.0 0.0 0.0 0.0 0.0 0.0 0.048028108 0.008206545 0.0 0.012952954 0.0 0.0 0.0 0.0 0.0 0.0 0.074272774 0.13382576 0.053563654 0.0 0.0 0.0 0.0 0.0 0.16180009 0.067795485 0.021343382 0.06945706 0.0 0.0 0.0 0.0 0.0 0.0 0.0 0.0
0.0 0.0 0.03117711 0.029036695 0.09098958 0.0 0.0 0.0 0.07185692 0.0 0.0 0.0 0.0 0.0 0.016464962 0.084070265 0.0 0.016140383 0.029231953 0.0 0.034798373 0.0 0.0 0.0 0.014846861 0.0 0.0 0.0 0.0 0.0 0.06554843 0.05691883 0.094863735 0.0 0.0 0.0 0.0 0.076905906 0.06170287 0.0 0.0 0.0 0.0 0.0 0.017549764 0.06897099 0.05706625 0.0 0.091644324 0.0 0.0 0.0 0.026306607 0.0 0.0 0.0
0.051404856 0.0 0.0 0.0 0.0 0.0 0.0 0.01844848 0.0 0.0 0.0 0.020355316 0.0 0.0 0.0 0.0 0.071450725 0.0 0.0 0.0 0.0 0.004408798 0.0 0.030829724 0.0 0.0 0.0 0.0 0.16038802 0.013929838 0.0 0.0 0.0 0.0718524 0.05779104 0.0 0.0 0.0 0.0 0.0 0.0 0.0 0.0 0.06202764 0.0 0.0 0.0 0.0 0.0 0.008643663 0.0 0.20813616 0.0 0.0 0.0 0.28949
