0.17155223 0.0 0.0 0.0 0.012943987 0.0 0.13841024 0.029779095 0.0 0.0 0.0 0.016558262 0.0 0.016026614 0.0 0.0 0.0 0.0 0.023215085 0.0 0.0 0.048656426 0.0 0.0 0.03064248 0.0 0.0 0.0 0.08519528 0.061533898 0.0 0.0 0.0 0.08382631 0.026264545 0.0 0.08482035 0.0 0.006890158 0.0 0.0 0.0 0.0 0.0030415074 0.0 0.069488876 0.0 0.0 0.0 0.22080354 0.0 0.0 0.0 0.007849898 0.046212625 0.0
0.0 0.0 0.011732041 0.0 0.0 0.0 0.0 0.15233696 0.0 0.07596692 0.017611587 0.04989244 0.0 0.0 0.011781037 0.0 0.0 0.0 0.0 0.0 0.019055745 0.004671846 0.0 0.021658743 0.0 0.0 0.0 0.0 0.0 0.10150454 0.058861732 0.0 0.025502333 0.0 0.0 0.0 0.0 0.0 0.155624 0.0 0.0 0.0 0.0 0.0 0.073748454 0.0 0.0 0.0 0.020996282 0.17785579 0.0 0.0 0.00664423 0.0 0.0 0.0
0.0 0.011732041 0.0 0.0 0.0 0.0 0.0 0.0 0.0 0.061099384 0.022123292 0.0 0.0 0.0 0.16751859 0.025174059 0.057102714 0.016561488 0.0 0.0 0.1359163 0.14525726 0.0 0.0 0.024959082 0.017871805 0.0 0.0 0.11170736 0.0 0.05901342 0.0 0.00911021 0.0 0.0 0.0 0.0 0.0 0.06358861 0.0 0.0 0.0 0.0 0.0 0.030689076 0.0 0.0 0.0 0.0 0.0 0.0 0.0 0.0049037393 0.009835596 0.0 0.0
0.0 0.0 0.0 0.0 0.0 0.0 0.0 0.0 0.035635844 0.0 0.0 0.0 0.024341144 0.0 0.0 0.0 0.0 0.05751601 0.0 0.0 0.0 0.0 0.0 0.0 0.0029867678 0.09230335 0.0 0.17643157 0.0 0.0 0.0 0.0 0.0 0.0 0.0 0.15100491 0.0 0.0 0.0 0.11892255 0.1165449 0.0 0.0 0.0 0.0 0.0 0.0 0.0 0.0 0.0 0.0 0.0 0.0 0.0 0.0 0.12591705
0.012943987 0.0 0.0 0.0 0.0 0.0 0.0 0.097146235 0.0 0.2105104 0.0 0.0 0.0 0.0 0.0 0.0 0.00541542 0.01899213 0.0 0.0 0.0 0.0 0.0 0.11273354 0.0 0.0078068306 0.0 0.0012004559 0.0 0.08038156 0.0 0.0 0.0 0.0 0.028257526 0.0 0.011479385 0.0 0.0 0.0 0.0 0.00596876 0.0 0.0 0.12812248 0.0 0.0 0.0 0.0 0.0 0.0 0.03737677 0.0 0.08074255 0.0 0.011023422
0.0 0.0 0.0 0.0 0.0 0.0 0.0 0.0 0.0 0.0 0.0 0.0 0.0 0.0 0.0 0.10208417 0.0 0.0 0.0 0.04410077 0.11378408 0.0 0.013285159 0.0 0.02102864 0.0 0.0 0.0 0.0 0.0 0.051770873 0.0 0.1863564 0.0 0.0 0.0 0.0 0.0 0.09737788 0.033413526 0.0 0.0 0.0 0.0 0.0 0.0 0.0 0.20756532 0.11653 0.0053925174 0.0 0.0 0.0053278804 0.0 0.0 0.0
0.13841024 0.0 0.0 0.0 0.0 0.0 0.0 0.09475773 0.0 0.0 0.0 0.0 0.0 0.0 0.0 0.0 0.029556327 0.0 0.0 0.0 0.0 0.0 0.011373192 0.012366068 0.0 0.0 0.0 0.0 0.03479089 0.0 0.0 0.0 0.0 0.0 0.0 0.0049449904 0.0 0.0 0.0 0.0 0.22360794 0.0 0.0 0.16696186 0.0 0.0 0.0 0.0 0.0 0.0 0.0015568221 0.029337794 0.0 0.0 0.0 0.0
0.029779093 0.15233696 0.0 0.0 0.09714623 0.0 0.09475773 0.0 0.0 0.024110386 0.116538644 0.0 0.0 0.013714207 0.0 0.0 0.0 0.0 0.08730452 0.0 0.0 0.0 0.0 0.14694731 0.0 0.0 0.034438677 0.0 0.0 0.0 0.0 0.020376084 0.0 0.0 0.0 0.0 0.03404591 0.13043824 0.0 0.0 0.0 0.0 0.0 0.0 0.0 0.06768395 0.047552317 0.006760136 0.0 0.0 0.0 0.0 0.0 0.0 0.008230426 0.0
0.0 0.0 0.0 0.035635844 0.0 0.0 0.0 0.0 0.093635425 0.0 0.0 0.0 0.23035471 0.0 0.0 0.0 0.0 0.0 0.0 0.0 0.10639829 0.0 0.0 0.026683047 0.0 0.027095877 0.0 0.04864418 0.0 0.0 0.0 0.0 0.0 0.16288516 0.0 0.02045719 0.0 0.016379464 0.0 0.10436144 0.0 0.03829469 0.15774861 0.0 0.0 0.0 0.013217318 0.0 0.0039447616 0.0 0.0 0.0 0.0 0.08237696 0.0 0.0
0.0 0.07596692 0.061099384 0.0 0.2105104 0.0 0.0 0.024110386 0.0 0.0 0.017171167 0.0 0.0 0.07208298 0.0 0.04072328 0.0 0.0 0.03280551 0.0 0.0 0.0 0.0 0.023100961 0.07702118 0.056525256 0.03840971 0.0 0.0 0.0 0.019275269 0.0 0.0 0.012454693 0.0 0.0022684475 0.003961887 0.0 0.0 0.0 0.0 0.0 0.0 0.0 0.0 0.18285206 0.03948069 0.0 0.020982325 0.014799787 0.0 0.1138009 0.0 0.0 0.03591263 0.0
0.0 0.017611587 0.022123292 0.0 0.0 0.0 0.0 0.11653865 0.0 0.017171167 0.0 0.0 0.0 0.026419902 0.0 0.0 0.008155821 0.0 0.0 0.0 0.0 0.0 0.0 0.04985773 0.10016967 0.061332792 0.0 0.0 0.0 0.0 0.007886197 0.0 0.0 0.007862055 0.0 0.0 0.0 0.0 0.0 0.0120527465 0.023004377 0.0 0.0 0.045906235 0.0 0.0 0.0 0.0 0.0 0.0038045023 0.0 0.058899883 0.067247055 0.18180814 0.035286468 0.054486014
0.01655826 0.049892444 0.0 0.0 0.0 0.0 0.0 0.0 0.0 0.0 0.0 0.0 0.1319172 0.12221372 0.027546229 0.0 0.0075808438 0.0 0.0 0.0 0.0 0.0 0.046070322 0.03376826 0.09799026 0.07920023 0.0 0.0 0.00552987 0.0 0.0 0.10590634 0.0 0.0070806276 0.0 0.0 0.0 0.0 0.0 0.014741082 0.1469577 0.0 0.0 0.04269624 0.0 0.0 0.0 0.0 0.0 0.0 0.013003055 0.01835992 0.003234986 0.07427135 0.0 0.0
0.0 0.0 0.0 0.024341144 0.0 0.0 0.0 0.0 0.23035471 0.0 0.0 0.13191718 0.0 0.0 0.0 0.0 0.00799706 0.0 0.0 0.0 0.042217158 0.029365286 0.062047567 0.0 0.044095352 0.0 0.0 0.0 0.0 0.05685285 0.0 0.024297599 0.0 0.0 0.0 0.09373518 0.0 0.018224932 0.101876594 0.0 0.0 0.013469968 0.0 0.0 0.014512264 0.0 0.0 0.0 0.0 0.0 0.0 0.0 0.0 0.0 0.0 0.0
0.016026614 0.0 0.0 0.0 0.0 0.0 0.0 0.013714207 0.0 0.07208298 0.026419904 0.12221373 0.0 0.0 0.0 0.0 0.0 0.0 0.0 0.0 0.0 0.053324994 0.07386832 0.038780805 0.0 0.0 0.04268334 0.0 0.0 0.0 0.0 0.0 0.0 0.0 0.24752603 0.0 0.0 0.0 0.0 0.0 0.0 0.0 0.02562238 0.0 0.14000528 0.0 0.017903343 0.0 0.0 0.0 0.0 0.0 0.0 0.0 0.0 0.0
0.0 0.011781037 0.1675186 0.0 0.0 0.0 0.0 0.0 0.0 0.0 0.0 0.027546229 0.0 0.0 0.21099894 0.0 0.03669703 0.0 0.06965561 0.0 0.0 0.0 0.0 0.0 0.05132619 0.0 0.0 0.0 0.08783464 0.09082288 0.0 0.0 0.0 0.024332725 0.0 0.0 0.0 0.0 0.0749896 0.0 0.0 0.07949567 0.0 0.0 0.0 0.0 0.0 0.0 0.06365725 0.037775256 0.0 0.0 0.019544337 0.0 0.0 0.0
0.0 0.0 0.025174057 0.0 0.0 0.10208417 0.0 0.0 0.0 0.04072328 0.0 0.0 0.0 0.0 0.0 0.0 0.0 0.17501538 0.0 0.04284273 0.0 0.060218446 0.0062754657 0.0 0.076030225 0.0 0.04225394 0.0 0.0 0.05705379 0.014424545 0.0 0.11385184 0.0 0.0 0.0 0.0 0.0 0.02267248 0.0 0.0 0.0 0.0 0.0 0.0 0.0 0.0 0.03220999 0.0 0.085354924 0.0 0.012398509 0.03577872 0.0 0.0048086983 0.0
0.0 0.0 0.057102714 0.0 0.0054154205 0.0 0.029556325 0.0 0.0 0.0 0.008155822 0.0075808433 0.00799706 0.0 0.036697034 0.0 0.1421835 0.0 0.049282704 0.0 0.14483872 0.056866817 0.0035269454 0.0 0.0 0.0 0.010968607 0.0 0.07721712 0.0 0.043039795 0.048115134 0.013895112 0.0 0.0 0.0 0.0 0.0 0.0041112388 0.0 0.035097465 0.0 0.00034643276 0.029053643 0.0 0.020481562 0.0 0.0 0.19058912 0.0 0.0 0.0 0.0 0.0 0.0 0.07221125
0.0 0.0 0.016561488 0.05751601 0.01899213 0.0 0.0 0.0 0.0 0.0 0.0 0.0 0.0 0.0 0.0 0.17501538 0.0 0.031221181 0.0 0.0 0.12450171 0.0 0.11921631 0.0 0.039527938 0.0 0.029548813 0.0 0.0 0.0 0.012865036 0.06441537 0.0 0.0 0.0 0.0 0.0 0.0 0.0 0.054451156 0.0 0.0 0.0 0.0 0.0 0.0 0.0 0.0 0.0 0.0 0.015479457 0.0 0.0 0.20719334 0.0 0.0
0.023215085 0.0 0.0 0.0 0.0 0.0 0.0 0.08730452 0.0 0.03280551 0.0 0.0 0.0 0.0 0.06965561 0.0 0.049282704 0.0 0.0 0.0 0.0 0.0 0.0 0.05139967 0.0 0.0 0.0 0.0 0.0 0.0 0.0 0.0 0.0 0.0 0.0017753028 0.095355645 0.0 0.18176202 0.05962823 0.0 0.0 0.0 0.0 0.0 0.039626032 0.0 0.0 0.0066892356 0.0 0.0 0.0 0.24074419 0.0 0.0 0.0 0.0
0.0 0.0 0.0 0.0 0.0 0.04410077 0.0 0.0 0.0 0.0 0.0 0.0 0.0 0.0 0.0 0.04284273 0.0 0.0 0.0 0.15814911 0.0 0.0 0.0076782997 0.0 0.12031878 0.0 0.0 0.0 0.0 0.0 0.0 0.0 0.0 0.0 0.0 0.0 0.0 0.0 0.12843391 0.0 0.0 0.0 0.0 0.09579608 0.0 0.0 0.0 0.15934722 0.020137256 0.0 0.21621136 0.0 0.040843584 0.0 0.0 0.0
0.0 0.019055745 0.13591631 0.0 0.0 0.11378408 0.0 0.0 0.10639829 0.0 0.0 0.0 0.042217158 0.0 0.0 0.0 0.14483872 0.12450171 0.0 0.0 0.1201469 0.0 0.0 0.0 0.05456912 0.0 0.0 0.0 0.039127998 0.0 0.018110188 0.0 0.0 0.0 0.0 0.0 0.0 0.0 0.0 0.0 0.0 0.0 0.0 0.0 0.0 0.0 0.0 0.0 0.0 0.0 0.0 0.0 0.0 0.0 0.0 0.0
0.048656426 0.004671846 0.14525726 0.0 0.0 0.0 0.0 0.0 0.0 0.0 0.0 0.0 0.029365286 0.053324994 0.0 0.060218446 0.056866817 0.0 0.0 0.0 0.0 0.03815914 0.0 0.0 0.0 0.0050443723 0.0 0.005591384 0.10990121 0.012544544 0.0 0.0 0.0 0.0 0.0 0.0 0.0 0.0 0.0 0.10791682 0.21516517 0.0 0.0 0.0 0.0 0.0 0.0 0.0 0.0 0.0 0.0 0.0 0.0 0.0 0.0 0.0
0.0 0.0 0.0 0.0 0.0 0.013285159 0.011373192 0.0 0.0 0.0 0.0 0.046070322 0.062047567 0.07386831 0.0 0.0062754657 0.0035269454 0.11921631 0.0 0.0076783 0.0 0.0 0.0057966216 0.006992326 0.0 0.11276659 0.06791062 0.0 0.0 0.0 0.0 0.0 0.0 0.0 0.09867859 0.0 0.0024570595 0.0 0.0036006907 0.1256037 0.0 0.026903868 0.0 0.03706338 0.0 0.07265469 0.0 0.0 0.0 0.0 0.0 0.0 0.043639686 0.040817033 0.0 0.07795946
0.0 0.021658745 0.0 0.0 0.11273355 0.0 0.012366067 0.14694732 0.026683046 0.02310096 0.04985773 0.033768263 0.0 0.038780805 0.0 0.0 0.0 0.0 0.051399674 0.0 0.0 0.0 0.006992326 0.0 0.0 0.0 0.012680111 0.0 0.0 0.018584875 0.0 0.026738096 0.0 0.0 0.0 0.0 0.0 0.06483913 0.0 0.06956015 0.0 0.0 0.014216654 0.0 0.0 0.0036034412 0.09796021 0.0 0.0 0.0 0.0 0.078018166 0.0029471752 0.12161571 0.0 0.030496033
0.03064248 0.0 0.024959082 0.0029867678 0.0 0.021028642 0.0 0.0 0.0 0.077021174 0.10016967 0.09799025 0.04409535 0.0 0.05132619 0.076030225 0.0 0.039527934 0.0 0.12031878 0.05456912 0.0 0.0 0.0 0.0 0.0 0.04608454 0.0 0.03320749 0.0 0.0 0.024391104 0.050125934 0.0 0.0 0.0 0.0 0.0 0.046495948 0.0 0.0 0.0 0.0 0.0 0.02197947 0.0 0.0 0.0 0.037577122 0.0 0.0 0.0 0.0382281 0.0098983105 0.0 0.0
0.0 0.0 0.017871805 0.09230335 0.0078068306 0.0 0.0 0.0 0.027095877 0.056525256 0.061332792 0.07920022 0.0 0.0 0.0 0.0 0.0 0.0 0.0 0.0 0.0 0.0050443728 0.1127666 0.0 0.0 0.0 0.01842113 0.21599817 0.036593977 0.0 0.0 0.0 0.0 0.0 0.0433808 0.051155858 0.0 0.0 0.012686202 0.0 0.0 0.0 0.0 0.0 0.0087243635 0.0 0.0 0.0 0.0 0.0 0.0 0.0 0.0 0.0 0.0 0.0
0.0 0.0 0.0 0.0 0.0 0.0 0.0 0.034438677 0.0 0.03840971 0.0 0.0 0.0 0.042683344 0.0 0.042253945 0.010968606 0.029548813 0.0 0.0 0.0 0.0 0.06791062 0.012680111 0.04608454 0.01842113 0.19990943 0.060874227 0.0 0.0 0.0 0.0 0.00742709 0.007998226 0.106199294 0.0 0.012525751 0.0 0.0 0.0 0.019952688 0.0 0.0 0.02698772 0.021030487 0.04586737 0.0 0.0 0.0 0.036225777 0.0 0.010361085 0.0 0.01551737 0.0 0.0468971
0.0 0.0 0.0 0.17643157 0.0012004559 0.0 0.0 0.0 0.04864418 0.0 0.0 0.0 0.0 0.0 0.0 0.0 0.0 0.0 0.0 0.0 0.0 0.005591384 0.0 0.0 0.0 0.21599816 0.060874227 0.15246582 0.019679544 0.0 0.0 0.0 0.0 0.0 0.0 0.0 0.0 0.0 0.0 0.0855925 0.06367542 0.10605359 0.08691291 0.0 0.0 0.0 0.09506576 0.0 0.010523561 0.0 0.0 0.0 0.0 0.0 0.0 0.0
0.08519529 0.0 0.11170736 0.0 0.0 0.0 0.034790885 0.0 0.0 0.0 0.0 0.00552987 0.0 0.0 0.08783464 0.0 0.07721712 0.0 0.0 0.0 0.039127998 0.10990121 0.0 0.0 0.03320749 0.036593974 0.0 0.019679546 0.14941838 0.066128954 0.0 0.043139495 0.0 0.0 0.0 0.0 0.0 0.0 0.0 0.0 0.022640893 0.0 0.0 0.027661392 0.0 0.0 0.0 0.0 0.0 0.0 0.0 0.0 0.0 0.0 0.0 0.0
0.061533898 0.10150454 0.0 0.0 0.08038155 0.0 0.0 0.0 0.0 0.0 0.0 0.0 0.05685285 0.0 0.09082288 0.057053793 0.0 0.0 0.0 0.0 0.0 0.012544544 0.0 0.018584875 0.0 0.0 0.0 0.0 0.066128954 0.0 0.0 0.0 0.035425548 0.22651814 0.0 0.0077449204 0.0 0.0 0.0 0.0 0.05730617 0.0 0.039509572 0.014955645 0.016390836 0.0 0.01797538 0.0 0.0 0.0 0.026607951 0.059838194 0.0 0.004724258 0.0 0.0
0.0 0.058861732 0.05901342 0.0 0.0 0.051770877 0.0 0.0 0.0 0.019275269 0.007886198 0.0 0.0 0.0 0.0 0.014424545 0.043039795 0.012865036 0.0 0.0 0.018110188 0.0 0.0 0.0 0.0 0.0 0.0 0.0 0.0 0.0 0.0 0.0 0.119076476 0.018922405 0.0 0.0 0.007149348 0.0 0.0 0.2088344 0.039718125 0.034473512 0.0 0.0 0.06007025 0.0 0.022174174 0.0020345405 0.0 0.0 0.0 0.0 0.033601265 0.0 0.0 0.17399552
0.0 0.0 0.0 0.0 0.0 0.0 0.0 0.020376084 0.0 0.0 0.0 0.10590633 0.024297599 0.0 0.0 0.0 0.048115134 0.06441537 0.0 0.0 0.0 0.0 0.0 0.026738096 0.024391105 0.0 0.0 0.0 0.043139495 0.0 0.0 0.25588384 0.0 0.0 0.0 0.009570558 0.0 0.0 0.0 0.0 0.0 0.057604827 0.030464541 0.0 0.0 0.0 0.0 0.0 0.0 0.0 0.0 0.0 0.023111263 0.031206872 0.0 0.20815748
0.0 0.025502333 0.00911021 0.0 0.0 0.1863564 0.0 0.0 0.0 0.0 0.0 0.0 0.0 0.0 0.0 0.11385183 0.013895112 0.0 0.0 0.0 0.0 0.0 0.0 0.0 0.050125934 0.0 0.00742709 0.0 0.0 0.035425548 0.119076476 0.0 0.0 0.0 0.0 0.0 0.060956195 0.0 0.041279525 0.0 0.0 0.02474698 0.0 0.0 0.0 0.0 0.0 0.0 0.07561512 0.035383258 0.0030904147 0.0 0.18806514 0.0 0.0 0.0
0.08382631 0.0 0.0 0.0 0.0 0.0 0.0 0.0 0.16288516 0.012454692 0.007862055 0.0070806276 0.0 0.0 0.024332723 0.0 0.0 0.0 0.0 0.0 0.0 0.0 0.0 0.0 0.0 0.0 0.007998226 0.0 0.0 0.22651814 0.018922405 0.0 0.0 0.0 0.0 0.039264403 0.0 0.051557124 0.019780139 0.0 0.0 0.02022816 0.01193377 0.0 0.0 0.0 0.0 0.0 0.0 0.0 0.0 0.0 0.0 0.0 0.0 0.0
0.026264545 0.0 0.0 0.0 0.028257526 0.0 0.0 0.0 0.0 0.0 0.0 0.0 0.0 0.24752605 0.0 0.0 0.0 0.0 0.0017753028 0.0 0.0 0.0 0.09867859 0.0 0.0 0.0433808 0.106199294 0.0 0.0 0.0 0.0 0.0 0.0 0.0 0.0 0.0 0.0 0.0 0.0 0.0 0.0 0.0 0.0 0.0 0.0 0.0 0.01983388 0.0 0.0 0.07272704 0.3421657 0.0 0.0 0.0 0.07558582 0.0
0.0 0.0 0.0 0.15100491 0.0 0.0 0.0049449904 0.0 0.02045719 0.0022684475 0.0 0.0 0.09373517 0.0 0.0 0.0 0.0 0.0 0.095355645 0.0 0.0 0.0 0.0 0.0 0.0 0.051155858 0.0 0.0 0.0 0.0077449204 0.0 0.009570558 0.0 0.039264403 0.0 0.0 0.0 0.0 0.0 0.110788815 0.0 0.18485805 0.12243016 0.012161436 0.0 0.0 0.08222153 0.0 0.0021245675 0.0 0.0 0.0 0.0 0.1358999 0.0 0.06575652
0.08482036 0.0 0.0 0.0 0.011479386 0.0 0.0 0.03404591 0.0 0.003961887 0.0 0.0 0.0 0.0 0.0 0.0 0.0 0.0 0.0 0.0 0.0 0.0 0.0024570595 0.0 0.0 0.0 0.01252575 0.0 0.0 0.0 0.007149348 0.0 0.060956195 0.0 0.0 0.0 0.0 0.0 0.0 0.0 0.0 0.0 0.0 0.0 0.0 0.0057088793 0.0 0.2175384 0.0 0.032854367 0.120238334 0.0034810645 0.0 0.0 0.4971672 0.0
0.0 0.0 0.0 0.0 0.0 0.0 0.0 0.13043824 0.016379464 0.0 0.0 0.0 0.018224932 0.0 0.0 0.0 0.0 0.0 0.18176204 0.0 0.0 0.0 0.0 0.06483913 0.0 0.0 0.0 0.0 0.0 0.0 0.0 0.0 0.0 0.051557127 0.0 0.0 0.0 0.0 0.0 0.038459267 0.030484581 0.0 0.0 0.10206582 0.0 0.0 0.0 0.0 0.0 0.0 0.05304794 0.0334447 0.0 0.10110225 0.0 0.0
0.006890158 0.155624 0.06358861 0.0 0.0 0.09737788 0.0 0.0 0.0 0.0 0.0 0.0 0.10187659 0.0 0.0749896 0.022672478 0.0041112388 0.0 0.05962823 0.12843391 0.0 0.0 0.003600691 0.0 0.046495948 0.012686203 0.0 0.0 0.0 0.0 0.0 0.0 0.041279525 0.01978014 0.0 0.0 0.0 0.0 0.0 0.0 0.0 0.008228776 0.0 0.0 0.0 0.03997751 0.0 0.0 0.047696598 0.0 0.035805997 0.0 0.16266572 0.0 0.0 0.0
0.0 0.0 0.0 0.118922554 0.0 0.033413526 0.0 0.0 0.10436144 0.0 0.0120527465 0.014741082 0.0 0.0 0.0 0.0 0.0 0.054451156 0.0 0.0 0.0 0.10791682 0.12560372 0.069560155 0.0 0.0 0.0 0.08559251 0.0 0.0 0.20883441 0.0 0.0 0.0 0.0 0.11078882 0.0 0.038459267 0.0 0.0 0.0 0.0 0.013168203 0.0 0.0 0.0 0.0 0.0 0.0 0.0 0.0 0.0 0.0 0.0 0.0 0.0
0.0 0.0 0.0 0.1165449 0.0 0.0 0.22360794 0.0 0.0 0.0 0.023004375 0.1469577 0.0 0.0 0.0 0.0 0.035097465 0.0 0.0 0.0 0.0 0.21516517 0.0 0.0 0.0 0.0 0.01995269 0.06367542 0.022640893 0.05730617 0.039718125 0.0 0.0 0.0 0.0 0.0 0.0 0.030484581 0.0 0.0 0.0 0.0 0.13205428 0.0 0.0 0.0 0.0 0.0 0.0 0.0 0.0 0.0 0.0 0.0 0.0 0.0
0.0 0.0 0.0 0.0 0.0059687602 0.0 0.0 0.0 0.038294695 0.0 0.0 0.0 0.013469969 0.0 0.07949567 0.0 0.0 0.0 0.0 0.0 0.0 0.0 0.026903866 0.0 0.0 0.0 0.0 0.1060536 0.0 0.0 0.034473512 0.05760483 0.024746979 0.02022816 0.0 0.18485807 0.0 0.0 0.008228776 0.0 0.0 0.0 0.1335668 0.0 0.0 0.0 0.0 0.0 0.0 0.0 0.01280531 0.0 0.0 0.0 0.0 0.0
0.0 0.0 0.0 0.0 0.0 0.0 0.0 0.0 0.15774861 0.0 0.0 0.0 0.0 0.02562238 0.0 0.0 0.00034643273 0.0 0.0 0.0 0.0 0.0 0.0 0.014216654 0.0 0.0 0.0 0.08691291 0.0 0.039509572 0.0 0.03046454 0.0 0.01193377 0.0 0.12243016 0.0 0.0 0.0 0.013168204 0.13205428 0.1335668 0.1513277 0.0 0.0 0.0 0.09220143 0.0 0.0 0.0 0.0 0.0 0.0 0.0 0.0 0.0
0.0030415074 0.0 0.0 0.0 0.0 0.0 0.16696188 0.0 0.0 0.0 0.04590624 0.04269624 0.0 0.0 0.0 0.0 0.029053645 0.0 0.0 0.095796086 0.0 0.0 0.03706338 0.0 0.0 0.0 0.026987722 0.0 0.027661392 0.014955645 0.0 0.0 0.0 0.0 0.0 0.012161436 0.0 0.10206582 0.0 0.0 0.0 0.0 0.0 0.0 0.15666986 0.054528233 0.045342088 0.0 0.0 0.0 0.0 0.0 0.0 0.0 0.0 0.0
0.0 0.07374845 0.030689076 0.0 0.12812248 0.0 0.0 0.0 0.0 0.0 0.0 0.0 0.014512265 0.14000529 0.0 0.0 0.0 0.0 0.039626032 0.0 0.0 0.0 0.0 0.0 0.021979472 0.008724364 0.021030487 0.0 0.0 0.016390838 0.060070254 0.0 0.0 0.0 0.0 0.0 0.0 0.0 0.0 0.0 0.0 0.0 0.0 0.15666986 0.0 0.18389907 0.14256239 9.88687e-05 0.013347544 0.07025622 0.0 0.0 0.0 0.017844805 0.08544214 0.0
0.069488876 0.0 0.0 0.0 0.0 0.0 0.0 0.06768396 0.0 0.18285204 0.0 0.0 0.0 0.0 0.0 0.0 0.020481564 0.0 0.0 0.0 0.0 0.0 0.07265468 0.003603441 0.0 0.0 0.04586737 0.0 0.0 0.0 0.0 0.0 0.0 0.0 0.0 0.0 0.0057088793 0.0 0.03997751 0.0 0.0 0.0 0.0 0.054528233 0.18389909 0.088978425 0.0 0.0 0.0 0.03354082 0.0 0.024802534 0.0 0.0 0.0 0.1271771
0.0 0.0 0.0 0.0 0.0 0.0 0.0 0.047552317 0.013217318 0.03948069 0.0 0.0 0.0 0.017903343 0.0 0.0 0.0 0.0 0.0 0.0 0.0 0.0 0.0 0.09796021 0.0 0.0 0.0 0.09506576 0.0 0.017975379 0.022174176 0.0 0.0 0.0 0.01983388 0.08222153 0.0 0.0 0.0 0.0 0.0 0.0 0.09220143 0.045342088 0.14256239 0.0 0.0 0.0 0.0 0.0 0.0 0.13055944 0.0 0.0 0.0 0.0
0.0 0.0 0.0 0.0 0.0 0.20756531 0.0 0.006760136 0.0 0.0 0.0 0.0 0.0 0.0 0.0 0.03220999 0.0 0.0 0.006689236 0.1593472 0.0 0.0 0.0 0.0 0.0 0.0 0.0 0.0 0.0 0.0 0.0020345405 0.0 0.0 0.0 0.0 0.0 0.2175384 0.0 0.0 0.0 0.0 0.0 0.0 0.0 9.88687e-05 0.0 0.0 0.21593972 0.0 0.0 0.0 0.0 0.0 0.0 0.0 0.0
0.0 0.020996284 0.0 0.0 0.0 0.11653 0.0 0.0 0.003944761 0.020982325 0.0 0.0 0.0 0.0 0.06365725 0.0 0.19058913 0.0 0.0 0.020137258 0.0 0.0 0.0 0.0 0.037577122 0.0 0.0 0.01052356 0.0 0.0 0.0 0.0 0.07561512 0.0 0.0 0.0021245677 0.0 0.0 0.047696598 0.0 0.0 0.0 0.0 0.0 0.013347544 0.0 0.0 0.0 0.0 0.0 0.0 0.0 0.23005545 0.0 0.0 0.0
0.22080354 0.1778558 0.0 0.0 0.0 0.0053925174 0.0 0.0 0.0 0.014799788 0.003804502 0.0 0.0 0.0 0.037775256 0.085354924 0.0 0.0 0.0 0.0 0.0 0.0 0.0 0.0 0.0 0.0 0.036225777 0.0 0.0 0.0 0.0 0.0 0.035383258 0.0 0.07272704 0.0 0.032854367 0.0 0.0 0.0 0.0 0.0 0.0 0.0 0.07025622 0.03354082 0.0 0.0 0.0 0.0 0.0 0.0 0.0 0.0 0.0 0.0
0.0 0.0 0.0 0.0 0.0 0.0 0.001556822 0.0 0.0 0.0 0.0 0.013003056 0.0 0.0 0.0 0.0 0.0 0.015479457 0.0 0.21621136 0.0 0.0 0.0 0.0 0.0 0.0 0.0 0.0 0.0 0.026607951 0.0 0.0 0.0030904147 0.0 0.34216574 0.0 0.12023833 0.05304794 0.035805997 0.0 0.0 0.01280531 0.0 0.0 0.0 0.0 0.0 0.0 0.0 0.0 0.0 0.08595598 0.055868614 0.0 0.0 0.0
0.0 0.0 0.0 0.0 0.037376773 0.0 0.029337794 0.0 0.0 0.113800906 0.058899883 0.018359918 0.0 0.0 0.0 0.012398509 0.0 0.0 0.24074419 0.0 0.0 0.0 0.0 0.07801817 0.0 0.0 0.010361086 0.0 0.0 0.059838194 0.0 0.0 0.0 0.0 0.0 0.0 0.0034810645 0.0334447 0.0 0.0 0.0 0.0 0.0 0.0 0.0 0.024802534 0.13055946 0.0 0.0 0.0 0.08595598 0.0 0.0016220006 0.0 0.09053131 0.0
0.0 0.00664423 0.00490374 0.0 0.0 0.0053278804 0.0 0.0 0.0 0.0 0.067247055 0.0032349862 0.0 0.0 0.019544337 0.035778716 0.0 0.0 0.0 0.04084358 0.0 0.0 0.043639686 0.0029471752 0.0382281 0.0 0.0 0.0 0.0 0.0 0.033601265 0.023111261 0.18806514 0.0 0.0 0.0 0.0 0.0 0.16266572 0.0 0.0 0.0 0.0 0.0 0.0 0.0 0.0 0.0 0.23005544 0.0 0.05586861 0.0016220007 0.10106253 0.0 0.0 0.0
0.007849898 0.0 0.009835596 0.0 0.08074255 0.0 0.0 0.0 0.08237696 0.0 0.18180814 0.07427135 0.0 0.0 0.0 0.0 0.0 0.20719333 0.0 0.0 0.0 0.0 0.040817033 0.12161571 0.0098983105 0.0 0.015517369 0.0 0.0 0.004724258 0.0 0.03120687 0.0 0.0 0.0 0.1358999 0.0 0.10110225 0.0 0.0 0.0 0.0 0.0 0.0 0.017844804 0.0 0.0 0.0 0.0 0.0 0.0 0.0 0.0 0.0 0.0 0.0
0.046212625 0.0 0.0 0.0 0.0 0.0 0.0 0.008230426 0.0 0.03591263 0.035286468 0.0 0.0 0.0 0.0 0.0048086983 0.0 0.0 0.0 0.0 0.0 0.0 0.0 0.0 0.0 0.0 0.0 0.0 0.0 0.0 0.0 0.0 0.0 0.0 0.07558581 0.0 0.49716717 0.0 0.0 0.0 0.0 0.0 0.0 0.0 0.08544213 0.0 0.0 0.0 0.0 0.0 0.0 0.09053131 0.0 0.0 0.0 0.0
0.0 0.0 0.0 0.12591705 0.011023422 0.0 0.0 0.0 0.0 0.0 0.054486014 0.0 0.0 0.0 0.0 0.0 0.07221125 0.0 0.0 0.0 0.0 0.0 0.07795946 0.030496035 0.0 0.0 0.046897095 0.0 0.0 0.0 0.17399552 0.20815748 0.0 0.0 0.0 0.06575653 0.0 0.0 0.0 0.0 0.0 0.0 0.0 0.0 0.0 0.1271771 0.0 0.0 0.0 0.0 0.0 0.0 0.0 0.0 0.0 0.0
