0.0 0.068159774 0.018567564 0.0 0.03749102 0.0 0.0 0.0 0.0 0.0 0.019873548 0.047599275 0.0 0.0 0.039088026 0.0002547497 0.0 0.0 0.093464285 0.0 0.11469442 0.0 0.011729026 0.0 0.0 0.055502806 0.0011298478 0.018162671 0.22067149 0.10067025 0.014962875 0.0 0.0 0.14318524 0.0 0.051295005 0.0 0.0 0.0 0.0 0.0 0.0 0.010430566 0.028538903 0.0 0.00044045737 0.016454933 0.0 0.0 0.0 0.030688412 0.0 0.0 0.0 0.0 0.0
0.068159774 0.002774469 0.0 0.0 0.056015022 0.0 0.0 0.0 0.0 0.012601272 0.013331654 0.0 0.0 0.0 0.0 0.0 0.0 0.013820655 0.0 0.043205347 0.0 0.0 0.15124425 0.07762905 0.0 0.001215895 0.017579943 0.05385398 0.0 0.0 0.002793929 0.0 0.030952202 0.0 0.005387194 0.0 0.02249821 0.08348189 0.0 0.0 0.0 0.0 0.0 0.0 0.12450237 0.072490916 0.0006382786 0.0 0.0 0.0 0.0 0.08718349 0.0 0.0 0.03501074 0.0
0.018567564 0.0 0.0 0.0 0.087814905 0.09314245 0.0 0.029450634 0.0 0.0 0.0 0.0 0.0 0.0 0.0 0.0 0.0 0.03446395 0.0 0.09679025 0.0 0.039169345 0.0057214256 0.042413175 0.0 0.0 0.04468992 0.0 0.0 0.0 0.0 0.062293015 0.08452681 0.0 0.0 0.0 0.08172127 0.015165918 0.056295287 0.0 0.0 0.0 0.0 0.0 0.01843443 0.055717014 0.0 0.0 0.091665745 0.0 0.0 0.0 0.0 0.0 0.021007104 0.0
0.0 0.0 0.0 0.0 0.0 0.0 0.14853857 0.078301564 0.0 0.0 0.0 0.0 0.0 0.0 0.0 0.008922773 0.07178696 0.08012971 0.0 0.0 0.032486476 0.0 0.0 0.0 0.0 0.0 0.0 0.0 0.0 0.0 0.014524621 0.008861469 0.0 0.0 0.13970003 0.0 0.015175623 0.054025616 0.0 0.0 0.0 0.0 0.0 0.0 0.0 0.0 0.0 0.17901795 0.0 0.0 0.0 0.0 0.02217479 0.07490602 0.0 0.0
0.03749102 0.05601502 0.087814905 0.0 0.0 0.0 0.0 0.0 0.0 0.0 0.051397074 0.0 0.0 0.0 0.0 0.05505146 0.0 0.0 0.0 0.042690694 0.0 0.0 0.028912555 0.0 0.0 0.0 0.0 0.0 0.0 0.0 0.0 0.0 0.10971437 0.0 0.110842 0.026761085 0.0 0.01244576 0.0 0.0 0.0 0.0 0.0 0.0 0.0 0.005291851 0.0 0.0 0.0 0.049550816 0.0 0.0 0.0 0.0 0.0 0.0
0.0 0.0 0.09314245 0.0 0.0 0.0 0.0 0.03927342 0.0 0.0 0.0 0.0 0.0 0.0 0.0 0.0 0.0 0.0 0.0 0.029773995 0.0 0.08312844 0.0 0.0 0.0030909951 0.0 0.0 0.0 0.0 0.0 0.0 0.0 0.0 0.0 0.0 0.0 0.15732281 0.0 0.0 0.0 0.05053015 0.0 0.0 0.008611056 0.06529286 0.0 0.0 0.08390945 0.0 0.24714953 0.0 0.0 0.01191327 0.0 0.0 0.0
0.0 0.0 0.0 0.14853857 0.0 0.0 0.0 0.06380886 0.0 0.0 0.0 0.0 0.03173628 0.01045255 0.0 0.0 0.0 0.0 0.0 0.0 0.0 0.0 0.22729336 0.0 0.0 0.057650425 0.01632439 0.007555295 0.0 0.0 0.040559553 0.008671772 0.0 0.0 0.0 0.0 0.0 0.006379343 0.0 0.0 0.013996855 0.0 0.0 0.0 0.0 0.0 0.0 0.0 0.0 0.0 0.0971427 0.057555504 0.0 0.05255597 0.0 0.0
0.0 0.0 0.029450633 0.078301564 0.0 0.039273422 0.063808866 0.0 0.09569665 0.0 0.0 0.041820627 0.08182482 0.0 0.0 0.01154182 0.0 0.0 0.0018784935 0.0 0.056924764 0.030718526 0.0 0.0 0.04310326 0.0 0.0 0.006385372 0.043274786 0.123032525 0.0134422155 0.0 0.121048085 0.0 0.0 0.0 0.0 0.0 0.078242935 0.05844067 0.0 0.0 0.0 0.033917684 0.0 0.015644053 0.017233172 0.0 0.024148047 0.0 0.027507536 0.031168243 0.06256211 0.0 0.0 0.0041223974
0.0 0.0 0.0 0.0 0.0 0.0 0.0 0.09569665 0.0 0.042236764 0.028584093 0.0 0.0 0.0 0.0 0.18318081 0.0 0.0 0.0 0.08864867 0.0 0.0 0.0034596059 0.027959574 0.0 0.0 0.0 0.0 0.0 0.0 0.0 0.0 0.23595446 0.0 0.012257015 0.0 0.09214238 0.009083966 0.029748391 0.0 0.0 0.0 0.0 0.0 0.0 0.0 0.0 0.0 0.0 0.0054347795 0.01176684 0.04201591 0.0 0.0 0.0 0.0
0.0 0.012601272 0.0 0.0 0.0 0.0 0.0 0.0 0.04223676 0.0 0.0 0.0 0.16801189 0.0 0.0 0.0 0.0 0.0 0.0 0.0 0.12496318 0.0 0.0 0.0 0.0 0.012456476 0.05386813 0.0 0.2700963 0.0 0.0 0.0 0.04151305 0.07221433 0.0 0.04901664 0.0 0.0 0.0 0.0041174167 0.0 0.0 0.06256988 0.0049295747 0.016206363 0.0 0.0 0.0 0.009607047 0.0 0.006085783 0.025847474 0.0 0.0 0.003682023 0.0
0.019873548 0.013331654 0.0 0.0 0.051397078 0.0 0.0 0.0 0.028584093 0.0 0.09855096 0.0 0.04622594 0.0709777 0.0041790744 0.12628238 0.0 0.008378489 0.0 0.0 0.0 0.0 0.025320431 0.0 0.0 0.15264286 0.0 0.0 0.0 0.0 0.07969075 0.009104957 0.004051453 0.0 0.017133828 0.0 0.0 0.011887893 0.0 0.030954147 0.0 0.018087957 0.0054095867 0.0 0.0 0.0 0.0035453553 0.0 0.0 0.0 0.09279788 0.05640432 0.0 0.002787522 0.023300385 0.0
0.04759927 0.0 0.0 0.0 0.0 0.0 0.0 0.041820627 0.0 0.0 0.0 0.0 0.04091271 0.19357312 0.0 0.0 0.0 0.0 0.0 0.0 0.0 0.025703982 0.0 0.0 0.0 0.0 0.13416204 0.0 0.0 0.0 0.0 0.0 0.010234063 0.0 0.0 0.0 0.0 0.0 0.0 0.0 0.07560441 0.0 0.0 0.0 0.008905481 0.0 0.0 0.0 0.055843335 0.094688624 0.0 0.0 0.0 0.0 0.16781291 0.0
0.0 0.0 0.0 0.0 0.0 0.0 0.03173628 0.081824824 0.0 0.16801189 0.04622594 0.04091271 0.0 0.0 0.0 0.0 0.0208834 0.0 0.0 0.0 0.0 0.0 0.0 0.07257108 0.0 0.0 0.0008600979 0.026083741 0.0 0.058452856 0.0 1.1561712e-33 0.0 0.0 0.093115665 0.18462859 0.0 0.0 0.0 0.0 0.0 0.009138083 0.0 0.0 0.011272368 0.0 0.0 0.04955711 0.0 0.0 0.0 0.071790926 0.028675409 0.0 0.0 0.0
0.0 0.0 0.0 0.0 0.0 0.0 0.01045255 0.0 0.0 0.0 0.0709777 0.1935731 0.0 0.0 0.0 0.0 0.0 0.0 0.0 0.0 0.0 0.0 0.0 0.0 0.0 0.0 0.0 0.03126319 0.09928755 0.01661801 0.0 0.0063401754 0.05184084 0.022999763 0.004812138 0.13907401 0.0 0.0 0.0 0.00016815675 0.04726854 0.0 0.0 0.07213891 0.0 0.0 0.024802687 0.0693572 0.0 0.0 0.0 0.0 0.0 0.0 0.0 0.21831533
0.039088022 0.0 0.0 0.0 0.0 0.0 0.0 0.0 0.0 0.0 0.0041790744 0.0 0.0 0.0 0.0 0.035108294 0.0 0.096020184 0.0 0.15282707 0.0 0.03740223 0.11741105 0.0 0.0009177397 0.0 0.07714976 0.0 0.0 0.0 0.042526484 0.0 0.0 0.0 0.0 0.0 0.0 0.0 0.11859266 0.0 0.0 0.0 0.0 0.0 0.0 0.025930243 0.0 0.024891917 0.03311802 0.0 0.14119841 0.0 0.0 0.0 0.0 0.0
0.00025474967 0.0 0.0 0.008922774 0.055051465 0.0 0.0 0.01154182 0.1831808 0.0 0.12628238 0.0 0.0 0.0 0.035108294 0.0 0.12400269 0.056681536 0.02276039 0.0 0.0 0.0 0.0 0.031506438 0.0 0.0 0.0 0.0 0.0 0.0 0.0 0.0781937 0.0 0.0062102987 0.04154349 0.0055467132 0.0010262465 0.11407516 0.0 0.0 0.016847147 0.0 0.0 0.07973499 0.007761722 0.057090133 0.0 0.0 0.0 0.0 0.0 0.000918793 0.0 0.0 0.0 0.0
0.0 0.0 0.0 0.07178696 0.0 0.0 0.0 0.0 0.0 0.0 0.0 0.0 0.020883398 0.0 0.0 0.12400268 0.0 0.0 0.0 0.0 0.0 0.049042024 0.08851948 0.0 0.0 0.0 0.015300905 0.0 0.0 0.0 0.0 0.0 0.018268332 0.0 0.0 0.0 0.0 0.0 0.05140994 0.16171883 0.0 0.05213389 0.0 0.0 0.0 0.0 0.0 0.03949563 0.14369589 0.0 0.0 0.0 0.0 0.0 0.0 0.0
0.0 0.013820654 0.03446395 0.080129705 0.0 0.0 0.0 0.0 0.0 0.0 0.00837849 0.0 0.0 0.0 0.096020184 0.056681536 0.0 0.0 0.0 0.0 0.0 0.0 0.03379622 0.0 0.0 0.0 0.0 0.0 0.0 0.0 0.022483539 0.12615786 0.029081333 0.0 0.0 0.0 0.0 0.17208213 0.0 0.011570897 0.0 0.12970862 0.0025153204 0.0 0.0 0.017567746 0.03832327 0.018570965 0.020870494 0.0 0.013676759 0.005561302 0.0 0.0 0.018338088 0.0
0.093464285 0.0 0.0 0.0 0.0 0.0 0.0 0.0018784935 0.0 0.0 0.0 0.0 0.0 0.0 0.0 0.02276039 0.0 0.0 0.0 0.0 0.0 0.0 0.0 0.024732336 0.0 0.025927499 0.0 0.0044795033 0.0 0.0 0.0 0.0 0.0 0.0 0.0847117 0.0 0.18625154 0.0 0.0 0.0 0.0 0.02293333 0.04738388 0.0 0.13681236 0.0 0.0 0.0077785365 0.0 0.0 0.0 0.12686516 0.0 0.0102381855 0.0 0.0
0.0 0.043205347 0.09679025 0.0 0.042690694 0.029773995 0.0 0.0 0.08864867 0.0 0.0 0.0 0.0 0.0 0.15282707 0.0 0.0 0.0 0.0 0.0 0.0 0.0 0.0 0.0 0.052941557 0.0 0.0 0.0 0.0 0.0 0.014508461 0.20528235 0.0 0.111768 0.0 0.0 0.01870592 0.040320016 0.0 0.0 0.0 0.03340524 0.0 0.0 0.0 0.045408305 0.0 0.0 0.0 0.0 0.0 0.0 0.0 0.0 0.0 0.0
0.114694424 0.0 0.0 0.032486476 0.0 0.0 0.0 0.056924764 0.0 0.12496318 0.0 0.0 0.0 0.0 0.0 0.0 0.0 0.0 0.0 0.0 0.0 0.0 0.0 0.031610712 0.0 0.0 0.0 0.0 0.0 0.0 0.0 0.0 0.0 0.0 0.013379495 0.0 0.087661065 0.04613904 0.0 0.0 0.048393123 0.0 0.0 0.0 0.16224621 0.0 0.0 0.0 0.0 0.015189291 0.0 0.021550665 0.04583883 0.036228042 0.0 0.0
0.0 0.0 0.039169345 0.0 0.0 0.08312844 0.0 0.030718526 0.0 0.0 0.0 0.025703982 0.0 0.0 0.03740223 0.0 0.049042024 0.0 0.0 0.0 0.0 0.13918278 0.0 0.0 0.0 0.0 0.0 0.0 0.0 0.0018846904 0.0 0.0 0.0 0.0 0.0 0.0 0.015132618 0.0 0.13466197 0.0 0.015152275 0.0 0.056820933 0.0 0.0 0.0 0.0 0.0 0.11710792 0.04003765 0.0 0.0 0.0 0.112367705 0.0 0.0
0.011729027 0.15124425 0.005721425 0.0 0.028912555 0.0 0.22729334 0.0 0.0034596059 0.0 0.025320431 0.0 0.0 0.0 0.11741105 0.0 0.08851948 0.03379622 0.0 0.0 0.0 0.0 0.0 0.0 0.008153948 0.0 0.0 0.0 0.0 0.0 0.027907575 0.03966171 0.0 0.0 0.10778404 0.0 0.0 0.015996566 0.0 0.0 0.008013475 0.008146726 0.0 0.01464858 0.015132186 0.0 0.0 0.0990292 0.0 0.0 0.0 0.0 0.0 0.0 0.0 0.0
0.0 0.07762905 0.04241318 0.0 0.0 0.0 0.0 0.0 0.027959574 0.0 0.0 0.0 0.07257108 0.0 0.0 0.03150644 0.0 0.0 0.024732336 0.0 0.031610712 0.0 0.0 0.0 0.101206146 0.039958715 0.0 0.0 0.054854758 0.13587354 0.022209894 0.020384002 0.1097987 0.06399569 0.0 0.0 0.0 0.0 0.03684261 0.037492838 0.017262062 0.052957695 0.0 0.08513839 0.0 0.0 0.028728886 0.0 0.0 0.0 0.01980863 0.0 0.16114904 0.088856325 0.0 0.0
0.0 0.0 0.0 0.0 0.0 0.0030909951 0.0 0.04310326 0.0 0.0 0.0 0.0 0.0 0.0 0.0009177397 0.0 0.0 0.0 0.0 0.05294156 0.0 0.0 0.008153948 0.101206146 0.0 0.0 0.12237441 0.0 0.0 0.0639784 0.0 0.0 0.0 0.0 0.0 0.0 0.11648221 0.0 0.013678966 0.0 0.0 0.0 0.0 0.0 0.040365264 0.1357027 0.0036766941 0.0 0.01548047 0.07956966 0.0 0.0 0.0011479667 0.005685024 0.037685405 0.0
0.055502806 0.001215895 0.0 0.0 0.0 0.0 0.05765042 0.0 0.0 0.012456476 0.15264286 0.0 0.0 0.0 0.0 0.0 0.0 0.0 0.025927499 0.0 0.0 0.0 0.0 0.03995871 0.0 0.08080371 0.04851592 0.16246675 0.0 0.0 0.032755956 0.0 0.0 0.024193978 0.026078898 0.0014400842 0.03826331 0.0 0.0 0.0 0.0 0.0 0.0 0.0028329536 0.0 0.0 0.0 0.05622498 0.0 0.0 0.018558744 0.0692017 0.0 0.0 0.10506366 0.0
0.0011298478 0.017579943 0.044689916 0.0 0.0 0.0 0.01632439 0.0 0.0 0.053868126 0.0 0.13416205 0.0008600979 0.0 0.077149756 0.0 0.015300905 0.0 0.0 0.0 0.0 0.0 0.0 0.0 0.122374415 0.04851592 0.0 0.0 0.0 0.0 0.0 0.0 0.0 0.04624021 0.04733613 0.0 0.003963055 0.0051240656 0.0 0.0 0.09750607 0.039776556 0.025789343 0.13517965 0.0 0.0 0.0 0.05505688 0.0 0.0 0.0 0.0 0.023566676 0.16755694 0.0 0.0
0.018162673 0.053853977 0.0 0.0 0.0 0.0 0.007555295 0.006385372 0.0 0.0 0.0 0.0 0.026083741 0.031263188 0.0 0.0 0.0 0.0 0.0044795037 0.0 0.0 0.0 0.0 0.0 0.0 0.16246675 0.0 0.0 0.014253542 0.0 0.0 0.0 0.0 0.0 0.08886375 0.0 0.0 0.0 0.0 0.0 0.0 0.0 0.036071673 0.022592468 0.0 0.0 0.0 0.0 0.0 0.0 0.0 0.016406959 0.0 0.08825986 0.0 0.37957057
0.22067149 0.0 0.0 0.0 0.0 0.0 0.0 0.043274786 0.0 0.2700963 0.0 0.0 0.0 0.09928755 0.0 0.0 0.0 0.0 0.0 0.0 0.0 0.0 0.0 0.054854758 0.0 0.0 0.0 0.014253542 0.0 0.0 0.0 0.0 0.0 0.0 0.0 0.0 0.0065928977 0.0 0.0 0.012359304 0.042379286 0.0 0.039076768 0.0 0.086769484 0.0 0.0 0.01645742 0.0 0.0 0.0 0.108019054 0.0 0.020507168 0.0 0.0
0.10067024 0.0 0.0 0.0 0.0 0.0 0.0 0.123032525 0.0 0.0 0.0 0.0 0.058452856 0.01661801 0.0 0.0 0.0 0.0 0.0 0.0 0.0 0.0018846905 0.0 0.13587354 0.06397839 0.0 0.0 0.0 0.0 0.13470915 0.0 0.0 0.0 0.0 0.0 0.0 0.025233785 0.0 0.12042168 0.0 0.0 0.0 0.0 0.0 0.0 0.015332446 0.0 0.0 0.10788162 0.025093134 0.0 0.0 0.0 0.0 0.025867134 0.0
0.014962875 0.002793929 0.0 0.014524621 0.0 0.0 0.040559553 0.013442215 0.0 0.0 0.07969075 0.0 0.0 0.0 0.04252648 0.0 0.0 0.02248354 0.0 0.014508461 0.0 0.0 0.027907575 0.022209892 0.0 0.032755956 0.0 0.0 0.0 0.0 0.14397526 0.0 0.0 0.0 0.06328155 0.06700166 0.09005432 0.21121521 0.0 0.0 0.0 0.0 0.0 0.0 0.0 0.0 0.0 0.0 0.0 0.0 0.0 0.0 0.0 0.0 0.0 0.0
0.0 0.0 0.06229301 0.008861469 0.0 0.0 0.008671772 0.0 0.0 0.0 0.009104957 0.0 1.15617115e-33 0.006340176 0.0 0.0781937 0.0 0.12615786 0.0 0.20528236 0.0 0.0 0.039661713 0.020384002 0.0 0.0 0.0 0.0 0.0 0.0 0.0 0.08155613 0.037255786 0.0 0.026008064 0.0 0.0 0.1138794 0.0 0.0 0.0 0.029082416 0.0 0.0 0.0 0.15216577 0.0074689058 0.01105749 0.0068640006 0.0 0.0 0.05579126 0.0 0.0 0.0035021603 0.0
0.0 0.030952202 0.08452681 0.0 0.10971437 0.0 0.0 0.12104809 0.23595448 0.04151305 0.004051453 0.010234063 0.0 0.05184084 0.0 0.0 0.018268332 0.029081333 0.0 0.0 0.0 0.0 0.0 0.10979871 0.0 0.0 0.0 0.0 0.0 0.0 0.0 0.037255786 0.0 0.0 0.00025789862 0.013799661 0.0 0.0 0.0 0.0 0.051601056 0.0 0.04042401 0.0 0.0 0.0 0.0 0.0 0.0 0.0 0.0 0.0 0.035330333 0.0 0.0 0.0
0.14318524 0.0 0.0 0.0 0.0 0.0 0.0 0.0 0.0 0.072214335 0.0 0.0 0.0 0.022999763 0.0 0.0062102987 0.0 0.0 0.0 0.111768 0.0 0.0 0.0 0.06399569 0.0 0.024193978 0.046240214 0.0 0.0 0.0 0.0 0.0 0.0 0.0 0.0 0.0 0.0 0.0 0.03750198 0.0 0.058836013 0.004648136 0.028680429 0.0 0.031020995 0.0 0.0 0.0 0.0 0.05780237 0.054187763 0.08483494 0.0 0.0074252374 0.05267933 0.0
0.0 0.005387194 0.0 0.13970003 0.110842004 0.0 0.0 0.0 0.012257015 0.0 0.017133826 0.0 0.093115665 0.0048121386 0.0 0.04154349 0.0 0.0 0.0847117 0.0 0.013379495 0.0 0.10778404 0.0 0.0 0.026078898 0.047336128 0.08886375 0.0 0.0 0.06328155 0.026008064 0.00025789862 0.0 0.0 0.0 0.0 0.0 0.0 0.06537496 0.0 0.0 0.010132014 0.015023232 0.0 0.0 0.0 0.0 0.0 0.0 0.24592349 0.0 0.0 0.0 0.0 0.0
0.051295 0.0 0.0 0.0 0.026761087 0.0 0.0 0.0 0.0 0.04901664 0.0 0.0 0.18462859 0.13907401 0.0 0.0055467132 0.0 0.0 0.0 0.0 0.0 0.0 0.0 0.0 0.0 0.0014400842 0.0 0.0 0.0 0.0 0.06700166 0.0 0.01379966 0.0 0.0 0.0 0.0 0.0 0.0 0.27149588 0.023861304 0.0 0.0 0.0 0.0 0.0 0.006457081 0.0 0.0 0.0 0.0 0.0 0.0 0.0 0.0029865552 0.0
0.0 0.02249821 0.08172126 0.015175622 0.0 0.15732281 0.0 0.0 0.09214238 0.0 0.0 0.0 0.0 0.0 0.0 0.0010262465 0.0 0.0 0.18625152 0.01870592 0.087661065 0.015132617 0.0 0.0 0.11648222 0.03826331 0.003963055 0.0 0.0065928977 0.025233785 0.09005431 0.0 0.0 0.0 0.0 0.0 0.0 0.0 0.0 0.01068145 0.0 0.0 0.009750874 0.022500295 0.0 0.0 0.0 0.0 0.025828036 0.0 0.048760965 0.0 0.0924815 0.033441745 0.0 0.0
0.0 0.083481885 0.015165918 0.054025616 0.01244576 0.0 0.006379343 0.0 0.009083966 0.0 0.011887893 0.0 0.0 0.0 0.0 0.11407516 0.0 0.17208213 0.0 0.040320016 0.04613904 0.0 0.015996568 0.0 0.0 0.0 0.0051240656 0.0 0.0 0.0 0.21121523 0.1138794 0.0 0.0 0.0 0.0 0.0 0.0669193 0.0 0.0 0.0 0.0 0.0071411063 0.0 0.0 0.012397476 0.0 0.0 0.0 0.0 0.02820495 0.0 0.0 0.0 0.0 0.0
0.0 0.0 0.056295283 0.0 0.0 0.0 0.0 0.078242935 0.02974839 0.0 0.0 0.0 0.0 0.0 0.11859266 0.0 0.051409937 0.0 0.0 0.0 0.0 0.13466197 0.0 0.03684261 0.013678965 0.0 0.0 0.0 0.0 0.12042168 0.0 0.0 0.0 0.037501983 0.0 0.0 0.0 0.0 0.0 0.0 0.0 0.016018877 0.108859934 0.0 0.003486599 0.0 0.0 0.0 0.0 0.011457529 0.0 0.0 0.0 0.0 0.0 0.0
0.0 0.0 0.0 0.0 0.0 0.0 0.0 0.05844067 0.0 0.004117417 0.030954149 0.0 0.0 0.00016815677 0.0 0.0 0.16171883 0.011570897 0.0 0.0 0.0 0.0 0.0 0.037492838 0.0 0.0 0.0 0.0 0.012359304 0.0 0.0 0.0 0.0 0.0 0.06537496 0.27149588 0.01068145 0.0 0.0 0.0 0.0016275629 0.0 0.0 0.08348115 0.009613185 0.0 0.0 0.0 0.017581576 0.010116284 0.0 0.03892954 0.037054982 0.0 0.0 0.21326111
0.0 0.0 0.0 0.0 0.0 0.05053015 0.013996854 0.0 0.0 0.0 0.0 0.07560441 0.0 0.047268543 0.0 0.016847147 0.0 0.0 0.0 0.0 0.048393127 0.015152276 0.008013475 0.01726206 0.0 0.0 0.09750607 0.0 0.04237929 0.0 0.0 0.0 0.051601056 0.058836017 0.0 0.023861304 0.0 0.0 0.0 0.0016275629 0.014615602 0.0 0.0 0.0 0.0 0.0 0.008767697 0.20127368 0.053472828 0.0 0.0 0.0 0.0 0.0 0.0375163 0.018564144
0.0 0.0 0.0 0.0 0.0 0.0 0.0 0.0 0.0 0.0 0.018087957 0.0 0.009138082 0.0 0.0 0.0 0.05213389 0.12970862 0.022933329 0.03340524 0.0 0.0 0.008146726 0.052957695 0.0 0.0 0.039776556 0.0 0.0 0.0 0.0 0.029082417 0.0 0.0046481355 0.0 0.0 0.0 0.0 0.016018877 0.0 0.0 0.0 0.0 0.0 0.0124590965 0.22228932 0.10965024 0.0 0.0 0.0 0.02713836 0.0024570466 0.0109974295 0.0 0.09463472 0.0
0.010430566 0.0 0.0 0.0 0.0 0.0 0.0 0.0 0.0 0.06256989 0.0054095862 0.0 0.0 0.0 0.0 0.0 0.0 0.0025153204 0.047383882 0.0 0.0 0.05682093 0.0 0.0 0.0 0.0 0.025789343 0.03607167 0.039076768 0.0 0.0 0.0 0.04042401 0.028680429 0.010132014 0.0 0.009750874 0.0071411063 0.10885993 0.0 0.0 0.0 0.061707895 0.008019841 0.20448169 0.0 0.043676864 0.016037581 0.0 0.100340456 0.0 0.0 0.02995675 0.0 0.05701708 0.0118413735
0.028538905 0.0 0.0 0.0 0.0 0.008611056 0.0 0.033917688 0.0 0.004929574 0.0 0.0 0.0 0.07213891 0.0 0.07973499 0.0 0.0 0.0 0.0 0.0 0.0 0.01464858 0.08513839 0.0 0.0028329536 0.13517965 0.02259247 0.0 0.0 0.0 0.0 0.0 0.0 0.015023232 0.0 0.022500295 0.0 0.0 0.08348115 0.0 0.0 0.008019841 0.0 0.0 0.0 0.0 0.0 0.0 0.0 0.0 0.09399522 0.0 0.0 0.14756429 0.0
0.0 0.12450236 0.01843443 0.0 0.0 0.06529286 0.0 0.0 0.0 0.016206361 0.0 0.008905481 0.011272367 0.0 0.0 0.0077617224 0.0 0.0 0.13681237 0.0 0.16224621 0.0 0.015132186 0.0 0.040365264 0.0 0.0 0.0 0.086769484 0.0 0.0 0.0 0.0 0.031020993 0.0 0.0 0.0 0.0 0.003486599 0.009613185 0.0 0.0124590965 0.20448169 0.0 0.0 0.0 0.11632355 0.0 0.0 0.0 0.108924896 0.0 0.0 0.00045481912 0.0 0.0
0.00044045737 0.07249091 0.055717014 0.0 0.005291851 0.0 0.0 0.015644053 0.0 0.0 0.0 0.0 0.0 0.0 0.025930244 0.057090133 0.0 0.017567744 0.0 0.0454083 0.0 0.0 0.0 0.0 0.1357027 0.0 0.0 0.0 0.0 0.015332446 0.0 0.15216577 0.0 0.0 0.0 0.0 0.0 0.012397476 0.0 0.0 0.0 0.22228932 0.0 0.0 0.0 0.0 0.0667401 0.0 0.1382406 0.0 0.0 0.0 0.041118663 0.0 0.0 0.0
0.016454933 0.00063827867 0.0 0.0 0.0 0.0 0.0 0.017233172 0.0 0.0 0.0035453553 0.0 0.0 0.024802687 0.0 0.0 0.0 0.03832327 0.0 0.0 0.0 0.0 0.0 0.028728886 0.0036766941 0.0 0.0 0.0 0.0 0.0 0.0 0.007468906 0.0 0.0 0.0 0.006457081 0.0 0.0 0.0 0.0 0.008767698 0.10965024 0.04367686 0.0 0.11632355 0.0667401 0.33265892 0.0 0.0 0.0 0.01573361 0.059391245 0.0 0.0 0.0056039523 0.0
0.0 0.0 0.0 0.17901796 0.0 0.08390945 0.0 0.0 0.0 0.0 0.0 0.0 0.04955711 0.0693572 0.024891915 0.0 0.03949563 0.018570967 0.0077785365 0.0 0.0 0.0 0.09902919 0.0 0.0 0.056224983 0.05505688 0.0 0.01645742 0.0 0.0 0.01105749 0.0 0.0 0.0 0.0 0.0 0.0 0.0 0.0 0.20127366 0.0 0.016037581 0.0 0.0 0.0 0.0 0.0 0.013249863 0.0 0.014167455 0.00012561404 0.07400501 0.0 0.015846647 0.0
0.0 0.0 0.09166575 0.0 0.0 0.0 0.0 0.024148049 0.0 0.009607048 0.0 0.055843335 0.0 0.0 0.03311802 0.0 0.14369589 0.020870492 0.0 0.0 0.0 0.11710791 0.0 0.0 0.01548047 0.0 0.0 0.0 0.0 0.10788162 0.0 0.0068640006 0.0 0.0 0.0 0.0 0.025828036 0.0 0.0 0.017581575 0.053472828 0.0 0.0 0.0 0.0 0.1382406 0.0 0.013249863 0.0 0.057328086 0.0 0.0 0.081803106 0.0 0.0 0.0
0.0 0.0 0.0 0.0 0.049550816 0.24714953 0.0 0.0 0.0054347795 0.0 0.0 0.094688624 0.0 0.0 0.0 0.0 0.0 0.0 0.0 0.0 0.015189291 0.040037647 0.0 0.0 0.07956966 0.0 0.0 0.0 0.0 0.025093134 0.0 0.0 0.0 0.05780237 0.0 0.0 0.0 0.0 0.011457529 0.010116283 0.0 0.0 0.100340456 0.0 0.0 0.0 0.0 0.0 0.057328086 0.057822604 0.0 0.0 0.0 0.044455532 0.049423415 0.0
0.030688412 0.0 0.0 0.0 0.0 0.0 0.097142704 0.027507536 0.01176684 0.006085783 0.09279788 0.0 0.0 0.0 0.14119843 0.0 0.0 0.013676758 0.0 0.0 0.0 0.0 0.0 0.01980863 0.0 0.018558744 0.0 0.0 0.0 0.0 0.0 0.0 0.0 0.054187763 0.24592347 0.0 0.048760965 0.02820495 0.0 0.0 0.0 0.02713836 0.0 0.0 0.108924896 0.0 0.015733609 0.014167455 0.0 0.0 0.0 0.002950051 0.0 0.0 0.0 0.0
0.0 0.08718349 0.0 0.0 0.0 0.0 0.057555508 0.031168243 0.04201591 0.025847474 0.056404322 0.0 0.071790926 0.0 0.0 0.00091879297 0.0 0.0055613024 0.12686516 0.0 0.021550665 0.0 0.0 0.0 0.0 0.0692017 0.0 0.016406959 0.108019054 0.0 0.0 0.055791263 0.0 0.08483494 0.0 0.0 0.0 0.0 0.0 0.03892954 0.0 0.0024570466 0.0 0.09399522 0.0 0.0 0.05939124 0.00012561405 0.0 0.0 0.002950051 0.0 0.0 0.028989289 0.0 0.004313417
0.0 0.0 0.0 0.02217479 0.0 0.011913269 0.0 0.06256211 0.0 0.0 0.0 0.0 0.028675409 0.0 0.0 0.0 0.0 0.0 0.0 0.0 0.045838833 0.0 0.0 0.16114902 0.0011479667 0.0 0.023566676 0.0 0.0 0.0 0.0 0.0 0.03533033 0.0 0.0 0.0 0.09248151 0.0 0.0 0.03705498 0.0 0.0109974295 0.02995675 0.0 0.0 0.041118663 0.0 0.074005 0.081803106 0.0 0.0 0.0 0.0 0.0 0.107851304 0.0
0.0 0.0 0.0 0.07490602 0.0 0.0 0.05255597 0.0 0.0 0.0 0.002787522 0.0 0.0 0.0 0.0 0.0 0.0 0.0 0.010238185 0.0 0.036228042 0.1123677 0.0 0.088856325 0.0056850235 0.0 0.16755696 0.08825985 0.020507168 0.0 0.0 0.0 0.0 0.0074252374 0.0 0.0 0.033441745 0.0 0.0 0.0 0.0 0.0 0.0 0.0 0.00045481912 0.0 0.0 0.0 0.0 0.04445553 0.0 0.028989289 0.0 0.0 0.088343054 0.0
0.0 0.03501074 0.021007102 0.0 0.0 0.0 0.0 0.0 0.0 0.003682023 0.023300387 0.16781291 0.0 0.0 0.0 0.0 0.0 0.018338088 0.0 0.0 0.0 0.0 0.0 0.0 0.037685405 0.10506366 0.0 0.0 0.0 0.025867134 0.0 0.00350216 0.0 0.052679326 0.0 0.0029865552 0.0 0.0 0.0 0.0 0.0375163 0.09463472 0.05701708 0.14756429 0.0 0.0 0.005603953 0.015846647 0.0 0.04942341 0.0 0.0 0.107851304 0.088343054 0.0 0.08617663
0.0 0.0 0.0 0.0 0.0 0.0 0.0 0.004122398 0.0 0.0 0.0 0.0 0.0 0.21831533 0.0 0.0 0.0 0.0 0.0 0.0 0.0 0.0 0.0 0.0 0.0 0.0 0.0 0.3795706 0.0 0.0 0.0 0.0 0.0 0.0 0.0 0.0 0.0 0.0 0.0 0.21326111 0.018564144 0.0 0.0118413735 0.0 0.0 0.0 0.0 0.0 0.0 0.0 0.0 0.004313417 0.0 0.0 0.08617663 0.08565088
