0.0 0.0109249735 0.0 0.0 0.0 0.0090951575 0.0 0.1995992 0.0 0.0 0.0 0.0 0.07927243 0.046397984 0.08128734 0.0 0.0 0.0099236 0.0 0.0 0.0 0.0 0.0 0.3493575 0.026301455 0.0 0.058545683 0.0 0.011750859 0.0 0.0 0.0 0.0 0.0 0.06255672 0.029865783 0.0 0.0 0.0 0.0 0.0 0.0 0.0 0.0 0.0 0.013331221 0.06311587 0.0 0.0 0.0 0.0 0.0 0.0 0.0 0.015991414 0.0
0.0109249735 0.0 0.0 0.0 0.0 0.10553822 0.0 0.0 0.0 0.03128108 0.008602834 0.0 0.0 0.0 0.0 0.0 0.0 0.0 0.0144059565 0.0 0.0 0.0 0.010834116 0.0 0.0 0.0 0.0 0.07465843 0.0 0.0 0.0 0.0 0.06093674 0.0 0.0 0.0 0.0 0.0 0.0 0.045281537 0.010250959 0.0 0.0 0.0 0.030005839 0.0 0.0 0.07684591 0.0 0.026091378 0.154382 0.07308293 0.0 0.0 0.075913966 0.0
0.0 0.0 0.0 0.0 0.14948218 0.059257653 0.0 0.0 0.041179582 0.0 0.0 0.0 0.0 0.0 0.009964771 0.021049341 0.1591131 0.15242763 0.0 0.0 0.0 0.0 0.0 0.0 0.06590068 0.0 0.0 0.0 0.0 0.0 0.0 0.086619616 0.0 0.0 0.0 0.02916545 0.0 0.005677621 0.0 0.0 0.0 0.0 0.0 0.06121318 0.0 0.021367686 0.11322081 0.0 0.0 0.0 0.04333072 0.024826868 0.0459171 0.0 0.0 0.0
0.0 0.0 0.0 0.0 0.0 0.0 0.06365872 0.0 0.20723167 0.0 0.13114606 0.0 0.0 0.0 0.0 0.0 0.0 0.0 0.0 0.0 0.0 0.0 0.0 0.0 0.0 0.0 0.0 0.0 0.0 0.0 0.019003566 0.0 0.19504797 0.0 0.0 0.025468234 0.007008191 0.0 0.0 0.07850801 0.0144070005 0.0 0.030287968 0.0 0.0 0.0 0.0 0.0 0.0 0.0 0.0 0.0 0.0 0.0 0.05224436 0.016662544
0.0 0.0 0.14948218 0.0 0.0 0.00829686 0.014305225 0.02225348 0.0 0.0 0.10860059 0.087854445 0.0 0.028950239 0.0 0.0 0.06938082 0.07208434 0.0 0.10584446 0.0 0.038407348 0.0029746487 0.0 0.008502402 0.0 0.0 0.0 0.0 0.033048775 0.0 0.112644926 0.0 0.0015428514 0.0 0.0 0.0 0.0 0.0 0.0 0.0 0.0 0.0 0.0 0.0 0.0 0.0 0.0 0.0 0.0 0.0052978923 0.0 0.019097945 0.0 0.0 0.0
0.0090951575 0.10553822 0.059257656 0.0 0.00829686 0.037087496 0.0 0.0 0.0 0.0 0.3022042 0.0 0.0 0.0 0.0 0.0 0.0 0.0 0.0 0.0100493515 0.0 0.0 0.0 0.0 0.0 0.0 0.0016884977 0.0 0.0 0.0 0.00010836637 0.0 0.106047265 0.0 0.0 0.0 0.0 0.0 0.0 0.0 0.0 0.005929942 0.08540676 0.0 0.0 0.0 0.0 0.0 0.0 0.0 0.0 0.0 0.0 0.06308813 0.012799971 0.0
0.0 0.0 0.0 0.06365872 0.014305225 0.0 0.0 0.0 0.0 0.0 0.0 0.0 0.0 0.03416239 0.0 0.0 0.04161623 0.0 0.0 0.0 0.0 0.0 0.20535721 0.053481348 0.0 0.0 0.03284049 0.041227657 0.0 0.0 0.031991478 0.046555642 0.0 0.0 0.0 0.0 0.0 0.0 0.0 0.044752892 0.0 0.0 0.0 0.0 0.0 0.0 0.021872763 0.0 0.0 0.0 0.12971991 0.05171375 0.0 0.028799655 0.0 0.0
0.1995992 0.0 0.0 0.0 0.02225348 0.0 0.0 0.056349047 0.0 0.0 0.0 0.0 0.0776566 0.052776832 0.024196576 0.009520634 0.015302517 0.027975356 0.0 0.0 0.0 0.0 0.0 0.0033629837 0.0 0.0 0.021122377 0.025149172 0.01685259 0.0 0.0 0.0 0.0 0.0 0.01849581 0.033081293 0.038602836 0.011813404 0.024095185 0.0 0.0 0.0 0.0 0.0 0.05478106 0.040549416 0.073602535 0.18013357 0.04422489 0.0 0.061357465 0.0 0.0 0.0 0.00926114 0.0
0.0 0.0 0.041179586 0.20723167 0.0 0.0 0.0 0.0 0.0 0.0 0.0 0.0 0.0491134 0.0 0.0 0.0 0.072475106 0.0 0.0 0.0 0.0 0.0 0.0 0.0 0.0 0.0 0.0 0.03155139 0.0 0.10691347 0.0 0.13511623 0.0 0.00096235407 0.0 0.0 0.0 0.0 0.0 0.041445926 0.18957983 0.0 0.0 0.010661109 0.0 0.0 0.012987676 0.0 0.007315329 0.0 0.0 0.0 0.0 0.0 0.0 0.036024105
0.0 0.03128108 0.0 0.0 0.0 0.0 0.0 0.0 0.0 0.0 0.0 0.0 0.11171612 0.10368049 0.0 0.06730996 0.0 0.0 0.0 0.0 0.0 0.0 0.0 0.1112723 0.0 0.24086653 0.01592338 0.17088056 0.0 0.0 0.0 0.0 0.0 0.018128574 0.03719826 0.0009412676 0.009041019 0.07140878 0.008291797 0.0 0.0 0.0 0.0 0.0 0.0 0.0 0.029521007 0.0055799815 0.0 0.0 0.09339235 0.046015803 0.0 0.08483253 0.006821257 0.0
0.0 0.008602834 0.0 0.13114606 0.10860059 0.30220416 0.0 0.0 0.0 0.0 0.0 0.0 0.04268759 0.0 0.029442271 0.0 0.0 0.02771339 0.04406314 0.105571866 0.09705429 0.031884305 0.04112559 0.0 0.0 0.0 0.023775963 0.0 0.0 0.0 0.03945967 0.05165821 0.0 0.01704213 0.0 0.0 0.0 0.11523817 0.0 0.0 0.0 0.0 0.0 0.0 0.0 0.014778474 0.036934964 0.0 0.0 0.0 0.0 0.0 0.0 0.0 0.0 0.0
0.0 0.0 0.0 0.0 0.087854445 0.0 0.0 0.0 0.0 0.0 0.0 0.0 0.0 0.008912522 0.06051937 0.0 0.01455827 0.0 0.0 0.0 0.051831514 0.0 0.036404613 0.0 0.0 0.01602946 0.0 0.03473252 0.0 0.0057658614 0.1608337 0.0 0.0 0.0 0.0 0.031373 0.0 0.0 0.0 0.060573615 0.0 0.09359495 0.0 0.0 0.0 0.0 0.061200485 0.0 0.01011292 0.0 0.0 0.0 0.010429141 0.22337228 0.0 0.026188051
0.07927243 0.0 0.0 0.0 0.0 0.0 0.0 0.0776566 0.0491134 0.111716114 0.04268759 0.0 0.0 0.0 0.0 0.0 0.0 0.0 0.0 0.0 0.0 0.052351568 0.0 0.0 0.0 0.0 0.0 0.0 0.0 0.0 0.0 0.0 0.0 0.0 0.14226876 0.0 0.091311336 0.0 0.0062056547 0.0 0.054173753 0.0 0.0 0.021759465 0.047696177 0.0 0.0 0.0 0.0 0.0 0.0 0.15367375 0.0 0.0 0.0 0.0
0.046397984 0.0 0.0 0.0 0.028950239 0.0 0.034162387 0.052776832 0.0 0.103680484 0.0 0.008912522 0.0 0.0 0.0 0.0 0.03510828 0.0 0.022559676 0.0 0.0 0.06810749 0.0 0.032014374 0.040176164 0.0 0.0 0.0 0.0 0.015602408 0.0 0.012317358 0.0 0.0 0.06373556 0.0 0.102115646 0.014409836 0.015906578 0.0 0.011111274 0.0 0.0 0.0 0.07697246 0.020778399 0.0 0.0611554 0.0 0.0 0.0 0.18276986 0.0 0.0 0.014184031 0.0
0.08128735 0.0 0.009964771 0.0 0.0 0.0 0.0 0.024196576 0.0 0.0 0.029442271 0.06051937 0.0 0.0 0.0 0.0 0.0 0.2330588 0.0 0.0 0.0 0.0 0.0 0.01745144 0.06293028 0.0 0.0 0.0 0.0 0.08602553 0.0 0.091729835 0.043316577 0.0 0.0 0.0 0.0 0.030897574 0.0 0.0 0.0 0.0 0.0 0.0 0.0028109432 0.22494495 0.0 0.01803704 0.0 0.0 0.0 0.024014574 0.0 0.0 0.0 0.0
0.0 0.0 0.021049341 0.0 0.0 0.0 0.0 0.009520634 0.0 0.06730995 0.0 0.0 0.0 0.0 0.0 0.0 0.0 0.0 0.0 0.10560548 0.0 0.097018205 0.0 0.0 0.0 0.0 0.0 0.0 0.09639303 0.025534082 0.0 0.0 0.0 0.0 0.04696291 0.0 0.0 0.0 0.0 0.0 0.0 0.0 0.0 0.0 0.10959825 0.021176485 0.0 0.0 0.0 0.099408984 0.0 0.02577536 0.0 0.0 0.0 0.07254951
0.0 0.0 0.1591131 0.0 0.06938081 0.0 0.04161623 0.015302517 0.072475106 0.0 0.0 0.014558271 0.0 0.035108283 0.0 0.0 0.12735924 0.029814655 0.0 0.0 0.0 0.0 0.0 0.022269683 0.048349604 0.0 0.0 0.0 0.0 0.0 0.0 0.017676191 0.0 0.023391595 0.0 0.0 0.0 0.0 0.0 0.0 0.0 0.04883322 0.0 0.0 0.0 0.0 0.12863262 0.0 0.0709687 0.0 0.0 0.027609019 0.13122144 0.0236638 0.0 0.0
0.0099236 0.0 0.15242763 0.0 0.07208433 0.0 0.0 0.027975356 0.0 0.0 0.027713392 0.0 0.0 0.0 0.23305881 0.0 0.029814655 0.18889266 0.05204891 0.0 0.0 0.0 0.03742147 0.0 0.0 0.0 0.0076820785 0.0 0.0 0.0 0.0 0.028253578 0.0 0.0 0.0 0.07638215 0.0 0.0 0.0109054325 0.007726147 0.0 0.0 0.0 0.0 0.030729523 0.0 0.0 0.01021642 0.0 0.0 0.0 0.0 0.009565905 0.0 0.0 0.0
0.0 0.0144059565 0.0 0.0 0.0 0.0 0.0 0.0 0.0 0.0 0.044063136 0.0 0.0 0.022559674 0.0 0.0 0.0 0.05204891 0.0 0.20266303 0.0 0.01621757 0.0 0.0 0.0 0.0 0.029798992 0.072989754 0.0 0.0 0.0 0.0 0.0 0.0 0.03834551 0.0 0.0 0.0 0.0 0.1548509 0.0 0.0 0.010243498 0.026425408 0.0 0.02223804 0.0 0.038169757 0.0 0.0 0.0066430676 0.0038704334 0.0 0.0 0.043340784 0.0
0.0 0.0 0.0 0.0 0.10584446 0.010049351 0.0 0.0 0.0 0.0 0.105571866 0.0 0.0 0.0 0.0 0.10560549 0.0 0.0 0.20266303 0.0 0.032142222 0.0 0.0 0.0 0.0 0.01662191 0.16623287 0.0 0.0 0.0 0.05744837 0.0 0.007123148 0.0 0.0 0.0138361165 0.0 0.10182024 0.0 0.0 0.0 0.0 0.014477532 0.0 0.0 0.0 0.0 0.0 0.0 0.0 0.0 0.0 0.011075012 0.01304573 0.012528997 0.0
0.0 0.0 0.0 0.0 0.0 0.0 0.0 0.0 0.0 0.0 0.097054295 0.051831514 0.0 0.0 0.0 0.0 0.0 0.0 0.0 0.032142222 0.0 0.0 0.14287312 0.0 0.0 0.0 0.034433525 0.0 0.0 0.0 0.0 0.0 0.027182516 0.0 0.0 0.0 0.0 0.0 0.0 0.0 0.0 0.0 0.0 0.27776584 0.043518156 0.023115396 0.0 0.0 0.0 0.031000672 0.0 0.0 0.0 0.0 0.03671674 0.0
0.0 0.0 0.0 0.0 0.038407344 0.0 0.0 0.0 0.0 0.0 0.03188431 0.0 0.052351564 0.06810749 0.0 0.097018205 0.0 0.0 0.01621757 0.0 0.0 0.0 0.0 0.02812697 0.0 0.084924996 0.0 0.135438 0.1290466 0.0 0.0 0.0 0.0 0.0 0.0 0.022404756 0.0 0.0 0.0 0.010294472 0.06912372 0.07788881 0.07995976 0.0 0.0 0.0 0.0 0.0 0.0 0.0 0.0 0.0 0.0 0.041014973 0.0 0.0
0.0 0.010834116 0.0 0.0 0.0029746487 0.0 0.20535722 0.0 0.0 0.0 0.04112559 0.036404613 0.0 0.0 0.0 0.0 0.0 0.03742147 0.0 0.0 0.14287312 0.0 0.0 0.0 0.0 0.0056908233 0.002786757 0.0 0.0 0.063205786 0.13514996 0.0 0.016941672 0.2094965 0.0 0.1746658 0.0 0.07207594 0.0 0.0 0.0 0.039446548 0.06143451 0.0 0.0 0.0 0.0 0.010941059 0.0 0.0 0.0 0.0 0.0 0.0 0.0 0.0
0.3493575 0.0 0.0 0.0 0.0 0.0 0.05348135 0.0033629837 0.0 0.1112723 0.0 0.0 0.0 0.032014374 0.01745144 0.0 0.022269683 0.0 0.0 0.0 0.0 0.028126968 0.0 0.0 0.0 0.003505353 0.0 0.016015776 0.03437769 0.0 0.0 0.0 0.0 0.07569959 0.04934682 0.027758677 0.0 0.0 0.0 0.0 0.0 0.0 0.0 0.0 0.0 0.033135388 0.0 0.08476846 0.0 0.0 0.0 0.0 0.0 0.0154740885 0.0 0.0
0.026301457 0.0 0.06590068 0.0 0.008502403 0.0 0.0 0.0 0.0 0.0 0.0 0.0 0.0 0.04017616 0.06293028 0.0 0.0483496 0.0 0.0 0.0 0.0 0.0 0.0 0.0 0.0 0.0 0.0 0.0 0.17814422 0.0 0.0 0.0 0.0 0.0 0.0 0.0 0.0 0.0 0.0 0.050052747 0.08802113 0.0058282614 0.0 0.0 0.13642138 0.0 0.0 0.0 0.0 0.0 0.0 0.0964078 0.07804114 0.0 0.0 0.0064643743
0.0 0.0 0.0 0.0 0.0 0.0 0.0 0.0 0.0 0.24086654 0.0 0.016029458 0.0 0.0 0.0 0.0 0.0 0.0 0.0 0.016621912 0.0 0.084924996 0.005690823 0.003505353 0.0 0.0 0.0 0.0 0.0 0.12054458 0.0 0.0 0.00240815 0.018573612 0.0 0.0 0.26182696 0.0 0.0 0.0 0.0 0.0 0.0 0.0 0.0 0.0 0.0 0.0 0.0 0.029843567 0.0 0.0 0.0 0.0 0.004838389 0.0
0.058545683 0.0 0.0 0.0 0.0 0.0016884976 0.03284049 0.02112238 0.0 0.01592338 0.023775963 0.0 0.0 0.0 0.0 0.0 0.0 0.007682079 0.02979899 0.16623287 0.03443352 0.0 0.002786757 0.0 0.0 0.0 0.0 0.0 0.0 0.0 0.024702314 0.0 0.23853569 0.0 0.06428126 0.0 0.11940238 0.0046016793 0.0 0.0 0.0 0.0 0.0 0.0 0.0 0.0 0.0 0.04301622 0.0 0.048123457 0.0 0.0 0.0 0.0 0.032058366 0.0
0.0 0.07465844 0.0 0.0 0.0 0.0 0.041227657 0.025149172 0.03155139 0.17088056 0.0 0.03473252 0.0 0.0 0.0 0.0 0.0 0.0 0.072989754 0.0 0.0 0.135438 0.0 0.016015774 0.0 0.0 0.0 0.0 0.0 0.007698026 0.0 0.0 0.0090703415 0.0 0.08863238 0.014806667 0.0 0.0 0.008220444 0.0 0.0 0.06234606 0.14059024 0.0 0.0 0.0 0.0 0.0 0.0 0.03148284 0.0 0.0 0.0 0.0 0.0 0.0
0.011750858 0.0 0.0 0.0 0.0 0.0 0.0 0.01685259 0.0 0.0 0.0 0.0 0.0 0.0 0.0 0.096393034 0.0 0.0 0.0 0.0 0.0 0.1290466 0.0 0.03437769 0.17814423 0.0 0.0 0.0 0.17487948 0.0 0.0 0.14621736 0.0 0.004466135 0.0 0.0 0.0 0.0 0.15696988 0.0 0.0 0.046271637 0.0006038688 0.0 0.014032075 0.0 0.038341682 0.0 0.022200828 0.0 0.0 0.0 0.0 0.0 0.0 0.0
0.0 0.0 0.0 0.0 0.033048775 0.0 0.0 0.0 0.10691348 0.0 0.0 0.0057658614 0.0 0.015602408 0.08602552 0.025534082 0.0 0.0 0.0 0.0 0.0 0.0 0.063205786 0.0 0.0 0.12054458 0.0 0.0076980265 0.0 0.0 0.0 0.0 0.0 0.0 0.0 0.0 0.0 0.0 0.025279911 0.0 0.06561118 0.022581117 0.0 0.06543089 0.0 0.0 0.0 0.0 0.06881661 0.0 0.01838729 0.0 0.06397005 0.062449045 0.0 0.0
0.0 0.0 0.0 0.019003564 0.0 0.00010836637 0.031991478 0.0 0.0 0.0 0.039459668 0.1608337 0.0 0.0 0.0 0.0 0.0 0.0 0.0 0.05744837 0.0 0.0 0.13514996 0.0 0.0 0.0 0.024702314 0.0 0.0 0.0 0.0 0.016916117 0.12797934 0.0 0.0 0.0 0.0 0.0 0.018451016 0.0 0.0 0.0 0.0 0.06553876 0.0 0.0066117137 0.0 0.0 0.0 0.17849992 0.027411545 0.0 0.0 0.0 0.0 0.0
0.0 0.0 0.08661961 0.0 0.112644926 0.0 0.046555646 0.0 0.13511622 0.0 0.051658206 0.0 0.0 0.012317358 0.091729835 0.0 0.017676191 0.028253578 0.0 0.0 0.0 0.0 0.0 0.0 0.0 0.0 0.0 0.0 0.14621735 0.0 0.016916117 0.0 0.0 0.04993275 0.0 0.14525802 0.0 0.0 0.0 0.042386595 0.058975134 0.0 0.007804192 0.0 0.0 0.0033059986 0.0 0.0 0.0 0.0 0.0 0.0 0.0 0.0 0.0 0.01810369
0.0 0.060936738 0.0 0.19504799 0.0 0.106047265 0.0 0.0 0.0 0.0 0.0 0.0 0.0 0.0 0.043316577 0.0 0.0 0.0 0.0 0.007123148 0.027182516 0.0 0.016941672 0.0 0.0 0.0024081497 0.23853569 0.0090703415 0.0 0.0 0.12797934 0.0 0.087461285 0.023124058 0.0 0.0 0.0 0.03796226 0.0 0.0 0.0 0.0 0.0 0.0 0.0 0.14572455 0.0 0.0 0.0 0.0 0.08035896 0.0 0.009888643 0.0 0.005270352 0.0
0.0 0.0 0.0 0.0 0.0015428514 0.0 0.0 0.0 0.00096235407 0.018128574 0.01704213 0.0 0.0 0.0 0.0 0.0 0.023391595 0.0 0.0 0.0 0.0 0.0 0.20949648 0.07569959 0.0 0.018573614 0.0 0.0 0.004466135 0.0 0.0 0.049932748 0.023124058 0.0 0.0 0.0 0.0 0.0 0.0 0.011238381 0.0 0.0 0.0 0.0 0.042466417 0.0 0.007843442 0.012035074 0.0 0.0 0.07007327 0.1543894 0.03860455 0.0 0.009823236 0.0
0.06255673 0.0 0.0 0.0 0.0 0.0 0.0 0.018495807 0.0 0.037198264 0.0 0.0 0.14226876 0.06373556 0.0 0.04696291 0.0 0.0 0.03834551 0.0 0.0 0.0 0.0 0.04934682 0.0 0.0 0.064281255 0.08863238 0.0 0.0 0.0 0.0 0.0 0.0 0.08619702 0.0 0.023435147 0.07642378 0.0 0.0 0.0 0.0 0.0 0.0 0.039258823 0.0 0.0074350205 0.0 0.0 0.0 0.0 0.026543958 0.0 0.0 0.21046585 0.0
0.029865783 0.0 0.02916545 0.025468232 0.0 0.0 0.0 0.033081293 0.0 0.0009412676 0.0 0.031373 0.0 0.0 0.0 0.0 0.0 0.07638216 0.0 0.013836117 0.0 0.022404758 0.1746658 0.027758677 0.0 0.0 0.0 0.014806667 0.0 0.0 0.0 0.14525802 0.0 0.0 0.0 0.0 0.0 0.004574097 0.0 0.0 0.0 0.0 0.0 0.0 0.0 0.010146277 0.0 0.1295275 0.002035022 0.0 0.04290301 0.0015363958 0.0 0.0 0.10131008 0.0
0.0 0.0 0.0 0.007008191 0.0 0.0 0.0 0.038602836 0.0 0.009041018 0.0 0.0 0.091311336 0.102115646 0.0 0.0 0.0 0.0 0.0 0.0 0.0 0.0 0.0 0.0 0.0 0.26182696 0.119402386 0.0 0.0 0.0 0.0 0.0 0.0 0.0 0.023435147 0.0 0.0 0.0 0.0 0.0 0.0 0.0 0.0 0.0 0.10221281 0.0 0.0 0.0 0.0 0.0 0.029037297 0.0 0.0 0.25545445 0.07952594 0.0
0.0 0.0 0.005677621 0.0 0.0 0.0 0.0 0.011813404 0.0 0.07140877 0.11523816 0.0 0.0 0.014409835 0.030897573 0.0 0.0 0.0 0.0 0.10182024 0.0 0.0 0.07207594 0.0 0.0 0.0 0.0046016793 0.0 0.0 0.0 0.0 0.0 0.03796226 0.0 0.07642378 0.004574097 0.0 0.1777255 0.0 0.0 0.0 0.0 0.0 0.0 0.0 0.0 0.0 0.16538696 0.0 0.0 0.0 0.0 0.0 0.0 0.0 0.0
0.0 0.0 0.0 0.0 0.0 0.0 0.0 0.024095183 0.0 0.008291797 0.0 0.0 0.006205655 0.015906578 0.0 0.0 0.0 0.0109054325 0.0 0.0 0.0 0.0 0.0 0.0 0.0 0.0 0.0 0.008220444 0.15696989 0.025279911 0.018451016 0.0 0.0 0.0 0.0 0.0 0.0 0.0 0.0 0.0 0.009773857 0.12497908 0.0 0.0 0.02972665 0.0 0.0 0.0 0.03656446 0.0 0.0 0.05243994 0.11019033 0.037898563 0.0 0.30658337
0.0 0.045281537 0.0 0.07850801 0.0 0.0 0.044752892 0.0 0.041445926 0.0 0.0 0.06057362 0.0 0.0 0.0 0.0 0.0 0.007726148 0.1548509 0.0 0.0 0.010294473 0.0 0.0 0.050052747 0.0 0.0 0.0 0.0 0.0 0.0 0.042386595 0.0 0.011238382 0.0 0.0 0.0 0.0 0.0 0.0 0.08363076 0.0501011 0.29837942 0.0 0.0 0.0 0.0 0.0 0.0 0.051941153 0.0 0.0 0.0 0.01496929 0.0 0.20355438
0.0 0.010250958 0.0 0.0144070005 0.0 0.0 0.0 0.0 0.18957984 0.0 0.0 0.0 0.054173753 0.011111275 0.0 0.0 0.0 0.0 0.0 0.0 0.0 0.06912372 0.0 0.0 0.08802112 0.0 0.0 0.0 0.0 0.06561118 0.0 0.05897513 0.0 0.0 0.0 0.0 0.0 0.0 0.009773857 0.083630756 0.11275336 0.018124338 0.0 0.0 0.0 0.0 0.17357662 0.0 0.013323863 0.0 0.0 0.0 0.0 0.0 0.113964505 0.0
0.0 0.0 0.0 0.0 0.0 0.0059299413 0.0 0.0 0.0 0.0 0.0 0.09359495 0.0 0.0 0.0 0.0 0.04883322 0.0 0.0 0.0 0.0 0.07788881 0.039446548 0.0 0.0058282614 0.0 0.0 0.062346064 0.04627164 0.02258112 0.0 0.0 0.0 0.0 0.0 0.0 0.0 0.0 0.12497908 0.050101098 0.018124336 0.0 0.0 0.0 0.0 0.0 0.0 0.0 0.12984385 0.0 0.0 0.0 0.12178051 0.0 0.0 0.0
0.0 0.0 0.0 0.030287968 0.0 0.08540676 0.0 0.0 0.0 0.0 0.0 0.0 0.0 0.0 0.0 0.0 0.0 0.0 0.010243496 0.014477531 0.0 0.07995975 0.061434515 0.0 0.0 0.0 0.0 0.14059024 0.00060386886 0.0 0.0 0.007804192 0.0 0.0 0.0 0.0 0.0 0.0 0.0 0.29837942 0.0 0.0 0.183744 0.0 0.0 0.0 0.0 0.0 0.0 0.0 0.043013237 0.0 0.0 0.0 0.0 0.013720498
0.0 0.0 0.061213184 0.0 0.0 0.0 0.0 0.0 0.010661109 0.0 0.0 0.0 0.021759463 0.0 0.0 0.0 0.0 0.0 0.02642541 0.0 0.27776584 0.0 0.0 0.0 0.0 0.0 0.0 0.0 0.0 0.06543089 0.06553876 0.0 0.0 0.0 0.0 0.0 0.0 0.0 0.0 0.0 0.0 0.0 0.0 0.0 0.0 0.0 0.0 0.0 0.31676307 0.0 0.0 0.0 0.14084664 0.0 0.0 0.0
0.0 0.03000584 0.0 0.0 0.0 0.0 0.0 0.05478106 0.0 0.0 0.0 0.0 0.047696177 0.07697247 0.002810943 0.10959825 0.0 0.030729523 0.0 0.0 0.043518156 0.0 0.0 0.0 0.13642137 0.0 0.0 0.0 0.014032074 0.0 0.0 0.0 0.0 0.042466417 0.039258823 0.0 0.10221281 0.0 0.02972665 0.0 0.0 0.0 0.0 0.0 0.0 0.0 0.0 0.0 0.14335048 0.0917092 0.025384722 0.0 0.0 0.0 0.0 0.0
0.0133312205 0.0 0.021367686 0.0 0.0 0.0 0.0 0.040549416 0.0 0.0 0.014778474 0.0 0.0 0.020778399 0.22494495 0.021176487 0.0 0.0 0.022238042 0.0 0.023115395 0.0 0.0 0.033135384 0.0 0.0 0.0 0.0 0.0 0.0 0.0066117137 0.0033059986 0.14572453 0.0 0.0 0.010146277 0.0 0.0 0.0 0.0 0.0 0.0 0.0 0.0 0.0 0.0 0.0 0.06890314 0.02127594 0.0 0.0 0.0 0.0 0.0 0.018039173 0.0
0.06311587 0.0 0.11322081 0.0 0.0 0.0 0.021872763 0.07360254 0.012987676 0.029521007 0.036934964 0.061200485 0.0 0.0 0.0 0.0 0.12863262 0.0 0.0 0.0 0.0 0.0 0.0 0.0 0.0 0.0 0.0 0.0 0.038341686 0.0 0.0 0.0 0.0 0.007843442 0.007435021 0.0 0.0 0.0 0.0 0.0 0.17357662 0.0 0.0 0.0 0.0 0.0 0.0 0.008929289 0.0 0.0 0.0 0.104258716 0.0 0.0 0.0 0.0
0.0 0.07684591 0.0 0.0 0.0 0.0 0.0 0.18013358 0.0 0.0055799815 0.0 0.0 0.0 0.061155405 0.01803704 0.0 0.0 0.01021642 0.038169757 0.0 0.0 0.0 0.010941059 0.08476846 0.0 0.0 0.043016218 0.0 0.0 0.0 0.0 0.0 0.0 0.012035073 0.0 0.1295275 0.0 0.16538697 0.0 0.0 0.0 0.0 0.0 0.0 0.0 0.06890314 0.00892929 0.0 0.0 0.0 0.0115767745 0.05406629 0.0 0.010643695 0.015982153 0.0
0.0 0.0 0.0 0.0 0.0 0.0 0.0 0.04422489 0.007315329 0.0 0.0 0.010112921 0.0 0.0 0.0 0.0 0.070968695 0.0 0.0 0.0 0.0 0.0 0.0 0.0 0.0 0.0 0.0 0.0 0.022200828 0.06881661 0.0 0.0 0.0 0.0 0.0 0.002035022 0.0 0.0 0.03656446 0.0 0.013323863 0.12984385 0.0 0.31676304 0.1433505 0.02127594 0.0 0.0 0.0 0.06144374 0.0 0.0 0.023427628 0.0 0.0 0.118530914
0.0 0.026091378 0.0 0.0 0.0 0.0 0.0 0.0 0.0 0.0 0.0 0.0 0.0 0.0 0.0 0.099408984 0.0 0.0 0.0 0.0 0.031000672 0.0 0.0 0.0 0.0 0.029843565 0.04812346 0.03148284 0.0 0.0 0.17849992 0.0 0.0 0.0 0.0 0.0 0.0 0.0 0.0 0.051941153 0.0 0.0 0.0 0.0 0.091709204 0.0 0.0 0.0 0.06144374 0.0 0.21006717 0.0 0.0 0.0 0.046166588 0.0
0.0 0.154382 0.04333072 0.0 0.0052978923 0.0 0.12971991 0.061357457 0.0 0.09339235 0.0 0.0 0.0 0.0 0.0 0.0 0.0 0.0 0.006643067 0.0 0.0 0.0 0.0 0.0 0.0 0.0 0.0 0.0 0.0 0.01838729 0.027411543 0.0 0.08035896 0.07007327 0.0 0.04290301 0.029037297 0.0 0.0 0.0 0.0 0.0 0.04301324 0.0 0.025384722 0.0 0.0 0.011576774 0.0 0.21006717 0.0 0.0 0.0 0.0 0.0 0.048305422
0.0 0.07308293 0.024826868 0.0 0.0 0.0 0.05171375 0.0 0.0 0.046015803 0.0 0.0 0.15367375 0.18276986 0.024014574 0.025775358 0.027609019 0.0 0.0038704334 0.0 0.0 0.0 0.0 0.0 0.0964078 0.0 0.0 0.0 0.0 0.0 0.0 0.0 0.0 0.1543894 0.02654396 0.0015363958 0.0 0.0 0.052439936 0.0 0.0 0.0 0.0 0.0 0.0 0.0 0.10425872 0.054066285 0.0 0.0 0.0 0.014713225 0.009966948 0.0 0.016651774 0.0
0.0 0.0 0.0459171 0.0 0.019097947 0.0 0.0 0.0 0.0 0.0 0.0 0.010429141 0.0 0.0 0.0 0.0 0.13122143 0.009565906 0.0 0.011075012 0.0 0.0 0.0 0.0 0.07804115 0.0 0.0 0.0 0.0 0.06397005 0.0 0.0 0.009888643 0.038604554 0.0 0.0 0.0 0.0 0.11019034 0.0 0.0 0.121780515 0.0 0.14084664 0.0 0.0 0.0 0.0 0.023427628 0.0 0.0 0.009966948 0.26975352 0.0 0.0 0.0
0.0 0.0 0.0 0.0 0.0 0.06308813 0.028799653 0.0 0.0 0.08483253 0.0 0.22337228 0.0 0.0 0.0 0.0 0.023663798 0.0 0.0 0.01304573 0.0 0.041014973 0.0 0.0154740885 0.0 0.0 0.0 0.0 0.0 0.062449045 0.0 0.0 0.0 0.0 0.0 0.0 0.25545442 0.0 0.037898563 0.01496929 0.0 0.0 0.0 0.0 0.0 0.0 0.0 0.010643694 0.0 0.0 0.0 0.0 0.0 0.0 0.08099699 0.0
0.015991414 0.07591397 0.0 0.052244358 0.0 0.01279997 0.0 0.009261141 0.0 0.0068212566 0.0 0.0 0.0 0.014184031 0.0 0.0 0.0 0.0 0.043340784 0.012528997 0.036716737 0.0 0.0 0.0 0.0 0.004838389 0.032058366 0.0 0.0 0.0 0.0 0.0 0.005270352 0.009823237 0.21046585 0.10131008 0.07952594 0.0 0.0 0.0 0.113964505 0.0 0.0 0.0 0.0 0.018039173 0.0 0.015982155 0.0 0.04616659 0.0 0.016651774 0.0 0.080997 0.016161432 0.0
0.0 0.0 0.0 0.016662544 0.0 0.0 0.0 0.0 0.0360241 0.0 0.0 0.026188051 0.0 0.0 0.0 0.07254951 0.0 0.0 0.0 0.0 0.0 0.0 0.0 0.0 0.0064643743 0.0 0.0 0.0 0.0 0.0 0.0 0.01810369 0.0 0.0 0.0 0.0 0.0 0.0 0.30658337 0.20355436 0.0 0.0 0.013720499 0.0 0.0 0.0 0.0 0.0 0.118530914 0.0 0.048305426 0.0 0.0 0.0 0.0 0.0
