0.0 0.03256994 0.0 0.0 0.09920398 0.0 0.024225 0.0 0.15532978 0.0 0.0 0.0 0.0 0.0 0.3178988 0.0 0.0 0.0 0.014709566 0.0 0.0 0.0 0.0 0.0 0.0 0.0 0.0 0.0 0.0 0.0 0.06078826 0.0 0.25740623 0.0 0.0 0.0 0.0 0.0 0.05326911 0.0 0.0 0.0 0.0023113326 0.0 0.0 0.0 0.0 0.0 0.21776278 0.0 0.0 0.0 0.0 0.0 0.006934136 0.0
0.032569945 0.0 0.0 0.083280325 0.029727343 0.061922014 0.0 0.014540148 0.0 0.0 0.16212381 0.0 0.0 0.0 0.0 0.0 0.0 0.012006477 0.0 0.0 0.020065686 0.006249799 0.0 0.034878217 0.0 0.0 0.0 0.0 0.0 0.10281444 0.0 0.0 0.0 0.0 0.0 0.0 0.09361056 0.05380017 0.0 0.0 0.0 0.0 0.0 0.0 0.027398858 0.08683531 0.0 0.0 0.0 0.0026541923 0.0 0.0 0.0 0.0 0.0 0.0
0.0 0.0 0.0 0.0 0.0 0.0 0.0 0.0 0.0 0.0 0.0 0.1895526 0.0 0.0 0.0 0.042855993 0.051641498 0.0 0.0 0.007319493 0.007320133 0.05047398 0.030473737 0.011878626 0.0 0.0 0.022116326 0.0 0.05145136 0.0 0.0 0.0 0.0 0.0 0.0 0.03342554 0.010254547 0.0 0.0 0.0 0.019999245 0.0 0.0 0.0 0.0 0.0 0.09138547 0.1497621 0.0 0.0 0.0 0.0 0.0 0.0 0.0 0.0
0.0 0.083280325 0.0 0.0 0.0 0.11124281 0.0 0.00064750836 0.0 0.0036284209 0.06812398 0.0 0.12533368 0.0 0.0 0.0 0.0 0.0 0.0 0.09631924 0.0 0.0 0.015334698 0.08471448 0.0 0.0 0.0 0.0 0.13814522 0.0 0.0 0.0 0.0 0.0 0.0 0.0 0.0 0.008037183 0.0 0.0 0.010831958 0.0 0.0 0.0 0.0 0.0 0.0 0.056988057 0.0 0.0 0.0 0.07828281 0.0 0.0 0.0 0.0
0.09920398 0.029727345 0.0 0.0 0.051612075 0.0 0.0 0.012046508 0.0 0.26130444 0.1054156 0.0 0.0 0.0 0.0 0.001210111 0.005545235 0.03988854 0.0 0.0 0.0 0.0 0.0 0.0 0.0 0.0 0.0 0.0 0.0 0.0 0.0 0.0 0.012285115 0.0 0.046751454 0.0 0.069724716 0.0 0.0 0.0 0.0 0.0 0.10295799 0.0 0.14114302 0.0 0.0 0.046130806 0.0 0.0 0.0 0.0 0.0 0.0 0.0 0.0
0.0 0.061922014 0.0 0.11124281 0.0 0.107658155 0.0 0.0 0.0 0.0 0.0 0.0 0.044349883 0.0 0.0 0.035199165 0.0 0.153314 0.0 0.057075664 0.0 0.0 0.04764533 0.00676037 0.0 0.0 0.015078632 0.0 0.0 0.0 0.040632784 0.03539518 0.0 0.0 0.0 0.0 0.008634905 0.0 0.0 0.0 0.0 0.0 0.0 0.0 0.0 0.08921799 0.0 0.030827494 0.0 0.0 0.08596604 0.0 0.0188581 0.0023337211 0.06358873 0.0
0.024225 0.0 0.0 0.0 0.0 0.0 0.0 0.12058856 0.0 0.0 0.0 0.0 0.0 0.21288992 0.0 0.0 0.0 0.0 0.0 0.0 0.0 0.0 0.051789217 0.20577656 0.0 0.0 0.0 0.0 0.0 0.0 0.0 0.0 0.0 0.0 0.0 0.0 0.0 0.0 0.0 0.011970003 0.020658461 0.0 0.01980979 0.0 0.0 0.0 0.0 0.0 0.0 0.0 0.0 0.0770735 0.0 0.028823392 0.0 0.0
0.0 0.014540149 0.0 0.00064750836 0.012046508 0.0 0.12058856 0.0 0.013075674 0.0 0.0 0.0 0.0 0.0 0.0 0.0 0.0 0.0 0.0 0.0 0.022433951 0.0 0.0 0.0 0.0 0.0 0.0 0.0 0.0 0.0 0.0 0.0 0.0 0.18823664 0.10093477 0.0 0.080473855 0.0 0.22350669 0.07374255 0.0 0.0 0.004118858 0.0 0.0053114896 0.0 0.039142516 0.0 0.027262388 0.0 0.0 0.0 0.0 0.0 0.0 0.22871053
0.15532978 0.0 0.0 0.0 0.0 0.0 0.0 0.013075674 0.0 0.11966729 0.0 0.045681957 0.0 0.0 0.0 0.039896432 0.0 0.0 0.0 0.0 0.0 0.036004014 0.0 0.0 0.029491264 0.0 0.0 0.0 0.0 0.21186543 0.0 0.0 0.0 0.0 0.0 0.0 0.02531847 0.01687546 0.0 0.0 0.008781653 0.0 0.0 0.0 0.10215679 0.0 0.015220218 0.0 0.0 0.0 0.0 0.025896203 0.0 0.015133298 0.0 0.0
0.0 0.0 0.0 0.0036284209 0.26130444 0.0 0.0 0.0 0.1196673 0.0 0.0 0.0 0.0 0.0 0.10094737 0.003728592 0.0 0.0 0.02850285 0.0 0.0 0.0 0.0 0.0 0.0 0.029680869 0.0 0.0 0.0 0.0 0.16713749 0.10094413 0.0 0.0 0.007769804 0.0 0.0 0.0 0.18020992 0.0 0.0 0.0 0.0 0.0 0.0 0.029106172 0.10093156 0.0 0.0 0.0 0.0 0.0 0.013345024 0.0 0.0 0.0
0.0 0.16212381 0.0 0.06812398 0.1054156 0.0 0.0 0.0 0.0 0.0 0.15374358 0.0 0.039430004 0.0 0.0 0.0 0.0 0.019242814 0.043030057 0.0 0.052210383 0.0 0.0 0.0 0.0 0.0 0.0 0.0 0.0 0.0 0.09655961 0.06803286 0.0 0.0 0.0 0.0 0.0 0.0 0.0 0.0 0.0 0.0 0.072627686 0.09061217 0.0 0.06375709 0.02653932 0.0 0.0 0.0 0.0 0.0 0.0 0.025693277 0.0 0.0
0.0 0.0 0.18955259 0.0 0.0 0.0 0.0 0.0 0.045681957 0.0 0.0 0.0 0.0 0.0 0.0 0.0 0.19018693 0.12018611 0.0 0.016936354 0.07724011 0.0 0.0 0.0 0.18734765 0.0 0.0 0.0 0.102823496 0.042937312 0.0 0.0 0.0 0.0 0.0 0.0 0.0 0.0 0.0 0.0 0.0 0.0 0.0 0.0 0.0 0.0 0.0 0.0 0.0 0.0 0.0 0.0 0.15667583 0.0 0.0 0.0
0.0 0.0 0.0 0.12533368 0.0 0.044349883 0.0 0.0 0.0 0.0 0.039430004 0.0 0.0 0.0898654 0.0 0.025308784 0.0 0.0029051036 0.0064772624 0.0 0.012299089 0.043075614 0.22003675 0.0 0.0 0.0 0.15177396 0.0 0.0 0.0 0.0 0.0 0.0 0.0 0.0 0.0 0.019795623 0.09065523 0.0 0.0 0.0 0.0 0.0 0.0 0.020910995 0.0 0.0 0.0 0.0 0.0 0.040546898 0.0 0.0 0.0 0.0 0.0
0.0 0.0 0.0 0.0 0.0 0.0 0.21288991 0.0 0.0 0.0 0.0 0.0 0.0898654 0.12787172 0.0 0.0 0.0 0.0 0.045939922 0.0 0.0 0.0 0.0 0.0 0.0 0.109119944 0.0 6.745236e-05 0.0 0.0 0.0051625795 0.0 0.0 0.0 0.0 0.0 0.0 0.053454038 0.0 0.07466686 0.16136529 0.17609018 0.0 0.0047904365 0.01807865 0.0 0.05706156 0.0 0.0 0.0 0.0 0.0 0.0 0.018860731 0.0 0.0
0.3178988 0.0 0.0 0.0 0.0 0.0 0.0 0.0 0.0 0.10094737 0.0 0.0 0.0 0.0 0.0 0.0 0.036315788 0.0 0.0 0.0 0.0 0.0 0.0 0.0 0.0 0.0 0.0 0.0 0.036700126 0.0 0.0 0.0 0.0 0.0 0.0065219384 0.0 0.033256635 0.0 0.0 0.0 0.0 0.0 0.0 0.0 0.27878934 0.0 0.0 0.0 0.0 0.0 0.0 0.0 0.0 0.0 0.0 0.0
0.0 0.0 0.042855993 0.0 0.0012101111 0.035199165 0.0 0.0 0.039896432 0.0037285923 0.0 0.0 0.025308784 0.0 0.0 0.0 0.011763077 0.12217028 0.13006514 0.014271346 0.08734431 0.0 0.0 0.0 0.016798351 0.0 0.0 0.0 0.0 0.0 0.0 0.12904389 0.0 0.07347425 0.0 0.0 0.0 0.0 0.0 0.0 0.0043870984 0.0 0.0 0.16724256 0.0 0.0 0.10504411 0.0 0.03846356 0.055400673 0.0 0.0068181283 0.0 0.0 0.0 0.0
0.0 0.0 0.051641498 0.0 0.005545235 0.0 0.0 0.0 0.0 0.0 0.0 0.19018693 0.0 0.0 0.036315788 0.011763076 0.043203775 0.132512 0.0 0.0 0.0 0.13124403 0.04686366 0.0 0.0 0.0 0.0 0.0 0.0 0.02189672 0.0 0.0 0.030909678 0.0 0.0 0.03452452 0.0 0.0 0.029983608 0.0 0.0 0.0 0.0 0.0 0.0 0.1014848 0.0 0.0 0.0 0.035416413 0.0 0.0 0.10935633 0.0 0.0 0.0
0.0 0.0120064765 0.0 0.0 0.03988854 0.153314 0.0 0.0 0.0 0.0 0.019242812 0.12018612 0.0029051038 0.0 0.0 0.12217028 0.132512 0.19993696 0.0 0.0 0.0 0.0 0.0 0.0 0.03290652 0.0 0.0 0.0 0.091594614 0.0037907881 0.0 0.0 0.0 0.0 0.011335714 0.014636571 0.0 0.0 0.055767342 0.0067538833 0.0 0.0 0.0 0.0 0.0 0.0 0.00390506 0.0 0.0 0.013267858 0.0 0.0 0.0 0.0 0.0 0.0
0.014709567 0.0 0.0 0.0 0.0 0.0 0.0 0.0 0.0 0.02850285 0.043030057 0.0 0.0064772624 0.045939926 0.0 0.13006514 0.0 0.0 0.0 0.0 0.0 0.028328275 0.013061552 0.0 0.0 0.0 0.061994363 0.0 0.0 0.0 0.0 0.0 0.0 0.0 0.0 0.0 0.13650306 0.0 0.0 0.0201193 0.0 0.0 0.0 0.0 0.0 0.0 0.0 0.032205734 0.0 0.0 0.095758855 0.0 0.0 0.013376482 0.032888796 0.0
0.0 0.0 0.007319493 0.096319236 0.0 0.057075668 0.0 0.0 0.0 0.0 0.0 0.016936352 0.0 0.0 0.0 0.014271345 0.0 0.0 0.0 0.0 0.0 0.0 0.14089493 0.0 0.0 0.0 0.0 0.16843995 0.0 0.0 0.0 0.0 0.057239365 0.0 0.0 0.0 0.0 0.0 0.0 0.0 0.0 0.0 0.022305438 0.0 0.0 0.0 0.0 0.0 0.024026548 0.0 0.1368092 0.0 0.0 0.0 0.0 0.0
0.0 0.020065688 0.0073201335 0.0 0.0 0.0 0.0 0.022433953 0.0 0.0 0.052210383 0.07724011 0.012299088 0.0 0.0 0.08734431 0.0 0.0 0.0 0.0 0.0 0.0 0.07464626 0.1012339 0.0 0.0 0.0 0.0 0.020173045 0.0 0.0 0.0 0.0 0.0 0.0 0.0 0.0 0.0 0.0 0.047889486 0.0 0.0 0.0 0.0 0.0 0.0 0.0 0.011235372 0.0 0.0 0.0 0.19135575 0.0 0.02919922 0.060062718 0.0
0.0 0.0062497985 0.05047398 0.0 0.0 0.0 0.0 0.0 0.036004014 0.0 0.0 0.0 0.043075614 0.0 0.0 0.0 0.13124403 0.0 0.028328275 0.0 0.0 0.0 0.0 0.0 0.15873258 0.0 0.0 0.0 0.12196531 0.080809936 0.0 0.0 0.040615063 0.0 0.0 0.0 0.0 0.0 0.0 0.0 0.0 0.05096314 0.09894254 0.0 0.0 0.0 0.058684587 0.0 0.0870747 0.0 0.0 0.0 0.0 0.0 0.0 0.0
0.0 0.0 0.030473737 0.015334697 0.0 0.04764533 0.051789217 0.0 0.0 0.0 0.0 0.0 0.22003675 0.0 0.0 0.0 0.04686366 0.0 0.013061552 0.14089493 0.07464626 0.0 0.0 0.0 0.07563777 0.0 0.0 0.0 0.043685984 0.0 0.0 0.16901895 0.0 0.032955825 0.030462176 0.0 0.0 0.046395365 0.0 0.0 0.0 0.0073003313 0.0 0.0 0.02798274 0.0 0.004300106 0.035184328 0.0 0.03260567 0.05468571 0.0 0.0 0.0 0.0 0.0
0.0 0.03487822 0.011878626 0.08471448 0.0 0.0067603705 0.20577656 0.0 0.0 0.0 0.0 0.0 0.0 0.0 0.0 0.0 0.0 0.0 0.0 0.0 0.1012339 0.0 0.0 0.0 0.0 0.013523798 0.011272561 0.0 0.0 0.0 0.070010684 0.0 0.005237343 0.13722196 0.08355243 0.0 0.02711851 0.0 0.073261775 0.0 0.0 0.0 0.11794886 0.0 0.0 0.0 0.04405707 0.045342326 0.0 0.0 0.0 0.0 0.0 0.0 0.0 0.24173906
0.0 0.0 0.0 0.0 0.0 0.0 0.0 0.0 0.029491263 0.0 0.0 0.18734765 0.0 0.0 0.0 0.016798351 0.0 0.03290652 0.0 0.0 0.0 0.15873258 0.07563777 0.0 0.0 2.3291662e-08 0.0 0.0 0.0 0.08880766 0.0 0.0 0.0 0.0 0.0 0.18520674 0.0 0.0 0.0 0.0 0.017774694 0.0 0.0 0.0 0.0 0.0 0.0 0.14771041 0.0 0.0 0.020486094 0.00889303 0.08339176 0.0037112166 0.0 0.014057869
0.0 0.0 0.0 0.0 0.0 0.0 0.0 0.0 0.0 0.029680865 0.0 0.0 0.0 0.10911995 0.0 0.0 0.0 0.0 0.0 0.0 0.0 0.0 0.0 0.013523799 2.3291664e-08 0.05828642 0.0502842 0.0 0.0 0.0 0.0 0.0 0.0 0.0 0.1117675 0.0 0.0 0.05979992 0.0 0.07403509 0.0 0.0 0.0 0.099633485 0.19172318 0.0 0.0 0.0626517 0.0 0.0 0.01707407 0.033477135 0.0 0.0 0.016570909 0.0
0.0 0.0 0.022116328 0.0 0.0 0.015078632 0.0 0.0 0.0 0.0 0.0 0.0 0.15177396 0.0 0.0 0.0 0.0 0.0 0.061994363 0.0 0.0 0.0 0.0 0.01127256 0.0 0.050284196 0.0 0.22099027 0.0 0.0 0.055979766 0.0 0.0 0.029501157 0.067364834 0.0 0.021502482 0.0 0.0 0.06891169 0.0125282975 0.0 0.261204 0.0 0.0 0.0 0.0 0.0 0.0 0.0 0.0 0.0 0.0 0.026167562 0.0 0.0
0.0 0.0 0.0 0.0 0.0 0.0 0.0 0.0 0.0 0.0 0.0 0.0 0.0 6.745236e-05 0.0 0.0 0.0 0.0 0.0 0.16843995 0.0 0.0 0.0 0.0 0.0 0.0 0.22099027 0.0 0.0 0.0 0.04763767 0.0 0.16521543 0.0 0.018430298 0.0 0.024559261 0.007920699 0.0 0.0 0.0 0.0 0.0 0.0 0.0 0.0 0.0 0.039213765 0.0 0.111792564 0.19038251 0.0 0.0 0.0 0.09169222 0.0
0.0 0.0 0.05145136 0.13814524 0.0 0.0 0.0 0.0 0.0 0.0 0.0 0.1028235 0.0 0.0 0.036700126 0.0 0.0 0.091594614 0.0 0.0 0.020173045 0.121965304 0.043685984 0.0 0.0 0.0 0.0 0.0 0.0 0.0 0.0 0.0 0.0 0.0 0.0 0.0 0.0 0.0 0.0 0.009573484 0.0 0.017019767 0.0 0.05433639 0.0 0.0 0.0 0.0 0.0 0.0 0.0 0.0 0.033514865 0.0 0.10476815 0.0
0.0 0.10281444 0.0 0.0 0.0 0.0 0.0 0.0 0.21186544 0.0 0.0 0.042937312 0.0 0.0 0.0 0.0 0.02189672 0.003790788 0.0 0.0 0.0 0.08080993 0.0 0.0 0.088807665 0.0 0.0 0.0 0.0 0.003075191 0.0 0.0 0.0 0.0 0.0 0.0 0.0 0.0 0.0 0.0 0.17386517 0.0 0.0154236285 0.0 0.0 0.0 0.12103103 0.0 0.0 0.0 0.0 0.0 0.05525615 0.0 0.0 0.0
0.060788255 0.0 0.0 0.0 0.0 0.040632788 0.0 0.0 0.0 0.16713749 0.09655961 0.0 0.0 0.0051625795 0.0 0.0 0.0 0.0 0.0 0.0 0.0 0.0 0.0 0.070010684 0.0 0.0 0.055979766 0.04763767 0.0 0.0 0.0 0.0 0.0 0.0 0.07471721 0.0 0.027377084 0.046701618 0.0 0.0 0.0 0.0 0.0 0.0 0.072495215 0.0447347 0.0 0.011251219 0.0 0.0 0.027799252 0.117348716 0.0 0.0 0.06314531 0.0
0.0 0.0 0.0 0.0 0.0 0.03539518 0.0 0.0 0.0 0.10094413 0.06803285 0.0 0.0 0.0 0.0 0.12904389 0.0 0.0 0.0 0.0 0.0 0.0 0.16901895 0.0 0.0 0.0 0.0 0.0 0.0 0.0 0.0 0.0 0.0 0.0 0.10120506 0.029282888 0.01501606 0.0092552705 0.0 0.014389518 0.0 0.0 0.0 0.0 0.019272773 0.0 0.0 0.1058168 0.0 0.0 0.16671658 0.0 0.0 0.0 4.2484037e-34 0.0
0.25740623 0.0 0.0 0.0 0.012285115 0.0 0.0 0.0 0.0 0.0 0.0 0.0 0.0 0.0 0.0 0.0 0.03090968 0.0 0.0 0.057239365 0.0 0.040615067 0.0 0.0052373423 0.0 0.0 0.0 0.16521543 0.0 0.0 0.0 0.0 0.0 0.0 0.0 0.0 0.0 0.0 0.0 0.0 0.019860718 0.0 0.0 0.0 0.12710646 0.0 0.0 0.0 0.0 0.0 0.0 0.05657089 0.0 0.0 0.0 0.0
0.0 0.0 0.0 0.0 0.0 0.0 0.0 0.18823665 0.0 0.0 0.0 0.0 0.0 0.0 0.0 0.07347426 0.0 0.0 0.0 0.0 0.0 0.0 0.03295582 0.13722198 0.0 0.0 0.029501157 0.0 0.0 0.0 0.0 0.0 0.0 0.0 0.0 0.12698473 0.01036364 0.0 0.0 0.0 0.0 0.0 0.0 0.0 0.0 0.0 0.0 0.0 0.0 0.0 0.0 0.17046802 0.0 0.0 0.015325773 0.0
0.0 0.0 0.0 0.0 0.046751454 0.0 0.0 0.10093478 0.0 0.0077698035 0.0 0.0 0.0 0.0 0.0065219384 0.0 0.0 0.011335714 0.0 0.0 0.0 0.0 0.030462177 0.083552435 0.0 0.11176751 0.067364834 0.018430298 0.0 0.0 0.07471721 0.10120506 0.0 0.0 0.0 0.01100994 0.042401865 0.0 0.020329345 0.0 0.0 0.0005912661 0.0 0.0 0.0076380135 0.0138055915 0.011198291 0.0 0.0 0.0 0.041305363 0.02569967 0.0 0.0 0.12392837 0.0
0.0 0.0 0.03342554 0.0 0.0 0.0 0.0 0.0 0.0 0.0 0.0 0.0 0.0 0.0 0.0 0.0 0.03452452 0.01463657 0.0 0.0 0.0 0.0 0.0 0.0 0.18520676 0.0 0.0 0.0 0.0 0.0 0.0 0.029282888 0.0 0.12698473 0.01100994 0.0 0.0 0.0 0.0 0.0 0.0 0.02789858 0.0 0.1615404 0.01534922 0.15370011 0.09820548 0.0 0.06792743 0.0 0.0 0.0 0.0 0.0 0.0 0.0
0.0 0.093610555 0.010254547 0.0 0.069724716 0.008634905 0.0 0.08047385 0.025318472 0.0 0.0 0.0 0.01979562 0.0 0.03325664 0.0 0.0 0.0 0.13650306 0.0 0.0 0.0 0.0 0.027118511 0.0 0.0 0.021502482 0.024559261 0.0 0.0 0.027377084 0.01501606 0.0 0.01036364 0.042401865 0.0 0.0 0.0 0.0 0.008542949 0.0 0.0 0.012213136 0.0 0.0 0.057516836 0.0078022643 0.0 0.027920142 0.0 0.0 0.07195502 0.0 0.0 0.18795837 0.0
0.0 0.05380017 0.0 0.008037184 0.0 0.0 0.0 0.0 0.016875463 0.0 0.0 0.0 0.09065523 0.053454034 0.0 0.0 0.0 0.0 0.0 0.0 0.0 0.0 0.046395365 0.0 0.0 0.059799917 0.0 0.007920699 0.0 0.0 0.046701618 0.0092552705 0.0 0.0 0.0 0.0 0.0 0.0 0.0 0.3118156 0.0 0.0 0.04156891 0.0 0.0 0.0 0.03299623 0.0 0.035760663 0.0 0.09074552 0.0 0.0 0.03892647 0.032740753 0.015322629
0.053269114 0.0 0.0 0.0 0.0 0.0 0.0 0.22350669 0.0 0.1802099 0.0 0.0 0.0 0.0 0.0 0.0 0.029983608 0.055767346 0.0 0.0 0.0 0.0 0.0 0.073261775 0.0 0.0 0.0 0.0 0.0 0.0 0.0 0.0 0.0 0.0 0.020329345 0.0 0.0 0.0 0.0 0.0 0.04311481 0.0 0.0 0.0 0.0 0.0 0.0 0.0 0.0 0.0 0.0 0.10950583 0.0 0.0 0.0 0.0
0.0 0.0 0.0 0.0 0.0 0.0 0.011970004 0.07374255 0.0 0.0 0.0 0.0 0.0 0.07466685 0.0 0.0 0.0 0.0067538833 0.0201193 0.0 0.047889486 0.0 0.0 0.0 0.0 0.07403509 0.06891169 0.0 0.009573484 0.0 0.0 0.014389518 0.0 0.0 0.0 0.0 0.008542949 0.3118156 0.0 0.0 0.0 0.10731644 0.0 0.0 0.0 0.11777754 0.0 0.0 0.0 0.0 0.0 0.0 0.0 0.0 0.0 0.0
0.0 0.0 0.019999245 0.010831959 0.0 0.0 0.020658463 0.0 0.008781652 0.0 0.0 0.0 0.0 0.16136529 0.0 0.0043870984 0.0 0.0 0.0 0.0 0.0 0.0 0.0 0.0 0.017774696 0.0 0.012528297 0.0 0.0 0.17386518 0.0 0.0 0.019860718 0.0 0.0 0.0 0.0 0.0 0.04311481 0.0 0.0 0.10338685 0.0 0.2082342 0.02305044 0.0 0.0 0.0 0.12809096 0.09895431 0.0 0.0 0.0 0.0 0.0 0.064115286
0.0 0.0 0.0 0.0 0.0 0.0 0.0 0.0 0.0 0.0 0.0 0.0 0.0 0.17609017 0.0 0.0 0.0 0.0 0.0 0.0 0.0 0.05096314 0.0073003313 0.0 0.0 0.0 0.0 0.0 0.017019767 0.0 0.0 0.0 0.0 0.0 0.0005912661 0.027898582 0.0 0.0 0.0 0.10731644 0.10338686 0.08372784 0.0 0.0 0.0 0.0 0.0017901422 0.0 0.0 0.0 0.0 0.0 0.0 0.31447843 0.024050765 0.1476377
0.0023113326 0.0 0.0 0.0 0.10295799 0.0 0.019809792 0.004118858 0.0 0.0 0.072627686 0.0 0.0 0.0 0.0 0.0 0.0 0.0 0.0 0.02230544 0.0 0.09894254 0.0 0.11794886 0.0 0.0 0.261204 0.0 0.0 0.0154236285 0.0 0.0 0.0 0.0 0.0 0.0 0.012213137 0.04156891 0.0 0.0 0.0 0.0 0.0 0.0 0.0 0.16836941 0.0 0.0 0.0 0.0 0.0 0.0 0.0 0.0 0.013661968 0.0
0.0 0.0 0.0 0.0 0.0 0.0 0.0 0.0 0.0 0.0 0.09061217 0.0 0.0 0.0047904365 0.0 0.16724256 0.0 0.0 0.0 0.0 0.0 0.0 0.0 0.0 0.0 0.099633485 0.0 0.0 0.054336395 0.0 0.0 0.0 0.0 0.0 0.0 0.1615404 0.0 0.0 0.0 0.0 0.2082342 0.0 0.0 0.0 0.0 0.0 0.0 0.08340925 0.0 0.0 0.0 0.0 0.0 0.0 0.0 0.0
0.0 0.027398858 0.0 0.0 0.14114301 0.0 0.0 0.0053114896 0.10215678 0.0 0.0 0.0 0.020910993 0.018078648 0.27878934 0.0 0.0 0.0 0.0 0.0 0.0 0.0 0.02798274 0.0 0.0 0.1917232 0.0 0.0 0.0 0.0 0.07249522 0.019272773 0.12710646 0.0 0.007638014 0.01534922 0.0 0.0 0.0 0.0 0.02305044 0.0 0.0 0.0 0.0 0.0 0.0 0.0 0.043125957 0.0 0.041910928 0.010606722 0.0 0.043443736 0.03716799 0.0025690559
0.0 0.08683531 0.0 0.0 0.0 0.08921799 0.0 0.0 0.0 0.02910617 0.063757084 0.0 0.0 0.0 0.0 0.0 0.1014848 0.0 0.0 0.0 0.0 0.0 0.0 0.0 0.0 0.0 0.0 0.0 0.0 0.0 0.0447347 0.0 0.0 0.0 0.0138055915 0.15370011 0.057516836 0.0 0.0 0.11777754 0.0 0.0 0.16836943 0.0 0.0 0.0 0.0 0.0 0.0 0.0 0.0 0.0 0.0 0.0 0.0 0.0
0.0 0.0 0.09138547 0.0 0.0 0.0 0.0 0.03914252 0.015220217 0.10093157 0.02653932 0.0 0.0 0.057061557 0.0 0.10504411 0.0 0.0039050602 0.0 0.0 0.0 0.058684587 0.004300106 0.044057075 0.0 0.0 0.0 0.0 0.0 0.12103103 0.0 0.0 0.0 0.0 0.011198291 0.09820548 0.0078022648 0.03299623 0.0 0.0 0.0 0.0017901422 0.0 0.0 0.0 0.0 0.0 0.0 0.0 0.0 0.0 0.19184665 0.0 0.0 0.0 0.0
0.0 0.0 0.1497621 0.056988057 0.046130806 0.030827494 0.0 0.0 0.0 0.0 0.0 0.0 0.0 0.0 0.0 0.0 0.0 0.0 0.03220573 0.0 0.011235373 0.0 0.035184324 0.045342326 0.14771041 0.0626517 0.0 0.039213765 0.0 0.0 0.011251219 0.10581679 0.0 0.0 0.0 0.0 0.0 0.0 0.0 0.0 0.0 0.0 0.0 0.08340926 0.0 0.0 0.0 0.0 0.11757826 0.0 0.046600334 0.00010135364 0.0 0.0 0.015597414 0.0
0.21776278 0.0 0.0 0.0 0.0 0.0 0.0 0.027262388 0.0 0.0 0.0 0.0 0.0 0.0 0.0 0.03846356 0.0 0.0 0.0 0.024026548 0.0 0.08707469 0.0 0.0 0.0 0.0 0.0 0.0 0.0 0.0 0.0 0.0 0.0 0.0 0.0 0.06792743 0.02792014 0.035760663 0.0 0.0 0.12809096 0.0 0.0 0.0 0.043125957 0.0 0.0 0.11757827 0.0 0.0 0.0 0.082193434 0.0 0.0 0.0 0.0
0.0 0.0026541923 0.0 0.0 0.0 0.0 0.0 0.0 0.0 0.0 0.0 0.0 0.0 0.0 0.0 0.055400673 0.035416413 0.013267858 0.0 0.0 0.0 0.0 0.032605674 0.0 0.0 0.0 0.0 0.111792564 0.0 0.0 0.0 0.0 0.0 0.0 0.0 0.0 0.0 0.0 0.0 0.0 0.098954305 0.0 0.0 0.0 0.0 0.0 0.0 0.0 0.0 0.0 0.13110603 0.0 0.0 0.04455908 0.20450854 0.0
0.0 0.0 0.0 0.0 0.0 0.08596604 0.0 0.0 0.0 0.0 0.0 0.0 0.0405469 0.0 0.0 0.0 0.0 0.0 0.09575886 0.1368092 0.0 0.0 0.054685716 0.0 0.020486094 0.01707407 0.0 0.1903825 0.0 0.0 0.027799252 0.16671658 0.0 0.0 0.041305363 0.0 0.0 0.09074552 0.0 0.0 0.0 0.0 0.0 0.0 0.041910928 0.0 0.0 0.046600334 0.0 0.13110603 0.08708429 0.0 0.0 0.0 0.0 0.0
0.0 0.0 0.0 0.0782828 0.0 0.0 0.07707351 0.0 0.025896203 0.0 0.0 0.0 0.0 0.0 0.0 0.0068181283 0.0 0.0 0.0 0.0 0.19135575 0.0 0.0 0.0 0.00889303 0.033477135 0.0 0.0 0.0 0.0 0.11734872 0.0 0.05657089 0.17046802 0.02569967 0.0 0.07195502 0.0 0.10950584 0.0 0.0 0.0 0.0 0.0 0.010606723 0.0 0.19184667 0.00010135363 0.082193434 0.0 0.0 0.0 0.0 0.0 0.0 0.0
0.0 0.0 0.0 0.0 0.0 0.0188581 0.0 0.0 0.0 0.013345024 0.0 0.15667585 0.0 0.0 0.0 0.0 0.10935632 0.0 0.0 0.0 0.0 0.0 0.0 0.0 0.08339177 0.0 0.0 0.0 0.033514865 0.05525615 0.0 0.0 0.0 0.0 0.0 0.0 0.0 0.0 0.0 0.0 0.0 0.0 0.0 0.0 0.0 0.0 0.0 0.0 0.0 0.0 0.0 0.0 0.45358643 0.0 0.0 0.0
0.0 0.0 0.0 0.0 0.0 0.0023337214 0.02882339 0.0 0.015133299 0.0 0.025693279 0.0 0.0 0.018860731 0.0 0.0 0.0 0.0 0.013376482 0.0 0.02919922 0.0 0.0 0.0 0.0037112164 0.0 0.026167564 0.0 0.0 0.0 0.0 0.0 0.0 0.0 0.0 0.0 0.0 0.038926475 0.0 0.0 0.0 0.31447843 0.0 0.0 0.043443736 0.0 0.0 0.0 0.0 0.04455908 0.0 0.0 0.0 0.28565305 0.0 0.0
0.0069341357 0.0 0.0 0.0 0.0 0.06358873 0.0 0.0 0.0 0.0 0.0 0.0 0.0 0.0 0.0 0.0 0.0 0.0 0.032888796 0.0 0.06006272 0.0 0.0 0.0 0.0 0.016570909 0.0 0.09169222 0.10476815 0.0 0.06314531 4.2484037e-34 0.0 0.015325772 0.123928376 0.0 0.18795837 0.032740753 0.0 0.0 0.0 0.024050767 0.013661968 0.0 0.03716799 0.0 0.0 0.015597414 0.0 0.20450854 0.0 0.0 0.0 0.0 0.060809147 0.0
0.0 0.0 0.0 0.0 0.0 0.0 0.0 0.22871052 0.0 0.0 0.0 0.0 0.0 0.0 0.0 0.0 0.0 0.0 0.0 0.0 0.0 0.0 0.0 0.24173905 0.01405787 0.0 0.0 0.0 0.0 0.0 0.0 0.0 0.0 0.0 0.0 0.0 0.0 0.015322628 0.0 0.0 0.064115286 0.1476377 0.0 0.0 0.0025690559 0.0 0.0 0.0 0.0 0.0 0.0 0.0 0.0 0.0 0.0 0.0
