0.0 0.023772229 0.0 0.11545801 0.016953763 0.0 0.0 0.0 0.078798585 0.0 0.0 0.0 0.13077971 0.016245779 0.0 0.083576314 0.0 0.0 0.1099863 0.063575014 0.0055317236 0.0 0.0 0.0 0.0 0.12854369 0.0 0.08733655 0.0 0.0 0.11013726 0.0 0.0 0.0 0.03698189 0.0 0.0 0.0 0.0 0.0 0.0 0.034603007 0.0 0.0 0.0 0.0 0.0 0.0 0.16509575 0.0 0.0 0.05071732 0.025808146 0.032754235 0.0 0.0
0.023772227 0.0 0.0 0.0 0.045244884 0.0 0.0 0.18543848 0.0 0.0 0.038813785 0.0 0.0 0.0 0.0 0.0 0.0 0.04581942 0.0 0.0 0.0 0.0 0.0 0.13139509 0.026056712 0.0 0.0 0.0 0.0 0.0 0.023049569 0.0 0.0 0.0 0.080420695 0.033246156 0.0 0.05344256 0.0 0.0 0.0 0.0 0.0 0.0 0.042676713 0.0 0.0 0.0 0.0 0.0 0.0 0.048639692 0.0 0.0 0.039662115 0.0
0.0 0.0 0.14939673 0.011093538 0.0 0.053904273 0.0 0.0 0.0 0.0 0.069086865 0.018335897 0.0 0.0 0.0 0.021050423 0.0 0.05147447 0.0 0.0027332099 0.0 0.017928349 0.0 0.0 0.033540737 0.0 0.091263436 0.022729792 0.008168997 0.01226405 0.0 0.0 0.0 0.020675061 0.0 0.0 0.0 0.054345302 0.0 0.0 0.0 0.0 0.0 0.0152515685 0.0 0.25342712 0.0 0.0 0.0 0.0 0.0 0.0 0.0 0.0 0.0 0.0
0.11545801 0.0 0.011093539 0.0 0.0 0.0 0.026443105 0.011060881 0.022496678 0.0 0.0 0.0 0.0 0.0 0.052967783 0.0 0.021206567 0.0 0.0 0.0 0.0 0.0493468 0.0 0.17072241 0.052990448 0.0 0.0 0.0 0.0 0.041133802 0.0 0.0 0.035567645 0.0 0.0 0.11353354 0.062815845 0.0 0.0 0.0 0.0 0.0 0.06879409 0.0 0.0 0.0 0.0 0.006730685 0.0 0.043188825 0.0 0.0 0.0 0.0 0.0 0.0
0.016953763 0.045244884 0.0 0.0 0.16833366 0.0 0.026611626 0.0 0.0 0.0 0.028841523 0.0 0.0 0.0 0.0 0.011033319 0.09780171 0.020360919 0.0 0.0 0.09391614 0.042826366 0.0 0.010521743 0.12895618 0.0 0.0 0.0 0.12519176 0.0 0.0 0.010487671 0.0 0.027296752 0.0 0.043867607 0.0 0.0 0.0 0.021938948 0.0 0.0 0.0 0.0 0.0 0.025563534 0.0 0.0 0.0 0.0 0.0 0.0 0.0 0.0 0.0 0.0
0.0 0.0 0.053904273 0.0 0.0 0.062233064 0.117881216 0.0 0.0 0.0 0.0 0.06647387 0.0 0.0 0.0534028 0.0 0.03228915 0.12933882 0.0 0.0 0.0 0.0 0.0 0.00477778 0.045607243 0.03230174 0.0 0.0 0.035066824 0.034126297 0.0 0.060765687 0.0 0.0 0.0 0.0 0.05249986 0.0 0.0 0.0 0.0 0.0 0.10391665 0.0 0.0 0.0040488606 0.0 0.0 0.0 0.0 0.0 0.0 0.058428045 0.0 0.0 0.0
0.0 0.0 0.0 0.026443107 0.026611626 0.117881216 0.0 0.0 0.0 0.0 0.0 0.0 0.0 0.0 0.0 0.24096532 0.0 0.0 0.0 0.0 0.07486488 0.053800866 0.0 0.0 0.0 0.0052615413 0.03834572 0.055095546 0.0 0.0 0.0 0.0 0.0 0.06259594 0.0 0.0 0.0 0.039736405 0.0 0.042622153 0.0 0.0 0.0807168 0.0 0.03731992 0.0 0.0 0.07153024 0.06918179 0.0 0.009007938 0.0 0.0 0.0 0.0077849766 0.0
0.0 0.18543848 0.0 0.0110608805 0.0 0.0 0.0 0.064797446 0.0 0.019529397 0.0 0.1480778 0.0 0.085925706 0.0 0.0 0.0 0.0 0.0 0.0 0.0 0.0 0.0054246164 0.0 0.025489684 0.012274256 0.0 0.0 0.0 0.0 0.0062824097 0.0 0.0 0.0 0.048229974 0.04416893 0.0 0.0 0.0758294 0.0 0.0 0.0 0.0 0.07978047 0.0 0.0 0.08555889 0.0 0.07940023 0.0 0.0 0.1139101 0.0 0.024565604 0.018150762 0.0
0.078798585 0.0 0.0 0.022496678 0.0 0.0 0.0 0.0 0.0 0.0 0.15871303 0.0 0.0 0.056631085 0.0 0.0 0.0 0.0 0.0 0.0 0.080883995 0.0 0.0 0.0 0.0 0.0 0.0067961006 0.0 0.0 0.0 0.0 0.0 0.0 0.0 0.0 0.0 0.0 0.0 0.0 0.11281031 0.19440909 0.0 0.0 0.091474675 0.0 0.0 0.013729713 0.0 0.0 0.0 0.0 0.0 0.0 0.0 0.0 0.0
0.0 0.0 0.0 0.0 0.0 0.0 0.0 0.019529399 0.0 0.17120524 0.0 0.0 0.0 0.0 0.0 0.02749381 0.0 0.041398283 0.026377808 0.14958952 0.0 0.036182012 0.0 0.05221113 0.0 0.10843155 0.0 0.011549861 0.0 0.0 0.0 0.0 0.0 0.0023320008 0.0 0.0 0.0 0.054402 0.0 0.0 0.0 0.0 0.0 0.0 0.0 0.0 0.0 0.0 0.0 0.0 0.0 0.26284364 0.0 0.0 0.0 0.0
0.0 0.038813785 0.06908686 0.0 0.028841525 0.0 0.0 0.0 0.15871303 0.0 0.0 0.0 0.10246524 0.19127929 0.0 0.0 0.044898532 0.0 0.0 0.0 0.0 0.0 0.0 0.047654442 0.0120554175 0.067983404 0.0 0.0 0.0 0.0 0.011789217 0.0 0.0 0.04121697 0.0 0.11456142 0.0 0.0 0.0 0.022876043 0.0 0.14708915 0.050821565 0.0 0.0 0.0 0.011337101 0.0 0.0 0.0 0.0 0.0 0.0 0.0 0.0 0.019495232
0.0 0.0 0.0183359 0.0 0.0 0.06647387 0.0 0.14807779 0.0 0.0 0.0 0.0 0.0 0.0 0.0 0.0 0.05638715 0.0028584944 0.012969176 0.021785386 0.0 0.05796434 0.009672948 0.0067137145 0.0 0.0 0.0 0.0005154171 0.0 0.13379711 0.0 0.0 0.0 0.0 0.11889785 0.0 0.0 0.030055888 0.0 0.0 0.0 0.0 0.0 0.0 0.019686574 0.089262985 0.0 0.04311962 0.0 0.06668016 0.0 0.041388538 0.0 0.0 0.0 0.0
0.13077971 0.0 0.0 0.0 0.0 0.0 0.0 0.0 0.0 0.0 0.10246524 0.0 0.0 0.0 0.0 0.0 0.0 0.0 0.0 0.0 0.0 0.0 0.09160515 0.0 0.0 0.0 0.0 0.0 0.0 0.0 0.0 0.0 0.0 0.0 0.0 0.014251699 0.0 0.0 0.0 0.0 0.22992992 0.0 0.0 0.2282894 0.0070403568 0.003048558 0.013208414 0.019243244 0.0 0.0 0.0 0.0 0.0 0.0 0.0007171519 0.0
0.016245779 0.0 0.0 0.0 0.0 0.0 0.0 0.085925706 0.056631085 0.0 0.19127928 0.0 0.0 0.0 0.0 0.0 0.0 0.0 0.0 0.0 0.0 0.0 0.034965355 0.0 0.0 0.0 0.0 0.0 0.0 0.06523798 0.0 0.0 0.0 0.0 0.0 0.06677675 0.0 0.0 0.0 0.0 0.0 0.0 0.0 0.09972544 0.0 0.0 0.0 0.0 0.0 0.0 0.0 0.0 0.0 0.0 0.22308257 0.0
0.0 0.0 0.0 0.052967783 0.0 0.053402796 0.0 0.0 0.0 0.0 0.0 0.0 0.0 0.0 0.0 0.21269403 0.0 0.0 0.0 0.0 0.06097385 0.0 0.0 0.029228818 0.0 0.0 0.058600105 0.05703785 0.0 0.0 0.008021937 0.0 0.06067101 0.0 0.01967898 0.0 0.0 0.00348268 0.0 0.22364815 0.0 0.0 0.0 0.011719051 0.0 0.0 0.0 0.0026847227 0.0 0.0 0.0 0.0 0.0 0.0 0.0699945 0.0
0.08357631 0.0 0.021050423 0.0 0.01103332 0.0 0.24096534 0.0 0.0 0.02749381 0.0 0.0 0.0 0.0 0.21269403 0.0 0.0 0.0 0.0 0.0 0.0 0.0 0.0 0.0 0.0 0.0 0.0 0.0 0.0 0.0 0.0 0.0 0.0 0.025201863 0.07285616 0.0 0.0666075 0.0 0.0 0.0 0.0 0.014178528 0.06615461 0.0 0.0 0.0 0.012693788 0.0 0.0 0.0 0.0 0.036855944 0.0 0.0 0.0 0.0
0.0 0.0 0.0 0.021206567 0.097801715 0.032289147 0.0 0.0 0.0 0.0 0.044898532 0.056387145 0.0 0.0 0.0 0.0 0.0 0.12849487 0.0 0.025516676 0.0 0.0 0.012946098 0.060586054 0.015268959 0.0 0.06668064 0.0 0.0 0.007333215 0.0 0.22910427 0.0 0.0 0.0 0.006191815 0.0 0.24641171 0.0 0.0 0.0 0.0 0.0 0.0 0.013840833 0.055198967 0.0 0.0 0.0 0.0 0.011904954 0.0 0.0 0.0 0.0 0.0
0.0 0.045819424 0.05147447 0.0 0.020360919 0.1293388 0.0 0.0 0.0 0.041398283 0.0 0.0028584946 0.0 0.0 0.0 0.0 0.12849489 0.17885785 0.0 0.0 0.008844782 0.0 0.0 0.0 0.1665943 0.0 0.0 0.0 0.0 0.0 0.0 0.067872494 0.0 0.0 0.0 0.0 0.0 0.00043030965 0.0 0.0 0.0 0.0 0.0 0.0 0.0056513012 0.07304113 0.0 0.0 0.017190622 0.0 0.009741076 0.0 0.01142493 0.0 0.011161174 0.0
0.10998629 0.0 0.0 0.0 0.0 0.0 0.0 0.0 0.0 0.02637781 0.0 0.012969175 0.0 0.0 0.0 0.0 0.0 0.0 0.0 0.0026515212 0.0 0.011374836 0.0 0.0 0.0 0.0 0.016695928 0.0 0.22519936 0.0 0.0 0.0 0.0 0.050961196 0.011332459 0.0 0.0 0.0 0.0 0.059634175 0.05853961 0.0 0.0091503905 0.0 0.12612379 0.0 0.057755206 0.0 0.0 0.012152236 0.0 0.0 0.0 0.0 0.0 0.0
0.063575014 0.0 0.0027332096 0.0 0.0 0.0 0.0 0.0 0.0 0.14958952 0.0 0.021785386 0.0 0.0 0.0 0.0 0.025516674 0.0 0.0026515212 0.0 0.030749032 0.13100243 0.0 0.0 0.02669261 0.0 0.0 0.0 0.0 0.013543357 0.0 0.0 0.0 0.017737538 0.060345832 0.0 0.030074228 0.0 0.060490698 0.0 0.0 0.025657907 0.0 0.0 0.11161303 0.0 0.0 0.0 0.0 0.15181278 0.0 0.0 0.09656077 0.0 0.0 0.05018174
0.0055317236 0.0 0.0 0.0 0.09391615 0.0 0.07486488 0.0 0.080883995 0.0 0.0 0.0 0.0 0.0 0.06097385 0.0 0.0 0.008844781 0.0 0.030749032 0.0 0.0 0.0 0.0 0.0 0.0 0.02009206 0.06322756 0.0 0.0 0.025954492 0.091591306 0.033418022 0.0 0.0 0.0 0.0063073877 0.10755765 0.0 0.040538684 0.0 0.0 0.00678834 0.0 0.0 0.011668397 0.026721714 0.0 0.0 0.10407596 0.058479216 0.0 0.0 0.0 0.0 0.0
0.0 0.0 0.017928347 0.0493468 0.042826362 0.0 0.053800862 0.0 0.0 0.036182016 0.0 0.05796434 0.0 0.0 0.0 0.0 0.0 0.0 0.011374836 0.13100243 0.0 0.09669283 0.0 0.0 0.0 0.015115994 0.12271462 0.005724275 0.0 0.05165806 0.0 0.0 0.0 0.0032477402 0.049796347 0.0 0.04588796 0.0 0.027513022 0.0 0.0 0.0 0.0 0.0 0.0 0.0 0.0 0.0 0.0136309 0.01645208 0.005520087 0.0030388087 0.06565786 0.0 0.0 0.0
0.0 0.0 0.0 0.0 0.0 0.0 0.0 0.0054246164 0.0 0.0 0.0 0.009672949 0.09160515 0.034965355 0.0 0.0 0.012946097 0.0 0.0 0.0 0.0 0.0 0.0 0.0 0.0 0.013382012 0.0 0.0 0.0 0.0 0.0 0.0 0.0 0.0 0.0 0.008054547 0.0116506945 0.0 0.0 0.0 0.0 0.011970961 0.0 0.0 0.0 0.0 0.000530964 0.0 0.0 0.0 0.010147054 0.0 0.0 0.2538816 0.0 0.42807242
0.0 0.13139509 0.0 0.17072241 0.010521743 0.0047777793 0.0 0.0 0.0 0.05221113 0.047654442 0.0067137145 0.0 0.0 0.02922882 0.0 0.060586058 0.0 0.0 0.0 0.0 0.0 0.0 0.0 0.0 0.077998556 0.06999376 0.0 0.0 0.0048508253 0.07189389 0.0 0.0 0.0 0.0 0.0 0.0 0.007585654 0.04902686 0.0 0.0 0.0 0.0 0.0 0.0 0.0 0.11238983 0.0 0.07420691 0.0 0.0 0.0 0.0 0.022342455 0.0127971545 0.0
0.0 0.026056714 0.033540737 0.052990448 0.12895618 0.045607243 0.0 0.025489686 0.0 0.0 0.0120554175 0.0 0.0 0.0 0.0 0.0 0.01526896 0.1665943 0.0 0.02669261 0.0 0.0 0.0 0.0 0.0 0.0 0.112815626 0.026545273 0.0 0.0 0.0 0.27357855 0.0 0.0 0.0 0.038558245 0.0060924687 0.043184336 0.0 0.0 0.0 0.0 0.0 0.0 0.0 0.14414741 0.015378937 0.013972236 0.0 0.0 0.0 0.0 0.0 0.0 0.0 0.0
0.1285437 0.0 0.0 0.0 0.0 0.03230174 0.005261541 0.012274256 0.0 0.10843155 0.067983404 0.0 0.0 0.0 0.0 0.0 0.0 0.0 0.0 0.0 0.0 0.015115995 0.013382012 0.07799856 0.0 0.0 0.0 0.13355723 0.0 0.0 0.0689952 0.0 0.0 0.00405763 0.0 0.0 0.18341698 0.0 0.0 0.0 0.0 0.0 0.0 0.0 0.0 0.0 0.0 0.0 0.0 0.04333497 0.07820011 0.01674817 0.0 0.05269545 0.032158438 0.0
0.0 0.0 0.091263436 0.0 0.0 0.0 0.03834572 0.0 0.0067961006 0.0 0.0 0.0 0.0 0.0 0.05860011 0.0 0.06668064 0.0 0.016695926 0.0 0.020092059 0.12271462 0.0 0.06999376 0.11281563 0.0 0.0 0.0 0.0 0.020798253 0.0 0.0 0.0 0.0 0.0 0.012329448 0.0 0.032061547 0.0 0.0 0.0 0.22902098 0.0 0.0 0.0 0.0 0.0 0.0 0.0 0.0 0.0 0.0 0.14890705 0.0037477212 0.0 0.08032762
0.08733655 0.0 0.022729792 0.0 0.0 0.0 0.055095546 0.0 0.0 0.011549861 0.0 0.0005154171 0.0 0.0 0.057037853 0.0 0.0 0.0 0.0 0.0 0.06322756 0.005724275 0.0 0.0 0.026545273 0.13355723 0.0 0.043441616 0.023617262 0.004812287 0.0152176395 0.0 0.0 0.03674383 0.010496973 0.0 0.15850285 0.0 0.026046624 0.00401649 0.0 0.02383453 0.010349969 0.0 0.0 0.0 0.015783323 0.052265074 0.0 0.05846323 0.0 0.0 0.0 0.0 0.027152816 0.049357086
0.0 0.0 0.008168997 0.0 0.12519176 0.035066824 0.0 0.0 0.0 0.0 0.0 0.0 0.0 0.0 0.0 0.0 0.0 0.0 0.22519937 0.0 0.0 0.0 0.0 0.0 0.0 0.0 0.0 0.02361726 0.0 0.14283471 0.0 0.0 0.0 0.0 0.0 0.0 0.0 0.000915939 0.0 0.0 0.0 0.0 0.0 0.11955723 0.0 0.0 0.0 0.0 0.16229554 0.0 0.0 0.0 0.0 0.0 0.0 0.0
0.0 0.0 0.012264051 0.041133806 0.0 0.034126297 0.0 0.0 0.0 0.0 0.0 0.13379711 0.0 0.06523798 0.0 0.0 0.007333215 0.0 0.0 0.013543357 0.0 0.051658057 0.0 0.0048508253 0.0 0.0 0.020798251 0.0048122876 0.14283471 0.0 0.0 0.0 0.038579408 0.12876448 0.0 0.0 0.0 0.0 0.017599335 0.04057274 0.0006434656 0.015941208 0.036418904 0.013360862 0.0 0.0 0.010475943 0.010615909 0.013572941 0.071372546 0.00068384694 0.0 0.05601769 0.046317756 0.0 0.0
0.110137254 0.023049569 0.0 0.0 0.0 0.0 0.0 0.0062824097 0.0 0.0 0.011789218 0.0 0.0 0.0 0.008021936 0.0 0.0 0.0 0.0 0.0 0.025954492 0.0 0.0 0.07189389 0.0 0.0689952 0.0 0.015217639 0.0 0.0 0.0 0.0 0.0 0.0 0.0 0.02481732 0.16662526 0.0 0.0 0.17425859 0.0 0.0 0.007962779 0.0 0.0 0.0 0.0 0.039786518 0.0 0.002892422 0.050911997 0.0 0.0 0.0 0.12637731 0.0
0.0 0.0 0.0 0.0 0.01048767 0.060765684 0.0 0.0 0.0 0.0 0.0 0.0 0.0 0.0 0.0 0.0 0.22910427 0.0678725 0.0 0.0 0.091591306 0.0 0.0 0.0 0.27357855 0.0 0.0 0.0 0.0 0.0 0.0 0.0 0.0 0.0 0.0 0.0 0.0 0.0 0.0 0.0 0.0 0.0 0.0 0.0 0.0 0.014715434 0.0 0.0 0.0 0.0 0.016969278 0.0 0.068700336 0.0 0.041299663 0.0
0.0 0.0 0.0 0.03556764 0.0 0.0 0.0 0.0 0.0 0.0 0.0 0.0 0.0 0.0 0.060671013 0.0 0.0 0.0 0.0 0.0 0.033418022 0.0 0.0 0.0 0.0 0.0 0.0 0.0 0.0 0.038579408 0.0 0.0 0.27927914 0.040600747 0.0 0.0 0.0 0.0 0.14589792 0.010792079 0.0 0.0 0.0 0.0 0.0 0.0 0.0 0.03950586 0.0 0.16897866 0.06265155 0.0 0.16147025 0.0 0.0 0.0
0.0 0.0 0.02067506 0.0 0.02729675 0.0 0.06259594 0.0 0.0 0.0023320005 0.04121697 0.0 0.0 0.0 0.0 0.025201863 0.0 0.0 0.050961193 0.017737538 0.0 0.0032477402 0.0 0.0 0.0 0.00405763 0.0 0.03674383 0.0 0.12876448 0.0 0.0 0.040600747 0.0 0.0 0.0 0.0 0.13648519 0.0 0.0 0.0965816 0.0 0.0 0.0 0.0 0.0 0.0 0.07834912 0.060133237 0.0 0.0 0.0 0.0 0.0 0.0 0.0
0.03698189 0.0804207 0.0 0.0 0.0 0.0 0.0 0.048229974 0.0 0.0 0.0 0.11889785 0.0 0.0 0.019678982 0.07285616 0.0 0.0 0.01133246 0.060345832 0.0 0.049796347 0.0 0.0 0.0 0.0 0.0 0.010496973 0.0 0.0 0.0 0.0 0.0 0.0 0.043325998 0.0 0.0 0.033475034 0.14852296 0.0 0.0 0.0 0.0 0.0 0.11345942 0.0 0.090914816 0.0 0.045815703 0.0 0.0 0.013602607 0.0 0.0 0.029932711 0.0
0.0 0.033246156 0.0 0.113533534 0.043867607 0.0 0.0 0.04416893 0.0 0.0 0.11456142 0.0 0.014251699 0.06677675 0.0 0.0 0.006191815 0.0 0.0 0.0 0.0 0.0 0.008054547 0.0 0.038558245 0.0 0.012329448 0.0 0.0 0.0 0.02481732 0.0 0.0 0.0 0.0 0.0 0.0 0.0 0.0 0.0 0.0 0.0 0.0 0.21623485 0.0 0.037506517 0.0 0.009950693 0.11150299 0.0 0.0 0.0 0.0 0.0 0.055928655 0.0
0.0 0.0 0.0 0.062815845 0.0 0.052499864 0.0 0.0 0.0 0.0 0.0 0.0 0.0 0.0 0.0 0.0666075 0.0 0.0 0.0 0.030074228 0.006307388 0.04588796 0.011650695 0.0 0.0060924687 0.18341698 0.0 0.15850283 0.0 0.0 0.16662526 0.0 0.0 0.0 0.0 0.0 0.0 0.0 0.122370906 0.0 0.0 0.0 0.0 0.0 0.0 0.0 0.0 0.0 0.024302984 0.0 0.06633266 0.08288689 0.0 0.0 0.0 0.0
0.0 0.05344256 0.054345302 0.0 0.0 0.0 0.039736405 0.0 0.0 0.054402 0.0 0.030055888 0.0 0.0 0.0034826798 0.0 0.24641171 0.00043030965 0.0 0.0 0.107557654 0.0 0.0 0.0075856536 0.043184336 0.0 0.032061547 0.0 0.000915939 0.0 0.0 0.0 0.0 0.13648519 0.033475034 0.0 0.0 0.0 0.015430449 0.0 0.0 0.0032779032 0.09147937 0.0 0.04168951 0.0 0.0019613893 0.0 0.0 0.0 0.0 0.0 0.0 0.0 0.0 0.0
0.0 0.0 0.0 0.0 0.0 0.0 0.0 0.07582941 0.0 0.0 0.0 0.0 0.0 0.0 0.0 0.0 0.0 0.0 0.0 0.060490694 0.0 0.02751302 0.0 0.04902686 0.0 0.0 0.0 0.026046623 0.0 0.017599333 0.0 0.0 0.14589792 0.0 0.14852297 0.0 0.122370906 0.015430449 0.0 0.0 0.0 0.0 0.0 0.0 0.032727033 0.0 0.0 0.078855105 0.0 0.07447603 0.0007951677 0.009333878 0.0 0.0 0.0 0.0
0.0 0.0 0.0 0.0 0.02193895 0.0 0.042622153 0.0 0.112810306 0.0 0.022876043 0.0 0.0 0.0 0.22364816 0.0 0.0 0.0 0.05963417 0.0 0.040538684 0.0 0.0 0.0 0.0 0.0 0.0 0.0040164907 0.0 0.04057274 0.17425859 0.0 0.010792079 0.0 0.0 0.0 0.0 0.0 0.0 0.0 0.058644537 0.030441271 0.04881858 0.0 0.0 0.0030863306 0.0 0.15848975 0.0 0.0 0.00229756 0.0 0.0 0.0 0.051120862 0.0
0.0 0.0 0.0 0.0 0.0 0.0 0.0 0.0 0.1944091 0.0 0.0 0.0 0.22992992 0.0 0.0 0.0 0.0 0.0 0.058539607 0.0 0.0 0.0 0.0 0.0 0.0 0.0 0.0 0.0 0.0 0.0006434656 0.0 0.0 0.0 0.0965816 0.0 0.0 0.0 0.0 0.0 0.058644537 0.121047 0.03238259 0.03292459 0.09036601 0.0 0.0 0.10084547 0.0 0.0 0.008669583 0.0 0.0 0.0 0.18238562 0.0 0.0
0.034603007 0.0 0.0 0.0 0.0 0.0 0.0 0.0 0.0 0.0 0.14708917 0.0 0.0 0.0 0.0 0.0141785275 0.0 0.0 0.0 0.025657907 0.0 0.0 0.011970961 0.0 0.0 0.0 0.22902098 0.02383453 0.0 0.015941208 0.0 0.0 0.0 0.0 0.0 0.0 0.0 0.0032779034 0.0 0.030441273 0.032382585 0.0 0.0 0.0 0.10027503 0.07100149 0.0 0.060318522 0.03384242 0.0 0.0 0.0 0.0 0.0 0.0 0.0
0.0 0.0 0.0 0.06879409 0.0 0.10391665 0.0807168 0.0 0.0 0.0 0.050821565 0.0 0.0 0.0 0.0 0.06615461 0.0 0.0 0.0091503905 0.0 0.00678834 0.0 0.0 0.0 0.0 0.0 0.0 0.010349969 0.0 0.036418904 0.007962779 0.0 0.0 0.0 0.0 0.0 0.0 0.09147937 0.0 0.04881858 0.03292459 0.0 0.17156357 0.03084244 0.0 0.0050580795 0.025680326 0.0 0.0 0.0 0.13757734 0.0 0.0 0.0 0.0 0.0
0.0 0.0 0.015251569 0.0 0.0 0.0 0.0 0.079780474 0.091474675 0.0 0.0 0.0 0.22828938 0.09972544 0.011719051 0.0 0.0 0.0 0.0 0.0 0.0 0.0 0.0 0.0 0.0 0.0 0.0 0.0 0.119557224 0.013360862 0.0 0.0 0.0 0.0 0.0 0.21623485 0.0 0.0 0.0 0.0 0.090366006 0.0 0.03084244 0.0 0.0 0.0 0.085197166 0.0 0.0 0.0 0.0 0.0 0.0 0.0 0.0 0.0
0.0 0.042676713 0.0 0.0 0.0 0.0 0.03731992 0.0 0.0 0.0 0.0 0.019686574 0.0070403568 0.0 0.0 0.0 0.013840833 0.0056513012 0.1261238 0.11161303 0.0 0.0 0.0 0.0 0.0 0.0 0.0 0.0 0.0 0.0 0.0 0.0 0.0 0.0 0.11345942 0.0 0.0 0.04168951 0.03272703 0.0 0.0 0.10027503 0.0 0.0 0.07272477 0.0 0.0 0.023936765 0.0 0.0 0.0 0.21919928 0.0 0.0 0.0 0.11795623
0.0 0.0 0.25342712 0.0 0.025563534 0.0040488606 0.0 0.0 0.0 0.0 0.0 0.08926299 0.003048558 0.0 0.0 0.0 0.055198967 0.07304113 0.0 0.0 0.011668397 0.0 0.0 0.0 0.14414741 0.0 0.0 0.0 0.0 0.0 0.0 0.014715434 0.0 0.0 0.0 0.037506517 0.0 0.0 0.0 0.0030863306 0.0 0.071001485 0.00505808 0.0 0.0 0.0 0.1050331 0.0 0.0 0.0 0.0 0.0 0.06645322 0.009992828 0.0 0.0
0.0 0.0 0.0 0.0 0.0 0.0 0.0 0.08555889 0.013729713 0.0 0.011337102 0.0 0.013208414 0.0 0.0 0.012693788 0.0 0.0 0.057755202 0.0 0.026721716 0.0 0.000530964 0.11238983 0.015378937 0.0 0.0 0.015783323 0.0 0.010475944 0.0 0.0 0.0 0.0 0.090914816 0.0 0.0 0.0019613896 0.0 0.0 0.10084547 0.0 0.025680324 0.085197166 0.0 0.1050331 0.0 0.0 0.0 0.0 0.101485565 0.03209433 0.032472994 0.0 0.018583806 0.0
0.0 0.0 0.0 0.0067306845 0.0 0.0 0.07153024 0.0 0.0 0.0 0.0 0.04311962 0.019243244 0.0 0.0026847227 0.0 0.0 0.0 0.0 0.0 0.0 0.0 0.0 0.0 0.013972237 0.0 0.0 0.05226507 0.0 0.010615909 0.039786518 0.0 0.03950586 0.07834913 0.0 0.009950693 0.0 0.0 0.07885511 0.15848975 0.0 0.06031852 0.0 0.0 0.023936767 0.0 0.0 0.0 0.0 0.08477858 0.0 0.0 0.020442087 0.06358579 0.009422049 0.1525109
0.16509575 0.0 0.0 0.0 0.0 0.0 0.0691818 0.07940022 0.0 0.0 0.0 0.0 0.0 0.0 0.0 0.0 0.0 0.017190622 0.0 0.0 0.0 0.0136309005 0.0 0.07420691 0.0 0.0 0.0 0.0 0.16229552 0.013572941 0.0 0.0 0.0 0.060133237 0.0458157 0.11150299 0.024302984 0.0 0.0 0.0 0.0 0.03384242 0.0 0.0 0.0 0.0 0.0 0.0 0.0 0.058497842 0.0 0.0 0.0 0.0 0.0 0.01857381
0.0 0.0 0.0 0.043188825 0.0 0.0 0.0 0.0 0.0 0.0 0.0 0.06668016 0.0 0.0 0.0 0.0 0.0 0.0 0.012152235 0.15181278 0.10407596 0.01645208 0.0 0.0 0.0 0.043334972 0.0 0.058463234 0.0 0.071372546 0.002892422 0.0 0.16897866 0.0 0.0 0.0 0.0 0.0 0.07447603 0.0 0.008669583 0.0 0.0 0.0 0.0 0.0 0.0 0.08477857 0.058497842 0.049450178 0.0 0.0 0.04783587 0.0 0.0 0.0047808657
0.0 0.0 0.0 0.0 0.0 0.0 0.009007937 0.0 0.0 0.0 0.0 0.0 0.0 0.0 0.0 0.0 0.011904954 0.009741076 0.0 0.0 0.058479216 0.0055200877 0.010147054 0.0 0.0 0.07820011 0.0 0.0 0.0 0.00068384694 0.050911997 0.016969278 0.06265155 0.0 0.0 0.0 0.06633266 0.0 0.0007951677 0.00229756 0.0 0.0 0.13757733 0.0 0.0 0.0 0.10148557 0.0 0.0 0.0 0.14602365 0.0 0.0 0.034666333 0.002292935 0.08837306
0.05071732 0.04863969 0.0 0.0 0.0 0.0 0.0 0.11391011 0.0 0.26284364 0.0 0.041388534 0.0 0.0 0.0 0.036855947 0.0 0.0 0.0 0.0 0.0 0.0030388085 0.0 0.0 0.0 0.01674817 0.0 0.0 0.0 0.0 0.0 0.0 0.0 0.0 0.013602606 0.0 0.08288688 0.0 0.009333878 0.0 0.0 0.0 0.0 0.0 0.21919928 0.0 0.032094326 0.0 0.0 0.0 0.0 0.01684797 0.0 0.049670693 0.0 0.0
0.025808146 0.0 0.0 0.0 0.0 0.058428045 0.0 0.0 0.0 0.0 0.0 0.0 0.0 0.0 0.0 0.0 0.0 0.011424931 0.0 0.09656077 0.0 0.06565786 0.0 0.0 0.0 0.0 0.14890704 0.0 0.0 0.056017686 0.0 0.068700336 0.16147025 0.0 0.0 0.0 0.0 0.0 0.0 0.0 0.0 0.0 0.0 0.0 0.0 0.06645322 0.032472994 0.020442085 0.0 0.04783587 0.0 0.0 0.0 0.0 0.0 0.008971465
0.032754235 0.0 0.0 0.0 0.0 0.0 0.0 0.024565602 0.0 0.0 0.0 0.0 0.0 0.0 0.0 0.0 0.0 0.0 0.0 0.0 0.0 0.0 0.2538816 0.022342453 0.0 0.05269545 0.0037477212 0.0 0.0 0.04631776 0.0 0.0 0.0 0.0 0.0 0.0 0.0 0.0 0.0 0.0 0.18238564 0.0 0.0 0.0 0.0 0.009992827 0.0 0.06358579 0.0 0.0 0.034666333 0.049670693 0.0 0.030696128 0.17917798 0.0
0.0 0.039662115 0.0 0.0 0.0 0.0 0.0077849766 0.018150762 0.0 0.0 0.0 0.0 0.00071715197 0.22308257 0.0699945 0.0 0.0 0.011161173 0.0 0.0 0.0 0.0 0.0 0.012797154 0.0 0.032158438 0.0 0.027152816 0.0 0.0 0.12637731 0.041299663 0.0 0.0 0.02993271 0.055928655 0.0 0.0 0.0 0.051120862 0.0 0.0 0.0 0.0 0.0 0.0 0.018583806 0.009422048 0.0 0.0 0.0022929348 0.0 0.0 0.17917798 0.0958231 0.057058502
0.0 0.0 0.0 0.0 0.0 0.0 0.0 0.0 0.0 0.0 0.019495232 0.0 0.0 0.0 0.0 0.0 0.0 0.0 0.0 0.05018174 0.0 0.0 0.42807242 0.0 0.0 0.0 0.08032762 0.049357083 0.0 0.0 0.0 0.0 0.0 0.0 0.0 0.0 0.0 0.0 0.0 0.0 0.0 0.0 0.0 0.0 0.11795623 0.0 0.0 0.15251088 0.01857381 0.0047808653 0.08837306 0.0 0.008971465 0.0 0.057058502 0.0
