0.17410897 0.0 0.0 0.0 0.0 0.0 0.0 0.09084488 0.0 0.0012894614 0.12254965 0.005774212 0.0 0.03257011 0.0 0.010442387 0.0 0.014731044 0.044610664 0.0 0.0 0.0 0.0 0.0011608279 0.0 0.0 0.0 0.0 0.0 0.0 0.0 0.08810625 0.0 0.0008658021 0.0 0.050115444 0.063994385 0.0 0.0 0.0 0.0 0.0 0.0 0.0 0.0 0.031010566 0.009863808 0.0 0.0 0.03501834 0.012767624 0.15794483 0.065254286 0.0 0.0 0.0
0.0 0.0 0.0 0.036861293 0.0 0.054153766 0.0 0.0 0.0 0.0 0.0 0.0 0.0 0.0 0.0 0.0 0.0 0.0 0.0 0.023308082 0.11402031 0.0 0.0 0.0 0.0 0.0 0.16379644 0.0036360468 0.0 0.0 0.0 0.0 0.052845888 0.18287946 0.0135145625 0.0 0.0 0.0 0.0 0.013242198 0.0 0.0 0.03431997 0.0 0.0059680734 0.014371121 0.0 0.023572166 0.004230081 0.0 0.0 0.0 0.021633461 0.0 0.0 0.025297483
0.0 0.0 0.0 0.0 0.0 0.0 0.0 0.18599704 0.0 0.13317259 0.0 0.0 0.0 0.0 0.002355117 0.0 0.0 0.0 0.0 0.0 0.0 0.0 0.0 0.022450829 0.0 0.0 0.0 0.0 0.0 0.07574373 0.0 0.0 0.05621907 0.0 0.09354406 0.0 0.046501957 0.0 0.008318428 0.0 0.06753851 0.0 0.0 0.0 0.002252377 0.0 0.0 0.0 0.0 0.0 0.0 0.14510766 0.0045356997 0.008467618 0.08561381 0.0
0.0 0.036861293 0.0 0.0 0.1974369 0.09084931 0.0 0.0 0.0 0.05783994 0.0 0.0 0.0 0.0 0.0 0.0 0.09336625 0.010038245 0.0 0.0 0.0 0.0 0.076370396 0.0 0.0 0.0 0.13023347 0.0 0.0 0.0 0.0 0.008153717 0.0 0.0 0.036860567 0.0 0.0 0.09591054 0.0 0.0 0.0 0.0 0.0 0.0 0.017726913 0.13362874 0.0 0.09186411 0.0 0.0 0.0069910707 0.0 0.0 0.014499156 0.0 0.0
0.0 0.0 0.0 0.1974369 0.0 0.13193856 0.0 0.0 0.0 0.0 0.0 0.0 0.03306746 0.0 0.0 0.0 0.0 0.0 0.0 0.03151328 0.095923476 0.032937136 0.01832064 0.0 0.0 0.04866269 0.0 0.0 0.0 0.03651409 0.0 0.079013854 0.0052862074 0.0 0.0 0.0 0.0 0.0 0.0 0.049393702 0.0040577995 0.0431518 0.13224168 0.0 0.0 0.0 0.0 0.0 0.037497275 0.0 0.0 0.0 0.0 0.0 0.0 0.0
0.0 0.05415377 0.0 0.09084932 0.13193855 0.0 0.021766445 0.0 0.0 0.0 0.05406767 0.0 0.036584545 0.0 0.0 0.0 0.0 0.0 0.0 0.007273733 0.05828605 0.0 0.06291436 0.0 0.0 0.0 0.08388062 0.0 0.0 0.0 0.0 0.046530295 0.0025554744 0.0 0.0 0.0 0.063039444 0.07772292 0.0 0.018876165 0.0 0.0 0.0 0.04401687 0.025825672 0.07351515 0.0 0.045337196 0.014755735 0.0 0.0 0.0 0.0 0.0 0.0 0.0
0.0 0.0 0.0 0.0 0.0 0.021766443 0.0 0.0 0.0 0.0 0.15755957 0.0 0.0 0.0 0.0 0.0 0.0 0.0 0.0 0.0059277737 0.0 0.0 0.0 0.0 0.0 0.0 0.1683488 0.0 0.0 0.0 0.0 0.0038608618 0.0 0.0036217317 0.0 0.0 0.056633435 0.11476892 0.0 0.0 0.0 0.0 0.0 0.09565399 0.0 0.0 0.0 0.04043086 0.0 0.0 0.0 0.020512784 0.039445437 0.0 0.03640107 0.0
0.09084488 0.0 0.18599705 0.0 0.0 0.0 0.0 0.19491702 0.0 0.0 0.0 0.014229337 0.0 0.12449041 0.0 0.0 0.0 0.0 0.0 0.0 0.0 0.0 0.0 0.011807359 0.0015546237 0.0 0.0 0.03334053 0.0 0.049210288 0.0 0.0 0.0 0.0 0.03920954 0.090190575 0.0 0.011462822 0.0 0.0 0.077620625 0.003281869 0.0 0.0 0.00644275 0.0 0.001346909 0.0 0.0 0.011671029 0.0 0.09355967 0.0 0.0029019995 0.035586994 0.0
0.0 0.0 0.0 0.0 0.0 0.0 0.0 0.0 0.0 0.040895417 0.0 0.0 0.10380131 0.0 0.0 0.0 0.0 0.0 0.0 0.0044293124 0.0 0.0 0.0 0.0 0.0 0.019473461 0.038543526 0.056847196 0.08547468 0.0 0.0 0.0 0.0 0.16159913 0.0 0.0 0.0 0.0 0.0 0.0 0.012868755 0.044817556 0.07951352 0.029155178 0.0 0.0 0.0 0.0 0.0 0.0 0.0 0.0 0.0 0.27069205 0.010187625 0.045926236
0.0012894614 0.0 0.13317259 0.057839938 0.0 0.0 0.0 0.0 0.040895417 0.0 0.033622313 0.16900264 0.01604203 0.17543525 0.07105325 0.0 0.0 0.0 0.074292585 0.0 0.0042078975 0.0 0.0 0.0 0.044081487 0.0 0.0 0.0 0.0 0.062531315 0.013869696 0.09371323 0.0 0.0 0.0 0.0 0.0 0.0 0.0 0.0 0.0 0.01998068 0.0 0.0 0.0 0.007929352 0.15308216 0.0 0.0 0.0 0.0 0.0 0.0 0.0 0.0 0.0
0.122549646 0.0 0.0 0.0 0.0 0.05406767 0.15755957 0.0 0.0 0.033622313 0.0 0.009433304 0.0 0.0 0.0 0.0 0.0 0.0 0.0 0.002415769 0.0 0.14107458 0.0 0.0 0.0 0.0093139885 0.0 0.0 0.0 0.0068957736 0.0 0.0 0.0031020194 0.0 0.0 0.0 0.060615566 0.09148211 0.16352114 0.0 0.0 0.029244358 0.03678132 0.0 0.091798656 0.0118173 0.0 0.058268957 0.0 0.008137649 0.0 0.0 0.0 0.0 0.0 0.043890476
0.005774212 0.0 0.0 0.0 0.0 0.0 0.0 0.014229336 0.0 0.16900264 0.009433304 0.0 0.0 0.0 0.19516031 0.0 0.0 0.0 0.033927504 0.0 0.03581778 0.0 0.0016541188 0.008688446 0.0 0.0 0.0 0.0 0.0 0.0 0.003645738 0.0 0.0 0.006378732 0.097282186 0.0 0.1221819 0.0 0.0 0.0 0.0 0.0 0.0 0.0 0.0 0.0 0.0 0.0 0.016716884 0.0 0.0 0.024645897 0.0 0.0 0.0 0.0
0.0 0.0 0.0 0.0 0.033067457 0.036584545 0.0 0.0 0.10380132 0.01604203 0.0 0.0 0.0 0.0 0.0 0.0 0.022556564 0.032752786 0.0 0.2968254 0.0 0.0454589 0.027888438 0.03177961 0.0 0.008126011 0.06077199 0.0 0.08083758 0.0 0.0 0.0 0.0 0.0 0.0 0.0 0.0 0.0 0.0 0.0 0.0 0.0 0.0 0.0 0.0 0.0 0.0 0.01836682 0.0 0.036615435 0.046868235 0.059849143 0.021731056 0.0 0.0 0.0
0.03257011 0.0 0.0 0.0 0.0 0.0 0.0 0.12449041 0.0 0.17543525 0.0 0.0 0.0 0.0 0.0 0.0 0.0 0.0 0.0 0.0 0.0 0.0 0.0 0.040941544 0.0 0.0 0.0 0.0 0.0 0.0 0.0 0.0 0.0 0.007001328 0.18953173 0.027064288 0.05250363 0.0 0.0 0.0 0.0 0.0 0.0 0.0 0.18097325 0.010335123 0.0 0.0 0.0 0.04076726 0.047545284 0.07826917 0.0 0.013810264 0.0 0.003856255
0.0 0.0 0.0023551171 0.0 0.0 0.0 0.0 0.0 0.0 0.071053244 0.0 0.19516031 0.0 0.0 0.0 0.0 0.0 0.0 0.0 0.0 0.0 0.0 0.0 0.0 0.018856088 0.0 0.0 0.0 0.10642131 0.09941986 0.0 0.0 0.0 0.0 0.06968093 0.0 0.028832223 0.0 0.0 0.0 0.0 0.07884712 0.0 0.0 0.10139977 0.0 0.0 0.0 0.054381642 0.004315384 0.0 0.0 0.036548898 0.0 0.0 0.22166647
0.010442386 0.0 0.0 0.0 0.0 0.0 0.0 0.0 0.0 0.0 0.0 0.0 0.0 0.0 0.0 0.09787312 0.0 0.0 0.0 0.0 0.0 0.0 0.088233605 0.0 0.0 0.0 0.07868987 0.0 0.0 0.0 0.0 0.008856184 0.04687813 0.0 0.061558723 0.0 0.0 0.031971388 0.0 0.0 0.0008214868 0.0 0.0 0.010799786 0.09324255 0.0 0.0 0.06639588 0.018743291 0.0 0.17727043 0.0 0.0 0.0 0.08595907 0.0
0.0 0.0 0.0 0.09336625 0.0 0.0 0.0 0.0 0.0 0.0 0.0 0.0 0.022556562 0.0 0.0 0.0 0.0 0.0 0.0 0.0 0.0 0.0 0.0549809 0.0 0.016765887 0.0 0.0 0.0 0.0 0.060640562 0.093936525 0.07014328 0.2992341 0.0067053437 0.0 0.0 0.0 0.0 0.0 0.0 0.04880983 0.0 0.0 0.027824877 0.0 0.0 0.0 0.0 0.08225348 0.0 0.0022375386 0.0 0.031984277 0.0 0.0 0.0
0.014731044 0.0 0.0 0.010038245 0.0 0.0 0.0 0.0 0.0 0.0 0.0 0.0 0.032752786 0.0 0.0 0.0 0.0 0.0 0.0 0.0 0.0 0.0 0.10579116 0.0 0.0 0.14183442 0.05241726 0.10107316 0.0 0.0 0.0049257525 0.0 0.0 0.0 0.028793471 0.0 0.012506283 0.0 0.0 0.15675126 0.0 0.0 0.094032966 0.0 0.0 0.0 0.0 0.001467325 0.0 0.0 0.10423781 0.026373062 0.0 0.15591694 0.021807509 0.0
0.044610664 0.0 0.0 0.0 0.0 0.0 0.0 0.0 0.0 0.074292585 0.0 0.033927504 0.0 0.0 0.0 0.0 0.0 0.0 0.0 0.0 0.0 0.0 0.0 0.0 0.014612214 0.0 0.0 0.0 0.0 0.0 0.0 0.0 0.0 0.18086335 0.019739825 0.0 0.05197282 0.015014998 0.0 0.0 0.0 0.0 0.0 0.13569003 0.11491342 0.0 0.0 0.061079845 0.023379859 0.0 0.0 0.0 0.029876137 0.0 0.0 0.0
0.0 0.02330808 0.0 0.0 0.03151328 0.007273733 0.0059277737 0.0 0.0044293124 0.0 0.002415769 0.0 0.2968254 0.0 0.0 0.0 0.0 0.0 0.0 0.0 0.016748227 0.010525892 0.0 0.0 0.0 0.006377236 0.0 0.0 0.0 0.0 0.0 0.0 0.0 0.0 0.01865323 0.0 0.046084244 0.0 0.030962866 0.012876484 0.20899168 0.0 0.0 0.10481723 0.020070897 0.034732904 0.04648398 0.0034282745 0.0 0.0 0.0 0.0 0.0 0.0 0.0 0.06992521
0.0 0.1140203 0.0 0.0 0.095923476 0.05828605 0.0 0.0 0.0 0.0042078975 0.0 0.03581778 0.0 0.0 0.0 0.0 0.0 0.0 0.0 0.016748227 0.0 0.0 0.0028982167 0.0 0.0 0.0 0.15389162 0.0 0.0 0.0 0.0 0.0074419565 0.021133553 0.0 0.0 0.0 0.030576192 0.034507964 0.0 0.0 0.0 0.0 0.0 0.0 0.0 0.046065364 0.045193195 0.0 0.0 0.0 0.03369898 0.017730469 0.0 0.0 0.08321045 0.02002338
0.0 0.0 0.0 0.0 0.032937136 0.0 0.0 0.0 0.0 0.0 0.14107458 0.0 0.0454589 0.0 0.0 0.0 0.0 0.0 0.0 0.010525892 0.0 0.0 0.024994148 0.12604602 0.0 0.0 0.014809544 0.0 0.0 0.0 0.0 0.06966018 0.041704863 0.0 0.02335167 0.0 0.047433175 0.15215929 0.0 0.0 0.15248543 0.0 0.0 0.0 0.0 0.021812342 0.027375242 0.037387595 0.0 0.0 0.0009347939 0.0 0.019015683 0.0 0.03808742 0.0
0.0 0.0 0.0 0.076370396 0.018320642 0.062914364 0.0 0.0 0.0 0.0 0.0 0.0016541188 0.027888438 0.0 0.0 0.088233605 0.054980896 0.10579117 0.0 0.0 0.002898217 0.024994148 0.090526745 0.0 0.09887983 0.0037108785 0.0034354546 0.0 0.0 0.0 0.0 0.0 0.0 0.0 0.0 0.0 0.0 0.018915962 0.07913859 0.0 0.0 0.0087042935 0.0 0.0 0.023839526 0.113093704 0.0 0.014897872 0.0 0.16280873 0.13449591 0.0 0.0 0.0 0.0 0.0
0.0011608279 0.0 0.022450827 0.0 0.0 0.0 0.0 0.011807359 0.0 0.0 0.0 0.008688447 0.03177961 0.040941544 0.0 0.0 0.0 0.0 0.0 0.0 0.0 0.126046 0.0 0.0 0.04060864 0.023376714 0.0 0.054555155 0.0 0.0 0.017674537 0.0 0.02286698 0.0 0.0 0.07960628 0.0 0.0 0.13085958 0.18959671 0.0 0.025530837 0.08447461 0.0 0.0 0.0 0.025104841 0.0 0.025176432 0.063885614 0.0 0.0 0.0 0.05335745 0.03555876 0.048449606
0.0 0.0 0.0 0.0 0.0 0.0 0.0 0.0015546238 0.0 0.04408149 0.0 0.0 0.0 0.0 0.018856088 0.0 0.016765887 0.0 0.014612214 0.0 0.0 0.0 0.09887983 0.04060864 0.03531317 0.0 0.0 0.0 0.0 0.0 0.0 0.037006143 0.08359575 0.0 0.0 0.0 0.030754572 0.0 0.014834832 0.0 0.0 0.0 0.0 0.039459083 0.0 0.0 0.0 0.0 0.0 0.064204745 0.014965936 0.12063115 0.117057234 0.0 0.067622006 0.002473059
0.0 0.0 0.0 0.0 0.04866269 0.0 0.0 0.0 0.019473461 0.0 0.0093139885 0.0 0.008126011 0.0 0.0 0.0 0.0 0.14183442 0.0 0.006377236 0.0 0.0 0.0037108785 0.023376714 0.0 0.058071934 0.09988098 0.0 0.08258263 0.0 0.0 0.011151968 0.0 0.0 0.0 0.0 0.0 0.025096852 0.0 0.0 0.0 0.0 0.0 0.0 0.0 0.07504079 0.005739267 0.045570776 0.0 0.0 0.17406565 0.030779429 0.0 0.0 0.0 0.0
0.0 0.16379644 0.0 0.13023345 0.0 0.08388062 0.1683488 0.0 0.03854353 0.0 0.0 0.0 0.060771987 0.0 0.0 0.078689866 0.0 0.05241726 0.0 0.0 0.15389164 0.014809544 0.0034354546 0.0 0.0 0.09988097 0.0 0.0 0.0 0.0 0.0 0.04199762 0.0 0.0 0.0 0.0 0.0 0.0 0.01310793 0.05070448 0.030950384 0.0 0.0 0.0 0.029863786 0.027714642 0.0 0.0032353012 0.0 0.0 0.020475358 0.0 0.0 0.0 0.0 0.0
0.0 0.0036360465 0.0 0.0 0.0 0.0 0.0 0.033340525 0.056847196 0.0 0.0 0.0 0.0 0.0 0.0 0.0 0.0 0.10107316 0.0 0.0 0.0 0.0 0.0 0.05455515 0.0 0.0 0.0 0.0 0.0 0.0 0.0 0.0 0.0 0.0 0.01973869 0.22622776 0.0 0.0 0.0 0.15209061 0.0 0.12355696 0.0 0.0 0.0 0.0 0.102498636 0.0 0.0 0.0 0.0 0.0 0.0 0.0 0.0 0.034023337
0.0 0.0 0.0 0.0 0.0 0.0 0.0 0.0 0.08547468 0.0 0.0 0.0 0.08083758 0.0 0.10642131 0.0 0.0 0.0 0.0 0.0 0.0 0.0 0.0 0.0 0.0 0.08258263 0.0 0.0 0.0 0.027797116 0.31541952 0.0005850912 0.0 0.025772292 0.0 0.0 0.0 0.0 0.0 0.0 0.0044115437 0.0 0.0 0.0 0.0 0.0 0.0 0.0 0.15759559 0.0 0.0 0.0 0.03899233 0.0 0.0 0.0
0.0 0.0 0.07574373 0.0 0.03651409 0.0 0.0 0.04921029 0.0 0.06253131 0.0068957736 0.0 0.0 0.0 0.09941987 0.0 0.060640562 0.0 0.0 0.0 0.0 0.0 0.0 0.0 0.0 0.0 0.0 0.0 0.027797116 0.059780773 0.0 0.0 0.0 0.08091186 0.0 0.0 0.018190984 0.0 0.041592404 0.0 0.0 0.014047217 0.020930018 0.0 0.0 0.0418626 0.0 0.0 0.0 0.0 0.0 0.00014224705 0.15185678 0.0 0.0 0.0
0.0 0.0 0.0 0.0 0.0 0.0 0.0 0.0 0.0 0.013869696 0.0 0.003645738 0.0 0.0 0.0 0.0 0.093936525 0.0049257525 0.0 0.0 0.0 0.0 0.0 0.017674537 0.0 0.0 0.0 0.0 0.31541952 0.0 0.0 0.027673448 0.0 0.0 0.048982933 0.0054492108 0.04716313 0.0 0.0 0.0 0.0036946665 0.0 0.0 0.09194176 0.044586558 0.022385057 0.0 0.080403194 0.0 0.0 0.0 0.0 0.0 0.0 0.0 0.26138434
0.088106245 0.0 0.0 0.008153717 0.07901386 0.046530295 0.0038608618 0.0 0.0 0.093713224 0.0 0.0 0.0 0.0 0.0 0.008856184 0.07014328 0.0 0.0 0.0 0.007441957 0.06966018 0.0 0.0 0.037006143 0.011151968 0.04199762 0.0 0.0005850912 0.0 0.027673448 0.0 0.048664317 0.042292017 0.0 0.0 0.046707675 0.0 0.023805339 0.0 0.0 0.003094909 0.0 0.09587916 0.0 0.011378156 0.0 0.0 0.1026133 0.020679269 0.0 0.0 0.0 0.0 0.0 0.0
0.0 0.052845888 0.05621907 0.0 0.0052862074 0.0025554746 0.0 0.0 0.0 0.0 0.0031020197 0.0 0.0 0.0 0.0 0.046878126 0.2992341 0.0 0.0 0.0 0.021133551 0.041704863 0.0 0.02286698 0.08359575 0.0 0.0 0.0 0.0 0.0 0.0 0.048664317 0.0 0.0 0.0 0.0 0.0055127763 0.0 0.0 0.0 0.02307655 0.019090587 0.0 0.14454974 0.022382665 0.0 0.0 0.0 0.0 0.03548957 0.0 0.0 0.07031906 0.0 0.0 0.0
0.00086580205 0.18287946 0.0 0.0 0.0 0.0 0.0036217317 0.0 0.16159914 0.0 0.0 0.006378732 0.0 0.0070013283 0.0 0.0 0.006705344 0.0 0.18086335 0.0 0.0 0.0 0.0 0.0 0.0 0.0 0.0 0.0 0.025772294 0.08091186 0.0 0.04229202 0.0 0.0 0.0 0.0 0.0 0.0 0.0 0.0 0.0 0.0 0.0 0.022606717 0.0 0.0 0.054050844 0.0 0.0 0.0 0.0 0.020274706 0.09895854 0.11534933 0.0 0.037340656
0.0 0.0135145625 0.09354406 0.036860567 0.0 0.0 0.0 0.039209537 0.0 0.0 0.0 0.097282186 0.0 0.18953173 0.06968093 0.061558723 0.0 0.028793473 0.019739825 0.018653233 0.0 0.02335167 0.0 0.0 0.0 0.0 0.0 0.019738689 0.0 0.0 0.04898293 0.0 0.0 0.0 0.0 0.046210155 0.0 0.0 0.0 0.0 0.0 0.0 0.030581027 0.0 0.007816887 0.0 0.12474331 0.0 0.038444303 0.014301973 0.0 0.0 0.0 0.0 0.0 0.0020442633
0.05011544 0.0 0.0 0.0 0.0 0.0 0.0 0.09019057 0.0 0.0 0.0 0.0 0.0 0.027064288 0.0 0.0 0.0 0.0 0.0 0.0 0.0 0.0 0.0 0.07960628 0.0 0.0 0.0 0.22622776 0.0 0.0 0.0054492108 0.0 0.0 0.0 0.04621016 0.0 0.0 0.0 0.0 0.0 0.040504884 0.0 0.012480061 0.0 0.0 0.0 0.0 0.0 0.0 0.0 0.055073224 0.12839952 0.0 0.07952939 0.1434237 0.0
0.06399439 0.0 0.046501953 0.0 0.0 0.063039444 0.05663344 0.0 0.0 0.0 0.06061557 0.12218191 0.0 0.05250363 0.028832225 0.0 0.0 0.012506283 0.051972818 0.04608424 0.030576192 0.04743317 0.0 0.0 0.030754572 0.0 0.0 0.0 0.0 0.018190984 0.047163133 0.046707675 0.005512777 0.0 0.0 0.0 0.06297737 0.07636232 0.037045803 0.003451496 0.0 0.0 0.0 0.005844819 0.00597321 0.049646407 0.053891018 0.0 0.0 0.0 0.0 0.0 0.0 0.0 0.0 0.0
0.0 0.0 0.0 0.09591055 0.0 0.07772292 0.11476892 0.011462822 0.0 0.0 0.09148211 0.0 0.0 0.0 0.0 0.031971388 0.0 0.0 0.015014998 0.0 0.034507964 0.15215929 0.018915962 0.0 0.0 0.025096854 0.0 0.0 0.0 0.0 0.0 0.0 0.0 0.0 0.0 0.0 0.07636232 0.05202876 0.008970546 0.0 0.0 0.0 0.0 0.0 0.046586283 0.021917528 0.0 0.043476347 0.03331642 0.0 0.0 0.0 0.0 0.0 0.0 0.0
0.0 0.0 0.008318427 0.0 0.0 0.0 0.0 0.0 0.0 0.0 0.16352114 0.0 0.0 0.0 0.0 0.0 0.0 0.0 0.0 0.030962868 0.0 0.0 0.079138584 0.13085957 0.0148348315 0.0 0.01310793 0.0 0.0 0.041592404 0.0 0.023805339 0.0 0.0 0.0 0.0 0.037045803 0.008970546 0.0 0.0 0.0 0.0 0.13606018 0.007466701 0.0 0.0 0.0 0.0061545214 0.0 0.0 0.0 0.08679644 0.026029145 0.0 0.10498561 0.0
0.0 0.013242198 0.0 0.0 0.0493937 0.018876165 0.0 0.0 0.0 0.0 0.0 0.0 0.0 0.0 0.0 0.0 0.0 0.15675126 0.0 0.012876485 0.0 0.0 0.0 0.1895967 0.0 0.0 0.05070448 0.15209062 0.0 0.0 0.0 0.0 0.0 0.0 0.0 0.0 0.003451496 0.0 0.0 0.0 0.0 0.08461804 0.0015133222 0.0 0.0 0.000147187 0.0 0.03447446 0.0 0.0 0.08273712 0.0 0.0 0.0 0.08980395 0.0
0.0 0.0 0.067538515 0.0 0.0040577995 0.0 0.0 0.077620625 0.012868754 0.0 0.0 0.0 0.0 0.0 0.0 0.0008214869 0.04880983 0.0 0.0 0.20899168 0.0 0.15248542 0.0 0.0 0.0 0.0 0.030950382 0.0 0.0044115437 0.0 0.0036946665 0.0 0.02307655 0.0 0.0 0.040504884 0.0 0.0 0.0 0.0 0.0 0.026378643 0.0 0.0 0.0077950987 0.011621877 0.001935302 0.02595382 0.0 0.010448846 0.010876493 0.0054442254 0.012453821 0.06546797 0.011755568 0.0
0.0 0.0 0.0 0.0 0.0431518 0.0 0.0 0.0032818692 0.044817556 0.019980678 0.029244356 0.0 0.0 0.0 0.07884712 0.0 0.0 0.0 0.0 0.0 0.0 0.0 0.0087042935 0.025530837 0.0 0.0 0.0 0.123556964 0.0 0.014047218 0.0 0.003094909 0.01909059 0.0 0.0 0.0 0.0 0.0 0.0 0.08461804 0.026378643 0.0 0.0 0.028122278 0.0 0.0 0.0 0.02460409 0.0 0.0 0.055217724 0.0026314468 0.016404003 0.07165103 0.11670439 0.0
0.0 0.03431997 0.0 0.0 0.13224168 0.0 0.0 0.0 0.07951352 0.0 0.036781315 0.0 0.0 0.0 0.0 0.0 0.0 0.094032966 0.0 0.0 0.0 0.0 0.0 0.08447461 0.0 0.0 0.0 0.0 0.0 0.020930018 0.0 0.0 0.0 0.0 0.03058103 0.012480061 0.0 0.0 0.1360602 0.0015133222 0.0 0.0 0.0 0.05270776 0.0 0.0 0.0 0.11354705 0.0 0.0 0.0 0.0 0.0 0.0 0.07287297 0.0
0.0 0.0 0.0 0.0 0.0 0.04401687 0.09565399 0.0 0.029155178 0.0 0.0 0.0 0.0 0.0 0.0 0.010799785 0.027824875 0.0 0.13569003 0.10481723 0.0 0.0 0.0 0.0 0.039459083 0.0 0.0 0.0 0.0 0.0 0.09194176 0.09587917 0.14454976 0.022606717 0.0 0.0 0.005844819 0.0 0.007466701 0.0 0.0 0.028122278 0.05270776 0.0 0.0 0.0 0.062075365 0.0 0.0 0.014655399 0.0 0.0 0.015970109 0.0 0.0 0.0
0.0 0.0059680734 0.002252377 0.017726913 0.0 0.025825672 0.0 0.0064427503 0.0 0.0 0.091798656 0.0 0.0 0.18097326 0.10139977 0.09324254 0.0 0.0 0.11491342 0.020070897 0.0 0.0 0.023839526 0.0 0.0 0.0 0.029863784 0.0 0.0 0.0 0.044586558 0.0 0.022382665 0.0 0.007816887 0.0 0.00597321 0.04658628 0.0 0.0 0.0077950987 0.0 0.0 0.0 0.017209537 0.07395348 0.055422563 0.0 0.0 0.012505995 0.03887926 0.0 0.0 0.0 0.028944282 0.0
0.031010566 0.014371121 0.0 0.13362874 0.0 0.07351514 0.0 0.0 0.0 0.007929353 0.0118173 0.0 0.0 0.010335124 0.0 0.0 0.0 0.0 0.0 0.034732908 0.046065364 0.021812342 0.113093704 0.0 0.0 0.07504079 0.027714644 0.0 0.0 0.0418626 0.022385057 0.011378156 0.0 0.0 0.0 0.0 0.049646407 0.021917528 0.0 0.000147187 0.011621876 0.0 0.0 0.0 0.07395348 0.055670775 0.0 0.013263052 0.052166298 0.0 0.0 0.0 0.0 0.0 0.0 0.0
0.009863809 0.0 0.0 0.0 0.0 0.0 0.0 0.0013469089 0.0 0.15308216 0.0 0.0 0.0 0.0 0.0 0.0 0.0 0.0 0.0 0.04648398 0.0451932 0.027375244 0.0 0.025104841 0.0 0.005739267 0.0 0.10249863 0.0 0.0 0.0 0.0 0.0 0.054050844 0.12474331 0.0 0.053891018 0.0 0.0 0.0 0.001935302 0.0 0.0 0.062075365 0.055422563 0.0 0.026087742 0.06320953 0.0 0.025732161 0.0 0.0 0.0 0.011197966 0.0020600518 0.0
0.0 0.023572164 0.0 0.09186411 0.0 0.045337196 0.04043086 0.0 0.0 0.0 0.058268957 0.0 0.018366821 0.0 0.0 0.06639588 0.0 0.001467325 0.061079845 0.0034282745 0.0 0.037387595 0.014897871 0.0 0.0 0.04557078 0.0032353012 0.0 0.0 0.0 0.08040319 0.0 0.0 0.0 0.0 0.0 0.0 0.043476343 0.006154522 0.03447446 0.02595382 0.02460409 0.11354705 0.0 0.0 0.013263053 0.06320954 0.0 0.0 0.06601722 0.0025965911 0.0 0.0 0.0 0.03301809 0.0053298245
0.0 0.004230081 0.0 0.0 0.037497275 0.014755735 0.0 0.0 0.0 0.0 0.0 0.016716884 0.0 0.0 0.054381642 0.01874329 0.082253486 0.0 0.023379859 0.0 0.0 0.0 0.0 0.025176432 0.0 0.0 0.0 0.0 0.15759559 0.0 0.0 0.10261329 0.0 0.0 0.038444303 0.0 0.0 0.03331642 0.0 0.0 0.0 0.0 0.0 0.0 0.0 0.052166294 0.0 0.0 0.0 0.0 0.0 0.03165664 0.18082419 0.0 0.04811803 0.0
0.03501834 0.0 0.0 0.0 0.0 0.0 0.0 0.011671029 0.0 0.0 0.00813765 0.0 0.036615435 0.040767256 0.004315384 0.0 0.0 0.0 0.0 0.0 0.0 0.0 0.16280872 0.06388561 0.06420474 0.0 0.0 0.0 0.0 0.0 0.0 0.020679269 0.035489567 0.0 0.014301973 0.0 0.0 0.0 0.0 0.0 0.010448846 0.0 0.0 0.014655399 0.012505994 0.0 0.025732161 0.06601722 0.0 0.0 0.014026103 0.091626436 0.06067433 0.0 0.074243054 0.0
0.012767624 0.0 0.0 0.006991071 0.0 0.0 0.0 0.0 0.0 0.0 0.0 0.0 0.046868235 0.047545284 0.0 0.17727043 0.0022375386 0.1042378 0.0 0.0 0.033698976 0.0009347939 0.13449591 0.0 0.014965937 0.17406565 0.020475358 0.0 0.0 0.0 0.0 0.0 0.0 0.0 0.0 0.055073224 0.0 0.0 0.0 0.082737125 0.010876493 0.055217724 0.0 0.0 0.03887926 0.0 0.0 0.002596591 0.0 0.014026103 0.025165725 0.0 0.0 0.0058710556 0.0 0.0
0.15794483 0.0 0.14510764 0.0 0.0 0.0 0.020512784 0.09355966 0.0 0.0 0.0 0.024645897 0.059849147 0.07826917 0.0 0.0 0.0 0.026373062 0.0 0.0 0.017730469 0.0 0.0 0.0 0.12063115 0.030779429 0.0 0.0 0.0 0.00014224704 0.0 0.0 0.0 0.020274706 0.0 0.12839952 0.0 0.0 0.08679644 0.0 0.0054442254 0.0026314468 0.0 0.0 0.0 0.0 0.0 0.0 0.03165664 0.091626436 0.0 0.0 0.0 0.0 0.010838859 0.0
0.065254286 0.02163346 0.0045356997 0.0 0.0 0.0 0.039445434 0.0 0.0 0.0 0.0 0.0 0.021731056 0.0 0.036548898 0.0 0.03198428 0.0 0.029876135 0.0 0.0 0.019015685 0.0 0.0 0.11705723 0.0 0.0 0.0 0.03899233 0.15185677 0.0 0.0 0.07031906 0.098958544 0.0 0.0 0.0 0.0 0.026029145 0.0 0.012453821 0.016404003 0.0 0.015970109 0.0 0.0 0.0 0.0 0.18082419 0.06067433 0.0 0.0 0.06732696 0.0 0.0 0.06494336
0.0 0.0 0.008467617 0.014499156 0.0 0.0 0.0 0.0029019995 0.27069205 0.0 0.0 0.0 0.0 0.013810265 0.0 0.0 0.0 0.15591694 0.0 0.0 0.0 0.0 0.0 0.05335745 0.0 0.0 0.0 0.0 0.0 0.0 0.0 0.0 0.0 0.11534933 0.0 0.07952939 0.0 0.0 0.0 0.0 0.06546797 0.07165103 0.0 0.0 0.0 0.0 0.011197966 0.0 0.0 0.0 0.0058710556 0.0 0.0 0.065093994 0.0 0.0
0.0 0.0 0.08561381 0.0 0.0 0.0 0.03640107 0.035586994 0.010187624 0.0 0.0 0.0 0.0 0.0 0.0 0.08595907 0.0 0.02180751 0.0 0.0 0.08321045 0.038087424 0.0 0.03555876 0.067622006 0.0 0.0 0.0 0.0 0.0 0.0 0.0 0.0 0.0 0.0 0.1434237 0.0 0.0 0.10498561 0.08980395 0.011755568 0.11670439 0.072872974 0.0 0.028944282 0.0 0.0020600518 0.03301809 0.04811803 0.074243054 0.0 0.010838859 0.0 0.0 0.0 0.0
0.0 0.025297483 0.0 0.0 0.0 0.0 0.0 0.0 0.04592624 0.0 0.04389048 0.0 0.0 0.0038562547 0.22166649 0.0 0.0 0.0 0.0 0.06992521 0.02002338 0.0 0.0 0.048449606 0.002473059 0.0 0.0 0.034023337 0.0 0.0 0.26138437 0.0 0.0 0.037340656 0.0020442633 0.0 0.0 0.0 0.0 0.0 0.0 0.0 0.0 0.0 0.0 0.0 0.0 0.005329825 0.0 0.0 0.0 0.0 0.06494335 0.0 0.0 0.0
