0.0 0.0 0.0 0.0 0.0 0.069999985 0.0 0.0 0.0 0.0 0.0 0.0 0.0 0.0 0.0 0.079493776 0.07189293 0.0 0.0 0.0 0.108151376 0.0 0.0 0.0 0.030703392 0.0 0.030139726 0.05126247 0.0 0.0 0.0 0.0 0.0 0.040677268 0.0 0.0 0.0 0.0 0.23752677 0.14222594 0.0 0.0 0.09372086 0.023282005 0.0 0.0 0.11980384 0.0 0.030327396 0.007921574 0.006460501 0.0 0.0 0.0 0.0 0.071246095
0.0 0.0 0.0 0.0 0.0 0.0 0.0 0.022902846 0.038336363 0.019723363 0.0 0.0 0.0 0.19775777 0.0 0.0 0.0 0.08770922 0.0 0.0 0.0 0.0 0.021354174 0.0 0.0 0.0 0.0 0.0 0.0 0.2162663 0.0 0.004774333 0.0 0.0 0.080994084 0.0 0.033945046 0.0 0.0 0.0 0.11508341 0.0 0.0 0.0031647964 0.0 0.0 0.0 0.0 0.0 0.0 0.0 0.021121135 0.0 0.0 0.02588 0.0
0.0 0.0 0.0 0.0 0.11679173 0.0 0.0 0.011383119 0.0 0.0 0.012363743 0.0 0.0 0.101276785 0.0 0.0 0.0 0.0032506941 0.1093528 0.019655086 0.0 0.0 0.06509571 0.0 0.0 0.017469449 0.016732255 0.09124734 0.0 0.0 0.0 0.0 0.0 0.0 0.0 0.0 0.0 0.0 0.0 0.0 0.1113708 0.0 0.0 0.0 0.0 0.0 0.0 0.0 0.0 0.0 0.08049811 0.0 0.0 0.026860813 0.0 0.0
0.0 0.0 0.0 0.079295725 0.0 0.0 0.0 0.042591207 0.0 0.01582861 0.0 0.0 0.15718697 0.0 0.0 0.0 0.0 0.08395085 0.0 0.0 0.0 0.0 0.019495554 0.061568927 0.0 0.036807094 0.0 0.020759994 0.0 0.0070311315 0.09634446 0.0 0.059446376 0.0 0.0 0.0 0.016204992 0.0 0.0 0.0 0.050384093 0.0 0.0 0.0 0.0 0.0 0.0 0.0 0.0 0.12459572 0.09402839 0.0010435967 0.0 0.0 0.0 0.0057630776
0.0 0.0 0.116791725 0.0 0.0 0.0 0.0 0.053563163 0.1917573 0.0 0.0 0.08159449 0.0 0.0 0.0 0.0 0.0 0.01749248 0.0 0.0 0.0 0.059437126 0.0 0.15069161 0.0 0.0 0.0 0.0 0.0 0.1267959 0.0 0.0 0.0 0.0 0.024573725 0.0 0.011488112 0.0 0.0 0.0 0.0 0.0 0.0 0.0 0.0 0.0 0.0 0.0 0.004147118 0.047268815 0.0 0.09177892 0.0 0.021239843 0.0 0.04803466
0.069999985 0.0 0.0 0.0 0.0 0.0 0.0 0.12146502 0.0 0.042470068 0.0 0.0 0.0 0.0 0.0 0.0 0.0 0.0 0.0 0.0 0.0 0.04459181 0.0 0.0 0.0 0.0 0.0 0.0 0.0 0.022574816 0.0 0.0 0.0 0.0 0.03168895 0.0 0.21668437 0.0 0.0 0.0 0.0 0.0 0.0 0.0 0.2114816 0.0 0.0 0.10316838 0.0 0.09718026 0.0 0.03027498 0.0 0.0 0.093287885 0.0
0.0 0.0 0.0 0.0 0.0 0.0 0.0 0.0 0.18535315 0.0 0.0 0.0 0.0 0.0 0.004045389 0.0 0.0 0.1510203 0.08415018 0.05297677 0.0 0.014059654 0.0 0.0 0.18615794 0.0 0.0 0.0 0.0 0.0 0.0 0.0 0.0 0.0 0.0 0.0 0.034825314 0.019155094 0.0 0.0 0.0 0.034548953 0.008042071 0.0 0.0 0.0 0.07409581 0.0 0.0 0.0 0.0 0.0 0.0 0.0 0.0 0.0
0.0 0.022902846 0.011383118 0.04259121 0.053563166 0.12146502 0.0 0.0058770133 0.0 0.0 0.043388054 0.0 0.0 0.0 0.0 0.023751097 0.083047144 0.0 0.04438855 0.04273853 0.097632155 0.0062085283 0.0 0.0 0.089364365 0.0 0.014443476 0.0 0.0 0.0 0.0 0.0880705 0.0 0.0 0.0 0.0 0.0 0.0 0.14767383 0.0 0.0 0.0 0.061416935 0.0 0.0 0.0 0.06488862 0.0 0.07788577 0.0 0.0 0.0 0.059884395 0.0 0.0 0.0
0.0 0.03833636 0.0 0.0 0.1917573 0.0 0.18535315 0.0 0.15256648 0.0 0.0 0.0 0.0 0.0 0.0 0.0 0.0 0.081723176 0.0 0.012485688 0.0 0.0 0.0 0.0090715485 0.0 0.0 0.0 0.0 0.054003224 0.029781613 0.0 0.13788423 0.0 0.0 0.0 0.041452553 0.0 0.013767821 0.0 0.0 0.0 0.0 0.0 0.0 0.0 0.0 0.0 0.0 0.0 0.0 0.039778605 0.017527537 0.0 0.0 0.0 0.0
0.0 0.019723361 0.0 0.015828611 0.0 0.042470068 0.0 0.0 0.0 0.0 0.0 0.0 0.0 0.0 0.0 0.11231798 0.042507622 0.0 0.015806956 0.015572916 0.21980706 0.099455826 0.0 0.0 0.0 0.0 0.0 0.017456839 0.0 0.0 0.0011321021 0.0 0.0 0.03593195 0.0 0.0 0.0 0.06398437 0.055409536 0.023636505 0.0 0.0851491 0.15034299 0.0 0.0 0.0 0.09763348 0.0 0.0 0.0 0.0 0.0 0.09922751 0.0 0.0 0.048239402
0.0 0.0 0.012363744 0.0 0.0 0.0 0.0 0.043388054 0.0 0.0 0.0 0.16564694 0.0 0.14210244 0.01315934 0.0 0.0 0.0 0.0 0.0 0.0 0.0 0.10531517 0.06526843 0.15695569 0.0 0.06291122 0.0 0.0 0.0 0.0 0.0 0.0 0.0 0.0 0.0 0.0 0.0 0.0 0.0 0.0 0.0 0.0 0.0 0.0 0.0 0.0 0.0 0.0 0.123567246 0.0 0.06250859 0.015389883 0.0 0.0 0.0
0.0 0.0 0.0 0.0 0.0815945 0.0 0.0 0.0 0.0 0.0 0.16564693 0.0 0.0 0.13161062 0.0 0.0 0.0 0.0 0.0 0.06849418 0.0 0.0 0.0 0.06580064 0.0 0.0 0.048344653 0.0 0.0 0.0 0.0 0.0 0.0 0.0 0.0 0.0 0.0 0.04507435 0.0 0.0 0.0 0.0 0.0 0.0 0.0 0.15655223 0.0 0.0 0.0 0.0 0.20476013 0.0 0.0 0.0 0.004482698 0.0
0.0 0.0 0.0 0.15718697 0.0 0.0 0.0 0.0 0.0 0.0 0.0 0.0 0.0 0.0 0.049053367 0.0 0.0 0.0 0.0 0.13396959 0.0 0.0 0.030008364 0.026200395 0.0 0.0 0.0 0.0 0.0 0.009895367 0.086394124 0.0 0.04040481 0.0 0.013470666 0.0 0.0 0.017873405 0.0174282 0.022774199 0.026757909 0.0 0.0 0.0 0.0 0.0 0.0 0.08003773 0.0 0.0 0.121585354 0.0 0.023906691 0.036560904 0.037805647 0.0
0.0 0.19775777 0.10127679 0.0 0.0 0.0 0.0 0.0 0.0 0.0 0.14210244 0.13161063 0.0 0.0 0.041788585 0.0 0.0 0.0 0.0 0.0 0.0 0.0014890562 0.0 0.0 0.0 0.0 0.0 0.0 0.06827392 0.0 0.008075627 0.15884665 0.0 0.08004742 0.0 0.0 0.0 0.022506641 0.0 0.002863388 0.0 0.0 0.0 0.0 0.0 0.034435846 0.0 0.0 0.0 0.0 0.0 0.0 0.03477773 0.0 0.0 0.0
0.0 0.0 0.0 0.0 0.0 0.0 0.004045389 0.0 0.0 0.0 0.01315934 0.0 0.049053367 0.041788585 0.0 0.0 0.0 0.0 0.0 0.0 0.038667005 0.0 0.0 0.0 0.0 0.033600684 0.0063798865 0.21530965 0.0 0.0 0.0 0.0 0.0 0.0 0.0 0.14238483 0.0 0.0 0.0 0.0 0.05402188 0.08051363 0.04392339 0.0 0.0 0.0 0.0 0.0 0.0 0.0 0.0 0.0 0.0 0.0 0.0 0.0
0.07949378 0.0 0.0 0.0 0.0 0.0 0.0 0.023751097 0.0 0.11231798 0.0 0.0 0.0 0.0 0.0 0.0 0.0 0.0 0.0 0.0 0.0 0.0 0.047025464 0.026371097 0.0 0.12313412 0.16598566 0.0 0.0 0.0 0.01737789 0.0 0.0 0.0 0.0 0.08616499 0.013610816 0.0 0.0 0.0047555952 0.0 0.0 0.0 0.0 0.0705744 0.0 0.0 0.0074426807 0.0 0.0 0.0 0.15045421 0.0 0.0 0.12567157 0.0
0.07189293 0.0 0.0 0.0 0.0 0.0 0.0 0.083047144 0.0 0.04250762 0.0 0.0 0.0 0.0 0.0 0.0 0.06406408 0.02652536 0.030378181 0.010361772 0.0 0.01658961 0.0 0.0 0.0 0.0 0.0 0.0 0.05367765 0.0 0.0 0.0 0.0 0.0 0.22064278 0.0 0.13250688 0.0 0.0 0.0 0.0 0.010581392 0.0 0.0 0.043975517 0.0 0.0 0.0 0.0 0.0 0.0 0.019929435 0.03414098 0.0 0.0 0.0
0.0 0.08770922 0.003250694 0.08395085 0.01749248 0.0 0.1510203 0.0 0.081723176 0.0 0.0 0.0 0.0 0.0 0.0 0.0 0.02652536 0.0 0.022453606 0.0 0.0 0.26998043 0.0 0.0 0.049939003 0.0 0.0 0.0 0.07275069 0.04361652 0.0 0.0 0.0 0.0059886547 0.0 0.0 0.0 0.0 0.0 0.0 0.0 0.040547457 0.024391808 0.0 0.0 0.04839661 0.0 0.0 0.015920857 0.042640932 0.0 0.0 0.05465304 0.0 0.0 0.0
0.0 0.0 0.1093528 0.0 0.0 0.0 0.08415017 0.04438855 0.0 0.015806956 0.0 0.0 0.0 0.0 0.0 0.0 0.030378181 0.022453606 0.0 0.0 0.0 0.0 0.0 0.0 0.0 0.0 0.0 0.0 0.22530122 0.13190113 0.0 0.0 0.0 0.0 0.1036729 0.08563069 0.10691759 0.0 0.0 0.0 0.0 0.02554103 0.0 0.0 0.024269948 0.0 0.0 0.0 0.0 0.0 0.0 0.0 0.0 0.0 0.0 0.0
0.0 0.0 0.019655084 0.0 0.0 0.0 0.052976765 0.042738527 0.012485689 0.015572915 0.0 0.06849418 0.13396959 0.0 0.0 0.0 0.010361771 0.0 0.0 0.0 0.0 0.0157727 0.0 0.0 0.0 0.0 0.0 0.0 0.0204813 0.0 0.0 0.0 0.0 0.028519833 0.0050720624 0.10846714 0.0 0.0 0.0 0.010114097 0.03431103 0.2036194 0.03976327 0.0031986944 0.0 0.0 0.0 0.0 0.0 0.0 0.0 0.0 0.0 0.0 0.0 0.15935588
0.108151376 0.0 0.0 0.0 0.0 0.0 0.0 0.09763215 0.0 0.21980706 0.0 0.0 0.0 0.0 0.038667005 0.0 0.0 0.0 0.0 0.0 0.0 0.0 0.0 0.0 0.0 0.0 0.0 0.0 0.0 0.0 0.0 0.0 0.0 0.0 0.016629359 0.0 0.17931749 0.0 0.0 0.0 0.0 0.055202153 0.0 0.0 0.03127158 0.0 0.0 0.0 0.00601565 0.0 0.0 0.0 0.0 0.0 0.0 0.0
0.0 0.0 0.0 0.0 0.059437122 0.04459181 0.0140596535 0.0062085283 0.0 0.09945583 0.0 0.0 0.0 0.0014890562 0.0 0.0 0.01658961 0.26998043 0.0 0.0157727 0.0 0.0 0.0 0.0 0.0 0.014927999 0.10253888 0.0 0.0 0.0 0.0 0.0 0.0 0.0 0.0 0.0 0.0 0.0113151 0.0 0.0 0.0 0.0 0.0 0.0 0.01659655 0.0 0.0 0.07135766 0.0 0.0 0.03192351 0.0 0.0 0.0 0.025563812 0.0
0.0 0.021354174 0.06509571 0.019495554 0.0 0.0 0.0 0.0 0.0 0.0 0.10531517 0.0 0.030008363 0.0 0.0 0.04702546 0.0 0.0 0.0 0.0 0.0 0.0 0.0 0.0 0.0 0.0 0.0 0.0 0.0 0.0 0.09666609 0.0 0.09934436 0.22731544 0.0 0.0 0.0 0.0 0.0 0.0 0.017049026 0.0 0.0 0.0 0.0 0.049553614 0.0 0.0 0.16087525 0.017188974 0.0 0.0 0.010601717 0.0 0.0 0.0
0.0 0.0 0.0 0.061568923 0.1506916 0.0 0.0 0.0 0.009071549 0.0 0.06526843 0.06580064 0.026200395 0.0 0.0 0.026371099 0.0 0.0 0.0 0.0 0.0 0.0 0.0 0.0 0.0 0.0 0.0 0.057002433 0.0 0.0 0.0 0.068018265 0.0027875004 0.0 0.0 0.011436905 0.0 0.0 0.0 0.2179418 0.0 0.0 0.0 0.0 0.0 0.0 0.07915237 0.031460337 0.113966405 0.0 0.029079456 0.0 0.036246654 0.07983524 0.0 0.0
0.030703392 0.0 0.0 0.0 0.0 0.0 0.18615793 0.089364365 0.0 0.0 0.15695569 0.0 0.0 0.0 0.0 0.0 0.0 0.049939 0.0 0.0 0.0 0.0 0.0 0.0 0.0 0.0 0.0 0.0 0.03660472 0.08468875 0.0 0.0 0.0 0.0 0.119614094 0.0 0.009269121 0.0 0.0 0.0 0.0 0.017307015 0.0 0.0 0.20544906 0.0 0.0 0.0 0.0 0.0 0.0 0.0050838343 0.0 0.0 0.0 0.0
0.0 0.0 0.01746945 0.036807094 0.0 0.0 0.0 0.0 0.0 0.0 0.0 0.0 0.0 0.0 0.033600684 0.12313413 0.0 0.0 0.0 0.0 0.0 0.014928 0.0 0.0 0.0 0.1176647 0.0 0.13805465 0.0 0.0 0.15293075 0.0 0.07177344 0.0 0.021707457 0.0 0.0 0.0 0.0 0.08192961 0.0 0.0 0.0 0.0 0.0 0.0 0.0 0.08467435 0.0 0.0 0.016046481 0.0 0.0 0.033596795 0.0 0.0
0.030139726 0.0 0.016732255 0.0 0.0 0.0 0.0 0.014443476 0.0 0.0 0.06291122 0.048344653 0.0 0.0 0.0063798865 0.16598566 0.0 0.0 0.0 0.0 0.0 0.10253888 0.0 0.0 0.0 0.0 0.034631513 0.0 0.0 0.0 0.07274184 0.0 0.22377887 0.06790941 0.0 0.0 0.059600595 0.0 0.0 0.0 0.0 0.0 0.0 0.0 0.054660253 0.0 0.0 0.08041638 0.0 0.062936604 0.0 0.0 0.01046087 0.0 0.0 0.0
0.05126247 0.0 0.09124734 0.020759996 0.0 0.0 0.0 0.0 0.0 0.01745684 0.0 0.0 0.0 0.0 0.21530966 0.0 0.0 0.0 0.0 0.0 0.0 0.0 0.0 0.057002433 0.0 0.13805465 0.0 0.0 0.0 0.0 0.08831663 0.0 0.026924118 0.0 0.0 0.18277948 0.0 0.04825518 0.0 0.006086372 0.0 0.0 0.0 0.0 0.0 0.0 0.05878573 0.0 0.067993075 0.0 0.0 0.039901406 0.0 0.0 0.0 0.0156482
0.0 0.0 0.0 0.0 0.0 0.0 0.0 0.0 0.05400322 0.0 0.0 0.0 0.0 0.06827392 0.0 0.0 0.05367765 0.07275068 0.22530124 0.020481301 0.0 0.0 0.0 0.0 0.036604725 0.0 0.0 0.0 0.108852945 0.0 0.0 0.0 0.0 0.0 0.0 0.026133351 0.0 0.11249194 0.0 0.0 0.0 0.0393054 0.1144576 0.0 0.0 0.017826824 0.08035757 0.0 0.0 0.0 0.0 0.032674797 0.0 0.0 0.0 0.0
0.0 0.21626629 0.0 0.007031131 0.1267959 0.022574816 0.0 0.0 0.029781613 0.0 0.0 0.0 0.009895367 0.0 0.0 0.0 0.0 0.04361652 0.13190113 0.0 0.0 0.0 0.0 0.0 0.08468875 0.0 0.0 0.0 0.0 0.09289265 0.0 0.0 0.0 0.0 0.0 0.0 0.0 0.0 0.0 0.0 0.0 0.13752112 0.0 0.04454073 0.0 0.034052704 0.0 0.0 0.0 0.0 0.0 0.0 0.03623202 0.0 0.0 0.0
0.0 0.0 0.0 0.096344456 0.0 0.0 0.0 0.0 0.0 0.0011321021 0.0 0.0 0.086394124 0.008075627 0.0 0.01737789 0.0 0.0 0.0 0.0 0.0 0.0 0.09666609 0.0 0.0 0.15293075 0.07274184 0.08831663 0.0 0.0 0.12440601 0.0 0.0 0.0 0.0 0.0 0.0 0.021516724 0.0 0.07823715 0.025280252 0.0 0.0 0.041656766 0.0 0.0 0.0 0.017405067 0.0 0.0 0.059708014 0.0 0.0 0.0 0.026866838 0.0
0.0 0.004774333 0.0 0.0 0.0 0.0 0.0 0.08807049 0.13788423 0.0 0.0 0.0 0.0 0.15884665 0.0 0.0 0.0 0.0 0.0 0.0 0.0 0.0 0.0 0.068018265 0.0 0.0 0.0 0.0 0.0 0.0 0.0 0.0 0.0 0.0 0.10426063 0.0 0.0 0.0 0.0 0.0 0.19870515 0.018065307 0.0 0.0 0.0 0.0 0.0 0.0 0.0 0.0 0.0 0.0 0.0 0.2495212 0.0 0.0
0.0 0.0 0.0 0.059446372 0.0 0.0 0.0 0.0 0.0 0.0 0.0 0.0 0.04040481 0.0 0.0 0.0 0.0 0.0 0.0 0.0 0.0 0.0 0.09934436 0.0027875004 0.0 0.07177343 0.22377887 0.026924117 0.0 0.0 0.0 0.0 0.11248785 0.0 0.0 0.0 0.0 0.0 0.0 0.0 0.0 0.0 0.0 0.071453646 0.0 0.019535573 0.0 0.0 0.0 0.0 0.15722701 0.0 0.0 0.0 0.11364081 0.0
0.040677268 0.0 0.0 0.0 0.0 0.0 0.0 0.0 0.0 0.03593195 0.0 0.0 0.0 0.08004742 0.0 0.0 0.0 0.0059886547 0.0 0.028519832 0.0 0.0 0.22731544 0.0 0.0 0.0 0.06790941 0.0 0.0 0.0 0.0 0.0 0.0 0.0 0.0 0.0 0.0 0.0512943 0.0 0.0 0.04397092 0.0 0.0020834445 0.0 0.0 0.0 0.0 0.037436172 0.0 0.0 0.13606896 0.0886292 0.0 0.0 0.09903798 0.0
0.0 0.080994084 0.0 0.0 0.024573725 0.03168895 0.0 0.0 0.0 0.0 0.0 0.0 0.013470666 0.0 0.0 0.0 0.22064278 0.0 0.1036729 0.005072063 0.016629357 0.0 0.0 0.0 0.119614094 0.021707455 0.0 0.0 0.0 0.0 0.0 0.10426064 0.0 0.0 0.0 0.01695364 0.0 0.007792097 0.052818242 0.0 0.0 0.0 0.08494263 0.043510944 0.0 0.015501539 0.15276337 0.0 0.017495394 0.0 0.0 0.0 0.044001654 0.0 0.0 0.0
0.0 0.0 0.0 0.0 0.0 0.0 0.0 0.0 0.041452553 0.0 0.0 0.0 0.0 0.0 0.14238483 0.08616499 0.0 0.0 0.08563069 0.10846714 0.0 0.0 0.0 0.011436906 0.0 0.0 0.0 0.18277949 0.026133351 0.0 0.0 0.0 0.0 0.0 0.01695364 0.0 0.0 0.0 0.07303473 0.0 0.0 0.0 0.036735315 0.0 0.0 0.0 0.0047782613 0.0 0.0 0.0 0.0 0.0 0.005309324 0.0 0.0 0.0
0.0 0.033945043 0.0 0.016204992 0.011488112 0.21668437 0.034825314 0.0 0.0 0.0 0.0 0.0 0.0 0.0 0.0 0.013610816 0.13250686 0.0 0.1069176 0.0 0.17931749 0.0 0.0 0.0 0.00926912 0.0 0.05960059 0.0 0.0 0.0 0.0 0.0 0.0 0.0 0.0 0.0 0.0 0.0 0.0 0.0 0.0 0.0 0.04386245 0.08320947 0.0 0.0 0.011645275 0.0 0.0 0.015659064 0.0 0.0 0.0 0.0 0.0 0.188492
0.0 0.0 0.0 0.0 0.0 0.0 0.019155094 0.0 0.013767821 0.06398437 0.0 0.04507435 0.017873405 0.022506641 0.0 0.0 0.0 0.0 0.0 0.0 0.0 0.011315099 0.0 0.0 0.0 0.0 0.0 0.04825518 0.112491935 0.0 0.021516724 0.0 0.0 0.0512943 0.007792097 0.0 0.0 0.0 0.0 0.0 0.009723902 0.0 0.03604454 0.0 0.0 0.0 0.0 0.018124739 0.02756322 0.10712588 0.0 0.0 0.0 0.12897706 0.044267077 0.22417757
0.23752677 0.0 0.0 0.0 0.0 0.0 0.0 0.14767382 0.0 0.055409536 0.0 0.0 0.0174282 0.0 0.0 0.0 0.0 0.0 0.0 0.0 0.0 0.0 0.0 0.0 0.0 0.0 0.0 0.0 0.0 0.0 0.0 0.0 0.0 0.0 0.052818242 0.073034726 0.0 0.0 0.0 0.0 0.019389344 0.0745664 0.0 0.0 0.041306436 0.0 0.0 0.0 0.0 0.0 0.0 0.118407086 0.0 0.0 0.009583861 0.017796561
0.14222594 0.0 0.0 0.0 0.0 0.0 0.0 0.0 0.0 0.023636505 0.0 0.0 0.022774199 0.0028633878 0.0 0.004755595 0.0 0.0 0.0 0.010114098 0.0 0.0 0.0 0.2179418 0.0 0.08192961 0.0 0.006086372 0.0 0.0 0.07823716 0.0 0.0 0.0 0.0 0.0 0.0 0.0 0.0 0.0 0.0 0.0 0.0 0.0 0.0 0.0 0.0 0.19463375 0.0 0.0 0.04423267 0.047925193 0.0 0.0 0.1490397 0.0
0.0 0.115083404 0.11137081 0.050384093 0.0 0.0 0.0 0.0 0.0 0.0 0.0 0.0 0.026757907 0.0 0.05402188 0.0 0.0 0.0 0.0 0.034311034 0.0 0.0 0.017049024 0.0 0.0 0.0 0.0 0.0 0.0 0.0 0.025280252 0.19870514 0.0 0.043970916 0.0 0.0 0.0 0.009723901 0.019389344 0.0 0.0 0.0 0.0 0.0 0.0 0.0 0.10349343 0.0 0.043084852 0.0 0.0 0.0 0.12612827 0.04785154 0.0 0.0
0.0 0.0 0.0 0.0 0.0 0.0 0.034548953 0.0 0.0 0.08514911 0.0 0.0 0.0 0.0 0.08051362 0.0 0.010581391 0.04054746 0.025541032 0.20361939 0.055202153 0.0 0.0 0.0 0.017307013 0.0 0.0 0.0 0.0393054 0.1375211 0.0 0.018065305 0.0 0.0 0.0 0.0 0.0 0.0 0.07456641 0.0 0.0 0.0 0.0 0.10904519 0.0 0.0 0.0 0.0 0.0 0.035322465 0.0 0.0 0.012028851 0.0 0.0 0.0
0.09372086 0.0 0.0 0.0 0.0 0.0 0.00804207 0.06141693 0.0 0.150343 0.0 0.0 0.0 0.0 0.04392339 0.0 0.0 0.024391808 0.0 0.03976327 0.0 0.0 0.0 0.0 0.0 0.0 0.0 0.0 0.1144576 0.0 0.0 0.0 0.0 0.0020834445 0.08494263 0.036735315 0.04386245 0.036044545 0.0 0.0 0.0 0.0 0.0 0.0 0.023436451 0.0 0.0 0.0 0.0 0.0 0.0 0.07122998 0.0 0.0010338455 0.051149063 0.014031203
0.023282005 0.0031647964 0.0 0.0 0.0 0.0 0.0 0.0 0.0 0.0 0.0 0.0 0.0 0.0 0.0 0.0 0.0 0.0 0.0 0.0031986944 0.0 0.0 0.0 0.0 0.0 0.0 0.0 0.0 0.0 0.04454073 0.041656766 0.0 0.071453646 0.0 0.043510944 0.0 0.08320946 0.0 0.0 0.0 0.0 0.10904519 0.0 0.0 0.078248024 0.0 0.0 0.01156786 0.0 0.0 0.06902067 0.0 0.0 0.0 0.09864974 0.0
0.0 0.0 0.0 0.0 0.0 0.2114816 0.0 0.0 0.0 0.0 0.0 0.0 0.0 0.0 0.0 0.07057441 0.043975517 0.0 0.02426995 0.0 0.03127158 0.01659655 0.0 0.0 0.20544906 0.0 0.054660257 0.0 0.0 0.0 0.0 0.0 0.0 0.0 0.0 0.0 0.0 0.0 0.041306432 0.0 0.0 0.0 0.02343645 0.078248024 0.046730474 0.15523806 0.004342163 0.0 0.0 0.018724363 0.0 0.0 0.05637243 0.0 0.0 0.056257293
0.0 0.0 0.0 0.0 0.0 0.0 0.0 0.0 0.0 0.0 0.0 0.15655224 0.0 0.034435846 0.0 0.0 0.0 0.04839661 0.0 0.0 0.0 0.0 0.04955361 0.0 0.0 0.0 0.0 0.0 0.017826824 0.034052704 0.0 0.0 0.019535573 0.0 0.015501538 0.0 0.0 0.0 0.0 0.0 0.0 0.0 0.0 0.0 0.15523806 0.0 0.0 0.00606575 0.0 0.01216865 0.011267767 0.0 0.0 0.18870914 0.0 0.0019455557
0.11980384 0.0 0.0 0.0 0.0 0.0 0.074095815 0.06488862 0.0 0.09763348 0.0 0.0 0.0 0.0 0.0 0.0 0.0 0.0 0.0 0.0 0.0 0.0 0.0 0.07915237 0.0 0.0 0.0 0.05878573 0.080357574 0.0 0.0 0.0 0.0 0.0 0.15276338 0.0047782613 0.011645276 0.0 0.0 0.0 0.10349343 0.0 0.0 0.0 0.0043421634 0.0 0.0 0.0 0.0 0.0 0.0 0.02047015 0.0 0.0 0.0 0.0
0.0 0.0 0.0 0.0 0.0 0.103168376 0.0 0.0 0.0 0.0 0.0 0.0 0.08003773 0.0 0.0 0.007442681 0.0 0.0 0.0 0.0 0.0 0.07135766 0.0 0.031460334 0.0 0.08467435 0.080416374 0.0 0.0 0.0 0.017405067 0.0 0.0 0.037436172 0.0 0.0 0.0 0.018124739 0.0 0.19463375 0.0 0.0 0.0 0.01156786 0.0 0.0060657496 0.0 0.0 0.0 0.0 0.0 0.0 0.0 0.0 0.05639458 0.0
0.030327398 0.0 0.0 0.0 0.004147118 0.0 0.0 0.07788577 0.0 0.0 0.0 0.0 0.0 0.0 0.0 0.0 0.0 0.015920855 0.0 0.0 0.00601565 0.0 0.16087525 0.1139664 0.0 0.0 0.0 0.067993075 0.0 0.0 0.0 0.0 0.0 0.0 0.017495394 0.0 0.0 0.027563218 0.0 0.0 0.043084852 0.0 0.0 0.0 0.0 0.0 0.0 0.0 0.0 0.0 0.12572305 0.11873661 0.0 0.0 0.028852811 0.002905052
0.007921574 0.0 0.0 0.12459572 0.047268815 0.09718026 0.0 0.0 0.0 0.0 0.12356725 0.0 0.0 0.0 0.0 0.0 0.0 0.042640936 0.0 0.0 0.0 0.0 0.017188974 0.0 0.0 0.0 0.062936604 0.0 0.0 0.0 0.0 0.0 0.0 0.0 0.0 0.0 0.015659064 0.10712588 0.0 0.0 0.0 0.035322465 0.0 0.0 0.018724363 0.01216865 0.0 0.0 0.0 0.0 0.019879652 0.0 0.0 0.0 0.008003225 0.055648033
0.0064605013 0.0 0.0804981 0.0940284 0.0 0.0 0.0 0.0 0.039778605 0.0 0.0 0.20476013 0.121585354 0.0 0.0 0.0 0.0 0.0 0.0 0.0 0.0 0.03192351 0.0 0.02907946 0.0 0.016046481 0.0 0.0 0.0 0.0 0.05970801 0.0 0.157227 0.13606896 0.0 0.0 0.0 0.0 0.0 0.04423267 0.0 0.0 0.0 0.06902067 0.0 0.011267767 0.0 0.0 0.12572306 0.019879652 0.0 0.0 0.08301332 0.0 0.0 0.0
0.0 0.021121135 0.0 0.0010435967 0.09177892 0.030274983 0.0 0.0 0.017527537 0.0 0.06250859 0.0 0.0 0.0 0.0 0.15045421 0.019929435 0.0 0.0 0.0 0.0 0.0 0.0 0.0 0.0050838343 0.0 0.0 0.039901406 0.0326748 0.0 0.0 0.0 0.0 0.0886292 0.0 0.0 0.0 0.0 0.118407086 0.047925193 0.0 0.0 0.07122998 0.0 0.0 0.0 0.02047015 0.0 0.11873661 0.0 0.0 0.0 0.034614805 0.14453688 0.0 0.0
0.0 0.0 0.0 0.0 0.0 0.0 0.0 0.059884395 0.0 0.09922751 0.015389884 0.0 0.023906691 0.03477773 0.0 0.0 0.03414098 0.05465304 0.0 0.0 0.0 0.0 0.010601717 0.03624665 0.0 0.0 0.010460869 0.0 0.0 0.036232017 0.0 0.0 0.0 0.0 0.04400165 0.0053093233 0.0 0.0 0.0 0.0 0.12612826 0.012028851 0.0 0.0 0.05637243 0.0 0.0 0.0 0.0 0.0 0.08301332 0.03461481 0.0 0.0 0.08647113 0.0
0.0 0.0 0.026860813 0.0 0.021239843 0.0 0.0 0.0 0.0 0.0 0.0 0.0 0.036560904 0.0 0.0 0.0 0.0 0.0 0.0 0.0 0.0 0.0 0.0 0.07983524 0.0 0.0335968 0.0 0.0 0.0 0.0 0.0 0.2495212 0.0 0.0 0.0 0.0 0.0 0.12897706 0.0 0.0 0.04785154 0.0 0.0010338455 0.0 0.0 0.18870912 0.0 0.0 0.0 0.0 0.0 0.14453688 0.0 0.0 0.0 0.0
0.0 0.02588 0.0 0.0 0.0 0.093287885 0.0 0.0 0.0 0.0 0.0 0.004482698 0.037805647 0.0 0.0 0.12567157 0.0 0.0 0.0 0.0 0.0 0.025563814 0.0 0.0 0.0 0.0 0.0 0.0 0.0 0.0 0.026866838 0.0 0.11364081 0.09903798 0.0 0.0 0.0 0.044267077 0.009583861 0.14903972 0.0 0.0 0.051149063 0.09864974 0.0 0.0 0.0 0.05639458 0.028852811 0.008003225 0.0 0.0 0.08647114 0.0 0.048416864 0.0
0.07124609 0.0 0.0 0.0057630776 0.04803466 0.0 0.0 0.0 0.0 0.048239402 0.0 0.0 0.0 0.0 0.0 0.0 0.0 0.0 0.0 0.1593559 0.0 0.0 0.0 0.0 0.0 0.0 0.0 0.0156482 0.0 0.0 0.0 0.0 0.0 0.0 0.0 0.0 0.188492 0.22417757 0.017796563 0.0 0.0 0.0 0.014031203 0.0 0.056257293 0.0019455557 0.0 0.0 0.002905052 0.055648033 0.0 0.0 0.0 0.0 0.0 0.0
