0.0 0.0 0.0 0.0 0.0 0.0 0.0 0.0 0.017936189 0.0 0.0 0.0060508237 0.07945118 0.029342843 0.0 0.0 0.023768792 0.0 0.0 0.0 0.0 0.0858031 0.0 0.0 0.0 0.11560735 0.0 0.0 0.0 0.0 0.0 0.0 0.027001046 0.020962466 0.0 0.0 0.0 0.0 0.056404445 0.07323337 0.11630873 0.029465225 0.0 0.1185045 0.0 0.0 0.0117434915 0.007749044 0.0 0.0 0.0 0.0 0.0 0.1346302 0.0 0.077838354
0.0 0.0 0.0 0.0 0.0 0.0 0.0 0.016904067 0.014563728 0.0 0.0 0.1257159 0.0 0.0 0.0 0.0032511572 0.005066017 0.0031252014 0.0 0.0 0.0 0.0 0.0 0.0 0.035917666 0.0 0.0 0.0 0.07112307 0.16594906 0.0 0.01998727 0.0 0.010396128 0.0 0.19076619 0.011374247 0.0 0.15543954 0.0 0.0 0.0 0.0 0.0 0.013599598 0.005610675 0.0062258933 0.0 0.0 0.064368114 0.0 0.018229343 0.045465194 0.0 0.0 0.0
0.0 0.0 0.0 0.0 0.0 0.0 0.0 0.0 0.067893244 0.0 0.016597187 0.0 0.0 0.0 0.084700935 0.0 0.13766621 0.09172696 0.03935674 0.009536305 0.014872996 0.0 0.0 0.0 0.0 0.0 0.049094904 0.0 0.0 0.0 0.0 0.081639856 0.0 0.0 0.0 0.088466704 0.0 0.0 0.0 0.0 0.0 0.0 0.0 0.020540824 0.0 0.0 0.0 0.037013937 0.014715325 0.0 0.0 0.052069075 0.07108379 0.0 0.04317686 0.0
0.0 0.0 0.0 0.36856276 0.0 0.0 0.0 0.0 0.0 0.0 0.008980323 0.0 0.09986019 0.0 0.0 0.0 0.0 0.008588596 0.0 0.0 0.0 0.0 0.014521111 0.0 0.0 0.0 0.11832789 0.06543361 0.0 0.0 0.06816587 0.0 0.0 0.0 0.0 0.0 0.0 0.0 0.0 0.0 0.0 0.0 0.0 0.0 0.0 0.0 0.0 0.009168942 0.0 0.0 0.14161748 0.0 0.0 0.0 0.008403354 0.0
0.0 0.0 0.0 0.0 0.0 0.0 0.0 0.0 0.0 0.0 0.10682198 0.0075461 0.0 0.0 0.0 0.0 0.0 0.0 0.0 0.0 0.0 0.0 0.14600682 0.0 0.0 0.031447913 0.14015827 0.022449495 0.0 0.0 0.0 0.0 0.025263328 0.0 0.0 0.0 0.0 0.0 0.008650346 0.0 0.0 0.0 0.0 0.0 0.042936247 0.0 0.0 0.025158374 0.015274322 0.0 0.2615222 0.0 0.0 0.0 0.0 0.0
0.0 0.0 0.0 0.0 0.0 0.0 0.14839573 0.0 0.0 0.033998784 0.10243915 0.061946385 0.12145428 0.0 0.035252817 0.0 0.010422898 0.0 0.018181738 0.0 0.0 0.0 0.0 0.0 0.0 0.0 0.00014490615 0.0 0.0 0.0 0.0 0.04271814 0.0 0.0 0.0 0.0 0.0 0.0 0.0 0.0 0.0 0.0 0.0 0.040176142 0.009157537 0.061167914 0.0 0.14729843 0.0 0.0 0.0 0.0 0.0 0.0 0.0 0.0
0.0 0.0 0.0 0.0 0.0 0.14839572 0.02431888 0.13355182 0.028276183 0.03583765 0.010610438 0.0 0.0 0.0 0.0 0.0 0.040290114 0.0 0.0 0.0 0.0 0.0 0.0 0.04399978 0.0 0.0 0.0 0.040112637 0.0 0.0 0.0 0.0 0.0 0.041600324 0.025986813 0.0 0.016116714 0.0 0.0 0.0 0.015436532 0.0 0.0 0.0 0.0 0.0 0.0 0.035197705 0.0 0.0 0.0 0.037162606 0.0 0.014451686 0.14256075 0.0
0.0 0.016904067 0.0 0.0 0.0 0.0 0.13355182 0.05604533 0.013646194 0.0 0.0 0.0 0.018726932 0.0 0.0 0.0 0.0 0.0 0.0 0.0 0.0 0.021143435 0.0 0.008768659 0.0 0.015662182 0.0 0.008179824 0.06547195 0.0 0.0 0.0 0.0 0.0 0.0 0.023561578 0.02379389 0.1132129 0.0 0.26503226 0.044873245 0.027119381 0.02411934 0.0 0.0 0.0 0.024360437 0.0 0.0 0.0 0.0 0.015354641 0.0 0.039640702 0.0017888793 0.049114954
0.017936189 0.014563728 0.06789324 0.0 0.0 0.0 0.02827618 0.013646193 0.0 0.10357619 0.048879836 0.0 0.0 0.0 0.0 0.0 0.0 0.008549692 0.0 0.0 0.0 0.0 0.0 0.0 0.0 0.0 0.0 0.017227909 0.0 0.0 0.0 0.0 0.0 0.061701976 0.10913863 0.0 0.0 0.0 0.0 0.0 0.0 0.03935144 0.0 0.0 0.18224981 0.011094992 0.0 0.025170801 0.06601586 0.0 0.02238756 0.009638758 0.0 0.0 0.10375839 0.0
0.0 0.0 0.0 0.0 0.0 0.03399878 0.035837654 0.0 0.10357619 0.0 0.0 0.0 0.0 0.0 0.11965819 0.0 0.073060185 0.053625066 0.0669434 0.0 0.04382211 0.12271678 0.0 0.0 0.0 0.0007131249 0.0 0.0 0.033693444 0.15749261 0.0 0.0 0.0 0.032935295 0.0 0.025002081 0.0 0.064488396 0.02006111 0.0046358667 0.0 0.0 0.06493406 0.019277139 0.06629325 0.057555582 0.0 0.0 0.0 0.0 0.0 0.0 0.0 0.0 0.0 0.0035739602
0.0 0.0 0.016597187 0.008980323 0.10682198 0.10243915 0.010610437 0.0 0.048879836 0.0 0.0 0.0 0.0 0.0 0.0 0.0 0.028039427 0.02286876 0.039976228 0.0 0.06846299 0.05191505 0.0 0.0 0.027782813 0.008800959 0.0 0.0 0.0 0.09922292 0.015713759 0.0029237038 0.0 0.07677329 0.0 0.022352505 0.0 0.0 0.092013635 0.0 0.0 0.065321445 0.0 0.016969776 0.0 0.021936547 0.093765885 0.009663447 0.1501385 0.0 0.0 0.0 0.007811243 0.007951638 0.0 0.007552912
0.0060508237 0.1257159 0.0 0.0 0.0075461 0.06194639 0.0 0.0 0.0 0.0 0.0 0.0033534947 0.0 0.0 0.0 0.038842466 0.0 0.06296936 0.0 0.09274102 0.0 0.0 0.0 0.0 0.0 0.0 0.2744023 0.0 0.0 0.0 0.0 0.04585983 0.03290861 0.0027621596 0.0 0.09375766 0.0 0.0372191 0.0 0.0025597222 0.0 0.0 0.0 0.0 0.0 0.05941654 0.0 0.0 0.0 0.0 0.033961285 0.09994717 0.0 0.0 0.0 0.0
0.07945118 0.0 0.0 0.0998602 0.0 0.12145428 0.0 0.018726932 0.0 0.0 0.0 0.0 0.0 0.0 0.0 0.07355827 0.0 0.0 0.0 0.095668055 0.017101897 0.0 0.1332056 0.037255123 0.0 0.0 0.0 0.0 0.0 0.0 0.04279933 0.055911753 0.0 0.0 0.014372325 0.0 0.035158105 0.05803011 0.0116602145 0.0 0.0 0.0 0.0 0.0 0.0068923244 0.0048845997 0.0 0.0 0.0 0.0 0.025238857 0.014262138 0.0 0.0 0.06832028 0.0
0.029342843 0.0 0.0 0.0 0.0 0.0 0.0 0.0 0.0 0.0 0.0 0.0 0.0 0.0 0.0571833 0.0 0.0 0.0 0.0 0.0 0.0 0.0 0.0250367 0.15412806 0.07772338 0.0 0.0 0.0 0.0 0.0 0.047198016 0.000981342 0.0 0.009618815 0.0 0.0 0.0113422405 0.13083577 0.0 0.03885631 0.0 0.0 0.0 0.0 0.0 0.0 0.02317659 0.0 0.09230481 0.0 0.15996672 0.026668603 0.0 0.0 0.029633822 0.0
0.0 0.0 0.084700935 0.0 0.0 0.035252817 0.0 0.0 0.0 0.11965819 0.0 0.0 0.0 0.057183295 0.0 0.011972771 0.0 0.0 0.0197358 0.0 0.030095834 0.031092662 0.0 0.0 0.0 0.0 0.0 0.0 0.036734793 0.0 0.0 0.0 0.0019522875 0.16934626 0.03835239 0.0 0.009802842 0.0 0.0 0.0 0.0 0.057352167 0.052376963 0.0 0.05885517 0.016938347 0.0 0.0 0.0 0.0 0.0 0.032327984 0.0 0.0 0.0 0.024656802
0.0 0.0032511575 0.0 0.0 0.0 0.0 0.0 0.0 0.0 0.0 0.0 0.038842466 0.07355827 0.0 0.011972771 0.0 0.039760474 0.026042026 0.07418938 0.0 0.028801765 0.0 0.0 0.0 0.11075008 0.0 0.0 0.0 0.0 0.0 0.06720233 0.022435343 0.01492023 0.0 0.0 0.0 0.0 0.0 0.04156092 0.0 0.0 0.005933797 0.06347289 0.07031666 0.0 0.0 0.07626264 0.0 0.027819946 0.12477708 0.0 0.0 0.121365346 0.0 0.0 0.022691395
0.023768792 0.005066017 0.13766621 0.0 0.0 0.010422898 0.040290114 0.0 0.0 0.073060185 0.028039427 0.0 0.0 0.0 0.0 0.039760478 0.0 0.0 0.003981542 0.010309177 0.030238774 0.0 0.0 0.01881471 0.0 0.0 0.0 0.054565314 0.0 0.0 0.0 0.0 0.008819059 0.03039822 0.061041463 0.0 0.072051816 0.0 0.0 0.0 0.0072212075 0.007054114 0.020289738 0.0 0.00625616 0.0014450183 0.0 0.040760785 0.0 0.123093344 0.0 0.09432571 0.01537959 0.0 0.0 0.0
0.0 0.0031252017 0.09172696 0.008588596 0.0 0.0 0.0 0.0 0.008549692 0.053625066 0.02286876 0.06296936 0.0 0.0 0.0 0.026042026 0.0 0.0 0.06755438 0.0 0.0084074 0.0 0.0 0.012271281 0.0 0.0 0.0 0.0 0.0 0.0 0.0 0.0653475 0.0 0.07625406 0.0 0.052362718 0.0 0.0 0.0 0.0 0.0 0.16234407 0.0590445 0.0 0.023784518 0.023562249 0.0 0.025883883 0.0672278 0.0 0.0 0.0031584026 0.0 0.0 0.0 0.0
0.0 0.0 0.039356735 0.0 0.0 0.018181738 0.0 0.0 0.0 0.06694339 0.03997623 0.0 0.0 0.0 0.0197358 0.07418939 0.0039815423 0.067554384 0.06571642 0.0051642624 0.09212693 0.0 0.0 0.00316978 0.0 0.0 0.0 0.008759375 0.0 0.12841365 0.0 0.0 0.048183117 0.020402558 0.0 0.0 0.09358825 0.0 0.0 0.0 0.0 0.0 0.0 0.005309803 0.03558418 0.041195523 0.003809727 0.0 0.0 0.0 0.0 0.05561649 0.0 0.0 0.006938441 0.0
0.0 0.0 0.0095363045 0.0 0.0 0.0 0.0 0.0 0.0 0.0 0.0 0.09274102 0.095668055 0.0 0.0 0.0 0.0103091765 0.0 0.005164262 0.0 0.013917275 0.041355185 0.0 0.0 0.040407736 0.0 0.0 0.0 0.1508243 0.0 0.0 0.0 0.0 0.07693561 0.003387986 0.021719323 0.019916281 0.0 0.0 0.0 0.0 0.13024214 0.0 0.13555367 0.009807318 0.0 0.03336892 0.0 0.0 0.0 0.0 0.0 0.013284289 0.0 0.0 0.15358162
0.0 0.0 0.014872997 0.0 0.0 0.0 0.0 0.0 0.0 0.04382211 0.06846299 0.0 0.017101895 0.0 0.030095836 0.028801765 0.030238774 0.0084074 0.09212693 0.013917275 0.03805657 0.0 0.0 0.0 0.006037373 0.0 0.0 0.0 0.007893643 0.119177766 0.0 0.0 0.011959403 0.0 0.0042072632 0.0 0.0033668352 0.0 0.0623015 0.0 0.0 0.0 0.0 0.043761965 0.0070374175 0.07703973 0.0 0.100826904 0.0 0.13898976 0.0 0.0 0.0 0.0 0.011758109 0.0
0.0858031 0.0 0.0 0.0 0.0 0.0 0.0 0.021143435 0.0 0.12271677 0.05191505 0.0 0.0 0.0 0.031092662 0.0 0.0 0.0 0.0 0.041355185 0.0 0.0 0.0 0.0056698765 0.0 0.0 0.0 0.053094793 0.0 0.0 0.0 0.0 0.0 0.0 0.124081485 0.0 0.1428049 0.0 0.0 0.0 0.025697067 0.0 0.022019394 0.0 0.0 0.0 0.0 0.10331781 0.0 0.0 0.0 0.0072929948 0.0 0.0 0.06557276 0.0
0.0 0.0 0.0 0.014521111 0.14600684 0.0 0.0 0.0 0.0 0.0 0.0 0.0 0.1332056 0.0250367 0.0 0.0 0.0 0.0 0.0 0.0 0.0 0.0 0.15543072 0.0 0.0 0.32022274 0.0 0.0 0.0 0.0 0.19753167 0.0 0.021456895 0.0 0.0 0.0 0.0 0.0 0.0 0.0 0.0 0.0 0.0 0.0 0.0 0.0 0.0 0.0 0.0 0.0 0.031832423 0.0 0.0 0.0 0.00032742345 0.0
0.0 0.0 0.0 0.0 0.0 0.0 0.04399978 0.00876866 0.0 0.0 0.0 0.0 0.037255123 0.15412806 0.0 0.0 0.018814709 0.012271281 0.00316978 0.0 0.0 0.0056698765 0.0 0.06183166 0.0 0.03910726 0.0 0.0 0.039206445 0.0 0.0 0.0 0.0 0.009916195 0.028846126 0.0 0.0014772756 0.011562484 0.0 0.06651202 0.082025714 0.04305669 0.123040505 0.0 0.0 0.03646942 0.01934464 0.0 0.0 0.0 0.0073755076 0.0 0.0 0.08727025 0.06822378 0.03776427
0.0 0.035917662 0.0 0.0 0.0 0.0 0.0 0.0 0.0 0.0 0.027782813 0.0 0.0 0.077723384 0.0 0.11075009 0.0 0.0 0.0 0.040407736 0.006037373 0.0 0.0 0.0 0.0 0.0046487227 0.10264806 0.25502977 0.0 0.027985718 0.009471228 0.0 0.0 0.0 0.0 0.0 0.0 0.0 0.0 0.0 0.0 0.0 0.015809046 0.0 0.0 0.08312959 0.0 0.0 0.025142208 0.0 0.0 0.07284228 0.0 0.0 0.00233234 0.0
0.11560735 0.0 0.0 0.0 0.031447913 0.0 0.0 0.015662182 0.0 0.0007131249 0.008800958 0.0 0.0 0.0 0.0 0.0 0.0 0.0 0.0 0.0 0.0 0.0 0.3202227 0.03910726 0.0046487227 0.0 0.0 0.0 0.0 0.0 0.0 0.0 0.04603958 0.0 0.019848714 0.0 0.0 0.06255887 0.0 0.0 0.0 0.0 0.0 0.0 0.078843854 0.0 0.0 0.0 0.0014020057 0.0 0.20399866 0.016027771 0.0 0.0 0.00067030714 0.0
0.0 0.0 0.049094908 0.1183279 0.14015827 0.00014490615 0.0 0.0 0.0 0.0 0.0 0.27440232 0.0 0.0 0.0 0.0 0.0 0.0 0.0 0.0 0.0 0.0 0.0 0.0 0.10264806 0.0 0.0 0.0 0.0 0.027406761 0.080201656 0.05782297 0.0 0.019535154 0.0 0.0 0.0 0.0 0.0 0.0 0.0 0.10221469 0.0 0.0 0.0 0.0 0.09125645 0.0 0.0034589686 0.0 0.0 0.0 0.0 0.0003182664 0.0 0.0
0.0 0.0 0.0 0.06543361 0.022449495 0.0 0.040112637 0.008179824 0.017227907 0.0 0.0 0.0 0.0 0.0 0.0 0.0 0.05456531 0.0 0.008759375 0.0 0.0 0.053094793 0.0 0.0 0.25502977 0.0 0.0 0.0 0.0 0.08138883 0.0 0.0 0.05949214 0.0 0.025642758 0.0 0.0 0.0 0.05631578 0.0 0.0 0.041569665 0.0 0.042650912 0.0 0.011222581 0.0 0.0 0.014528779 0.1251674 0.0 0.0 0.070052564 0.0013550072 0.0 0.06524235
0.0 0.07112307 0.0 0.0 0.0 0.0 0.0 0.06547195 0.0 0.033693444 0.0 0.0 0.0 0.0 0.036734793 0.0 0.0 0.0 0.0 0.1508243 0.007893644 0.0 0.0 0.039206445 0.0 0.0 0.0 0.0 0.0322016 0.0 0.0 0.0 0.0 0.0 0.0 0.0 0.03546094 0.0 0.0 0.12201373 0.15690884 0.0 0.09908165 0.0 0.0 0.0 0.0 0.0 0.0 0.0 0.0 0.0 0.0 0.09924277 0.014222912 0.009337034
0.0 0.16594906 0.0 0.0 0.0 0.0 0.0 0.0 0.0 0.15749261 0.09922292 0.0 0.0 0.0 0.0 0.0 0.0 0.0 0.12841365 0.0 0.119177766 0.0 0.0 0.0 0.027985718 0.0 0.02740676 0.08138883 0.0 0.0 0.0 0.0 0.0 0.0 0.0 0.0 0.004525938 0.008325042 0.0 0.0 0.0 0.0 0.059193 0.0 0.0 0.036997642 0.0 0.0 0.013929182 0.0 0.0028839614 0.0 0.0 0.0 0.0 0.0
0.0 0.0 0.0 0.06816587 0.0 0.0 0.0 0.0 0.0 0.0 0.015713759 0.0 0.042799328 0.047198016 0.0 0.06720234 0.0 0.0 0.0 0.0 0.0 0.0 0.19753166 0.0 0.009471227 0.0 0.08020165 0.0 0.0 0.0 0.11859022 0.0 0.08417344 0.0 0.0 0.0 0.0 0.0 0.0067072273 0.0 0.0 0.0045568533 0.0 0.022520876 0.017558984 0.020045126 0.0 0.14280073 0.0 0.022320831 0.07153074 0.0032698987 0.0 0.0 0.028172852 0.0
0.0 0.01998727 0.08163986 0.0 0.0 0.042718135 0.0 0.0 0.0 0.0 0.002923704 0.04585983 0.055911757 0.000981342 0.0 0.022435345 0.0 0.0653475 0.0 0.0 0.0 0.0 0.0 0.0 0.0 0.0 0.057822965 0.0 0.0 0.0 0.0 0.13616483 0.0 0.15285109 0.0 0.0 0.0 0.0 0.0 0.0 0.0 0.0 0.016136909 0.0 0.0 0.0 0.0 0.03215807 0.22469324 0.0 0.050100457 0.0 0.0 0.0 0.0 0.0
0.027001048 0.0 0.0 0.0 0.025263328 0.0 0.0 0.0 0.0 0.0 0.0 0.032908607 0.0 0.0 0.0019522874 0.01492023 0.008819059 0.0 0.048183117 0.0 0.011959403 0.0 0.021456897 0.0 0.0 0.04603958 0.0 0.05949214 0.0 0.0 0.08417345 0.0 0.073761776 0.0 0.020081252 0.0 0.0 0.05257344 0.0 0.0 0.0 0.022350995 0.0 0.0028807758 0.02019961 0.13084015 0.0 0.03855612 0.0 0.038367607 0.035761584 0.04353089 0.0 0.0 0.02529507 0.0
0.020962466 0.0103961285 0.0 0.0 0.0 0.0 0.041600324 0.0 0.061701976 0.032935295 0.076773286 0.0027621596 0.0 0.009618815 0.16934626 0.0 0.03039822 0.076254055 0.02040256 0.07693561 0.0 0.0 0.0 0.009916195 0.0 0.0 0.019535154 0.0 0.0 0.0 0.0 0.1528511 0.0 0.0 0.005533431 0.010438334 0.032621454 0.0140812835 0.0 0.0 0.040806707 0.0 0.018165207 0.0 0.0 0.0 0.0 0.0 0.0 0.0 0.0 0.0 0.0 0.0 0.027610134 0.0
0.0 0.0 0.0 0.0 0.0 0.0 0.025986813 0.0 0.10913863 0.0 0.0 0.0 0.014372325 0.0 0.03835239 0.0 0.061041463 0.0 0.0 0.003387986 0.0042072632 0.124081485 0.0 0.028846128 0.0 0.019848714 0.0 0.025642758 0.0 0.0 0.0 0.0 0.020081252 0.005533431 0.0 0.027929973 0.0 0.017286105 0.035252124 0.124559864 0.13702697 0.0 0.046629775 0.0 0.0 0.0 0.027272454 0.0 0.0 0.0 0.0 0.0 0.0 0.094004296 0.070855185 0.0
0.0 0.19076619 0.088466704 0.0 0.0 0.0 0.0 0.023561576 0.0 0.025002081 0.022352504 0.09375766 0.0 0.0 0.0 0.0 0.0 0.052362714 0.0 0.021719322 0.0 0.0 0.0 0.0 0.0 0.0 0.0 0.0 0.0 0.0 0.0 0.0 0.0 0.010438334 0.027929973 0.0 0.019753492 0.0 0.07234362 0.0 0.0 0.020473752 0.0 0.0 0.0 0.0028477202 0.0 0.0 0.022828532 0.0 0.0 0.10330645 0.0 0.07350912 0.0 0.0
0.0 0.011374247 0.0 0.0 0.0 0.0 0.016116714 0.02379389 0.0 0.0 0.0 0.0 0.035158105 0.0113422405 0.009802842 0.0 0.072051816 0.0 0.09358825 0.019916281 0.0033668352 0.1428049 0.0 0.0014772756 0.0 0.0 0.0 0.0 0.03546094 0.0045259376 0.0 0.0 0.0 0.032621454 0.0 0.01975349 0.0 0.0 0.0 0.080493644 0.09763421 0.009318556 0.04616411 0.19868538 0.0 0.0 0.044492982 0.0 0.0 0.0 0.0 0.0 0.0 0.008579781 0.0 0.15279175
0.0 0.0 0.0 0.0 0.0 0.0 0.0 0.1132129 0.0 0.064488396 0.0 0.0372191 0.05803011 0.13083577 0.0 0.0 0.0 0.0 0.0 0.0 0.0 0.0 0.0 0.011562485 0.0 0.06255887 0.0 0.0 0.0 0.008325042 0.0 0.0 0.05257344 0.0140812835 0.017286103 0.0 0.0 0.0 0.0 0.0 0.0 0.0 0.0018497742 0.0 0.20842856 0.0 0.0 0.044733062 0.03612866 0.0 0.0 0.0 0.0 0.0 0.0 0.0
0.056404445 0.15543956 0.0 0.0 0.008650345 0.0 0.0 0.0 0.0 0.020061111 0.092013635 0.0 0.011660214 0.0 0.0 0.04156092 0.0 0.0 0.0 0.0 0.062301498 0.0 0.0 0.0 0.0 0.0 0.0 0.05631578 0.0 0.0 0.0067072273 0.0 0.0 0.0 0.03525212 0.07234362 0.0 0.0 0.0 0.01671176 0.0 0.0067504044 0.035835683 0.0 0.0 0.031493276 0.0 0.042413123 0.0 0.09227676 0.0 0.0077334186 0.0 0.019808576 0.0 0.0
0.07323337 0.0 0.0 0.0 0.0 0.0 0.0 0.26503226 0.0 0.0046358667 0.0 0.0025597222 0.0 0.03885631 0.0 0.0 0.0 0.0 0.0 0.0 0.0 0.0 0.0 0.06651202 0.0 0.0 0.0 0.0 0.12201374 0.0 0.0 0.0 0.0 0.0 0.124559864 0.0 0.080493644 0.0 0.016711758 0.0 0.0064118877 0.0 0.0 0.0 0.049487177 0.0 0.0121047385 0.020463753 0.0 0.0 0.0 0.041598197 0.16384964 0.0 0.0 0.0
0.11630873 0.0 0.0 0.0 0.0 0.0 0.015436531 0.044873245 0.0 0.0 0.0 0.0 0.0 0.0 0.0 0.0 0.0072212075 0.0 0.0 0.0 0.0 0.025697066 0.0 0.082025714 0.0 0.0 0.0 0.0 0.15690884 0.0 0.0 0.0 0.0 0.040806707 0.13702698 0.0 0.097634204 0.0 0.0 0.006411888 0.0 0.021725858 0.0 0.0 0.011913681 0.0 0.007819996 0.0 0.0 0.0 0.0 0.020979594 0.020382136 0.05932147 0.070676856 0.030623047
0.029465225 0.0 0.0 0.0 0.0 0.0 0.0 0.02711938 0.039351445 0.0 0.065321445 0.0 0.0 0.0 0.057352167 0.0059337965 0.007054114 0.16234407 0.0 0.13024214 0.0 0.0 0.0 0.043056685 0.0 0.0 0.10221469 0.041569665 0.0 0.0 0.004556853 0.0 0.022350997 0.0 0.0 0.02047375 0.009318556 0.0 0.0067504044 0.0 0.021725858 0.0 0.0 0.0 0.020984791 0.03187647 0.0 0.0 0.0 0.0 0.05042653 0.05876912 0.0 0.0 0.0668635 0.0
0.0 0.0 0.0 0.0 0.0 0.0 0.0 0.024119338 0.0 0.06493406 0.0 0.0 0.0 0.0 0.05237696 0.06347289 0.02028974 0.059044495 0.0 0.0 0.0 0.022019394 0.0 0.12304049 0.015809046 0.0 0.0 0.0 0.09908165 0.059193 0.0 0.016136909 0.0 0.018165207 0.046629775 0.0 0.046164114 0.001849774 0.03583568 0.0 0.0 0.0 0.0 0.022305598 0.05674327 0.06430711 0.034922935 0.036792323 0.0 0.0 0.0 0.01520667 0.0 0.0 0.0 0.0
0.1185045 0.0 0.020540822 0.0 0.0 0.040176146 0.0 0.0 0.0 0.019277139 0.016969776 0.0 0.0 0.0 0.0 0.07031666 0.0 0.0 0.005309803 0.13555367 0.043761965 0.0 0.0 0.0 0.0 0.0 0.0 0.042650912 0.0 0.0 0.022520876 0.0 0.0028807758 0.0 0.0 0.0 0.19868538 0.0 0.0 0.0 0.0 0.0 0.022305598 0.0 0.0 0.004053259 0.0 0.0 0.0 0.023849623 0.034949657 0.036516212 0.0 0.0 0.024116488 0.0
0.0 0.013599598 0.0 0.0 0.042936247 0.009157537 0.0 0.0 0.18224981 0.06629324 0.0 0.0 0.0068923244 0.0 0.058855165 0.0 0.0062561603 0.02378452 0.03558418 0.009807318 0.0070374175 0.0 0.0 0.0 0.0 0.078843854 0.0 0.0 0.0 0.0 0.017558984 0.0 0.02019961 0.0 0.0 0.0 0.0 0.20842858 0.0 0.049487174 0.011913681 0.020984791 0.05674327 0.0 0.0 0.0038516491 0.06572831 0.009721523 0.0 0.0 0.0 0.0 0.0 0.03577746 0.0 0.070720695
0.0 0.005610675 0.0 0.0 0.0 0.06116792 0.0 0.0 0.011094992 0.05755558 0.021936547 0.059416544 0.0048845997 0.0 0.01693835 0.0 0.0014450185 0.023562249 0.04119552 0.0 0.07703974 0.0 0.0 0.036469422 0.08312959 0.0 0.0 0.011222581 0.0 0.036997642 0.020045126 0.0 0.13084014 0.0 0.0 0.0028477204 0.0 0.0 0.031493276 0.0 0.0 0.03187647 0.0643071 0.004053259 0.0038516491 0.0 0.037509825 0.035217892 0.07785995 0.04544324 0.0 0.013029053 0.0 0.0 0.0 0.0
0.0117434915 0.0062258933 0.0 0.0 0.0 0.0 0.0 0.024360437 0.0 0.0 0.09376588 0.0 0.0 0.02317659 0.0 0.07626263 0.0 0.0 0.003809727 0.03336892 0.0 0.0 0.0 0.01934464 0.0 0.0 0.091256455 0.0 0.0 0.0 0.0 0.0 0.0 0.0 0.027272454 0.0 0.044492986 0.0 0.0 0.0121047385 0.007819996 0.0 0.034922935 0.0 0.0657283 0.037509825 0.0 0.041886628 0.032299165 0.0 0.00179177 0.042969216 0.0 0.0 0.07252226 0.0
0.007749044 0.0 0.037013937 0.009168942 0.025158372 0.14729841 0.0351977 0.0 0.025170801 0.0 0.009663448 0.0 0.0 0.0 0.0 0.0 0.040760785 0.025883883 0.0 0.0 0.1008269 0.10331781 0.0 0.0 0.0 0.0 0.0 0.0 0.0 0.0 0.14280073 0.032158073 0.03855612 0.0 0.0 0.0 0.0 0.044733066 0.042413127 0.020463753 0.0 0.0 0.036792323 0.0 0.009721523 0.035217892 0.041886628 0.004310416 0.0 0.015670022 0.0 0.0 0.007809779 0.0 0.0 0.0
0.0 0.0 0.014715325 0.0 0.015274321 0.0 0.0 0.0 0.06601586 0.0 0.1501385 0.0 0.0 0.09230482 0.0 0.027819948 0.0 0.0672278 0.0 0.0 0.0 0.0 0.0 0.0 0.025142206 0.0014020057 0.0034589684 0.014528779 0.0 0.013929182 0.0 0.22469324 0.0 0.0 0.0 0.022828532 0.0 0.03612866 0.0 0.0 0.0 0.0 0.0 0.0 0.0 0.07785995 0.032299165 0.0 0.0 0.049833484 0.013485285 0.0 0.0 0.0 0.0 0.0
0.0 0.064368114 0.0 0.0 0.0 0.0 0.0 0.0 0.0 0.0 0.0 0.0 0.0 0.0 0.0 0.12477707 0.12309334 0.0 0.0 0.0 0.13898978 0.0 0.0 0.0 0.0 0.0 0.0 0.1251674 0.0 0.0 0.02232083 0.0 0.038367607 0.0 0.0 0.0 0.0 0.0 0.09227675 0.0 0.0 0.0 0.0 0.023849625 0.0 0.04544324 0.0 0.015670022 0.049833484 0.0 0.0 0.0 0.011045566 0.0 0.013286492 0.0
0.0 0.0 0.0 0.14161748 0.2615222 0.0 0.0 0.0 0.02238756 0.0 0.0 0.03396129 0.025238857 0.15996672 0.0 0.0 0.0 0.0 0.0 0.0 0.0 0.0 0.03183242 0.0073755076 0.0 0.20399867 0.0 0.0 0.0 0.0028839614 0.07153074 0.050100457 0.035761584 0.0 0.0 0.0 0.0 0.0 0.0 0.0 0.0 0.05042653 0.0 0.034949657 0.0 0.0 0.0017917701 0.0 0.0134852845 0.0 0.0 0.0 0.0049587744 0.0 0.0 0.0015185947
0.0 0.018229343 0.052069075 0.0 0.0 0.0 0.037162606 0.015354639 0.009638758 0.0 0.0 0.09994717 0.014262138 0.026668603 0.032327984 0.0 0.094325714 0.0031584026 0.055616494 0.0 0.0 0.0072929948 0.0 0.0 0.07284228 0.016027771 0.0 0.0 0.0 0.0 0.0032698987 0.0 0.04353089 0.0 0.0 0.10330644 0.0 0.0 0.0077334186 0.041598197 0.020979594 0.058769118 0.015206669 0.036516212 0.0 0.013029053 0.042969216 0.0 0.0 0.0 0.0 0.0 0.15559018 0.06882168 0.0 0.0
0.0 0.045465194 0.07108379 0.0 0.0 0.0 0.0 0.0 0.0 0.0 0.007811243 0.0 0.0 0.0 0.0 0.12136535 0.01537959 0.0 0.0 0.013284289 0.0 0.0 0.0 0.0 0.0 0.0 0.0 0.070052564 0.0 0.0 0.0 0.0 0.0 0.0 0.0 0.0 0.0 0.0 0.0 0.16384964 0.020382136 0.0 0.0 0.0 0.0 0.0 0.0 0.007809779 0.0 0.011045566 0.0049587744 0.15559018 0.0 0.0 0.121580206 0.0
0.13463022 0.0 0.0 0.0 0.0 0.0 0.014451686 0.039640702 0.0 0.0 0.007951638 0.0 0.0 0.0 0.0 0.0 0.0 0.0 0.0 0.0 0.0 0.0 0.0 0.08727025 0.0 0.0 0.0003182664 0.001355007 0.09924277 0.0 0.0 0.0 0.0 0.0 0.094004296 0.07350912 0.008579781 0.0 0.019808576 0.0 0.05932147 0.0 0.0 0.0 0.03577746 0.0 0.0 0.0 0.0 0.0 0.0 0.06882168 0.0 0.026077403 0.02261758 0.13804238
0.0 0.0 0.04317686 0.008403354 0.0 0.0 0.14256075 0.0017888793 0.10375839 0.0 0.0 0.0 0.06832028 0.029633822 0.0 0.0 0.0 0.0 0.0069384417 0.0 0.011758109 0.06557276 0.00032742348 0.068223774 0.00233234 0.00067030714 0.0 0.0 0.014222911 0.0 0.028172852 0.0 0.02529507 0.027610134 0.07085518 0.0 0.0 0.0 0.0 0.0 0.070676856 0.06686349 0.0 0.024116488 0.0 0.0 0.07252226 0.0 0.0 0.013286492 0.0 0.0 0.12158021 0.022617579 0.0 0.16618668
0.07783836 0.0 0.0 0.0 0.0 0.0 0.0 0.049114954 0.0 0.0035739602 0.007552912 0.0 0.0 0.0 0.024656802 0.022691395 0.0 0.0 0.0 0.15358162 0.0 0.0 0.0 0.03776427 0.0 0.0 0.0 0.06524234 0.009337034 0.0 0.0 0.0 0.0 0.0 0.0 0.0 0.15279175 0.0 0.0 0.0 0.030623045 0.0 0.0 0.0 0.0707207 0.0 0.0 0.0 0.0 0.0 0.0015185947 0.0 0.0 0.13804238 0.16618668 0.0
