0.02691523 0.07426227 0.0 0.0 0.0 0.0 0.0 0.0 0.15709184 0.027410941 0.026480895 0.0 0.0 0.10178035 0.033115402 0.0 0.0 0.0 0.0 0.048008565 0.0 0.0 0.0 0.20103917 0.0 0.0 0.0 0.010001689 0.0 0.0 0.0 0.0 0.0 0.0 0.036424164 0.032360326 0.0 0.0799207 0.045805067 0.0 0.0 0.0 0.0 0.087202735 0.0 0.0 0.0 0.0 0.0 0.0 0.005931528 0.14659123 0.0 0.0 0.0 0.0
0.07426227 0.0 0.014890792 0.0 0.0 0.047321633 0.0 0.0 0.0 0.0 0.013328881 0.0 0.0 0.0 0.028899232 0.013604982 0.010210846 0.11051968 0.0 0.0 0.0 0.0 0.0046670097 0.0 0.024978383 0.0 0.043365937 0.0 0.0 0.076069154 0.0 0.0 0.020086842 0.0 0.0 0.02762752 0.0135449255 0.0 0.10565787 0.0 0.0 0.0 0.0 0.0 0.14964163 0.0 0.0 0.0820453 0.009141383 0.031858873 0.0 0.0 0.1629005 0.0 0.0 0.0
0.0 0.014890792 0.0 0.0 0.0 0.0 0.0 0.019324424 0.0 0.0 0.0 0.028914979 0.015178377 0.03199264 0.078257464 0.0 0.0 0.0 0.04366481 0.005528701 0.0 0.08218718 0.0 0.0 0.009812674 0.045899093 0.10526153 0.036756337 0.0 0.020938264 0.0 0.0 0.0 0.0 0.0 0.0 0.0 0.050640214 0.0 0.18426384 0.0 0.0 0.0 0.0 0.0 0.0 0.0 0.011625749 0.0 0.009224899 0.0 0.0 0.0 0.0 0.0 0.08513042
0.0 0.0 0.0 0.0 0.005492102 0.0 0.0 0.0 0.0 0.0 0.06953398 0.0 0.284859 0.0 0.016580325 0.0 0.016656086 0.022232318 0.1589945 0.0 0.0 0.0 0.0 0.0 0.0 0.0 0.002383477 0.0 0.0 0.0 0.0 0.06875325 0.0 0.0 0.0 0.023223737 0.0 0.0 0.0 0.054409243 0.0 0.0063846726 0.023040945 0.0 0.0 0.0 0.0 0.011236744 0.0 0.0 0.0 0.0 0.03992098 0.0 0.10340212 0.0
0.0 0.0 0.0 0.005492102 0.0 0.0859398 0.0 0.0 0.0 0.023718877 0.16742598 0.0 0.018897368 0.0 0.0 0.06828349 0.0 0.0 0.0 0.0 0.0 0.0 0.14502256 0.0 0.0 0.037766073 0.034036156 0.037645176 0.0 0.0 0.025082834 0.0 0.0 0.0 0.0 0.0 0.023058454 0.0 0.0 0.034136783 0.0 0.0 0.0012689142 0.0 0.0 0.0 0.0 0.026605528 0.0750981 0.0 0.11225859 0.0 0.0 0.0 0.08331138 0.0
0.0 0.047321633 0.0 0.0 0.085939795 0.0 0.0 0.0 0.035411548 0.0 0.0 0.05922792 0.0 0.0 0.07925651 0.0 0.0 0.011141598 0.0 0.0 0.0 0.0 0.0 0.0 0.08457337 0.0 0.010364661 0.0 0.097340725 0.023584792 0.0 0.04383372 0.0 0.0 0.0 0.0 0.0 0.0 0.0 0.093953654 0.0 0.051455587 0.104255326 0.0 0.0 0.0 0.04267596 0.0 0.17177887 0.02061397 0.0 0.0 0.010821482 0.0 0.0 0.0
0.0 0.0 0.0 0.0 0.0 0.0 0.0 0.0 0.014201704 0.0 0.0 0.0 0.0 0.0 0.0 0.0 0.0 0.0 0.0 0.0 0.0 0.0 0.0 0.0 0.0 0.0818213 0.053176783 0.0 0.0 0.0 0.0 0.25905642 0.0 0.0 0.0 0.0 0.0 0.028267609 0.0 0.09044589 0.010299974 0.0 0.13521439 0.0 0.016844027 0.0 0.08256611 0.0 0.0 0.0 0.0 0.059412904 0.0 0.0 0.0 0.0
0.0 0.0 0.019324424 0.0 0.0 0.0 0.0 0.0 0.010197204 0.021422582 0.0 0.0 0.0 0.0 0.0 0.0 0.023288643 0.0 0.0 0.073722005 0.030096855 0.14562747 0.0 0.0 0.030800829 0.0 0.030088603 0.052333973 0.109900974 0.06457847 0.06614246 0.0 0.0 0.08410153 0.0 0.0 0.0 0.0 0.0033424578 0.0 0.03808807 0.037391156 0.0 0.06085347 0.0 0.0 0.0 0.0 0.0 0.0 0.0 0.0 0.0 0.0 0.0 0.31063163
0.15709184 0.0 0.0 0.0 0.0 0.035411548 0.014201704 0.010197204 0.0 0.17783879 0.0 0.0 0.0 0.0 0.0 0.0 0.04649725 0.0 0.0 0.0 0.0 0.006711662 0.0 0.0 0.0 0.0 0.0 0.0 0.0 0.0 0.0 0.0 0.0030640152 0.0 0.31757632 0.0 0.06524606 0.0 0.0 0.0 0.0 0.0 0.0 0.0 0.095374584 0.0 0.0 0.016611394 0.0 0.0 0.013808144 0.012508021 0.05439245 0.0 0.0 0.0
0.027410943 0.0 0.0 0.0 0.023718879 0.0 0.0 0.021422584 0.17783879 0.0 0.0 0.0 0.030636713 0.24021076 0.011693353 0.0 0.0 0.0 0.0 0.019249918 0.0 0.0 0.0 0.07352628 0.0 0.0 0.0113502 0.0 0.018278152 0.0 0.0 0.0 0.0 0.0 0.0 0.0 0.0 0.03327103 0.021152489 0.0 0.0 0.0 0.0 0.014802051 0.0 0.0 0.0 0.0 0.0 0.0 0.100426525 0.08314662 0.0 0.017067352 0.0 0.0
0.026480895 0.013328881 0.0 0.06953399 0.16742596 0.0 0.0 0.0 0.0 0.0 0.032448776 0.0 0.032626346 0.0 0.0 0.0 0.0 0.12700263 0.0 0.0 0.038144905 0.0 0.0 0.016939525 0.0 0.0 0.0 0.0 0.018422619 0.02282234 0.012204372 0.12280255 0.0 0.009039237 0.0 0.14249007 0.0 0.0 0.0 0.07118411 0.0 0.045219433 0.005940176 0.0 0.0 0.0 0.0 0.0 0.0 0.015970541 0.0 0.0 0.0 0.0 0.0 0.0
0.0 0.0 0.028914979 0.0 0.0 0.059227917 0.0 0.0 0.0 0.0 0.0 0.07661463 0.0 0.0 0.00094648934 0.09530534 0.0 0.0 0.029431613 0.00622864 0.0 0.0 0.0 0.0 0.022755407 0.05117525 0.0 0.0 0.045397103 0.0 0.0029820625 0.06601537 0.0 0.045171138 0.0 0.0 0.0 0.020672679 0.0 0.0 0.078711525 0.0 0.0 0.0 0.0 0.0 0.006414292 0.0 0.13152535 0.0 0.0 0.011578051 0.024712866 0.034987025 0.0 0.11733937
0.0 0.0 0.015178377 0.284859 0.018897368 0.0 0.0 0.0 0.0 0.030636711 0.032626342 0.0 0.0 0.0 0.03404604 0.0 0.0 0.006175431 0.08737746 0.0 0.014230169 0.051092915 0.0 0.022986462 0.0 0.0 0.0 0.0 0.0 0.0 0.03389829 0.13993847 0.10234082 0.0 0.0 0.0 0.0 0.0 0.07727156 0.0 0.0 0.0 0.0 0.0 0.0 0.0 0.0 0.083481096 0.1455136 0.0 0.0 0.0 0.0 0.0 0.0 0.0
0.10178035 0.0 0.031992644 0.0 0.0 0.0 0.0 0.0 0.0 0.24021076 0.0 0.0 0.0 0.0 0.0022989272 0.0 0.0 0.0 0.0 0.036147542 0.0 0.0 0.0 0.031896487 0.0 0.0 0.0 0.0 0.0 0.0 0.0 0.0 0.0173966 0.0 0.13438582 0.0 0.1921389 0.0 0.019812359 0.0 0.075974576 0.009477722 0.0 0.0 0.063255265 0.039785586 0.0 0.0 0.0 0.0 0.012411263 0.01005011 0.0 0.0 0.011643706 0.0
0.0331154 0.028899232 0.07825747 0.016580325 0.0 0.07925651 0.0 0.0 0.0 0.011693353 0.0 0.00094648934 0.03404604 0.0022989272 0.054044135 0.2143509 0.118076384 0.0 0.0 0.0 0.0 0.0 0.0 0.0 0.07201518 0.0 0.028685555 0.0 0.0 0.12633838 0.027732886 0.0 0.0 0.0 0.0 0.0051766788 0.0 0.02662164 0.035658464 0.033174876 0.0 0.0 0.0 0.0 0.0 0.0 0.0051738042 0.0 0.0 0.0 0.0 0.0 0.0 0.0 0.0 0.007212786
0.0 0.013604981 0.0 0.0 0.06828349 0.0 0.0 0.0 0.0 0.0 0.0 0.09530534 0.0 0.0 0.2143509 0.0 0.0 0.028311415 0.0 0.0 0.0 0.0 0.0 0.0 0.030238641 0.0 0.0 0.0 0.0 0.0668383 0.0 0.0221965 0.035226647 0.0 0.0 0.07297561 0.019940937 0.0 0.031370386 0.0 0.0 0.0 0.046954315 0.0 0.0 0.0 0.061770197 0.0 0.004422771 0.03955576 0.0 0.03507991 0.0 0.0 0.0074810567 0.0
0.0 0.010210846 0.0 0.016656086 0.0 0.0 0.0 0.023288643 0.046497248 0.0 0.0 0.0 0.0 0.0 0.11807638 0.0 0.10995117 0.0 0.17395517 0.0 0.0 0.0 0.0 0.0 0.08131623 0.0 0.0 0.0 0.0 0.0 0.0 0.062089704 0.0 0.019850418 0.0 0.0 0.0 0.0 0.0 0.0 0.02494153 0.0 0.0 0.0 0.0 0.053961657 0.044915892 0.0 0.0 0.0 0.0 0.0 0.053699963 0.0 0.0 0.0
0.0 0.110519685 0.0 0.022232318 0.0 0.011141598 0.0 0.0 0.0 0.0 0.12700263 0.0 0.006175431 0.0 0.0 0.028311415 0.0 0.0 0.0 0.0 0.0 0.0 0.07036537 0.0 0.0 0.0 0.11123439 0.0 0.0 0.0 0.03270914 0.0 0.0 0.0 0.0 0.0 0.0 0.091726705 0.1229144 0.0 0.0 0.0 0.0 0.0 0.0 0.0 0.0 0.0 0.0 0.0 0.07245236 0.0 0.0 0.0 0.035110552 0.0
0.0 0.0 0.043664813 0.1589945 0.0 0.0 0.0 0.0 0.0 0.0 0.0 0.029431615 0.08737746 0.0 0.0 0.0 0.17395516 0.0 0.0 0.0 0.0 0.0 0.02832284 0.0 0.0 0.013162301 0.023962505 0.003138898 0.0 0.0031900534 0.0 0.0 0.0 0.0 0.0 0.0 0.0 0.0 0.0 0.07548498 0.0 0.0 0.017726853 0.0 0.0 0.0 0.0 0.021372585 0.03978803 0.02536089 0.0 0.0 0.0 0.0 0.10210499 0.0
0.048008565 0.0 0.005528701 0.0 0.0 0.0 0.0 0.073722005 0.0 0.01924992 0.0 0.00622864 0.0 0.036147542 0.0 0.0 0.0 0.0 0.0 0.0 0.0 0.0 0.025251586 0.0 0.0 0.072548725 0.0075034606 0.0071784076 0.0 0.0 0.0 0.0 0.0 0.0 0.03168894 0.007008497 0.0 0.0 0.00784024 0.0 0.027541915 0.0 0.0 0.056450114 0.15660232 0.010201401 0.012520763 0.0 0.0 0.0 0.017393019 0.0 0.0 0.07893175 0.09927388 0.0
0.0 0.0 0.0 0.0 0.0 0.0 0.0 0.030096855 0.0 0.0 0.038144905 0.0 0.014230169 0.0 0.0 0.0 0.0 0.0 0.0 0.0 0.0 0.0 0.2341699 0.06282938 0.0 0.082376145 0.0 0.0 0.0 0.0 0.0 0.0 0.053093866 0.0 0.055619624 0.0 0.0 0.0 0.0 0.0 0.0 0.0 0.0 0.0 0.0037060357 0.0 0.0 0.0 0.0 0.025600651 0.115012296 0.0 0.007795061 0.04837836 0.06295529 0.0
0.0 0.0 0.08218718 0.0 0.0 0.0 0.0 0.14562747 0.006711662 0.0 0.0 0.0 0.051092915 0.0 0.0 0.0 0.0 0.0 0.0 0.0 0.0 0.0 0.0 0.0 0.0 0.06405785 0.0068981317 0.012715059 0.12501599 0.0 0.0 0.0 0.0 0.02096535 0.0 0.0 0.0 0.0 0.0 0.12221977 0.039137986 0.0 0.005915688 0.026271826 0.0 0.0 0.019800315 0.0 0.0 0.0 0.0 0.0 0.0 0.03504675 0.0 0.0
0.0 0.0046670097 0.0 0.0 0.14502256 0.0 0.0 0.0 0.0 0.0 0.0 0.0 0.0 0.0 0.0 0.0 0.0 0.07036537 0.02832284 0.025251586 0.2341699 0.0 0.0 0.0 0.018255556 0.0 0.0 0.0 0.0 0.0 0.055552345 0.0 0.0 0.04004791 0.0 0.105806164 0.0 0.0 0.0 0.02274883 0.08602533 0.076826 0.053065747 0.07282002 0.0 0.03397152 0.0 0.0 0.0 0.0 0.0 0.0 0.0 0.17287299 0.009840927 0.0
0.20103917 0.0 0.0 0.0 0.0 0.0 0.0 0.0 0.0 0.07352628 0.016939525 0.0 0.022986462 0.031896487 0.0 0.0 0.0 0.0 0.0 0.0 0.06282938 0.0 0.0 0.0 0.09650404 0.033051282 0.0 0.0 0.0 0.05728693 0.021129351 0.0 0.0 0.043772247 0.0 0.0068443045 0.0 0.0 0.0 0.0 0.11132537 0.008011453 0.0 0.062559195 0.018511698 0.0 0.0 0.0 0.0 0.0 0.0 0.0027171401 0.0 0.0 0.0 0.08747746
0.0 0.024978383 0.009812674 0.0 0.0 0.08457337 0.0 0.030800829 0.0 0.0 0.0 0.022755407 0.0 0.0 0.07201518 0.030238643 0.08131623 0.0 0.0 0.0 0.0 0.0 0.018255558 0.09650405 0.0 0.024941955 0.029361883 0.0 0.0 0.010851445 0.0 0.0 0.022790639 0.04265026 0.02275177 0.0 0.093901105 0.0 0.0 0.0 0.0 0.0 0.0 0.0 0.119664304 0.047971476 0.0 0.027597515 0.0062124818 0.030385457 0.07239522 0.0058498415 0.0 0.0 0.0 0.0
0.0 0.0 0.045899093 0.0 0.037766073 0.0 0.0818213 0.0 0.0 0.0 0.0 0.05117525 0.0 0.0 0.0 0.0 0.0 0.0 0.013162301 0.072548725 0.082376145 0.06405785 0.0 0.033051282 0.024941955 0.0 0.0 0.0 0.0656278 0.0 0.071800105 0.0 0.13083269 0.006665234 0.019430578 0.049242165 0.0073521123 0.04300355 0.03222626 0.0 0.0 0.0 0.0 0.0 0.0 0.1670752 0.0 0.0 0.0 0.0 0.0 0.086628646 0.041501556 0.0 0.0 0.0
0.0 0.04336594 0.10526152 0.002383477 0.034036156 0.010364662 0.053176783 0.030088603 0.0 0.0113502 0.0 0.0 0.0 0.0 0.028685557 0.0 0.0 0.11123438 0.023962503 0.0075034606 0.0 0.006898132 0.0 0.0 0.029361883 0.0 0.0 0.0 0.04102486 0.0 0.0 0.0 0.0 0.03828015 0.0 0.029042328 0.0 0.0 0.0 0.0 0.036770962 0.15302072 0.08745661 0.067908585 0.0 0.06526037 0.046737332 0.0 0.0 0.0 0.0 0.0 0.043702334 0.054614928 0.0 0.0
0.010001688 0.0 0.036756337 0.0 0.037645176 0.0 0.0 0.052333973 0.0 0.0 0.0 0.0 0.0 0.0 0.0 0.0 0.0 0.0 0.003138898 0.0071784076 0.0 0.012715059 0.0 0.0 0.0 0.0 0.0 0.0 0.14567812 0.0 0.00549129 0.0 0.0755835 0.0 0.0 0.004969011 0.098239504 0.0 0.0 0.0 0.0 0.14554371 0.036629464 0.0 0.0 0.07435 0.030083962 0.0 0.0 0.0 0.0 0.032277282 0.0021188841 0.057353113 0.028665794 0.017124593
0.0 0.0 0.0 0.0 0.0 0.097340725 0.0 0.10990097 0.0 0.018278152 0.01842262 0.0453971 0.0 0.0 0.0 0.0 0.0 0.0 0.0 0.0 0.0 0.12501599 0.0 0.0 0.0 0.0656278 0.04102486 0.14567812 0.0 0.0 0.0 0.0 0.0 0.0 0.0 0.0 0.0 0.007901907 0.048925046 0.015699346 0.0 0.0 0.0 0.0 0.16114455 0.0 0.0 0.0 0.0 0.0 0.0 0.0 0.0 0.0 0.0 0.01306245
0.0 0.076069154 0.020938262 0.0 0.0 0.023584792 0.0 0.06457847 0.0 0.0 0.02282234 0.0 0.0 0.0 0.12633838 0.0668383 0.0 0.0 0.0031900532 0.0 0.0 0.0 0.0 0.05728693 0.010851445 0.0 0.0 0.0 0.0 0.0 0.0 0.0 0.0 0.025606096 0.047494996 0.0 0.0 0.19375932 0.0 0.0 0.0 0.0 0.0 0.0 0.0 0.018388605 0.0 0.013807242 0.0 0.0 0.0 0.0 0.0 0.0 0.0 0.0
0.0 0.0 0.0 0.0 0.025082834 0.0 0.0 0.06614246 0.0 0.0 0.012204371 0.0029820625 0.03389829 0.0 0.027732886 0.0 0.0 0.03270914 0.0 0.0 0.0 0.0 0.05555234 0.021129351 0.0 0.071800105 0.0 0.00549129 0.0 0.0 0.0 0.0 0.0 0.0 0.006119065 0.056078088 0.06715534 0.0 0.0 0.0 0.019612804 0.0 0.0 0.0 0.0 0.0 0.0 0.06863581 0.0 0.018840421 0.0522962 0.0025335695 0.0322429 0.0 0.20605165 0.0
0.0 0.0 0.0 0.06875324 0.0 0.043833725 0.25905642 0.0 0.0 0.0 0.12280254 0.06601537 0.13993847 0.0 0.0 0.0221965 0.062089704 0.0 0.0 0.0 0.0 0.0 0.0 0.0 0.0 0.0 0.0 0.0 0.0 0.0 0.0 0.0 0.0 0.0721241 0.0 0.0 0.0 0.0 0.0 0.09033217 0.0 0.0 0.033995222 0.0 0.0 0.0 0.0 0.0 0.040589668 0.0 0.0 0.0 0.041335095 0.0 0.0 0.0
0.0 0.020086842 0.0 0.0 0.0 0.0 0.0 0.0 0.0030640154 0.0 0.0 0.0 0.10234081 0.0173966 0.0 0.035226643 0.0 0.0 0.0 0.0 0.053093866 0.0 0.0 0.0 0.022790639 0.1308327 0.0 0.0755835 0.0 0.0 0.0 0.0 0.0 0.05749761 0.0 0.0 0.0 0.03777577 0.0 0.01769715 0.023419356 0.0 0.031454477 0.083111994 0.0 0.0 0.0 0.0 0.0 0.047337435 0.058488175 0.039980225 0.0 0.16674523 0.027845878 0.0
0.0 0.0 0.0 0.0 0.0 0.0 0.0 0.084101535 0.0 0.0 0.009039237 0.045171138 0.0 0.0 0.0 0.0 0.019850418 0.0 0.0 0.0 0.0 0.02096535 0.04004791 0.043772247 0.04265026 0.006665234 0.03828015 0.0 0.0 0.025606096 0.0 0.072124094 0.05749761 0.0 0.019604588 0.0 0.0 0.012806974 0.07277847 0.039215483 0.0 0.0 0.0 0.0 0.06595453 0.0 0.0 0.053046416 0.036384366 0.0 0.0 0.0 0.10977621 0.0 0.0 0.0
0.036424164 0.0 0.0 0.0 0.0 0.0 0.0 0.0 0.31757632 0.0 0.0 0.0 0.0 0.13438584 0.0 0.0 0.0 0.0 0.0 0.031688936 0.055619627 0.0 0.0 0.0 0.02275177 0.019430578 0.0 0.0 0.0 0.047494993 0.006119065 0.0 0.0 0.019604586 0.015551197 0.16403039 0.0 0.12916577 0.0 0.0 0.0 0.0 0.0 0.0 0.0 0.0 0.0 0.0 0.0 0.0 0.0 0.03071641 0.0 0.0 0.0 0.0
0.032360326 0.02762752 0.0 0.023223737 0.0 0.0 0.0 0.0 0.0 0.0 0.14249009 0.0 0.0 0.0 0.0051766788 0.07297561 0.0 0.0 0.0 0.007008497 0.0 0.0 0.105806164 0.006844305 0.0 0.04924217 0.029042326 0.004969011 0.0 0.0 0.056078088 0.0 0.0 0.0 0.16403039 0.053012777 0.016957143 0.0 0.0 0.02168206 0.0 0.0 0.0 0.0 0.0 0.0 0.0 0.024605375 0.0 0.0 0.091081254 0.005230526 0.0 0.0 0.010134088 0.0
0.0 0.0135449255 0.0 0.0 0.023058452 0.0 0.0 0.0 0.06524606 0.0 0.0 0.0 0.0 0.1921389 0.0 0.019940939 0.0 0.0 0.0 0.0 0.0 0.0 0.0 0.0 0.093901105 0.007352113 0.0 0.09823951 0.0 0.0 0.067155346 0.0 0.0 0.0 0.0 0.016957143 0.0 0.05431917 0.0 0.122784026 0.0 0.0 0.0 0.09340884 0.0 0.029506205 0.0 0.0 0.0 0.0 0.0 0.0 0.0 0.0 0.07871642 0.0
0.0799207 0.0 0.05064021 0.0 0.0 0.0 0.028267609 0.0 0.0 0.03327103 0.0 0.020672679 0.0 0.0 0.026621642 0.0 0.0 0.091726705 0.0 0.0 0.0 0.0 0.0 0.0 0.0 0.043003548 0.0 0.0 0.007901907 0.19375932 0.0 0.0 0.037775774 0.012806974 0.12916577 0.0 0.05431917 0.0 0.0031341303 0.0 0.0 0.0 0.0 0.0 0.0 0.0 0.0 0.0 0.0 0.10332011 0.0 0.06098064 0.0 0.0 0.0023088937 0.0
0.045805067 0.10565786 0.0 0.0 0.0 0.0 0.0 0.0033424578 0.0 0.021152489 0.0 0.0 0.07727155 0.019812357 0.035658464 0.031370386 0.0 0.1229144 0.0 0.00784024 0.0 0.0 0.0 0.0 0.0 0.032226264 0.0 0.0 0.048925046 0.0 0.0 0.0 0.0 0.07277847 0.0 0.0 0.0 0.0031341303 0.0 0.005088923 0.021160608 0.03280245 0.03202061 0.08592234 0.0 0.0 0.0 0.0 0.03260122 0.0 0.0 0.0 0.0 0.041152313 0.034527827 0.009966425
0.0 0.0 0.18426384 0.054409243 0.034136783 0.093953654 0.09044589 0.0 0.0 0.0 0.071184106 0.0 0.0 0.0 0.033174876 0.0 0.0 0.0 0.07548498 0.0 0.0 0.12221977 0.02274883 0.0 0.0 0.0 0.0 0.0 0.015699344 0.0 0.0 0.09033217 0.01769715 0.03921548 0.0 0.02168206 0.122784026 0.0 0.0050889235 0.0 0.0 0.0 0.0 0.0 0.006366988 0.065876864 0.05445787 0.0 0.03979276 0.0 0.0 0.0020604827 0.10659237 0.0 0.0 0.0
0.0 0.0 0.0 0.0 0.0 0.0 0.010299974 0.038088072 0.0 0.0 0.0 0.078711525 0.0 0.07597458 0.0 0.0 0.024941532 0.0 0.0 0.027541917 0.0 0.039137986 0.08602533 0.111325376 0.0 0.0 0.036770962 0.0 0.0 0.0 0.019612802 0.0 0.023419356 0.0 0.0 0.0 0.0 0.0 0.021160606 0.0 0.29284802 0.0 0.0 0.0 0.0 0.0 0.0 0.0 0.0 0.0 0.0 0.0901942 0.0 0.0 0.0 0.015719594
0.0 0.0 0.0 0.0063846726 0.0 0.051455587 0.0 0.037391156 0.0 0.0 0.04521943 0.0 0.0 0.0094777215 0.0 0.0 0.0 0.0 0.0 0.0 0.0 0.0 0.076826 0.008011454 0.0 0.0 0.15302072 0.1455437 0.0 0.0 0.0 0.0 0.0 0.0 0.0 0.0 0.0 0.0 0.03280245 0.0 0.0 0.0 0.0 0.0 0.0 0.0 0.0 0.08115125 0.0 0.0 0.1215948 0.16209072 0.0 0.0 0.0 0.0
0.0 0.0 0.0 0.023040945 0.0012689142 0.104255326 0.13521439 0.0 0.0 0.0 0.005940176 0.0 0.0 0.0 0.0 0.046954315 0.0 0.0 0.017726853 0.0 0.0 0.005915688 0.053065747 0.0 0.0 0.0 0.0874566 0.036629464 0.0 0.0 0.0 0.03399522 0.031454477 0.0 0.0 0.0 0.0 0.0 0.03202061 0.0 0.0 0.0 0.0 0.0 0.0 0.0 0.0 0.18804824 0.0 0.0 0.03964468 0.0 0.0 0.0 0.06888445 0.0
0.087202735 0.0 0.0 0.0 0.0 0.0 0.0 0.060853474 0.0 0.01480205 0.0 0.0 0.0 0.0 0.0 0.0 0.0 0.0 0.0 0.056450117 0.0 0.026271826 0.07282002 0.062559195 0.0 0.0 0.06790859 0.0 0.0 0.0 0.0 0.0 0.083111994 0.0 0.0 0.0 0.09340884 0.0 0.08592234 0.0 0.0 0.0 0.0 0.0 0.07750558 0.0 0.01808128 0.0 0.0 0.0 0.11267605 0.009818997 0.0 0.0 0.032421056 0.0
0.0 0.14964163 0.0 0.0 0.0 0.0 0.016844027 0.0 0.09537458 0.0 0.0 0.0 0.0 0.063255265 0.0 0.0 0.0 0.0 0.0 0.15660234 0.0037060357 0.0 0.0 0.018511696 0.11966431 0.0 0.0 0.0 0.16114457 0.0 0.0 0.0 0.0 0.06595453 0.0 0.0 0.0 0.0 0.0 0.006366988 0.0 0.0 0.0 0.07750557 0.0 0.0 0.0 0.0 0.0 0.20411088 0.0 0.0 0.0 0.0 0.0 0.0
0.0 0.0 0.0 0.0 0.0 0.0 0.0 0.0 0.0 0.0 0.0 0.0 0.0 0.039785586 0.0 0.0 0.05396166 0.0 0.0 0.010201401 0.0 0.0 0.033971522 0.0 0.047971476 0.1670752 0.065260366 0.07434999 0.0 0.018388605 0.0 0.0 0.0 0.0 0.0 0.0 0.029506205 0.0 0.0 0.065876864 0.0 0.0 0.0 0.0 0.0 0.0 0.0 0.022592336 0.0 0.0 0.17648046 0.0013815325 0.020071907 0.0 0.009688309 0.0
0.0 0.0 0.0 0.0 0.0 0.04267596 0.08256611 0.0 0.0 0.0 0.0 0.006414292 0.0 0.0 0.0051738047 0.0617702 0.044915896 0.0 0.0 0.012520764 0.0 0.019800315 0.0 0.0 0.0 0.0 0.046737332 0.030083964 0.0 0.0 0.0 0.0 0.0 0.0 0.0 0.0 0.0 0.0 0.0 0.05445787 0.0 0.0 0.0 0.01808128 0.0 0.0 0.0 0.19968396 0.0 0.12089779 0.0 0.017920924 0.0067057926 0.0 0.0 0.122373894
0.0 0.08204531 0.011625749 0.011236744 0.026605528 0.0 0.0 0.0 0.016611394 0.0 0.0 0.0 0.08348109 0.0 0.0 0.0 0.0 0.0 0.021372585 0.0 0.0 0.0 0.0 0.0 0.027597515 0.0 0.0 0.0 0.0 0.013807242 0.06863581 0.0 0.0 0.053046416 0.0 0.024605375 0.0 0.0 0.0 0.0 0.0 0.08115125 0.18804826 0.0 0.0 0.022592336 0.19968396 0.0 0.03023025 0.0 0.0 0.0 0.08584352 0.088785484 0.00894118 0.0
0.0 0.009141384 0.0 0.0 0.07509809 0.17177887 0.0 0.0 0.0 0.0 0.0 0.13152537 0.1455136 0.0 0.0 0.004422771 0.0 0.0 0.039788026 0.0 0.0 0.0 0.0 0.0 0.006212482 0.0 0.0 0.0 0.0 0.0 0.0 0.040589668 0.0 0.036384366 0.0 0.0 0.0 0.0 0.03260122 0.03979276 0.0 0.0 0.0 0.0 0.0 0.0 0.0 0.030230252 0.0 0.04211066 0.003036516 0.0 0.09397298 0.0 0.0 0.0
0.0 0.031858873 0.009224899 0.0 0.0 0.02061397 0.0 0.0 0.0 0.0 0.015970541 0.0 0.0 0.0 0.0 0.03955576 0.0 0.0 0.02536089 0.0 0.02560065 0.0 0.0 0.0 0.030385457 0.0 0.0 0.0 0.0 0.0 0.01884042 0.0 0.047337435 0.0 0.0 0.0 0.0 0.10332011 0.0 0.0 0.0 0.0 0.0 0.0 0.20411088 0.0 0.12089779 0.0 0.042110663 0.16749482 0.0 0.0 0.0 0.0 0.0 0.0
0.0059315283 0.0 0.0 0.0 0.1122586 0.0 0.0 0.0 0.013808144 0.100426525 0.0 0.0 0.0 0.012411263 0.0 0.0 0.0 0.07245236 0.0 0.017393019 0.115012296 0.0 0.0 0.0 0.07239522 0.0 0.0 0.0 0.0 0.0 0.052296195 0.0 0.05848817 0.0 0.0 0.091081254 0.0 0.0 0.0 0.0 0.0 0.1215948 0.03964468 0.11267605 0.0 0.17648046 0.0 0.0 0.003036516 0.0 0.0 0.0 0.032880556 0.06098575 0.0 0.0
0.14659125 0.0 0.0 0.0 0.0 0.0 0.059412908 0.0 0.01250802 0.083146624 0.0 0.011578052 0.0 0.0100501105 0.0 0.03507991 0.0 0.0 0.0 0.0 0.0 0.0 0.0 0.0027171401 0.0058498415 0.08662864 0.0 0.032277282 0.0 0.0 0.0025335695 0.0 0.039980225 0.0 0.03071641 0.0052305264 0.0 0.060980644 0.0 0.0020604827 0.0901942 0.16209072 0.0 0.009818997 0.0 0.0013815325 0.017920924 0.0 0.0 0.0 0.0 0.0 0.0 0.06018692 0.0 0.05656102
0.0 0.16290052 0.0 0.03992098 0.0 0.010821481 0.0 0.0 0.05439245 0.0 0.0 0.024712866 0.0 0.0 0.0 0.0 0.053699967 0.0 0.0 0.0 0.0077950615 0.0 0.0 0.0 0.0 0.041501552 0.043702338 0.0021188841 0.0 0.0 0.0322429 0.041335095 0.0 0.10977621 0.0 0.0 0.0 0.0 0.0 0.10659237 0.0 0.0 0.0 0.0 0.0 0.020071907 0.0067057926 0.08584352 0.09397298 0.0 0.032880556 0.0 0.0 0.0 0.030245338 0.0
0.0 0.0 0.0 0.0 0.0 0.0 0.0 0.0 0.0 0.017067352 0.0 0.034987025 0.0 0.0 0.0 0.0 0.0 0.0 0.0 0.07893176 0.048378356 0.03504675 0.17287299 0.0 0.0 0.0 0.054614928 0.057353113 0.0 0.0 0.0 0.0 0.16674523 0.0 0.0 0.0 0.0 0.0 0.041152313 0.0 0.0 0.0 0.0 0.0 0.0 0.0 0.0 0.08878549 0.0 0.0 0.06098575 0.060186915 0.0 0.0 0.0 0.0
0.0 0.0 0.0 0.10340212 0.08331137 0.0 0.0 0.0 0.0 0.0 0.0 0.0 0.0 0.011643706 0.0 0.007481057 0.0 0.03511055 0.102104984 0.099273875 0.06295529 0.0 0.009840927 0.0 0.0 0.0 0.0 0.028665794 0.0 0.0 0.20605165 0.0 0.02784588 0.0 0.0 0.010134088 0.07871641 0.0023088937 0.034527827 0.0 0.0 0.0 0.06888445 0.03242106 0.0 0.009688309 0.0 0.00894118 0.0 0.0 0.0 0.0 0.030245336 0.0 0.0 0.0
0.0 0.0 0.08513042 0.0 0.0 0.0 0.0 0.31063166 0.0 0.0 0.0 0.11733937 0.0 0.0 0.0072127855 0.0 0.0 0.0 0.0 0.0 0.0 0.0 0.0 0.08747746 0.0 0.0 0.0 0.017124593 0.01306245 0.0 0.0 0.0 0.0 0.0 0.0 0.0 0.0 0.0 0.009966425 0.0 0.015719594 0.0 0.0 0.0 0.0 0.0 0.1223739 0.0 0.0 0.0 0.0 0.05656102 0.0 0.0 0.0 0.0
