0.0 0.0 0.074373916 0.06710703 0.0 0.0 0.14553177 0.0 0.0 0.0 0.076034315 0.0 0.010626267 0.0 0.0 0.044003658 0.06986386 0.0 0.06926916 0.0 0.06322284 0.089406006 0.011855665 0.006858187 0.0848762 0.011094895 0.0 0.026000349 0.0 0.0 0.0 0.010024051 0.022782292 0.0 0.039258096 0.0 0.0 0.0 0.0 0.0020159024 0.0 0.0 0.0 0.0 0.0 0.0 0.0 0.0 0.0 0.11869746 0.0 0.0 0.079276405 0.020345394 0.000304308 0.0
0.0 0.0648422 0.0 0.0 0.026556127 0.0 0.0 0.0028626295 0.0 0.0 0.0 0.0 0.19134486 0.03894454 0.024016062 0.0 0.0 0.0 0.0 0.0 0.0 0.0 0.0 0.0 0.0 0.054072198 0.05176231 0.0 0.0 0.016754609 0.0 0.09436549 0.0 0.0 0.0 0.012616797 0.0 0.0 0.0 0.08148139 0.0 0.0 0.063668385 0.0 0.0 0.0 0.0 0.0 0.0 0.0 0.081725314 0.0 0.007867116 0.0 0.09630203 0.0
0.07437391 0.0 0.0 0.0 0.0 0.0 0.0 0.029584566 0.021594003 0.107746035 0.0 0.0 0.0 0.0 0.0 0.0 0.0 0.0 0.0 0.0 0.021671439 0.0010505094 0.0 0.0047397846 0.0 0.13204795 0.0385421 0.0 0.0 0.0 0.07059127 0.0 0.0 0.0 0.089236 0.0 0.0 0.0 0.0 0.0 0.0 0.0 0.0 0.0 0.02775189 0.0 0.0 0.0 0.0 0.0 0.0 0.1750633 0.0 0.0 0.0 0.0
0.06710703 0.0 0.0 0.0 0.0 0.0 0.0 0.0 0.0 0.030949475 0.0 0.0 0.0 0.029183926 0.0 0.0 0.0 0.004101837 0.0 0.050891865 0.0 0.003879002 0.026186295 0.0 0.024879323 0.079432994 0.015118626 0.06161925 0.0 0.013149727 0.0 0.0 0.0 0.06715872 0.0 0.0 0.0 0.0 0.07575511 0.0 0.029196903 0.0 0.0 0.072722636 0.07125789 0.0 0.0 0.0010609797 0.0 0.032609977 0.01739187 0.030292466 0.0156698 0.0 0.106905624 0.0
0.0 0.026556125 0.0 0.0 0.14937484 0.05960167 0.0 0.0 0.07885498 0.0 0.005467459 0.032118663 0.0 0.0 0.186577 0.0 0.0 0.021746889 0.018140681 0.0 0.0 0.0 0.0 0.0 0.06250825 0.0 0.008369112 0.0 0.0 0.14836447 0.0 0.167254 0.0 0.0 0.0 0.005773566 0.0 0.0 0.0 0.0 0.0 0.0 0.0 0.0 0.0 0.0 0.03247614 0.0 0.0016977226 0.0 0.0 0.0 0.054380625 0.0 0.0 0.0
0.0 0.0 0.0 0.0 0.05960167 0.19384018 0.04340094 0.0020717492 0.0 0.04382439 0.0 0.0 0.0 0.0 0.041574307 0.0 0.0 0.0 0.0 0.0 0.026665905 0.0 0.00215813 0.0 0.0 0.0 0.0 0.0 0.0 0.0 0.0 0.0779465 0.028385157 0.0 0.016826905 0.0 0.049609534 0.13587143 0.0 0.0 0.0 0.0 0.037305873 0.008269266 0.021188112 0.056254916 0.0 0.0 0.03490872 0.0 0.0 0.0 0.0 0.0 0.0 0.023252495
0.14553179 0.0 0.0 0.0 0.0 0.043400943 0.0 0.0 0.0 0.0 0.042530302 0.0 0.0 0.0 0.0 0.03395126 0.0 0.0 0.010704959 0.035634033 0.0 0.0 0.06599139 0.04208034 0.0 0.00089704944 0.0 0.035048082 0.0 0.0 0.10257475 0.003926338 0.0 0.0 0.0 0.0 0.09037002 0.012414783 0.0 0.016768834 0.0 0.0 0.0 0.0 0.10470374 0.039360315 0.0 0.0 0.0 0.022047453 0.07915696 0.0 0.0 0.0 0.009350028 0.0
0.0 0.0028626297 0.029584564 0.0 0.0 0.0020717492 0.0 0.0 0.022954097 0.031308014 0.0 0.0 0.0 0.0 0.0 0.0 0.04540955 0.003007459 0.0 0.02491645 0.0074766832 0.004137968 0.0 0.04016946 0.0 0.0 0.0 0.0 0.0 0.03199147 0.0 0.0071032643 0.0088645695 0.0 0.16859376 0.0 0.07438677 0.017025763 0.122192904 0.011511517 0.0062156515 0.03697565 0.0 0.0 0.0 0.12528794 0.0044582738 0.009122484 0.0 0.023966556 0.0 0.01631363 0.048695657 0.0 0.0 0.19970809
0.0 0.0 0.021594003 0.0 0.07885498 0.0 0.0 0.022954097 0.03193066 0.0 0.0 0.0 0.0024391883 0.0025730487 0.049048003 0.0 0.0 0.0 0.0 0.023951259 0.0 0.0 0.0 0.0 0.0 0.012673639 0.0 0.0 0.03296565 0.07699172 0.0 0.0 0.0 0.04708512 0.029488863 0.0 0.15800656 0.0 0.0 0.034627866 0.0 0.0 0.0 0.0 0.02733007 0.0 0.0 0.0 0.0377779 0.0 0.0 0.11259795 0.0 0.0 0.0 0.0
0.0 0.0 0.107746035 0.030949477 0.0 0.04382439 0.0 0.031308014 0.0 0.0 0.104159005 0.0 0.0 0.0 0.0 0.0018317743 0.0035122575 0.05234562 0.0 0.0 0.0145437475 0.0 0.0059608403 0.07940149 0.0440071 0.0 0.0 0.0 0.0 0.002941414 0.04027502 0.111288376 0.07464411 0.0 0.0 0.08535956 0.024460705 0.12765858 0.0 0.0 0.0 0.0 0.0 0.0 0.0 0.076232195 0.0 0.0 0.13267687 0.0 0.0 0.0 0.0 0.0 0.0 0.0
0.076034315 0.0 0.0 0.0 0.0054674596 0.0 0.042530306 0.0 0.0 0.104159005 0.13360862 0.028237171 0.0 0.0 0.015636371 0.0 0.0 0.0 0.0 0.0 0.0 0.0 0.035457216 0.02945072 0.0 0.0 0.09171067 0.0 0.0 0.0 0.0 0.03796015 0.050040897 0.0 0.0 0.043506745 0.07295273 0.0019745815 0.0 0.0 0.0 0.0 0.0 0.0 0.055875596 0.0 0.0 0.034664515 0.029473022 0.0 0.0 0.0010931527 0.0 0.0 0.063632585 0.0
0.0 0.0 0.0 0.0 0.032118663 0.0 0.0 0.0 0.0 0.0 0.028237171 0.0 0.0 0.0 0.0 0.0 0.0 0.0 0.0 0.0 0.0 0.0 0.0 0.0 0.0 0.25450918 0.0 0.0 0.0 0.0 0.010457925 0.01607322 0.0 0.0 0.032658495 0.0 0.0 0.0 0.0 0.12668543 0.0 0.0 0.0 0.0 0.05336875 0.0 0.0 0.0 0.0 0.0 0.0 0.0 0.0 0.0 0.0027053745 0.062370803
0.010626267 0.19134486 0.0 0.0 0.0 0.0 0.0 0.0 0.0024391883 0.0 0.0 0.0 0.06875811 0.16474433 0.0 0.0037868985 0.0 0.0 0.0 0.0 0.04162694 0.0 0.0 0.0 0.0 0.0365007 0.023185594 0.0 0.0 0.01697832 0.0 0.0 0.0 0.06372617 0.0 0.0 0.0 0.0 0.0 0.026741616 0.057642963 0.0 0.051483113 0.0 0.0 0.0 0.07109985 0.0 0.0 0.0 0.08526939 0.005151958 0.0 0.031568125 0.0846686 0.0
0.0 0.03894454 0.0 0.029183926 0.0 0.0 0.0 0.0 0.0025730487 0.0 0.0 0.0 0.16474433 0.2152332 0.0 0.011743101 0.0 0.0 0.0 0.0 0.021752318 0.0 0.0 0.010535972 0.0 0.03589715 0.0 0.0 0.0 0.0 0.0 0.0 0.0 0.0 0.0 0.0 0.0 0.0 0.0 0.061525974 0.18247771 0.0 0.0 0.0 0.0 0.0 0.014209229 0.0 0.0 0.0 0.014842212 0.0 0.12587637 0.0427919 0.039931986 0.0
0.0 0.024016062 0.0 0.0 0.186577 0.041574307 0.0 0.0 0.049048003 0.0 0.015636373 0.0 0.0 0.0 0.038860153 0.00086202106 0.0 0.057998963 0.11975456 0.0 0.018291626 0.0 0.019438671 0.0 0.0 0.028995898 0.109936915 0.0 0.0 0.034235276 0.0009001793 0.06396467 0.0 0.0 0.0 0.0 0.0 0.012180364 0.090824366 0.0 0.0 0.0 0.019731082 0.0020481683 0.0 0.0 0.0 0.0 0.0 0.0 0.0067946683 0.0 0.0 0.0 0.009105705 0.0
0.044003658 0.0 0.0 0.0 0.0 0.0 0.03395126 0.0 0.0 0.0018317744 0.0 0.0 0.0037868982 0.0117431 0.000862021 0.0 0.04240525 0.0 0.0 0.0032273054 0.0 0.0 0.02143697 0.0096047865 0.0060914406 0.054152038 0.0 0.06460684 0.0 0.004403518 0.0 0.0 0.0 0.04868209 0.0 0.0 0.0 0.0 0.0 0.0 0.0 0.0 0.008354253 0.0 0.0 0.0 0.04486595 0.0 0.0 0.14529775 0.0 0.0 0.0 0.08148351 0.0 0.21797068
0.06986387 0.0 0.0 0.0 0.0 0.0 0.0 0.04540955 0.0 0.0035122575 0.0 0.0 0.0 0.0 0.0 0.042405255 0.0 0.039481524 0.025447972 0.0 0.0 0.0 0.0 0.0384458 0.0 0.07847723 0.0 0.05997985 0.0 0.0 0.18046123 0.0 0.0 0.0 0.0 0.0 0.022288082 0.00039531797 0.0 0.0 0.022337032 0.032874186 0.0 0.0 0.0664984 0.011456785 0.0 0.0 0.0 0.024062889 0.006803819 0.08226349 0.0 0.0 0.0 0.0
0.0 0.0 0.0 0.004101837 0.021746889 0.0 0.0 0.003007459 0.0 0.052345622 0.0 0.0 0.0 0.0 0.057998963 0.0 0.03948152 0.0 0.0 0.0 0.0 0.021543806 0.039336134 0.0 0.21201728 0.0 0.0 0.0 0.0 0.06986746 0.0 0.0 0.0 0.027637042 0.0 0.0 0.0 0.0 0.024428586 0.0 0.0 0.0 0.0 0.13643356 0.0 0.014074615 0.0 0.0 0.003939507 0.0 0.0 0.0 0.010221894 0.0 0.0 0.0
0.06926915 0.0 0.0 0.0 0.018140681 0.0 0.010704959 0.0 0.0 0.0 0.0 0.0 0.0 0.0 0.11975456 0.0 0.02544797 0.0 0.0 0.0051521515 0.0 0.020089192 0.0 0.0 0.0035205362 0.0039499737 0.03465715 0.0 0.0 0.04044406 0.0 0.018646358 0.0 0.009795446 0.036230564 0.0099140275 0.0 0.0 0.096574895 0.0 0.0 0.0 0.0 0.0 0.2519698 0.0 0.0 0.0 0.0 0.0 0.0 0.0069997907 0.0 0.0 0.0 0.0015203854
0.0 0.0 0.0 0.050891865 0.0 0.0 0.035634033 0.02491645 0.023951257 0.0 0.0 0.0 0.0 0.0 0.0 0.0032273054 0.0 0.0 0.0051521515 0.0 0.06113218 0.0 0.047355823 0.049458254 0.0 0.017044732 0.0 0.174442 0.0 0.0 0.0 0.0 0.053261038 0.0 0.14906134 0.028163923 0.0 0.0 0.0 0.0 0.0 0.0 0.021267083 0.0 0.020708106 0.035123754 0.0 0.028254347 0.0 0.0 0.0 0.05288029 0.0 0.0 0.04423432 0.0
0.06322283 0.0 0.021671439 0.0 0.0 0.026665905 0.0 0.007476683 0.0 0.0145437475 0.0 0.0 0.04162694 0.021752317 0.018291626 0.0 0.0 0.0 0.0 0.06113218 0.12619321 0.0050902567 0.03197473 0.0 0.0 0.0033539925 0.13430506 0.0 0.08150545 0.0 0.0 0.0 0.048064996 0.002402467 0.0 0.0 0.0 0.0 0.012322167 0.0 0.0 0.0 0.0 0.0 0.0 0.0 0.0 0.024978057 0.068808235 0.0 0.023209983 0.0 0.0 0.0 0.056568794 0.0
0.08940601 0.0 0.0010505093 0.003879002 0.0 0.0 0.0 0.0041379686 0.0 0.0 0.0 0.0 0.0 0.0 0.0 0.0 0.0 0.021543805 0.020089192 0.0 0.005090256 0.0 0.12885243 0.0 0.056024034 0.049458716 0.0953684 0.021711312 0.0 0.0 0.040957265 0.0 0.077557504 0.0 0.0 0.0 0.0 0.0 0.0951386 0.0 0.0 0.0 0.0 0.0020559495 0.0 0.0 0.0 0.038512886 0.024669755 0.032081675 0.054737695 0.0 0.0 0.0 0.038129892 0.0
0.011855665 0.0 0.0 0.026186295 0.0 0.00215813 0.06599139 0.0 0.0 0.0059608403 0.035457216 0.0 0.0 0.0 0.019438673 0.021436969 0.0 0.039336134 0.0 0.047355827 0.031974725 0.12885243 0.0 0.0 0.0 0.0 0.04018342 0.0 0.084242 0.0 0.0 0.0 0.0816569 0.102395184 0.080429144 0.0 0.0 0.0 0.07987058 0.0 0.0 0.0062137465 0.0064405547 0.0 0.0 0.0 0.0 0.15494947 0.010825789 0.035058737 0.0 0.0 0.022517899 0.0 0.0 0.0
0.0068581873 0.0 0.0047397846 0.0 0.0 0.0 0.04208034 0.040169455 0.0 0.0794015 0.02945072 0.0 0.0 0.010535971 0.0 0.0096047865 0.0384458 0.0 0.0 0.04945825 0.0 0.0 0.0 0.0 0.0 0.0 0.0 0.0 0.0 0.0638771 0.0 0.0 0.0 0.031304255 0.033820745 0.0 0.22621505 0.0154739 0.0 0.0 0.14665903 0.07695458 0.0 0.0 0.0 0.0 0.0 0.0 0.0 0.023620622 0.0 0.0 0.0 0.0 0.0 0.020424625
0.08487621 0.0 0.0 0.024879323 0.06250825 0.0 0.0 0.0 0.0 0.0440071 0.0 0.0 0.0 0.0 0.0 0.0060914406 0.0 0.21201728 0.0035205365 0.0 0.0 0.056024034 0.0 0.0 0.0 0.0 0.049221154 0.0 0.05851819 0.0 0.0031106435 0.0 0.0 0.0 0.0 0.0 0.0 0.0 0.0 0.0 0.0 0.045501072 0.0 0.046656653 0.14021601 0.008969429 0.0 0.0 0.0 0.0 0.05608698 0.0 0.0 0.0 0.0 0.0
0.011094895 0.054072198 0.13204795 0.079432994 0.0 0.0 0.00089704944 0.0 0.012673639 0.0 0.0 0.25450918 0.0365007 0.03589715 0.028995898 0.054152038 0.078477226 0.0 0.0039499733 0.017044732 0.0033539925 0.049458716 0.0 0.0 0.0 0.0230309 0.0 0.0 0.021363223 0.05925299 0.0 0.0 0.010722479 0.1413562 0.0 0.0 0.0 0.0 0.018378641 0.0 0.0 0.0 0.025500743 0.03979477 0.0 0.0 0.06926114 0.0 0.0 0.10042884 0.0 0.0 0.041503698 0.0 0.0 0.0
0.0 0.05176231 0.038542096 0.015118626 0.008369112 0.0 0.0 0.0 0.0 0.0 0.09171068 0.0 0.023185592 0.0 0.109936915 0.0 0.0 0.0 0.03465715 0.0 0.13430506 0.0953684 0.04018342 0.0 0.049221158 0.0 0.002327578 0.03065055 0.0 0.00095089676 0.0 0.04226099 0.012575592 0.0 0.0 0.0022182623 0.0 0.0 0.03915844 0.0 0.0 0.0 0.0 0.013581273 0.0 0.047078677 0.046963815 0.012354213 0.0 0.07291801 0.022407904 0.0 0.0041190763 0.0 0.073453024 0.0
0.026000349 0.0 0.0 0.06161925 0.0 0.0 0.035048086 0.0 0.0 0.0 0.0 0.0 0.0 0.0 0.0 0.06460684 0.05997985 0.0 0.0 0.174442 0.0 0.021711312 0.0 0.0 0.0 0.0 0.03065055 0.0 0.0 0.0 0.0060507865 0.0 0.0 0.102622576 0.0 0.0 0.0147440145 0.0 0.0 0.0 0.0 0.096186414 0.06281003 0.0 0.0 0.03298776 0.10014403 0.0 0.0 0.085528776 0.0 0.0 0.033044662 0.0 0.0 0.0
0.0 0.0 0.0 0.0 0.0 0.0 0.0 0.0 0.03296565 0.0 0.0 0.0 0.0 0.0 0.0 0.0 0.0 0.0 0.0 0.0 0.081505455 0.0 0.084242 0.0 0.05851819 0.021363221 0.0 0.0 0.0 0.0 0.0 0.0 0.0 0.0 0.0020396374 0.0 0.0 0.0 0.0 0.2691293 0.04347562 0.063770756 0.0 0.0 0.0 0.0008161684 0.0 0.0 0.0 0.0 0.060925663 0.0 0.058009565 0.088075176 0.0 0.001286096
0.0 0.016754609 0.0 0.013149727 0.14836447 0.0 0.0 0.031991467 0.07699173 0.0029414138 0.0 0.0 0.01697832 0.0 0.034235276 0.0044035185 0.0 0.06986746 0.04044406 0.0 0.0 0.0 0.0 0.0638771 0.0 0.05925299 0.0009508968 0.0 0.0 0.0 0.14941579 0.021225488 0.0 0.0 0.0 0.0 0.0 0.024680153 0.0 0.0 0.048551492 0.0 0.0 0.017481675 0.0 0.017033167 0.0 0.06122231 0.0014384688 0.0 0.0 0.015622061 0.0 0.0 0.0 0.0
0.0 0.0 0.07059128 0.0 0.0 0.0 0.10257475 0.0 0.0 0.04027502 0.0 0.0104579255 0.0 0.0 0.0009001793 0.0 0.18046123 0.0 0.0 0.0 0.0 0.040957265 0.0 0.0 0.0031106435 0.0 0.0 0.0060507865 0.0 0.14941578 0.0 0.0 0.02704745 0.057219367 0.0 0.009313842 0.0 0.0 0.04722376 0.0 0.0 0.0 0.06814098 0.06322454 0.0069883415 0.0 0.0 0.0 0.13443652 0.048836365 0.0 0.0 0.03669985 0.0 0.0 0.0
0.010024051 0.09436549 0.0 0.0 0.167254 0.0779465 0.003926338 0.007103265 0.0 0.111288376 0.03796015 0.01607322 0.0 0.0 0.06396467 0.0 0.0 0.0 0.018646356 0.0 0.0 0.0 0.0 0.0 0.0 0.0 0.04226099 0.0 0.0 0.021225488 0.0 0.0 0.0 0.0 0.0035347673 0.0 0.0597475 0.0 0.0 0.0 0.0 0.0 0.0 0.0 0.14105311 0.0 0.0 0.0 0.0 0.0 0.0 0.045290064 0.009771447 0.0 0.0 0.0
0.022782292 0.0 0.0 0.0 0.0 0.028385157 0.0 0.0088645695 0.0 0.0746441 0.050040897 0.0 0.0 0.0 0.0 0.0 0.0 0.0 0.0 0.053261038 0.048064996 0.077557504 0.0816569 0.0 0.0 0.010722479 0.012575593 0.0 0.0 0.0 0.02704745 0.0 0.13214774 0.0 0.06100113 0.0 0.0 0.054531287 0.03358717 0.0 0.0 0.0 0.0 2.9867411e-05 0.024583835 0.0 0.0 0.14534724 0.08430692 0.0 0.031719692 0.0 0.0 0.0 0.08634435 0.0
0.0 0.0 0.0 0.06715872 0.0 0.0 0.0 0.0 0.04708512 0.0 0.0 0.0 0.06372617 0.0 0.0 0.04868209 0.0 0.027637044 0.009795446 0.0 0.002402467 0.0 0.10239518 0.03130426 0.0 0.1413562 0.0 0.10262257 0.0 0.0 0.057219367 0.0 0.0 0.0 0.0 0.018652594 0.0 0.0 0.0 0.0 0.046492357 0.0 0.022509431 0.0 0.0 0.033316303 0.0 0.0 0.0 0.0 0.06556531 0.0 0.0 0.0 0.04691152 0.0
0.0392581 0.0 0.089236 0.0 0.0 0.016826905 0.0 0.16859375 0.029488862 0.0 0.0 0.03265849 0.0 0.0 0.0 0.0 0.0 0.0 0.03623056 0.14906134 0.0 0.0 0.080429144 0.033820745 0.0 0.0 0.0 0.0 0.0020396372 0.0 0.0 0.003534767 0.06100113 0.0 0.07326086 0.0 0.0 0.068608835 0.015895305 0.0 0.002232139 0.0 0.0 0.0 0.040988524 0.08741381 0.0 0.0 0.0 0.06104897 0.0 0.0077595236 0.0 0.0 0.011361209 0.07095094
0.0 0.012616797 0.0 0.0 0.0057735657 0.0 0.0 0.0 0.0 0.08535956 0.04350675 0.0 0.0 0.0 0.0 0.0 0.0 0.0 0.009914027 0.028163921 0.0 0.0 0.0 0.0 0.0 0.0 0.0022182623 0.0 0.0 0.0 0.009313842 0.0 0.0 0.018652594 0.0 0.100553535 0.11522573 0.0 0.0 0.076951064 0.0 0.057991292 0.0027546997 0.0 0.0 0.0 0.1394416 0.0 0.0 0.0 0.0 0.0 0.0 0.06392015 0.0 0.043765407
0.0 0.0 0.0 0.0 0.0 0.04960954 0.090370014 0.07438677 0.15800656 0.024460707 0.07295273 0.0 0.0 0.0 0.0 0.0 0.022288082 0.0 0.0 0.0 0.0 0.0 0.0 0.22621506 0.0 0.0 0.0 0.0147440145 0.0 0.0 0.0 0.0597475 0.0 0.0 0.0 0.11522573 0.09022529 0.0 0.0 0.0 0.015712762 0.0 0.0 0.0 0.0 0.0 0.0 0.0 0.0 0.014843648 0.0 0.07870236 0.0 0.0 0.00030336063 0.0
0.0 0.0 0.0 0.0 0.0 0.13587143 0.012414783 0.017025761 0.0 0.12765858 0.0019745815 0.0 0.0 0.0 0.012180363 0.0 0.00039531797 0.0 0.0 0.0 0.0 0.0 0.0 0.0154739 0.0 0.0 0.0 0.0 0.0 0.024680153 0.0 0.0 0.054531284 0.0 0.068608835 0.0 0.0 0.0 0.052376848 0.0 0.0 0.0 0.0 0.0 0.012434379 0.005672705 0.0045079715 0.06360504 0.29643267 0.0 0.0 0.029911773 0.0 0.0 0.0 0.0
0.0 0.0 0.0 0.07575511 0.0 0.0 0.0 0.122192904 0.0 0.0 0.0 0.0 0.0 0.0 0.09082436 0.0 0.0 0.024428587 0.09657489 0.0 0.012322166 0.0951386 0.07987059 0.0 0.0 0.01837864 0.03915844 0.0 0.0 0.0 0.047223765 0.0 0.03358717 0.0 0.015895305 0.0 0.0 0.052376848 0.0 0.0 0.0 0.0 0.0 0.0947744 0.007852339 0.007850091 0.0 0.062429387 0.036009964 0.0034707605 0.010235673 0.0 0.0 0.0 0.0 0.0
0.0020159024 0.08148139 0.0 0.0 0.0 0.0 0.016768832 0.011511516 0.034627862 0.0 0.0 0.12668543 0.026741616 0.06152597 0.0 0.0 0.0 0.0 0.0 0.0 0.0 0.0 0.0 0.0 0.0 0.0 0.0 0.0 0.2691293 0.0 0.0 0.0 0.0 0.0 0.0 0.076951064 0.0 0.0 0.0 0.0 0.0 0.12440799 0.08612885 0.015378835 0.0 0.0 0.19989797 0.0 0.0 0.011415463 0.0 0.047821745 0.027715974 0.015816875 0.0 0.0
0.0 0.0 0.0 0.029196903 0.0 0.0 0.0 0.0062156515 0.0 0.0 0.0 0.0 0.057642963 0.18247771 0.0 0.0 0.022337032 0.0 0.0 0.0 0.0 0.0 0.0 0.14665903 0.0 0.0 0.0 0.0 0.04347562 0.048551492 0.0 0.0 0.0 0.046492357 0.002232139 0.0 0.015712762 0.0 0.0 0.0 0.0 0.0779575 0.0 0.0 0.0 0.0 0.016139388 0.0 0.0 0.0046695876 0.0 0.059615448 0.15210436 0.09925317 0.0 0.0
0.0 0.0 0.0 0.0 0.0 0.0 0.0 0.036975652 0.0 0.0 0.0 0.0 0.0 0.0 0.0 0.0 0.032874186 0.0 0.0 0.0 0.0 0.0 0.006213747 0.07695458 0.04550107 0.0 0.0 0.09618642 0.063770756 0.0 0.0 0.0 0.0 0.0 0.0 0.057991292 0.0 0.0 0.0 0.124407984 0.0779575 0.0 0.0 0.067981884 0.0 0.0006997636 0.0 0.0 0.0 0.0 0.07247489 0.0 0.0 0.07279983 0.0 0.038673256
0.0 0.063668385 0.0 0.0 0.0 0.037305873 0.0 0.0 0.0 0.0 0.0 0.0 0.051483117 0.0 0.019731082 0.008354252 0.0 0.0 0.0 0.02126708 0.0 0.0 0.0064405547 0.0 0.0 0.025500743 0.0 0.06281003 0.0 0.0 0.06814098 0.0 0.0 0.022509431 0.0 0.0027546994 0.0 0.0 0.0 0.08612885 0.0 0.0 0.16565402 0.0 0.0 0.0 0.023774486 0.006471774 0.016810074 0.0 0.119705126 0.022808088 0.0021432969 0.0 0.060337394 0.0
0.0 0.0 0.0 0.072722636 0.0 0.008269266 0.0 0.0 0.0 0.0 0.0 0.0 0.0 0.0 0.0020481683 0.0 0.0 0.13643357 0.0 0.0 0.0 0.0020559495 0.0 0.0 0.046656653 0.03979477 0.013581273 0.0 0.0 0.017481675 0.06322454 0.0 2.986741e-05 0.0 0.0 0.0 0.0 0.0 0.0947744 0.015378835 0.0 0.067981884 0.0 0.19631672 0.0 0.0 0.018930035 0.0 0.0 0.0 0.17035529 0.0 0.0 0.0 0.016106429 0.0
0.0 0.0 0.027751885 0.07125789 0.0 0.021188112 0.10470374 0.0 0.02733007 0.0 0.055875596 0.05336875 0.0 0.0 0.0 0.0 0.06649839 0.0 0.2519698 0.020708105 0.0 0.0 0.0 0.0 0.14021601 0.0 0.0 0.0 0.0 0.0 0.006988341 0.14105311 0.024583835 0.0 0.040988524 0.0 0.0 0.012434379 0.007852339 0.0 0.0 0.0 0.0 0.0 0.0 0.15812586 0.0 0.0 0.0 0.024827447 0.0 0.0 0.0 0.0 0.0 0.0
0.0 0.0 0.0 0.0 0.0 0.056254916 0.039360315 0.12528794 0.0 0.076232195 0.0 0.0 0.0 0.0 0.0 0.0 0.011456785 0.014074615 0.0 0.035123754 0.0 0.0 0.0 0.0 0.008969429 0.0 0.04707868 0.03298776 0.0008161684 0.017033167 0.0 0.0 0.0 0.0333163 0.0874138 0.0 0.0 0.005672705 0.007850091 0.0 0.0 0.0006997636 0.0 0.0 0.15812586 0.0 0.0 0.096760936 0.028067455 0.0 0.02147163 0.034723025 0.0 0.0 0.045518223 0.0
0.0 0.0 0.0 0.0 0.03247614 0.0 0.0 0.004458274 0.0 0.0 0.0 0.0 0.07109985 0.014209228 0.0 0.04486595 0.0 0.0 0.0 0.0 0.0 0.0 0.0 0.0 0.0 0.06926114 0.04696381 0.10014403 0.0 0.0 0.0 0.0 0.0 0.0 0.0 0.1394416 0.0 0.0045079715 0.0 0.19989796 0.016139388 0.0 0.023774486 0.018930033 0.0 0.0 0.0 0.0 0.013802512 0.0 0.019088354 0.065339394 0.0 0.059147127 0.037203174 0.0
0.0 0.0 0.0 0.0010609798 0.0 0.0 0.0 0.009122484 0.0 0.0 0.03466451 0.0 0.0 0.0 0.0 0.0 0.0 0.0 0.0 0.028254349 0.024978057 0.038512886 0.15494946 0.0 0.0 0.0 0.012354213 0.0 0.0 0.061222315 0.0 0.0 0.14534724 0.0 0.0 0.0 0.0 0.06360504 0.062429387 0.0 0.0 0.0 0.006471774 0.0 0.0 0.09676093 0.0 0.0 0.01726076 0.0 0.015996186 0.0 0.09320142 0.0015146475 0.014568124 0.0
0.0 0.0 0.0 0.0 0.0016977226 0.03490872 0.0 0.0 0.037777897 0.13267687 0.02947302 0.0 0.0 0.0 0.0 0.0 0.0 0.003939507 0.0 0.0 0.068808235 0.024669757 0.010825789 0.0 0.0 0.0 0.0 0.0 0.0 0.0014384687 0.13443652 0.0 0.08430692 0.0 0.0 0.0 0.0 0.29643267 0.03600996 0.0 0.0 0.0 0.016810073 0.0 0.0 0.028067455 0.013802512 0.01726076 0.0 0.0 0.0 0.0 0.0 0.0 0.0 0.0
0.11869745 0.0 0.0 0.03260998 0.0 0.0 0.022047453 0.023966556 0.0 0.0 0.0 0.0 0.0 0.0 0.0 0.14529775 0.024062889 0.0 0.0 0.0 0.0 0.032081675 0.035058737 0.02362062 0.0 0.10042884 0.07291801 0.085528776 0.0 0.0 0.048836365 0.0 0.0 0.0 0.06104897 0.0 0.014843648 0.0 0.0034707608 0.011415463 0.004669588 0.0 0.0 0.0 0.024827447 0.0 0.0 0.0 0.0 0.0 0.06813956 0.0057269684 0.0 0.0 0.0 0.0
0.0 0.081725314 0.0 0.01739187 0.0 0.0 0.07915696 0.0 0.0 0.0 0.0 0.0 0.085269384 0.014842212 0.0067946683 0.0 0.0068038185 0.0 0.0 0.0 0.023209983 0.054737695 0.0 0.0 0.05608698 0.0 0.022407904 0.0 0.060925666 0.0 0.0 0.0 0.031719692 0.06556531 0.0 0.0 0.0 0.0 0.010235673 0.0 0.0 0.07247489 0.11970512 0.17035529 0.0 0.02147163 0.019088354 0.015996186 0.0 0.06813956 0.0 0.0 0.022580443 0.014509317 0.0 0.05147327
0.0 0.0 0.17506331 0.030292464 0.0 0.0 0.0 0.016313631 0.11259795 0.0 0.0010931527 0.0 0.0051519587 0.0 0.0 0.0 0.082263485 0.0 0.0069997907 0.05288029 0.0 0.0 0.0 0.0 0.0 0.0 0.0 0.0 0.0 0.015622062 0.0 0.045290064 0.0 0.0 0.0077595236 0.0 0.07870237 0.029911773 0.0 0.047821745 0.05961545 0.0 0.02280809 0.0 0.0 0.034723025 0.06533939 0.0 0.0 0.0057269684 0.0 0.0 0.10426144 0.030792415 0.0 0.061095636
0.07927641 0.007867116 0.0 0.0156698 0.05438063 0.0 0.0 0.048695657 0.0 0.0 0.0 0.0 0.0 0.12587637 0.0 0.0 0.0 0.010221894 0.0 0.0 0.0 0.0 0.022517899 0.0 0.0 0.041503694 0.0041190763 0.033044662 0.05800956 0.0 0.03669985 0.009771447 0.0 0.0 0.0 0.0 0.0 0.0 0.0 0.027715972 0.15210436 0.0 0.0021432969 0.0 0.0 0.0 0.0 0.09320143 0.0 0.0 0.022580443 0.10426144 0.0 0.004637649 0.0 0.0
0.020345394 0.0 0.0 0.0 0.0 0.0 0.0 0.0 0.0 0.0 0.0 0.0 0.031568125 0.0427919 0.0 0.08148352 0.0 0.0 0.0 0.0 0.0 0.0 0.0 0.0 0.0 0.0 0.0 0.0 0.088075176 0.0 0.0 0.0 0.0 0.0 0.0 0.06392015 0.0 0.0 0.0 0.015816873 0.09925317 0.07279983 0.0 0.0 0.0 0.0 0.059147127 0.0015146474 0.0 0.0 0.014509317 0.030792417 0.004637649 0.2637527 0.0 0.15410273
0.00030430802 0.096302025 0.0 0.106905624 0.0 0.0 0.009350029 0.0 0.0 0.0 0.063632585 0.0027053745 0.0846686 0.039931986 0.009105705 0.0 0.0 0.0 0.0 0.04423432 0.056568794 0.038129892 0.0 0.0 0.0 0.0 0.073453024 0.0 0.0 0.0 0.0 0.0 0.08634434 0.04691152 0.011361209 0.0 0.00030336063 0.0 0.0 0.0 0.0 0.0 0.060337394 0.016106429 0.0 0.045518223 0.037203174 0.014568123 0.0 0.0 0.0 0.0 0.0 0.0 0.094906695 0.0
0.0 0.0 0.0 0.0 0.0 0.023252495 0.0 0.19970809 0.0 0.0 0.0 0.062370803 0.0 0.0 0.0 0.21797068 0.0 0.0 0.0015203854 0.0 0.0 0.0 0.0 0.020424625 0.0 0.0 0.0 0.0 0.001286096 0.0 0.0 0.0 0.0 0.0 0.07095093 0.043765415 0.0 0.0 0.0 0.0 0.0 0.038673256 0.0 0.0 0.0 0.0 0.0 0.0 0.0 0.0 0.05147327 0.061095633 0.0 0.15410273 0.0 0.0
