0.0 0.0 0.0 0.0 0.0 0.0 0.0 0.0033205552 0.0 0.0 0.009549177 0.0 0.0 0.0 0.091512516 0.0 0.0 0.0 0.0 0.19860817 0.0 0.050662063 0.0 0.0 0.0 0.038682215 0.0 0.0 0.13581721 0.06158917 0.040925678 0.0 0.018080642 0.00074259716 0.012810512 0.119083926 0.0 0.0 0.0 0.0 0.0 0.0 0.0 0.0 0.0 0.033480734 0.0 0.027186891 0.0 0.12379244 0.0 0.0 0.059771366 0.0 0.0 0.024170471
0.0 0.0 0.0 0.019186312 0.050949417 0.0 0.0 0.0 0.0 0.0 0.011933872 0.0 0.0 0.0 0.0 0.040276334 0.030060532 0.0 0.0 0.0 0.050666947 0.0 0.1288886 0.0 0.0 0.0 0.04899003 0.0 0.0 0.0 0.049718436 0.0 0.15378144 0.0 0.0 0.0 0.0062453602 0.06757411 0.06299966 0.02687871 0.0 0.0 0.0 0.022005035 0.0 0.0 0.0 0.011492165 0.084516086 0.0 0.062447116 0.0 0.0 0.0 0.023797812 0.0
0.0 0.0 0.0 0.0 0.0 0.10751118 0.0 0.0 0.0 0.0 0.0044112215 0.1457449 0.0 0.0 0.0 0.0 0.0 0.033153206 0.0 0.0 0.0 0.0 0.0 0.0 0.002621504 0.0 0.0 0.0 0.0 0.0 0.0 0.0 0.0 0.0 0.0 0.0 0.091844276 0.005205809 0.01670361 0.0 0.0 0.0 0.0 0.0 0.0 0.0037919008 0.058682073 0.08996859 0.037047453 0.0 0.0 0.0 0.0 0.0 0.0 0.2790525
0.0 0.01918631 0.0 0.11922624 0.0 0.0056157713 0.009180304 0.0 0.0 0.0 0.04487411 0.0 0.0 0.0 0.0 0.009079505 0.008922333 0.0 0.0 0.0 0.07986725 0.0 0.0144998515 0.0 0.038869172 0.012771195 0.0 0.13045067 0.0 0.0 0.079922274 0.015370957 0.061518174 0.0 0.0 0.0 0.0 0.06714792 0.055936173 0.01622071 0.0 0.058056522 0.0 0.0 0.0 0.0 0.0 0.0 0.022494545 0.0 0.022036556 0.0 0.03652883 0.0 0.0 0.0
0.0 0.050949413 0.0 0.0 0.0 0.0 0.030970084 0.012919032 0.0 0.030993551 0.0 0.0 0.0 0.0 0.011035052 0.058569014 0.0 0.0 0.0 0.0 0.0 0.0 0.0015437201 0.014817043 0.0 0.0 0.0 0.03617863 0.0 0.0 0.0 0.0 0.0 0.014124702 0.081973664 0.0 0.12895595 0.01030766 0.10952456 0.0 0.0 0.0 0.0 0.0012315707 0.0 0.0 0.0 0.0 0.0 0.0 0.0 0.15255177 0.0 0.0 0.0 0.10390615
0.0 0.0 0.10751118 0.0056157713 0.0 0.0 0.026541393 0.022037951 0.0 0.007946981 0.0 0.03992769 0.0 0.0 0.0 0.0 0.1859626 0.0 0.0 0.0 0.14351276 0.0 0.01016429 0.0 0.0 0.0 0.0 0.0 0.0 0.07273498 0.0 0.0 0.020007752 0.0 0.0 0.0 0.011848345 0.022528507 0.14369656 0.0 0.0 0.0 0.0 0.04265714 0.047721975 0.0 0.0 0.0037112897 0.0 0.0101367 0.0 0.0 0.0 0.0 0.007494056 0.0
0.0 0.0 0.0 0.009180304 0.030970084 0.026541393 0.0 0.0 0.04639512 0.0 0.0 0.0 0.071580894 0.024549289 0.0 0.0 0.0 0.0 0.0 0.0 0.0 0.0 0.0 0.0 0.0 0.0 0.0 0.0 0.0 0.0 0.0 0.18086526 0.0 0.0 0.0 0.002538872 0.0 0.0 0.0 0.013316927 0.0 0.013997423 0.24567068 0.0 0.0 0.0 0.056046765 0.0 0.18164977 0.0 0.0 0.0 0.0 0.0 0.0 0.005784289
0.0033205552 0.0 0.0 0.0 0.012919032 0.022037951 0.0 0.0 0.0 0.0 0.0 0.0 0.037763868 0.0 0.0 0.026706211 0.0 0.0 0.0 0.13772078 0.0 0.07650739 0.023352334 0.0 0.09689268 0.020122306 0.0 0.0 0.0 0.02874581 0.013642448 0.0 0.0 0.0 0.04931918 0.09901311 0.0 0.0 0.0 0.0 0.016533444 0.0 0.0 0.071483776 0.0 0.012758284 0.0 0.024398563 0.016645188 0.0066869347 0.03875378 0.0 0.12222681 0.03792209 0.08803587 0.007453292
0.0 0.0 0.0 0.0 0.0 0.0 0.04639512 0.0 0.0 0.022783518 0.0 0.0 0.0 0.0 0.0 0.20051715 0.05105551 0.0 0.0 0.0 0.0 0.0 0.0 0.0 0.0 0.0 0.0 0.032344077 0.0 0.0 0.0 0.0 0.0 0.0 0.03968377 0.0 0.0 0.005118571 0.101402394 0.010047557 0.005915692 0.10235445 0.13120559 0.0 0.0 0.0 0.0 0.0 0.0 0.0 0.0 0.02509384 0.0 0.017404746 0.0 0.08340712
0.0 0.0 0.0 0.0 0.030993551 0.00794698 0.0 0.0 0.022783518 0.044517294 0.033704862 0.0 0.0 0.0 0.08175072 0.0 0.0 0.026255177 0.0 0.0 0.0 0.01897608 0.0 0.0380137 0.11218338 0.0 0.0 0.0 0.20559393 0.1580434 0.0 0.0 0.0 0.0015435863 0.0 0.16784248 0.0 0.0 0.0 0.0 0.0 0.0 0.0 0.12223232 0.021374378 0.037131067 0.0 0.0 0.0 0.107366756 0.0 0.0 0.1131379 0.0 0.0 0.0
0.009549176 0.011933872 0.004411221 0.044874106 0.0 0.0 0.0 0.0 0.0 0.033704862 0.0 0.0 0.0 0.0 0.0 0.0 0.0042583626 0.0 0.0 0.0 0.009284511 0.0 0.0 0.0 0.0 0.0 0.0 0.0 0.0 0.0 0.0 0.05620659 0.0 0.0896406 0.0 0.0 0.0 0.0 0.032554712 0.0 0.0577189 0.0 0.0 0.10766673 0.05943139 0.0 0.0 0.004788861 0.0 0.018147344 0.22528526 0.030444013 0.0 0.0 0.0 0.0
0.0 0.0 0.1457449 0.0 0.0 0.03992769 0.0 0.0 0.0 0.0 0.0 0.0 0.0 0.0 0.0 0.0 0.0 0.0 0.36947885 0.0 0.0 0.0 0.0 0.0 0.0 0.0 0.0 0.0 0.0 0.0 0.0 0.0 0.0 0.0 0.0 0.0 0.015799083 0.0 0.0 0.0 0.0 0.043403894 0.04610963 0.0 0.0 0.0 0.26182646 0.0 0.0 0.0 0.0 0.0 0.0 0.04670527 0.0 0.029295847
0.0 0.0 0.0 0.0 0.0 0.0 0.071580894 0.037763868 0.0 0.0 0.0 0.0 0.0 0.09121492 0.0 0.030042328 0.0 0.0 0.0 0.0 0.0 0.0 0.0 0.0 0.0 0.0 0.0031663135 0.14137441 0.0 0.0 0.0 0.0 0.004914649 0.0 0.024898207 0.0 0.0 0.0 0.0 0.18891782 0.021031298 0.0 0.016958026 0.0 0.04761388 0.0 0.0 0.0 0.010622365 0.0 0.0 0.0 0.0 0.16344805 0.0 0.014623209
0.0 0.0 0.0 0.0 0.0 0.0 0.024549289 0.0 0.0 0.0 0.0 0.0 0.09121492 0.0 0.0 0.0 0.0 0.0 0.0 0.0 0.0 0.0 0.0 0.0 0.0 0.088084 0.0 0.068331905 0.095392086 0.0 0.07990178 0.0 0.0 0.021957565 0.0 0.0 0.0 0.0 0.0 0.012602971 0.18438111 0.00027756015 0.09089403 0.0 0.037990633 0.0 0.0 0.0 0.0 0.0 0.0 0.009020252 0.0 0.055701576 0.05863273 0.1747896
0.09151252 0.0 0.0 0.0 0.011035052 0.0 0.0 0.0 0.0 0.08175072 0.0 0.0 0.0 0.0 0.0 0.0072753746 0.0 0.044440385 0.0 0.0 0.0 0.0 0.14998572 0.21667519 0.0 0.0 0.0 0.0 0.0 0.0 0.0 0.0 0.08544695 0.0 0.09320947 0.0 0.0 0.047927365 0.0 0.0 0.0 0.0 0.0 0.0 0.029290471 0.0 0.0 0.09761588 0.022651928 0.0 0.09258831 0.0 0.0 0.0 0.024950929 0.0
0.0 0.040276334 0.0 0.009079505 0.058569018 0.0 0.0 0.02670621 0.20051715 0.0 0.0 0.0 0.03004233 0.0 0.007275374 0.0 0.041061234 0.004514262 0.0 0.0 0.0 0.0 0.0 0.008514636 0.0 0.0 0.0 0.0 0.0 0.0 0.0 0.22915934 0.0 0.0 0.0 0.06603835 0.0 0.07232885 0.01999693 0.0 0.00023788241 0.12096532 0.019453123 0.0 0.0 0.0 0.038908076 0.0 0.0 0.0 0.013603823 0.004428828 0.0 0.03974339 0.0 0.0
0.0 0.03006053 0.0 0.008922333 0.0 0.1859626 0.0 0.0 0.05105551 0.0 0.0042583626 0.0 0.0 0.0 0.0 0.041061234 0.0 0.0 0.17336582 0.07582036 0.0 0.0 0.0 0.031959295 0.0 0.0 0.03163512 0.0 0.0 0.0 0.0 0.0 0.0 0.0 0.02116462 0.0 0.13018292 0.021301541 0.0 0.023038264 0.0 0.0 0.0 0.0 0.0 0.0 0.09927709 0.0 0.0 0.0 0.0 0.0 0.0 0.0 0.0 0.0
0.0 0.0 0.033153206 0.0 0.0 0.0 0.0 0.0 0.0 0.02625518 0.0 0.0 0.0 0.0 0.04444038 0.0045142625 0.0 0.17717952 0.0 0.0 0.071846336 0.0 0.0 0.0 0.0 0.015809752 0.0 0.0 0.0 0.0 0.0 0.0 0.055851605 0.012770879 0.038621973 0.0 0.0 0.0 0.008251545 0.011771238 0.0 0.0054840804 0.0 0.0 0.07957827 0.028464716 0.0 0.12616502 0.0 0.021823147 0.0045006005 0.113237694 0.0 0.0 0.02702782 0.0
0.0 0.0 0.0 0.0 0.0 0.0 0.0 0.0 0.0 0.0 0.0 0.36947885 0.0 0.0 0.0 0.0 0.17336583 0.0 0.0 0.0 0.032750357 0.0 0.0 0.0 0.0 0.0 0.0 0.0 0.0 0.0 0.0 0.0 0.10255958 0.0 0.0 0.0 0.0 0.0 0.027674336 0.0 0.0 0.10880042 0.015904345 0.031132665 0.0 0.0 0.0 0.0 0.0 0.0 0.0 0.0 0.0 0.0 0.0 0.0
0.19860817 0.0 0.0 0.0 0.0 0.0 0.0 0.13772078 0.0 0.0 0.0 0.0 0.0 0.0 0.0 0.0 0.07582036 0.0 0.0 0.0 0.0 0.0 0.0 0.03179354 0.00494034 0.0 0.0 0.0 0.0 0.08736019 0.0 0.0 0.0 0.0 0.0 0.0519276 0.0 0.0 0.0053430474 0.0 0.067918025 0.0 0.0 0.031880166 0.08095594 0.0 0.037906613 0.0 0.0 0.0 0.0 0.012258848 0.0 0.028120691 0.0 0.0
0.0 0.050666947 0.0 0.079867244 0.0 0.14351276 0.0 0.0 0.0 0.0 0.009284511 0.0 0.0 0.0 0.0 0.0 0.0 0.07184633 0.032750357 0.0 0.12642793 0.01664635 0.023892004 0.0 0.015282868 0.0 0.005983561 0.0 0.0 0.0 0.0065900357 0.027154462 0.061723534 0.0 0.0 0.00065406977 0.0 0.0 0.117828526 0.0 0.0 0.041912295 0.009342207 0.0 0.0 0.0 0.0 0.0 0.027212787 0.017055983 0.0 0.0 0.04669797 0.014919108 0.0 0.0
0.050662063 0.0 0.0 0.0 0.0 0.0 0.0 0.07650739 0.0 0.01897608 0.0 0.0 0.0 0.0 0.0 0.0 0.0 0.0 0.0 0.0 0.01664635 0.0 0.07786273 0.06893211 0.0 0.0 0.041922044 0.018114556 0.0 0.0 0.0 0.0 0.009695867 0.0 0.09734089 0.0 0.0807421 0.0 0.0 0.046987053 0.0 0.0 0.0 0.0 0.06315105 0.0 0.0013885336 0.06850714 0.0 0.0 0.0 0.009947754 0.0 0.016997373 0.10446527 0.0
0.0 0.12888859 0.0 0.014499853 0.0015437201 0.010164291 0.0 0.023352334 0.0 0.0 0.0 0.0 0.0 0.0 0.14998572 0.0 0.0 0.0 0.0 0.0 0.023892002 0.07786273 0.0 0.045978736 0.097638875 0.07572964 0.0 0.020489762 0.005297078 0.039368097 0.0 0.0 0.0 0.0 0.0 0.033759866 0.0 0.0 0.0717589 0.015594167 0.013634969 0.0 0.0 0.08803092 0.0 0.0681921 0.0 0.0 0.0 0.0017989709 0.08013748 0.0 0.022442691 0.0 0.0 0.0
0.0 0.0 0.0 0.0 0.014817042 0.0 0.0 0.0 0.0 0.0380137 0.0 0.0 0.0 0.0 0.21667519 0.008514636 0.031959295 0.0 0.0 0.03179354 0.0 0.068932116 0.045978732 0.005127397 0.09721956 0.10092753 0.0 0.0 0.0061925743 0.050824158 0.0 0.0 0.0 0.009570191 0.049757563 0.04046123 0.0 0.009007946 0.00246074 0.0 0.0 0.0 0.0 0.09592407 0.0 0.045950826 0.0 0.0 0.0 0.0 0.0 0.0 0.024520386 0.0 0.014083293 0.0
0.0 0.0 0.002621504 0.038869172 0.0 0.0 0.0 0.096892685 0.0 0.11218337 0.0 0.0 0.0 0.0 0.0 0.0 0.0 0.0 0.0 0.00494034 0.015282868 0.0 0.097638875 0.09721955 0.0 0.021001736 0.0 0.011336478 0.0 0.0 0.0 0.0 0.0 0.0 0.116655566 0.0 0.12174791 0.0 0.0 0.0 0.0 0.0 0.0 0.0 0.0 0.0 0.0 0.15518656 0.0 0.017595947 0.0069341627 0.1312863 0.0 0.0 0.0 0.0
0.038682215 0.0 0.0 0.012771196 0.0 0.0 0.0 0.020122306 0.0 0.0 0.0 0.0 0.0 0.088084 0.0 0.0 0.0 0.015809754 0.0 0.0 0.0 0.0 0.07572964 0.10092753 0.021001736 0.044557042 0.06206752 0.0 0.0 0.012751856 0.018880885 0.0 0.0 0.0 0.0 0.0 0.0 0.0 0.034216657 0.0 0.060064655 0.0 0.0 0.0 0.091335446 0.0041922503 0.0 0.0047466764 0.0 0.0 0.07468624 0.013995942 0.049904853 0.0 0.124011 0.0
0.0 0.04899003 0.0 0.0 0.0 0.0 0.0 0.0 0.0 0.0 0.0 0.0 0.0031663135 0.0 0.0 0.0 0.03163512 0.0 0.0 0.0 0.005983561 0.041922044 0.0 0.0 0.0 0.06206752 0.0 0.04536684 0.0 0.0 0.0 0.025369909 0.0 0.0 0.0 0.0 0.0 0.0 0.03781504 0.068687424 0.10282016 0.0 0.0 0.09319577 0.097001635 0.0 0.0 0.0 0.0 0.014792722 0.14968495 0.0 0.012392067 0.05159907 0.02392954 0.036341347
0.0 0.0 0.0 0.13045067 0.036178626 0.0 0.0 0.0 0.032344077 0.0 0.0 0.0 0.14137441 0.068331905 0.0 0.0 0.0 0.0 0.0 0.0 0.0 0.018114556 0.020489762 0.0 0.011336479 0.0 0.04536684 0.0 0.0 0.0 0.17601883 0.09117215 0.0 0.0 0.0 0.0 0.0 0.0 0.0 0.11583452 0.0 0.024553454 0.0 0.0 0.0 0.0 0.008522475 0.0 0.03372173 0.0 0.06306045 0.0 0.0 0.0 0.0 0.0
0.13581723 0.0 0.0 0.0 0.0 0.0 0.0 0.0 0.0 0.20559393 0.0 0.0 0.0 0.095392086 0.0 0.0 0.0 0.0 0.0 0.0 0.0 0.0 0.0052970774 0.0061925743 0.0 0.0 0.0 0.0 0.0 0.0 0.0 0.0 0.033388715 0.0 0.10343042 0.0 0.0 0.0 0.0 0.0 0.0 0.0 0.0 0.0 0.0 0.0 0.0 0.013739916 0.03120966 0.013542829 0.0 0.043289494 0.0 0.089247786 0.0 0.0
0.06158917 0.0 0.0 0.0 0.0 0.07273498 0.0 0.02874581 0.0 0.15804338 0.0 0.0 0.0 0.0 0.0 0.0 0.0 0.0 0.0 0.08736019 0.0 0.0 0.039368097 0.05082416 0.0 0.012751855 0.0 0.0 0.0 0.015132848 0.0 0.0 0.0 0.0 0.055373657 0.0 0.11835336 0.024479575 0.0 0.0 0.0 0.0 0.0 0.0 0.0 0.0051443554 0.004662827 0.06909786 0.0 0.0 0.012584823 0.010561884 0.0 0.0 0.0 0.0
0.040925678 0.049718436 0.0 0.07992227 0.0 0.0 0.0 0.013642448 0.0 0.0 0.0 0.0 0.0 0.07990178 0.0 0.0 0.0 0.0 0.0 0.0 0.0065900357 0.0 0.0 0.0 0.0 0.018880883 0.0 0.17601882 0.0 0.0 0.0 0.03890799 0.0 0.0 0.0 0.0 0.0 0.0 0.009098712 0.118562974 0.047472484 0.030702999 0.0 0.0 0.0 0.029839365 0.0 0.023310395 0.0 0.024321342 0.06158047 0.010124004 0.010037368 0.06033178 0.009586475 0.0
0.0 0.0 0.0 0.015370958 0.0 0.0 0.18086526 0.0 0.0 0.0 0.05620659 0.0 0.0 0.0 0.0 0.22915933 0.0 0.0 0.0 0.0 0.027154462 0.0 0.0 0.0 0.0 0.0 0.025369907 0.091172144 0.0 0.0 0.03890799 0.0 0.0 0.15116139 0.0 0.0 0.11693904 0.0 0.0072295996 0.004011747 0.0 0.016733738 0.0 0.0 0.0 0.0 0.0 0.0 0.0 0.0 0.0 0.07999143 0.0 0.0 0.0 0.0
0.018080642 0.15378144 0.0 0.06151817 0.0 0.020007752 0.0 0.0 0.0 0.0 0.0 0.0 0.004914649 0.0 0.08544695 0.0 0.0 0.055851605 0.10255958 0.0 0.06172353 0.009695866 0.0 0.0 0.0 0.0 0.0 0.0 0.033388715 0.0 0.0 0.0 0.0 0.051016506 0.0 0.0 0.008469278 0.0 0.005164166 0.0 0.0 0.16355085 0.022824112 0.0 0.0 0.016279561 0.13783899 0.0 0.0 0.0 0.0 0.0 0.06248866 0.0 0.0 0.007502816
0.00074259716 0.0 0.0 0.0 0.014124703 0.0 0.0 0.0 0.0 0.0015435863 0.0896406 0.0 0.0 0.021957565 0.0 0.0 0.0 0.012770879 0.0 0.0 0.0 0.0 0.0 0.009570191 0.0 0.0 0.0 0.0 0.0 0.0 0.0 0.15116139 0.051016506 0.10258251 0.0 0.021341354 0.003414098 0.06295677 0.0 0.038710754 0.020784479 0.0 0.0 0.01607789 0.006875478 0.0 0.0 0.00435662 0.111471824 0.0 0.0 0.122785866 0.0 0.036433734 0.0 0.0
0.012810512 0.0 0.0 0.0 0.08197367 0.0 0.0 0.04931918 0.039683767 0.0 0.0 0.0 0.024898207 0.0 0.093209475 0.0 0.02116462 0.038621973 0.0 0.0 0.0 0.09734089 0.0 0.049757563 0.11665556 0.0 0.0 0.0 0.10343043 0.055373657 0.0 0.0 0.0 0.0 0.1387503 0.05017216 0.0 0.0 0.0 0.0 0.0 0.0 0.0 0.0 0.07374644 0.0 0.0 0.013271981 0.0 0.0 0.0 0.0 0.017578494 0.0 0.0 0.0
0.119083926 0.0 0.0 0.0 0.0 0.0 0.002538872 0.09901312 0.0 0.16784248 0.0 0.0 0.0 0.0 0.0 0.06603835 0.0 0.0 0.0 0.0519276 0.00065406977 0.0 0.033759866 0.040461235 0.0 0.0 0.0 0.0 0.0 0.0 0.0 0.0 0.0 0.021341354 0.05017216 0.0 0.07407882 0.1326315 0.0 0.0 0.0 0.0 0.0 0.0 0.0 0.0 0.0 0.023984205 0.01713734 0.0 0.00695791 0.040375482 0.0 0.0 0.08898639 0.0
0.0 0.0062453602 0.09184427 0.0 0.12895595 0.011848345 0.0 0.0 0.0 0.0 0.0 0.015799083 0.0 0.0 0.0 0.0 0.13018292 0.0 0.0 0.0 0.0 0.0807421 0.0 0.0 0.121747926 0.0 0.0 0.0 0.0 0.11835337 0.0 0.11693903 0.008469277 0.003414098 0.0 0.07407881 0.0 0.0 0.0 0.0 0.0 0.0 0.0 0.0 0.015431943 0.093659975 0.0 0.0 0.019437362 0.014670923 0.0 0.0 0.110057734 0.0 0.0 0.0
0.0 0.06757411 0.005205809 0.06714791 0.010307659 0.022528505 0.0 0.0 0.005118571 0.0 0.0 0.0 0.0 0.0 0.047927365 0.07232884 0.021301543 0.0 0.0 0.0 0.0 0.0 0.0 0.009007946 0.0 0.0 0.0 0.0 0.0 0.024479575 0.0 0.0 0.0 0.06295677 0.0 0.1326315 0.0 0.0 0.01658974 0.0 0.0 0.058355227 0.03185677 0.04693475 0.0 0.107382484 0.0 0.0 0.0 0.0 0.0 0.095487066 0.0 0.0 0.0 0.0
0.0 0.06299966 0.016703611 0.055936173 0.10952456 0.14369656 0.0 0.0 0.101402394 0.0 0.032554712 0.0 0.0 0.0 0.0 0.019996928 0.0 0.008251544 0.027674336 0.0053430474 0.117828526 0.0 0.07175891 0.0024607403 0.0 0.034216657 0.037815038 0.0 0.0 0.0 0.009098713 0.0072295996 0.005164166 0.0 0.0 0.0 0.0 0.01658974 0.0 0.0 0.0 0.0 0.0 0.0 0.0 0.14405215 0.07182988 0.0 0.0 0.0 0.0059920372 0.0074083265 0.018037071 0.0 0.0 0.0
0.0 0.026878709 0.0 0.01622071 0.0 0.0 0.013316927 0.0 0.010047556 0.0 0.0 0.0 0.18891782 0.012602971 0.0 0.0 0.023038263 0.011771239 0.0 0.0 0.0 0.04698705 0.015594167 0.0 0.0 0.0 0.068687424 0.11583453 0.0 0.0 0.11856297 0.004011747 0.0 0.038710754 0.0 0.0 0.0 0.0 0.0 0.10872797 0.050464 0.043642525 0.13175698 0.0 0.0 0.0 0.0 0.0 0.0 0.0 0.014466319 0.0 0.0 0.09282008 0.07875175 0.0
0.0 0.0 0.0 0.0 0.0 0.0 0.0 0.016533442 0.0059156916 0.0 0.057718895 0.0 0.0210313 0.18438111 0.0 0.00023788241 0.0 0.0 0.0 0.067918025 0.0 0.0 0.013634969 0.0 0.0 0.060064655 0.10282016 0.0 0.0 0.0 0.047472488 0.0 0.0 0.020784479 0.0 0.0 0.0 0.0 0.0 0.050464004 0.13047162 0.0 0.0 0.0 0.0 0.0 0.0 0.0 0.08255418 0.0 0.019856976 0.0 0.0 0.035796244 0.060532283 0.0
0.0 0.0 0.0 0.05805652 0.0 0.0 0.013997423 0.0 0.10235445 0.0 0.0 0.043403897 0.0 0.00027756015 0.0 0.12096532 0.0 0.005484081 0.10880042 0.0 0.0419123 0.0 0.0 0.0 0.0 0.0 0.0 0.024553454 0.0 0.0 0.030702997 0.016733738 0.16355085 0.0 0.0 0.0 0.0 0.05835523 0.0 0.043642525 0.0 0.0 0.0 0.0 0.0 0.0 0.0 0.0 0.1382636 0.033526648 0.0 0.0 0.0 0.0 0.0 0.0
0.0 0.0 0.0 0.0 0.0 0.0 0.24567068 0.0 0.13120559 0.0 0.0 0.04610963 0.016958026 0.09089403 0.0 0.019453123 0.0 0.0 0.015904345 0.0 0.009342206 0.0 0.0 0.0 0.0 0.0 0.0 0.0 0.0 0.0 0.0 0.0 0.022824112 0.0 0.0 0.0 0.0 0.03185677 0.0 0.13175698 0.0 0.0 0.0 0.0 0.0 0.0 0.0 0.0 0.112289585 0.0 0.0 0.0 0.0 0.009378125 0.0 0.0
0.0 0.022005035 0.0 0.0 0.0012315707 0.04265714 0.0 0.07148377 0.0 0.12223232 0.10766673 0.0 0.0 0.0 0.0 0.0 0.0 0.0 0.031132665 0.031880166 0.0 0.0 0.08803092 0.09592408 0.0 0.0 0.09319578 0.0 0.0 0.0 0.0 0.0 0.0 0.01607789 0.0 0.0 0.0 0.04693475 0.0 0.0 0.0 0.0 0.0 0.0 0.0 0.0 0.007582041 0.0 0.0039642113 0.0 0.0202753 0.03976555 0.0 0.0 0.007946237 0.0
0.0 0.0 0.0 0.0 0.0 0.047721975 0.0 0.0 0.0 0.021374378 0.05943139 0.0 0.04761388 0.037990633 0.029290471 0.0 0.0 0.079578266 0.0 0.080955945 0.0 0.06315105 0.0 0.0 0.0 0.09133545 0.097001635 0.0 0.0 0.0 0.0 0.0 0.0 0.006875478 0.073746435 0.0 0.015431943 0.0 0.0 0.0 0.0 0.0 0.0 0.0 0.027142862 0.082229584 0.0 0.016078964 0.0 0.21950603 0.012320182 0.0027308774 0.0 0.0 0.034175213 0.0
0.033480734 0.0 0.0037919008 0.0 0.0 0.0 0.0 0.012758284 0.0 0.037131067 0.0 0.0 0.0 0.0 0.0 0.0 0.0 0.028464718 0.0 0.0 0.0 0.0 0.0681921 0.045950826 0.0 0.00419225 0.0 0.0 0.0 0.005144356 0.029839363 0.0 0.016279563 0.0 0.0 0.0 0.09365997 0.107382484 0.14405215 0.0 0.0 0.0 0.0 0.0 0.082229584 0.036498647 0.0 0.09292893 0.0 0.0 0.028903153 0.0 0.0 0.0 0.019132681 0.0
0.0 0.0 0.058682073 0.0 0.0 0.0 0.056046765 0.0 0.0 0.0 0.0 0.26182646 0.0 0.0 0.0 0.038908076 0.09927709 0.0 0.0 0.037906613 0.0 0.0013885336 0.0 0.0 0.0 0.0 0.0 0.008522476 0.0 0.004662827 0.0 0.0 0.13783899 0.0 0.0 0.0 0.0 0.0 0.07182987 0.0 0.0 0.0 0.0 0.0075820405 0.0 0.0 0.0 0.0 0.15222678 0.01311146 0.0 0.0 0.05877167 0.0 0.0 0.0
0.027186891 0.011492165 0.0899686 0.0 0.0 0.00371129 0.0 0.024398563 0.0 0.0 0.004788861 0.0 0.0 0.0 0.09761588 0.0 0.0 0.12616502 0.0 0.0 0.0 0.06850714 0.0 0.0 0.15518656 0.004746677 0.0 0.0 0.0137399165 0.06909786 0.023310395 0.0 0.0 0.0043566194 0.013271981 0.023984205 0.0 0.0 0.0 0.0 0.0 0.0 0.0 0.0 0.016078964 0.09292893 0.0 0.0 0.0 0.11227906 0.024101712 0.0 0.0068431427 0.01766799 0.0 0.0
0.0 0.08451609 0.037047453 0.022494547 0.0 0.0 0.18164977 0.016645186 0.0 0.0 0.0 0.0 0.0106223645 0.0 0.022651928 0.0 0.0 0.0 0.0 0.0 0.027212787 0.0 0.0 0.0 0.0 0.0 0.0 0.033721726 0.031209659 0.0 0.0 0.0 0.0 0.111471824 0.0 0.01713734 0.019437363 0.0 0.0 0.0 0.08255418 0.1382636 0.112289585 0.003964211 0.0 0.0 0.15222678 0.0 0.0 0.0 0.0 0.049049776 0.033386614 0.0 0.0 0.0943233
0.12379245 0.0 0.0 0.0 0.0 0.0101367 0.0 0.006686935 0.0 0.10736675 0.018147344 0.0 0.0 0.0 0.0 0.0 0.0 0.021823147 0.0 0.0 0.017055985 0.0 0.0017989707 0.0 0.017595947 0.0 0.014792722 0.0 0.013542828 0.0 0.024321342 0.0 0.0 0.0 0.0 0.0 0.014670923 0.0 0.0 0.0 0.0 0.033526648 0.0 0.0 0.21950604 0.0 0.013111461 0.11227906 0.0 0.0 0.0 0.0 0.0 0.0 0.0 0.0
0.0 0.062447116 0.0 0.022036556 0.0 0.0 0.0 0.03875378 0.0 0.0 0.22528528 0.0 0.0 0.0 0.092588305 0.013603822 0.0 0.0045006005 0.0 0.0 0.0 0.0 0.08013747 0.0 0.006934162 0.07468624 0.14968494 0.06306045 0.0 0.012584824 0.06158047 0.0 0.0 0.0 0.0 0.00695791 0.0 0.0 0.0059920372 0.014466318 0.019856978 0.0 0.0 0.0202753 0.012320181 0.02890315 0.0 0.02410171 0.0 0.0 0.0 0.027417883 0.0 0.0 0.09832285 0.0
0.0 0.0 0.0 0.0 0.15255176 0.0 0.0 0.0 0.02509384 0.0 0.030444011 0.0 0.0 0.009020252 0.0 0.0044288286 0.0 0.113237694 0.0 0.012258848 0.0 0.0099477535 0.0 0.0 0.13128628 0.013995942 0.0 0.0 0.043289494 0.010561883 0.010124004 0.07999144 0.0 0.122785866 0.0 0.040375482 0.0 0.095487066 0.007408327 0.0 0.0 0.0 0.0 0.03976555 0.0027308774 0.0 0.0 0.0 0.04904978 0.0 0.027417883 0.0 0.065708704 0.0 0.0 0.0
0.059771363 0.0 0.0 0.03652883 0.0 0.0 0.0 0.12222681 0.0 0.1131379 0.0 0.0 0.0 0.0 0.0 0.0 0.0 0.0 0.0 0.0 0.04669797 0.0 0.022442691 0.024520384 0.0 0.049904857 0.012392066 0.0 0.0 0.0 0.010037368 0.0 0.06248866 0.0 0.017578496 0.0 0.11005774 0.0 0.018037071 0.0 0.0 0.0 0.0 0.0 0.0 0.0 0.05877167 0.006843143 0.033386614 0.0 0.0 0.065708704 0.0 0.0 0.0 0.0079035275
0.0 0.0 0.0 0.0 0.0 0.0 0.0 0.03792209 0.017404746 0.0 0.0 0.04670527 0.16344805 0.055701576 0.0 0.03974339 0.0 0.0 0.0 0.028120693 0.014919107 0.01699737 0.0 0.0 0.0 0.0 0.051599067 0.0 0.08924778 0.0 0.06033178 0.0 0.0 0.036433734 0.0 0.0 0.0 0.0 0.0 0.09282008 0.035796244 0.0 0.009378124 0.0 0.0 0.0 0.0 0.01766799 0.0 0.0 0.0 0.0 0.0 0.10277489 0.041036934 0.041458543
0.0 0.023797812 0.0 0.0 0.0 0.0074940566 0.0 0.08803587 0.0 0.0 0.0 0.0 0.0 0.058632735 0.024950927 0.0 0.0 0.02702782 0.0 0.0 0.0 0.10446527 0.0 0.014083292 0.0 0.12401101 0.02392954 0.0 0.0 0.0 0.009586475 0.0 0.0 0.0 0.0 0.08898639 0.0 0.0 0.0 0.07875175 0.06053228 0.0 0.0 0.007946237 0.03417521 0.019132681 0.0 0.0 0.0 0.0 0.09832285 0.0 0.0 0.041036937 0.11416967 0.0
0.024170473 0.0 0.2790525 0.0 0.10390615 0.0 0.0057842894 0.0074532926 0.08340713 0.0 0.0 0.029295847 0.014623209 0.1747896 0.0 0.0 0.0 0.0 0.0 0.0 0.0 0.0 0.0 0.0 0.0 0.0 0.036341343 0.0 0.0 0.0 0.0 0.0 0.0075028166 0.0 0.0 0.0 0.0 0.0 0.0 0.0 0.0 0.0 0.0 0.0 0.0 0.0 0.0 0.0 0.0943233 0.0 0.0 0.0 0.0079035275 0.041458543 0.0 0.0
