0.0 0.0 0.0 0.0 0.0 0.051654473 0.0 0.0 0.0 0.0 0.0 0.0 0.0 0.0 0.0 0.0 0.07120236 0.07622047 0.0 0.0 0.0 0.0 0.0 0.0 0.0 0.0 0.023674667 0.0 0.07644351 0.08284355 0.0 0.0 0.117073245 0.0 0.0 0.009236958 0.0 0.0 0.10532717 0.0 0.01034971 0.116406485 0.0 0.0 0.13765062 0.010290542 0.09991088 0.0 0.0103068715 0.066109486 0.0058342675 0.0 0.041905776 0.0 0.0 0.0
0.0 0.20498158 0.032509238 0.0 0.025811331 0.0 0.0 0.04956021 0.0 0.0 0.068280436 0.0 0.0 0.0 0.0 0.0 0.0 0.14877875 0.09510054 0.040199887 0.037769087 0.0 0.0 0.0 0.07652747 0.014424223 0.0 0.0 0.0 0.0 0.0 0.0 0.0 0.0 0.0 0.023599518 0.0 0.0 0.0 0.0 0.0 0.0 0.0 0.047065593 0.0 0.0 0.0 0.0 0.027467793 0.03256657 0.0 0.04775082 0.029150637 0.0 0.0 0.0
0.0 0.032509238 0.0 0.0 0.0 0.0 0.0 0.0066184103 0.027003415 0.0 0.0 0.0 0.0 0.0837073 0.0 0.052620064 0.0 0.014905673 0.07389587 0.029512445 0.0 0.0 0.0594442 0.028324306 0.0 0.0 0.031819675 0.062162153 0.0 0.005467311 0.0 0.0 0.0 0.0 0.0 0.0 0.10309697 0.0 0.0 0.0 0.0 0.0 0.0 0.0 0.09869858 0.027058907 0.0 0.0 0.0 0.0 0.017792776 0.0 0.0 0.13735338 0.0 0.0
0.0 0.0 0.0 0.0 0.011189837 0.0 0.0 0.0 0.0 0.0 0.0 0.0 0.0 0.0066492567 0.044074886 0.10299428 0.0 0.0 0.12085318 0.0 0.054859642 0.041235078 0.0 0.0 0.11896097 0.083346784 0.0 0.0756069 0.0 0.0 0.13236392 0.0 0.037705973 0.0 0.0 0.008153515 0.0 0.0 0.0 0.0 0.0 0.0 0.0 0.0 0.0 0.0 0.0 0.016437916 0.0 0.0 0.0 0.0 0.0357599 0.0 0.0 0.0
0.0 0.02581133 0.0 0.011189837 0.0034972068 0.0 0.0 0.09839101 0.030989323 0.0 0.0 0.0 0.0 0.07908619 0.0 0.0 0.0 0.023494007 0.0 0.0 0.006307634 0.020334542 0.0 0.17993692 0.0 0.017067824 0.0 0.0134175485 0.0 0.0 0.0 0.0 0.0 0.0 0.08084754 0.17121159 0.0 0.0 0.0 0.0 0.0 0.0 0.05928761 0.0 0.0 0.06426287 0.0 0.0 0.0 0.0 0.004152685 0.0069123115 0.007641439 0.0 0.0032725676 0.0
0.051654473 0.0 0.0 0.0 0.0 0.0 0.0 0.0 0.0 0.0 0.03189371 0.0 0.0 0.0 0.0 0.07660668 0.0 0.030129677 0.0 0.0 0.054368906 0.0 0.0 0.0 0.0 0.11097939 0.0 0.16540095 0.0 0.0 0.01092337 0.0 0.16430093 0.0 0.008034167 0.0 0.0 0.0 0.0 0.008870228 0.0 0.0 0.0 0.0 0.019504774 0.0 0.0 0.018598976 0.044097014 0.025543245 0.08768146 0.009065393 0.0 0.0 0.014199317 0.0
0.0 0.0 0.0 0.0 0.0 0.0 0.0 0.0 0.0 0.0 0.0 0.0 0.0 0.090075314 0.0 0.0 0.0 0.012378628 0.0 0.0 0.0 0.0 0.0 0.0 0.0 0.0 0.0 0.07626336 0.0 0.0 0.0 0.014872823 0.0 0.0 0.025269195 0.0 0.0 0.0 0.0 0.114970885 0.23134965 0.023667755 0.0 0.0 0.0 0.0 0.01593215 0.0 0.0 0.0 0.0 0.022749666 0.0 0.08117721 0.061834536 0.08620167
0.0 0.04956021 0.006618411 0.0 0.098391004 0.0 0.0 0.0 0.01885078 0.0 0.0 0.0 0.13896066 0.0 0.0 0.0 0.15443866 0.02067254 0.0 0.0 0.0 0.0 0.0 0.0 0.0 0.0 0.0 0.0 0.0040370044 0.08896801 0.0 0.051840466 0.0 0.008740601 0.0 0.011816856 0.0 0.0 0.02330514 0.0 0.0040837573 0.13880251 0.006071337 0.0 0.0 0.011484284 0.17598861 0.0 0.0 0.0 0.0 0.0 0.11214187 0.12746501 0.0 0.0
0.0 0.0 0.027003417 0.0 0.030989325 0.0 0.0 0.01885078 0.0 0.0 0.0 0.0 0.039133813 0.18848798 0.0 0.0043967664 0.0 0.0 0.0 0.05209566 0.0 0.0 0.0 0.0 0.0 0.0 0.0 0.0 0.0 0.07057402 0.0 0.050481528 0.0 0.0 0.0 0.105418414 0.0 0.0 0.0 0.0 0.0 0.0014318278 0.0 0.17624879 0.0 0.0 0.0 0.0 0.0 0.0 0.0 0.0 0.14779551 0.0 0.0 0.0
0.0 0.0 0.0 0.0 0.0 0.0 0.0 0.0 0.0 0.0 0.0 0.0 0.2538263 0.0 0.0 0.0 0.073574126 0.0 0.0 0.0 0.0 0.0 0.009808266 0.019201253 0.0 0.0 0.050270453 0.0 0.0076364474 0.0 0.0 0.0 0.07312887 0.0 0.011144592 0.0 0.0 0.0 0.13337275 0.0 0.16627122 0.0 0.031736642 0.0 0.009622314 0.0 0.051752884 0.0 0.008470891 0.042184964 0.010677665 0.0 0.00061303884 0.14951757 0.008487006 0.0
0.0 0.068280436 0.0 0.0 0.0 0.03189371 0.0 0.0 0.0 0.0 0.0 0.0 0.0 0.0 0.0 0.0 0.11170333 0.0 0.0 0.0 0.0975071 0.15200768 0.0 0.0 0.0 0.0017112145 0.0 0.0 0.0 0.0 0.0 0.041693848 0.05094461 0.0 0.0032558197 0.0 0.0 0.0 0.07560744 0.0 0.0 0.0 0.060363103 0.0 0.0 0.0 0.0 0.026403414 0.0 0.15281135 0.0 0.0 0.030890098 0.0 0.0 0.0
0.0 0.0 0.0 0.0 0.0 0.0 0.0 0.0 0.0 0.0 0.0 0.0 0.0 0.16031934 0.0 0.0 0.0 0.0 0.042627167 0.0 0.0 0.0 0.04072603 0.0 0.0 0.0 0.0 0.008801522 0.0 0.0 0.0 0.00079031056 0.0 0.0 0.0 0.0 0.0 0.0 0.0 0.22291575 0.13058254 0.0 0.0 0.03525522 0.0 0.0 0.0 0.0 0.0 0.0 0.0 0.0 0.0 0.052047197 0.0 0.0
0.0 0.0 0.0 0.0 0.0 0.0 0.0 0.13896066 0.039133813 0.2538263 0.0 0.0 0.0 0.0077720094 0.0 0.0 0.0 0.0 0.0 0.0 0.0 0.0 0.005686573 0.03504144 0.0 0.0 0.010077939 0.020066138 0.0 0.0 0.0 0.0 0.0 0.0 0.028110906 0.0 0.009735977 0.0 0.0 0.052639235 0.033282988 0.0 0.045158077 0.0 0.1516623 0.0 0.0 0.0 0.0 0.0 0.0 0.143845 0.0 0.0 0.0 0.0
0.0 0.0 0.0837073 0.006649257 0.0790862 0.0 0.090075314 0.0 0.18848798 0.0 0.0 0.16031934 0.007772009 0.0 0.063008055 0.0 0.047092184 0.0 0.010723602 0.0 0.002784868 0.0 0.0 0.0 0.0049079335 0.0 0.0 0.0 0.01638833 0.14830019 0.0 0.08265874 0.0 0.11397686 0.0 0.030876989 0.0 0.0 0.0 0.0 0.006982631 0.010671746 0.0 0.0072186403 0.0 0.0 0.0927715 0.0 0.0 0.0 0.0 0.0 0.006053658 0.012909324 0.0 0.0
0.0 0.0 0.0 0.044074886 0.0 0.0 0.0 0.0 0.0 0.0 0.0 0.0 0.0 0.06300805 0.0 0.0 0.0 0.0057014725 0.0 0.066088 0.052556302 0.060052402 0.054754473 0.0 0.0 0.015826179 0.013273631 0.040483534 0.0 0.0 0.0 0.0 0.0 0.0 0.0 0.0 0.0 0.0 0.0 0.07717217 0.0 0.0 0.023154924 0.065116584 0.0 0.00094633794 0.0 0.023698956 0.0955326 0.0 0.10552822 0.0 0.0 0.020864967 0.043249667 0.0
0.0 0.0 0.05262006 0.10299427 0.0 0.07660668 0.0 0.0 0.0043967664 0.0 0.0 0.0 0.0 0.0 0.0 0.0 0.0 0.044056304 0.0 0.0 0.057101734 0.0051743197 0.0025602616 0.0 0.0 0.045296565 0.029169908 0.1135018 0.0 0.0 0.0 0.0 0.0696669 0.0 0.0 0.017094245 0.0 0.0069002956 0.0 0.048940573 0.0 0.0 0.0 0.0 0.0 0.0 0.0 0.013596645 0.11436474 0.0 0.14195614 0.010065177 0.0 0.0 0.07086335 0.0
0.07120237 0.0 0.0 0.0 0.0 0.0 0.0 0.15443864 0.0 0.073574126 0.11170333 0.0 0.0 0.047092184 0.0 0.0 0.0 0.0 0.0 0.024682794 0.0 0.0 0.19448015 0.022466108 0.0 0.0 0.0 0.019583432 0.0 0.0 0.0 0.0 0.0 0.0 0.0 0.0 0.0069978083 0.0 0.0 0.00011747971 0.0 0.0 0.0 0.0 0.13914388 0.0 0.0 0.0 0.0 0.0 0.032082558 0.0 0.0 0.0495006 0.0 0.0
0.076220475 0.14877875 0.0149056725 0.0 0.023494007 0.030129675 0.012378628 0.02067254 0.0 0.0 0.0 0.0 0.0 0.0 0.0057014725 0.044056304 0.0 0.058874246 0.0 0.07599176 0.0 0.0 0.042904045 0.0 0.0 0.0 0.002353775 0.0 0.0 0.0 0.0 0.0 0.0 0.0 0.006053439 0.057350993 0.014262527 0.035757415 0.0 0.0 0.0 0.0 0.079302564 0.0 0.0 0.009789777 0.047398664 0.0 0.028072402 0.0 0.06352835 0.0 0.0 0.0 0.0 0.0
0.0 0.09510053 0.073895864 0.12085317 0.0 0.0 0.0 0.0 0.0 0.0 0.0 0.042627167 0.0 0.010723602 0.0 0.0 0.0 0.0 0.024370044 0.0 0.12330427 0.0 0.0 0.0 0.07540375 0.0 0.0 0.0 0.0 0.0 0.0060165864 0.021815889 0.0 0.0 0.0 0.0 0.0 0.0 0.037582077 0.04724114 0.0 0.0 0.0 0.08445896 0.0 0.0 0.051470682 0.0 0.078741364 0.0 0.0 0.0 0.07525912 0.0 0.0 0.0
0.0 0.040199883 0.029512445 0.0 0.0 0.0 0.0 0.0 0.052095655 0.0 0.0 0.0 0.0 0.0 0.066088 0.0 0.024682796 0.07599175 0.0 0.0 0.0 0.03971618 0.0 0.0 0.1657398 0.006848134 0.0 0.0 0.0 0.0 0.0 0.04122176 0.0 0.0 0.0 0.1206343 0.0 0.0 0.018322824 0.0 0.0 0.011841578 0.0 0.0 0.0 0.0 0.0 0.0 0.0 0.056753527 0.0 0.0 0.11911742 0.0 0.0 0.0
0.0 0.037769087 0.0 0.054859642 0.006307634 0.054368906 0.0 0.0 0.0 0.0 0.097507104 0.0 0.0 0.0027848678 0.0525563 0.05710173 0.0 0.0 0.12330427 0.0 0.046702415 0.030169189 0.0 0.0 0.11156882 0.049706332 0.0 0.0655128 0.0 0.0 0.044720072 0.0 0.036653824 0.0 0.0 0.050371498 0.0 0.06282501 0.0 0.042304214 0.0 0.0 0.04555326 0.0 0.0 0.009254371 0.0 0.0 0.0048566046 0.0 0.0 0.0 0.0 0.0 0.0 0.0
0.0 0.0 0.0 0.041235078 0.020334542 0.0 0.0 0.0 0.0 0.0 0.1520077 0.0 0.0 0.0 0.060052402 0.0051743197 0.0 0.0 0.0 0.03971618 0.030169189 0.067590035 0.19190697 0.0 0.0 0.0 0.0 0.057545915 0.0 0.0 0.0 0.0 0.0 0.0 0.0 0.0 0.0 0.09183791 0.0 0.0 0.0 0.0 0.0 0.0 0.016008673 0.0 0.0 0.0 0.049938094 0.0 0.05419579 0.044617493 0.0 0.0 0.032415416 0.0
0.0 0.0 0.0594442 0.0 0.0 0.0 0.0 0.0 0.0 0.009808267 0.0 0.040726032 0.005686573 0.0 0.054754473 0.0025602616 0.19448015 0.042904045 0.0 0.0 0.0 0.19190697 0.0 0.0 0.06555712 0.0 0.099847525 0.0 0.014926379 0.0 0.0 0.0 0.0 0.033165757 0.0 0.033470888 0.0 0.0009772991 0.09859665 0.0 0.0 0.009839739 0.0 0.028935218 0.0 0.0 0.0 0.0745994 0.0 0.040150795 0.0 0.0 0.010685133 0.0 0.0 0.0
0.0 0.0 0.028324306 0.0 0.1799369 0.0 0.0 0.0 0.0 0.019201253 0.0 0.0 0.03504144 0.0 0.0 0.0 0.022466108 0.0 0.0 0.0 0.0 0.0 0.0 0.044952303 0.0 0.0 0.0 0.0 0.0 0.06972286 0.0 0.0 0.0 0.009356677 0.09107039 0.0 0.06987871 0.0 0.028212776 0.0 0.0 0.0 0.10175986 0.0 0.0035090658 0.05876163 0.0 0.10245585 0.0 0.0039893934 0.01206053 0.0 0.11058954 0.044671677 0.0 0.0
0.0 0.07652747 0.0 0.11896097 0.0 0.0 0.0 0.0 0.0 0.0 0.0 0.0 0.0 0.0049079335 0.0 0.0 0.0 0.0 0.07540375 0.16573979 0.111568816 0.0 0.06555712 0.0 0.0 0.0 0.0069166184 0.013418355 0.0 0.0 0.10947889 0.0 0.027712975 0.0 0.0 0.0 0.0 0.0 0.0 0.1515453 0.0 0.0 0.0 0.0 0.0 0.0 0.0 0.0 0.0 0.0 0.0 0.0 0.038265057 0.0 0.0 0.025036281
0.0 0.014424223 0.0 0.08334678 0.017067824 0.11097939 0.0 0.0 0.0 0.0 0.0017112145 0.0 0.0 0.0 0.015826179 0.04529657 0.0 0.0 0.0 0.0068481346 0.049706332 0.0 0.0 0.0 0.0 0.0 0.18572763 0.15399991 0.0 0.0 0.0644074 0.0 0.0 0.020416133 0.0 0.0029378692 0.093724236 0.0 0.017291982 0.012110366 0.0 0.0 0.0 0.0 0.0 0.007287532 0.0 0.053822752 0.0 0.0 0.010194462 0.0 0.0 0.0 0.04950984 0.0
0.023674669 0.0 0.031819675 0.0 0.0 0.0 0.0 0.0 0.0 0.050270453 0.0 0.0 0.010077938 0.0 0.013273631 0.029169906 0.0 0.0023537753 0.0 0.0 0.0 0.0 0.099847525 0.0 0.0069166184 0.18572763 0.0 0.0 0.0 0.0 0.05055166 0.0 0.09099847 0.0 0.08329033 0.0 0.0 0.0 0.048754748 0.0 0.00867906 0.0 0.0 0.0 0.0 0.0 0.0 0.03954687 0.0 0.0 0.05931499 0.07281064 0.0 0.0 0.090598516 0.0
0.0 0.0 0.06216215 0.0756069 0.0134175485 0.16540095 0.07626336 0.0 0.0 0.0 0.0 0.008801522 0.020066138 0.0 0.040483538 0.1135018 0.019583432 0.0 0.0 0.0 0.0655128 0.057545915 0.0 0.0 0.013418355 0.15399991 0.0 0.0 0.0 0.0 0.08851132 0.0 0.0 0.0 0.0 0.0 0.0 0.01846388 0.05835158 0.011762688 0.0 0.0 0.0 0.0 0.0 0.0033424704 0.0 0.0 0.0032524674 0.0 0.0 0.0 0.0 0.0 0.00440665 0.0
0.076443516 0.0 0.0 0.0 0.0 0.0 0.0 0.0040370044 0.0 0.0076364474 0.0 0.0 0.0 0.01638833 0.0 0.0 0.0 0.0 0.0 0.0 0.0 0.0 0.014926379 0.0 0.0 0.0 0.0 0.0 0.12459479 0.0 0.0 0.0 0.0 0.0 0.0570673 0.0 0.03824767 0.0 0.0 0.0 0.13683224 0.0 0.0 0.0 0.10871128 0.0 0.0 0.0 0.0 0.0 0.0 0.0 0.0 0.0027377878 0.13608229 0.25087616
0.08284355 0.0 0.005467311 0.0 0.0 0.0 0.0 0.08896801 0.07057402 0.0 0.0 0.0 0.0 0.1483002 0.0 0.0 0.0 0.0 0.0 0.0 0.0 0.0 0.0 0.06972285 0.0 0.0 0.0 0.0 0.0 0.0 0.0 0.0 0.0 0.0075997775 0.026466722 0.004398928 0.078356996 0.0 0.0 0.0 0.0 0.0 0.0 0.0 0.01749818 0.020772662 0.0 0.0 0.0 0.0 0.0 0.14901772 0.0 0.14636247 0.0 0.0
0.0 0.0 0.0 0.13236393 0.0 0.010923371 0.0 0.0 0.0 0.0 0.0 0.0 0.0 0.0 0.0 0.0 0.0 0.0 0.006016586 0.0 0.044720076 0.0 0.0 0.0 0.10947889 0.0644074 0.05055166 0.08851131 0.0 0.0 0.0 0.069367975 0.1219218 0.0 0.0 0.0 0.0 0.019568983 0.0 0.013517961 0.0 0.0 0.0 0.0 0.0 0.0 0.0 0.0 0.20367737 0.0 0.06077859 0.0 0.0 0.0 0.009698267 0.0
0.0 0.0 0.0 0.0 0.0 0.0 0.014872823 0.051840466 0.050481528 0.0 0.041693848 0.0007903106 0.0 0.08265874 0.0 0.0 0.0 0.0 0.021815887 0.041221764 0.0 0.0 0.0 0.0 0.0 0.0 0.0 0.0 0.0 0.0 0.069367975 0.18655987 0.0 0.0 0.0 0.17559864 0.0 0.0 0.0 0.020467956 0.0 0.0 0.0 0.0 0.0 0.13493049 0.0 0.0 0.032255568 0.0 0.0 0.025387138 0.0 0.0029982391 0.0 0.0
0.117073245 0.0 0.0 0.037705973 0.0 0.16430093 0.0 0.0 0.0 0.07312888 0.05094461 0.0 0.0 0.0 0.0 0.0696669 0.0 0.0 0.0 0.0 0.036653828 0.0 0.0 0.0 0.027712975 0.0 0.09099846 0.0 0.0 0.0 0.12192179 0.0 0.0 0.0 0.0 0.0 0.0 0.052418873 0.0 0.0 0.0 0.0 0.0 0.0 0.0 0.024097037 0.0 0.03519723 0.0 0.0 0.06754424 0.0 0.0 0.0063132537 0.0 0.0
0.0 0.0 0.0 0.0 0.0 0.0 0.0 0.008740601 0.0 0.0 0.0 0.0 0.0 0.11397686 0.0 0.0 0.0 0.0 0.0 0.0 0.0 0.0 0.033165757 0.009356677 0.0 0.020416133 0.0 0.0 0.0 0.0075997775 0.0 0.0 0.0 0.015397514 0.0 0.0 0.0 0.0 0.0 0.04596248 0.19303738 0.0 0.0 0.103902884 0.0 0.0 0.0 0.0 0.0 0.0 0.032274783 0.0 0.004831693 0.04787506 0.17560844 0.029858472
0.0 0.0 0.0 0.0 0.08084754 0.008034168 0.025269195 0.0 0.0 0.011144592 0.0032558197 0.0 0.028110905 0.0 0.0 0.0 0.0 0.006053439 0.0 0.0 0.0 0.0 0.0 0.09107039 0.0 0.0 0.08329032 0.0 0.0570673 0.026466722 0.0 0.0 0.0 0.0 0.023150396 0.0 0.18248667 0.057122417 0.0 0.0 0.0 0.024941776 0.058573853 0.0 0.0 0.059809834 0.0 0.06808843 0.0 0.0 0.068034366 0.022138933 0.0 0.0 0.028555693 0.0
0.009236958 0.023599517 0.0 0.008153515 0.17121159 0.0 0.0 0.011816856 0.105418414 0.0 0.0 0.0 0.0 0.03087699 0.0 0.017094245 0.0 0.057350993 0.0 0.12063431 0.0503715 0.0 0.03347089 0.0 0.0 0.0029378692 0.0 0.0 0.0 0.004398928 0.0 0.17559864 0.0 0.0 0.0 0.0 0.0 0.0 0.0038442127 0.0 0.0 0.0 0.0 0.0 0.006798972 0.08354518 0.02772872 0.0 0.03989236 0.0 0.0 0.0 0.06388801 0.0 0.0 0.0
0.0 0.0 0.10309697 0.0 0.0 0.0 0.0 0.0 0.0 0.0 0.0 0.0 0.009735976 0.0 0.0 0.0 0.0069978083 0.014262526 0.0 0.0 0.0 0.0 0.0 0.06987872 0.0 0.093724236 0.0 0.0 0.03824767 0.078357 0.0 0.0 0.0 0.0 0.18248667 0.0 0.033849686 0.0 0.10918954 0.0 0.0019948448 0.0 0.0 0.0 0.0 0.0 0.0 0.09714311 0.0 0.20034337 0.0 0.0 0.0 0.006520724 0.0056743054 0.0
0.0 0.0 0.0 0.0 0.0 0.0 0.0 0.0 0.0 0.0 0.0 0.0 0.0 0.0 0.0 0.0069002956 0.0 0.03575741 0.0 0.0 0.06282501 0.091837905 0.0009772991 0.0 0.0 0.0 0.0 0.01846388 0.0 0.0 0.019568983 0.0 0.052418873 0.0 0.057122413 0.0 0.0 0.0 0.010940267 0.0 0.0 0.0 0.0 0.0 0.0 0.06546282 0.0 0.03474055 0.02393036 0.21923208 0.056502618 0.0 0.0630972 0.0 0.0 0.0
0.105327174 0.0 0.0 0.0 0.0 0.0 0.0 0.023305142 0.0 0.13337275 0.07560745 0.0 0.0 0.0 0.0 0.0 0.0 0.0 0.037582077 0.018322824 0.0 0.0 0.09859665 0.028212776 0.0 0.017291984 0.04875475 0.058351584 0.0 0.0 0.0 0.0 0.0 0.0 0.0 0.003844213 0.10918954 0.010940267 0.0 0.0374726 0.0 0.0 0.020163456 0.0 0.011619768 0.017392553 0.0 0.05420545 0.0 0.0 0.051269423 0.05561256 0.0 0.005120828 0.053681597 0.0
0.0 0.0 0.0 0.0 0.0 0.008870228 0.114970885 0.0 0.0 0.0 0.0 0.22291575 0.052639235 0.0 0.07717217 0.048940573 0.000117479714 0.0 0.04724114 0.0 0.042304214 0.0 0.0 0.0 0.1515453 0.012110366 0.0 0.011762688 0.0 0.0 0.01351796 0.020467956 0.0 0.04596248 0.0 0.0 0.0 0.0 0.0374726 0.15576024 0.00055256987 0.0 0.08079728 0.0 0.0 0.02629234 0.013564516 0.0 0.0 0.0 0.0 0.0 0.0 0.0 0.0 0.0
0.0103497105 0.0 0.0 0.0 0.0 0.0 0.23134965 0.0040837573 0.0 0.16627122 0.0 0.13058254 0.03328299 0.006982631 0.0 0.0 0.0 0.0 0.0 0.0 0.0 0.0 0.0 0.0 0.0 0.0 0.008679061 0.0 0.13683225 0.0 0.0 0.0 0.0 0.19303738 0.0 0.0 0.0019948448 0.0 0.0 0.00055256987 0.0 0.011925784 0.0 0.0025150145 0.09800754 0.0 0.0 0.0 0.0 0.0 0.0 0.0 0.0 0.0 0.0 0.0
0.11640649 0.0 0.0 0.0 0.0 0.0 0.023667753 0.13880251 0.0014318278 0.0 0.0 0.0 0.0 0.010671746 0.0 0.0 0.0 0.0 0.0 0.011841578 0.0 0.0 0.00983974 0.0 0.0 0.0 0.0 0.0 0.0 0.0 0.0 0.0 0.0 0.0 0.024941776 0.0 0.0 0.0 0.0 0.0 0.011925783 0.0 0.0 0.14906839 0.014876502 0.09612605 0.0 0.0 0.0 0.04039619 0.0 0.065010354 0.0 0.0 0.096139796 0.0
0.0 0.0 0.0 0.0 0.05928761 0.0 0.0 0.006071337 0.0 0.031736646 0.060363103 0.0 0.045158077 0.0 0.023154924 0.0 0.0 0.079302564 0.0 0.0 0.045553256 0.0 0.0 0.10175986 0.0 0.0 0.0 0.0 0.0 0.0 0.0 0.0 0.0 0.0 0.058573853 0.0 0.0 0.0 0.020163456 0.08079728 0.0 0.0 0.0 0.0 0.0 0.015341385 0.046482496 0.0 0.040028594 0.0 0.019071221 0.08022285 0.0 0.0 0.16657409 0.0
0.0 0.04706559 0.0 0.0 0.0 0.0 0.0 0.0 0.17624877 0.0 0.0 0.035255216 0.0 0.0072186403 0.065116584 0.0 0.0 0.0 0.084458955 0.0 0.0 0.0 0.028935218 0.0 0.0 0.0 0.0 0.0 0.0 0.0 0.0 0.0 0.0 0.10390289 0.0 0.0 0.0 0.0 0.0 0.0 0.0025150143 0.14906839 0.0 0.21162744 0.0 0.0 0.07179336 0.0 0.0 0.0 0.0 0.0 0.10595829 0.0 0.0 0.0026237413
0.13765061 0.0 0.09869857 0.0 0.0 0.019504774 0.0 0.0 0.0 0.009622314 0.0 0.0 0.1516623 0.0 0.0 0.0 0.13914388 0.0 0.0 0.0 0.0 0.016008673 0.0 0.0035090658 0.0 0.0 0.0 0.0 0.10871128 0.017498178 0.0 0.0 0.0 0.0 0.0 0.006798972 0.0 0.0 0.011619768 0.0 0.09800754 0.014876502 0.0 0.0 0.0 0.0 0.0 0.0 0.0 0.0 0.055091117 0.0 0.022743603 0.026917182 0.0 0.0
0.010290542 0.0 0.027058907 0.0 0.06426287 0.0 0.0 0.011484285 0.0 0.0 0.0 0.0 0.0 0.0 0.00094633794 0.0 0.0 0.009789777 0.0 0.0 0.009254371 0.0 0.0 0.05876163 0.0 0.007287532 0.0 0.0033424706 0.0 0.020772662 0.0 0.13493049 0.024097037 0.0 0.059809834 0.08354518 0.0 0.06546283 0.017392555 0.02629234 0.0 0.09612605 0.015341385 0.0 0.0 0.054124434 0.015706865 0.0003974173 0.019406322 0.0 0.008484712 0.0 0.08532333 0.035704363 0.0 0.0
0.09991088 0.0 0.0 0.0 0.0 0.0 0.01593215 0.17598863 0.0 0.051752884 0.0 0.0 0.0 0.0927715 0.0 0.0 0.0 0.047398668 0.051470682 0.0 0.0 0.0 0.0 0.0 0.0 0.0 0.0 0.0 0.0 0.0 0.0 0.0 0.0 0.0 0.0 0.02772872 0.0 0.0 0.0 0.013564516 0.0 0.0 0.046482496 0.07179337 0.0 0.015706865 0.0 0.0 0.0 0.0 0.0 0.020839794 0.017220145 0.01262116 0.0 0.10076425
0.0 0.0 0.0 0.016437916 0.0 0.018598976 0.0 0.0 0.0 0.0 0.026403416 0.0 0.0 0.0 0.023698956 0.013596645 0.0 0.0 0.0 0.0 0.0 0.0 0.07459939 0.10245584 0.0 0.05382275 0.039546866 0.0 0.0 0.0 0.0 0.0 0.03519723 0.0 0.068088435 0.0 0.09714312 0.03474055 0.054205455 0.0 0.0 0.0 0.0 0.0 0.0 0.00039741732 0.0 0.17612606 0.0 0.0 0.06126068 0.01853626 0.0 0.0050120987 0.05848591 0.0
0.0103068715 0.027467795 0.0 0.0 0.0 0.044097014 0.0 0.0 0.0 0.008470891 0.0 0.0 0.0 0.0 0.0955326 0.11436474 0.0 0.028072402 0.07874136 0.0 0.004856604 0.049938094 0.0 0.0 0.0 0.0 0.0 0.0032524674 0.0 0.0 0.20367736 0.032255568 0.0 0.0 0.0 0.03989236 0.0 0.02393036 0.0 0.0 0.0 0.0 0.040028594 0.0 0.0 0.019406322 0.0 0.0 0.10121809 0.0 0.0013628872 0.0 0.0 0.0 0.0 0.0
0.06610948 0.03256657 0.0 0.0 0.0 0.025543246 0.0 0.0 0.0 0.042184964 0.15281135 0.0 0.0 0.0 0.0 0.0 0.0 0.0 0.0 0.056753524 0.0 0.0 0.040150795 0.0039893934 0.0 0.0 0.0 0.0 0.0 0.0 0.0 0.0 0.0 0.0 0.0 0.0 0.20034337 0.21923208 0.0 0.0 0.0 0.04039619 0.0 0.0 0.0 0.0 0.0 0.0 0.0 0.0 0.115791954 0.016605517 0.0 0.0 0.0 0.0
0.0058342675 0.0 0.017792778 0.0 0.004152685 0.08768146 0.0 0.0 0.0 0.010677665 0.0 0.0 0.0 0.0 0.10552822 0.14195615 0.032082558 0.06352835 0.0 0.0 0.0 0.05419579 0.0 0.01206053 0.0 0.010194461 0.059314985 0.0 0.0 0.0 0.060778588 0.0 0.06754424 0.032274783 0.068034366 0.0 0.0 0.056502614 0.051269423 0.0 0.0 0.0 0.019071221 0.0 0.055091117 0.008484712 0.0 0.06126068 0.0013628872 0.115791954 0.0 0.0 0.031663094 0.0 0.0005318025 0.0
0.0 0.04775082 0.0 0.0 0.006912311 0.009065393 0.022749666 0.0 0.0 0.0 0.0 0.0 0.14384499 0.0 0.0 0.010065177 0.0 0.0 0.0 0.0 0.0 0.04461749 0.0 0.0 0.0 0.0 0.07281064 0.0 0.0 0.14901772 0.0 0.025387138 0.0 0.0 0.02213893 0.0 0.0 0.0 0.05561256 0.0 0.0 0.065010354 0.08022285 0.0 0.0 0.0 0.020839794 0.01853626 0.0 0.016605519 0.0 0.0 0.025744917 0.028608507 0.0 0.0
0.04190578 0.029150639 0.0 0.0357599 0.0076414384 0.0 0.0 0.11214187 0.14779553 0.00061303884 0.030890096 0.0 0.0 0.006053658 0.0 0.0 0.0 0.0 0.07525913 0.11911741 0.0 0.0 0.010685133 0.11058955 0.038265057 0.0 0.0 0.0 0.0 0.0 0.0 0.0 0.0 0.0048316927 0.0 0.06388801 0.0 0.06309721 0.0 0.0 0.0 0.0 0.0 0.1059583 0.022743605 0.08532332 0.017220143 0.0 0.0 0.0 0.031663094 0.025744917 0.0 0.0 0.0 0.0
0.0 0.0 0.13735338 0.0 0.0 0.0 0.081177205 0.12746501 0.0 0.14951757 0.0 0.0520472 0.0 0.012909324 0.020864967 0.0 0.0495006 0.0 0.0 0.0 0.0 0.0 0.0 0.04467168 0.0 0.0 0.0 0.0 0.0027377878 0.14636247 0.0 0.0029982391 0.006313253 0.047875058 0.0 0.0 0.0065207244 0.0 0.005120828 0.0 0.0 0.0 0.0 0.0 0.026917182 0.035704363 0.012621159 0.0050120982 0.0 0.0 0.0 0.028608505 0.0 0.0 0.0 0.0
0.0 0.0 0.0 0.0 0.0032725674 0.014199318 0.061834536 0.0 0.0 0.008487006 0.0 0.0 0.0 0.0 0.043249667 0.07086335 0.0 0.0 0.0 0.0 0.0 0.032415416 0.0 0.0 0.0 0.049509842 0.090598516 0.00440665 0.13608228 0.0 0.009698267 0.0 0.0 0.17560844 0.028555691 0.0 0.0056743054 0.0 0.053681593 0.0 0.0 0.09613979 0.1665741 0.0 0.0 0.0 0.0 0.05848591 0.0 0.0 0.0005318025 0.0 0.0 0.0 0.0 0.0
0.0 0.0 0.0 0.0 0.0 0.0 0.08620167 0.0 0.0 0.0 0.0 0.0 0.0 0.0 0.0 0.0 0.0 0.0 0.0 0.0 0.0 0.0 0.0 0.0 0.025036281 0.0 0.0 0.0 0.25087616 0.0 0.0 0.0 0.0 0.029858472 0.0 0.0 0.0 0.0 0.0 0.0 0.0 0.0 0.0 0.002623741 0.0 0.0 0.100764245 0.0 0.0 0.0 0.0 0.0 0.0 0.0 0.0 0.4858349
