0.0 0.0 0.0 0.047782283 0.0 0.0 0.107848085 0.0634198 0.0 0.0 0.08728529 0.0 0.05335079 0.0 0.0 0.0 0.0 0.0 0.0 0.020139778 0.11546796 0.019319255 0.0 0.0 0.0 0.020666864 0.0 0.018739605 0.0 0.0 0.11263749 0.03235392 0.08933374 0.08495395 0.0 0.0 0.02780737 0.0 0.0 0.0 0.0 0.0009386091 0.023066165 0.0 0.0 0.032522548 0.035002034 0.045962106 0.0 0.0 0.007934582 0.01850117 0.0 0.0 0.0 0.0223809
0.0 0.0 0.0 0.0 0.0 0.02886817 0.0 0.016763473 0.0 0.03424148 0.04828758 0.0 0.006596478 0.0 0.0 0.0 0.0 0.037988365 0.0 0.0 0.0 0.0 0.07109799 0.15912798 0.0 0.012245176 0.030850532 0.0 0.0 0.0 0.0 0.0042512673 0.0 0.0 0.006547979 0.0 0.0 0.006607068 0.0 0.0 0.06750978 0.0 0.07805973 0.017162345 0.051002875 0.0 0.0 0.0 0.12081115 0.0 0.0414738 0.025141744 0.0 0.0 0.05264318 0.0
0.0 0.0 0.0 0.034970004 0.0095095 0.0 0.017070659 0.0 0.1342882 0.0 0.0 0.0 0.11032984 0.0 0.0 0.010793519 0.0 0.0 0.031402085 0.0 0.0 0.018059287 0.0 0.0 0.0 0.032459717 0.0 0.0 0.00014904395 0.0 0.011399726 0.054295067 0.0 0.046051603 0.0 0.0 0.0 0.0 0.0 0.008516324 0.032730293 0.0 0.0433123 0.0 0.0 0.041981187 0.039407186 0.0 0.0 0.0 0.0 0.042024024 0.0 0.18382122 0.0 0.0390896
0.047782283 0.0 0.03497 0.0 0.0 0.0 0.0043424293 0.05774283 0.0 0.0 0.0 0.0 0.0 0.0 0.013836089 0.0 0.046451103 0.0 0.0 0.0 0.0 0.04568907 0.0 0.05278981 0.0 0.00697707 0.010356045 0.015463849 0.0781243 0.1093378 0.0 0.0 0.0 0.0 0.0768229 0.02050218 0.0 0.0022570423 0.0 0.0 0.0 0.022078954 0.0 0.0 0.0 0.0 0.015299162 0.0 0.1989425 0.08398441 0.0 0.0 0.054925427 0.0 0.0 0.0
0.0 0.0 0.009509501 0.0 0.0 0.02068254 0.0 0.031975146 0.04339036 0.0 0.0 0.0 0.0 0.0 0.10733627 0.0 0.07059113 0.0890361 0.0 0.021474358 0.0 0.0 0.0 0.0336162 0.20126282 0.0 0.0 0.0 0.041130695 0.12232873 0.0 0.009950023 0.0 0.0 0.0 0.0 0.0 0.0 0.0 0.0 0.0 0.0 0.005576711 0.045134027 0.018260038 0.0 0.0 0.0 0.035800263 0.0 0.0 0.0 0.1278785 0.0 0.0 0.0
0.0 0.02886817 0.0 0.0 0.02068254 0.0 0.0 0.027304519 0.0 0.0 0.0058719805 0.0 0.18126385 0.0 0.0 0.0025823142 0.0 0.0 0.0 0.0 0.028171286 0.0 0.0 0.09025684 0.027846616 0.0033265564 0.044156827 0.0 0.0 0.0 0.006111044 0.0 0.0 0.0 0.008449847 0.0 0.0 0.24494669 0.0 0.0 0.0 0.0 0.0 0.0 0.0 0.058703132 0.0 0.0 0.039880432 0.0 0.0 0.007437861 0.0 0.0 0.0 0.0
0.10784808 0.0 0.017070659 0.0043424293 0.0 0.0 0.0 0.109841205 0.0 0.012380122 0.0 0.0 0.036496576 0.0 0.0 0.0 0.08287354 0.0 0.0 0.018272538 0.0 0.0 0.0 0.0 0.0 0.025185304 0.0 0.05198332 0.06105172 0.014513527 0.0011822395 0.0 0.0 0.02411891 0.0 0.0 0.0 0.0 0.0 0.0 0.024986506 0.0 0.01715682 0.10405434 0.0069805332 0.0 0.0 0.016236864 0.028091192 0.012867304 0.0 0.0068909475 0.0 0.026977744 0.06861151 0.035611834
0.0634198 0.016763473 0.0 0.05774283 0.031975146 0.02730452 0.10984121 0.0 0.0 0.041965522 0.039100364 0.0 0.0 0.0 0.0 0.005922284 0.0 0.0 0.0277028 0.0 0.03888719 0.0 0.0 0.0 0.0 0.009338424 0.062232554 0.0 0.0 0.0 0.0035540373 0.0 0.099574625 0.036059108 0.0 0.0 0.008801718 0.003065969 0.103520736 0.008894469 0.0 0.12725861 0.0 0.00403159 0.06357737 0.030797504 0.03616033 0.036651086 0.0 0.029695826 0.03168875 0.0066811317 0.0 0.003298304 0.0024651687 0.0
0.0 0.0 0.13428819 0.0 0.043390363 0.0 0.0 0.0 0.0 0.012323327 0.0 0.0 0.0 0.0 0.09962527 0.0 0.0 0.0 0.0 0.04159433 0.0 0.004188357 0.0 0.0 0.0 0.0 0.037906755 0.011131928 0.02644084 0.052744094 0.0 0.056558307 0.0 0.0 0.0 0.03748854 0.0 0.0 0.0 0.0 0.0031733082 0.0 0.20302698 0.0 0.00807147 0.0 0.0 0.0 0.0 0.0 0.0 0.0 0.112404004 0.0 0.0 0.0
0.0 0.03424148 0.0 0.0 0.0 0.0 0.012380122 0.041965522 0.012323327 0.0 0.004061449 0.085846595 0.12960647 0.0 0.026403287 0.0 0.013020882 0.0 0.0 0.0 0.016103445 0.06740924 0.0 0.0 0.0 0.0 0.01474242 0.0 0.0 0.0 0.06921728 0.0 0.008927478 0.13397263 0.0 0.0 0.0 0.0 0.0 0.0 0.0 0.051482175 0.0 0.1219818 0.0 0.0 0.008381079 0.0 0.0 0.00055557216 0.0 0.0 0.0030583998 0.105829924 0.0 0.075181596
0.08728529 0.04828758 0.0 0.0 0.0 0.0058719805 0.0 0.039100364 0.0 0.0040614484 0.0 0.0 0.0 0.0 0.013852093 0.0 0.05380453 0.0 0.0 0.0 0.0 0.021161541 0.00111902 0.012085063 0.070352845 0.0 0.0 0.007542047 0.0 0.087116815 0.011861708 0.0 0.0 0.0 0.0043693176 0.0 0.07108421 0.1447885 0.0 0.0 0.0 0.0 0.008054446 0.0 0.0 0.022632115 0.0 0.07544637 0.014400024 0.0 0.070535466 0.0037179496 0.058040034 0.006272759 0.019908741 0.0
0.0 0.0 0.0 0.0 0.0 0.0 0.0 0.0 0.0 0.08584659 0.0 0.0 0.025998596 0.0 0.0 0.0 0.0 0.0 0.0 0.0 0.0 0.0 0.0 0.0 0.0 0.14983328 0.0 0.0 0.0 0.025336133 0.0 0.0 0.0 0.07086343 0.0 0.0 0.0 0.0 0.0 0.0 0.077503935 0.0 0.009555997 0.05679944 0.04970065 0.0 0.0 0.0 0.017803248 0.0 0.0 0.08506915 0.0 0.04238889 0.08291545 0.0
0.05335079 0.0065964777 0.110329844 0.0 0.0 0.18126386 0.036496576 0.0 0.0 0.12960646 0.0 0.025998596 0.0 0.0 0.0 0.0 0.0 0.04542432 0.0 0.0 0.0 0.02688485 0.0 0.0 0.0 0.0 0.0 0.0 0.1404599 0.0 0.0 0.011420412 0.0 0.024609141 0.0 0.0 0.04340071 0.0 0.032617323 0.0 0.0 0.0336735 0.0 0.0 0.0548394 0.0 0.0 0.0 0.050268188 0.0 0.0 0.0 0.0047066943 0.0616202 0.0 0.0
0.0 0.0 0.0 0.0 0.0 0.0 0.0 0.0 0.0 0.0 0.0 0.0 0.0 0.049923904 0.0 0.035817795 0.0 0.0 0.0 0.0 0.0 0.0 0.14872722 0.0 0.0 0.07288538 0.0 0.04039138 0.0 0.0 0.05381251 0.0 0.08691503 0.0 0.0 0.10249822 0.0 0.0 0.07645258 0.09078893 0.0 0.009462461 0.0 0.0 0.0 0.0 0.0 0.0 0.0 0.021137387 0.062129553 0.0 0.0 0.034630332 0.027771097 0.0
0.0 0.0 0.0 0.013836089 0.10733627 0.0 0.0 0.0 0.09962527 0.026403286 0.013852093 0.0 0.0 0.0 0.16115811 0.0 0.0 0.0 0.023934456 0.014525553 0.0 0.0 0.0 0.040558614 0.025910556 0.0 0.0 0.0 0.0 0.044936977 0.00080996513 0.04346299 0.0 0.10823352 0.0036830655 0.0 0.05856282 0.0 0.0 0.0 0.0 0.0 0.019213686 0.0 0.0 0.014494925 0.0 0.06469734 0.0 0.02896492 0.0 0.0 0.0 0.0 0.0 0.0072614276
0.0 0.0 0.010793519 0.0 0.0 0.0025823142 0.0 0.005922284 0.0 0.0 0.0 0.0 0.0 0.035817795 0.0 0.0 0.29446742 0.0 0.0 0.0 0.02834671 0.00065605686 0.0 0.0 0.045461293 0.0 0.006177505 0.04023808 0.0 0.03666085 0.0 0.0 0.0 0.13392626 0.048357476 0.0015159235 0.02014231 0.019907052 0.0 0.019693082 0.0 0.0 0.0 0.0 0.0 0.0 0.05832 0.0 0.0 0.0 0.0 0.013520291 0.02721069 0.007149644 0.0 0.0
0.0 0.0 0.0 0.046451103 0.07059113 0.0 0.08287354 0.0 0.0 0.013020882 0.053804528 0.0 0.0 0.0 0.0 0.2944674 0.0 0.0 0.0 0.02557294 0.0 0.0 0.001390491 0.042249285 0.0 0.01809452 0.0 0.0 0.0 0.0 0.021542007 0.05463483 0.0 0.0 0.007601043 0.118356586 0.0 0.0 0.0 0.013774792 0.0011064543 0.0 0.0 0.0 0.044543363 0.012765853 0.0 0.0 0.0 0.0 0.0 0.066871375 0.0 0.0 0.0 0.0
0.0 0.03798836 0.0 0.0 0.0890361 0.0 0.0 0.0 0.0 0.0 0.0 0.0 0.04542432 0.0 0.0 0.0 0.0 0.08787066 0.0 0.039098892 0.0 0.0 0.0 0.2012193 0.085132994 0.0 0.0 0.0 0.0 0.019167557 0.0 0.090418614 0.0 0.0 0.0 0.0064076474 0.0 0.0 0.0 0.0 0.0 0.0 0.0016391483 0.0 0.0 0.011290987 0.027278908 0.0 0.07988424 0.0 0.0 0.001054768 0.098320015 0.0 0.0021721385 0.0
0.0 0.0 0.031402085 0.0 0.0 0.0 0.0 0.0277028 0.0 0.0 0.0 0.0 0.0 0.0 0.023934456 0.0 0.0 0.0 0.0 0.0 0.0 0.029538853 0.0 0.017557146 0.0 0.025215186 0.0 0.0 0.0 0.0735567 0.0 0.0 0.0 0.013769382 0.059294898 0.0 0.022869349 0.0 0.0 0.0 0.004755534 0.082168184 0.18165016 0.0 0.04790399 0.01865804 0.053619433 0.031108689 0.0 0.0 0.0 0.0022311346 0.0 0.009152725 0.0050652013 0.079716675
0.020139778 0.0 0.0 0.0 0.02147436 0.0 0.018272538 0.0 0.041594334 0.0 0.0 0.0 0.0 0.0 0.014525552 0.0 0.02557294 0.039098892 0.0 0.0 0.060994335 0.0 0.0 0.0 0.0 0.0 0.08156257 0.03438221 0.0 0.0 0.0 0.0 0.0 0.0 0.09584952 0.0 0.009891781 0.0916266 0.0 0.021642312 0.0 0.0 0.005938431 0.0 0.0 0.042613946 0.0 0.0 0.0 0.0 0.14375849 0.05407686 0.0 0.0537806 0.020874994 0.0
0.11546796 0.0 0.0 0.0 0.0 0.028171286 0.0 0.03888719 0.0 0.016103445 0.0 0.0 0.0 0.0 0.0 0.02834671 0.0 0.0 0.0 0.06099433 0.0 0.0 0.0 0.014253665 0.0 0.0 0.04053666 0.0 0.0 0.12675302 0.0 0.0 0.0 0.0 0.17065029 0.0 0.0 0.0016315134 0.025748182 0.0 0.0 0.0 0.0 0.0 0.11906093 0.012088623 0.0 0.0 0.059714526 0.0 0.0 0.0018292236 0.0 0.074891806 0.0 0.0
0.019319255 0.0 0.018059287 0.04568907 0.0 0.0 0.0 0.0 0.004188357 0.06740924 0.021161541 0.0 0.02688485 0.0 0.0 0.00065605686 0.0 0.0 0.029538853 0.0 0.0 0.0 0.0 0.0 0.062233366 0.055311915 0.035653155 0.0 0.01977759 0.069716714 0.020229239 0.010989135 0.0 0.010678123 0.013215438 0.0 0.0 0.0 0.0 0.07724129 0.026772834 0.0 0.0049620313 0.0064510563 0.0 0.07330735 0.0 0.0 0.04614036 0.0 0.0 0.0 0.0 0.03602118 0.0 0.031347383
0.0 0.07109799 0.0 0.0 0.0 0.0 0.0 0.0 0.0 0.0 0.00111902 0.0 0.0 0.14872722 0.0 0.0 0.0013904909 0.0 0.0 0.0 0.0 0.0 0.15552059 0.036412433 0.0 0.0 0.0 0.029928312 0.0 0.0014753187 0.0 0.0 0.0 0.0 0.009012853 0.0 0.07559901 0.017462641 0.0 0.061648555 0.0 0.0 0.0 0.0 0.0 0.063576065 0.0 0.003753409 0.0 0.031654347 0.10690255 0.08923459 0.0 0.0 0.17161372 0.0
0.0 0.159128 0.0 0.05278981 0.0336162 0.09025683 0.0 0.0 0.0 0.0 0.012085062 0.0 0.0 0.0 0.040558614 0.0 0.042249285 0.2012193 0.017557146 0.0 0.014253666 0.0 0.036412433 0.0 0.0 0.0 0.0013479649 0.0 0.0 0.026008382 0.010856855 0.0016706055 0.11637481 0.0 0.0 0.0 0.010288644 0.0037414618 0.019665014 0.0 0.0 0.087965354 0.0 0.0 0.0 0.03972399 0.029597372 0.02520255 0.0 0.0 0.005132274 0.0 0.07490976 0.0 0.0 0.0
0.0 0.0 0.0 0.0 0.20126283 0.027846616 0.0 0.0 0.0 0.0 0.070352845 0.0 0.0 0.0 0.025910558 0.045461293 0.0 0.085132994 0.0 0.0 0.0 0.062233366 0.0 0.0 0.0 0.0 0.0 0.008152787 0.0034950315 0.0 0.0 0.10760201 0.0 0.0 0.0 0.08537076 0.0 0.0 0.0 0.0 0.05898072 0.006753061 0.0 0.0 0.009736874 0.0 0.07982456 0.0 0.0 0.0 0.0 0.056184884 0.0 0.020349512 0.040481564 0.0
0.020666866 0.012245177 0.032459714 0.0069770706 0.0 0.0033265564 0.025185304 0.009338424 0.0 0.0 0.0 0.14983329 0.0 0.07288538 0.0 0.0 0.01809452 0.0 0.025215184 0.0 0.0 0.055311915 0.0 0.0 0.0 0.0 0.0 0.027311692 0.0042662923 0.02189895 0.0 0.0 0.0 0.0 0.0 0.017317308 0.0064474256 0.0 0.0 0.112118654 0.0 0.07569341 0.0 0.0 0.0 0.012159513 0.0873273 0.0 0.0 0.11303609 0.0 0.0 0.0 0.051859383 0.0 0.12932944
0.0 0.030850532 0.0 0.010356044 0.0 0.044156823 0.0 0.062232554 0.037906755 0.01474242 0.0 0.0 0.0 0.0 0.0 0.006177505 0.0 0.0 0.0 0.081562564 0.04053666 0.035653155 0.0 0.0013479649 0.0 0.0 0.029505838 0.10978506 0.0 0.0 0.01280848 0.0 0.0 0.0 0.10450106 0.0050517465 0.062523305 0.08605108 0.003946031 0.017675543 0.0 0.0028379012 0.0 0.0 0.0 0.06109224 0.0 0.0 0.0 0.0 0.07219798 0.045857556 0.0 0.0 0.0021274083 0.0
0.018739605 0.0 0.0 0.0154638495 0.0 0.0 0.05198332 0.0 0.011131928 0.0 0.007542047 0.0 0.0 0.040391378 0.0 0.040238075 0.0 0.0 0.0 0.03438221 0.0 0.0 0.029928314 0.0 0.008152788 0.027311692 0.109785065 0.17800403 0.0 0.0 0.04228409 0.012338851 0.0 0.0 0.0031709801 0.0 0.0 0.0 0.0 0.14771555 0.0 0.0 0.0 0.0 0.0 0.0 0.0 0.0015456543 0.0 0.0 0.16192138 0.0 0.0 0.01722329 0.023051197 0.0
0.0 0.0 0.00014904395 0.0781243 0.041130695 0.0 0.06105172 0.0 0.026440838 0.0 0.0 0.0 0.1404599 0.0 0.0 0.0 0.0 0.0 0.0 0.0 0.0 0.01977759 0.0 0.0 0.0034950315 0.0042662923 0.0 0.0 0.0 0.0 0.0037604198 0.021465449 0.0 0.01462247 0.0 0.0 0.0 0.0 0.0 0.0 0.15252785 0.16875648 0.0539655 0.1800448 0.0 0.0 0.042249117 0.0 0.0 0.0 0.0 0.0 0.0 0.0 0.0 0.0
0.0 0.0 0.0 0.1093378 0.12232873 0.0 0.014513527 0.0 0.052744094 0.0 0.087116815 0.025336135 0.0 0.0 0.044936977 0.036660854 0.0 0.019167555 0.0735567 0.0 0.12675302 0.069716714 0.0014753186 0.026008384 0.0 0.02189895 0.0 0.0 0.0 0.0 0.0 0.045707986 0.034785956 0.0 0.0 0.0 0.0 0.020288482 0.0027952155 0.0070382194 0.0 0.0 0.0 0.0 0.05022032 0.0061153546 0.0 0.0 0.017178085 0.0 0.0 0.028328437 0.0 0.0 0.0 0.0
0.11263749 0.0 0.011399726 0.0 0.0 0.0061110444 0.0011822395 0.0035540373 0.0 0.06921728 0.011861708 0.0 0.0 0.053812508 0.0008099651 0.0 0.021542007 0.0 0.0 0.0 0.0 0.020229237 0.0 0.010856855 0.0 0.0 0.01280848 0.04228409 0.0037604198 0.0 0.0 0.0 0.0 0.0 0.14556973 0.0 0.1727444 0.06543552 0.0 0.059824653 0.0 0.0 0.0 0.0 0.016494703 0.0 0.0 0.0 0.009222859 0.006311298 0.018245583 0.03332197 0.0 0.0 0.016100364 0.0
0.032353915 0.0042512673 0.054295063 0.0 0.009950023 0.0 0.0 0.0 0.056558307 0.0 0.0 0.0 0.011420412 0.0 0.043462988 0.0 0.054634836 0.090418614 0.0 0.0 0.0 0.010989136 0.0 0.0016706055 0.10760201 0.0 0.0 0.012338851 0.021465449 0.045707986 0.0 0.05089432 0.0 0.0 0.0 0.009873834 0.0 0.0 0.0 0.0 0.077627294 0.044586986 0.034787122 0.018692164 0.008168801 0.0 0.043078095 0.0 0.0 0.0 0.0 0.027486956 0.11197458 0.021120215 0.0 0.0
0.08933374 0.0 0.0 0.0 0.0 0.0 0.0 0.09957462 0.0 0.008927478 0.0 0.0 0.0 0.08691503 0.0 0.0 0.0 0.0 0.0 0.0 0.0 0.0 0.0 0.11637481 0.0 0.0 0.0 0.0 0.0 0.034785952 0.0 0.0 0.0 0.0 0.14677161 0.0 0.040076997 0.0056166495 0.0 0.0 0.0 0.0 0.0 0.0 0.0 0.10973723 0.0 0.07757319 0.004103421 0.0 0.035045337 0.062138036 0.0 0.0 0.042820267 0.0
0.08495395 0.0 0.0460516 0.0 0.0 0.0 0.02411891 0.03605911 0.0 0.13397262 0.0 0.070863426 0.024609143 0.0 0.10823352 0.13392626 0.0 0.0 0.013769382 0.0 0.0 0.010678124 0.0 0.0 0.0 0.0 0.0 0.0 0.01462247 0.0 0.0 0.0 0.0 0.07616394 0.0 0.0 0.0 0.0 0.0062166825 0.035135586 0.011823815 0.004984706 0.0 0.0 0.0 0.0 0.0 0.07849325 0.0 0.0 0.0 0.0 0.0 0.019319128 0.019728644 0.05592523
0.0 0.0065479786 0.0 0.0768229 0.0 0.008449847 0.0 0.0 0.0 0.0 0.004369317 0.0 0.0 0.0 0.0036830655 0.04835747 0.0076010437 0.0 0.0592949 0.09584952 0.17065029 0.013215438 0.009012854 0.0 0.0 0.0 0.10450106 0.0031709801 0.0 0.0 0.14556971 0.0 0.14677161 0.0 0.0 0.0 0.017402828 0.0648226 0.0 0.0 0.0 0.0 0.0 0.03546257 0.0 0.061681226 0.0 0.0 0.0 0.0 0.03872082 0.0 0.0 0.0 0.011177303 0.0
0.0 0.0 0.0 0.02050218 0.0 0.0 0.0 0.0 0.03748854 0.0 0.0 0.0 0.0 0.10249822 0.0 0.0015159235 0.118356586 0.0064076474 0.0 0.0 0.0 0.0 0.0 0.0 0.08537076 0.017317308 0.0050517465 0.0 0.0 0.0 0.0 0.009873834 0.0 0.0 0.0 0.0 0.0 0.0 0.0 0.05521922 0.028164787 0.0 0.15022682 0.20120338 0.0 0.0 0.0 0.0 0.0 0.0 0.014529826 0.0 0.023589559 0.112443075 0.018145986 0.0
0.027807372 0.0 0.0 0.0 0.0 0.0 0.0 0.008801718 0.0 0.0 0.07108421 0.0 0.043400712 0.0 0.058562815 0.02014231 0.0 0.0 0.022869349 0.009891781 0.0 0.0 0.07559901 0.010288643 0.0 0.0064474256 0.062523305 0.0 0.0 0.0 0.1727444 0.0 0.040076997 0.0 0.017402828 0.0 0.0 0.06378221 0.02032935 0.0 0.0 0.0 0.0 0.0028471642 0.0 0.078381754 0.0 0.11477281 0.012223707 0.0 0.058075633 0.05797533 0.0 0.0 0.07710247 0.0
0.0 0.0066070682 0.0 0.0022570423 0.0 0.24494669 0.0 0.003065969 0.0 0.0 0.1447885 0.0 0.0 0.0 0.0 0.019907052 0.0 0.0 0.0 0.0916266 0.0016315134 0.0 0.017462641 0.0037414616 0.0 0.0 0.08605108 0.0 0.0 0.020288482 0.06543552 0.0 0.0056166495 0.0 0.06482261 0.0 0.06378221 0.0 0.0 0.0 0.0 0.0 0.03958147 0.0 0.0 0.0 0.0 0.032555174 0.025182232 0.0 0.0344189 0.0006592155 0.0 0.0 0.07277761 0.0
0.0 0.0 0.0 0.0 0.0 0.0 0.0 0.103520736 0.0 0.0 0.0 0.0 0.032617323 0.07645258 0.0 0.0 0.0 0.0 0.0 0.0 0.025748182 0.0 0.0 0.019665016 0.0 0.0 0.003946031 0.0 0.0 0.0027952155 0.0 0.0 0.0 0.0062166825 0.0 0.0 0.02032935 0.0 0.15312232 0.0 0.02847592 0.0 0.0 0.026597178 0.003531552 0.0 0.0 0.07130075 0.0 0.055610746 0.050559066 0.06751854 0.0 0.008855627 0.030710254 0.10561639
0.0 0.0 0.008516325 0.0 0.0 0.0 0.0 0.008894469 0.0 0.0 0.0 0.0 0.0 0.09078893 0.0 0.019693082 0.013774792 0.0 0.0 0.02164231 0.0 0.07724129 0.061648555 0.0 0.0 0.112118654 0.017675543 0.14771555 0.0 0.0070382194 0.05982465 0.0 0.0 0.035135582 0.0 0.05521922 0.0 0.0 0.0 0.0 0.1146835 0.017435802 0.0 0.0 0.018188205 0.0 0.0 0.0 0.02164911 0.0459926 0.042061385 0.0 0.0 0.0 0.04690334 0.0
0.0 0.06750978 0.032730293 0.0 0.0 0.0 0.024986504 0.0 0.0031733082 0.0 0.0 0.077503935 0.0 0.0 0.0 0.0 0.0011064543 0.0 0.0047555338 0.0 0.0 0.026772834 0.0 0.0 0.05898072 0.0 0.0 0.0 0.15252784 0.0 0.0 0.0776273 0.0 0.011823815 0.0 0.028164787 0.0 0.0 0.02847592 0.11468351 0.0 0.14604546 0.0 0.027045399 0.035915505 0.004618469 0.14019962 0.0 0.0 0.050246432 0.0 0.0 0.0 0.0 0.0 0.06838188
0.0009386091 0.0 0.0 0.022078956 0.0 0.0 0.0 0.12725861 0.0 0.051482175 0.0 0.0 0.0336735 0.009462461 0.0 0.0 0.0 0.0 0.082168184 0.0 0.0 0.0 0.0 0.087965354 0.0067530605 0.07569342 0.0028379012 0.0 0.16875648 0.0 0.0 0.044586986 0.0 0.004984706 0.0 0.0 0.0 0.0 0.0 0.017435802 0.14604546 0.0 0.0137296915 0.0065806694 0.0 0.0 0.014789724 0.0 0.0 0.009860149 0.0 0.047331028 0.0 0.0 0.0 0.012912674
0.023066167 0.07805973 0.0433123 0.0 0.005576711 0.0 0.017156819 0.0 0.203027 0.0 0.008054446 0.009555996 0.0 0.0 0.019213686 0.0 0.0 0.0016391482 0.18165016 0.0059384312 0.0 0.0049620317 0.0 0.0 0.0 0.0 0.0 0.0 0.053965505 0.0 0.0 0.034787122 0.0 0.0 0.0 0.15022682 0.0 0.03958147 0.0 0.0 0.0 0.0137296915 0.0 0.0 0.0 0.019537874 0.0 0.056701053 0.0 0.0 0.0 0.030464115 0.030172713 0.0 0.0 0.0
0.0 0.017162345 0.0 0.0 0.045134023 0.0 0.10405434 0.00403159 0.0 0.12198179 0.0 0.05679944 0.0 0.0 0.0 0.0 0.0 0.0 0.0 0.0 0.0 0.0064510563 0.0 0.0 0.0 0.0 0.0 0.0 0.1800448 0.0 0.0 0.018692166 0.0 0.0 0.03546257 0.20120338 0.0028471642 0.0 0.02659718 0.0 0.027045399 0.0065806694 0.0 0.0 0.021245722 0.0 0.0 0.0 0.0 0.028140016 0.0 0.0 0.0 0.0 0.0 0.044218212
0.0 0.051002875 0.0 0.0 0.018260038 0.0 0.0069805332 0.06357737 0.00807147 0.0 0.0 0.049700648 0.054839395 0.0 0.0 0.0 0.044543363 0.0 0.047903992 0.0 0.119060926 0.0 0.0 0.0 0.009736874 0.0 0.0 0.0 0.0 0.05022032 0.016494704 0.008168801 0.0 0.0 0.0 0.0 0.0 0.0 0.0035315517 0.018188203 0.035915505 0.0 0.0 0.021245722 0.0 0.017293321 0.032540023 0.0 0.0 0.008526717 0.021036271 0.0 0.0 0.03564447 0.0 0.24398547
0.032522548 0.0 0.04198119 0.0 0.0 0.05870313 0.0 0.030797506 0.0 0.0 0.022632113 0.0 0.0 0.0 0.014494925 0.0 0.012765853 0.011290987 0.01865804 0.042613946 0.012088623 0.07330735 0.063576065 0.03972399 0.0 0.012159514 0.06109224 0.0 0.0 0.006115355 0.0 0.0 0.10973724 0.0 0.061681226 0.0 0.07838175 0.0 0.0 0.0 0.004618469 0.0 0.019537874 0.0 0.017293323 0.0017513201 0.03282614 0.005628815 0.035012007 0.0 0.0043447404 0.012427111 0.0 0.0 0.094753735 0.0
0.035002034 0.0 0.039407182 0.015299163 0.0 0.0 0.0 0.03616033 0.0 0.008381079 0.0 0.0 0.0 0.0 0.0 0.05832 0.0 0.027278906 0.053619433 0.0 0.0 0.0 0.0 0.029597372 0.07982457 0.08732731 0.0 0.0 0.042249117 0.0 0.0 0.043078095 0.0 0.0 0.0 0.0 0.0 0.0 0.0 0.0 0.14019962 0.014789725 0.0 0.0 0.032540023 0.03282614 0.001451364 0.0 0.023807496 0.0 0.0 0.020438114 0.11397241 0.0 0.0 0.015481774
0.04596211 0.0 0.0 0.0 0.0 0.0 0.016236862 0.036651086 0.0 0.0 0.07544637 0.0 0.0 0.0 0.06469734 0.0 0.0 0.0 0.031108689 0.0 0.0 0.0 0.0037534093 0.02520255 0.0 0.0 0.0 0.0015456543 0.0 0.0 0.0 0.0 0.07757319 0.07849325 0.0 0.0 0.11477282 0.032555178 0.07130075 0.0 0.0 0.0 0.056701053 0.0 0.0 0.005628815 0.0 0.11081828 0.0 0.0 0.0 0.04075416 0.0 0.0 0.03804204 0.0
0.0 0.12081114 0.0 0.19894251 0.035800263 0.039880432 0.028091192 0.0 0.0 0.0 0.014400024 0.017803248 0.050268188 0.0 0.0 0.0 0.0 0.07988424 0.0 0.0 0.059714522 0.04614036 0.0 0.0 0.0 0.0 0.0 0.0 0.0 0.017178085 0.009222859 0.0 0.004103421 0.0 0.0 0.0 0.012223707 0.025182234 0.0 0.02164911 0.0 0.0 0.0 0.0 0.0 0.035012007 0.023807496 0.0 0.0758517 0.0033025353 0.0 0.0 0.0 0.07174431 0.0 0.0
0.0 0.0 0.0 0.08398441 0.0 0.0 0.012867304 0.029695828 0.0 0.00055557216 0.0 0.0 0.0 0.021137387 0.02896492 0.0 0.0 0.0 0.0 0.0 0.0 0.0 0.031654347 0.0 0.0 0.11303609 0.0 0.0 0.0 0.0 0.0063112983 0.0 0.0 0.0 0.0 0.0 0.0 0.0 0.055610746 0.0459926 0.05024643 0.009860149 0.0 0.028140016 0.008526717 0.0 0.0 0.0 0.0033025355 0.0 0.050135918 0.017739471 0.0 0.043836575 0.0 0.17014126
0.007934582 0.0414738 0.0 0.0 0.0 0.0 0.0 0.03168875 0.0 0.0 0.070535466 0.0 0.0 0.062129553 0.0 0.0 0.0 0.0 0.0 0.1437585 0.0 0.0 0.106902555 0.005132274 0.0 0.0 0.072197974 0.16192138 0.0 0.0 0.018245582 0.0 0.035045337 0.0 0.03872082 0.014529827 0.058075633 0.034418903 0.05055907 0.042061385 0.0 0.0 0.0 0.0 0.021036271 0.0043447404 0.0 0.0 0.0 0.050135918 0.0 0.027338948 0.0 0.0 0.086764015 0.0
0.018501168 0.025141744 0.042024024 0.0 0.0 0.007437861 0.006890947 0.0066811317 0.0 0.0 0.0037179496 0.08506915 0.0 0.0 0.0 0.01352029 0.066871375 0.001054768 0.0022311346 0.05407686 0.0018292235 0.0 0.08923459 0.0 0.056184888 0.0 0.045857556 0.0 0.0 0.028328437 0.03332197 0.027486958 0.062138036 0.0 0.0 0.0 0.057975326 0.0006592155 0.06751854 0.0 0.0 0.047331024 0.030464115 0.0 0.0 0.01242711 0.020438114 0.04075416 0.0 0.017739471 0.027338948 0.0 0.08580575 0.0 0.0 0.0
0.0 0.0 0.0 0.054925427 0.1278785 0.0 0.0 0.0 0.112404004 0.0030583995 0.05804003 0.0 0.0047066943 0.0 0.0 0.02721069 0.0 0.098320015 0.0 0.0 0.0 0.0 0.0 0.07490976 0.0 0.0 0.0 0.0 0.0 0.0 0.0 0.11197458 0.0 0.0 0.0 0.023589559 0.0 0.0 0.0 0.0 0.0 0.0 0.030172713 0.0 0.0 0.0 0.1139724 0.0 0.0 0.0 0.0 0.08580575 0.0 0.0 0.0 0.0
0.0 0.0 0.18382122 0.0 0.0 0.0 0.026977744 0.0032983038 0.0 0.105829924 0.006272759 0.04238889 0.061620202 0.034630332 0.0 0.0071496447 0.0 0.0 0.009152725 0.0537806 0.074891806 0.03602118 0.0 0.0 0.020349512 0.051859383 0.0 0.017223291 0.0 0.0 0.0 0.021120213 0.0 0.019319128 0.0 0.11244308 0.0 0.0 0.008855627 0.0 0.0 0.0 0.0 0.0 0.03564447 0.0 0.0 0.0 0.07174431 0.043836575 0.0 0.0 0.0 0.0 0.0 0.0
0.0 0.052643176 0.0 0.0 0.0 0.0 0.06861151 0.0024651687 0.0 0.0 0.01990874 0.08291545 0.0 0.027771097 0.0 0.0 0.0 0.0021721383 0.005065202 0.020874992 0.0 0.0 0.17161372 0.0 0.040481567 0.0 0.0021274083 0.023051197 0.0 0.0 0.016100362 0.0 0.042820267 0.019728642 0.011177303 0.018145986 0.07710247 0.072777614 0.030710254 0.04690334 0.0 0.0 0.0 0.0 0.0 0.09475374 0.0 0.03804204 0.0 0.0 0.086764015 0.0 0.0 0.0 0.0 0.0
0.0223809 0.0 0.039089598 0.0 0.0 0.0 0.035611834 0.0 0.0 0.075181596 0.0 0.0 0.0 0.0 0.007261428 0.0 0.0 0.0 0.07971667 0.0 0.0 0.031347387 0.0 0.0 0.0 0.12932944 0.0 0.0 0.0 0.0 0.0 0.0 0.0 0.05592523 0.0 0.0 0.0 0.0 0.10561639 0.0 0.06838188 0.012912674 0.0 0.044218212 0.24398547 0.0 0.015481773 0.0 0.0 0.17014126 0.0 0.0 0.0 0.0 0.0 0.0
