0.0 0.1572649 0.039947663 0.15497285 0.022202332 0.0 0.024425097 0.0 0.0 0.0 0.0 0.0 0.0 0.0 0.0 0.0 0.0 0.0 0.13967927 0.0 0.20561194 0.0 0.012495956 0.0 0.08855647 0.0 0.0 0.0 0.0 0.0 0.0 0.030825661 0.0 0.064520285 0.0 0.0 0.0 0.0013219093 0.0 0.010739664 0.059026904 0.009439843 0.0 0.03983169 0.0 0.017886005 0.0 0.0 0.040656358 0.0 0.0 0.0 0.08467422 0.01274724 0.0 0.0
0.1572649 0.0 0.0 0.0 0.0 0.0 0.0 0.06365582 0.0 0.0046001556 0.0 0.0 0.0 0.003693616 0.0 0.0 0.0 0.043205615 0.0 0.0 0.0 0.0 0.037765417 0.052913647 0.024331372 0.009580858 0.0 0.0 0.0 0.06873065 0.0 0.0 0.050507165 0.0 0.0 0.0 0.0 0.0 0.06312516 0.0 0.00377957 0.0 0.0 0.015107089 0.0 0.0 0.0 0.0032743446 0.055074405 0.16880438 0.0 0.0 0.0 0.0 0.024157869 0.0
0.03994766 0.0 0.0 0.0 0.05317607 0.0 0.0 0.0 0.0 0.0 0.0 0.0 0.0 0.0 0.015443419 0.0 0.019736683 0.033648495 0.0032507295 0.0 0.0 0.0 0.008681974 0.008414733 0.0 0.04452117 0.0 0.0 0.0 0.017788704 0.0 0.0 0.026884804 0.018925091 0.012162875 0.0 0.0 0.0 0.0 0.0 0.0 0.0 0.0 0.0 0.043046452 0.0 0.0015012437 0.0 0.0 0.12074329 0.0 0.22461377 0.0 0.16030395 0.0 0.0
0.15497287 0.0 0.0 0.0 0.0 0.0 0.0 0.0153504545 0.0 0.032859422 0.0 0.0 0.029956687 0.0 0.0 0.0 0.0 0.0 0.0 0.08761944 0.0 0.05310023 0.0 0.0 0.0 0.13157505 0.0 0.032527965 0.0 0.0 0.0 0.0 0.0 0.0 0.0 0.0 0.24171588 0.0 0.0 0.06013851 0.0 0.0 0.0 0.0 0.08331986 0.0 0.0 0.0 0.0 0.0 0.0 0.0 0.0 0.0 0.0 0.0
0.02220233 0.0 0.053176075 0.0 0.0 0.030761018 0.0 0.0 0.0 0.005723939 0.0 0.1690371 0.0 0.0 0.0 0.00075931114 0.0 0.035047192 0.0 0.013515183 0.009530331 0.0 0.006047423 0.013669468 0.046720047 0.0 0.0 0.0 0.0 0.19711214 0.031821854 0.0 0.087629065 0.0 0.008567208 0.0 0.0 0.0 0.049509395 0.0 0.0 0.0 0.0 0.0 0.0 0.007437871 0.0 0.06346378 0.065128766 0.12391995 0.0 0.0 0.015661836 0.0 0.0 0.0
0.0 0.0 0.0 0.0 0.030761018 0.0 0.0 0.01367689 0.036768712 0.0 0.0 0.0 0.080366105 0.021976557 0.0 0.0 0.0 0.0 0.0 0.0 0.0 0.048223283 0.0 0.0 0.0 0.0 0.0 0.0 0.030232616 0.0 0.0 0.0 0.0 0.0 0.0 0.0 0.0 0.015959844 0.0 0.22387701 0.015434364 0.11807655 0.19556159 0.0 0.0 0.0 0.037905153 0.02254799 0.0 0.0 0.0 0.0 0.0 0.0 0.0 0.023247635
0.024425097 0.0 0.0 0.0 0.0 0.0 0.0 0.14928456 0.0 0.006904852 0.0 0.0 0.10848171 0.10533748 0.0 0.0 0.0 0.0 0.0 0.0 0.0 0.0 0.08812458 0.0 0.0 0.06744164 0.0 0.0 0.0 0.006733905 0.025801534 0.0 0.0 0.0 0.0 0.0 0.0 0.0 0.0 0.0 0.16439945 0.0 0.0 0.0 0.043058097 0.0 0.0 0.0 0.06660531 0.0 0.04891582 0.031482242 0.0 0.0 0.03924021 0.0
0.0 0.06365582 0.0 0.0153504545 0.0 0.01367689 0.14928456 0.0 0.0 0.017081141 0.07697668 0.0 0.0 0.0 0.0 0.0 0.0 0.0 0.0 0.0 0.005554023 0.0 0.0 0.0 0.06500942 0.0 0.0 0.0 0.0 0.0 0.0 0.06834441 0.0 0.041453987 0.015818883 0.07813439 0.0 0.0 0.0 0.0 0.0 0.0 0.0 0.0 0.013256873 0.2789767 0.0 0.0 0.0 0.0 0.0 0.019701669 0.065110125 0.0 0.046143584 0.0
0.0 0.0 0.0 0.0 0.0 0.036768712 0.0 0.0 0.0 0.0 0.036728624 0.0044192947 0.0 0.0 0.0 0.29269806 0.0 0.0 0.0 0.0 0.018603904 0.0 0.0 0.069666 0.0 0.044393025 0.0 0.022655997 0.0 0.0 0.0 0.0 0.0 0.008281634 0.0 0.0 0.081602894 0.0 0.0 0.0 0.0 0.0 0.16110161 0.0 0.0 0.0 0.087016396 0.0 0.0 0.0 0.0 0.0 0.0 0.0 0.14230882 0.0
0.0 0.004600155 0.0 0.032859422 0.005723939 0.0 0.0069048526 0.017081141 0.0 0.0 0.0 0.0 0.0 0.04884247 0.0 0.0 0.0 0.0 0.16707784 0.0 0.0 0.0 0.0 0.0 0.00036517438 0.0 0.068101145 0.0 0.0 0.0 0.0 0.11875459 0.0 0.11428938 0.02333736 0.0 0.0 0.0 0.0 0.021775542 0.06965454 0.0 0.0 0.050826125 0.0 0.03539618 0.0 0.0 0.0 0.0 0.042966567 0.0 0.07883556 0.0 0.037260983 0.0
0.0 0.0 0.0 0.0 0.0 0.0 0.0 0.07697668 0.036728624 0.0 0.0 0.0054966654 0.017841903 0.085001215 0.0 0.0 0.0 0.0 0.0 0.0 0.0 0.094772525 0.0 0.0 0.0 0.0 0.0 0.0 0.08135402 0.0 0.0 0.0 0.0 0.07620669 0.06148218 0.0 0.0 0.0 0.0 0.0 0.0221216 0.0 0.0 0.005764648 0.0 0.0 0.0 0.0 0.0 0.0 0.0 0.0 0.0 0.0 0.07030845 0.20307505
0.0 0.0 0.0 0.0 0.16903709 0.0 0.0 0.0 0.004419294 0.0 0.0054966654 0.0 0.0 0.0 0.035440568 0.02209393 0.0 0.090452515 0.001130825 0.046099033 0.03577839 0.0 0.0 0.0 0.0 0.0 0.0 0.0 0.0 0.021196837 0.0 0.0076151537 0.16259721 0.0 0.0 0.0 0.0 0.26169008 0.0 0.0 0.0 0.0 0.0 0.0 0.021223301 0.0 0.0 0.0 0.0 0.0 0.0 0.0 0.019696858 0.0 0.0 0.0
0.0 0.0 0.0 0.029956687 0.0 0.080366105 0.10848171 0.0 0.0 0.0 0.017841903 0.0 0.0 0.0 0.0 0.0 0.0 0.0 0.0 0.001967279 0.0 0.09754629 0.0 0.030365216 0.0 0.0 0.0 0.0 0.0 0.0 0.0 0.0 0.0 0.13643007 0.0 0.0 0.0 0.0 0.17811535 0.0 0.0 0.021425758 0.043061174 0.0 0.0014725104 0.0 0.01972016 0.09275445 0.053527888 0.0 0.0 0.031097094 0.0 0.0 0.0 0.0
0.0 0.0036936163 0.0 0.0 0.0 0.021976557 0.10533748 0.0 0.0 0.04884247 0.085001215 0.0 0.0 0.0 0.0 0.0 0.0 0.0 0.00696813 0.032194745 0.013122134 0.10075111 0.009611174 0.0 0.0 0.0 0.014836279 0.0 0.0146506 0.0 0.0 0.0 0.0 0.0 0.11937424 0.0067931213 0.009262596 0.0 0.17626917 0.0 0.0 0.0 0.0 0.012116639 0.0 0.026072329 0.0 0.10826057 0.0 0.090255946 0.0 0.0 0.024836322 0.0 0.043841075 0.0
0.0 0.0 0.015443419 0.0 0.0 0.0 0.0 0.0 0.0 0.0 0.0 0.03544057 0.0 0.0 0.37570524 0.03126842 0.1272335 0.12775137 0.0 0.0 0.0 0.041766174 0.0 0.05475637 0.0 0.0 0.0 0.0 0.0 0.0 0.035596777 0.0 0.0 0.0 0.028146338 0.0 0.0 0.0 0.0 0.0 0.0 0.0 0.0 0.0 0.0 0.02463467 0.0 0.0 0.0 0.0 0.0 0.0 0.0 0.0 0.0 0.0
0.0 0.0 0.0 0.0 0.00075931114 0.0 0.0 0.0 0.29269806 0.0 0.0 0.02209393 0.0 0.0 0.03126842 0.0 0.057055503 0.0 0.0 0.0 0.0 0.012081039 0.0 0.0 0.21723989 0.0 0.0 0.0 0.0 0.0 0.0 0.02390114 0.0 0.0 0.0 0.034748446 0.011014893 0.0 0.0 0.0 0.0 0.05679487 0.040594332 0.011475835 0.0 0.0 0.0 0.0 0.050527263 0.0 0.0 0.0 0.0 0.0 0.0 0.0
0.0 0.0 0.019736683 0.0 0.0 0.0 0.0 0.0 0.0 0.0 0.0 0.0 0.0 0.0 0.1272335 0.057055507 0.075773545 0.0 0.0 0.0 0.09309933 0.0 0.0 0.0 0.0 0.0 0.0 0.024296358 0.10973923 0.024666578 0.07871855 0.0 0.09283459 0.0 0.0 0.0 0.0 0.0 0.016021162 0.0 0.0 0.0 0.0 0.0 0.0 0.0 0.0 0.025914963 0.0 0.17074041 0.0 0.0 0.0 0.0 0.047229525 0.0
0.0 0.043205615 0.033648495 0.0 0.035047196 0.0 0.0 0.0 0.0 0.0 0.0 0.090452515 0.0 0.0 0.12775137 0.0 0.0 0.0 0.05650921 0.0 0.018215569 0.0 0.0 0.0 0.085424624 0.0 0.0 0.0 0.0 0.20315088 0.011509983 0.055679217 0.0 0.0 0.0 0.0 0.0 0.0 0.0 0.0 0.054261856 0.00875152 0.0 0.0 0.0 0.0 0.025227731 0.0 0.0 0.09453879 0.0 0.0 0.06436151 0.02588338 0.0 0.0
0.13967925 0.0 0.0032507293 0.0 0.0 0.0 0.0 0.0 0.0 0.16707784 0.0 0.0011308249 0.0 0.00696813 0.0 0.0 0.0 0.056509208 0.0 0.0 0.0 0.0 0.0 0.08399765 0.0 0.0 0.0 0.0 0.0 0.119550355 0.0 0.0 0.0 0.014428735 0.0 0.0 0.06559048 0.024560306 0.005691406 0.0 0.0 0.0 0.0 0.0 0.13069582 0.0 0.0 0.0 0.043018375 0.025743196 0.0 0.0 0.0 0.0 0.0 0.0
0.0 0.0 0.0 0.08761943 0.013515182 0.0 0.0 0.0 0.0 0.0 0.0 0.046099033 0.0019672792 0.03219475 0.0 0.0 0.0 0.0 0.0 0.0 0.008287943 0.006209099 0.0 0.0 0.0 0.0 0.038440116 0.0 0.0 0.0 0.095739745 0.036479387 0.008064076 0.0 0.0 0.0 0.0 0.0 0.15661913 0.0 0.0 0.04943118 0.0 0.0 0.015329694 0.0 0.046241578 0.0017187083 0.15669438 0.023460615 0.0 0.0 0.040648445 0.0 0.019175395 0.0
0.20561194 0.0 0.0 0.0 0.009530332 0.0 0.0 0.0055540227 0.018603904 0.0 0.0 0.03577839 0.0 0.013122134 0.0 0.0 0.09309933 0.018215569 0.0 0.008287943 0.0 0.0 0.0 0.010783702 0.0 0.025598118 0.0 0.0 0.0 0.0 0.0 0.02387397 0.0 0.0 0.0 0.024796385 0.0 0.0 0.0 0.0043330714 0.0 0.051594265 0.16111624 0.0 0.03795099 0.0 0.0 0.021396853 0.0 0.0 0.0 0.0 0.0 0.040581144 0.0 0.034335524
0.0 0.0 0.0 0.05310023 0.0 0.048223283 0.0 0.0 0.0 0.0 0.094772525 0.0 0.09754629 0.1007511 0.041766174 0.012081039 0.0 0.0 0.0 0.0062090997 0.0 0.0 0.055270646 0.0 0.0 0.11831571 0.02890176 0.06611489 0.0 0.0 0.06270023 0.0 0.084504046 0.0 0.0 0.0 0.0 0.0 0.0 0.0 0.018782133 0.02387393 0.0 0.0 0.0 0.0 0.0 0.0 0.004097469 0.0 0.016525635 0.0 0.0 0.0 0.035090674 0.0
0.012495956 0.03776542 0.008681974 0.0 0.006047423 0.0 0.08812458 0.0 0.0 0.0 0.0 0.0 0.0 0.0096111735 0.0 0.0 0.0 0.0 0.0 0.0 0.0 0.055270642 0.0 0.0 0.10417062 0.0 0.0 0.0 0.08058823 0.0 0.0 0.004639852 0.0 0.017065316 0.045237664 0.10733297 0.047874156 0.0 0.0 0.04655067 0.0 0.09131014 0.0 0.1428933 0.0 0.015209397 0.11640905 0.0 0.0 0.019151233 0.0 0.0045400634 0.022423428 0.0 0.0 0.13279992
0.0 0.052913647 0.008414733 0.0 0.0136694675 0.0 0.0 0.0 0.069666 0.0 0.0 0.0 0.030365216 0.0 0.05475637 0.0 0.0 0.0 0.08399765 0.0 0.010783701 0.0 0.0 0.0 0.010681094 0.058994573 0.0 0.0 0.0 0.0 0.0 0.15133929 0.0 0.0 0.0 0.16899562 0.0 0.0 0.059148878 0.038716152 0.045863822 0.0029371185 0.0 0.0 0.0 0.099504404 0.10983034 0.0 0.008838196 0.0 0.0 0.0 0.05429857 0.0 0.05989222 0.014787087
0.088556476 0.024331372 0.0 0.0 0.046720047 0.0 0.0 0.06500942 0.0 0.00036517438 0.0 0.0 0.0 0.0 0.0 0.21723989 0.0 0.085424624 0.0 0.0 0.0 0.0 0.10417061 0.010681094 0.0 0.0 0.0 0.035055604 0.0 0.0 0.03137096 0.0 0.058692157 0.0 0.0 0.0 0.0418423 0.017543422 0.0 0.0 0.0 0.0 0.030543607 0.0 0.074855275 0.0 0.0 0.0 0.0 0.0 0.037458427 0.029000139 0.0 0.008098409 0.022877198 0.0
0.0 0.009580858 0.044521175 0.13157505 0.0 0.0 0.06744165 0.0 0.04439303 0.0 0.0 0.0 0.0 0.0 0.0 0.0 0.0 0.0 0.0 0.0 0.025598118 0.11831572 0.0 0.058994576 0.0 0.0 0.0 0.031679768 0.0 0.0 0.0 0.0 0.0 0.0 0.08995277 0.051928096 0.0 0.0 0.0 0.039073575 0.06774169 0.0 0.0 0.036977414 0.0 0.028668944 0.0066946307 0.015424351 0.0 0.011973404 0.0 0.060628295 0.025578005 0.0 0.0 0.0
0.0 0.0 0.0 0.0 0.0 0.0 0.0 0.0 0.0 0.06810115 0.0 0.0 0.0 0.014836279 0.0 0.0 0.0 0.0 0.0 0.038440116 0.0 0.028901761 0.0 0.0 0.0 0.0 0.0 0.0 0.13191998 0.0 0.0 0.0 0.0 0.06003695 0.23209423 0.003567502 0.024683485 0.0 0.0 0.09898042 0.093795784 0.0 0.0 0.048668962 0.02187284 0.0 0.0 0.033214934 0.0 0.0 0.07411719 0.0 0.0 0.0 0.029793555 0.0
0.0 0.0 0.0 0.032527965 0.0 0.0 0.0 0.0 0.022655997 0.0 0.0 0.0 0.0 0.0 0.0 0.0 0.024296358 0.0 0.0 0.0 0.0 0.06611488 0.0 0.0 0.0350556 0.031679768 0.0 0.045025036 0.0 0.0 0.0 0.0 0.0 0.0 0.011477678 0.079113565 0.0 0.0 0.036691688 0.020444266 0.10569203 0.06908977 0.0 0.21007909 0.0 0.0 0.0 0.0 0.02197456 0.04828623 0.09054824 0.0 0.0 0.0 0.022984248 0.0
0.0 0.0 0.0 0.0 0.0 0.030232616 0.0 0.0 0.0 0.0 0.08135402 0.0 0.0 0.014650599 0.0 0.0 0.10973923 0.0 0.0 0.0 0.0 0.0 0.08058823 0.0 0.0 0.0 0.13191997 0.0 0.0 0.022819333 0.1407247 0.0 0.09416503 0.0 0.0 0.0 0.0 0.055270966 0.0 0.0 0.0 0.0 0.0 0.0 0.0 0.0 0.0 0.089114666 0.0 0.0 0.0 0.008693005 0.009131393 0.0030037605 0.0 0.0
0.0 0.06873065 0.017788704 0.0 0.19711214 0.0 0.006733905 0.0 0.0 0.0 0.0 0.021196835 0.0 0.0 0.0 0.0 0.024666576 0.20315088 0.11955035 0.0 0.0 0.0 0.0 0.0 0.0 0.0 0.0 0.0 0.022819333 0.022524051 0.016861442 0.0073531535 0.0 0.0 0.0 0.0 0.0 0.0 0.0 0.0 0.0 0.08654724 0.030860085 0.0 0.0 0.0 0.08971953 0.0 0.0 0.041468468 0.0 0.0 0.0 0.032130092 0.0 0.06977226
0.0 0.0 0.0 0.0 0.031821854 0.0 0.025801536 0.0 0.0 0.0 0.0 0.0 0.0 0.0 0.035596777 0.0 0.07871856 0.011509983 0.0 0.095739745 0.0 0.06270023 0.0 0.0 0.03137096 0.0 0.0 0.0 0.1407247 0.016861442 0.0 0.0 0.0 0.0 0.008116582 0.0 0.022229655 0.0 0.074921966 0.0 0.0 0.09196356 0.0 0.0 0.0 0.021294883 0.1832042 0.0 0.0 0.0 0.0 0.0 0.0 0.0 0.0 0.09399244
0.030825661 0.0 0.0 0.0 0.0 0.0 0.0 0.06834441 0.0 0.11875459 0.0 0.0076151537 0.0 0.0 0.0 0.02390114 0.0 0.05567922 0.0 0.036479387 0.02387397 0.0 0.0046398514 0.15133929 0.0 0.0 0.0 0.0 0.0 0.007353153 0.0 0.0 0.0022802418 0.021876577 0.0 0.0 0.16606209 0.0 0.0 0.0 0.0 0.0 0.0 0.0 0.002357891 0.012976974 0.0 0.0 0.0 0.0 0.0 0.036398955 0.0 0.09403463 0.0 0.0
0.0 0.05050716 0.026884805 0.0 0.087629065 0.0 0.0 0.0 0.0 0.0 0.0 0.16259721 0.0 0.0 0.0 0.0 0.09283459 0.0 0.0 0.008064076 0.0 0.08450405 0.0 0.0 0.058692157 0.0 0.0 0.0 0.09416503 0.0 0.0 0.0022802418 0.0 0.00416542 0.0 0.0 0.0 0.0 0.0 0.056279007 0.0 0.1681831 0.0 0.050986536 0.0 0.0 0.07688105 0.0 0.0 0.005209258 0.0 0.0 0.0 0.07938853 0.0 0.084134
0.064520285 0.0 0.01892509 0.0 0.0 0.0 0.0 0.041453987 0.008281633 0.11428938 0.07620669 0.0 0.13643007 0.0 0.0 0.0 0.0 0.0 0.014428734 0.0 0.0 0.0 0.017065316 0.0 0.0 0.0 0.06003695 0.0 0.0 0.0 0.0 0.02187658 0.0041654203 0.0 0.0 0.0 0.0 0.0 0.028564708 0.0 0.10732767 0.0 0.0 0.0 0.10523003 0.0 0.0 0.0 0.0 0.0 0.0 0.0 0.0 0.0 0.0 0.0
0.0 0.0 0.012162875 0.0 0.008567208 0.0 0.0 0.015818883 0.0 0.02333736 0.06148218 0.0 0.0 0.11937423 0.028146338 0.0 0.0 0.0 0.0 0.0 0.0 0.0 0.04523766 0.0 0.0 0.08995277 0.23209423 0.011477679 0.0 0.0 0.008116582 0.0 0.0 0.0 0.00569343 0.0085431915 0.0 0.0 0.0 0.049075224 0.0458137 0.0 0.0 0.0 0.01891569 0.0 0.0 0.0 0.09095097 0.0 0.1843319 0.0072031007 0.0 0.0 0.044318687 0.0
0.0 0.0 0.0 0.0 0.0 0.0 0.0 0.07813439 0.0 0.0 0.0 0.0 0.0 0.0067931213 0.0 0.034748446 0.0 0.0 0.0 0.0 0.024796385 0.0 0.10733297 0.16899563 0.0 0.05192809 0.003567502 0.079113565 0.0 0.0 0.0 0.0 0.0 0.0 0.0085431915 0.0 0.0 0.0 0.0 0.01481714 0.0 0.0 0.0 0.0 0.0 0.0 0.0 0.0 0.05031737 0.0 0.050710153 0.21401459 0.0 0.12092539 0.051501874 0.0
0.0 0.0 0.0 0.24171588 0.0 0.0 0.0 0.0 0.0816029 0.0 0.0 0.0 0.0 0.009262597 0.0 0.011014894 0.0 0.0 0.06559048 0.0 0.0 0.0 0.047874156 0.0 0.0418423 0.0 0.024683487 0.0 0.0 0.0 0.022229655 0.16606209 0.0 0.0 0.0 0.0 0.0 0.0 0.0 0.0 0.03573052 0.0 0.0 0.021841073 0.0 0.020215953 0.0 0.0 0.042888835 0.0 0.18061209 0.0 0.09938148 0.0 0.0036220325 0.0
0.0013219093 0.0 0.0 0.0 0.0 0.015959844 0.0 0.0 0.0 0.0 0.0 0.26169008 0.0 0.0 0.0 0.0 0.0 0.0 0.024560306 0.0 0.0 0.0 0.0 0.0 0.017543424 0.0 0.0 0.0 0.05527097 0.0 0.0 0.0 0.0 0.0 0.0 0.0 0.0 0.03508925 0.0 0.0 0.0 0.06817268 0.014139022 0.012540868 0.0 0.0 0.072894506 0.0 0.0019943265 0.0 0.0 0.0 0.0028030581 0.109459996 0.0 0.28217894
0.0 0.06312516 0.0 0.0 0.04950939 0.0 0.0 0.0 0.0 0.0 0.0 0.0 0.17811534 0.17626916 0.0 0.0 0.016021162 0.0 0.005691406 0.15661915 0.0 0.0 0.0 0.059148878 0.0 0.0 0.0 0.036691688 0.0 0.0 0.074921966 0.0 0.0 0.028564708 0.0 0.0 0.0 0.0 0.0 0.12420627 0.0 0.004590451 0.0142983785 0.0 0.0 0.0 0.0 0.0 0.0 0.0 0.0 0.0 0.0 0.0 0.0 0.0
0.010739664 0.0 0.0 0.060138505 0.0 0.22387701 0.0 0.0 0.0 0.021775544 0.0 0.0 0.0 0.0 0.0 0.0 0.0 0.0 0.0 0.0 0.0043330714 0.0 0.04655067 0.038716152 0.0 0.039073575 0.09898043 0.020444266 0.0 0.0 0.0 0.0 0.056279004 0.0 0.049075224 0.01481714 0.0 0.0 0.12420627 0.07169124 0.0 0.0 0.020105634 0.0 0.016909286 0.0 0.0 0.095429905 0.03840211 0.0 0.013978023 0.0 0.0 0.0 0.014366216 0.0
0.059026908 0.00377957 0.0 0.0 0.0 0.015434365 0.16439945 0.0 0.0 0.06965454 0.022121599 0.0 0.0 0.0 0.0 0.0 0.0 0.05426186 0.0 0.0 0.0 0.018782133 0.0 0.045863822 0.0 0.067741685 0.093795784 0.10569202 0.0 0.0 0.0 0.0 0.0 0.10732767 0.0458137 0.0 0.03573052 0.0 0.0 0.0 0.0 0.0 0.0 0.0026434804 0.0 0.0 0.0 0.0060088984 0.0 0.01835317 0.06262887 0.034822576 0.0 0.0064966106 0.03851261 0.0
0.009439843 0.0 0.0 0.0 0.0 0.11807655 0.0 0.0 0.0 0.0 0.0 0.0 0.021425758 0.0 0.0 0.05679487 0.0 0.008751521 0.0 0.04943118 0.051594265 0.02387393 0.09131014 0.0029371185 0.0 0.0 0.0 0.06908977 0.0 0.08654725 0.09196357 0.0 0.1681831 0.0 0.0 0.0 0.0 0.06817268 0.0045904513 0.0 0.0 0.0 0.0 0.0 0.06715329 0.0 0.0 0.022168942 0.0062602526 0.01331562 0.0 0.0 0.0 0.0 0.0 0.0
0.0 0.0 0.0 0.0 0.0 0.1955616 0.0 0.0 0.1611016 0.0 0.0 0.0 0.043061174 0.0 0.0 0.040594332 0.0 0.0 0.0 0.0 0.16111626 0.0 0.0 0.0 0.030543607 0.0 0.0 0.0 0.0 0.030860085 0.0 0.0 0.0 0.0 0.0 0.0 0.0 0.014139022 0.014298378 0.020105632 0.0 0.0 0.05389258 0.0 0.0 0.0 0.0 0.0 0.10309816 0.0 0.0 0.0 0.041754235 0.0 0.0 0.0
0.03983169 0.015107089 0.0 0.0 0.0 0.0 0.0 0.0 0.0 0.050826125 0.005764648 0.0 0.0 0.012116639 0.0 0.011475835 0.0 0.0 0.0 0.0 0.0 0.0 0.14289331 0.0 0.0 0.036977414 0.04866896 0.21007909 0.0 0.0 0.0 0.0 0.05098654 0.0 0.0 0.0 0.021841072 0.0125408685 0.0 0.0 0.0026434804 0.0 0.0 0.0 0.089016646 0.0320226 0.0 0.04994789 0.0 0.0 0.057759095 0.07175016 0.0 0.0 0.0 0.0
0.0 0.0 0.043046452 0.08331986 0.0 0.0 0.043058097 0.013256874 0.0 0.0 0.0 0.0212233 0.0014725103 0.0 0.0 0.0 0.0 0.0 0.13069582 0.015329694 0.037950993 0.0 0.0 0.0 0.07485527 0.0 0.02187284 0.0 0.0 0.0 0.0 0.002357891 0.0 0.10523003 0.018915689 0.0 0.0 0.0 0.0 0.016909285 0.0 0.06715329 0.0 0.089016646 0.05193494 0.09221225 0.0 0.0 0.004766908 0.0 0.0 0.0 0.1411082 0.0 0.0 0.0
0.017886005 0.0 0.0 0.0 0.0074378713 0.0 0.0 0.2789767 0.0 0.03539618 0.0 0.0 0.0 0.026072327 0.024634669 0.0 0.0 0.0 0.0 0.0 0.0 0.0 0.015209397 0.0995044 0.0 0.028668946 0.0 0.0 0.0 0.0 0.021294884 0.012976975 0.0 0.0 0.0 0.0 0.020215953 0.0 0.0 0.0 0.0 0.0 0.0 0.032022603 0.09221225 0.0 0.0 0.034642655 0.034365475 0.0 0.032589424 0.061899897 0.0 0.015784197 0.048807323 0.0
0.0 0.0 0.0015012437 0.0 0.0 0.037905153 0.0 0.0 0.087016396 0.0 0.0 0.0 0.01972016 0.0 0.0 0.0 0.0 0.025227731 0.0 0.046241578 0.0 0.0 0.11640905 0.109830335 0.0 0.0066946307 0.0 0.0 0.0 0.08971953 0.1832042 0.0 0.07688105 0.0 0.0 0.0 0.0 0.0728945 0.0 0.0 0.0 0.0 0.0 0.0 0.0 0.0 0.0 0.052151132 0.0077331006 0.0 0.0 0.0 0.0 0.0 0.0 0.0
0.0 0.0032743446 0.0 0.0 0.063463785 0.022547988 0.0 0.0 0.0 0.0 0.0 0.0 0.09275445 0.10826058 0.0 0.0 0.025914965 0.0 0.0 0.0017187084 0.021396853 0.0 0.0 0.0 0.0 0.015424351 0.033214938 0.0 0.08911467 0.0 0.0 0.0 0.0 0.0 0.0 0.0 0.0 0.0 0.0 0.095429905 0.0060088984 0.022168942 0.0 0.04994789 0.0 0.03464265 0.052151132 0.011447771 0.0 0.0 0.0 0.0 0.08225273 0.05810578 0.0 0.08199476
0.040656358 0.055074405 0.0 0.0 0.065128766 0.0 0.06660531 0.0 0.0 0.0 0.0 0.0 0.053527888 0.0 0.0 0.050527263 0.0 0.0 0.043018375 0.15669438 0.0 0.0040974696 0.0 0.008838195 0.0 0.0 0.0 0.02197456 0.0 0.0 0.0 0.0 0.0 0.0 0.09095097 0.05031737 0.042888835 0.0019943262 0.0 0.03840211 0.0 0.006260252 0.103098154 0.0 0.0047669085 0.03436547 0.0077331 0.0 0.0 0.0 0.0 0.06923239 0.0 0.04569639 0.0 0.0045664567
0.0 0.16880438 0.12074329 0.0 0.12391996 0.0 0.0 0.0 0.0 0.0 0.0 0.0 0.0 0.09025595 0.0 0.0 0.17074043 0.09453879 0.025743198 0.023460615 0.0 0.0 0.019151233 0.0 0.0 0.011973404 0.0 0.04828623 0.0 0.041468468 0.0 0.0 0.005209258 0.0 0.0 0.0 0.0 0.0 0.0 0.0 0.01835317 0.01331562 0.0 0.0 0.0 0.0 0.0 0.0 0.0 0.0 0.0 0.0 0.0 0.0 0.0 0.0
0.0 0.0 0.0 0.0 0.0 0.0 0.04891582 0.0 0.0 0.042966567 0.0 0.0 0.0 0.0 0.0 0.0 0.0 0.0 0.0 0.0 0.0 0.016525635 0.0 0.0 0.037458427 0.0 0.0741172 0.09054823 0.0 0.0 0.0 0.0 0.0 0.0 0.1843319 0.050710153 0.18061209 0.0 0.0 0.013978023 0.06262887 0.0 0.0 0.057759095 0.0 0.032589428 0.0 0.0 0.0 0.0 0.0 0.0 0.0 0.0 0.024235444 0.048946414
0.0 0.0 0.22461379 0.0 0.0 0.0 0.03148224 0.019701667 0.0 0.0 0.0 0.0 0.031097095 0.0 0.0 0.0 0.0 0.0 0.0 0.0 0.0 0.0 0.004540063 0.0 0.02900014 0.0606283 0.0 0.0 0.008693005 0.0 0.0 0.03639896 0.0 0.0 0.0072031007 0.21401459 0.0 0.0 0.0 0.0 0.034822576 0.0 0.0 0.07175016 0.0 0.061899893 0.0 0.0 0.06923239 0.0 0.0 0.01835843 0.01650879 0.052825537 0.08049106 0.0
0.08467422 0.0 0.0 0.0 0.015661836 0.0 0.0 0.06511012 0.0 0.07883556 0.0 0.019696858 0.0 0.024836324 0.0 0.0 0.0 0.06436151 0.0 0.040648445 0.0 0.0 0.022423428 0.05429857 0.0 0.025578005 0.0 0.0 0.009131393 0.0 0.0 0.0 0.0 0.0 0.0 0.0 0.09938148 0.0028030584 0.0 0.0 0.0 0.0 0.041754235 0.0 0.1411082 0.0 0.0 0.08225273 0.0 0.0 0.0 0.01650879 0.0 0.0 0.121293455 0.0
0.01274724 0.0 0.16030395 0.0 0.0 0.0 0.0 0.0 0.0 0.0 0.0 0.0 0.0 0.0 0.0 0.0 0.0 0.025883378 0.0 0.0 0.040581144 0.0 0.0 0.0 0.008098409 0.0 0.0 0.0 0.0030037605 0.032130092 0.0 0.09403462 0.07938853 0.0 0.0 0.12092539 0.0 0.10945999 0.0 0.0 0.0064966106 0.0 0.0 0.0 0.0 0.015784197 0.0 0.058105778 0.04569639 0.0 0.0 0.052825533 0.0 0.0 0.0 0.0
0.0 0.024157867 0.0 0.0 0.0 0.0 0.03924021 0.04614358 0.14230882 0.03726098 0.07030845 0.0 0.0 0.043841075 0.0 0.0 0.047229525 0.0 0.0 0.019175394 0.0 0.035090674 0.0 0.059892215 0.022877196 0.0 0.029793553 0.022984248 0.0 0.0 0.0 0.0 0.0 0.0 0.044318687 0.051501874 0.0036220325 0.0 0.0 0.014366215 0.038512606 0.0 0.0 0.0 0.0 0.048807323 0.0 0.0 0.0 0.0 0.024235444 0.08049106 0.12129346 0.0 0.0 0.0
0.0 0.0 0.0 0.0 0.0 0.023247633 0.0 0.0 0.0 0.0 0.20307504 0.0 0.0 0.0 0.0 0.0 0.0 0.0 0.0 0.0 0.034335524 0.0 0.13279991 0.014787086 0.0 0.0 0.0 0.0 0.0 0.06977225 0.09399244 0.0 0.084134005 0.0 0.0 0.0 0.0 0.28217894 0.0 0.0 0.0 0.0 0.0 0.0 0.0 0.0 0.0 0.08199476 0.0045664567 0.0 0.048946414 0.0 0.0 0.0 0.0 0.0
