0.0 0.0 0.0 0.059970856 0.0 0.033610098 0.0 0.0 0.06640268 0.0 0.017790645 0.0 0.0 0.057709593 0.12455425 0.00353097 0.018809926 0.0 0.00093841215 0.0 0.0 0.0 0.07835783 0.049862932 0.0 0.0 0.12924853 0.0 0.0 0.029838985 0.098775 0.0 0.0 0.0 0.08935891 0.0 0.0 0.0 0.0 0.0 0.0 0.0 0.0 0.01025867 0.0 0.008858252 0.0 0.0 0.0 0.0 0.04296578 0.08347904 0.04703399 0.030764882 0.06645226 0.0
0.0 0.073148236 0.0 0.0 0.016404448 0.0 0.0 0.0 0.0 0.0 0.020804243 0.0 0.0 0.03092802 0.0 0.02264981 0.0 0.027136095 0.0 0.0 0.0 0.0 0.0579016 0.0 0.045419373 0.0 0.0 0.0 0.0 0.0 0.0 0.060196877 0.09081171 0.0 0.0 0.0 0.0 0.0 0.14847748 0.0 0.0020035424 0.0 0.027466206 0.0 0.051185198 0.03383863 0.0044968002 0.05816944 0.0039606355 0.0 0.0924416 0.0 0.0 0.0 0.013355944 0.0
0.0 0.0 0.17609058 0.0 0.0 0.0336628 0.12551475 0.01615962 0.0 0.01668408 0.034705304 0.0 0.016326398 0.0 0.0 0.02033739 0.0 0.0 0.0 0.03641866 0.051486146 0.010602391 0.0294956 0.0 0.004210987 0.0 0.0 0.08950474 0.0 0.0 0.0 0.050051447 0.0 0.08331737 0.0 0.024092657 0.0 0.0 0.02789803 0.0 0.0045326347 0.04678894 0.0 0.0 0.030436814 0.028934099 0.0 0.0 0.0034282964 0.0 0.010458869 0.016559117 0.0 0.0 0.0 0.0
0.059970856 0.0 0.0 0.0 0.0 0.0 0.0 0.3366709 0.0 0.008974366 0.010288362 0.0 0.0 0.0 0.0 0.014582122 0.0 0.021197874 0.0 0.0 0.0 0.0 0.044799756 0.0 0.0 0.0 0.0 0.017752573 0.0 0.0 0.0 0.010879147 0.0 0.0 0.0 0.0 0.0488989 0.03837237 0.0 0.0 0.019355014 0.0 0.0 0.0 0.048265424 0.0 0.009472195 0.071218476 0.0 0.0 0.058112342 0.007844177 0.0 0.0 0.0 0.0
0.0 0.016404448 0.0 0.0 0.12280111 0.0 0.0 0.0 0.0 0.0 0.10052834 0.0 0.0 0.0 0.0 0.0040046326 0.0 0.0 0.0 0.056892514 0.0 0.10416073 0.0 0.0 0.0469874 0.0 0.0 0.097461045 0.0 0.0 0.0983973 0.0 0.0 0.015741173 0.0 0.0 0.0 0.0 0.0 0.0 0.0 0.0 0.0 0.0 0.0 0.040968865 0.11844966 0.0089701135 0.0 0.0 0.0 0.0 0.0 0.0 0.0 0.0
0.033610098 0.0 0.033662796 0.0 0.0 0.0 0.026747217 0.054127038 0.0 0.0 0.0 0.0 0.0 0.0 0.0 0.0 0.014247966 0.0 0.0 0.053966764 0.0 0.0077353315 0.0 0.0 0.031791266 0.0 0.0 0.0 0.0 0.042023346 0.0 0.0 0.10725544 0.0 0.0 0.0 0.0 0.0251548 0.13314785 0.0 0.0 0.042430207 0.0 0.0 0.022338388 0.055619616 0.0 0.033880174 0.017906839 0.0 0.0 0.0 0.09759063 0.00047513325 0.0 0.0
0.0 0.0 0.12551476 0.0 0.0 0.026747217 0.0 0.0 0.0 0.0 0.0 0.049598888 0.0 0.0 0.030214077 0.0 0.0064856717 0.005228364 0.029020999 0.0 0.008437859 0.0 0.0 0.0 0.1774603 0.0 0.0 0.03241158 0.0 0.048964128 0.037452493 0.009442112 0.107268825 0.0 0.012492497 0.02885081 0.0 0.0 0.067263335 0.0 0.0 0.0 0.0 0.0 0.022004185 0.0 0.0 0.0 0.0 0.034548722 0.0 0.0 0.023963792 0.0 0.0 0.0
0.0 0.0 0.01615962 0.3366709 0.0 0.054127038 0.0 0.0 0.03995269 0.0 0.0 0.0 0.0 0.0556838 0.04147175 0.0 0.05119851 0.03712038 0.0 0.0 0.0 0.0 0.0 0.0 0.0 0.0 0.14653811 0.0043426193 0.0 0.0 0.14129221 0.0 0.0 0.0 0.0 0.0 0.0 0.012583918 0.0 0.021882942 0.050489962 0.0 0.0 0.0 0.0 0.0 0.0 0.0 0.033438306 0.0 0.03744454 0.0 0.027430562 0.0 0.089494534 0.0
0.06640268 0.0 0.0 0.0 0.0 0.0 0.0 0.03995269 0.0 0.0 0.08194899 0.0 0.0 0.0 0.0 0.0 0.0 0.0 0.0 0.0 0.0 0.024114497 0.0 0.14004317 0.0 0.0 0.0 0.0 0.0 0.0 0.0 0.0 0.0 0.0 0.0 0.0 0.2753026 0.0 0.0031426665 0.0 0.0 0.0 0.0 0.0 0.13749184 0.0 0.0047645653 0.0 0.0 0.0 0.027103119 0.10906098 0.0 0.0 0.0 0.0
0.0 0.0 0.01668408 0.008974366 0.0 0.0 0.0 0.0 0.0 0.0 0.010189683 0.022662563 0.0 0.08107406 0.017049415 0.0 0.14429817 0.0 0.03990492 0.0 0.0 0.0 0.0 0.0 0.0 0.0 0.06774738 0.0 0.05223453 0.09279413 0.077720866 0.0 0.0 0.0 0.12696783 0.0038999137 0.0 0.0 0.0 0.0 0.0 0.0 0.0 0.07854709 0.0 0.002210741 0.0 0.0 0.0 0.0053156856 0.0 0.0 0.08044621 0.0 0.109548174 0.0016460699
0.017790643 0.020804243 0.0347053 0.010288362 0.100528345 0.0 0.0 0.0 0.08194899 0.010189683 0.0 0.0 0.0 0.0 0.0 0.0 0.068875484 0.0 0.08274903 0.0 0.0 0.0 0.0 0.0 0.017609939 0.0 0.0 0.0 0.19388956 0.04388737 0.055544075 0.0 0.0 0.016077347 0.03124896 0.13261795 0.006672522 0.0 0.0 0.0 0.0 0.0 0.030457782 0.0 0.0 0.062815405 0.10263137 0.0 0.0 0.0 0.0 0.0 0.0 0.0 0.0 0.0
0.0 0.0 0.0 0.0 0.0 0.0 0.049598888 0.0 0.0 0.022662563 0.0 0.0 0.0 0.0 0.0 0.2457921 0.122172944 0.0 0.0 0.0 0.0 0.0 0.0 0.0 0.0 0.077382475 0.0 0.13707557 0.06623493 0.0 0.0 0.0 0.0 0.063585036 0.0 0.11732749 0.0 0.009002471 0.019613706 0.0 0.021433039 0.0 0.0 0.0 0.0 0.0 0.0 0.0 0.0 0.0 0.0 0.0026454572 0.0 0.0 0.0 0.0
0.0 0.0 0.0163264 0.0 0.0 0.0 0.0 0.0 0.0 0.0 0.0 0.0 0.0 0.0 0.02231325 0.0 0.0 0.11141955 0.0 0.0 0.11461997 0.07448982 0.02473071 0.0 0.040759094 0.0 0.0 0.0 0.0 0.11084675 0.0 0.0 0.0 0.0 0.0 0.008531451 0.0 0.043099128 0.0 0.0 0.0 0.0 0.0 0.08976504 0.0 0.010666379 0.030386731 0.0 0.06984502 0.05664004 0.0 0.0 0.0 0.0 0.0 0.18291923
0.057709593 0.030928021 0.0 0.0 0.0 0.0 0.0 0.0556838 0.0 0.08107407 0.0 0.0 0.0 0.0 0.0322531 0.0015254 0.0 0.069720626 0.0 0.0011749347 0.0 0.065981686 0.15101624 0.0 0.0 0.008210021 0.10945511 0.0 0.0 0.0 0.0 0.0 0.0 0.0 0.0 0.0 0.10968858 0.0 0.0 0.0 0.0 0.023699466 0.0 0.0 0.0 0.0011450275 0.0 0.0 0.0 0.0 0.099877216 0.0 0.0 0.0047348375 0.040119544 0.029677782
0.12455425 0.0 0.0 0.0 0.0 0.0 0.030214075 0.04147175 0.0 0.017049415 0.0 0.0 0.02231325 0.0322531 0.06887214 0.030144399 0.0 0.04928215 0.0 0.0 0.0 0.0 0.0 0.0 0.0 0.092201784 0.0 0.0134455245 0.039190948 0.0 0.037974536 7.9643956e-07 0.0 0.0 0.0 0.0 0.0 0.0 0.0 0.013175963 0.08989403 0.0 0.0 0.0 0.06431666 0.0 0.0 0.0 0.0 0.0 0.0 0.0 0.0 0.0 0.0 0.1104829
0.00353097 0.02264981 0.02033739 0.014582121 0.0040046326 0.0 0.0 0.0 0.0 0.0 0.0 0.2457921 0.0 0.0015254 0.030144397 0.0 0.028633514 0.0 0.066677965 0.0 0.0 0.0 0.016582612 0.0 0.03816944 0.0 0.02860721 0.0 0.0 0.028829224 0.0 0.0 0.0 0.0 0.0 0.0 0.0 0.0 0.0061265975 0.0 0.015317053 0.0 0.0 0.066786304 0.0 0.0 0.0 0.0 0.0 0.0 0.09957269 0.0 0.13456117 0.035380404 0.0 0.0
0.018809926 0.0 0.0 0.0 0.0 0.014247966 0.0064856717 0.05119851 0.0 0.14429818 0.06887548 0.12217294 0.0 0.0 0.0 0.028633514 0.0 0.0 0.0 0.0 0.0 0.0 0.0612158 0.0 0.0 0.05094862 0.0 0.12681526 0.0 0.0 0.0 0.017283164 0.0 0.031644616 0.0 0.075828254 0.0 0.060521346 0.09037959 0.0 0.0 0.015942015 0.0 0.0 0.0 0.0076277764 0.0 0.0 0.0 0.0 0.022762287 0.0 0.0 0.0 0.0 0.0
0.0 0.027136097 0.0 0.021197874 0.0 0.0 0.0052283644 0.03712038 0.0 0.0 0.0 0.0 0.11141955 0.06972063 0.049282152 0.0 0.0 0.0 0.02722691 0.007490997 0.0 0.0 0.0 0.048488766 0.15910757 0.023673136 0.0 0.0 0.0 0.0 0.06718853 0.0 0.0 0.0 0.0 0.07884094 0.0 0.0 0.0 0.0 0.043787375 0.0 0.0 0.0 0.0 0.02235533 0.0 0.0 0.0 0.0 0.06618599 0.109607205 0.0 0.0 0.0 0.0
0.0009384121 0.0 0.0 0.0 0.0 0.0 0.029021 0.0 0.0 0.03990492 0.08274904 0.0 0.0 0.0 0.0 0.06667796 0.0 0.02722691 0.0 0.031993996 0.0 0.0 0.02083744 0.0 0.0 0.0 0.0 0.031483084 0.0 0.0 0.016384788 0.0 0.049518894 0.075311325 0.0 0.0 0.0 0.009966227 0.09519999 0.0 0.0 0.0 0.0 0.0 0.053391524 0.0 0.0 0.057309907 0.0 0.0 0.017619008 0.0 0.0 0.0 0.020488044 0.0
0.0 0.0 0.03641866 0.0 0.056892518 0.053966768 0.0 0.0 0.0 0.0 0.0 0.0 0.0 0.0011749348 0.0 0.0 0.0 0.007490997 0.031993996 0.0 0.0 0.0 0.041682027 0.0 0.13842613 0.0 0.031476088 0.0 0.0 0.0 0.0 0.0610376 0.036057502 0.0 0.0 0.008900352 0.0 0.11160275 0.10769975 0.0 0.0 0.0 0.0 0.0 0.0 0.1316176 0.012501097 0.0 0.0 0.0 0.031515587 0.0 0.11825489 0.0 0.0 0.0
0.0 0.0 0.051486146 0.0 0.0 0.0 0.00843786 0.0 0.0 0.0 0.0 0.0 0.11461997 0.0 0.0 0.0 0.0 0.0 0.0 0.0 0.07976695 0.0 0.0 0.0 0.06782117 0.024972497 0.0 0.0 0.0 0.0 0.0 0.0 0.12833174 0.0 0.0 0.0 0.0 0.0 0.15134622 0.011648928 0.0 0.034713637 0.0 0.039801788 0.0 0.0 0.0 0.13086584 0.008790778 0.00809851 0.032616317 0.0 0.015894618 0.0 0.0 0.0
0.0 0.0 0.01060239 0.0 0.10416073 0.0077353315 0.0 0.0 0.024114497 0.0 0.0 0.0 0.07448982 0.065981686 0.0 0.0 0.0 0.0 0.0 0.0 0.0 0.029008627 0.0 0.0 0.01111055 0.029084763 0.0 0.0 0.0 0.05360173 0.0 0.12245986 0.0 0.0 0.025569145 0.056949407 0.0 0.0008076297 0.0 0.0810804 0.087061554 0.054271407 0.0 0.0 0.0 0.0 0.07422334 0.0 0.0 0.0 0.050405037 0.0 0.0051042857 0.0 0.0 0.0
0.07835783 0.057901595 0.0294956 0.044799756 0.0 0.0 0.0 0.0 0.0 0.0 0.0 0.0 0.02473071 0.15101625 0.0 0.016582614 0.0612158 0.0 0.020837437 0.041682027 0.0 0.0 0.0 0.005196733 0.0 0.03512441 0.0 0.0 0.09672402 0.0 0.0 0.0 0.0 0.0 0.035115913 0.0009197793 0.0 0.0 0.0 0.0 0.10177815 0.08624443 0.0 0.0 0.0 0.0 0.0 0.0 0.0 0.018533098 0.005908051 0.0 0.0 0.1768294 0.0 0.09564596
0.049862932 0.0 0.0 0.0 0.0 0.0 0.0 0.0 0.14004315 0.0 0.0 0.0 0.0 0.0 0.0 0.0 0.0 0.04848877 0.0 0.0 0.0 0.0 0.0051967334 0.0 0.0 0.0 0.05411161 0.0 0.07964908 0.0 0.022246104 0.0 0.0 0.0 0.0 0.0 0.14765202 0.0 0.0 0.0 0.044634204 0.0 0.0 0.0 0.0 0.0 0.0 0.0 0.0 0.0 0.0 0.2813428 0.0 0.0 0.07967215 0.0
0.0 0.045419373 0.004210987 0.0 0.046987403 0.031791266 0.1774603 0.0 0.0 0.0 0.017609939 0.0 0.04075909 0.0 0.0 0.038169444 0.0 0.15910757 0.0 0.13842613 0.06782116 0.01111055 0.0 0.0 0.038150914 0.017748095 0.0 0.063913696 0.038372558 0.0 0.0 0.069696434 0.0 0.07160462 0.0 0.0 0.0 0.0 0.013642576 0.0 0.0 0.048092835 0.0 0.0 0.0 0.0 0.014721242 0.0 0.0 0.0 0.0018647829 0.0 0.0 0.02854389 0.0 0.0
0.0 0.0 0.0 0.0 0.0 0.0 0.0 0.0 0.0 0.0 0.0 0.077382475 0.0 0.008210021 0.09220179 0.0 0.05094862 0.023673136 0.0 0.0 0.024972497 0.029084764 0.03512441 0.0 0.017748097 0.0 0.018055415 0.0006707263 0.0 0.0066709886 0.0 0.0 0.0 0.0 0.0142853055 0.0 0.0 0.0 0.0 0.0 0.005925444 6.7886634e-05 0.0 0.15061611 0.0 0.0 0.04823149 0.0 0.028324729 0.20028444 0.0 0.0 0.027791731 0.04461581 0.004005673 0.121270426
0.12924853 0.0 0.0 0.0 0.0 0.0 0.0 0.1465381 0.0 0.06774738 0.0 0.0 0.0 0.10945511 0.0 0.028607208 0.0 0.0 0.0 0.031476088 0.0 0.0 0.0 0.054111615 0.0 0.018055415 0.0657629 0.0 0.0 0.009950786 0.0 0.0 0.0 0.0 0.029586319 0.0 0.0 0.0 0.0 0.0 0.0 0.0 0.0 0.0 0.0 0.0 0.0 0.024320481 0.0 0.0 0.108135745 0.09999722 0.0 0.017881207 0.042595685 0.0
0.0 0.0 0.08950473 0.017752571 0.097461045 0.0 0.03241158 0.0043426193 0.0 0.0 0.0 0.13707557 0.0 0.0 0.0134455245 0.0 0.12681526 0.0 0.031483084 0.0 0.0 0.0 0.0 0.0 0.0639137 0.0006707263 0.0 0.0 0.0 0.10173284 0.0 0.0 0.0 0.0 0.0 0.013383677 0.0 0.0 0.0 0.0 0.0 0.056579195 0.0 0.056383282 0.0 0.0 0.06272703 0.0 0.009027976 0.011849435 0.0005006089 0.0 0.09702703 0.04963556 0.0 0.0
0.0 0.0 0.0 0.0 0.0 0.0 0.0 0.0 0.0 0.05223453 0.19388956 0.06623494 0.0 0.0 0.039190948 0.0 0.0 0.0 0.0 0.0 0.0 0.0 0.09672402 0.07964908 0.038372558 0.0 0.0 0.0 0.0 0.017218014 0.0 0.035387315 0.010024881 0.0 0.0 0.103264235 0.0 0.005644015 0.0 0.0 0.0 0.0 0.0 0.011096635 0.0 0.109959304 0.0 0.0 0.0008020975 0.0 0.042817373 0.020728106 0.0 0.0 0.08289738 0.0
0.029838985 0.0 0.0 0.0 0.0 0.042023346 0.048964128 0.0 0.0 0.092794135 0.043887366 0.0 0.11084676 0.0 0.0 0.028829224 0.0 0.0 0.0 0.0 0.0 0.053601727 0.0 0.0 0.0 0.006670989 0.009950786 0.10173285 0.017218012 0.0 0.0 0.0 0.0 0.063309014 0.0 0.0 0.0 0.0 0.0 0.16560838 0.041991137 0.0 0.0 0.0 0.0 0.0 0.0 0.0 0.0 0.0 0.0 0.0 0.0 0.0 0.10209026 0.0
0.098775 0.0 0.0 0.0 0.0983973 0.0 0.037452497 0.14129223 0.0 0.07772086 0.05554407 0.0 0.0 0.0 0.037974536 0.0 0.0 0.06718853 0.01638479 0.0 0.0 0.0 0.0 0.022246106 0.0 0.0 0.0 0.0 0.0 0.0 0.0 0.0 0.0 0.003993713 0.043221183 0.0 0.08017928 0.07969145 0.0 0.0 0.0 0.025362285 0.0 0.0 0.0 0.0 0.006391056 0.06813802 0.0 0.0 0.0 0.062469754 0.0013151327 0.0 0.015172916 0.0
0.0 0.060196877 0.050051447 0.010879147 0.0 0.0 0.009442112 0.0 0.0 0.0 0.0 0.0 0.0 0.0 7.964396e-07 0.0 0.017283164 0.0 0.0 0.061037596 0.0 0.12245985 0.0 0.0 0.069696434 0.0 0.0 0.0 0.035387315 0.0 0.0 0.00695854 0.0 0.05329659 0.0 0.11836485 0.0 0.0 0.010237064 0.0 0.0624233 0.047653046 0.06596052 0.0 0.045319952 0.052955966 0.0983316 0.0 0.0 0.08971918 0.0 0.0 0.00282151 0.02058808 0.0 0.0
0.0 0.090811715 0.0 0.0 0.0 0.10725543 0.107268825 0.0 0.0 0.0 0.0 0.0 0.0 0.0 0.0 0.0 0.0 0.0 0.049518894 0.0360575 0.12833174 0.0 0.0 0.0 0.0 0.0 0.0 0.0 0.01002488 0.0 0.0 0.0 0.0 0.032317128 0.0 0.0 0.0 0.0 0.0 0.05675372 0.0 0.17340738 0.21627937 0.0 0.0 0.028679995 0.12341416 0.017291587 0.0 0.0 0.029438226 0.0 0.0 0.0 0.0 0.005326378
0.0 0.0 0.08331737 0.0 0.015741173 0.0 0.0 0.0 0.0 0.0 0.016077347 0.063585036 0.0 0.0 0.0 0.0 0.031644616 0.0 0.075311325 0.0 0.0 0.0 0.0 0.0 0.07160461 0.0 0.0 0.0 0.0 0.063309014 0.003993713 0.05329659 0.032317124 0.0 0.0 0.0031654886 0.0 0.0 0.061649807 0.0 0.0025473393 0.0 0.0 0.0485155 0.038340673 0.0362401 0.022611346 0.0 0.011769819 0.14320467 0.0 0.0 0.05159187 0.0 0.0 0.0
0.08935892 0.0 0.0 0.0 0.0 0.0 0.012492498 0.0 0.0 0.12696783 0.031248959 0.0 0.0 0.0 0.0 0.0 0.0 0.0 0.0 0.0 0.0 0.025569146 0.035115913 0.0 0.0 0.0142853055 0.029586319 0.0 0.0 0.0 0.043221183 0.0 0.0 0.0 0.21629477 0.0 0.0 0.0 0.0 0.0 0.041145604 0.0 0.0 0.0 0.21217918 0.0 0.0 0.0 0.0 0.0 0.0 0.0884706 0.0 0.0 0.0 0.0
0.0 0.0 0.024092657 0.0 0.0 0.0 0.02885081 0.0 0.0 0.0038999135 0.13261795 0.11732749 0.00853145 0.0 0.0 0.0 0.075828254 0.07884094 0.0 0.008900352 0.0 0.056949407 0.00091977936 0.0 0.0 0.0 0.0 0.013383678 0.103264235 0.0 0.0 0.11836485 0.0 0.0031654888 0.0 0.0 0.07179016 0.0 0.0 0.0 0.0 0.0 0.0 0.0035157984 0.018705197 0.0 0.082242355 0.0006440816 0.007175724 0.0 0.0 0.0 0.0 0.0 0.0 0.0
0.0 0.0 0.0 0.0488989 0.0 0.0 0.0 0.0 0.2753026 0.0 0.006672522 0.0 0.0 0.10968858 0.0 0.0 0.0 0.0 0.0 0.0 0.0 0.0 0.0 0.147652 0.0 0.0 0.0 0.0 0.0 0.0 0.08017928 0.0 0.0 0.0 0.0 0.07179015 0.0 0.0 0.0 0.03070391 0.0 0.0 0.0 0.0 0.0 0.05050557 0.0 0.0 0.0 0.0 0.0 0.063994676 0.0 0.015020153 0.11022768 0.0
0.0 0.0 0.0 0.038372375 0.0 0.025154797 0.0 0.012583918 0.0 0.0 0.0 0.009002471 0.043099124 0.0 0.0 0.0 0.060521346 0.0 0.009966227 0.11160275 0.0 0.0008076297 0.0 0.0 0.0 0.0 0.0 0.0 0.005644015 0.0 0.07969145 0.0 0.0 0.0 0.0 0.0 0.0 0.0 0.07916205 0.0 0.0470561 0.0 0.0 0.0 0.17606442 0.105369054 0.0 0.0 0.0 0.0 0.0 0.0 0.0 0.0058371057 0.0 0.0
0.0 0.14847746 0.027898028 0.0 0.0 0.13314785 0.067263335 0.0 0.0031426663 0.0 0.0 0.019613704 0.0 0.0 0.0 0.006126598 0.09037959 0.0 0.09519999 0.10769975 0.15134624 0.0 0.0 0.0 0.013642574 0.0 0.0 0.0 0.0 0.0 0.0 0.010237064 0.0 0.061649803 0.0 0.0 0.0 0.07916205 0.033628345 0.0 0.0 0.040960398 0.060584288 0.0 0.0 0.0745821 0.024482587 0.0 0.0 0.0 0.0 0.0 0.019735288 0.0 0.0 0.0
0.0 0.0 0.0 0.0 0.0 0.0 0.0 0.021882944 0.0 0.0 0.0 0.0 0.0 0.0 0.0131759625 0.0 0.0 0.0 0.0 0.0 0.011648927 0.0810804 0.0 0.0 0.0 0.0 0.0 0.0 0.0 0.16560838 0.0 0.0 0.056753725 0.0 0.0 0.0 0.030703912 0.0 0.0 0.0 0.0 0.0 0.0 0.023201399 0.0 0.0 0.011331934 0.2807526 0.14654621 0.05557457 0.04675768 0.0 0.024977867 0.0 0.0 0.1340136
0.0 0.0020035424 0.0045326347 0.019355016 0.0 0.0 0.0 0.050489962 0.0 0.0 0.0 0.021433039 0.0 0.0 0.08989403 0.015317052 0.0 0.043787375 0.0 0.0 0.0 0.087061554 0.10177815 0.0446342 0.0 0.0059254435 0.0 0.0 0.0 0.041991137 0.0 0.0624233 0.0 0.0025473395 0.0411456 0.0 0.0 0.0470561 0.0 0.0 0.0 0.032679956 0.0 0.16135378 0.0 0.0 0.0 0.0 0.04887811 0.050826635 0.0 0.021979475 0.034719057 0.0 0.0 0.002618856
0.0 0.0 0.04678894 0.0 0.0 0.042430207 0.0 0.0 0.0 0.0 0.0 0.0 0.0 0.023699466 0.0 0.0 0.015942015 0.0 0.0 0.0 0.034713633 0.054271407 0.08624443 0.0 0.048092835 6.788664e-05 0.0 0.056579195 0.0 0.0 0.025362287 0.04765305 0.17340738 0.0 0.0 0.0 0.0 0.0 0.040960398 0.0 0.032679956 0.0119182905 0.0 0.0 0.0 0.0 0.0 0.008364208 0.14361987 0.0021424391 0.0 0.0 0.0 0.0 0.0 0.0
0.0 0.027466206 0.0 0.0 0.0 0.0 0.0 0.0 0.0 0.0 0.030457782 0.0 0.0 0.0 0.0 0.0 0.0 0.0 0.0 0.0 0.0 0.0 0.0 0.0 0.0 0.0 0.0 0.0 0.0 0.0 0.0 0.06596052 0.21627937 0.0 0.0 0.0 0.0 0.0 0.06058429 0.0 0.0 0.0 0.0 0.014158859 0.03724535 0.0 0.010990558 0.098536246 0.19607058 0.0016746529 0.0 0.0 0.03031661 0.0 0.0068249847 0.0
0.01025867 0.0 0.0 0.0 0.0 0.0 0.0 0.0 0.0 0.07854709 0.0 0.0 0.08976504 0.0 0.0 0.066786304 0.0 0.0 0.0 0.0 0.03980179 0.0 0.0 0.0 0.0 0.15061611 0.0 0.056383282 0.011096634 0.0 0.0 0.0 0.0 0.0485155 0.0 0.0035157984 0.0 0.0 0.0 0.023201399 0.16135378 0.0 0.014158859 0.0 0.0 0.0 0.0 0.0 0.0 0.0 0.0154847 0.0 0.0 0.10314801 0.038374912 0.061289474
0.0 0.051185198 0.030436814 0.04826542 0.0 0.02233839 0.022004185 0.0 0.13749184 0.0 0.0 0.0 0.0 0.0 0.06431666 0.0 0.0 0.0 0.053391524 0.0 0.0 0.0 0.0 0.0 0.0 0.0 0.0 0.0 0.0 0.0 0.0 0.045319952 0.0 0.038340673 0.21217918 0.018705199 0.0 0.17606442 0.0 0.0 0.0 0.0 0.03724535 0.0 0.0 0.035190847 0.0 0.0 0.0 0.0 0.0 0.0 0.0 0.013869714 0.04302319 0.0
0.008858252 0.03383863 0.028934099 0.0 0.04096886 0.055619616 0.0 0.0 0.0 0.002210741 0.06281541 0.0 0.010666379 0.0011450273 0.0 0.0 0.007627777 0.02235533 0.0 0.1316176 0.0 0.0 0.0 0.0 0.0 0.0 0.0 0.0 0.109959304 0.0 0.0 0.052955966 0.028679995 0.0362401 0.0 0.0 0.050505575 0.10536906 0.07458211 0.0 0.0 0.0 0.0 0.0 0.03519085 0.0 0.0 0.0 0.0 0.008883489 0.0 0.011686385 0.0 0.0 0.0 0.0
0.0 0.0044968002 0.0 0.009472194 0.11844966 0.0 0.0 0.0 0.0047645653 0.0 0.10263137 0.0 0.030386731 0.0 0.0 0.0 0.0 0.0 0.0 0.012501096 0.0 0.07422334 0.0 0.0 0.014721242 0.04823149 0.0 0.06272703 0.0 0.0 0.006391056 0.09833161 0.12341415 0.022611346 0.0 0.082242355 0.0 0.0 0.024482587 0.011331934 0.0 0.0 0.010990557 0.0 0.0 0.0 0.0 0.0 0.095446415 0.0 0.0 0.0057250625 0.0 0.0 0.0 0.0
0.0 0.058169443 0.0 0.071218476 0.0089701135 0.033880174 0.0 0.0 0.0 0.0 0.0 0.0 0.0 0.0 0.0 0.0 0.0 0.0 0.057309907 0.0 0.13086584 0.0 0.0 0.0 0.0 0.0 0.024320481 0.0 0.0 0.0 0.06813801 0.0 0.017291587 0.0 0.0 0.0006440816 0.0 0.0 0.0 0.2807526 0.0 0.008364208 0.09853624 0.0 0.0 0.0 0.0 0.0 0.04241894 0.0 0.0 0.0 0.02230259 0.0 0.0 0.0
0.0 0.003960636 0.0034282962 0.0 0.0 0.017906837 0.0 0.03343831 0.0 0.0 0.0 0.0 0.06984502 0.0 0.0 0.0 0.0 0.0 0.0 0.0 0.008790779 0.0 0.0 0.0 0.0 0.028324727 0.0 0.009027976 0.00080209743 0.0 0.0 0.0 0.0 0.011769818 0.0 0.007175724 0.0 0.0 0.0 0.14654621 0.04887811 0.14361987 0.1960706 0.0 0.0 0.0 0.09544642 0.042418946 0.0 0.0 0.0 0.0 0.0 0.12394707 0.0 0.1349684
0.0 0.0 0.0 0.0 0.0 0.0 0.034548726 0.0 0.0 0.0053156856 0.0 0.0 0.05664004 0.0 0.0 0.0 0.0 0.0 0.0 0.0 0.00809851 0.0 0.018533098 0.0 0.0 0.20028444 0.0 0.011849435 0.0 0.0 0.0 0.08971918 0.0 0.14320467 0.0 0.0 0.0 0.0 0.0 0.05557457 0.05082663 0.002142439 0.001674653 0.0 0.0 0.008883489 0.0 0.0 0.0 0.0 0.072878115 0.0 0.0 0.18149422 0.0 0.042652987
0.04296578 0.0924416 0.010458869 0.058112342 0.0 0.0 0.0 0.037444536 0.027103119 0.0 0.0 0.0 0.0 0.099877216 0.0 0.09957269 0.022762287 0.06618599 0.01761901 0.03151559 0.032616317 0.050405037 0.005908051 0.0 0.001864783 0.0 0.10813574 0.0005006089 0.042817373 0.0 0.0 0.0 0.029438226 0.0 0.0 0.0 0.0 0.0 0.0 0.04675768 0.0 0.0 0.0 0.015484701 0.0 0.0 0.0 0.0 0.0 0.072878115 0.0 0.0 0.049198825 0.040840425 0.0 0.0
0.08347905 0.0 0.016559118 0.007844176 0.0 0.0 0.0 0.0 0.10906098 0.0 0.0 0.0026454572 0.0 0.0 0.0 0.0 0.0 0.109607205 0.0 0.0 0.0 0.0 0.0 0.2813428 0.0 0.0 0.09999722 0.0 0.020728108 0.0 0.062469754 0.0 0.0 0.0 0.08847061 0.0 0.06399467 0.0 0.0 0.0 0.021979475 0.0 0.0 0.0 0.0 0.011686385 0.0057250625 0.0 0.0 0.0 0.0 0.0 0.0 0.0 0.050459687 0.0
0.04703399 0.0 0.0 0.0 0.0 0.09759063 0.023963792 0.027430562 0.0 0.080446206 0.0 0.0 0.0 0.0 0.0 0.13456117 0.0 0.0 0.0 0.11825489 0.015894618 0.005104286 0.0 0.0 0.0 0.027791733 0.0 0.09702703 0.0 0.0 0.0013151328 0.00282151 0.0 0.05159187 0.0 0.0 0.0 0.0 0.019735288 0.024977867 0.03471906 0.0 0.03031661 0.0 0.0 0.0 0.0 0.02230259 0.0 0.0 0.049198825 0.0 0.0 0.0 0.09394357 0.0
0.030764882 0.0 0.0 0.0 0.0 0.00047513325 0.0 0.0 0.0 0.0 0.0 0.0 0.0 0.0047348375 0.0 0.035380404 0.0 0.0 0.0 0.0 0.0 0.0 0.17682938 0.0 0.02854389 0.04461581 0.017881209 0.04963556 0.0 0.0 0.0 0.020588081 0.0 0.0 0.0 0.0 0.015020152 0.0058371057 0.0 0.0 0.0 0.0 0.0 0.103148006 0.013869713 0.0 0.0 0.0 0.12394708 0.18149422 0.04084042 0.0 0.0 0.0 0.0 0.013534341
0.06645226 0.013355944 0.0 0.0 0.0 0.0 0.0 0.08949454 0.0 0.10954817 0.0 0.0 0.0 0.04011954 0.0 0.0 0.0 0.0 0.020488044 0.0 0.0 0.0 0.0 0.07967216 0.0 0.004005673 0.042595685 0.0 0.08289738 0.10209026 0.015172916 0.0 0.0 0.0 0.0 0.0 0.11022768 0.0 0.0 0.0 0.0 0.0 0.0068249847 0.038374912 0.04302319 0.0 0.0 0.0 0.0 0.0 0.0 0.050459683 0.09394357 0.0 0.0058197565 0.0
0.0 0.0 0.0 0.0 0.0 0.0 0.0 0.0 0.0 0.0016460699 0.0 0.0 0.18291925 0.02967778 0.11048291 0.0 0.0 0.0 0.0 0.0 0.0 0.0 0.09564596 0.0 0.0 0.12127043 0.0 0.0 0.0 0.0 0.0 0.0 0.005326378 0.0 0.0 0.0 0.0 0.0 0.0 0.1340136 0.002618856 0.0 0.0 0.061289474 0.0 0.0 0.0 0.0 0.1349684 0.04265299 0.0 0.0 0.0 0.013534341 0.0 0.0
