0.1193016 0.0 0.091042124 0.0 0.0 0.0 0.0 0.065326154 0.0 0.00017294167 0.0 0.0 0.0 0.0 0.0 0.0 0.0 0.13736627 0.0 0.0 0.0 0.0 0.0013425578 0.0 0.0 0.0 0.00095284946 0.0 0.0055682794 0.06715148 0.0 0.0 0.0 0.28647226 0.020705443 0.04519322 0.0 0.0 0.0 0.0573454 0.0 0.032089345 0.06683303 0.0 0.05413476 0.0 0.0 0.049418356 0.015139551 0.0 0.0 0.017058922 0.0 0.006761323 0.0 0.059220336
0.0 0.0 0.0 0.0 0.0019188178 0.14581311 0.020607334 0.0 0.0014474958 0.0 0.03748319 0.0 0.0560157 0.0003955381 0.0 0.12219633 0.0 0.0 0.0 0.04156524 0.0 0.0 0.0 0.0 0.0 0.0 0.058073636 0.056644015 0.0 0.0 0.0 0.12785569 0.0 0.0 0.0 0.0 0.0 0.040653776 0.0 0.0 0.0028969985 0.0 0.0 0.0 0.0 0.0 0.0 0.0 0.0 0.010046337 0.02875161 0.07711452 0.031820763 0.0 0.064402804 0.0
0.09104213 0.0 0.0 0.0 0.0 0.0 0.0 0.012148234 0.17426054 0.0 0.025174398 0.0 0.0 0.03529526 0.07568689 0.0 0.0 0.0 0.0 0.005519486 0.0 0.0 0.0 0.14831357 0.0 0.0 0.0 0.0 0.0 0.0 0.0 0.0 0.0 0.0 0.0 0.009588114 0.0 0.0 0.06011807 0.0 0.0 0.028887875 0.0 0.0 0.0 0.0 0.06542757 0.0 0.0 0.0 0.0032476538 0.026487025 0.050319087 0.0 0.0 0.0
0.0 0.0 0.0 0.0 0.0 0.0 0.012915302 0.0 0.031065077 0.0 0.0 0.0 0.0 0.10302234 0.062946014 0.033641703 0.0 0.0 0.0 0.0 0.0 0.0 0.02035344 0.08515807 0.0 0.10238201 0.11247107 0.10627378 0.0 0.0 0.0 0.021647697 0.0 0.0 0.063915655 0.0 0.009696082 0.0 0.0 0.0 0.017670343 0.0 0.0 0.0007923804 0.0 0.0 0.0 0.0 0.0 0.0 0.02153196 0.0 0.0 0.026620295 0.034053907 0.0
0.0 0.0019188179 0.0 0.0 0.108587705 0.08929114 0.059580248 0.0 0.06465735 0.020711396 0.015883425 0.0050137104 0.0 0.0 0.06133992 0.0 0.0 0.0 0.0 0.0 0.0 0.002995969 0.0 0.031718038 0.0 0.0 0.0042661186 0.011396669 0.0 0.0 0.0 0.10197513 0.0 0.0 0.0083412845 0.0 0.14722279 0.10414366 0.0 0.0 0.0 0.025095467 0.0 0.0 0.0 0.010718052 0.0 0.0 0.0 0.0 0.0 0.0 0.0 0.0 0.0 0.0
0.0 0.14581311 0.0 0.0 0.08929114 0.029179657 0.0 0.0 0.0 0.0 0.00268671 0.06355737 0.13406034 0.046044648 0.0 0.024526957 0.016726874 0.0 0.0 0.0 0.13734755 0.021189142 0.0 0.0 0.07258392 0.060808945 0.00925201 0.0 0.0 0.0 0.0 0.022484047 0.0 0.0 0.0 0.0 0.008973018 0.019957261 0.0 0.0 0.0 0.0 0.0 0.051605437 0.0 0.0 0.0104851145 0.0 0.05012379 0.011583705 0.0 0.0 0.043094415 0.030299524 0.0 0.0
0.0 0.020607332 0.0 0.012915302 0.059580244 0.0 0.0 0.0 0.050595127 0.0 0.0 0.0 0.04225232 0.04242745 0.0 0.006812507 0.0 0.0 0.0 0.0 0.0016606867 0.0 0.087462045 0.024302801 0.0 0.05234361 0.0 0.0 0.0 0.0 0.052657522 0.0933292 0.0 0.0 0.0 0.0 0.009882146 0.0 0.0 0.0 0.0 0.0 0.0 0.0 0.0 0.0 0.0 0.06375632 0.024751533 0.0 0.0013910754 0.0 0.033231985 0.0 0.110056885 0.0
0.065326154 0.0 0.012148235 0.0 0.0 0.0 0.0 0.0 0.0 0.0 0.042969193 0.0 0.0 0.0 0.0 0.0 0.0 0.043921106 0.0 0.0 0.0 0.0 0.020528873 0.0 0.07795598 0.0 0.0 0.0 0.0 0.06613767 0.008411978 0.0 0.0 0.17344928 0.0 0.01240085 0.010595441 0.0 0.0 0.11151313 0.019325797 0.036140922 0.008288872 0.014438531 0.156376 0.08675872 0.0 0.0 0.0 0.0 0.049482476 0.0 0.0 0.0 0.044810604 0.05379364
0.0 0.0014474958 0.17426056 0.031065077 0.064657345 0.0 0.050595127 0.0 0.025481405 0.0 0.0 0.033018015 0.0 0.0 0.0 0.0 0.08957631 0.0 0.0 0.031847876 0.0 0.06730997 0.0 0.035855006 0.17308207 0.0 0.0 0.0 0.0 0.029876342 0.014538801 0.067668274 0.0 0.0 0.0 0.008604479 0.0 0.0 0.0 0.0 0.0 0.0 0.03126519 0.035327688 0.0 0.039193798 0.082484975 0.042968627 0.0 0.0 0.0 0.0 0.003296394 0.002650922 0.0 0.0
0.00017294167 0.0 0.0 0.0 0.020711396 0.0 0.0 0.0 0.0 0.0 0.0 0.0 0.0 0.0 0.0 0.0 0.0 0.14243138 0.0 0.0 0.008751515 0.0 0.0 0.0 0.0 0.0 0.0 0.0 0.055629194 0.05308408 0.0 0.0 0.0 0.1526866 0.00994332 0.044539884 0.009294058 0.0 0.0 0.07268761 0.0 0.0 0.0 0.0 0.12652552 0.03855318 0.0 0.07440326 0.010632465 0.0 0.0 0.0 0.03560819 0.008674013 0.0 0.17166454
0.0 0.03748319 0.025174398 0.0 0.015883427 0.00268671 0.0 0.042969193 0.0 0.0 0.0 0.005462935 0.1926757 0.09711347 0.0041046496 0.015974244 0.0 0.0 0.089196555 0.0 0.0 0.0 0.0 0.0 0.0 0.0 0.0 0.009807621 0.05983469 0.0 0.0 0.0 0.0 0.0 0.050097425 0.0 0.0 0.006688543 0.0 0.01023181 0.006945088 0.0 0.0 0.03405601 0.0 0.0045016613 0.18528064 0.0 0.0 0.0 0.0 0.0 0.0 0.094495535 0.0 0.0
0.0 0.0 0.0 0.0 0.0050137104 0.06355737 0.0 0.0 0.033018015 0.0 0.005462935 0.0 0.0 0.0 0.0 0.015781753 0.0 0.0 0.017337061 0.08466185 0.05504009 0.027986886 0.026392678 0.0059357444 0.0 0.0 0.0 0.0 0.0 0.014636189 0.049592704 0.0 0.03638745 0.0 0.0 0.0 0.0 0.012531967 0.14555477 0.0 0.0 0.0 0.0 0.0 0.0 0.0 0.07920773 0.0050393306 0.0 0.05984805 0.07511804 0.0 0.080621205 0.0 0.0 0.0
0.0 0.0560157 0.0 0.0 0.0 0.13406034 0.042252317 0.0 0.0 0.0 0.19267571 0.0 0.0 0.0 0.0 0.043948498 0.0 0.0 0.0 0.028958265 0.0 0.0 0.0 0.04276417 0.0 0.0 0.04816759 0.030271912 0.0066266633 0.0 0.03637834 0.021822726 0.0 0.0 0.0 0.0 0.0 0.0 0.0 0.011013211 0.0 0.09275443 0.0 0.02036848 0.0 0.030644441 0.0 0.0 0.03906928 0.0011749107 0.0076766503 0.0 0.0 0.0 0.15883872 0.0
0.0 0.00039553814 0.03529526 0.10302233 0.0 0.046044644 0.04242745 0.0 0.0 0.0 0.09711347 0.0 0.0 0.0 0.0 0.0 0.027927045 0.0 0.012471944 0.025844406 0.0 0.09541736 0.0 0.0 0.0 0.0 0.0 0.06059118 0.0 0.0 0.02722398 0.0 0.022848034 0.0 0.0 0.0 0.0 0.0 0.14263105 0.0 0.0 0.0 0.056519706 0.045639824 0.0 0.13097534 0.0 0.023280561 0.0 0.0 0.017510157 0.0 0.0 0.0043723797 0.014278611 0.0
0.0 0.0 0.07568689 0.062946014 0.06133992 0.0 0.0 0.0 0.0 0.0 0.0041046496 0.0 0.0 0.0 0.0 0.0 0.0 0.0 0.0 0.016432703 0.014924141 0.10304584 0.08069044 0.0 0.10642446 0.0 0.029645095 0.0013788107 0.0 0.054587405 0.111043856 0.07009852 0.031555843 0.0 0.0 0.0 0.0 0.039585397 0.055233795 0.0 0.0 0.016367799 0.0 0.0 0.0 0.019489784 0.0 0.003498275 0.055032685 0.048299395 0.06487114 0.0 0.016641207 0.0 0.023555446 0.0
0.0 0.12219633 0.0 0.033641707 0.0 0.024526957 0.006812507 0.0 0.0 0.0 0.015974244 0.015781755 0.043948498 0.0 0.0 0.0 0.0 0.0 0.058238905 0.0 0.07651694 0.009999799 0.0 0.0 0.0 0.0 0.21317588 0.013551008 0.0 0.0 0.0 0.042713583 0.0 0.0 0.0 0.055476047 0.0 0.07683052 0.0 0.0 0.044545833 0.0 0.0 0.0 0.0 0.14613785 0.0 0.0 0.0052034673 0.0 0.0 0.0 0.0 0.00992235 0.0 0.0
0.0 0.0 0.0 0.0 0.0 0.016726874 0.0 0.0 0.08957631 0.0 0.0 0.0 0.0 0.027927045 0.0 0.0 0.0 0.00083971437 0.0 0.04609681 0.0 0.0 0.09422672 0.056868568 0.0 0.0 0.0029940759 0.0 0.0 0.0 0.0161642 0.0 0.03659015 0.0 0.0 0.0 0.0 0.039623167 0.0 0.0 0.0 0.0 0.0 0.0 0.11377536 0.0 0.0 0.006483874 0.0 0.010336318 0.10097821 0.0 0.09062397 0.0 0.061957613 0.0
0.13736627 0.0 0.0 0.0 0.0 0.0 0.0 0.04392111 0.0 0.1424314 0.0 0.0 0.0 0.0 0.0 0.0 0.00083971437 0.0 0.0 0.0 0.0 0.0 0.0 0.050659046 0.013032282 0.00068285904 0.0 0.00014083066 0.0 0.0 0.0 0.0 0.0 0.0 0.03851895 0.0 0.21270318 0.0 0.007210737 0.0 0.0030010755 0.0 0.008655984 0.0 0.15732558 0.0 0.0 0.025104718 0.0 0.0 0.0 0.0 0.0 0.0 0.051659744 0.0
0.0 0.0 0.0 0.0 0.0 0.0 0.0 0.0 0.0 0.0 0.08919655 0.017337061 0.0 0.012471944 0.0 0.058238905 0.0 0.0 0.0 0.06352471 0.0 0.033215154 0.035570387 0.044578403 0.0 0.0 0.0 0.003940195 0.0 0.0 0.0047145914 0.13357574 0.0 0.0 0.0 0.0 0.036488835 0.0 0.005271976 0.0 0.0 0.0 0.0 0.0 0.009843186 0.0 0.0 0.028930746 0.0 0.17407992 0.035143178 0.0 0.0 0.0 0.0 0.0
0.0 0.04156524 0.005519486 0.0 0.0 0.0 0.0 0.0 0.031847876 0.0 0.0 0.08466185 0.028958265 0.025844406 0.016432704 0.0 0.04609681 0.0 0.0635247 0.20787732 0.0 0.07025044 0.055425506 0.0 0.0 0.0 0.0 0.0 0.0 0.0069693723 0.0 0.037337888 0.0 0.0 0.0 0.005630937 0.0 0.0 0.0 0.0 0.0 0.0 0.0 0.0 0.020696755 0.08653235 0.054828182 0.0 0.0 0.0 0.0 0.0 0.0 0.03728187 0.0 0.02253934
0.0 0.0 0.0 0.0 0.0 0.13734755 0.0016606867 0.0 0.0 0.008751516 0.0 0.05504009 0.0 0.0 0.014924141 0.07651695 0.0 0.0 0.0 0.0 0.1519126 0.11798109 0.007891024 0.0 0.0 0.019816926 0.0 0.0021060396 0.0 0.0 0.0057693073 0.0 0.0 0.0 0.042168338 0.0 0.0 0.13235605 0.00550554 0.0 0.0098148845 0.0 0.0 0.0 0.0 0.0 0.0 0.0 0.0 0.0 0.062180135 0.0 0.0 0.0 0.07042283 0.0
0.0 0.0 0.0 0.0 0.0029959688 0.02118914 0.0 0.0 0.06730997 0.0 0.0 0.027986886 0.0 0.09541736 0.10304585 0.009999798 0.0 0.0 0.03321515 0.07025043 0.11798108 0.0 0.0 0.015113253 0.0 0.04107088 0.0 0.0 0.0 0.016392613 0.039783537 0.033104 0.012695634 0.0 0.0 0.0 0.0 0.0 0.0 0.0 0.0 0.0 0.0 0.0 0.0 0.0 0.0 0.0 0.021854958 0.011706346 0.04838617 0.0 0.073813975 0.0 0.0 0.0
0.0013425578 0.0 0.0 0.02035344 0.0 0.0 0.08746205 0.020528873 0.0 0.0 0.0 0.026392678 0.0 0.0 0.08069044 0.0 0.09422672 0.0 0.035570383 0.055425506 0.0078910235 0.0 0.06546712 0.0 0.0 0.025104852 0.06306987 0.061290134 0.021878952 0.07039352 0.0 0.0 0.0 0.0 0.009120638 0.0 0.008520463 0.0 0.07116099 0.008846836 0.114863336 0.0 0.01790326 0.008321782 0.04591352 0.0 0.0 0.0 0.0 0.0 0.03303768 0.0 0.0 0.0 0.0 0.0
0.0 0.0 0.14831357 0.08515807 0.031718034 0.0 0.0243028 0.0 0.035855006 0.0 0.0 0.0059357444 0.04276417 0.0 0.0 0.0 0.056868568 0.050659046 0.044578403 0.0 0.0 0.015113253 0.0 0.0 0.13873675 0.0 0.0 0.027324704 0.0 0.0 0.034236073 0.002105697 0.0 0.0 0.0 0.040263034 0.0 0.0 0.0 0.009008989 0.0 0.12321228 0.044287447 0.0310642 0.0 0.0 0.021167383 0.10289082 0.045710865 0.0 0.0 0.0 0.0 0.0 0.0 0.0
0.0 0.0 0.0 0.0 0.0 0.07258393 0.0 0.07795598 0.17308208 0.0 0.0 0.0 0.0 0.0 0.106424466 0.0 0.0 0.013032282 0.0 0.0 0.0 0.0 0.0 0.13873674 0.0 0.0045457957 0.0 0.001516208 0.0 0.014472348 0.0 0.0 0.0 0.0 0.03597427 0.0 0.010535185 0.0 0.0 0.0 0.0228856 0.0 0.0 0.026950387 0.03346116 0.0 0.0 0.011142113 0.0 0.027709385 0.015971947 0.0 0.12870729 0.0 0.0 0.0
0.0 0.0 0.0 0.10238201 0.0 0.06080894 0.052343614 0.0 0.0 0.0 0.0 0.0 0.0 0.0 0.0 0.0 0.0 0.00068285904 0.0 0.0 0.019816928 0.04107088 0.02510485 0.0 0.0045457957 0.049807634 0.039408393 0.057817955 0.0 0.01618017 0.13547249 0.0 0.07694847 0.0 0.0 0.0 0.0 0.0005267614 0.029155903 0.06939205 0.0 0.0 0.10511845 0.0 0.0 0.013770278 0.0042992556 0.0 0.0 0.0 0.033576015 0.0 0.018189972 0.089790955 0.0 0.0
0.0009528494 0.05807364 0.0 0.112471074 0.0042661186 0.00925201 0.0 0.0 0.0 0.0 0.0 0.0 0.04816759 0.0 0.029645097 0.2131759 0.0029940759 0.0 0.0 0.0 0.0 0.0 0.06306987 0.0 0.0 0.039408393 0.08390564 0.18560904 0.0 0.0 0.04489946 0.0 0.0 0.0 0.008705323 0.0 0.015246086 0.04828186 0.0 0.010634394 0.0 0.0 0.0 0.0 0.0 0.0 0.0 0.0 0.013066394 0.0 0.020513672 0.0 0.0 0.027057037 0.02795392 0.005920914
0.0 0.056644015 0.0 0.10627378 0.011396668 0.0 0.0 0.0 0.0 0.0 0.009807621 0.0 0.030271912 0.06059118 0.0013788107 0.013551009 0.0 0.00014083067 0.0039401953 0.0 0.0021060396 0.0 0.061290134 0.027324704 0.0015162079 0.05781795 0.18560903 0.024574127 0.0 0.0 0.0 0.0 0.0018242204 0.0 0.0 0.013770523 0.009571819 0.0 0.0 0.07344301 0.017629838 0.0 0.07635051 0.0 0.0 0.0 0.0 0.020713674 0.06384088 0.0 0.025560237 0.018838368 0.0 0.07124075 0.025998257 0.0
0.0055682794 0.0 0.0 0.0 0.0 0.0 0.0 0.0 0.0 0.055629194 0.05983469 0.0 0.006626663 0.0 0.0 0.0 0.0 0.0 0.0 0.0 0.0 0.0 0.021878954 0.0 0.0 0.0 0.0 0.0 0.0 0.0 0.1276801 0.03038659 0.15115924 0.0 0.0 0.0 0.0010223102 0.0 0.0 0.0012520922 0.0 0.0 0.0 0.0 0.0612011 0.012833736 0.0 0.036189288 0.13172399 0.04222614 0.012723003 0.0 0.07782941 0.024925092 0.0 0.0
0.06715148 0.0 0.0 0.0 0.0 0.0 0.0 0.06613767 0.029876342 0.05308408 0.0 0.01463619 0.0 0.0 0.054587405 0.0 0.0 0.0 0.0 0.006969372 0.0 0.016392615 0.07039352 0.0 0.014472348 0.01618017 0.0 0.0 0.0 0.0 0.0 0.0 0.0 0.0 0.14105482 0.0 0.089244425 0.029032165 0.01298448 0.0 0.0 0.0 0.0 0.0 0.090432845 0.0 0.0 0.00077132264 0.0 0.07889854 0.07736809 0.050390385 0.01214001 0.0 0.01596067 0.0
0.0 0.0 0.0 0.0 0.0 0.0 0.052657522 0.008411978 0.014538801 0.0 0.0 0.0495927 0.036378335 0.02722398 0.111043856 0.0 0.0161642 0.0 0.0047145914 0.0 0.0057693077 0.03978354 0.0 0.034236077 0.0 0.13547249 0.04489946 0.0 0.1276801 0.0 0.0 0.0 0.0 0.0 0.00013242282 0.0 0.026966775 0.0 0.0 0.01045902 0.092825115 0.024535624 0.008555273 0.01113364 0.0 0.0 0.0 0.0 0.0 0.0 0.0 0.0 0.0 0.079976924 0.0 0.03260393
0.0 0.12785569 0.0 0.0216477 0.10197513 0.022484047 0.093329206 0.0 0.06766827 0.0 0.0 0.0 0.021822726 0.0 0.07009852 0.042713583 0.0 0.0 0.13357574 0.037337888 0.0 0.033104 0.0 0.002105697 0.0 0.0 0.0 0.0 0.030386588 0.0 0.0 0.09840574 0.0 0.0 0.0 0.0745577 0.0 0.0 0.023768822 0.0 0.0 0.014564839 0.0 0.0 0.0 0.0 0.011854128 0.0 0.02792101 0.0 0.0 0.03354276 0.015601838 0.0010072431 0.0 0.0
0.0 0.0 0.0 0.0 0.0 0.0 0.0 0.0 0.0 0.0 0.0 0.03638745 0.0 0.022848036 0.03155584 0.0 0.036590155 0.0 0.0 0.0 0.0 0.012695634 0.0 0.0 0.0 0.07694847 0.0 0.0018242205 0.15115924 0.0 0.0 0.0 0.0 0.0 0.019054215 0.0 0.0 0.0 0.0 0.032290712 0.1789508 0.012147795 0.0 0.109260775 0.0 0.0 0.086680695 0.0057190126 0.012084206 0.012933731 0.0123285735 0.0 0.0192622 0.0 0.0 0.2510351
0.28647226 0.0 0.0 0.0 0.0 0.0 0.0 0.1734493 0.0 0.1526866 0.0 0.0 0.0 0.0 0.0 0.0 0.0 0.0 0.0 0.0 0.0 0.0 0.0 0.0 0.0 0.0 0.0 0.0 0.0 0.0 0.0 0.0 0.0 0.0 0.008869227 0.0 0.0 0.0 0.0 0.0 0.0 0.008020105 0.0 0.0 0.04409173 0.0 0.0 0.0 0.0 0.0 0.0 0.0 0.0 0.0060714665 0.0 0.033402413
0.020705443 0.0 0.0 0.063915655 0.0083412845 0.0 0.0 0.0 0.0 0.00994332 0.05009742 0.0 0.0 0.0 0.0 0.0 0.0 0.03851895 0.0 0.0 0.042168338 0.0 0.009120638 0.0 0.03597427 0.0 0.008705322 0.0 0.0 0.14105482 0.00013242282 0.0 0.019054215 0.008869227 0.0 0.12804934 0.0033612482 0.0 0.0 0.1592012 0.0 0.0 0.06508456 0.0 0.04381293 0.039470993 0.0 0.05902808 0.0056951246 0.0 0.0 0.007533898 0.0 0.0 0.0 0.020515552
0.04519322 0.0 0.009588114 0.0 0.0 0.0 0.0 0.01240085 0.008604478 0.044539884 0.0 0.0 0.0 0.0 0.0 0.055476047 0.0 0.0 0.0 0.005630937 0.0 0.0 0.0 0.040263034 0.0 0.0 0.0 0.0137705235 0.0 0.0 0.0 0.0745577 0.0 0.0 0.12804934 0.0 0.059751246 0.053270858 0.0 0.0 0.0 0.0 0.0 0.0 0.04487649 0.0 0.0 0.12050881 0.006616531 0.0 0.015647266 0.17529103 0.0 0.013100796 0.011663434 0.0
0.0 0.0 0.0 0.009696082 0.14722279 0.008973019 0.0098821465 0.010595442 0.0 0.009294058 0.0 0.0 0.0 0.0 0.0 0.0 0.0 0.21270318 0.03648884 0.0 0.0 0.0 0.008520463 0.0 0.010535185 0.0 0.015246086 0.009571819 0.0010223102 0.089244425 0.026966773 0.0 0.0 0.0 0.0033612482 0.059751242 0.0 0.0984372 0.0 0.014496672 0.0 0.0 0.14839701 0.0 0.0 0.0 0.0 0.04065847 0.0 0.0 0.0 0.011290774 0.0 0.0 0.0 0.09133279
0.0 0.040653776 0.0 0.0 0.10414366 0.019957261 0.0 0.0 0.0 0.0 0.0066885427 0.012531967 0.0 0.0 0.039585397 0.07683052 0.03962317 0.0 0.0 0.0 0.13235603 0.0 0.0 0.0 0.0 0.0005267614 0.048281863 0.0 0.0 0.029032165 0.0 0.0 0.0 0.0 0.0 0.05327086 0.09843719 0.0 0.0 0.0 0.0 0.0 0.0 0.056257606 0.0 0.0 0.027558848 0.0 0.0 0.0044944747 0.0 0.007537745 0.0 0.060296718 0.035214067 0.029040016
0.0 0.0 0.06011807 0.0 0.0 0.0 0.0 0.0 0.0 0.0 0.0 0.14555477 0.0 0.14263107 0.055233795 0.0 0.0 0.007210737 0.0052719763 0.0 0.0055055404 0.0 0.071160994 0.0 0.0 0.029155903 0.0 0.0 0.0 0.01298448 0.0 0.023768822 0.0 0.0 0.0 0.0 0.0 0.0 0.0 0.0 0.1262029 0.0 0.0 0.0 0.0 0.0 0.091972515 0.0 0.07585881 0.037025172 0.0 0.0 0.037672408 0.0286894 0.0 0.0
0.057345405 0.0 0.0 0.0 0.0 0.0 0.0 0.11151313 0.0 0.07268761 0.010231811 0.0 0.011013211 0.0 0.0 0.0 0.0 0.0 0.0 0.0 0.0 0.0 0.008846835 0.009008989 0.0 0.06939205 0.010634394 0.073443 0.0012520922 0.0 0.01045902 0.0 0.032290716 0.0 0.15920119 0.0 0.014496672 0.0 0.0 0.0 0.0062362864 0.0 0.0 0.06657057 0.0 0.0 0.00041088916 0.072568245 0.0 0.0 0.026736384 0.16405089 0.0 0.0 0.05677003 0.0
0.0 0.0028969985 0.0 0.017670343 0.0 0.0 0.0 0.019325797 0.0 0.0 0.0069450876 0.0 0.0 0.0 0.0 0.044545837 0.0 0.0030010757 0.0 0.0 0.009814885 0.0 0.11486334 0.0 0.0228856 0.0 0.0 0.017629838 0.0 0.0 0.092825115 0.0 0.1789508 0.0 0.0 0.0 0.0 0.0 0.12620291 0.0062362864 0.0 0.0 0.0 0.0026092862 0.0 0.047332697 0.0 0.033022393 0.0034620715 0.023818292 0.049816806 0.0 0.09495604 0.0027000306 0.07530456 0.0
0.032089345 0.0 0.028887875 0.0 0.025095467 0.0 0.0 0.036140922 0.0 0.0 0.0 0.0 0.09275443 0.0 0.016367799 0.0 0.0 0.0 0.0 0.0 0.0 0.0 0.0 0.12321227 0.0 0.0 0.0 0.0 0.0 0.0 0.024535624 0.014564839 0.0121477945 0.008020106 0.0 0.0 0.0 0.0 0.0 0.0 0.0 0.017105242 0.0 0.0059471554 0.0 0.0 0.0 0.050604638 0.02378462 0.06898583 0.01695775 0.056759264 0.03447863 0.005687952 0.09838984 0.0
0.06683303 0.0 0.0 0.0 0.0 0.0 0.0 0.008288872 0.03126519 0.0 0.0 0.0 0.0 0.056519702 0.0 0.0 0.0 0.008655984 0.0 0.0 0.0 0.0 0.017903263 0.044287447 0.0 0.10511845 0.0 0.07635051 0.0 0.0 0.008555273 0.0 0.0 0.0 0.06508457 0.0 0.14839703 0.0 0.0 0.0 0.0 0.0 0.0 0.0 0.0 0.0 0.0 0.0 0.0 0.0 0.043929856 0.17088158 0.0 0.075582884 0.022696307 0.0
0.0 0.0 0.0 0.0007923804 0.0 0.051605437 0.0 0.014438531 0.035327688 0.0 0.034056008 0.0 0.020368477 0.04563982 0.0 0.0 0.0 0.0 0.0 0.0 0.0 0.0 0.008321782 0.0310642 0.026950387 0.0 0.0 0.0 0.0 0.0 0.01113364 0.0 0.109260775 0.0 0.0 0.0 0.0 0.056257606 0.0 0.06657057 0.002609286 0.0059471554 0.0 0.042252306 0.0063924207 0.061664086 0.0 0.0047301566 0.100675754 0.0 0.055954777 0.0 0.07251755 0.011432774 0.005014254 0.0
0.05413476 0.0 0.0 0.0 0.0 0.0 0.0 0.15637599 0.0 0.12652552 0.0 0.0 0.0 0.0 0.0 0.0 0.11377535 0.15732558 0.0098431865 0.020696755 0.0 0.0 0.04591352 0.0 0.03346116 0.0 0.0 0.0 0.0612011 0.09043285 0.0 0.0 0.0 0.04409173 0.043812927 0.04487649 0.0 0.0 0.0 0.0 0.0 0.0 0.0 0.0063924207 0.0027305586 0.0 0.0 0.0 0.035017572 0.0 0.0 0.0 0.016603693 0.0 0.0 0.08031829
0.0 0.0 0.0 0.0 0.010718052 0.0 0.0 0.08675871 0.039193798 0.03855318 0.0045016613 0.0 0.03064444 0.13097534 0.019489786 0.14613785 0.0 0.0 0.0 0.08653235 0.0 0.0 0.0 0.0 0.0 0.013770278 0.0 0.0 0.012833736 0.0 0.0 0.0 0.0 0.0 0.039470993 0.0 0.0 0.0 0.0 0.0 0.047332697 0.0 0.0 0.061664082 0.0 0.0 0.041585382 0.0 0.0 0.0 0.04579227 0.03759647 0.0 0.0 0.0 0.0
0.0 0.0 0.06542757 0.0 0.0 0.0104851145 0.0 0.0 0.082484975 0.0 0.18528065 0.07920773 0.0 0.0 0.0 0.0 0.0 0.0 0.0 0.054828186 0.0 0.0 0.0 0.021167383 0.0 0.0042992556 0.0 0.0 0.0 0.0 0.0 0.011854128 0.08668069 0.0 0.0 0.0 0.0 0.027558848 0.09197251 0.0004108892 0.0 0.0 0.0 0.0 0.0 0.041585382 0.0 0.0 0.0 0.0 0.05464062 0.0 0.057914477 0.004218065 0.0 0.0
0.049418356 0.0 0.0 0.0 0.0 0.0 0.06375632 0.0 0.042968627 0.07440326 0.0 0.00503933 0.0 0.023280561 0.003498275 0.0 0.006483874 0.025104716 0.028930746 0.0 0.0 0.0 0.0 0.10289082 0.011142113 0.0 0.0 0.020713672 0.036189288 0.00077132264 0.0 0.0 0.0057190126 0.0 0.05902808 0.12050881 0.040658467 0.0 0.0 0.072568245 0.033022396 0.050604638 0.0 0.0047301566 0.0 0.0 0.0 0.0 0.0 0.0 0.041951764 0.04659075 0.0 0.0 0.0 0.021577671
0.01513955 0.0 0.0 0.0 0.0 0.050123792 0.024751531 0.0 0.0 0.010632464 0.0 0.0 0.039069276 0.0 0.05503269 0.005203467 0.0 0.0 0.0 0.0 0.0 0.021854958 0.0 0.045710865 0.0 0.0 0.013066393 0.06384088 0.131724 0.0 0.0 0.02792101 0.012084206 0.0 0.0056951246 0.0066165314 0.0 0.0 0.07585882 0.0 0.0034620715 0.023784623 0.0 0.100675754 0.035017576 0.0 0.0 0.0 0.0 0.07061455 0.04595413 0.0 0.0 0.0 0.008529911 0.022682453
0.0 0.010046337 0.0 0.0 0.0 0.011583706 0.0 0.0 0.0 0.0 0.0 0.05984805 0.0011749106 0.0 0.048299395 0.0 0.010336317 0.0 0.17407994 0.0 0.0 0.011706346 0.0 0.0 0.027709385 0.0 0.0 0.0 0.04222614 0.07889854 0.0 0.0 0.01293373 0.0 0.0 0.0 0.0 0.0044944747 0.03702517 0.0 0.023818292 0.06898583 0.0 0.0 0.0 0.0 0.0 0.0 0.07061455 0.16402754 0.0 0.0 0.14669532 0.0 0.0 0.0
0.0 0.028751612 0.0032476538 0.021531958 0.0 0.0 0.0013910753 0.04948248 0.0 0.0 0.0 0.07511804 0.00767665 0.017510157 0.06487114 0.0 0.10097821 0.0 0.035143178 0.0 0.062180135 0.04838617 0.03303768 0.0 0.015971947 0.033576015 0.020513672 0.025560237 0.012723003 0.07736809 0.0 0.0 0.0123285735 0.0 0.0 0.015647266 0.0 0.0 0.0 0.026736384 0.04981681 0.01695775 0.043929856 0.055954777 0.0 0.04579227 0.05464062 0.041951764 0.04595413 0.0 0.03193897 0.0 0.0 0.10897541 0.0 0.0
0.017058922 0.07711452 0.026487025 0.0 0.0 0.0 0.0 0.0 0.0 0.0 0.0 0.0 0.0 0.0 0.0 0.0 0.0 0.0 0.0 0.0 0.0 0.0 0.0 0.0 0.0 0.0 0.0 0.018838366 0.0 0.050390385 0.0 0.033542763 0.0 0.0 0.007533898 0.17529105 0.011290773 0.007537745 0.0 0.16405089 0.0 0.056759264 0.17088157 0.0 0.0 0.037596468 0.0 0.04659075 0.0 0.0 0.0 0.07615061 0.0 0.0 0.0 0.050671253
0.0 0.031820763 0.050319087 0.0 0.0 0.04309441 0.033231985 0.0 0.003296394 0.03560819 0.0 0.08062121 0.0 0.0 0.016641205 0.0 0.09062397 0.0 0.0 0.0 0.0 0.073813975 0.0 0.0 0.12870729 0.018189972 0.0 0.0 0.07782941 0.01214001 0.0 0.015601839 0.0192622 0.0 0.0 0.0 0.0 0.0 0.037672408 0.0 0.09495604 0.03447863 0.0 0.07251755 0.016603693 0.0 0.05791448 0.0 0.0 0.14669532 0.0 0.0 0.0 0.0 0.0 0.0
0.006761323 0.0 0.0 0.026620295 0.0 0.030299522 0.0 0.0 0.002650922 0.008674013 0.094495535 0.0 0.0 0.0043723797 0.0 0.009922349 0.0 0.0 0.0 0.03728187 0.0 0.0 0.0 0.0 0.0 0.089790955 0.027057039 0.07124075 0.02492509 0.0 0.079976924 0.0010072432 0.0 0.0060714665 0.0 0.013100795 0.0 0.060296718 0.0286894 0.0 0.0027000308 0.0056879525 0.075582884 0.011432774 0.0 0.0 0.004218065 0.0 0.0 0.0 0.10897541 0.0 0.0 0.044802822 0.11037024 0.017078608
0.0 0.064402804 0.0 0.034053907 0.0 0.0 0.11005688 0.044810604 0.0 0.0 0.0 0.0 0.1588387 0.014278611 0.023555445 0.0 0.061957616 0.051659744 0.0 0.0 0.07042283 0.0 0.0 0.0 0.0 0.0 0.027953919 0.025998257 0.0 0.015960667 0.0 0.0 0.0 0.0 0.0 0.011663434 0.0 0.035214067 0.0 0.05677003 0.07530457 0.09838984 0.022696309 0.0050142533 0.0 0.0 0.0 0.0 0.008529912 0.0 0.0 0.0 0.0 0.11037024 0.0 0.0022594314
0.05922034 0.0 0.0 0.0 0.0 0.0 0.0 0.053793635 0.0 0.17166452 0.0 0.0 0.0 0.0 0.0 0.0 0.0 0.0 0.0 0.02253934 0.0 0.0 0.0 0.0 0.0 0.0 0.0059209145 0.0 0.0 0.0 0.032603927 0.0 0.2510351 0.033402413 0.020515552 0.0 0.09133279 0.029040016 0.0 0.0 0.0 0.0 0.0 0.0 0.08031829 0.0 0.0 0.021577671 0.022682454 0.0 0.0 0.050671253 0.0 0.017078608 0.0022594314 0.0
