0.0 0.0 0.0 0.0 0.112370126 0.0 0.0 0.0 0.0 0.0 0.100251794 0.0 0.0 0.0 0.0 0.0 0.0 0.0 0.0 0.0 0.0 0.15996093 0.0 0.010782104 0.0 0.0 0.0 0.0 0.0 0.0 0.08150455 0.031589534 0.0 0.0 0.0 0.0 0.00507328 0.0 0.030101728 0.15575549 0.0 0.0 0.07205391 0.038300082 0.0 0.0 0.016471962 0.0 0.01489852 0.0 0.0 0.0 0.087809525 0.0040159593 0.095826544 0.0
0.0 0.0 0.0 0.024271337 0.0 0.0 0.0 0.0 0.0 0.0 0.0 0.1915318 0.046876255 0.038308203 0.0 0.0 0.068851426 0.0 0.0 0.0 0.014510724 0.0 0.0 0.0 0.11854658 0.09042545 0.0016611124 0.0 0.032398224 0.04680935 0.0 0.0 0.0 0.0 0.0 0.08164284 0.0 0.0 0.0 0.0 0.0 0.0 0.0 0.0 0.0 0.032281056 0.0 0.0 0.0 0.0 0.0 0.0 0.0 0.0 0.0 0.02032199
0.0 0.0 0.0 0.047493435 0.0 0.03686706 0.21829075 0.01188975 0.0 0.0 0.0 0.060001347 0.0 0.0 0.0 0.06575694 0.0 0.0 0.0 0.0 0.0 0.038809754 0.0 0.0 0.10554316 0.0 0.0 0.0 0.0 0.04507263 0.0 0.083062604 0.016147397 0.0 0.0 0.011787548 0.0 0.0 0.035166804 0.0 0.0 0.0 0.0 0.0 0.0 0.0 0.039362315 0.0016117904 0.0 0.104213156 0.0 0.0 0.0 0.0 0.0 0.0
0.0 0.024271335 0.047493435 0.30948257 0.0 0.0 0.0 0.0 0.0 0.0 0.0 0.0 0.022298746 0.0 0.019523527 0.0 0.0 0.0 0.0 0.0 0.003863767 0.0 0.00018010898 0.0 0.038331527 0.0 0.15499623 0.0 0.0 0.0 0.031358127 0.08007035 0.0 0.0 0.0 0.0 0.0 0.008695433 0.0 0.0 0.025390293 0.0 0.0 0.0 0.0033683171 0.0 0.0 0.056191687 0.036896847 0.009388105 0.0 0.0 0.0 0.0 0.0 0.0
0.112370126 0.0 0.0 0.0 0.0 0.0 0.0 0.17147548 0.0 0.016830886 0.0 0.0 0.0 0.05696062 0.0 0.0 0.008191053 0.0 0.0 0.0 0.0 0.0 0.09183936 0.0 0.0 0.03538094 0.02829935 0.031511668 0.0 0.0 0.0 0.0 0.022661837 0.0 0.04231302 0.0 0.0 0.011357726 0.062155932 0.0 0.018944511 0.0 0.0 0.0 0.04649557 0.0 0.0 0.0 0.0 0.0 0.07334112 0.0 0.0 0.0 0.010177146 0.0
0.0 0.0 0.03686706 0.0 0.0 0.0 0.0 0.0 0.029904969 0.0 0.018483594 0.0 0.0 0.0 0.0055461433 0.021818046 0.0 0.03390403 0.0 0.18090212 0.0 0.0 0.014853754 0.0 0.0 0.0 0.0 0.0 0.0 0.0 0.0 0.0620603 0.0 0.0 0.017294452 0.14276284 0.0 0.14770047 0.0 0.0 0.0031141448 0.0 0.0 0.0 0.0 0.07072668 0.009559868 0.08401305 0.0 0.0 0.03318526 0.06607429 0.0 0.0 0.0 0.0
0.0 0.0 0.21829075 0.0 0.0 0.0 0.0 0.0 0.0 0.0 0.0 0.008813108 0.0 0.20633315 0.0 0.0 0.0 0.22571321 0.0 0.0 0.0 0.0 0.0 0.0 0.0 0.06278693 0.0 0.08064134 0.0 0.0 0.0 0.009341412 0.07053306 0.0 0.0 0.02363904 0.0 0.0 0.0 0.0 0.0 0.0 0.0 0.0 0.0 0.0 0.0 0.0 0.0 0.0027419159 0.0 0.0 0.0 0.0129350275 0.0 0.0
0.0 0.0 0.011889751 0.0 0.17147548 0.0 0.0 0.0 0.024741312 0.0 0.0 0.0026131265 0.0 0.0 0.0 0.0 0.0030221448 0.0 0.07404417 0.0 0.0 0.1882205 0.0 0.0039283456 0.07050554 0.0 0.0 0.0 0.0 0.21811803 0.0 0.0 0.0 0.019972818 0.0 0.003341459 0.008330379 0.0 0.057916183 0.004525204 0.012219378 0.0 0.0 0.053699322 0.0 0.08359054 0.012508432 0.0 0.0 0.0 0.0 0.0 0.097535655 0.0 0.0 0.0
0.0 0.0 0.0 0.0 0.0 0.029904969 0.0 0.024741312 0.0 0.050704904 0.0 0.0 0.008862872 0.022801189 0.0 0.0024094936 0.0 0.0 0.0 0.0 0.014480791 0.0 0.19698256 0.0 0.0 0.099118136 0.20457105 0.0 0.0 0.03218111 0.004771926 0.0 0.0 0.0 0.00080960634 0.0 0.039586302 0.0 0.008773561 0.010621951 0.05189348 0.0 0.0 0.0 0.0 0.0 0.0 0.0 0.0 0.0 0.07741154 0.0 0.0 0.0 0.006567071 0.0
0.0 0.0 0.0 0.0 0.016830886 0.0 0.0 0.0 0.050704904 0.025339656 0.08762113 0.00231697 0.0 0.003491848 0.0 0.0 0.0 0.0 0.0016289983 0.0 0.0 0.017286673 0.067847386 0.25454524 0.0 0.0 0.0 0.0 0.0 0.0 0.0 0.008124246 0.019309767 0.0 0.0 0.03701035 0.0 0.050233264 0.0 0.0 0.0 0.0 0.0 0.0 0.00608691 0.0 0.0 0.048049457 0.0 0.0 0.08208735 0.054268382 0.0 0.0 0.2153112 0.0
0.100251794 0.0 0.0 0.0 0.0 0.018483594 0.0 0.0 0.0 0.08762113 0.047389224 0.0 0.019140534 0.0 0.0 0.0 0.0 0.0 0.0 0.0 0.00051121984 0.0 0.12356369 0.032410454 0.0 0.0 0.0 0.0 0.0 0.0 0.0 0.0 0.029583437 0.0 0.06174485 0.0 0.0015075771 0.0 0.0083449045 0.0 0.007019703 0.0 0.0 0.0 0.13599117 0.022336397 0.0009338967 0.007911818 0.15649073 0.0 0.0 0.0 0.0 0.0 0.020300087 0.0
0.0 0.1915318 0.060001343 0.0 0.0 0.0 0.008813108 0.0026131265 0.0 0.00231697 0.0 0.0 0.0 0.0 0.0 0.02737944 0.0 0.02722142 0.12905891 0.0 0.0 0.0 0.0 0.0 0.0 0.0 0.0 0.0 0.30595374 0.0 0.0 0.038815893 0.0 0.0 0.0 0.022832423 0.01013878 0.0 0.0 0.0 0.0 0.17522703 0.0 0.0 0.0 0.0 0.10768548 0.0 0.0 0.0 0.0 0.0 0.0 0.0 0.0 0.0
0.0 0.046876255 0.0 0.022298746 0.0 0.0 0.0 0.0 0.008862873 0.0 0.019140534 0.0 0.16620329 0.0 0.0 0.0 0.022771325 0.0 0.0 0.0 0.016996516 0.0 0.0 0.0 0.027834218 0.14674236 0.02921969 0.053947862 0.0 0.0 0.08782007 0.0 0.009918316 0.086237766 0.0 0.0 0.0 0.0 0.0 0.065375134 0.11177314 0.0 0.021167299 0.0 0.0 0.0 0.0 0.0 0.0 0.05687366 0.0 0.0 0.0 0.15140048 0.0 0.0075080874
0.0 0.038308203 0.0 0.0 0.05696062 0.0 0.20633315 0.0 0.022801189 0.003491848 0.0 0.0 0.0 0.0 0.0 0.0 0.008199187 0.0071449154 0.119227394 0.0 0.0 0.0 9.463235e-08 0.041559573 0.0019657065 0.0 0.0 0.0 0.07882804 0.0 0.0 0.0018301903 0.0 0.0 0.03058634 0.0 0.043631256 0.003326591 0.0 0.013046452 0.0 0.0 0.039806284 0.005553591 0.0 0.089186385 0.05027207 0.0 0.0 0.0 0.0 0.14357944 0.0 0.0 0.0 0.0
0.0 0.0 0.0 0.019523527 0.0 0.0055461437 0.0 0.0 0.0 0.0 0.0 0.0 0.0 0.0 0.0 0.0141937 0.0 0.0 0.0 0.0 0.19787134 0.084201224 0.0 0.0 0.0 0.0 0.11150022 0.096973225 0.0 0.100656316 0.0 0.0 0.0 0.0 0.0 0.0023472735 0.0 0.0 0.008537935 0.0 0.11432812 0.0 0.0 0.021198144 0.0 0.0 0.0 0.0 0.0 0.0 0.0 0.0 0.0 0.014799633 0.0 0.042714115
0.0 0.0 0.06575693 0.0 0.0 0.021818044 0.0 0.0 0.0024094936 0.0 0.0 0.02737944 0.0 0.0 0.0141937 0.0 0.0 0.021314776 0.0 0.28199932 0.047465708 0.0057494417 0.0 0.0 0.0 0.0 0.0 0.0 0.0 0.079003595 0.0 0.0 0.098132856 0.0076631675 0.090514876 0.0 0.0 0.020087222 0.0 0.0 0.0 0.0 0.0 0.0 0.0 0.0 0.0 0.0 0.02543844 0.0 0.0 0.011288496 0.0 0.0 0.0 0.0
0.0 0.06885142 0.0 0.0 0.008191052 0.0 0.0 0.0030221448 0.0 0.0 0.0 0.0 0.022771325 0.008199187 0.0 0.0 0.0 0.0 0.0 0.0 0.027419616 0.040796876 0.0 0.0 0.0045155454 0.055556625 0.0 0.108494535 0.010834026 0.0 0.0 0.08592317 0.03209227 0.0 0.0 0.066654086 0.0 0.0 0.010955475 0.034670204 0.07069367 0.062629655 0.12348205 0.042762205 0.0 0.0 0.08009766 0.0 0.0 0.0 0.014513851 0.0 0.0 0.010504246 0.0 0.09084904
0.0 0.0 0.0 0.0 0.0 0.03390403 0.2257132 0.0 0.0 0.0 0.0 0.027221419 0.0 0.0071449154 0.0 0.021314777 0.0 0.0 0.0 0.0 0.1323418 0.10313358 0.0 0.0036058044 0.031777117 0.0 0.0 0.0 0.07863733 0.06638419 0.0 0.0 0.0046599763 0.0 0.031309135 0.0 0.020106269 0.0 0.038008813 0.0 0.0 0.0 0.026939532 0.0 0.0115962345 0.0 0.0 0.0 0.0 0.064038955 0.0 0.0 0.0 0.0 0.0 0.07132039
0.0 0.0 0.0 0.0 0.0 0.0 0.0 0.07404417 0.0 0.0016289983 0.0 0.12905893 0.0 0.119227394 0.0 0.0 0.0 0.0 0.0 0.009569767 0.0 0.0 0.10418001 0.0 0.12415413 0.0 0.10215309 0.0045735706 0.0 0.010929167 0.0 0.0 0.0 0.0 0.0 0.0 0.0 0.006746777 0.08731668 0.0 0.037702203 0.0 0.0 0.0 0.0 0.0 0.0 0.0 0.0 0.0 0.0 0.0 0.0 0.0 0.0 0.0
0.0 0.0 0.0 0.0 0.0 0.18090212 0.0 0.0 0.0 0.0 0.0 0.0 0.0 0.0 0.0 0.28199932 0.0 0.0 0.009569768 0.0 0.04102242 0.0 0.0102025205 0.0 0.0 0.0 0.0 0.013558857 0.0 0.0 0.0028689783 0.0 0.22159912 0.0 0.0 0.0 0.0 0.0 0.0 0.006733329 0.0 0.0 0.038421907 0.031003918 0.0 0.0 0.0027745462 0.040661648 0.0 0.0 0.007082372 0.0 0.0 0.0 0.04773494 0.0
0.0 0.014510725 0.0 0.003863767 0.0 0.0 0.0 0.0 0.014480791 0.0 0.00051121984 0.0 0.016996516 0.0 0.19787134 0.047465704 0.027419614 0.1323418 0.0 0.041022416 0.0 0.0 0.0 0.0 0.0 0.0 0.07091865 0.0 0.0 0.027284382 0.0 0.031569693 0.0033875068 0.0 0.0 0.0 0.0 0.21640585 0.05348411 0.0 0.0 0.016409712 0.0 0.0 0.0 0.019666184 0.0 0.03298166 0.011916932 0.0 0.0 0.0 0.0 0.0 0.0 0.0
0.15996091 0.0 0.03880975 0.0 0.0 0.0 0.0 0.1882205 0.0 0.017286673 0.0 0.0 0.0 0.0 0.084201224 0.005749442 0.040796876 0.10313358 0.0 0.0 0.0 0.0 0.0 0.0 0.0 0.0 0.0 0.0 0.00790588 0.02082406 0.0 0.009701 0.0 0.0 0.0 0.14159329 0.0 0.0 0.0 0.0 0.0 0.0 0.0 0.029566782 0.06475291 0.0 0.0 0.0 0.0 0.0 0.013167006 0.044973537 0.019210702 0.0 0.0 0.0035004192
0.0 0.0 0.0 0.00018010898 0.09183936 0.014853755 0.0 0.0 0.19698258 0.067847386 0.123563685 0.0 0.0 9.4632355e-08 0.0 0.0 0.0 0.0 0.10418001 0.01020252 0.0 0.0 0.0 0.10568072 0.0 0.0 0.01645635 0.0 0.0 0.0 0.0 0.01526601 0.0 0.0255655 0.029020686 0.0 0.019320551 0.06873002 0.0 0.0 0.0 0.0 0.0050877924 0.0 0.010208365 0.040099595 0.0 0.08611587 0.15798695 0.0 0.0 0.0 0.0 0.0 0.0 0.0
0.010782104 0.0 0.0 0.0 0.0 0.0 0.0 0.0039283456 0.0 0.25454524 0.032410458 0.0 0.0 0.041559573 0.0 0.0 0.0 0.0036058044 0.0 0.0 0.0 0.0 0.10568072 0.12031167 0.0 0.0 0.0 0.0 0.0 0.01580634 0.003663546 0.0 0.0 0.00965091 0.09231983 0.0 0.10461634 0.0 0.0 0.041438837 0.0 0.0 0.03374673 0.0 0.06763865 0.012546952 0.0 0.0 0.025285196 0.0 0.0 0.03297008 0.0 0.0 0.03461328 0.0
0.0 0.11854658 0.10554316 0.038331527 0.0 0.0 0.0 0.07050554 0.0 0.0 0.0 0.0 0.027834216 0.0019657065 0.0 0.0 0.0045155454 0.031777117 0.12415413 0.0 0.0 0.0 0.0 0.0 0.0 0.0 0.0 0.058531184 0.020471292 0.0 0.0 0.01838459 0.0 0.0 0.0 0.0 0.0 0.0 0.053707834 0.0 0.0 0.12549911 0.020443868 0.0 0.022781216 0.0 0.16003837 0.0 0.0 0.0 0.0 0.0 0.0055065737 0.038890652 0.0 0.11209185
0.0 0.09042545 0.0 0.0 0.035380937 0.0 0.06278693 0.0 0.099118136 0.0 0.0 0.0 0.14674234 0.0 0.0 0.0 0.05555662 0.0 0.0 0.0 0.0 0.0 0.0 0.0 0.0 0.06090277 0.0 0.0 0.03147919 0.0 0.0830763 0.07833154 0.01708741 0.039170276 0.0 0.0 0.0 0.0 0.0 0.0 0.026939733 0.0 0.0 0.0 0.0 0.0 0.0076785306 0.0 0.036227796 0.041854713 0.0 0.0925298 0.0 0.03445412 0.0 0.0
0.0 0.0016611123 0.0 0.15499622 0.02829935 0.0 0.0 0.0 0.20457105 0.0 0.0 0.0 0.029219689 0.0 0.11150022 0.0 0.0 0.0 0.10215309 0.0 0.07091865 0.0 0.01645635 0.0 0.0 0.0 0.0 0.0 0.0 0.0 0.0025606763 0.0 0.04061383 0.051562082 0.0 0.0 0.0 0.07444749 0.0 0.0 0.0 0.0 0.0 0.0 0.0 0.039782524 0.0 0.043503948 0.055214997 0.0 0.035701495 0.0 0.0 0.0 0.0 0.0
0.0 0.0 0.0 0.0 0.031511668 0.0 0.08064134 0.0 0.0 0.0 0.0 0.0 0.053947862 0.0 0.096973225 0.0 0.108494535 0.0 0.00457357 0.013558857 0.0 0.0 0.0 0.0 0.05853118 0.0 0.0 0.0 0.01700164 0.09889659 0.0 0.018663762 0.0 0.0 0.0 0.0 0.0 0.051734515 0.0 0.0 0.04079104 0.060410243 0.0 0.0 0.0 0.0 0.06177156 0.0 0.022917833 0.102112 0.0 0.0 0.053698994 0.01729311 0.0 0.034950417
0.0 0.032398224 0.0 0.0 0.0 0.0 0.0 0.0 0.0 0.0 0.0 0.30595374 0.0 0.07882804 0.0 0.0 0.010834027 0.07863733 0.0 0.0 0.0 0.007905881 0.0 0.0 0.02047129 0.03147919 0.0 0.017001642 0.10093529 0.0 0.0 0.0 0.017058883 0.0 0.0028406507 0.0 0.0 0.0 0.0 0.024671052 0.0 0.0 0.028771866 0.12749434 0.0 0.0 0.0 0.0 0.0 0.0066480297 0.0 0.0 0.06399223 0.0 0.0 0.06644894
0.0 0.046809345 0.045072626 0.0 0.0 0.0 0.0 0.21811803 0.032181107 0.0 0.0 0.0 0.0 0.0 0.10065632 0.0790036 0.0 0.0663842 0.010929167 0.0 0.027284382 0.020824062 0.0 0.01580634 0.0 0.0 0.0 0.0988966 0.0 0.12701748 0.0 0.07235754 0.0 0.0 0.0 0.007623594 0.0 0.0 0.0 0.0 0.0 0.0 0.0 0.0 0.0 0.0 0.006711916 0.0 0.0 0.0017108751 0.0 0.0 0.0 0.0 0.0 0.0
0.08150455 0.0 0.0 0.031358127 0.0 0.0 0.0 0.0 0.004771926 0.0 0.0 0.0 0.08782007 0.0 0.0 0.0 0.0 0.0 0.0 0.0028689783 0.0 0.0 0.0 0.003663546 0.0 0.0830763 0.0025606763 0.0 0.0 0.0 0.0 0.0 0.019548992 0.0 0.10652032 0.0 0.0 0.05653051 0.0020774151 0.0 0.0792446 0.0 0.0 0.0 0.089142926 0.024613936 0.0 0.07766874 0.014410352 0.0 0.05263132 0.028941914 0.0 0.0 0.03770871 0.010634479
0.031589538 0.0 0.083062604 0.08007035 0.0 0.062060297 0.009341413 0.0 0.0 0.008124246 0.0 0.03881589 0.0 0.0018301903 0.0 0.0 0.08592318 0.0 0.0 0.0 0.031569697 0.009700999 0.015266011 0.0 0.01838459 0.07833154 0.0 0.018663764 0.0 0.07235755 0.0 0.0 0.00449494 0.0 0.007433814 0.0 0.0 0.0 0.12648326 0.0 0.01718953 0.029638475 0.0 0.026339037 0.041526727 0.0 0.0008587451 0.02536636 0.024183864 0.0 0.010817136 0.0 0.028378813 0.0 0.0 0.038594257
0.0 0.0 0.016147397 0.0 0.022661837 0.0 0.07053306 0.0 0.0 0.019309767 0.02958344 0.0 0.009918317 0.0 0.0 0.098132856 0.03209227 0.004659976 0.0 0.22159912 0.0033875068 0.0 0.0 0.0 0.0 0.017087407 0.040613826 0.0 0.017058883 0.0 0.019548992 0.00449494 0.0 0.0371834 0.051299274 0.0 0.10372296 0.045364816 0.025371915 0.0 0.0 0.0 0.03979906 0.0 0.055366658 0.0 0.06885018 0.09535181 0.0 0.0 0.0 0.0 0.0 0.0 0.011100695 0.0
0.0 0.0 0.0 0.0 0.0 0.0 0.0 0.019972818 0.0 0.0 0.0 0.0 0.086237766 0.0 0.0 0.0076631675 0.0 0.0 0.0 0.0 0.0 0.0 0.025565501 0.009650911 0.0 0.03917028 0.051562082 0.0 0.0 0.0 0.0 0.0 0.0371834 0.0 0.0 0.0 0.0 0.023314353 0.0 0.078541964 0.0 0.0 0.0 0.0 0.0 0.0 0.0 0.0 0.0 0.0 0.20828412 0.016957477 0.0 0.09883981 0.030949287 0.0
0.0 0.0 0.0 0.0 0.04231302 0.017294452 0.0 0.0 0.00080960634 0.0 0.061744846 0.0 0.0 0.03058634 0.0 0.090514876 0.0 0.031309135 0.0 0.0 0.0 0.0 0.029020686 0.09231983 0.0 0.0 0.0 0.0 0.002840651 0.0 0.10652032 0.0074338135 0.05129927 0.0 0.0 0.0 0.008671876 0.0 0.0 0.08262702 0.0 0.0 0.016301818 0.014293561 0.0 0.02493629 0.0 0.0 0.06918037 0.028072616 0.06832447 0.0 0.0 0.06021673 0.14112492 0.0
0.0 0.08164284 0.011787548 0.0 0.0 0.14276284 0.023639042 0.003341459 0.0 0.037010346 0.0 0.022832423 0.0 0.0 0.0023472735 0.0 0.066654086 0.0 0.0 0.0 0.0 0.14159328 0.0 0.0 0.0 0.0 0.0 0.0 0.0 0.0076235943 0.0 0.0 0.0 0.0 0.0 0.0 0.0 0.0 0.0 0.079644635 0.021149108 0.0 0.06009439 0.0 0.0 0.0 0.0 0.0 0.0 0.0 0.0 0.0 0.07643652 0.0 0.0 0.05866333
0.00507328 0.0 0.0 0.0 0.0 0.0 0.0 0.008330379 0.0395863 0.0 0.0015075771 0.010138781 0.0 0.043631256 0.0 0.0 0.0 0.02010627 0.0 0.0 0.0 0.0 0.019320551 0.104616344 0.0 0.0 0.0 0.0 0.0 0.0 0.0 0.0 0.10372296 0.0 0.008671876 0.0 0.03411824 0.04725009 0.0 0.09535696 0.0 0.0 0.0 0.143453 0.0 0.0 0.0 0.045835856 0.0725557 0.0 0.0 0.0 0.057480253 0.0 0.10253904 0.0
0.0 0.0 0.0 0.008695434 0.011357725 0.14770046 0.0 0.0 0.0 0.050233267 0.0 0.0 0.0 0.0033265913 0.0 0.020087224 0.0 0.0 0.006746777 0.0 0.21640585 0.0 0.06873002 0.0 0.0 0.0 0.07444748 0.051734515 0.0 0.0 0.05653051 0.0 0.045364812 0.023314353 0.0 0.0 0.04725009 0.0 0.045617055 0.0 0.0 0.017466767 0.0 0.0 0.11203563 0.0 0.0 0.016543748 0.022982493 0.0 0.0 0.0 0.0 0.0 0.023698404 0.0
0.030101726 0.0 0.0351668 0.0 0.062155936 0.0 0.0 0.057916187 0.008773562 0.0 0.0083449045 0.0 0.0 0.0 0.008537934 0.0 0.010955476 0.038008813 0.087316684 0.0 0.05348411 0.0 0.0 0.0 0.053707838 0.0 0.0 0.0 0.0 0.0 0.002077415 0.12648326 0.025371915 0.0 0.0 0.0 0.0 0.045617055 0.23680836 0.0 0.0 0.0 0.0 0.0356337 0.06737916 0.0 0.013661216 0.057809986 0.0 0.0 0.008961141 0.0 0.0 0.0 0.0 0.0
0.1557555 0.0 0.0 0.0 0.0 0.0 0.0 0.004525204 0.010621951 0.0 0.0 0.0 0.065375134 0.013046451 0.0 0.0 0.034670204 0.0 0.0 0.006733329 0.0 0.0 0.0 0.041438837 0.0 0.0 0.0 0.0 0.024671054 0.0 0.0 0.0 0.0 0.078541964 0.08262702 0.079644635 0.09535696 0.0 0.0 0.013421671 0.08950174 0.012570667 0.0 0.0 0.0 0.0 0.0 0.0 0.0 0.0 0.0 0.1745812 0.0 0.07766996 0.0 0.02401007
0.0 0.0 0.0 0.025390293 0.018944511 0.003114145 0.0 0.012219378 0.05189348 0.0 0.007019703 0.0 0.11177314 0.0 0.11432813 0.0 0.07069367 0.0 0.037702203 0.0 0.0 0.0 0.0 0.0 0.0 0.026939735 0.0 0.040791035 0.0 0.0 0.079244606 0.017189533 0.0 0.0 0.0 0.02114911 0.0 0.0 0.0 0.08950173 0.0 0.039464496 0.0 0.0 0.0 0.07514222 0.017664105 0.0 0.0 0.0 0.01643937 0.045427185 0.012706797 0.17043778 0.00038824123 0.0
0.0 0.0 0.0 0.0 0.0 0.0 0.0 0.0 0.0 0.0 0.0 0.17522702 0.0 0.0 0.0 0.0 0.062629655 0.0 0.0 0.0 0.016409712 0.0 0.0 0.0 0.12549911 0.0 0.0 0.060410246 0.0 0.0 0.0 0.029638475 0.0 0.0 0.0 0.0 0.0 0.017466769 0.0 0.012570667 0.039464496 0.0 0.0031538063 0.0 0.0 0.029307507 0.0 0.0 0.0 0.06300067 0.0 0.0 0.035366338 0.023648165 0.0 0.14880586
0.07205392 0.0 0.0 0.0 0.0 0.0 0.0 0.0 0.0 0.0 0.0 0.0 0.021167299 0.039806288 0.0 0.0 0.12348203 0.02693953 0.0 0.038421907 0.0 0.0 0.0050877924 0.033746727 0.02044387 0.0 0.0 0.0 0.028771866 0.0 0.0 0.0 0.03979906 0.0 0.016301818 0.06009439 0.0 0.0 0.0 0.0 0.0 0.0031538063 0.0 0.0 0.0 0.0 0.0 0.0 0.0 0.0 0.0 0.25296226 0.0 0.0 0.0 0.0
0.038300082 0.0 0.0 0.0 0.0 0.0 0.0 0.05369932 0.0 0.0 0.0 0.0 0.0 0.0055535906 0.021198144 0.0 0.042762205 0.0 0.0 0.031003918 0.0 0.029566782 0.0 0.0 0.0 0.0 0.0 0.0 0.12749434 0.0 0.0 0.026339035 0.0 0.0 0.014293562 0.0 0.143453 0.0 0.035633698 0.0 0.0 0.0 0.0 0.2587002 0.039288864 0.0 0.0 0.011711599 0.0 0.040480535 0.0 0.0 0.0 0.0 0.0 0.013901427
0.0 0.0 0.0 0.0033683171 0.04649557 0.0 0.0 0.0 0.0 0.0060869097 0.13599117 0.0 0.0 0.0 0.0 0.0 0.0 0.0115962345 0.0 0.0 0.0 0.06475291 0.010208365 0.06763864 0.022781217 0.0 0.0 0.0 0.0 0.0 0.089142926 0.041526727 0.055366658 0.0 0.0 0.0 0.0 0.11203563 0.06737917 0.0 0.0 0.0 0.0 0.039288864 0.10443275 0.096381426 0.0 0.04097459 0.047507986 0.0 0.035424147 0.0 0.064430974 4.7246096e-09 0.0 0.0
0.0 0.032281052 0.0 0.0 0.0 0.07072668 0.0 0.08359053 0.0 0.0 0.022336397 0.0 0.0 0.08918638 0.0 0.0 0.0 0.0 0.0 0.0 0.019666184 0.0 0.04009959 0.012546952 0.0 0.0 0.039782524 0.0 0.0 0.0 0.024613934 0.0 0.0 0.0 0.024936292 0.0 0.0 0.0 0.0 0.0 0.07514221 0.029307507 0.0 0.0 0.096381426 0.0 0.0 0.04679881 0.0 0.0 0.0073572164 0.0 0.0 0.0 0.0030746744 0.0
0.016471962 0.0 0.039362315 0.0 0.0 0.009559868 0.0 0.012508432 0.0 0.0 0.0009338967 0.10768547 0.0 0.05027207 0.0 0.0 0.08009766 0.0 0.0 0.002774546 0.0 0.0 0.0 0.0 0.16003837 0.00767853 0.0 0.06177156 0.0 0.0067119156 0.0 0.0008587451 0.068850175 0.0 0.0 0.0 0.0 0.0 0.013661215 0.0 0.017664103 0.0 0.0 0.0 0.0 0.0 0.0 0.0 0.005191732 0.012500314 0.0 0.0 0.1165105 0.0 0.0052870647 0.10575142
0.0 0.0 0.0016117903 0.056191683 0.0 0.08401305 0.0 0.0 0.0 0.048049454 0.007911818 0.0 0.0 0.0 0.0 0.0 0.0 0.0 0.0 0.040661648 0.032981656 0.0 0.08611587 0.0 0.0 0.0 0.043503944 0.0 0.0 0.0 0.077668734 0.02536636 0.095351815 0.0 0.0 0.0 0.045835853 0.016543746 0.057809982 0.0 0.0 0.0 0.0 0.011711598 0.04097459 0.04679881 0.0 0.009296445 0.0327838 0.0 0.07481651 0.0 0.0 0.007739979 0.0 0.0
0.01489852 0.0 0.0 0.036896847 0.0 0.0 0.0 0.0 0.0 0.0 0.15649074 0.0 0.0 0.0 0.0 0.025438441 0.0 0.0 0.0 0.0 0.011916933 0.0 0.15798695 0.025285196 0.0 0.036227796 0.055214994 0.022917831 0.0 0.0 0.014410351 0.024183864 0.0 0.0 0.06918037 0.0 0.072555706 0.022982493 0.0 0.0 0.0 0.0 0.0 0.0 0.047507986 0.0 0.005191732 0.0327838 0.0 0.0 0.16611749 0.022381475 0.0 0.0 0.10386273 0.0
0.0 0.0 0.10421315 0.009388105 0.0 0.0 0.0027419159 0.0 0.0 0.0 0.0 0.0 0.05687366 0.0 0.0 0.0 0.0 0.064038955 0.0 0.0 0.0 0.0 0.0 0.0 0.0 0.041854713 0.0 0.102112 0.0066480297 0.0017108751 0.0 0.0 0.0 0.0 0.028072616 0.0 0.0 0.0 0.0 0.0 0.0 0.063000664 0.0 0.04048054 0.0 0.0 0.012500314 0.0 0.0 0.103884645 0.0 0.0 0.0 0.12184116 0.09655817 0.10341958
0.0 0.0 0.0 0.0 0.07334112 0.03318526 0.0 0.0 0.07741154 0.08208735 0.0 0.0 0.0 0.0 0.0 0.0 0.014513851 0.0 0.0 0.007082372 0.0 0.013167007 0.0 0.0 0.0 0.0 0.035701495 0.0 0.0 0.0 0.052631322 0.010817136 0.0 0.20828411 0.06832448 0.0 0.0 0.0 0.008961142 0.0 0.016439369 0.0 0.0 0.0 0.035424147 0.0073572164 0.0 0.07481651 0.16611749 0.0 0.0 0.0 0.025854457 0.0 0.0 0.0
0.0 0.0 0.0 0.0 0.0 0.06607429 0.0 0.0 0.0 0.054268382 0.0 0.0 0.0 0.14357942 0.0 0.011288496 0.0 0.0 0.0 0.0 0.0 0.044973537 0.0 0.03297008 0.0 0.092529796 0.0 0.0 0.0 0.0 0.028941913 0.0 0.0 0.016957477 0.0 0.0 0.0 0.0 0.0 0.17458118 0.045427185 0.0 0.25296226 0.0 0.0 0.0 0.0 0.0 0.022381475 0.0 0.0 0.048112262 0.0 0.0053822678 0.04184244 0.054998625
0.087809525 0.0 0.0 0.0 0.0 0.0 0.0 0.097535655 0.0 0.0 0.0 0.0 0.0 0.0 0.0 0.0 0.0 0.0 0.0 0.0 0.0 0.019210702 0.0 0.0 0.0055065737 0.0 0.0 0.053698994 0.06399223 0.0 0.0 0.028378813 0.0 0.0 0.0 0.07643653 0.057480253 0.0 0.0 0.0 0.012706797 0.035366334 0.0 0.0 0.06443097 0.0 0.116510496 0.0 0.0 0.0 0.025854455 0.0 0.0 0.0 0.009279338 0.12914442
0.0040159593 0.0 0.0 0.0 0.0 0.0 0.012935028 0.0 0.0 0.0 0.0 0.0 0.15140048 0.0 0.014799632 0.0 0.010504246 0.0 0.0 0.0 0.0 0.0 0.0 0.0 0.038890652 0.03445412 0.0 0.01729311 0.0 0.0 0.0 0.0 0.0 0.09883981 0.06021673 0.0 0.0 0.0 0.0 0.07766996 0.17043778 0.023648165 0.0 0.0 4.724609e-09 0.0 0.0 0.007739979 0.0 0.12184117 0.0 0.0053822678 0.0 0.12589027 0.0 0.059450958
0.095826544 0.0 0.0 0.0 0.010177146 0.0 0.0 0.0 0.0065670707 0.2153112 0.020300085 0.0 0.0 0.0 0.0 0.0 0.0 0.0 0.0 0.04773494 0.0 0.0 0.0 0.03461328 0.0 0.0 0.0 0.0 0.0 0.0 0.03770871 0.0 0.011100695 0.030949287 0.14112492 0.0 0.10253904 0.023698406 0.0 0.0 0.00038824126 0.0 0.0 0.0 0.0 0.0030746744 0.0052870647 0.0 0.10386273 0.09655817 0.0 0.041842442 0.009279338 0.0 0.0 0.0
0.0 0.02032199 0.0 0.0 0.0 0.0 0.0 0.0 0.0 0.0 0.0 0.0 0.0075080874 0.0 0.042714115 0.0 0.09084904 0.07132039 0.0 0.0 0.0 0.003500419 0.0 0.0 0.112091854 0.0 0.0 0.034950417 0.06644894 0.0 0.010634479 0.03859426 0.0 0.0 0.0 0.058663327 0.0 0.0 0.0 0.02401007 0.0 0.14880586 0.0 0.013901427 0.0 0.0 0.10575141 0.0 0.0 0.10341959 0.0 0.05499863 0.1291444 0.059450954 0.0 0.0
