0.0 0.033400927 0.001531402 0.037419975 0.0 0.014770329 0.0 0.0 0.059213247 0.0 0.0 0.0 0.0 0.0 0.014017821 0.0 0.09171535 0.0 0.0 0.0 0.0 0.0 0.0 0.0 0.0 0.0 0.0 0.0 0.0 0.0 0.0 0.0 0.0 0.0 0.013985344 0.0 0.0010036269 0.0 0.010221233 0.12954673 0.0 0.15036196 0.0 0.047476493 0.0 0.020222533 0.12539 0.0 0.0 0.0131260855 0.17436925 0.011954396 0.0 0.05194614 0.0 0.08374492
0.03340093 0.0 0.14420652 0.0 0.0 0.0 0.0 0.040633418 0.0 0.0 0.0 0.0 0.017587148 0.011823909 0.035909805 0.092989236 0.0 0.015032662 0.0 0.0 0.07255678 0.0 0.037446864 0.036421128 0.0 0.0 0.0 0.0 0.0 0.0 0.0 0.0 0.065417774 0.0 0.009598651 0.0065561337 0.0 0.058635674 0.0 0.0 0.0 0.0 0.0 0.0 0.0 0.03203781 0.0 0.0 0.0 0.0 0.0 0.0 0.08496792 0.0 0.04243131 0.0
0.0015314019 0.14420652 0.0 0.0 0.0 0.009481695 0.025753213 0.0 0.0 0.0695711 0.0 0.0 0.0 0.0 0.0 0.015873617 0.0 0.0 0.112921536 0.0 0.0 0.028167231 0.0 0.0 0.0 0.0 0.012745015 0.0 0.0 0.0 0.0 0.090659216 0.0 0.10449944 0.054977506 0.14006957 0.0 0.0 0.0 0.0 0.0 0.0 0.0 0.0 0.0 0.0 0.034221083 0.0 0.0 0.0 0.0 0.08036088 0.011659883 0.0 0.0 0.0
0.037419975 0.0 0.0 0.0 0.0 0.0 0.0 0.014473763 0.0 0.006115506 0.0 0.0 0.10007574 0.087685764 0.0 0.0 0.0 0.0 0.0 0.0 0.0 0.0 0.0 0.0 0.0 0.13217014 0.0 0.16584685 0.0 0.0 0.0 0.0 0.0 0.0 0.0 0.058082815 0.0 0.0 0.0 0.07679771 0.036355883 0.0 0.034149665 0.0 0.017965825 0.0 0.0 0.009685549 0.0 0.0 0.0 0.0646638 0.0 0.09039855 0.0235553 0.0
0.0 0.0 0.0 0.0 0.0 0.0 0.0 0.029589271 0.0 0.0 0.14637254 0.0 0.0 0.0 0.0 0.0969612 0.0 0.0 0.0 0.0 0.0 0.0 0.06316373 0.02912245 0.0 0.017660793 0.08762111 0.0 0.0 0.0 0.022746716 0.0 0.0 0.0 0.0 0.0 0.0 0.21344605 0.0 0.0 0.0 0.0 0.0 0.0 0.006585356 0.0 0.0 0.0 0.008092414 0.0 0.07025757 0.07666293 0.0 0.0 0.09620425 0.0
0.014770329 0.0 0.009481695 0.0 0.0 0.0 0.0 0.0 0.017929848 0.0 0.0 0.0 0.18042816 0.0 0.0 0.0 0.014977861 0.031344432 0.0 0.0 0.0 0.0 0.008666616 0.0 0.012194155 0.0 0.0 0.0 0.0 0.0 0.0 0.0 0.0 0.0 0.13048115 0.044685055 0.0 0.13006938 0.0 0.0 0.05130232 0.036832504 0.07561493 0.0 0.06569266 0.024913365 0.0 0.0 0.0 0.0 0.0 0.0 0.097057074 0.069031365 0.0 0.0
0.0 0.0 0.025753211 0.0 0.0 0.0 0.0 0.0032652644 0.034625616 0.024411943 0.0 0.0 0.1282612 0.115858294 0.0 0.0 0.0 0.0 0.0 0.0 0.0 0.0 0.013999055 0.119099036 0.0 0.0 0.0 0.0 0.0 0.0 0.014598662 0.0 0.0 0.0 0.0 0.050174948 0.0 0.0 0.0 0.0 0.064715564 0.0 0.0 0.0 0.0021709832 0.0 0.0 0.0 0.018548924 0.0 0.0 0.0 0.0 0.0 0.13085428 0.0
0.0 0.040633418 0.0 0.014473763 0.029589273 0.0 0.0032652647 0.0 0.019267933 0.06611149 0.009078214 0.06596499 0.0 0.0 0.18762127 0.016548486 0.02062135 0.0100055905 0.110435225 0.0 0.0 0.0 0.0 0.0 0.0035714111 0.0 0.0 0.0 0.078496605 0.0 0.0 0.12558289 0.0 0.0 0.0056372434 0.019137127 0.0 0.0 0.02303495 0.0 0.0 0.008255696 0.0 0.0 0.005773366 0.033043243 0.06631114 0.021168971 0.01436615 0.0 0.0 0.031110339 0.026886545 0.0 0.0 0.05357479
0.059213243 0.0 0.0 0.0 0.0 0.017929848 0.03462562 0.019267935 0.0 0.0 0.09528687 0.0 0.0 0.0021985264 0.0 0.23166052 0.0 0.0 0.0 0.0074477843 0.0 0.0068273456 0.07878749 0.0 0.0 0.012945003 0.15446672 0.0 0.0052971044 0.0 0.0 0.0 0.0 0.0 0.0 0.007987714 0.0 0.0058191437 0.0 0.0 0.0 0.0 0.0 0.0 0.0978112 0.0 0.0 0.0 0.018547619 0.0 0.011672776 0.0 0.0 0.0 0.037710182 0.0
0.0 0.0 0.0695711 0.006115506 0.0 0.0 0.024411941 0.0661115 0.0 0.0 0.0 0.0 0.0 0.0 0.16199453 0.0 0.0 0.0 0.0 0.0 0.0 0.0 0.0 0.0 0.0 0.0 0.0 0.0 0.0 0.1582286 0.0 0.0 0.10291803 0.022317763 0.0 0.0 0.015537408 0.0 0.0 0.050985906 0.0 0.035938244 0.08574287 0.01608864 0.0 0.031723384 0.0 0.0 0.012481544 0.07130912 0.009078951 0.0 0.03396141 0.06354291 0.0 0.0770817
0.0 0.0 0.0 0.0 0.14637256 0.0 0.0 0.009078213 0.095286876 0.0 0.0 0.0 0.0 0.0 0.0 0.0 0.13766998 0.071513444 0.0 0.0 0.0 0.0 0.0 0.0 0.30042633 0.0 0.0 0.0 0.0 0.10344297 0.0 0.03791337 0.01353667 0.0 0.0 0.007920535 0.0 0.0 0.036334485 0.0 0.0 0.0 0.050235715 0.13026704 0.0 0.0076313326 0.0 0.0 0.0 0.0 0.0 0.0 0.06273929 0.0 0.0 0.0
0.0 0.0 0.0 0.0 0.0 0.0 0.0 0.06596499 0.0 0.0 0.0 0.0 0.14370205 0.059300624 0.0 0.0 0.0 0.0 0.0 0.0 0.0 0.20760381 0.0 0.0 0.0 0.035292562 0.0 0.0 0.0 0.0 0.0 0.0270041 0.0 0.11543083 0.0 0.039826747 0.0 0.0 0.0 0.0 0.0 0.0 0.0 0.0 0.0 0.0 0.0 0.0 0.0 0.0 0.0 0.0 0.0 0.033077884 0.07028615 0.0
0.0 0.017587148 0.0 0.10007574 0.0 0.18042815 0.1282612 0.0 0.0 0.0 0.0 0.14370203 0.0 0.0 0.0 0.04317872 0.0 0.047825523 0.14962766 0.11195106 0.032293487 0.0 0.0 0.0 0.0 0.0 0.0 0.0 0.0 0.0 0.0 0.0 0.0 0.0 0.0 0.0 0.0 0.042776894 0.017691618 0.0 0.010373625 0.012868621 0.0 0.0 0.031365946 0.0 0.026255753 0.0 0.0 0.07644011 0.0 0.0 0.0 0.0 0.0 0.0
0.0 0.011823909 0.0 0.087685764 0.0 0.0 0.11585829 0.0 0.0021985264 0.0 0.0 0.059300628 0.0 0.0 0.030494561 0.0 0.06516066 0.0 0.06623935 0.0 0.1549663 0.0 0.0 0.0 0.0 0.0174086 0.0 0.0 0.14990602 0.0 0.016808132 0.05086692 0.0 0.0021919995 0.0 0.0 0.0 0.0 0.0 0.0 0.0 0.107645296 0.0 0.0 0.0 0.0 0.17229447 0.0 0.032366917 0.08972187 0.0 0.0 0.0 0.0 0.0 0.0
0.014017821 0.0359098 0.0 0.0 0.0 0.0 0.0 0.18762127 0.0 0.16199453 0.0 0.0 0.0 0.030494561 0.043798417 0.0 0.0 0.0 0.0 0.0 0.0 0.0 0.038639106 0.051150635 0.0 0.036839362 0.0 0.026494239 0.0 0.0 0.0 0.0 0.0 0.014825507 0.014685806 0.0 0.0 0.0 0.0 0.0 0.0 0.0 0.0 0.012780559 0.0 0.0 0.0 0.04254092 0.0 0.0 0.1170458 0.10185481 0.0 0.0334223 0.008094999 0.0
0.0 0.092989236 0.015873615 0.0 0.09696119 0.0 0.0 0.016548488 0.2316605 0.0 0.0 0.0 0.043178715 0.0 0.0 0.0 0.0 0.102914 0.0 0.0 0.0 0.0 0.0 0.006737083 0.0 0.0 0.0 0.0 0.0 0.058575414 0.0 0.06384942 0.0 0.0 0.0 0.19248442 0.0 0.08371219 0.0 0.0 0.0 0.0 0.0 0.0 0.0 0.023440948 0.0056775287 0.0 0.0 0.0 0.0 0.003974302 0.013208075 0.0 0.0 0.0
0.09171536 0.0 0.0 0.0 0.0 0.01497786 0.0 0.020621352 0.0 0.0 0.13766998 0.0 0.0 0.06516066 0.0 0.0 0.0 0.0 0.0 0.0 0.0 0.0 0.026085282 0.09867921 0.0 0.049347397 0.1851296 0.0 0.0 0.0 0.0 0.0 0.0 0.0 0.0 0.0 0.0 0.0 0.0 0.0 0.0 0.0 0.0 0.0 0.0 0.0 0.0 0.070732065 0.0 0.0 0.0 0.018476397 0.0 0.023352288 0.053390782 0.0
0.0 0.015032663 0.0 0.0 0.0 0.031344432 0.0 0.0100055905 0.0 0.0 0.071513444 0.0 0.047825523 0.0 0.0 0.102914 0.0 0.0 0.0 0.0 0.0 0.07916518 0.0 0.0 0.0 0.0 0.0 0.042604867 0.0 0.0 0.0 0.0 0.0 0.07620844 0.0 0.0 0.0 0.039789923 0.03672328 0.0 0.0 0.0 0.0 0.09926579 0.0 0.0 0.0 0.16447762 0.0 0.015111682 0.0 0.0 0.0 0.0 0.0 0.0
0.0 0.0 0.112921536 0.0 0.0 0.0 0.0 0.110435225 0.0 0.0 0.0 0.0 0.14962767 0.06623935 0.0 0.0 0.0 0.0 0.0 0.0155347185 0.0 0.0043862904 0.0 0.0 0.0 0.0 0.0 0.0 0.0 0.0 0.0 0.0 0.012347467 0.06900491 0.0 0.0 0.0 0.0 0.0011412972 0.0 0.14070225 0.0 0.0 0.088604614 0.006030338 0.0034479531 0.0 0.0 0.0 0.0 0.0 0.0 0.0 0.07409248 0.10083844 0.0
0.0 0.0 0.0 0.0 0.0 0.0 0.0 0.0 0.0074477848 0.0 0.0 0.0 0.11195107 0.0 0.0 0.0 0.0 0.0 0.0155347185 0.0 0.0 0.07197604 0.004438046 0.0 0.0 0.0 0.0 0.0048756055 0.087173395 0.0 0.0 0.0 0.0 0.07863515 0.0 0.1405721 0.0 0.022120582 0.0 0.06255939 0.0 0.08458556 0.11250151 0.011549952 0.0 0.023750927 0.03361324 0.0 0.0 0.0 0.0 0.0 0.0 0.012628873 0.024166921 0.04436479
0.0 0.07255678 0.0 0.0 0.0 0.0 0.0 0.0 0.0 0.0 0.0 0.0 0.032293487 0.1549663 0.0 0.0 0.0 0.0 0.0 0.0 0.043365728 0.0 0.07219826 0.03672708 0.0 0.013945825 0.0 0.052678056 0.0 0.0 0.0 0.031151492 0.0 0.0 0.04754781 0.0178947 0.0 0.106616035 0.0 0.0 0.0051738527 0.0 0.034815162 0.0 0.0 0.0 0.0 0.025703827 0.0 0.0 0.0 0.0758815 0.0 0.0 0.0 0.0
0.0 0.0 0.02816723 0.0 0.0 0.0 0.0 0.0 0.0068273456 0.0 0.0 0.20760383 0.0 0.0 0.0 0.0 0.0 0.079165176 0.004386291 0.07197604 0.0 0.067163505 0.084001295 0.0 0.04664603 0.0 0.0 0.0 0.0 0.10586352 0.0 0.048981585 0.00887687 0.0 0.0 0.0 0.0 0.0 0.15376262 0.0 0.0 0.0 0.0 0.03835594 0.0 0.0 0.0 0.0155523205 0.0052781207 0.0066002863 0.0 0.0 0.097511634 0.0 0.0 0.0
0.0 0.037446864 0.0 0.0 0.06316372 0.008666617 0.013999055 0.0 0.07878749 0.0 0.0 0.0 0.0 0.0 0.038639106 0.0 0.026085284 0.0 0.0 0.004438046 0.07219826 0.084001295 0.03445073 0.0 0.011952407 0.09742474 0.0 0.056489453 0.0 0.0 0.0 0.0 0.0 0.0 0.0413834 0.04570358 0.0 0.0768102 0.0 0.13652547 0.0 0.02038421 0.034462202 0.044905502 0.0 0.074952826 0.0 0.0 0.022072483 0.002253092 0.08610021 0.0 0.0 0.021890633 0.0 0.01830098
0.0 0.03642113 0.0 0.0 0.029122451 0.0 0.119099036 0.0 0.0 0.0 0.0 0.0 0.0 0.0 0.05115063 0.006737083 0.09867921 0.0 0.0 0.0 0.036727082 0.0 0.0 0.0 0.0 0.0 0.0 0.0 0.008271258 0.0 0.0 0.0 0.06398631 0.0 0.07414796 0.0 0.10180646 0.017198263 0.0 0.008238329 0.0 0.0 0.0 0.0 0.056269832 0.0 0.0 0.021768864 0.0 0.0 0.057689182 0.0 0.0 0.0 0.0 0.25017688
0.0 0.0 0.0 0.0 0.0 0.012194155 0.0 0.0035714114 0.0 0.0 0.30042633 0.0 0.0 0.0 0.0 0.0 0.0 0.0 0.0 0.0 0.0 0.046646032 0.011952407 0.0 0.0 0.0 0.06772592 0.07042024 0.0 0.0 0.0 0.0 0.0 0.008113839 0.0 0.0 0.0 0.0 0.0 0.033533257 0.0 0.0 0.0 0.0 0.06760137 0.0 0.0 0.18623875 0.0 0.0 0.0 0.0 0.0 0.0 0.06880728 0.0
0.0 0.0 0.0 0.13217014 0.017660793 0.0 0.0 0.0 0.012945003 0.0 0.0 0.035292562 0.0 0.0174086 0.036839362 0.0 0.049347393 0.0 0.0 0.0 0.013945826 0.0 0.09742474 0.0 0.0 0.0 0.0 0.0 0.0 0.06813398 0.10690691 0.0 0.051270388 0.0 0.0 0.0 0.025454957 0.012221284 0.0 0.08083137 0.0 0.0 0.0 0.0 0.0 0.047819342 0.0 0.0 0.06721374 0.0 0.10804245 0.0070885643 0.0 0.0 0.0048041595 0.0
0.0 0.0 0.012745014 0.0 0.08762111 0.0 0.0 0.0 0.15446672 0.0 0.0 0.0 0.0 0.0 0.0 0.0 0.1851296 0.0 0.0 0.0 0.0 0.0 0.0 0.0 0.06772592 0.0 0.0 0.0 0.0 0.026977772 0.0 0.05360276 0.0 0.038347367 0.0 0.035893958 0.0 0.040643033 0.0 0.006520543 0.0 0.04944786 0.1155769 0.0115528945 0.0 0.011730781 0.041848745 0.0 0.0 0.0115548875 0.0 0.0 0.110298075 0.0069285384 0.0 0.0
0.0 0.0 0.0 0.16584685 0.0 0.0 0.0 0.0 0.0 0.0 0.0 0.0 0.0 0.0 0.026494239 0.0 0.0 0.042604867 0.0 0.004875606 0.052678056 0.0 0.056489453 0.0 0.07042024 0.0 0.0 0.0 0.0 0.022278331 0.16693944 0.0 0.047731806 0.0 0.0 0.0 0.0 0.03246205 0.009636337 0.026187677 0.0 0.0 0.0 0.0 0.0 0.08809177 0.0 0.0 0.071576566 0.0 0.046408158 0.0 0.1802972 0.0 0.011527207 0.0
0.0 0.0 0.0 0.0 0.0 0.0 0.0 0.078496605 0.0052971044 0.0 0.0 0.0 0.0 0.14990604 0.0 0.0 0.0 0.0 0.0 0.087173395 0.0 0.0 0.0 0.008271258 0.0 0.0 0.0 0.0 0.0 0.0 0.050580896 0.1467867 0.047466002 0.0 0.0 0.0 0.026014501 0.0 0.0 0.0 0.063720256 0.0 0.0 0.0 0.0 0.0 0.012240104 0.0 0.0079752365 0.0 0.052072976 0.0 0.0 0.0 0.17108315 0.0
0.0 0.0 0.0 0.0 0.0 0.0 0.0 0.0 0.0 0.1582286 0.10344297 0.0 0.0 0.0 0.0 0.058575414 0.0 0.0 0.0 0.0 0.0 0.10586352 0.0 0.0 0.0 0.06813397 0.026977774 0.022278331 0.0 0.0 0.0 0.021366958 0.0 0.073727906 0.0 0.0 0.0 0.0 0.0 0.0 0.0 0.0 0.0 0.13937181 0.004602531 0.0 0.002410971 0.072232224 0.0 0.0 0.0 0.0 0.0 0.0 0.0129881445 0.0
0.0 0.0 0.0 0.0 0.022746718 0.0 0.014598662 0.0 0.0 0.0 0.0 0.0 0.0 0.016808134 0.0 0.0 0.0 0.0 0.0 0.0 0.0 0.0 0.0 0.0 0.0 0.10690691 0.0 0.16693944 0.0505809 0.0 0.0 0.0 0.0 0.037981894 0.120839365 0.0 0.0 0.0 0.0 0.03397811 0.0 0.0 0.03278445 0.0 0.016853103 0.0 0.0 0.089854926 0.0 0.0 0.0 0.0 0.0 0.027593248 0.0 0.0
0.0 0.0 0.09065921 0.0 0.0 0.0 0.0 0.12558289 0.0 0.0 0.03791337 0.027004099 0.0 0.05086692 0.0 0.06384942 0.0 0.0 0.0 0.0 0.031151492 0.048981585 0.0 0.0 0.0 0.0 0.05360276 0.0 0.1467867 0.021366958 0.0 0.0 0.0 0.15385659 0.0 0.0 0.0 0.0 0.109164685 0.0 0.0 0.0 0.0 0.0 0.0 0.0 0.0 0.033840492 0.0 0.0044064973 0.0 0.0 0.0 0.0 0.0 0.0
0.0 0.06541778 0.0 0.0 0.0 0.0 0.0 0.0 0.0 0.10291803 0.01353667 0.0 0.0 0.0 0.0 0.0 0.0 0.0 0.012347467 0.0 0.0 0.008876869 0.0 0.0639863 0.0 0.051270384 0.0 0.047731802 0.047466002 0.0 0.0 0.0 0.0 0.0 0.14994545 0.013763023 0.0 0.02551752 0.0 0.022187011 0.0 0.0 0.03307558 0.04489937 0.0 0.0 0.0 0.0 0.0 0.0 0.0 0.26636696 0.0 0.0 0.0 0.0
0.0 0.0 0.10449945 0.0 0.0 0.0 0.0 0.0 0.0 0.022317763 0.0 0.11543083 0.0 0.0021919995 0.014825506 0.0 0.0 0.07620845 0.06900491 0.07863514 0.0 0.0 0.0 0.0 0.008113839 0.0 0.038347363 0.0 0.0 0.073727906 0.037981894 0.15385659 0.0 0.0 0.0 0.0 0.033755433 0.0 0.0 0.0 0.0 0.0 0.0 0.0 0.0 0.0 0.0 0.0 0.0 0.0 0.0 0.0 0.0 0.008817048 0.0 0.0
0.013985344 0.009598651 0.054977506 0.0 0.0 0.13048115 0.0 0.0056372434 0.0 0.0 0.0 0.0 0.0 0.0 0.014685806 0.0 0.0 0.0 0.0 0.0 0.047547814 0.0 0.0413834 0.07414797 0.0 0.0 0.0 0.0 0.0 0.0 0.12083938 0.0 0.14994545 0.0 0.0 0.0 0.14556152 0.0 0.0 0.0 0.0042312387 0.0 0.0 0.0 0.0 0.063443735 0.0 0.0 0.06594178 0.0009191679 0.11972419 0.0 0.0 0.0 0.0 0.0
0.0 0.0065561337 0.14006957 0.058082815 0.0 0.04468505 0.050174948 0.019137127 0.007987714 0.0 0.007920535 0.03982675 0.0 0.0 0.0 0.19248442 0.0 0.0 0.0 0.1405721 0.017894702 0.0 0.04570358 0.0 0.0 0.0 0.035893958 0.0 0.0 0.0 0.0 0.0 0.013763023 0.0 0.0 0.0 0.0 0.0 0.05411246 0.0 0.0 0.0 0.0 0.0 0.07290931 0.007443441 0.0 0.0 0.0 0.0 0.0 0.0 0.0 0.0 0.0 0.0
0.0010036269 0.0 0.0 0.0 0.0 0.0 0.0 0.0 0.0 0.015537408 0.0 0.0 0.0 0.0 0.0 0.0 0.0 0.0 0.0 0.0 0.0 0.0 0.0 0.10180646 0.0 0.025454957 0.0 0.0 0.026014501 0.0 0.0 0.0 0.0 0.033755433 0.14556152 0.0 0.13689566 0.0 0.0 0.07824237 0.0 0.0 0.019444339 0.0 0.0 0.08946701 0.0 0.0 0.0 0.0 0.026163233 0.042179827 0.0 0.049036466 0.0 0.2188497
0.0 0.058635674 0.0 0.0 0.21344604 0.13006936 0.0 0.0 0.0058191437 0.0 0.0 0.0 0.042776894 0.0 0.0 0.08371218 0.0 0.03978992 0.0 0.02212058 0.106616035 0.0 0.0768102 0.017198263 0.0 0.012221284 0.040643033 0.03246205 0.0 0.0 0.0 0.0 0.02551752 0.0 0.0 0.0 0.0 0.0 0.0 0.0064486945 0.0 0.0 0.033080496 0.0 0.0 0.032191083 0.0 0.0 0.0 0.0 0.0 0.0 0.0 0.0 0.0 0.0
0.010221233 0.0 0.0 0.0 0.0 0.0 0.0 0.02303495 0.0 0.0 0.036334485 0.0 0.017691618 0.0 0.0 0.0 0.0 0.03672328 0.0011412972 0.0 0.0 0.15376264 0.0 0.0 0.0 0.0 0.0 0.009636337 0.0 0.0 0.0 0.109164685 0.0 0.0 0.0 0.05411246 0.0 0.0 0.0 0.0 0.0 0.18415341 0.038708825 0.083367296 0.017253296 0.0 0.027083423 0.0 0.0085136 0.0 0.0 0.0 0.035410296 0.020404482 0.0 0.0
0.12954673 0.0 0.0 0.0767977 0.0 0.0 0.0 0.0 0.0 0.050985906 0.0 0.0 0.0 0.0 0.0 0.0 0.0 0.0 0.0 0.06255938 0.0 0.0 0.13652547 0.008238329 0.03353326 0.08083137 0.006520543 0.026187677 0.0 0.0 0.033978105 0.0 0.022187011 0.0 0.0 0.0 0.07824236 0.0064486945 0.0 0.0 0.0 0.040445115 0.0 0.0 0.06910233 0.0 0.008725357 0.0 0.12936635 0.0 0.040843844 0.0 0.0 0.0 0.031279918 0.0
0.0 0.0 0.0 0.036355883 0.0 0.05130232 0.064715564 0.0 0.0 0.0 0.0 0.0 0.010373624 0.0 0.0 0.0 0.0 0.0 0.14070225 0.0 0.005173853 0.0 0.0 0.0 0.0 0.0 0.0 0.0 0.063720256 0.0 0.0 0.0 0.0 0.0 0.0042312387 0.0 0.0 0.0 0.0 0.0 0.09148733 0.0074350066 0.0 0.0 0.030415207 0.0 0.18143904 0.0 0.05044671 0.21799284 0.0 0.0 0.0 0.0 0.0 0.037462946
0.15036197 0.0 0.0 0.0 0.0 0.0368325 0.0 0.008255696 0.0 0.035938244 0.0 0.0 0.012868621 0.107645296 0.0 0.0 0.0 0.0 0.0 0.08458557 0.0 0.0 0.02038421 0.0 0.0 0.0 0.049447857 0.0 0.0 0.0 0.0 0.0 0.0 0.0 0.0 0.0 0.0 0.0 0.1841534 0.040445115 0.0074350066 0.10654757 0.0 0.0 0.0 0.0 0.0 0.039135117 0.0 0.0 0.0 0.0 0.0 0.110403605 0.028320897 0.0
0.0 0.0 0.0 0.03414966 0.0 0.07561492 0.0 0.0 0.0 0.08574287 0.050235715 0.0 0.0 0.0 0.0 0.0 0.0 0.0 0.0 0.11250152 0.03481516 0.0 0.034462202 0.0 0.0 0.0 0.1155769 0.0 0.0 0.0 0.03278445 0.0 0.03307558 0.0 0.0 0.0 0.019444339 0.033080492 0.038708825 0.0 0.0 0.0 0.01742859 0.0 0.10677241 0.03506368 0.0 0.0 0.0 0.058254816 0.0 0.0 0.015601483 0.0 0.082235985 0.0
0.04747649 0.0 0.0 0.0 0.0 0.0 0.0 0.0 0.0 0.01608864 0.13026704 0.0 0.0 0.0 0.01278056 0.0 0.0 0.099265784 0.088604614 0.011549952 0.0 0.038355935 0.0449055 0.0 0.0 0.0 0.0115528945 0.0 0.0 0.13937181 0.0 0.0 0.04489937 0.0 0.0 0.0 0.0 0.0 0.083367296 0.0 0.0 0.0 0.0 0.0 0.054115288 0.0 0.0 0.031143548 0.039182067 0.011599473 0.0 0.0 0.0 0.0 0.0 0.0
0.0 0.0 0.0 0.017965825 0.006585356 0.06569266 0.0021709832 0.005773366 0.0978112 0.0 0.0 0.0 0.031365946 0.0 0.0 0.0 0.0 0.0 0.006030338 0.0 0.0 0.0 0.0 0.056269832 0.06760137 0.0 0.0 0.0 0.0 0.004602531 0.016853103 0.0 0.0 0.0 0.0 0.07290931 0.0 0.0 0.017253296 0.06910233 0.030415207 0.0 0.10677241 0.054115288 0.0 0.18174307 0.05296092 0.0 0.0 0.0 0.01155383 0.01715872 0.04235055 0.0 0.0 0.11255851
0.020222535 0.03203781 0.0 0.0 0.0 0.024913367 0.0 0.033043243 0.0 0.031723384 0.007631332 0.0 0.0 0.0 0.0 0.023440946 0.0 0.0 0.0034479531 0.023750927 0.0 0.0 0.07495283 0.0 0.0 0.047819342 0.011730782 0.08809177 0.0 0.0 0.0 0.0 0.0 0.0 0.06344373 0.007443441 0.08946701 0.03219108 0.0 0.0 0.0 0.0 0.03506368 0.0 0.18174307 0.0 0.0 0.035452835 0.0 0.0 0.0 0.05601686 0.0 0.0 0.0 0.0
0.12539 0.0 0.034221083 0.0 0.0 0.0 0.0 0.06631114 0.0 0.0 0.0 0.0 0.026255755 0.17229447 0.0 0.0056775287 0.0 0.0 0.0 0.033613242 0.0 0.0 0.0 0.0 0.0 0.0 0.041848745 0.0 0.012240103 0.002410971 0.0 0.0 0.0 0.0 0.0 0.0 0.0 0.0 0.027083421 0.008725356 0.18143904 0.0 0.0 0.0 0.05296092 0.0 0.0 0.028522598 0.0 0.0 0.0 0.0 0.0 0.0 0.048810035 0.0043346495
0.0 0.0 0.0 0.009685548 0.0 0.0 0.0 0.021168973 0.0 0.0 0.0 0.0 0.0 0.0 0.042540915 0.0 0.07073206 0.16447763 0.0 0.0 0.025703827 0.0155523205 0.0 0.021768864 0.18623875 0.0 0.0 0.0 0.0 0.07223222 0.089854926 0.033840492 0.0 0.0 0.0 0.0 0.0 0.0 0.0 0.0 0.0 0.039135117 0.0 0.031143546 0.0 0.035452835 0.028522596 0.0 0.0652652 0.089581795 0.0 0.0 0.109652214 0.0 0.0 0.0
0.0 0.0 0.0 0.0 0.008092415 0.0 0.018548924 0.014366151 0.01854762 0.012481544 0.0 0.0 0.0 0.032366913 0.0 0.0 0.0 0.0 0.0 0.0 0.0 0.0052781207 0.022072485 0.0 0.0 0.06721374 0.0 0.071576566 0.0079752365 0.0 0.0 0.0 0.0 0.0 0.06594177 0.0 0.0 0.0 0.0085136 0.12936634 0.05044671 0.0 0.0 0.039182067 0.0 0.0 0.0 0.0652652 0.0 0.0 0.0 0.10892782 0.0 0.11209342 0.018537693 0.0
0.013126086 0.0 0.0 0.0 0.0 0.0 0.0 0.0 0.0 0.07130912 0.0 0.0 0.0764401 0.08972188 0.0 0.0 0.0 0.015111681 0.0 0.0 0.0 0.0066002863 0.002253092 0.0 0.0 0.0 0.0115548875 0.0 0.0 0.0 0.0 0.0044064973 0.0 0.0 0.00091916794 0.0 0.0 0.0 0.0 0.0 0.21799284 0.0 0.058254816 0.011599473 0.0 0.0 0.0 0.08958179 0.0 0.0 0.011220645 0.034704026 0.0 0.12680554 0.123936854 0.025195602
0.17436925 0.0 0.0 0.0 0.07025757 0.0 0.0 0.0 0.011672776 0.009078951 0.0 0.0 0.0 0.0 0.1170458 0.0 0.0 0.0 0.0 0.0 0.0 0.0 0.08610021 0.057689182 0.0 0.10804244 0.0 0.046408158 0.052072976 0.0 0.0 0.0 0.0 0.0 0.1197242 0.0 0.026163232 0.0 0.0 0.04084385 0.0 0.0 0.0 0.0 0.01155383 0.0 0.0 0.0 0.0 0.011220645 0.0 0.08428454 0.0 0.0 0.0 0.0
0.011954396 0.0 0.08036088 0.0646638 0.07666293 0.0 0.0 0.031110339 0.0 0.0 0.0 0.0 0.0 0.0 0.10185481 0.0039743027 0.018476399 0.0 0.0 0.0 0.0758815 0.0 0.0 0.0 0.0 0.007088564 0.0 0.0 0.0 0.0 0.0 0.0 0.26636696 0.0 0.0 0.0 0.042179827 0.0 0.0 0.0 0.0 0.0 0.0 0.0 0.01715872 0.05601686 0.0 0.0 0.10892782 0.034704026 0.08428453 0.0 0.0 0.0 0.0 0.022080636
0.0 0.08496792 0.011659883 0.0 0.0 0.09705708 0.0 0.026886545 0.0 0.033961408 0.06273928 0.0 0.0 0.0 0.0 0.013208075 0.0 0.0 0.0 0.0 0.0 0.097511634 0.0 0.0 0.0 0.0 0.110298075 0.18029721 0.0 0.0 0.0 0.0 0.0 0.0 0.0 0.0 0.0 0.0 0.035410292 0.0 0.0 0.0 0.015601484 0.0 0.042350553 0.0 0.0 0.109652214 0.0 0.0 0.0 0.0 0.0 0.0 0.0 0.0
0.051946145 0.0 0.0 0.09039855 0.0 0.069031365 0.0 0.0 0.0 0.06354291 0.0 0.03307788 0.0 0.0 0.0334223 0.0 0.023352288 0.0 0.07409248 0.012628873 0.0 0.0 0.021890633 0.0 0.0 0.0 0.006928538 0.0 0.0 0.0 0.027593248 0.0 0.0 0.008817047 0.0 0.0 0.04903647 0.0 0.020404484 0.0 0.0 0.110403605 0.0 0.0 0.0 0.0 0.0 0.0 0.11209342 0.12680554 0.0 0.0 0.0 0.02330029 0.0 0.005530529
0.0 0.04243131 0.0 0.023555301 0.09620425 0.0 0.1308543 0.0 0.037710182 0.0 0.0 0.07028615 0.0 0.0 0.008094999 0.0 0.053390782 0.0 0.10083844 0.024166921 0.0 0.0 0.0 0.0 0.06880728 0.0048041595 0.0 0.011527208 0.17108315 0.012988144 0.0 0.0 0.0 0.0 0.0 0.0 0.0 0.0 0.0 0.031279918 0.0 0.0283209 0.08223599 0.0 0.0 0.0 0.04881004 0.0 0.018537695 0.12393685 0.0 0.0 0.0 0.0 0.0 0.024634648
0.08374493 0.0 0.0 0.0 0.0 0.0 0.0 0.05357479 0.0 0.0770817 0.0 0.0 0.0 0.0 0.0 0.0 0.0 0.0 0.0 0.04436479 0.0 0.0 0.018300978 0.25017685 0.0 0.0 0.0 0.0 0.0 0.0 0.0 0.0 0.0 0.0 0.0 0.0 0.2188497 0.0 0.0 0.0 0.037462946 0.0 0.0 0.0 0.11255851 0.0 0.00433465 0.0 0.0 0.025195604 0.0 0.022080636 0.0 0.005530529 0.02463465 0.0
