0.120843016 0.0 0.0 0.0 0.0 0.0 0.0 0.07594199 0.040640797 0.08645296 0.0 0.0 0.0 0.053689912 0.0135524105 0.0 0.0 0.02183066 0.0 0.03741178 0.0 0.0 0.0004578487 0.0 0.0 0.098440155 0.020683633 0.0 0.2334485 0.0 0.025616413 0.0 0.020583453 0.0 0.005684231 0.0 0.02437219 0.074792676 0.0022971937 0.0 0.0 0.0 0.0 0.021816792 0.0069035753 0.0 0.0 0.12028539 0.0 0.0 0.0 0.015345329 0.0 0.0 0.0 0.0
0.0 0.0 0.0 0.0 0.023177817 0.0 0.0 0.043568008 0.025075965 0.0 0.040416308 0.0 0.0 0.0 0.0 0.0 0.0 0.0 0.0 0.0 0.0 0.06501191 0.012074333 0.2086015 0.0 0.03413376 0.0 0.0 0.0 0.18477407 0.0 0.0 0.0 0.014576999 0.13589026 0.0 0.02300887 0.0 0.022434235 0.0 0.0 0.0 0.0 0.0 0.0 0.0 0.0 0.0 0.0 0.0 0.0 0.0 0.0 0.0 0.0 0.0
0.0 0.0 0.0 0.09743922 0.0 0.0 0.0 0.0 0.0098006725 0.0 0.0 0.0 0.0 0.061412167 0.0 0.0 0.064789265 0.013742501 0.0 0.0 0.0 0.0 0.08006579 0.0274172 0.0 0.0 0.0 0.0112631 0.0 0.0 0.022970468 0.13523716 0.0 0.031833038 0.0 0.00071512006 0.0 0.0 0.0 0.019363511 0.059405077 0.0 0.0 0.0 0.0 0.014146516 0.0 0.0 0.0 0.004178611 0.08109554 0.008163699 0.054776043 0.0 0.054264203 0.0
0.0 0.0 0.097439215 0.0 0.00016946692 0.048559353 0.014182075 0.0 0.0053286655 0.0 0.033818074 0.0 0.05173834 0.017409015 0.0 0.0 0.0 0.0 0.056777406 0.0 0.0 0.0 0.0 0.00047876756 0.0 0.027396427 0.0 0.0 0.0 0.02695807 0.0 0.0 0.0 0.1546345 0.013696208 0.20119031 0.0 0.0 0.0 0.0 0.05203295 0.076443374 0.01725968 0.0 0.0 0.0 0.022011837 0.0 0.0 0.01574413 0.0 0.053207055 0.0 0.08199899 0.0 0.10015436
0.0 0.023177817 0.0 0.0001694669 0.0 0.0 0.1318238 0.0 0.028418362 0.0 0.0 0.0 0.0 0.0 0.0 0.14473508 0.05472414 0.0 0.0 0.0 0.054258697 0.0 0.0 0.0 0.0 0.029576538 0.0 0.0 0.0 0.0 0.0 0.0037836041 0.0 0.097534016 0.0 0.086341135 0.02190727 0.0 0.0 0.0 0.034828972 0.008929144 0.054362833 0.0 0.0 0.0 0.056550022 0.0 0.0 0.0 0.0 0.0 0.0 0.04065026 0.0 0.044528704
0.0 0.0 0.0 0.048559353 0.0 0.13826372 0.029243538 0.0 0.0 0.0 0.006378301 0.0 0.0 0.0 0.0 0.018547093 0.046171907 0.034624692 0.008195437 0.030358283 0.11032529 0.0 0.0 0.0 0.03045558 0.0 0.0 0.0 0.0 0.029381962 0.0 0.018210089 0.03155991 0.025657512 0.0 0.0 0.0 0.0 0.043728065 0.0 0.0 0.053597726 0.06347384 0.0 0.0 0.044966158 0.09590059 0.0 0.07694977 0.032174166 0.0 0.0 0.021596516 0.038195554 0.0 0.016852017
0.0 0.0 0.0 0.014182075 0.1318238 0.029243536 0.0 0.0 0.0 0.0 0.0 0.0 0.0 0.0 0.0 0.0 0.043931518 0.0076507884 0.0 0.062570415 0.003424706 0.0 0.017257767 0.0 0.1375233 0.0 0.0 0.0 0.0 0.0 0.0 0.048437014 0.13214494 0.0 0.0 0.0 0.0 0.029797593 0.03535759 0.0 0.0 0.0 0.0 0.05048165 0.0 0.037079047 0.0 0.0 0.032341797 0.09248406 0.0 0.0 0.119716786 0.0 0.0 0.0
0.075941995 0.043568008 0.0 0.0 0.0 0.0 0.0 0.20959964 0.0 0.064207956 0.0 0.0 0.0 0.11676511 0.0 0.0038489099 0.0 0.0 0.0 0.0 0.0 0.008802442 0.04252334 0.1365215 0.0 0.049991976 0.0 0.0 0.010605399 0.0 0.027834548 0.0 0.0 0.0 0.0 0.0 0.03510397 0.0 0.0 0.04160369 0.023629103 0.0 0.0 0.059929054 0.049899686 0.0 0.0 0.016658459 0.0 0.0 0.0048038675 0.073103175 0.0 0.001333477 0.0 0.0
0.040640797 0.025075966 0.0098006725 0.005328666 0.028418364 0.0 0.0 0.0 0.0 0.0 0.0 0.0 0.0 0.0 0.0 0.0047931243 0.0028820192 0.0120745255 0.010554747 0.0 0.0 0.0 0.052407358 0.030602988 0.0 0.06794265 0.0 0.0 0.0 0.0 0.0 0.0 0.0 0.07523181 0.055157986 0.15248318 0.0 0.058474757 0.009012791 0.0 0.0 0.0 0.0 0.0 0.0 0.0 0.04601852 0.0 0.0 0.027753538 0.09336097 0.007827238 0.0 0.0 0.056163143 0.0
0.08645296 0.0 0.0 0.0 0.0 0.0 0.0 0.06420796 0.0 0.0 0.0 0.013627897 0.0 0.13917856 0.0660373 0.0 0.0043182173 0.0019864219 0.0 0.0 0.0 0.0 0.0 0.0 0.0 0.015949678 0.0 0.0 0.18377912 0.0 0.0 0.004509676 0.0 0.0 0.0 0.0 0.0 0.0 0.0067176702 0.04986238 0.04351173 0.0 0.0 0.24603246 0.026932044 0.0032178455 0.0 0.0 0.0 0.0 0.0 0.014288098 0.074851215 0.027084615 0.0 0.08988099
0.0 0.04041631 0.0 0.033818074 0.0 0.0063783005 0.0 0.0 0.0 0.0 0.0 0.009986857 0.0 0.0041305684 0.0025463395 0.0 0.0 0.097084336 0.0 0.0 0.021234842 0.0 0.02069238 0.022578752 0.0 0.0 0.04210234 0.0 0.0 0.0 0.013007532 0.0 0.059859242 0.0 0.0 0.023930293 0.0 0.0 0.14715953 0.007826887 0.021732882 0.0 0.0 0.0 0.0 0.0786027 0.21027169 0.013292663 0.03697826 0.0 0.0074334927 0.0 0.12227259 0.0 0.0 0.0
0.0 0.0 0.0 0.0 0.0 0.0 0.0 0.0 0.0 0.013627898 0.009986857 0.0 0.0 0.033978596 0.0 0.042893436 0.0 0.0 0.0 0.0 0.04501379 0.0 0.024800308 0.010355438 0.0 0.0 0.043365512 0.09623789 0.0 0.0 0.0 0.016232 0.010741647 0.0 0.03016056 0.0 0.0632559 0.0 0.0 0.013101738 0.0035193078 0.0 0.0 0.0 0.0 0.0 0.0 0.0 0.0 0.0 0.1486692 0.0 0.025800675 0.0 0.20840316 0.0
0.0 0.0 0.0 0.05173834 0.0 0.0 0.0 0.0 0.0 0.0 0.0 0.0 0.11105852 0.032934207 0.025177898 0.018676568 0.0 0.0 0.098998055 0.0 0.0 0.0 0.040522207 0.0 0.0 0.07728825 0.0 0.043789066 0.0 0.0 0.0 0.0 0.01667234 0.042560663 0.0 0.0 0.0 0.0 0.0 0.026282437 0.0 0.13819557 0.0 0.0 0.0 0.040594295 0.0 0.10196378 0.0 0.0 0.0 0.0 0.0 0.01691655 0.10711949 0.0
0.053689912 0.0 0.061412167 0.017409014 0.0 0.0 0.0 0.11676512 0.0 0.13917856 0.0041305684 0.033978596 0.032934207 0.040963568 0.0 0.0 0.0 0.0 0.0 0.0 0.0 0.06696004 0.01749687 0.0 0.0 0.0 0.0 0.052278563 0.0 0.026535584 0.0 0.0 0.0 0.008393992 0.035777617 0.03756508 0.05916128 0.0 0.0 0.0 0.0 0.0 0.0 0.0061495746 0.056882266 0.0 0.0 0.0 0.0 0.0012699015 0.0 0.06469854 0.0 0.0 0.024463013 0.0
0.0135524105 0.0 0.0 0.0 0.0 0.0 0.0 0.0 0.0 0.0660373 0.0025463398 0.0 0.025177898 0.0 0.0 0.0 0.0 0.0 0.045202512 0.0 0.0 0.12396765 0.025481123 0.09580296 0.0 0.075671114 0.0 0.023072196 0.0 0.0 0.0 0.0 0.047487266 0.0787046 0.0 0.03332447 0.0 0.03425736 0.03124407 0.0 0.0 0.02739758 0.035773456 0.0 0.0 0.0 0.0 0.0 0.0 0.0 0.0 0.0 0.026764043 0.008007359 0.0 0.01141693
0.0 0.0 0.0 0.0 0.14473507 0.018547092 0.0 0.00384891 0.0047931243 0.0 0.0 0.042893436 0.018676568 0.0 0.0 0.025836483 0.0 0.0 0.010110781 0.0 0.0579331 0.0 0.07825423 0.0 0.0 0.0 0.01760695 0.0001793272 0.0 0.007870627 0.0 0.048101608 0.05193128 0.0 0.0 0.014289577 0.0 0.0 0.043390013 0.0 0.0 0.0 0.13540043 0.0 0.0 0.08729885 0.004064805 0.0 0.080401115 0.0 0.033088576 0.0 0.030136937 0.033568814 0.0 0.0
0.0 0.0 0.064789265 0.0 0.05472414 0.046171907 0.043931518 0.0 0.0028820194 0.0043182173 0.0 0.0 0.0 0.0 0.0 0.0 0.0 0.0 0.0 0.0 0.061522104 0.0 0.0 0.0 0.25850222 0.0 0.0 0.0 0.0 0.027488166 0.0 0.049786903 0.0 0.0 0.0 0.057192165 0.0 0.01892436 0.0 0.0 0.0 0.0 0.0 0.0 0.0 0.0 0.0 0.0 0.037264727 0.009382485 0.0 0.0 0.057171144 0.0 0.0 0.0
0.021830661 0.0 0.013742501 0.0 0.0 0.034624692 0.007650788 0.0 0.012074525 0.001986422 0.097084336 0.0 0.0 0.0 0.0 0.0 0.0 0.12607498 0.0 0.089108065 0.018908909 0.0 0.04840225 0.04175883 0.0 0.029012382 0.061382767 0.0 0.0 0.0 0.027424842 0.0 0.0050286944 0.0 0.016492505 0.0 0.0 0.04825101 0.0120380055 0.0 0.032396242 0.0 0.0 0.0 0.01243382 0.0 0.0007626899 0.0 0.0 0.0 0.0 0.0 0.0031130756 0.04257103 0.011334965 0.0
0.0 0.0 0.0 0.056777403 0.0 0.0081954375 0.0 0.0 0.010554746 0.0 0.0 0.0 0.098998055 0.0 0.045202512 0.010110781 0.0 0.0 0.0 0.009099779 0.0 0.045892924 0.0 0.0 0.0 0.1446789 0.0 0.0 0.008913162 0.0 0.008142183 0.0 0.0 0.14267391 0.0 0.0 0.0 0.0 0.0 0.09009126 0.05109329 0.04746803 0.037374344 0.0 0.0 0.0 0.0 0.0 0.0 0.010696869 0.0 0.0 0.0 0.008606518 0.0 0.04726396
0.03741178 0.0 0.0 0.0 0.0 0.030358281 0.062570415 0.0 0.0 0.0 0.0 0.0 0.0 0.0 0.0 0.0 0.0 0.08910807 0.009099779 0.058180805 0.020197978 0.17793609 0.0 0.011279214 0.0 0.009862929 0.02733244 0.012889273 0.02718947 0.0 0.014441208 0.0 0.0 0.0 0.0 0.0 0.017920591 0.0 0.071036465 0.0 0.0 0.0 0.07079845 0.0 0.0 0.0 0.0 0.0 0.0 0.049096365 0.0 0.02856699 0.0 0.0 0.0 0.1380237
0.0 0.0 0.0 0.0 0.054258697 0.1103253 0.003424706 0.0 0.0 0.0 0.021234842 0.045013793 0.0 0.0 0.0 0.0579331 0.061522108 0.018908907 0.0 0.020197978 0.0555526 0.0 0.005630707 0.0 0.0 0.0 0.0 0.0 0.0 0.08166991 0.0 0.15848073 0.02869632 0.0 0.0 0.06208663 0.0 0.0 0.020106304 0.0 0.0 0.10145696 0.0 0.0027526645 0.0 0.0 0.0 0.0 0.06880973 0.078557685 0.0 0.0 0.049620993 0.053481124 0.0 0.007867917
0.0 0.06501191 0.0 0.0 0.0 0.0 0.0 0.008802442 0.0 0.0 0.0 0.0 0.0 0.06696004 0.12396765 0.0 0.0 0.0 0.045892924 0.17793608 0.0 0.07110303 0.057852514 0.060702305 0.0 0.0 0.0 0.0 0.0 0.0 0.0 0.0 0.0 0.0 0.0 0.0023083237 0.0 0.023655934 0.0 0.0 0.095486976 0.00788325 0.0 0.0 0.0 0.0 0.0 0.0 0.06385828 0.0 0.0 0.025158878 0.0 0.0 0.0 0.0
0.00045784868 0.012074332 0.08006579 0.0 0.0 0.0 0.017257767 0.042523343 0.05240736 0.0 0.02069238 0.024800308 0.040522207 0.01749687 0.025481123 0.07825423 0.0 0.048402246 0.0 0.0 0.005630707 0.05785251 0.033822145 0.0008200017 0.0 0.0 0.10238545 0.13346626 0.0 0.0 0.0 0.0 0.0 0.0 0.0 0.0 0.0 0.0 0.011905309 0.0 0.0 0.0 0.112528615 0.0 0.0 0.041567143 0.0 0.0 0.059054673 0.0 0.025925 0.0 0.00066090183 0.11116036 0.0 0.0
0.0 0.2086015 0.0274172 0.00047876753 0.0 0.0 0.0 0.13652152 0.030602988 0.0 0.022578752 0.010355437 0.0 0.0 0.095802955 0.0 0.0 0.041758835 0.0 0.011279214 0.0 0.0607023 0.0008200017 0.012525589 0.0 0.025924688 0.0077368044 0.0 0.0 0.047606997 0.039451033 0.03964924 0.032161362 0.0 0.0 0.0 0.0 0.0 0.0 0.0 0.0 0.0015646039 0.018154608 0.0 0.0046728696 0.0 0.0 0.05856795 0.027605763 0.0 0.029858667 0.0041012233 0.080681436 0.0 0.0 0.009900698
0.0 0.0 0.0 0.0 0.0 0.030455582 0.1375233 0.0 0.0 0.0 0.0 0.0 0.0 0.0 0.0 0.0 0.25850222 0.0 0.0 0.0 0.0 0.0 0.0 0.0 0.0 0.0 0.0 0.0 0.0 0.0 0.0 0.13055725 0.0 0.020092206 0.0 0.004291582 0.0 0.0 0.0 0.0 0.17240563 0.22474073 0.0 0.0 0.0 0.0 0.0 0.0 0.0 0.01292684 0.0 0.0 0.16415781 0.01121477 0.0 0.0
0.098440155 0.03413376 0.0 0.02739643 0.029576536 0.0 0.0 0.049991973 0.06794265 0.015949678 0.0 0.0 0.07728825 0.0 0.07567112 0.0 0.0 0.029012382 0.14467892 0.009862928 0.0 0.0 0.0 0.025924688 0.0 0.0 0.0 0.015427635 0.010794193 0.0 0.0 0.0 0.0 0.0 0.0 0.0 0.013856623 0.034959078 0.0 0.0 0.0 0.0 0.025646972 0.0 0.0 0.03702239 0.0 0.060028445 0.0 0.0 0.0 0.070831515 0.0 0.085477084 0.0 0.0
0.020683631 0.0 0.0 0.0 0.0 0.0 0.0 0.0 0.0 0.0 0.04210234 0.04336551 0.0 0.0 0.0 0.01760695 0.0 0.061382763 0.0 0.02733244 0.0 0.0 0.10238545 0.007736804 0.0 0.0 0.0146448985 0.0 0.0 0.0 0.0 0.0 0.010121347 0.0 0.0 0.0 0.059052058 0.0 0.1635384 0.0 0.010241172 0.0 0.03722919 0.0 0.05052496 0.0 0.0 0.0 0.011942859 0.055962708 0.0 0.101311 0.0 0.01512918 0.09944721 0.0
0.0 0.0 0.011263101 0.0 0.0 0.0 0.0 0.0 0.0 0.0 0.0 0.09623789 0.043789066 0.052278563 0.023072196 0.00017932721 0.0 0.0 0.0 0.012889273 0.0 0.0 0.13346626 0.0 0.0 0.015427635 0.0 0.10890671 0.0 0.0 0.0 0.0 0.039013773 0.0 0.0 0.0 0.0 0.0 0.049729507 0.0 0.0 0.0 0.005287254 0.045039527 0.010455242 0.06977303 0.0 0.071837425 0.04408792 0.0 0.009422028 0.10077069 0.0 0.0 0.08101179 0.0
0.23344852 0.0 0.0 0.0 0.0 0.0 0.0 0.010605399 0.0 0.1837791 0.0 0.0 0.0 0.0 0.0 0.0 0.0 0.0 0.008913162 0.02718947 0.0 0.0 0.0 0.0 0.0 0.010794193 0.0 0.0 0.0 0.0 0.0 0.0 0.0 0.0 0.0 0.0 0.1969415 0.075321525 0.0 0.0 0.08870553 0.0 0.0 0.0 0.1268647 0.0 0.0 0.0 0.0 0.0 0.0 0.0 0.0 0.0 0.0010762281 0.0
0.0 0.18477407 0.0 0.026958073 0.0 0.029381964 0.0 0.0 0.0 0.0 0.0 0.0 0.0 0.026535584 0.0 0.007870627 0.027488166 0.0 0.0 0.0 0.08166991 0.0 0.0 0.047606993 0.0 0.0 0.0 0.0 0.0 0.0 0.017216504 0.1032773 0.0 0.023985548 0.0 0.0 0.0 0.03820839 0.0 0.044321395 0.06557913 0.0 0.0 0.0 0.0 0.0 0.0 0.0 0.0 0.0 0.0 0.0011974628 0.028733479 0.0 0.04755121 0.0
0.025616413 0.0 0.022970468 0.0 0.0 0.0 0.0 0.027834546 0.0 0.0 0.013007532 0.0 0.0 0.0 0.0 0.0 0.0 0.027424842 0.008142183 0.014441208 0.0 0.0 0.0 0.039451033 0.0 0.0 0.0 0.0 0.0 0.017216504 0.012588948 0.0 0.02506852 0.017176177 0.052528728 0.0 0.046761192 0.0 0.15217347 0.0 0.0 0.0 0.03905618 0.0 0.03201355 0.0 0.0 0.040464807 0.026894307 0.099787235 0.0 0.109481044 0.0 0.0 0.0 0.0
0.0 0.0 0.13523714 0.0 0.0037836041 0.018210089 0.048437018 0.0 0.0 0.0045096762 0.0 0.016232 0.0 0.0 0.0 0.04810161 0.049786907 0.0 0.0 0.0 0.15848075 0.0 0.0 0.03964924 0.13055725 0.0 0.0 0.0 0.0 0.1032773 0.0 0.0 0.0 0.041320544 0.0 0.006098448 0.0 0.045906123 0.0 0.0 0.0043422296 0.0 0.0 0.0 0.0 0.0 0.0 0.0 0.0 0.0 0.0 0.0 0.069767006 0.0 0.0 0.0
0.020583455 0.0 0.0 0.0 0.0 0.03155991 0.13214494 0.0 0.0 0.0 0.059859242 0.010741647 0.01667234 0.0 0.04748727 0.05193128 0.0 0.0050286944 0.0 0.0 0.02869632 0.0 0.0 0.032161362 0.0 0.0 0.010121348 0.039013777 0.0 0.0 0.02506852 0.0 0.0 0.0 0.0 0.0 0.0 0.0 0.06893771 0.0 0.03182285 0.0 0.0 0.0 0.039572187 0.0 0.009065604 0.0 0.020572154 0.0 0.0 0.02080062 0.0 0.022977868 0.06897185 0.0
0.0 0.014576999 0.031833038 0.1546345 0.097534016 0.025657514 0.0 0.0 0.075231805 0.0 0.0 0.0 0.042560663 0.008393992 0.07870461 0.0 0.0 0.0 0.14267391 0.0 0.0 0.0 0.0 0.0 0.020092204 0.0 0.0 0.0 0.0 0.023985548 0.017176177 0.041320544 0.0 0.011160622 0.0 0.006823748 0.0 0.07997898 0.0 0.08689707 0.005462291 0.009275151 0.0 0.015730733 0.0 0.07043736 0.0 0.0 0.0 0.0 0.0 0.0 0.0 0.0 0.0 0.0
0.005684231 0.13589026 0.0 0.013696208 0.0 0.0 0.0 0.0 0.05515798 0.0 0.0 0.030160561 0.0 0.035777617 0.0 0.0 0.0 0.016492505 0.0 0.0 0.0 0.0 0.0 0.0 0.0 0.0 0.0 0.0 0.0 0.0 0.052528728 0.0 0.0 0.0 0.0 0.005982098 0.0 0.0 0.0 0.30450284 0.0 0.0 0.0 0.17365341 0.0 0.0 0.09364279 0.0 0.0 0.0 0.0 0.0 0.05609824 0.019123252 0.0 0.0
0.0 0.0 0.00071512006 0.2011903 0.086341135 0.0 0.0 0.0 0.15248318 0.0 0.023930294 0.0 0.0 0.037565082 0.03332447 0.014289577 0.05719217 0.0 0.0 0.0 0.06208663 0.0023083235 0.0 0.0 0.004291582 0.0 0.0 0.0 0.0 0.0 0.0 0.006098448 0.0 0.006823748 0.005982098 0.15038192 0.0 0.028499722 0.0 0.025778852 0.0 0.0 0.0 0.0 0.0 0.0 0.0037120576 0.0 0.0 0.044362653 0.0 0.0 0.009320182 0.0 0.0 0.0
0.024372188 0.02300887 0.0 0.0 0.02190727 0.0 0.0 0.03510397 0.0 0.0 0.0 0.0632559 0.0 0.059161276 0.0 0.0 0.0 0.0 0.0 0.01792059 0.0 0.0 0.0 0.0 0.0 0.013856623 0.059052054 0.0 0.1969415 0.0 0.046761192 0.0 0.0 0.0 0.0 0.0 0.011214184 0.0 0.0 0.17103738 0.0 0.0 0.0 0.07369697 0.15630957 0.0 0.0043940293 0.024525296 0.0 0.0 0.0 0.0 0.0 0.0 0.0 0.0
0.074792676 0.0 0.0 0.0 0.0 0.0 0.029797593 0.0 0.05847476 0.0 0.0 0.0 0.0 0.0 0.03425736 0.0 0.01892436 0.048251007 0.0 0.0 0.0 0.023655934 0.0 0.0 0.0 0.034959078 0.0 0.0 0.075321525 0.03820839 0.0 0.045906126 0.0 0.07997898 0.0 0.028499722 0.0 0.0 0.0148793375 0.0 0.03533928 0.0 0.0 0.0 0.0 0.039063405 0.14628594 0.0 0.0 0.0 0.0 0.0 0.0 0.04857848 0.0 0.1513801
0.0022971937 0.022434235 0.0 0.0 0.0 0.04372807 0.035357594 0.0 0.009012791 0.00671767 0.14715953 0.0 0.0 0.0 0.03124407 0.043390017 0.0 0.0120380055 0.0 0.071036465 0.020106303 0.0 0.011905309 0.0 0.0 0.0 0.16353841 0.049729507 0.0 0.0 0.15217347 0.0 0.06893771 0.0 0.0 0.0 0.0 0.014879338 0.0 0.0 0.0 0.0 0.0 0.0 0.0 0.0 0.0 0.0 0.07043952 0.0060496978 0.021411102 0.0 0.012328106 0.0093999915 0.07545708 0.0
0.0 0.0 0.01936351 0.0 0.0 0.0 0.0 0.04160369 0.0 0.049862385 0.007826887 0.013101738 0.026282437 0.0 0.0 0.0 0.0 0.0 0.090091266 0.0 0.0 0.0 0.0 0.0 0.0 0.0 0.0 0.0 0.0 0.044321395 0.0 0.0 0.0 0.08689707 0.30450287 0.02577885 0.17103738 0.0 0.0 0.0009579034 0.0 0.041689664 0.0 0.0 0.041992523 0.0 0.0 0.0 0.0 0.0 0.0 0.06773485 0.0 0.038221158 0.0044842632 0.034480006
0.0 0.0 0.059405077 0.05203295 0.034828972 0.0 0.0 0.023629103 0.0 0.043511733 0.021732882 0.0035193076 0.0 0.0 0.0 0.0 0.0 0.032396242 0.051093288 0.0 0.0 0.09548698 0.0 0.0 0.17240565 0.0 0.010241172 0.0 0.088705525 0.06557913 0.0 0.0043422296 0.03182285 0.005462291 0.0 0.0 0.0 0.035339277 0.0 0.0 0.0 0.0 0.0 0.0 0.0 0.016038103 0.0 0.005969234 0.0 0.15875748 0.0 0.0 0.0 0.0 0.0 0.0
0.0 0.0 0.0 0.07644337 0.008929144 0.053597722 0.0 0.0 0.0 0.0 0.0 0.0 0.13819559 0.0 0.027397579 0.0 0.0 0.0 0.04746803 0.0 0.10145696 0.00788325 0.0 0.0015646039 0.22474071 0.0 0.0 0.0 0.0 0.0 0.0 0.0 0.0 0.009275151 0.0 0.0 0.0 0.0 0.0 0.041689664 0.0 0.015122372 0.0 0.003694685 0.0 0.0 0.0 0.0 0.007510258 0.016835859 0.0 0.0 0.0033591238 0.0 0.0 0.009746218
0.0 0.0 0.0 0.01725968 0.054362833 0.06347384 0.0 0.0 0.0 0.0 0.0 0.0 0.0 0.0 0.03577346 0.13540043 0.0 0.0 0.037374344 0.07079845 0.0 0.0 0.112528615 0.018154608 0.0 0.025646972 0.03722919 0.005287254 0.0 0.0 0.03905618 0.0 0.0 0.0 0.0 0.0 0.0 0.0 0.0 0.0 0.0 0.0 0.0 0.0 0.0 0.042322926 0.0 0.06445664 0.04664848 0.0 0.110695265 0.0 0.0 0.0 0.09402123 0.0
0.021816792 0.0 0.0 0.0 0.0 0.0 0.05048165 0.059929058 0.0 0.24603246 0.0 0.0 0.0 0.006149575 0.0 0.0 0.0 0.0 0.0 0.0 0.0027526647 0.0 0.0 0.0 0.0 0.0 0.0 0.045039523 0.0 0.0 0.0 0.0 0.0 0.015730733 0.17365341 0.0 0.07369697 0.0 0.0 0.0 0.0 0.0036946847 0.0 0.0 0.15373798 0.0 0.0 0.000120601195 0.0 0.018538477 0.0 0.0 0.0 0.0034208926 0.0 0.0
0.0069035753 0.0 0.0 0.0 0.0 0.0 0.0 0.049899682 0.0 0.026932044 0.0 0.0 0.0 0.056882266 0.0 0.0 0.0 0.01243382 0.0 0.0 0.0 0.0 0.0 0.0046728696 0.0 0.0 0.05052496 0.010455242 0.12686472 0.0 0.03201355 0.0 0.039572187 0.0 0.0 0.0 0.15630959 0.0 0.0 0.041992523 0.0 0.0 0.0 0.15373798 0.15107659 0.0028375231 0.0 0.11011944 0.002293489 0.0 0.0039878325 0.0089720655 0.0 0.011032314 0.01716651 0.0067970697
0.0 0.0 0.014146517 0.0 0.0 0.044966154 0.037079044 0.0 0.0 0.0032178452 0.0786027 0.0 0.04059429 0.0 0.0 0.08729885 0.0 0.0 0.0 0.0 0.0 0.0 0.041567143 0.0 0.0 0.03702239 0.0 0.06977303 0.0 0.0 0.0 0.0 0.0 0.07043736 0.0 0.0 0.0 0.03906341 0.0 0.0 0.016038101 0.0 0.042322926 0.0 0.002837523 0.0 0.0 0.0 0.059073903 0.0 0.00954298 0.0 0.0 0.06539452 0.028611353 0.0
0.0 0.0 0.0 0.022011839 0.056550022 0.09590058 0.0 0.0 0.04601852 0.0 0.21027169 0.0 0.0 0.0 0.0 0.0040648053 0.0 0.0007626899 0.0 0.0 0.0 0.0 0.0 0.0 0.0 0.0 0.0 0.0 0.0 0.0 0.0 0.0 0.009065605 0.0 0.09364279 0.0037120576 0.004394029 0.14628594 0.0 0.0 0.0 0.0 0.0 0.0 0.0 0.0 0.15160044 0.0 7.690841e-05 0.0 0.0 0.0 0.0 0.0 0.031878687 0.0
0.12028539 0.0 0.0 0.0 0.0 0.0 0.0 0.016658459 0.0 0.0 0.013292663 0.0 0.10196378 0.0 0.0 0.0 0.0 0.0 0.0 0.0 0.0 0.0 0.0 0.05856795 0.0 0.060028452 0.0 0.071837425 0.0 0.0 0.040464807 0.0 0.0 0.0 0.0 0.0 0.024525296 0.0 0.0 0.0 0.0059692333 0.0 0.06445664 0.000120601195 0.11011943 0.0 0.0 0.03764638 0.0 0.0 0.013563849 0.026441671 0.0 0.10858738 0.042463053 0.031580556
0.0 0.0 0.0 0.0 0.0 0.07694977 0.032341797 0.0 0.0 0.0 0.03697826 0.0 0.0 0.0 0.0 0.08040112 0.037264723 0.0 0.0 0.0 0.068809725 0.06385828 0.05905468 0.027605763 0.0 0.0 0.011942859 0.04408792 0.0 0.0 0.026894307 0.0 0.020572152 0.0 0.0 0.0 0.0 0.0 0.07043951 0.0 0.0 0.0075102574 0.04664848 0.0 0.002293489 0.059073903 7.690841e-05 0.0 0.0 0.10035339 0.07660694 0.0 0.0 0.0739949 0.048972104 0.0
0.0 0.0 0.004178611 0.01574413 0.0 0.032174166 0.09248406 0.0 0.027753536 0.0 0.0 0.0 0.0 0.0012699015 0.0 0.0 0.009382485 0.0 0.010696869 0.049096365 0.07855769 0.0 0.0 0.0 0.012926841 0.0 0.055962704 0.0 0.0 0.0 0.09978723 0.0 0.0 0.0 0.0 0.044362653 0.0 0.0 0.0060496978 0.0 0.1587575 0.016835859 0.0 0.018538477 0.0 0.0 0.0 0.0 0.10035339 0.0028941014 0.046627734 0.0 0.0015911609 0.0 0.01888254 0.0
0.0 0.0 0.08109555 0.0 0.0 0.0 0.0 0.0048038675 0.09336097 0.0 0.0074334927 0.1486692 0.0 0.0 0.0 0.03308858 0.0 0.0 0.0 0.0 0.0 0.0 0.025924997 0.02985867 0.0 0.0 0.0 0.009422028 0.0 0.0 0.0 0.0 0.0 0.0 0.0 0.0 0.0 0.0 0.021411102 0.0 0.0 0.0 0.110695265 0.0 0.003987832 0.009542979 0.0 0.013563849 0.07660693 0.046627738 0.09251461 0.20002028 0.0 0.013468369 0.030006282 0.0
0.015345329 0.0 0.0081637 0.05320706 0.0 0.0 0.0 0.07310318 0.007827239 0.014288098 0.0 0.0 0.0 0.06469854 0.0 0.0 0.0 0.0 0.0 0.02856699 0.0 0.025158878 0.0 0.004101223 0.0 0.070831515 0.10131099 0.10077069 0.0 0.0011974627 0.109481044 0.0 0.020800618 0.0 0.0 0.0 0.0 0.0 0.0 0.06773485 0.0 0.0 0.0 0.0 0.0089720655 0.0 0.0 0.026441673 0.0 0.0 0.20002027 0.04895001 0.0 0.010604268 0.03003188 0.0
0.0 0.0 0.054776043 0.0 0.0 0.021596516 0.119716786 0.0 0.0 0.074851215 0.122272596 0.025800675 0.0 0.0 0.026764043 0.030136937 0.057171147 0.0031130759 0.0 0.0 0.049620993 0.0 0.00066090183 0.08068144 0.16415781 0.0 0.0 0.0 0.0 0.02873348 0.0 0.069767006 0.0 0.0 0.056098238 0.009320182 0.0 0.0 0.012328105 0.0 0.0 0.0033591238 0.0 0.0 0.0 0.0 0.0 0.0 0.0 0.0015911609 0.0 0.0 0.084195144 0.0 0.0 0.0
0.0 0.0 0.0 0.081999 0.04065026 0.038195554 0.0 0.001333477 0.0 0.027084617 0.0 0.0 0.01691655 0.0 0.008007359 0.033568814 0.0 0.04257103 0.008606518 0.0 0.053481128 0.0 0.11116035 0.0 0.01121477 0.085477084 0.015129179 0.0 0.0 0.0 0.0 0.0 0.022977866 0.0 0.01912325 0.0 0.0 0.04857848 0.0093999915 0.038221158 0.0 0.0 0.0 0.0034208926 0.011032314 0.06539453 0.0 0.10858738 0.0739949 0.0 0.013468369 0.010604268 0.0 0.0 0.06597404 0.0
0.0 0.0 0.054264203 0.0 0.0 0.0 0.0 0.0 0.056163143 0.0 0.0 0.20840317 0.10711949 0.024463011 0.0 0.0 0.0 0.011334965 0.0 0.0 0.0 0.0 0.0 0.0 0.0 0.0 0.09944721 0.08101179 0.0010762281 0.047551207 0.0 0.0 0.06897186 0.0 0.0 0.0 0.0 0.0 0.07545708 0.0044842632 0.0 0.0 0.09402122 0.0 0.01716651 0.028611355 0.031878687 0.042463053 0.0489721 0.018882541 0.030006284 0.03003188 0.0 0.065974034 0.0032534024 0.11495782
0.0 0.0 0.0 0.10015436 0.044528708 0.016852017 0.0 0.0 0.0 0.089880995 0.0 0.0 0.0 0.0 0.01141693 0.0 0.0 0.0 0.047263958 0.1380237 0.007867917 0.0 0.0 0.009900698 0.0 0.0 0.0 0.0 0.0 0.0 0.0 0.0 0.0 0.0 0.0 0.0 0.0 0.1513801 0.0 0.034480006 0.0 0.009746218 0.0 0.0 0.0067970697 0.0 0.0 0.031580556 0.0 0.0 0.0 0.0 0.0 0.0 0.11495782 0.0
