0.035265226 0.0 0.01566746 0.0 0.0 0.026723847 0.0 0.0 0.0 0.0 0.11506556 0.0 0.0 0.0 0.0 0.099988416 0.11196793 0.03433 0.0 0.00996715 0.08149802 0.0 0.0 0.07220846 0.0 0.0 0.0 0.0 0.0 0.0 0.0 0.0 0.0 0.0 0.0 0.0 0.03517002 0.07308443 0.0 0.0 0.0 0.0 0.0 0.06003244 0.0 0.0023302492 0.016599005 0.12782101 0.0 0.0 0.0 0.08424028 0.021981452 0.03690448 0.0 0.0
0.0 0.0 0.09347654 0.0 0.0 0.0 0.063720696 0.0 0.0 0.0 0.0 0.0 0.0 0.062010873 0.0 0.0 0.0 0.0 0.0 0.0 0.0 0.0 0.0 0.0 0.10346527 0.0040106443 0.0 0.0 0.12716076 0.1612936 0.0 0.042897213 0.0 0.050292477 0.11169645 0.0 0.0 0.0 0.0 0.0 0.03430492 0.09018978 0.0 0.0 0.0 0.0 0.011501279 0.0 0.0 0.0 0.0 0.0 0.0 0.016088963 0.0 0.0
0.01566746 0.09347654 0.100015596 0.0 0.0 0.0 0.0 0.06319547 0.00047998168 0.0 0.0 0.0 0.0 0.065063424 0.0 0.0 0.009984501 0.0 0.0 0.0 0.0 0.0 0.0 0.0 0.00345516 0.0 0.0 0.090060234 0.0 0.0071206936 0.0 0.0 0.02593581 0.0 0.06027766 0.0058055804 0.005436187 0.0 0.05281032 0.0 0.0 0.0 0.0 0.0 0.060161285 0.0 0.0 0.07087433 0.0 0.02132577 0.0 0.010935714 0.0 0.0 0.056041323 0.049763717
0.0 0.0 0.0 0.0 0.0 0.0 0.0923887 0.06712729 0.0 0.0 0.0 0.0 0.0056625586 0.03512587 0.0 0.0 0.039658364 0.0 0.0 0.0 0.0 0.04565145 0.0 0.0 0.03903402 0.08204492 0.0 0.0 0.30823395 0.017220382 0.0 0.0 0.0 0.0 0.04783516 0.0 0.030125018 0.0 0.0 0.08134638 0.0 0.12326934 0.0 0.0 0.008090661 0.0 0.0 0.0 0.0 0.123538114 0.0 0.0 0.0 0.017600818 0.0063839457 0.0
0.0 0.0 0.0 0.0 0.0 0.00965284 0.031914763 0.0 0.053295758 0.0 0.0 0.0 0.0 0.0021792026 0.0 0.0 0.0 0.0 0.0 0.017263051 0.0 0.0 0.060846865 0.0 0.074201986 0.0 0.0 0.0 0.0 0.0 0.0 0.12406204 0.085460044 0.0 0.0 0.0 0.0 0.0 0.026680391 0.0 0.034491103 0.0 0.03094153 0.0 0.0 0.15447587 0.017057896 0.0 0.13715492 0.0 0.031904634 0.0 0.0 0.0 0.0 0.0
0.026723847 0.0 0.0 0.0 0.009652839 0.0010023604 0.0 0.08362553 0.0 0.06982263 0.057410654 0.0 0.0 0.073817596 0.035721194 0.0 0.0 0.0 0.0 0.024257207 0.0 0.0 0.16753504 0.08859789 0.0 0.0 0.009291231 0.0 0.0 0.021313546 0.043741666 0.0 0.0 0.0 0.0 0.0 0.0 0.0 0.0 0.01914774 0.0 0.0 0.0 0.0 0.069229096 0.0 0.0 0.0 0.0 0.0 0.1591865 0.0 0.0 0.0 0.0 0.0
0.0 0.063720696 0.0 0.0923887 0.031914763 0.0 0.0 0.0 0.0 0.0 0.0 0.0 0.07052735 0.0 0.0 0.0 0.0 0.0 0.0371452 0.10748916 0.0 0.0 0.0 0.0 0.007115709 0.053938217 0.01897382 0.0 0.0 0.0 0.031475212 0.02030283 0.026591625 0.076490216 0.0 0.0 0.0 0.0 0.0 0.02990612 0.0 0.012895254 0.0 0.0 0.0 0.0 0.051032413 0.0 0.13356982 0.0 0.02388518 0.0 0.008062275 0.01722179 0.018945165 0.070964225
0.0 0.0 0.063195474 0.06712729 0.0 0.08362554 0.0 0.0 0.0 0.0 0.0 0.0 0.0 0.0 0.0 0.068544656 0.0 0.0012529994 0.0 0.0 0.10471413 0.2611458 0.0 0.0 0.0 0.0 0.0 0.0 0.0 0.0 0.08853769 0.0 0.026662959 0.02827746 0.0 0.0 0.047674183 0.0 0.0 0.0 0.0 0.0 0.1572371 0.0 0.0 0.0 0.037215278 0.0 0.05882901 0.083760224 0.0 0.0 0.09533658 0.006871795 0.0 0.0
0.0 0.0 0.00047998168 0.0 0.053295758 0.0 0.0 0.0 0.0 0.0 0.0 0.0 0.0 0.0 0.0 0.0 0.0 0.0 0.0 0.0 0.0 0.0 0.030882271 0.0 0.031412683 0.0 0.035107397 0.07236851 0.0 0.0 0.006282771 0.19066389 0.0 0.0 0.0 0.0 0.0 0.0 0.0 0.0 0.13608597 0.0 0.0 0.0 0.0 0.0 0.046707626 0.0 0.14297403 0.0 0.05598572 0.087616436 0.0 0.0 0.0 0.0
0.0 0.0 0.0 0.0 0.0 0.06982263 0.0 0.0 0.0 0.0 0.1542693 0.0 0.0 0.0 0.0 0.091699675 0.15572134 0.0 0.0 0.0 0.205625 0.0 0.0 0.027833873 0.0 0.015339198 0.03216757 0.0 0.0 0.0 0.0 0.0 0.0 0.0 0.0 0.0 0.0 0.0 0.0 0.026451088 0.0020226082 0.0 0.055504866 0.0 0.0 0.0 0.0 0.0015850894 0.0 0.0 0.0 0.0 0.15922493 0.0 0.0 0.0
0.11506557 0.0 0.0 0.0 0.0 0.05741065 0.0 0.0 0.0 0.1542693 0.03719957 0.0 0.0 0.0436412 0.0 0.039199013 0.0 0.0 0.0 0.0 0.0 0.0 0.06629896 0.026489342 0.0 0.10821717 0.05509944 0.0 0.027168497 0.0 0.0 0.0 0.0 0.024122695 0.028357916 0.0 0.007554373 0.0 0.009584594 0.027629772 0.09271109 0.0 0.0 0.0 0.0 0.0 0.0 0.0 0.0 0.0 0.012816502 0.09185871 0.0 0.0036344307 0.0 0.0
0.0 0.0 0.0 0.0 0.0 0.0 0.0 0.0 0.0 0.0 0.0 0.021349596 0.0 0.0 0.0 0.0 0.0 0.0 0.0 0.04118447 0.0 0.0 0.059640124 0.10280852 0.0 0.0 0.0842415 0.08705077 0.0 0.003991518 0.0 0.0 0.061279636 0.0 0.012480216 0.0 0.009419724 0.0 0.13582394 0.0 0.0 0.0 0.0023101587 0.0036869624 0.007055454 0.004561201 0.0 0.0 0.0 0.0121581815 0.15537344 0.0 0.0 0.0 0.07897134 0.023367984
0.0 0.0 0.0 0.0056625586 0.0 0.0 0.07052735 0.0 0.0 0.0 0.0 0.0 0.096351825 0.0 0.0 0.0 5.5080716e-33 0.0 0.0 0.016718699 0.0 0.0 0.015026045 0.021901127 0.09947545 0.074766085 0.0714179 0.10929522 0.0 0.0 0.037306488 0.0 0.0 0.0 0.0 0.0 0.0 0.0051334207 0.0 0.10456718 0.0 0.026342986 0.0 0.0 0.0 0.03988596 0.0 0.0074917558 0.0 0.0 0.09295604 0.0 0.0 0.0572346 0.0 0.06469896
0.0 0.062010877 0.065063424 0.035125867 0.0021792026 0.073817596 0.0 0.0 0.0 0.0 0.0436412 0.0 0.0 0.0 0.055584267 0.0 0.0 0.012931296 0.032003153 0.0 0.0 0.0 0.019610088 0.0 0.0 0.0 0.0 0.04434674 0.0 0.0 0.0 0.0 0.0 0.0 0.0 0.0 0.0 0.23237012 0.0 0.0 0.0 0.013303618 0.0 0.0 0.0 0.0 0.0 0.0 0.0 0.0 0.022096025 0.0 0.0 0.16365811 0.0 0.0
0.0 0.0 0.0 0.0 0.0 0.035721194 0.0 0.0 0.0 0.0 0.0 0.0 0.0 0.055584267 0.0 0.0 0.0 0.035204872 0.0 0.06564922 0.0 0.0 0.032966834 0.0 0.0 0.0 0.12368738 0.0 0.0 0.0 0.04744926 0.0 0.07083201 0.0 0.015804986 0.0 0.08323846 0.0 0.0 0.0 0.0 0.0 0.0 0.0 0.0011355623 0.0 0.0 0.007466319 0.0 0.01270488 0.17061527 0.0 0.0 0.0 0.071029216 0.0
0.09998842 0.0 0.0 0.0 0.0 0.0 0.0 0.06854466 0.0 0.091699675 0.039199013 0.0 0.0 0.0 0.0 0.0 0.0 0.048284624 0.0 0.0 0.0 0.0 0.011622338 0.042776667 0.005896356 0.0 0.0 0.0 0.0 0.01582022 0.0 0.0 0.0 0.0 0.061127756 0.0037082268 0.0 0.029711653 0.009227169 0.0 0.0 0.0 0.0 0.0 0.22915795 0.06466884 0.0 0.0 0.033168014 0.0 0.043887142 0.02922576 0.0 0.0 0.0 0.0
0.11196793 0.0 0.0099845 0.039658364 0.0 0.0 0.0 0.0 0.0 0.15572134 0.0 0.0 5.5080716e-33 0.0 0.0 0.0 0.0 0.0 0.0 0.021636654 0.0042166347 0.0 0.0 0.0039837556 0.0 0.015603992 0.0 0.04240903 0.0 0.0 0.0 0.0 0.0 0.0 0.10734498 0.0 0.23978047 0.0 0.0 0.0 0.005229737 0.0 0.0 0.0 0.13500437 0.0 0.0 0.046765946 0.0 0.0 0.02554483 0.0 0.0 0.0 0.03294682 0.0
0.034330003 0.0 0.0 0.0 0.0 0.0 0.0 0.0012529994 0.0 0.0 0.0 0.0 0.0 0.012931295 0.035204872 0.048284624 0.0 0.0 0.0 0.0 0.016756028 0.03593767 0.061565697 0.04115281 0.0 0.13812122 0.0 0.06675115 0.02451076 0.0 0.04854042 0.0 0.0 0.044743244 0.0362898 0.0 0.0 0.0 0.0 0.0077591455 0.039214086 0.0 0.15156764 0.0027568683 0.0 0.0 0.0 0.0 0.0 0.0 0.0 0.0 0.0 0.0 0.121467516 0.0
0.0 0.0 0.0 0.0 0.0 0.0 0.0371452 0.0 0.0 0.0 0.0 0.0 0.0 0.032003153 0.0 0.0 0.0 0.0 0.0 0.0 0.0 0.0 0.0 0.0 0.07503141 0.003601247 0.0 0.0 0.25560924 0.08333821 0.0 0.0 0.0 0.0 0.1174533 0.20423387 0.0 0.0 0.0 0.0 0.010062983 0.023866005 0.0 0.0 0.0 0.0 0.03292945 0.0 0.0 0.0 0.0 0.0 0.0 0.0 0.0 0.084934875
0.009967151 0.0 0.0 0.0 0.017263051 0.024257205 0.10748917 0.0 0.0 0.0 0.0 0.04118447 0.016718699 0.0 0.06564922 0.0 0.021636654 0.0 0.0 0.13370115 0.0 0.015008631 0.017233154 0.0 0.0 0.0 0.0 0.0 0.0 0.06312783 0.061023623 0.0 0.0053018504 0.09922326 0.0 0.0 0.004645051 0.0 0.07413533 0.021008637 0.0 0.031011345 0.021181375 0.08353716 0.0 0.0 0.0 0.0 0.08750693 0.029232176 0.0 0.0 0.0 0.0 0.0 0.0
0.08149802 0.0 0.0 0.0 0.0 0.0 0.0 0.10471413 0.0 0.20562501 0.0 0.0 0.0 0.0 0.0 0.0 0.004216634 0.016756026 0.0 0.0 0.0 0.0 0.01760836 0.011337434 0.0 0.02791578 0.0 0.0 0.0 0.0 0.0 0.0 0.0 0.0 0.078502744 0.0 0.06077216 0.0092026 0.039927915 0.0 0.022798173 0.0 0.0 0.0 0.19907796 0.022994995 0.0 0.06653246 0.0 0.0 0.018527694 0.042300183 0.0 0.0034719491 0.0528923 0.0
0.0 0.0 0.0 0.045651447 0.0 0.0 0.0 0.2611458 0.0 0.0 0.0 0.0 0.0 0.0 0.0 0.0 0.0 0.03593767 0.0 0.015008631 0.0 0.0 0.0 0.0 0.011973446 0.0 0.0 0.0 0.0 0.12015843 0.0 0.0 0.0 0.0 0.0 0.0 0.033474308 0.0 0.0 0.0 0.0 0.14300743 0.0 0.011242781 0.044517826 0.0 0.0 0.0 0.04992513 0.0 0.0 0.0 0.02463844 0.0 0.0 0.0
0.0 0.0 0.0 0.0 0.060846865 0.16753505 0.0 0.0 0.03088227 0.0 0.06629896 0.059640124 0.015026044 0.019610086 0.03296683 0.011622337 0.0 0.061565697 0.0 0.017233154 0.01760836 0.0 0.1924086 0.0 0.0 0.0 0.057617426 0.0 0.0 0.01929243 0.041086104 0.0 0.0 0.0 0.0 0.0 0.0 0.10687379 0.0 0.0 0.0 0.0 0.049851373 0.018188376 0.0 0.0 0.0 0.0 0.0 0.0 0.040525384 0.011570214 0.0 0.0 0.086632766 0.0
0.07220846 0.0 0.0 0.0 0.0 0.08859789 0.0 0.0 0.0 0.027833873 0.02648934 0.10280852 0.021901127 0.0 0.0 0.042776667 0.0039837556 0.04115281 0.0 0.0 0.011337434 0.0 0.0 0.0 0.0 0.0 0.0 0.0 0.0 0.0 0.0 0.0 0.062446084 0.0 0.0 0.0 0.008135267 0.0 0.0 0.0 0.027128844 0.0 0.016937627 0.20711201 0.013039 0.022220595 0.012072538 0.0 0.069944784 0.0 0.028709909 0.0 0.0 0.0 0.0 0.0
0.0 0.10346527 0.00345516 0.03903402 0.074201986 0.0 0.007115709 0.0 0.031412683 0.0 0.0 0.0 0.09947545 0.0 0.0 0.005896356 0.0 0.0 0.07503141 0.0 0.0 0.011973446 0.0 0.0 0.0 0.0 0.123322815 0.109341934 0.0 0.05867567 0.0 0.0 0.09786178 0.0 0.0 0.0 0.0 0.0 0.023670543 0.012198041 0.0 0.0 0.0 0.0 0.0 0.0 0.116380095 0.0 0.013608291 0.0 0.0 0.0 0.0 0.0 0.0 0.0
0.0 0.0040106443 0.0 0.08204492 0.0 0.0 0.053938217 0.0 0.0 0.015339197 0.108217165 0.0 0.074766085 0.0 0.0 0.0 0.015603992 0.1381212 0.003601247 0.0 0.027915778 0.0 0.0 0.0 0.0 0.01511116 0.0 0.0 0.0 0.0 0.010613505 0.0 0.0 0.039816856 0.0 0.0 0.0 0.094866455 0.0 0.04855909 0.04118739 0.0 0.016754571 0.0 0.0 0.0 0.0043845004 0.0 0.0 0.0 0.0 0.0 0.0 0.08179913 0.0 0.0
0.0 0.0 0.0 0.0 0.0 0.00929123 0.01897382 0.0 0.035107397 0.032167573 0.05509944 0.084241495 0.0714179 0.0 0.12368739 0.0 0.0 0.0 0.0 0.0 0.0 0.0 0.057617422 0.0 0.12332282 0.0 0.0 0.0 0.0 0.0 0.15361434 0.0 0.0 0.0 0.0 0.0 0.0 0.04941909 0.012107894 0.027337663 0.02125685 0.0 0.10114663 0.022503821 0.0 0.009959178 0.0 0.0 0.0 0.0 0.0 0.0 0.0 0.03250681 0.01051983 0.0
0.0 0.0 0.09006024 0.0 0.0 0.0 0.0 0.0 0.07236851 0.0 0.0 0.08705078 0.10929522 0.04434674 0.0 0.0 0.04240903 0.06675115 0.0 0.0 0.0 0.0 0.0 0.0 0.109341934 0.0 0.0 0.0 0.020977521 0.036423415 0.0 0.0 0.0 0.011744104 0.0 0.13926236 0.0 0.07340478 0.0 0.0 0.045154233 0.068633854 0.0 0.07243939 0.0 0.0 0.0 0.0 0.0 0.0 0.0 0.0 0.0005133408 0.022704868 0.0 0.0
0.0 0.12716076 0.0 0.30823395 0.0 0.0 0.0 0.0 0.0 0.0 0.027168497 0.0 0.0 0.0 0.0 0.0 0.0 0.024510762 0.25560924 0.0 0.0 0.0 0.0 0.0 0.0 0.0 0.0 0.020977521 0.0 0.0 0.0 0.0 0.12140456 0.0 0.0 0.0 0.009198954 0.0 0.0 0.0080542555 0.0 0.0 0.0 0.0 0.0 0.0 0.0 0.0010173596 0.0 0.0 0.0 0.0 0.03794781 0.0 0.0 0.0
0.0 0.16129358 0.007120693 0.017220382 0.0 0.021313544 0.0 0.0 0.0 0.0 0.0 0.0039915186 0.0 0.0 0.0 0.01582022 0.0 0.0 0.0833382 0.06312782 0.0 0.12015843 0.019292431 0.0 0.05867567 0.0 0.0 0.036423415 0.0 0.0 0.052639723 0.0 0.1135309 0.0 0.0 0.0 0.008650532 0.0 0.032903224 0.0 0.0 0.0 0.0 0.0 0.0 0.0 0.0 0.0 0.08408366 0.0 0.0 0.0 0.1136099 0.0 0.0 0.0
0.0 0.0 0.0 0.0 0.0 0.043741662 0.031475212 0.08853769 0.006282771 0.0 0.0 0.0 0.037306488 0.0 0.04744926 0.0 0.0 0.04854042 0.0 0.06102362 0.0 0.0 0.041086107 0.0 0.0 0.010613505 0.15361434 0.0 0.0 0.052639723 0.0113001 0.0 0.0 0.0 0.0 0.0 0.0 0.0 0.0 0.13307647 0.0 0.0 0.0 0.0 0.0 0.0 0.0 0.00012195999 0.009204263 0.0 0.0 0.038567133 0.0 0.0 0.09740917 0.0
0.0 0.042897213 0.0 0.0 0.12406205 0.0 0.02030283 0.0 0.19066387 0.0 0.0 0.0 0.0 0.0 0.0 0.0 0.0 0.0 0.0 0.0 0.0 0.0 0.0 0.0 0.0 0.0 0.0 0.0 0.0 0.0 0.0 0.17194554 0.0 0.0 0.0158763 0.13979556 0.032578662 0.0 0.0 0.0 0.103036374 0.055993304 0.0 0.0 0.0 0.11410495 0.08908903 0.013005702 0.0 0.0 0.0 0.045388896 0.0 0.0 0.0 0.0
0.0 0.0 0.02593581 0.0 0.085460044 0.0 0.026591625 0.026662959 0.0 0.0 0.0 0.061279636 0.0 0.0 0.07083201 0.0 0.0 0.0 0.0 0.0053018504 0.0 0.0 0.0 0.06244608 0.09786178 0.0 0.0 0.0 0.12140456 0.1135309 0.0 0.0 0.0 0.0 0.041741956 0.09911064 0.0 0.08073473 0.045946985 0.0 0.0 0.0 0.0 0.0 0.0 0.093720786 0.017488763 0.0 0.0 0.0 0.0 0.0 0.03287948 0.0 0.0 0.0
0.0 0.050292477 0.0 0.0 0.0 0.0 0.076490216 0.02827746 0.0 0.0 0.024122696 0.0 0.0 0.0 0.0 0.0 0.0 0.044743244 0.0 0.09922326 0.0 0.0 0.0 0.0 0.0 0.039816856 0.0 0.011744104 0.0 0.0 0.0 0.0 0.0 0.07844476 0.0 0.0 0.0 0.0 0.0 0.03845343 0.0 0.0 0.0 0.0 0.0 0.0 0.045894396 0.093955435 0.0 0.0 0.035979357 0.0 0.0 0.15561168 0.0102658635 0.048929106
0.0 0.11169645 0.06027766 0.047835156 0.0 0.0 0.0 0.0 0.0 0.0 0.028357914 0.012480215 0.0 0.0 0.015804984 0.061127756 0.10734498 0.036289804 0.1174533 0.0 0.07850274 0.0 0.0 0.0 0.0 0.0 0.0 0.0 0.0 0.0 0.0 0.0158763 0.041741952 0.0 0.0 0.031229403 0.0 0.0 0.053790886 0.0 0.0 0.0 0.016762424 0.04924303 0.0 0.0 0.0 0.008927002 0.026125245 0.0 0.0 0.0 0.09013218 0.045905247 0.0 0.0
0.0 0.0 0.0058055804 0.0 0.0 0.0 0.0 0.0 0.0 0.0 0.0 0.0 0.0 0.0 0.0 0.0037082268 0.0 0.0 0.20423388 0.0 0.0 0.0 0.0 0.0 0.0 0.0 0.0 0.13926236 0.0 0.0 0.0 0.13979556 0.09911065 0.0 0.031229401 0.0 0.0 0.0019069907 0.0 0.059964746 0.0 0.028074589 0.046915255 0.0 0.0 0.0 0.030179953 0.0 0.033015925 0.0 0.0 0.010627601 0.0 0.0 0.008787435 0.0
0.03517002 0.0 0.005436187 0.030125018 0.0 0.0 0.0 0.047674187 0.0 0.0 0.007554373 0.009419724 0.0 0.0 0.08323847 0.0 0.23978046 0.0 0.0 0.004645051 0.06077216 0.033474308 0.0 0.0081352675 0.0 0.0 0.0 0.0 0.009198954 0.008650531 0.0 0.03257866 0.0 0.0 0.0 0.0 0.0 0.0 0.050794557 0.0 0.051842745 0.0 0.060243957 0.053521875 0.0 0.0 0.0 0.09388776 0.0 0.0 0.0 0.0 0.017102167 0.012172398 0.0 0.015722234
0.07308443 0.0 0.0 0.0 0.0 0.0 0.0 0.0 0.0 0.0 0.0 0.0 0.005133421 0.23237012 0.0 0.029711654 0.0 0.0 0.0 0.0 0.0092025995 0.0 0.106873795 0.0 0.0 0.09486646 0.04941909 0.07340478 0.0 0.0 0.0 0.0 0.08073474 0.0 0.0 0.0019069905 0.0 0.0 0.0 0.03869097 0.15826319 0.0 0.03646175 0.0 0.0 0.0 0.0 0.0 0.0 0.0 0.0 0.0 0.0 0.0 0.046863414 0.0
0.0 0.0 0.052810315 0.0 0.02668039 0.0 0.0 0.0 0.0 0.0 0.009584594 0.13582394 0.0 0.0 0.0 0.009227169 0.0 0.0 0.0 0.07413533 0.039927915 0.0 0.0 0.0 0.023670543 0.0 0.012107893 0.0 0.0 0.032903224 0.0 0.0 0.04594699 0.0 0.053790882 0.0 0.050794557 0.0 0.08971336 0.0 0.0 0.0 0.0 0.002645489 0.0854915 0.047559004 0.0 0.06029796 0.0 0.13285334 0.0016242295 0.0 0.0 0.0 0.029444443 0.015576895
0.0 0.0 0.0 0.081346385 0.0 0.01914774 0.02990612 0.0 0.0 0.026451088 0.027629774 0.0 0.104567185 0.0 0.0 0.0 0.0 0.0077591455 0.0 0.021008637 0.0 0.0 0.0 0.0 0.012198041 0.048559092 0.027337663 0.0 0.0080542555 0.0 0.13307647 0.0 0.0 0.03845343 0.0 0.059964746 0.0 0.03869097 0.0 0.23178817 0.012729354 0.028534796 0.0 0.0 0.0 0.0 0.0 0.0 0.010498052 0.0 0.0 0.0 0.0 0.050433144 0.039437477 0.0
0.0 0.03430492 0.0 0.0 0.034491103 0.0 0.0 0.0 0.13608596 0.0020226082 0.09271109 0.0 0.0 0.0 0.0 0.0 0.0052297367 0.039214086 0.010062983 0.0 0.022798171 0.0 0.0 0.027128842 0.0 0.04118739 0.021256851 0.045154233 0.0 0.0 0.0 0.103036374 0.0 0.0 0.0 0.0 0.051842745 0.15826318 0.0 0.012729354 0.027565362 0.026955692 0.019044962 0.0 0.0 0.0 0.09080825 0.0 0.0 0.0 0.0 0.038267694 0.0 0.052152544 0.0 0.0
0.0 0.090189785 0.0 0.12326935 0.0 0.0 0.012895254 0.0 0.0 0.0 0.0 0.0 0.026342986 0.013303618 0.0 0.0 0.0 0.0 0.023866005 0.031011345 0.0 0.14300743 0.0 0.0 0.0 0.0 0.0 0.06863385 0.0 0.0 0.0 0.055993304 0.0 0.0 0.0 0.028074589 0.0 0.0 0.0 0.028534796 0.02695569 0.0 0.04459353 0.0 0.0 0.0 0.060413335 0.0 0.0 0.0 0.0 0.0 0.0 0.0 0.0 0.09950067
0.0 0.0 0.0 0.0 0.03094153 0.0 0.0 0.1572371 0.0 0.055504866 0.0 0.0023101587 0.0 0.0 0.0 0.0 0.0 0.15156764 0.0 0.021181373 0.0 0.0 0.049851373 0.016937627 0.0 0.016754571 0.10114663 0.0 0.0 0.0 0.0 0.0 0.0 0.0 0.016762426 0.046915255 0.06024396 0.03646175 0.0 0.0 0.019044962 0.044593528 0.0 0.0 0.0 0.030122295 0.0 0.008979882 0.0 0.0 0.0 0.0 0.0 0.0 0.0 0.0
0.060032442 0.0 0.0 0.0 0.0 0.0 0.0 0.0 0.0 0.0 0.0 0.0036869624 0.0 0.0 0.0 0.0 0.0 0.002756868 0.0 0.08353716 0.0 0.011242781 0.018188374 0.207112 0.0 0.0 0.022503821 0.07243938 0.0 0.0 0.0 0.0 0.0 0.0 0.049243033 0.0 0.053521875 0.0 0.002645489 0.0 0.0 0.0 0.0 0.0 0.0 0.0 0.007817151 0.120575964 0.0 0.0 0.037381455 0.024854202 0.0 0.086951055 0.05499114 0.0
0.0 0.0 0.060161285 0.008090661 0.0 0.069229096 0.0 0.0 0.0 0.0 0.0 0.007055454 0.0 0.0 0.0011355623 0.22915794 0.13500436 0.0 0.0 0.0 0.19907796 0.044517826 0.0 0.013039 0.0 0.0 0.0 0.0 0.0 0.0 0.0 0.0 0.0 0.0 0.0 0.0 0.0 0.0 0.08549151 0.0 0.0 0.0 0.0 0.0 0.0 0.0 0.0 0.061502337 0.0 0.0 0.0 0.0 0.18134591 0.0 0.0 0.0
0.0023302492 0.0 0.0 0.0 0.15447587 0.0 0.0 0.0 0.0 0.0 0.0 0.004561201 0.03988596 0.0 0.0 0.06466884 0.0 0.0 0.0 0.0 0.022994997 0.0 0.0 0.022220595 0.0 0.0 0.009959178 0.0 0.0 0.0 0.0 0.11410494 0.093720786 0.0 0.0 0.0 0.0 0.0 0.047559004 0.0 0.0 0.0 0.030122295 0.0 0.0 0.17606528 0.0 0.0 0.0 0.0 0.020179639 0.0 0.0 0.0 0.0 0.0
0.016599005 0.011501279 0.0 0.0 0.017057894 0.0 0.051032413 0.037215278 0.04670763 0.0 0.0 0.0 0.0 0.0 0.0 0.0 0.0 0.0 0.032929454 0.0 0.0 0.0 0.0 0.012072538 0.116380095 0.004384501 0.0 0.0 0.0 0.0 0.0 0.08908903 0.017488763 0.0458944 0.0 0.030179953 0.0 0.0 0.0 0.0 0.09080824 0.060413335 0.0 0.007817151 0.0 0.0 0.20874447 0.030314077 0.0 0.0 0.0 0.0 0.0 0.007887841 0.0 0.05164418
0.127821 0.0 0.07087434 0.0 0.0 0.0 0.0 0.0 0.0 0.0015850895 0.0 0.0 0.007491756 0.0 0.007466319 0.0 0.046765946 0.0 0.0 0.0 0.06653246 0.0 0.0 0.0 0.0 0.0 0.0 0.0 0.0010173596 0.0 0.00012195998 0.013005702 0.0 0.093955435 0.008927002 0.0 0.09388776 0.0 0.060297962 0.0 0.0 0.0 0.008979882 0.120575964 0.061502337 0.0 0.030314079 0.0 0.0 0.112708025 0.0 0.018828992 0.029336264 0.018023781 0.0 0.0
0.0 0.0 0.0 0.0 0.13715492 0.0 0.13356982 0.05882901 0.14297403 0.0 0.0 0.0 0.0 0.0 0.0 0.033168014 0.0 0.0 0.0 0.087506935 0.0 0.049925134 0.0 0.069944784 0.013608291 0.0 0.0 0.0 0.0 0.08408367 0.009204263 0.0 0.0 0.0 0.026125245 0.033015925 0.0 0.0 0.0 0.010498052 0.0 0.0 0.0 0.0 0.0 0.0 0.0 0.0 0.0 0.0 0.0 0.070807725 0.0 0.0 0.0 0.0
0.0 0.0 0.021325773 0.123538114 0.0 0.0 0.0 0.083760224 0.0 0.0 0.0 0.012158182 0.0 0.0 0.012704881 0.0 0.0 0.0 0.0 0.029232174 0.0 0.0 0.0 0.0 0.0 0.0 0.0 0.0 0.0 0.0 0.0 0.0 0.0 0.0 0.0 0.0 0.0 0.0 0.13285334 0.0 0.0 0.0 0.0 0.0 0.0 0.0 0.0 0.112708025 0.0 0.0 0.0 0.0 0.20818096 0.016351348 0.015666936 0.0
0.0 0.0 0.0 0.0 0.031904634 0.1591865 0.02388518 0.0 0.05598572 0.0 0.012816502 0.15537345 0.092956044 0.022096025 0.17061527 0.04388714 0.02554483 0.0 0.0 0.0 0.018527694 0.0 0.04052538 0.028709907 0.0 0.0 0.0 0.0 0.0 0.0 0.0 0.0 0.0 0.035979357 0.0 0.0 0.0 0.0 0.0016242295 0.0 0.0 0.0 0.0 0.037381455 0.0 0.020179639 0.0 0.0 0.0 0.0 0.0 0.17144081 0.0 0.03878923 0.0 0.0
0.08424027 0.0 0.010935714 0.0 0.0 0.0 0.0 0.0 0.08761644 0.0 0.09185871 0.0 0.0 0.0 0.0 0.029225757 0.0 0.0 0.0 0.0 0.042300187 0.0 0.011570214 0.0 0.0 0.0 0.0 0.0 0.0 0.0 0.038567133 0.0453889 0.0 0.0 0.0 0.0106276 0.0 0.0 0.0 0.0 0.038267694 0.0 0.0 0.024854202 0.0 0.0 0.0 0.01882899 0.070807725 0.0 0.17144081 0.10807342 0.016234417 0.025338214 0.00079807517 0.0
0.02198145 0.0 0.0 0.0 0.0 0.0 0.008062274 0.095336586 0.0 0.15922493 0.0 0.0 0.0 0.0 0.0 0.0 0.0 0.0 0.0 0.0 0.0 0.02463844 0.0 0.0 0.0 0.0 0.0 0.0005133408 0.03794781 0.1136099 0.0 0.0 0.032879476 0.0 0.09013218 0.0 0.017102167 0.0 0.0 0.0 0.0 0.0 0.0 0.0 0.1813459 0.0 0.0 0.029336264 0.0 0.20818096 0.0 0.016234417 0.0 0.0 0.0 0.0
0.036904484 0.016088964 0.0 0.017600818 0.0 0.0 0.01722179 0.006871795 0.0 0.0 0.0036344307 0.0 0.057234604 0.16365811 0.0 0.0 0.0 0.0 0.0 0.0 0.0034719494 0.0 0.0 0.0 0.0 0.08179913 0.032506805 0.022704868 0.0 0.0 0.0 0.0 0.0 0.15561168 0.045905247 0.0 0.012172398 0.0 0.0 0.050433144 0.052152544 0.0 0.0 0.086951055 0.0 0.0 0.007887841 0.01802378 0.0 0.016351348 0.03878923 0.025338214 0.0 0.10126148 0.03867427 0.07132214
0.0 0.0 0.056041323 0.0063839457 0.0 0.0 0.018945165 0.0 0.0 0.0 0.0 0.07897134 0.0 0.0 0.071029216 0.0 0.032946818 0.12146752 0.0 0.0 0.0528923 0.0 0.086632766 0.0 0.0 0.0 0.01051983 0.0 0.0 0.0 0.09740917 0.0 0.0 0.010265864 0.0 0.0087874355 0.0 0.046863414 0.029444443 0.039437477 0.0 0.0 0.0 0.054991137 0.0 0.0 0.0 0.0 0.0 0.015666936 0.0 0.00079807517 0.0 0.03867427 0.15248728 0.0
0.0 0.0 0.049763717 0.0 0.0 0.0 0.070964225 0.0 0.0 0.0 0.0 0.023367986 0.064698964 0.0 0.0 0.0 0.0 0.0 0.08493488 0.0 0.0 0.0 0.0 0.0 0.0 0.0 0.0 0.0 0.0 0.0 0.0 0.0 0.0 0.048929103 0.0 0.0 0.015722234 0.0 0.015576894 0.0 0.0 0.09950067 0.0 0.0 0.0 0.0 0.051644184 0.0 0.0 0.0 0.0 0.0 0.0 0.07132214 0.0 0.39239413
