0.0 0.0 0.0 0.04265209 0.009212814 0.050330974 0.06668542 0.0 0.004019781 0.0990176 0.0 0.0 0.0 0.0 0.034437384 0.0 0.0 0.06159279 0.00044701048 0.118451096 0.045725204 0.045552704 0.06338197 0.0 0.0 0.0 0.0 0.0 0.0 0.0 0.0 0.027581498 0.0 0.0113942055 0.0 0.0 0.022403002 0.013665096 0.0 0.008525132 0.0 0.0 0.25317022 0.0 0.0 0.043185554 0.0 0.19605796 0.0 0.04508038 0.0396567 0.0 0.0 0.0 0.0 0.024774376
0.0 0.0 0.0 0.0 0.0 0.0 0.0 0.0 0.08173254 0.0 0.003983246 0.1103296 0.074483484 0.0077199205 0.0 0.0 0.0 0.1407547 0.0 0.018223044 0.021131312 0.0 0.012013014 0.0014952726 0.0 0.06552037 0.20433062 0.0 0.0 0.0 0.028773515 0.014178081 0.0 0.0 0.0 0.0 0.0 0.005081395 0.0 0.0 0.0 0.0 0.0 0.0 0.0 0.0 0.0 0.0 0.033114232 0.0 0.010273994 0.0 0.0 0.0 0.09226154 0.0
0.0 0.0 0.0 0.0 0.0 0.0 0.0 0.0 0.10228575 0.0 0.0 0.0020536697 0.02985385 0.0 0.0 0.102426074 0.059134033 0.0 0.0 0.0 0.0 0.0 0.0 0.0042395974 0.0 0.06837903 0.040124137 0.098346926 0.0 0.005838147 0.0 0.0 0.045927987 0.0 0.0 0.0 0.0 0.071682185 0.0 0.08189869 0.044673692 0.0 0.0 0.0 0.0 0.121137686 0.0 0.0 0.020836553 0.0 0.0 0.0 0.023387613 0.0 0.0 0.0
0.04265209 0.0 0.0 0.0 0.0 0.0 0.0 0.0 0.0 0.0 0.0 0.0 0.0 0.0035368737 0.0 0.0 0.034573425 0.0 0.0 0.0 0.0 0.0 0.0 0.0 0.009684038 0.0424237 0.03813949 0.005364267 0.015525893 0.0 0.0 0.0 0.0 0.0 0.2027429 0.0034870326 0.0 0.0 0.046977475 0.006906637 0.119443275 0.008654248 0.0 0.0 0.0 0.0 0.0 0.0 0.0 0.039664745 0.0 0.022036076 0.03707622 0.0013629294 0.10191864 0.19119146
0.009212814 0.0 0.0 0.0 0.052161217 0.012226286 0.0 0.0 0.07474694 0.0 0.0 0.0 0.0 0.0 0.011737615 0.0 0.16417629 0.07594062 0.0 0.0 0.0 0.0 0.0 0.0 0.046014138 0.0 0.0 0.0 0.0 0.039472405 0.0 0.038365867 0.0 0.0 0.0 0.012071202 0.0 0.12297987 0.0 0.022282245 0.0 0.07715243 0.0019731256 0.0 0.0 0.06925841 0.043160252 0.0 0.0 0.045953024 0.0 0.0 0.051360752 0.0006178504 0.0013007765 0.018174477
0.050330978 0.0 0.0 0.0 0.012226286 0.1217594 0.0 0.0 0.0 0.0 0.039242968 0.0 0.0 0.0 0.09473395 0.0 0.0 0.0 0.12287078 0.0 0.11309844 0.0 0.0 0.021971852 0.10159858 0.0 0.0 0.0 0.0 0.0 0.06262436 0.0 0.0 0.0 0.0 0.036675807 0.0 0.0 0.085308515 0.034305416 0.0 0.043236606 0.0 0.007143482 0.0 0.0 0.0 0.0 0.0 0.0 0.0 0.003391043 0.15600449 0.0 0.014882818 0.04453757
0.06668542 0.0 0.0 0.0 0.0 0.0 0.0 0.0 0.0 0.0 0.0 0.0059775384 0.0 0.0 0.0 0.0 0.030125275 0.0 0.0 0.0 0.0 0.0 0.0 0.0 0.0 0.2245997 0.0 0.0 0.0 0.0 0.0 0.0 0.0 0.0 0.0 0.00049015705 0.03196071 0.0 0.0 0.0 0.0 0.0 0.0 0.0 0.0 0.0050427434 0.0 0.0 0.0 0.0 0.0 0.18786809 0.01297865 0.0 0.056713503 0.07175567
0.0 0.0 0.0 0.0 0.0 0.0 0.0 0.0 0.0 0.002630503 0.008234222 0.0 0.0 0.015549106 0.0 0.0059885816 0.0 0.0 0.0 0.1719907 0.0 0.0106470715 0.19680779 0.05293829 0.0 0.0 0.0 0.0 0.0 0.0 0.0 0.0 0.0 0.0 0.024686052 0.0 0.002737408 0.021875849 0.0 0.01265134 0.0 0.0 0.0 0.0 0.117071025 0.0 0.0 0.0 0.0 0.0 0.32336167 0.0025900481 0.0 0.0 0.031816248 0.0
0.004019781 0.08173254 0.10228575 0.0 0.07474694 0.0 0.0 0.0 0.14989187 0.0 0.007934737 0.0 0.09944087 0.0 0.0 0.0 0.0 0.0 0.0 0.0 0.0 0.0 0.0 0.04664325 0.0071491837 0.0 0.0 0.0 0.0 0.027809681 0.0 0.0 0.0 0.017433586 0.0 0.02903548 0.0 0.07981044 0.0 0.0 0.15356068 0.03642849 0.0 0.004321726 0.0 0.0 0.0 0.0 0.0 0.0 0.0 0.026934043 0.0 0.0 0.0 0.0
0.0990176 0.0 0.0 0.0 0.0 0.0 0.0 0.0026305027 0.0 0.0 0.0 0.0 0.10187428 0.0 0.0 0.061610114 0.0 0.0023317812 0.0 0.058812756 0.15052766 0.024117308 0.010485272 0.0 0.0 0.06507401 0.11751047 0.01937459 0.0 0.0 0.0 0.0 0.0 0.0 0.0 0.0 0.16787374 0.0 0.0 0.0 0.0 0.0 0.021290882 0.0 0.013610428 0.0 0.0 0.086276166 0.0 0.0 0.03736513 0.0 0.0 0.0 0.048469964 0.0
0.0 0.003983246 0.0 0.0 0.0 0.039242968 0.0 0.008234222 0.007934737 0.0 0.0 0.0 0.0 0.0 0.013248987 0.0 0.012438062 0.13132375 0.0 0.0 0.20268804 0.0 0.0 0.0 0.0 0.0 0.0 0.0 0.0 0.0 0.0 0.14797424 0.0 0.023716575 0.110153414 0.13721679 0.0 0.0 0.0 0.0 0.0 0.0 0.0 0.0 0.0 0.0 0.0 0.0028166801 0.0 0.0 0.024944505 0.0 0.0 0.0 0.0 0.0
0.0 0.1103296 0.0020536697 0.0 0.0 0.0 0.005977539 0.0 0.0 0.0 0.0 0.0 0.0 0.0 0.0 0.14470336 0.2531375 0.0 0.0 0.0 0.0 0.0 0.0 0.0 0.0 0.0 0.0 0.012759699 0.0 0.0 0.0 0.0 0.0 0.0 0.0 0.0 0.0 0.0 0.015377673 0.08997299 0.0 0.027834432 0.019565873 0.0 0.0 0.0 0.0 0.0 0.020982178 0.0 0.0 0.0 0.0319784 0.15645787 0.0 0.0
0.0 0.07448348 0.02985385 0.0 0.0 0.0 0.0 0.0 0.09944087 0.10187427 0.0 0.0 0.061911512 0.11026843 0.0 0.010898246 0.0 0.0334587 0.00788383 0.029099591 0.0 0.0 0.0 0.02741674 0.0 0.0 0.035166543 0.10456234 0.0 0.0 0.048936687 0.0 0.0 0.0 0.0 0.0 0.0 0.0 0.0 0.058344916 0.0 0.0 0.0 0.015714636 0.0 0.0 0.0 0.0 0.01155829 0.063725054 0.0 0.042064216 0.0 0.0 0.07124941 0.016139511
0.0 0.0077199205 0.0 0.0035368737 0.0 0.0 0.0 0.0155491065 0.0 0.0 0.0 0.0 0.11026843 0.0 0.0 0.0 0.0 0.0 0.0 0.081301965 0.0 0.09755359 0.026410514 0.018123705 0.0 0.0 0.0 0.10197644 0.0 0.009873418 0.0 0.0 0.0 0.0 0.0 0.0 0.0 0.0 0.0 0.05342832 0.10997661 0.0 0.0 0.12516719 0.0 0.0 0.01814628 0.0 0.0 0.088010155 0.045829535 0.097239606 0.0 0.0 0.0 0.0
0.034437384 0.0 0.0 0.0 0.011737616 0.09473395 0.0 0.0 0.0 0.0 0.013248986 0.0 0.0 0.0 0.0 0.0 0.0 0.0 0.0 0.0 0.0 0.0 0.0 0.14218941 0.0 0.011440754 0.022250887 0.0 0.0 0.0 0.0 0.0 0.0998089 0.0 0.0 0.0 0.0 0.0 0.0 0.0 0.0 0.0012536313 0.0 0.0 0.022851372 0.03440422 0.0 0.0 0.0 0.07253055 0.0 0.123691864 0.0 0.07136053 0.03197162 0.013828916
0.0 0.0 0.10242607 0.0 0.0 0.0 0.0 0.0059885816 0.0 0.06161011 0.0 0.14470336 0.010898246 0.0 0.0 0.0 0.16401425 0.0 0.0 0.0 0.0 0.0 0.0 0.0 0.16989905 0.0 0.0 0.0 0.11930925 0.025073225 0.0 0.0 0.0 0.0 0.0 0.0 0.0 0.0 0.06548708 0.0 0.0 0.026864214 0.0 0.11142339 0.0038087594 0.0 0.0 0.0 0.0 0.025133295 0.0 0.0 0.07364324 0.0 0.0 0.0
0.0 0.0 0.059134036 0.03457343 0.16417627 0.0 0.030125275 0.0 0.0 0.0 0.012438062 0.25313747 0.0 0.0 0.0 0.16401425 0.0 0.0 0.115430765 0.0 0.0 0.0 0.0 0.0 0.016490297 0.0 0.0 0.0 0.0 0.0 0.030784804 0.0 0.0 0.0 0.0 0.0 0.0 0.014004855 0.013849987 0.0 0.0 0.0 0.0 0.0 0.0 0.014047517 0.0 0.0 0.025877759 0.0 0.0 0.0 0.030299028 0.0 0.0 0.0
0.06159279 0.1407547 0.0 0.0 0.07594062 0.0 0.0 0.0 0.0 0.0023317812 0.13132375 0.0 0.0334587 0.0 0.0 0.0 0.0 0.0 0.0 0.0 0.06650787 0.0 0.0 0.0 0.0 0.0 0.0 0.0 0.0 0.0 0.0 0.0 0.0 0.0 0.0 0.0 0.010092957 0.04223612 0.0 0.1257267 0.030223947 0.013175585 0.22953506 0.0 0.0 0.0 0.0 0.011138728 0.0 0.0 0.0 0.0 0.0 0.014555198 0.014063041 0.0
0.00044701048 0.0 0.0 0.0 0.0 0.12287077 0.0 0.0 0.0 0.0 0.0 0.0 0.00788383 0.0 0.0 0.0 0.11543076 0.0 0.0 0.0 0.0 0.024129113 0.0 0.0 0.0 0.087387964 0.12630169 0.0 0.0 0.048386943 0.0 0.0 0.123063676 0.0 0.0032362512 0.0 0.0 0.009986867 0.09230126 0.05901181 0.0 0.0 0.0 0.0 0.0 0.011094233 0.0 0.0 0.00902153 0.025660912 0.0 0.0 0.12700143 0.0 0.011969614 0.00025597712
0.118451096 0.018223044 0.0 0.0 0.0 0.0 0.0 0.17199068 0.0 0.058812756 0.0 0.0 0.029099591 0.08130196 0.0 0.0 0.0 0.0 0.0 0.0 0.0 0.0 0.0 0.10529621 0.0074716043 0.0 0.0 0.0 0.0 0.0 0.0 0.070861675 0.0 0.0 0.00979476 0.050444324 0.0 0.0 0.0 0.021802904 0.0 0.0 0.0 0.0 0.0 0.0016891923 0.0 0.023773316 0.0 0.0 0.0 0.04190802 0.0 0.018904889 0.010702241 0.0
0.045725204 0.02113131 0.0 0.0 0.0 0.11309845 0.0 0.0 0.0 0.15052766 0.20268804 0.0 0.0 0.0 0.0 0.0 0.0 0.06650787 0.0 0.0 0.027948147 0.0 0.0 0.0 0.0 0.0 0.054965567 0.0 0.016752763 0.0 0.0 0.0 0.09255071 0.0 0.050848294 0.0 0.0 0.0 0.0141981235 0.0 0.0 0.0 0.0 0.0 0.0 0.0 0.0 0.0 0.0 0.0 0.0 0.0 0.028281676 0.0 0.019307941 0.0
0.0455527 0.0 0.0 0.0 0.0 0.0 0.0 0.0106470715 0.0 0.02411731 0.0 0.0 0.0 0.097553596 0.0 0.0 0.0 0.0 0.024129113 0.0 0.0 0.0 0.0 0.100741856 0.0 0.11537866 0.016029088 0.07700762 0.022375554 0.0 0.0 0.0 0.0 0.0 0.08115559 0.0 0.03140517 0.0 0.0 0.0 0.034955002 0.0 0.0 0.0 0.0 0.03764484 0.0 0.0 0.03622338 0.0 0.0 0.03525087 0.0 0.04507361 0.07133642 0.0
0.06338198 0.012013015 0.0 0.0 0.0 0.0 0.0 0.1968078 0.0 0.010485273 0.0 0.0 0.0 0.026410514 0.0 0.0 0.0 0.0 0.0 0.0 0.0 0.0 0.0 0.0 0.0 0.0 0.0 0.0 0.1144341 0.0 0.0 0.0 0.0 0.12842087 0.09359957 0.061668344 0.01681474 0.0 0.0 0.0 0.010335064 0.055831395 0.0 0.06898938 0.07351046 0.0 0.0 0.0 0.0 0.035813447 0.013816925 0.012808271 0.0 0.0 0.0 0.09986601
0.0 0.0014952727 0.0042395974 0.0 0.0 0.021971852 0.0 0.05293829 0.04664325 0.0 0.0 0.0 0.027416741 0.018123707 0.14218941 0.0 0.0 0.0 0.0 0.10529621 0.0 0.10074185 0.0 0.0 0.0 0.0 0.0 0.0 0.0 0.016418293 0.008482274 0.07721529 0.0 0.048540547 0.0 0.069253795 0.0 0.0 0.0 0.0 0.04149256 0.1047098 0.0 0.0 0.0 0.0 0.25635383 0.0 0.0 0.026283957 0.003964281 0.0 0.0 0.0 0.014265903 0.0
0.0 0.0 0.0 0.009684038 0.046014138 0.10159858 0.0 0.0 0.007149184 0.0 0.0 0.0 0.0 0.0 0.0 0.16989905 0.016490297 0.0 0.0 0.007471604 0.0 0.0 0.0 0.0 0.0 0.0 0.0 0.0 0.0 0.0 0.15137929 0.0 0.0 0.0 0.0 0.004429633 0.0 0.033399712 0.09532936 0.051253196 0.0 0.0 0.0 0.0 0.0 0.0 0.0 0.0 0.2433697 0.0 0.002175654 0.0 0.01577575 0.034119617 0.0 0.0
0.0 0.06552036 0.06837904 0.042423695 0.0 0.0 0.2245997 0.0 0.0 0.06507401 0.0 0.0 0.0 0.0 0.011440754 0.0 0.0 0.0 0.087387964 0.0 0.0 0.115378655 0.0 0.0 0.0 0.0 0.0 0.0 0.11811979 0.031520065 0.0 0.0 0.0 0.045850422 0.03214181 0.13365951 0.0 0.0 0.0 0.0 0.0 0.070005134 0.0 0.029080482 0.0 0.0 0.018687885 0.0 0.0 0.013876077 0.0 0.0 0.0 0.0 0.0 0.017223522
0.0 0.20433064 0.040124137 0.03813949 0.0 0.0 0.0 0.0 0.0 0.11751046 0.0 0.0 0.035166543 0.0 0.022250887 0.0 0.0 0.0 0.12630169 0.0 0.054965567 0.016029088 0.0 0.0 0.0 0.0 0.0 0.0 0.17273447 0.0 0.0 0.0 0.0 0.089980125 0.01601804 0.0 0.0 0.0 0.0 0.0 0.0 0.026379408 0.049740415 0.0 0.006799553 0.0 0.01852172 0.0 0.0 0.0 0.0 0.0 0.0 0.0 0.0 0.05449548
0.0 0.0 0.098346926 0.005364267 0.0 0.0 0.0 0.0 0.0 0.019374589 0.0 0.0127596995 0.10456234 0.10197644 0.0 0.0 0.0 0.0 0.0 0.0 0.0 0.07700762 0.0 0.0 0.0 0.0 0.0 0.040733334 0.11746853 0.022457175 0.0 0.0 0.0 0.0326307 0.0 0.0 0.0 0.0 0.028560195 0.041727055 0.011610455 0.062159628 0.0033570665 0.15396808 0.0 0.0 0.027049236 0.0 0.0 0.022989294 0.0 0.0 0.014939042 0.014473865 0.0 0.11566774
0.0 0.0 0.0 0.015525893 0.0 0.0 0.0 0.0 0.0 0.0 0.0 0.0 0.0 0.0 0.0 0.11930924 0.0 0.0 0.0 0.0 0.016752763 0.022375554 0.1144341 0.0 0.0 0.11811979 0.17273445 0.117468536 0.0 0.0 0.11673416 0.0 0.0 0.0 0.0 0.0 0.0054448363 0.0 0.0 0.021950338 0.0 0.0 0.0 0.0 0.0 0.05702028 0.0 0.0 0.0 0.0 0.0 0.02224634 0.0 0.0 0.023263287 0.0
0.0 0.0 0.005838147 0.0 0.039472405 0.0 0.0 0.0 0.027809681 0.0 0.0 0.0 0.0 0.009873418 0.0 0.025073225 0.0 0.0 0.048386943 0.0 0.0 0.0 0.0 0.016418293 0.0 0.031520065 0.0 0.022457175 0.0 0.0 0.0 0.0 0.0 0.0 0.0 0.0 0.0 0.09872399 0.0 0.06993114 0.12842605 0.0 0.0 0.0 0.0 0.102651075 0.0 0.0 0.18740664 0.0 0.0 0.0 0.08165054 0.0 0.0 0.0
0.0 0.028773515 0.0 0.0 0.0 0.06262436 0.0 0.0 0.0 0.0 0.0 0.0 0.048936687 0.0 0.0 0.0 0.030784804 0.0 0.0 0.0 0.0 0.0 0.0 0.008482275 0.15137927 0.0 0.0 0.0 0.11673416 0.0 0.0 0.045693368 0.0 0.005005486 0.055754937 0.0 0.0 0.0 0.0 0.0 0.0 0.1777979 0.0 0.0 0.014547033 0.0 0.0 0.0 0.0 0.020625068 0.0 0.0 0.055045642 0.00019557874 0.010783534 0.04839076
0.027581498 0.0141780805 0.0 0.0 0.03836587 0.0 0.0 0.0 0.0 0.0 0.14797425 0.0 0.0 0.0 0.0 0.0 0.0 0.0 0.0 0.07086168 0.0 0.0 0.0 0.07721529 0.0 0.0 0.0 0.0 0.0 0.0 0.045693368 0.0 0.14964819 0.0 0.0 0.0 0.034599785 0.22542667 0.028589888 0.0 0.009811225 0.0 0.0 0.0 0.0 0.0 0.0 0.0012791514 0.0 0.0 0.0 0.0 0.0 0.007102926 0.0124805905 0.0
0.0 0.0 0.045927987 0.0 0.0 0.0 0.0 0.0 0.0 0.0 0.0 0.0 0.0 0.0 0.0998089 0.0 0.0 0.0 0.123063676 0.0 0.09255071 0.0 0.0 0.0 0.0 0.0 0.0 0.0 0.0 0.0 0.0 0.14964819 0.0 0.0 0.14424501 0.0 0.014391551 0.0 0.0 0.0 0.0 0.0 0.0 0.0 0.02140624 0.0 0.0 0.14467818 0.07179474 0.0 0.0 0.0 0.04525239 0.0 0.0 0.0
0.011394205 0.0 0.0 0.0 0.0 0.0 0.0 0.0 0.017433587 0.0 0.023716573 0.0 0.0 0.0 0.0 0.0 0.0 0.0 0.0 0.0 0.0 0.0 0.12842087 0.048540547 0.0 0.045850422 0.089980125 0.032630704 0.0 0.0 0.0050054854 0.0 0.0 0.0 0.0 0.015453678 0.009763552 0.08261729 0.0 0.045125898 0.0 0.0 0.0 0.0 0.0 0.0 0.0 0.013295722 0.0 0.0 0.12887311 0.16749837 0.0 0.0 0.12224787 0.0
0.0 0.0 0.0 0.20274292 0.0 0.0 0.0 0.02468605 0.0 0.0 0.11015341 0.0 0.0 0.0 0.0 0.0 0.0 0.0 0.0032362512 0.0097947605 0.050848298 0.08115559 0.09359957 0.0 0.0 0.032141812 0.01601804 0.0 0.0 0.0 0.055754937 0.0 0.14424501 0.0 0.0 0.0 0.014493138 0.020317648 0.0 0.0 0.0 0.0 0.0 0.00084748724 0.08010272 0.09654948 0.01501373 0.08704736 0.0 0.0 0.0 0.0 0.0 0.0 0.027666869 0.0
0.0 0.0 0.0 0.0034870326 0.012071202 0.036675807 0.00049015705 0.0 0.02903548 0.0 0.1372168 0.0 0.0 0.0 0.0 0.0 0.0 0.0 0.0 0.050444324 0.0 0.0 0.061668348 0.0692538 0.004429633 0.13365951 0.0 0.0 0.0 0.0 0.0 0.0 0.0 0.015453679 0.0 0.018395858 0.0 0.020326793 0.030281667 0.013160667 0.04097608 0.0 0.0 0.0 0.0 0.0 0.07682066 0.0 0.0 0.0 0.001832773 0.0 0.0 0.1455707 0.0 0.0
0.022403002 0.0 0.0 0.0 0.0 0.0 0.03196071 0.002737408 0.0 0.16787376 0.0 0.0 0.0 0.0 0.0 0.0 0.0 0.010092957 0.0 0.0 0.0 0.03140517 0.01681474 0.0 0.0 0.0 0.0 0.0 0.0054448363 0.0 0.0 0.03459979 0.014391551 0.009763553 0.014493138 0.0 0.05373184 0.0 0.0 0.0 0.0 0.0 0.0 0.0 0.24930654 0.0 0.055040967 0.01675177 0.0 0.05992501 0.0 0.0 0.0 0.0 0.0 0.10712432
0.013665097 0.005081395 0.071682185 0.0 0.12297987 0.0 0.0 0.021875847 0.07981043 0.0 0.0 0.0 0.0 0.0 0.0 0.0 0.014004855 0.04223612 0.009986867 0.0 0.0 0.0 0.0 0.0 0.03339971 0.0 0.0 0.0 0.0 0.09872399 0.0 0.22542667 0.0 0.08261729 0.020317648 0.020326791 0.0 0.0 0.0 0.015750816 0.0 0.094663665 0.0 0.0 0.0 0.0 0.034206197 0.0 0.0 0.0 0.0 0.0 0.00075073744 0.0 0.0 0.09600477
0.0 0.0 0.0 0.046977475 0.0 0.08530852 0.0 0.0 0.0 0.0 0.0 0.015377673 0.0 0.0 0.0 0.06548708 0.013849987 0.0 0.09230126 0.0 0.014198123 0.0 0.0 0.0 0.09532936 0.0 0.0 0.028560193 0.0 0.0 0.0 0.028589888 0.0 0.0 0.0 0.030281667 0.0 0.0 0.15526839 0.0 0.0 0.10679095 0.04834504 0.0 0.0 0.0 0.0 0.0 0.09161526 0.0 0.0 0.0 0.0072617675 0.0 0.0 0.0
0.008525132 0.0 0.08189869 0.006906637 0.022282245 0.034305416 0.0 0.012651341 0.0 0.0 0.0 0.089972995 0.058344916 0.053428315 0.0 0.0 0.0 0.12572671 0.059011813 0.021802904 0.0 0.0 0.0 0.0 0.0512532 0.0 0.0 0.041727055 0.021950336 0.06993114 0.0 0.0 0.0 0.045125898 0.0 0.013160667 0.0 0.015750816 0.0 0.0 0.024092099 0.0 0.0 0.042621866 0.025122525 0.0 0.0 0.0 0.0 0.0 0.0 0.0 0.045043018 0.024821483 0.0 0.0
0.0 0.0 0.044673692 0.119443275 0.0 0.0 0.0 0.0 0.15356068 0.0 0.0 0.0 0.0 0.109976605 0.0 0.0 0.0 0.030223945 0.0 0.0 0.0 0.034955002 0.010335064 0.04149256 0.0 0.0 0.0 0.011610455 0.0 0.12842605 0.0 0.009811225 0.0 0.0 0.0 0.04097608 0.0 0.0 0.0 0.024092099 0.16169181 0.044721413 0.0 0.097230956 0.0 0.0 0.0 0.0 0.0136578465 0.0 0.0034809657 0.027793314 0.041376397 0.0 0.0 0.0
0.0 0.0 0.0 0.008654248 0.07715243 0.043236606 0.0 0.0 0.03642849 0.0 0.0 0.02783443 0.0 0.0 0.0012536312 0.026864216 0.0 0.013175585 0.0 0.0 0.0 0.0 0.0558314 0.104709804 0.0 0.07000514 0.02637941 0.06215963 0.0 0.0 0.1777979 0.0 0.0 0.0 0.0 0.0 0.0 0.094663665 0.10679095 0.0 0.044721413 0.0 0.0 0.0 0.0 0.04303584 0.0 0.0 0.0 0.0108708 0.0 0.0 0.0 0.10238379 0.030964212 0.0
0.25317022 0.0 0.0 0.0 0.0019731254 0.0 0.0 0.0 0.0 0.021290883 0.0 0.019565873 0.0 0.0 0.0 0.0 0.0 0.22953507 0.0 0.0 0.0 0.0 0.0 0.0 0.0 0.0 0.04974042 0.0033570665 0.0 0.0 0.0 0.0 0.0 0.0 0.0 0.0 0.0 0.0 0.048345037 0.0 0.0 0.0 0.0 0.0 0.19083671 0.0 0.0 0.0 0.0 0.0 0.0 0.0 0.0 0.0 0.0101204235 0.0
0.0 0.0 0.0 0.0 0.0 0.007143482 0.0 0.0 0.0043217265 0.0 0.0 0.0 0.015714636 0.1251672 0.0 0.111423396 0.0 0.0 0.0 0.0 0.0 0.0 0.06898938 0.0 0.0 0.029080484 0.0 0.15396808 0.0 0.0 0.0 0.0 0.0 0.0 0.00084748724 0.0 0.0 0.0 0.0 0.04262187 0.09723095 0.0 0.0 0.0 0.0 0.0 0.0 0.0 0.0 0.0 0.0 0.03269805 0.0 0.18458019 0.0 0.0
0.0 0.0 0.0 0.0 0.0 0.0 0.0 0.117071025 0.0 0.013610428 0.0 0.0 0.0 0.0 0.022851372 0.0038087596 0.0 0.0 0.0 0.0 0.0 0.0 0.07351045 0.0 0.0 0.0 0.0067995535 0.0 0.0 0.0 0.014547033 0.0 0.021406243 0.0 0.08010272 0.0 0.24930656 0.0 0.0 0.025122525 0.0 0.0 0.19083671 0.0 0.0 0.0 0.0 0.23814309 0.0 0.0 0.07218121 0.0 0.0 0.036563005 0.057583474 0.0
0.04318556 0.0 0.121137686 0.0 0.06925841 0.0 0.0050427434 0.0 0.0 0.0 0.0 0.0 0.0 0.0 0.034404214 0.0 0.014047517 0.0 0.011094233 0.0016891923 0.0 0.037644837 0.0 0.0 0.0 0.0 0.0 0.0 0.057020277 0.102651075 0.0 0.0 0.0 0.0 0.09654948 0.0 0.0 0.0 0.0 0.0 0.0 0.043035835 0.0 0.0 0.0 0.08839319 0.0 0.0 0.017874489 0.022197263 0.0 0.0 0.03253501 0.0 0.0 0.0
0.0 0.0 0.0 0.0 0.043160252 0.0 0.0 0.0 0.0 0.0 0.0 0.0 0.0 0.01814628 0.0 0.0 0.0 0.0 0.0 0.0 0.0 0.0 0.0 0.25635383 0.0 0.018687885 0.018521719 0.027049236 0.0 0.0 0.0 0.0 0.0 0.0 0.01501373 0.07682066 0.055040967 0.034206197 0.0 0.0 0.0 0.0 0.0 0.0 0.0 0.0 0.0 0.0 0.0 0.0 0.0 0.24795292 0.0 0.009421883 0.0 0.0
0.19605795 0.0 0.0 0.0 0.0 0.0 0.0 0.0 0.0 0.086276166 0.0028166804 0.0 0.0 0.0 0.0 0.0 0.0 0.011138729 0.0 0.023773318 0.0 0.0 0.0 0.0 0.0 0.0 0.0 0.0 0.0 0.0 0.0 0.0012791514 0.14467819 0.013295722 0.08704736 0.0 0.01675177 0.0 0.0 0.0 0.0 0.0 0.0 0.0 0.2381431 0.0 0.0 0.0 0.0 0.0 0.0 0.0 0.0 0.0 0.0 0.014519149
0.0 0.033114232 0.020836553 0.0 0.0 0.0 0.0 0.0 0.0 0.0 0.0 0.020982178 0.01155829 0.0 0.0 0.0 0.025877757 0.0 0.00902153 0.0 0.0 0.03622338 0.0 0.0 0.2433697 0.0 0.0 0.0 0.0 0.18740664 0.0 0.0 0.07179474 0.0 0.0 0.0 0.0 0.0 0.09161526 0.0 0.0136578465 0.0 0.0 0.0 0.0 0.017874489 0.0 0.0 0.06471612 0.16974065 0.0 0.0 0.061457448 0.0 0.0 0.0
0.045080375 0.0 0.0 0.03966475 0.045953024 0.0 0.0 0.0 0.0 0.0 0.0 0.0 0.063725054 0.08801016 0.07253055 0.025133295 0.0 0.0 0.025660912 0.0 0.0 0.0 0.035813447 0.026283959 0.0 0.013876077 0.0 0.022989292 0.0 0.0 0.020625066 0.0 0.0 0.0 0.0 0.0 0.059925012 0.0 0.0 0.0 0.0 0.010870799 0.0 0.0 0.0 0.022197265 0.0 0.0 0.16974063 0.0 0.0 0.017824288 0.0 0.044165224 0.0 0.0
0.0396567 0.010273994 0.0 0.0 0.0 0.0 0.0 0.32336167 0.0 0.03736513 0.024944507 0.0 0.0 0.04582954 0.0 0.0 0.0 0.0 0.0 0.0 0.0 0.0 0.013816925 0.0039642807 0.002175654 0.0 0.0 0.0 0.0 0.0 0.0 0.0 0.0 0.12887311 0.0 0.001832773 0.0 0.0 0.0 0.0 0.003480966 0.0 0.0 0.0 0.07218121 0.0 0.0 0.0 0.0 0.0 0.21565484 0.0 0.0 0.0 0.0 0.0
0.0 0.0 0.0 0.022036077 0.0 0.003391043 0.18786809 0.0025900481 0.026934043 0.0 0.0 0.0 0.042064216 0.0972396 0.123691864 0.0 0.0 0.0 0.0 0.04190802 0.0 0.035250872 0.012808271 0.0 0.0 0.0 0.0 0.0 0.02224634 0.0 0.0 0.0 0.0 0.16749837 0.0 0.0 0.0 0.0 0.0 0.0 0.027793312 0.0 0.0 0.03269805 0.0 0.0 0.24795292 0.0 0.0 0.017824288 0.0 0.0 0.0 0.0 0.0 0.0149667775
0.0 0.0 0.02338761 0.037076224 0.051360756 0.15600449 0.01297865 0.0 0.0 0.0 0.0 0.0319784 0.0 0.0 0.0 0.07364324 0.030299028 0.0 0.12700143 0.0 0.028281676 0.0 0.0 0.0 0.015775751 0.0 0.0 0.014939043 0.0 0.08165054 0.055045646 0.0 0.04525239 0.0 0.0 0.0 0.0 0.00075073744 0.0072617675 0.045043018 0.041376397 0.0 0.0 0.0 0.0 0.032535005 0.0 0.0 0.061457448 0.0 0.0 0.0 0.0 0.049949124 0.0 0.0
0.0 0.0 0.0 0.0013629292 0.00061785046 0.0 0.0 0.0 0.0 0.0 0.0 0.15645787 0.0 0.0 0.07136053 0.0 0.0 0.014555197 0.0 0.018904889 0.0 0.04507361 0.0 0.0 0.034119617 0.0 0.0 0.014473865 0.0 0.0 0.00019557874 0.007102926 0.0 0.0 0.0 0.1455707 0.0 0.0 0.0 0.024821483 0.0 0.10238379 0.0 0.18458019 0.03656301 0.0 0.009421883 0.0 0.0 0.044165224 0.0 0.0 0.04994913 0.0 0.023377886 0.0
0.0 0.092261545 0.0 0.101918645 0.0013007765 0.014882818 0.056713503 0.03181625 0.0 0.048469964 0.0 0.0 0.07124941 0.0 0.03197162 0.0 0.0 0.01406304 0.011969614 0.010702241 0.019307941 0.07133641 0.0 0.014265903 0.0 0.0 0.0 0.0 0.023263287 0.0 0.010783534 0.0124805905 0.0 0.12224787 0.027666867 0.0 0.0 0.0 0.0 0.0 0.0 0.030964212 0.010120423 0.0 0.057583474 0.0 0.0 0.0 0.0 0.0 0.0 0.0 0.0 0.023377886 0.0075478572 0.040960222
0.024774376 0.0 0.0 0.19119146 0.018174479 0.04453757 0.07175566 0.0 0.0 0.0 0.0 0.0 0.016139511 0.0 0.013828916 0.0 0.0 0.0 0.00025597712 0.0 0.0 0.0 0.09986602 0.0 0.0 0.017223522 0.05449548 0.115667745 0.0 0.0 0.048390757 0.0 0.0 0.0 0.0 0.0 0.10712432 0.09600478 0.0 0.0 0.0 0.0 0.0 0.0 0.0 0.0 0.0 0.014519149 0.0 0.0 0.0 0.0149667775 0.0 0.0 0.040960222 0.0
