0.0 0.0 0.0 0.013577816 0.06239735 0.0 0.0 0.0 0.0 0.03738574 0.0 0.0 0.0 0.0 0.01369121 0.0 0.0 0.0 0.0 0.020676699 0.045856476 0.0 0.042357627 0.02413886 0.05277182 0.0 0.038253885 0.0 0.0 0.0 0.21912628 0.0 0.010664823 0.0 0.0 0.0 0.0 0.0 0.20098908 0.0 0.003676758 0.0 0.0 0.0 0.0 0.05343227 0.0 0.0 0.0 0.0 0.16987565 0.0 0.012349139 0.0 0.010153897 0.0
0.0 0.18659711 0.0 0.15086003 0.0 0.0 0.0 0.0 0.20848921 0.0 0.0 0.0 0.15064178 0.0 0.024359912 0.0 0.016292118 0.0 0.0 0.0 0.0 0.0 0.007612697 0.0 0.0 0.0 0.0 0.061261408 0.0 0.011684967 0.0 0.0 0.0 0.021551488 0.0 0.0 0.0 0.0 0.0 0.034239627 0.0 0.0 0.023617852 0.0 0.0 0.0 0.0 0.0 0.0 0.0 0.00018459649 0.0 0.0 0.0056287907 0.0 0.017373301
0.0 0.0 0.0 0.004054997 0.009163004 0.0 0.0 0.0 0.0 0.0 0.0 0.0 0.015001703 0.0075212605 0.0 0.0 0.0 0.017811822 0.0 0.0 0.0 0.0 0.014537031 0.0 0.0 0.01859564 0.0 0.0050028395 0.06114567 0.0 0.0 0.0 0.0 0.0 0.01254923 0.12864538 0.0 0.0 0.009849943 0.08908298 0.0 0.0 0.049880955 0.0 0.16297197 0.0 0.12796794 0.0 0.0 0.0 0.0 0.06999747 0.0 0.033531997 0.013492607 0.0
0.013577816 0.15086003 0.004054997 0.0 0.0 0.09761686 0.0 0.0 0.037025653 0.0 0.0 0.17023218 0.036817096 0.0 0.06066588 0.0 0.0 0.0 0.04648307 0.011869337 0.0 0.0 0.0 0.0 0.0 0.0 0.0 0.0 0.0 0.03047128 0.0 0.0 0.0 0.0 0.029435592 0.0 0.0 0.0 0.053518265 0.0 0.0 0.045568675 0.0 0.0 0.0 0.0 0.00795998 0.053526293 0.0 0.0 0.0 0.0 0.0083781695 0.08541935 0.0 0.019723842
0.06239735 0.0 0.009163004 0.0 0.0 0.0 0.039851155 0.0 0.0 0.0 0.0 0.0 0.0 0.0 0.0 0.05292364 0.0 0.0 0.0 0.0 0.0063325544 0.027768727 0.17807975 0.0 0.0 0.028933136 0.0 0.04236238 0.0 0.0 0.0 0.0 0.0105769895 0.0 0.06206934 0.0 0.007252883 0.031665213 0.016277649 0.00038556865 0.0 0.0 0.0 0.0 0.14235833 0.0 0.0 0.0 0.0 0.0 0.0 0.041258655 0.013319145 0.0 0.09897838 0.0
0.0 0.0 0.0 0.09761686 0.0 0.0 0.0 0.0 0.0 0.0 0.1547175 0.0 0.0 0.0 0.0 0.0 0.07345503 0.0 0.0 0.054994136 0.027965484 0.011069649 0.0 0.0 0.0 0.0 0.0 0.09590292 0.0 0.0 0.046492092 0.0 0.072257824 0.0 0.0 0.0 0.0 0.046806436 0.062159766 0.0 0.0 0.0 0.0 0.0 0.004347596 0.014584949 0.0 0.11981609 0.0 0.04326566 0.0 0.0 0.0 0.0030326508 0.07481415 0.0
0.0 0.0 0.0 0.0 0.039851155 0.0 0.0 0.05022172 0.0 0.0 0.0 0.0 0.0 0.0 0.0 0.104790665 0.0 0.037054785 0.0 0.0 0.0 0.0 0.0 0.0 0.0 0.0 0.0 0.009727533 0.0 0.0 0.020362627 0.0 0.0 0.0020943906 0.0 0.035879068 0.03363366 0.0 0.0 0.16956729 0.0 0.00030166766 0.068782136 0.0 0.041475017 0.018939486 0.0 0.013452372 0.0 0.02133121 0.029870803 0.0 0.0 0.025496751 0.014081374 0.0
0.0 0.0 0.0 0.0 0.0 0.0 0.050221715 0.18368822 0.0 0.024909537 0.0 0.0 0.0 0.0 0.0 0.0 0.0 0.0 0.0 0.0 0.0 0.02951439 0.0 0.09016058 0.0 0.022287158 0.068461016 0.0 0.0 0.0 0.0 0.0 0.0 0.062245846 0.014330809 0.0 0.019430496 0.0 0.0 0.03788174 0.011252716 0.0 0.015277044 0.0041283905 0.023158774 0.0034663368 0.0 0.0 0.0 0.1376868 0.06867912 0.08279285 0.0 0.0 0.07250222 0.0
0.0 0.2084892 0.0 0.037025653 0.0 0.0 0.0 0.0 0.043699022 0.0 0.0 0.028338004 0.0 0.023882357 0.05246337 0.18435322 0.0 0.0 0.0 0.0 0.0 0.0 0.0 0.0 0.0 0.05198762 0.01882726 0.0 0.0 0.0 0.0 0.03066131 0.0 0.0 0.0 0.0 0.0 0.0 0.0 0.18905129 0.021456074 0.0 0.0 0.0 0.0 0.0 0.0 0.066989474 0.022413945 0.0 0.0 0.0 0.0 0.0 0.04054981 0.0
0.03738574 0.0 0.0 0.0 0.0 0.0 0.0 0.024909535 0.0 0.12623936 0.04094974 0.0 0.0 0.0 0.09189145 0.0 0.0 0.0 0.0 0.0 0.0 0.0 0.065427765 0.15683499 0.0 0.0 0.0 0.0 0.0042467085 0.0 0.0 0.0 0.0 0.02088251 0.022586416 0.012050065 0.034226716 0.10562156 0.0 0.0 0.0 0.0 0.0 0.0 0.051795255 0.064384826 0.0 0.0 0.0 0.061150886 0.14743352 0.0 0.019719869 0.0 0.0 0.0
0.0 0.0 0.0 0.0 0.0 0.15471752 0.0 0.0 0.0 0.04094974 0.071954496 0.0 0.0 0.0 0.041250348 0.0 0.04288587 0.0 0.008732814 0.0 0.0 0.0 0.09634357 0.0 0.0 0.0 0.0 0.0077786446 0.0 0.0 0.0 0.023266438 0.0281648 0.0 0.0 0.0 0.0 0.027337594 0.00059560215 0.025924426 0.0 0.0 0.0 0.0 0.0046941494 0.02605065 0.0 0.0 0.0 0.047561396 0.10145726 0.0 0.0 0.0 0.1459105 0.0
0.0 0.0 0.0 0.17023218 0.0 0.0 0.0 0.0 0.028338004 0.0 0.0 0.0 0.055257626 0.0 0.0 0.14108677 0.0 0.0 0.0 0.0 0.0 0.0 0.0 0.0 0.0 0.048389945 0.0 0.10519082 0.0 0.0 0.0 0.0 0.0 0.0 0.0 0.05362827 0.0 0.0 0.0 0.055307172 0.0 0.0 0.15489481 0.0 0.0 0.0 0.02264657 0.0 0.0 0.0 0.0 0.07165176 0.0 0.018842857 0.025018608 0.0
0.0 0.15064178 0.015001703 0.0368171 0.0 0.0 0.0 0.0 0.0 0.0 0.0 0.055257626 0.19200996 0.0 0.0 0.012984008 0.0 0.0 0.0 0.0011047861 0.0 0.01417008 0.06604653 0.0 0.0 0.0 0.059312463 0.0 0.0 0.0 0.06906634 0.048228744 0.0 0.0 0.0 0.0 0.0 0.0 0.0042268625 0.0 0.026711537 0.044200066 0.06510331 0.006806183 0.0 0.0 0.0 0.0 0.051879454 0.0 0.0 0.0 0.016533824 0.04941193 0.0 0.0
0.0 0.0 0.0075212605 0.0 0.0 0.0 0.0 0.0 0.023882357 0.0 0.0 0.0 0.0 0.0 0.0 0.0 0.0 0.0 0.004009358 0.05449942 0.025543539 0.022693524 0.0 0.0 0.06956344 0.014893161 0.08468357 0.0 0.0 0.0 0.09540185 0.009242811 0.0 0.0 0.0 0.0 0.0 0.0 0.0 0.0 0.0 0.04635029 0.04195243 0.0 0.0 0.0 0.0 0.014776592 0.24065787 0.0 0.004339961 0.0 0.22245947 0.000941518 0.0 0.0
0.01369121 0.024359914 0.0 0.060665876 0.0 0.0 0.0 0.0 0.052463368 0.09189146 0.041250348 0.0 0.0 0.0 0.22469191 0.0 0.0 0.0 0.0 0.0 0.0 0.0 0.017329158 0.0 0.0 0.0 0.0 0.0 0.0 0.0 0.0033178565 0.0 0.039440833 0.034516264 0.0043658772 0.0 0.0 0.0 0.0 0.013763007 0.0 0.0 0.020742824 0.015166814 0.14249481 0.0 0.0 0.0 0.0 0.0 0.0 0.029300155 0.0 0.0 0.0 0.0
0.0 0.0 0.0 0.0 0.052923642 0.0 0.104790665 0.0 0.18435323 0.0 0.0 0.14108677 0.012984008 0.0 0.0 0.0 0.0 0.0 0.0 0.0 0.0 0.0 0.0 0.0 0.0 0.0 0.0 0.0 0.0 0.035200305 0.0 0.0 0.0 0.0529984 0.0 0.0 0.0 0.0 0.0 0.0 0.0058481246 0.13360432 0.0010596763 0.1292345 0.0 0.0 0.037755396 0.0 0.018830923 0.0 0.0 0.0 0.0 0.009685225 0.0 0.018706342
0.0 0.016292118 0.0 0.0 0.0 0.07345503 0.0 0.0 0.0 0.0 0.04288587 0.0 0.0 0.0 0.0 0.0 0.0 0.023302505 0.0 0.0 0.14919859 0.0 0.0 0.0 0.0 0.0 0.026826022 0.10255137 0.0 0.0 0.0 0.0 0.0028858453 0.0 0.018712493 0.0 0.0077712326 0.08485539 0.092038244 0.0020405434 0.0 0.0 0.04230255 0.0 0.18435635 0.010526764 0.0 0.0 0.0 0.0 0.0 0.0 0.0 0.0 0.0 0.0
0.0 0.0 0.017811822 0.0 0.0 0.0 0.03705478 0.0 0.0 0.0 0.0 0.0 0.0 0.0 0.0 0.0 0.023302505 0.021761823 0.0 0.0 0.0 0.0 0.0 0.0 0.0 0.0 0.0 0.0 0.06527942 0.0 0.0 0.05021112 0.0 0.0 0.18085277 0.030732721 0.0 0.0 0.0 0.0 0.043286394 1.7002035e-10 0.0 0.0 0.06919977 0.0 0.05934044 0.0 0.0 0.02398845 0.0 0.0 0.0 0.006335769 0.0 0.31073353
0.0 0.0 0.0 0.046483066 0.0 0.0 0.0 0.0 0.0 0.0 0.008732815 0.0 0.0 0.004009358 0.0 0.0 0.0 0.0 0.0 0.004294717 0.0 0.0 0.023588194 0.0 0.0 0.017378015 0.0 0.05373458 0.0 0.0 0.0 0.0 0.09779256 0.0 0.0 0.0 0.0 0.0 0.05302855 0.08006041 0.0128524415 0.0 0.0 0.05619467 0.002305801 0.0022171028 0.0 0.11036413 0.0 0.0 0.030271541 0.032233458 0.0 0.12404009 0.08119112 0.0
0.020676699 0.0 0.0 0.011869337 0.0 0.054994136 0.0 0.0 0.0 0.0 0.0 0.0 0.0011047861 0.054499425 0.0 0.0 0.0 0.0 0.0042947177 0.0 0.0 0.0 0.02683517 0.06231074 0.0 0.026607502 0.0 0.028922765 0.0 0.0 0.0 0.0 0.011403966 0.0 0.0064321836 0.009494671 0.0 0.05232696 0.0 0.0038462994 0.15026124 0.061210368 0.0 0.1302877 0.0 0.0 0.0 0.0 0.0 0.0 0.045830272 0.0013054418 0.0 0.07809986 0.03782162 0.0
0.045856472 0.0 0.0 0.0 0.0063325544 0.027965486 0.0 0.0 0.0 0.0 0.0 0.0 0.0 0.025543537 0.0 0.0 0.14919859 0.0 0.0 0.0 0.0 0.0 0.0 0.0 0.0 0.10812068 0.0 0.04963437 0.0 0.0 0.0 0.0 0.0 0.0 0.062164973 0.0 0.0 0.0 0.015825136 0.012590835 0.026109586 0.0 0.0 0.015285663 0.0 0.0 0.0 0.0 0.0 0.011235962 0.0 0.038029704 0.0 0.11153319 0.0 0.10134382
0.0 0.0 0.0 0.0 0.02776873 0.011069649 0.0 0.02951439 0.0 0.0 0.0 0.0 0.01417008 0.022693522 0.0 0.0 0.0 0.0 0.0 0.0 0.0 0.0 0.0 0.050903667 0.0 0.074728094 0.0 0.018170018 0.0 0.0 0.0 0.0 0.0 0.0 0.0 0.06315714 0.022749327 0.0 0.0 0.073890336 0.084479325 0.0 0.025309999 0.0 0.0 0.0 0.037027847 0.0 0.0 0.0 0.0 0.113012716 0.0 0.23271737 0.0 0.0
0.042357627 0.007612697 0.014537031 0.0 0.17807975 0.0 0.0 0.0 0.0 0.06542777 0.09634357 0.0 0.06604653 0.0 0.017329158 0.0 0.0 0.0 0.023588194 0.02683517 0.0 0.0 0.0 0.014166279 0.0 0.009285828 0.0 0.0 0.0 0.0 0.0 0.21636644 0.0 0.0024210815 0.034516677 0.0 0.00310216 0.11693418 0.0 0.0 0.0 0.1244868 0.0 0.0 0.0 0.17309064 0.03367693 0.0 0.0 0.0 0.0 0.0 0.0 0.0 0.0 0.0
0.02413886 0.0 0.0 0.0 0.0 0.0 0.0 0.09016058 0.0 0.15683499 0.0 0.0 0.0 0.0 0.0 0.0 0.0 0.0 0.0 0.062310737 0.0 0.05090367 0.014166279 0.09051633 0.0 0.0 0.03696312 0.0 0.0 0.0 0.0 0.0 0.0 0.08326804 0.13475391 0.0 0.02352918 0.012211849 0.0 0.00075031637 0.0 0.0 0.0 0.0 0.13579628 0.048921756 0.0 8.3743944e-05 0.0 0.0 0.038535837 0.0033719523 0.0 0.0 0.04545978 0.041639287
0.05277182 0.0 0.0 0.0 0.0 0.0 0.0 0.0 0.0 0.0 0.0 0.0 0.0 0.06956344 0.0 0.0 0.0 0.0 0.0 0.0 0.0 0.0 0.0 0.0 0.0 0.16719376 0.034513216 0.03849519 0.0 0.0 0.0 0.0 0.0 0.0 0.0628216 0.0 0.0 0.011594149 0.0 0.080309324 0.12203813 0.0 0.0 0.0 0.15293843 0.0 0.035492554 0.0 0.0 0.0 0.0001267838 0.07713609 0.0 0.0 0.014098349 0.0
0.0 0.0 0.018595641 0.0 0.028933138 0.0 0.0 0.02228716 0.05198762 0.0 0.0 0.048389945 0.0 0.014893161 0.0 0.0 0.0 0.0 0.017378015 0.026607502 0.10812068 0.0747281 0.009285828 0.0 0.16719377 0.0 0.0 0.0 0.0 0.0 0.0 0.110697344 0.0 0.0 0.0 0.0 0.0 0.0 0.0 0.0 0.011056211 0.12577665 0.0 0.015368156 0.0 0.001976815 0.0 0.0 0.10940701 0.017303545 0.0 0.0 0.015087821 0.024053935 0.0 0.0
0.03825388 0.0 0.0 0.0 0.0 0.0 0.0 0.068461016 0.018827261 0.0 0.0 0.0 0.059312463 0.08468357 0.0 0.0 0.026826024 0.0 0.0 0.0 0.0 0.0 0.0 0.03696312 0.034513216 0.0 0.052436605 0.0 0.04103774 0.0 0.0 0.022579955 0.0 0.001689296 0.04284621 0.0 0.012295386 0.0 0.0 0.0 0.1294572 0.09368609 0.0 0.19555043 0.0 0.0 0.0 0.0 0.0 0.08064215 0.0 0.0 0.0 0.012546526 0.0 0.0
0.0 0.06126141 0.0050028395 0.0 0.042362384 0.09590292 0.009727533 0.0 0.0 0.0 0.0077786446 0.10519082 0.0 0.0 0.0 0.0 0.10255136 0.0 0.05373458 0.028922765 0.049634375 0.018170018 0.0 0.0 0.03849519 0.0 0.0 0.0 0.0 0.0 0.057683844 0.07146906 0.03699435 0.04016467 0.0 0.0 0.08584341 0.0 0.0 0.0 0.0 0.13184598 0.0 0.062266644 0.0 0.0 0.030033145 0.0 0.09789395 0.060923226 0.0 0.0 0.016576806 0.0 0.0 0.0
0.0 0.0 0.06114567 0.0 0.0 0.0 0.0 0.0 0.0 0.0042467085 0.0 0.0 0.0 0.0 0.0 0.0 0.0 0.06527942 0.0 0.0 0.0 0.0 0.0 0.0 0.0 0.0 0.04103774 0.0 0.0 0.057754293 0.15456143 0.0 0.016100075 0.0 0.0 0.051490776 0.0 0.0 0.0 0.0 0.0 0.0 0.20913796 0.0 0.0 0.0 0.0 0.0 0.0 0.0 0.096963644 0.14193773 0.0 0.0 0.0060837977 0.0
0.0 0.011684968 0.0 0.030471278 0.0 0.0 0.0 0.0 0.0 0.0 0.0 0.0 0.0 0.0 0.0 0.03520031 0.0 0.0 0.0 0.0 0.0 0.0 0.0 0.0 0.0 0.0 0.0 0.0 0.057754293 0.052519973 0.0 0.0 0.0032842944 0.0 0.0 0.091785155 0.0 0.0 0.0 0.039312992 0.07535647 0.0 0.07873584 0.08314847 0.0 0.0 0.22971348 0.0 0.0 0.0 0.0 0.0067748576 0.005933468 0.0120469015 0.02653039 0.0
0.21912628 0.0 0.0 0.0 0.0 0.046492092 0.020362627 0.0 0.0 0.0 0.0 0.0 0.06906634 0.09540185 0.0033178565 0.0 0.0 0.0 0.0 0.0 0.0 0.0 0.0 0.0 0.0 0.0 0.0 0.057683844 0.15456143 0.0 0.0 0.0 0.0 0.0 0.029867267 0.03510018 0.0052933316 0.0 0.0 0.008796708 0.04731174 0.0 0.0 0.0 0.0 0.0 0.0 0.0 0.0 0.0 0.0 0.0 0.0 0.07984569 0.0 0.030816905
0.0 0.0 0.0 0.0 0.0 0.0 0.0 0.0 0.03066131 0.0 0.02326644 0.0 0.048228744 0.00924281 0.0 0.0 0.0 0.050211117 0.0 0.0 0.0 0.0 0.21636644 0.0 0.0 0.110697344 0.022579953 0.07146906 0.0 0.0 0.0 0.0 0.027757194 0.0 0.008848994 0.0 0.0 0.0 0.0 0.00490514 0.0 0.0 0.0 0.0 0.057477027 0.0 0.0 0.05127007 0.029938333 0.0 0.0 0.0 0.0 0.0 0.10215518 0.0
0.0106648225 0.0 0.0 0.0 0.0105769895 0.07225782 0.0 0.0 0.0 0.0 0.0281648 0.0 0.0 0.0 0.039440833 0.0 0.0028858453 0.0 0.09779256 0.011403966 0.0 0.0 0.0 0.0 0.0 0.0 0.0 0.03699435 0.016100075 0.0032842946 0.0 0.027757196 0.0 0.17867634 0.055683292 0.14440078 0.0 0.15499973 0.0 0.0 0.0 0.0 0.0 0.0 0.0 0.0 0.04011337 0.0 0.0 0.026673617 0.0 0.0016845549 0.0 0.0 0.03941636 0.0
0.0 0.021551488 0.0 0.0 0.0 0.0 0.0020943903 0.062245846 0.0 0.02088251 0.0 0.0 0.0 0.0 0.034516264 0.052998397 0.0 0.0 0.0 0.0 0.0 0.0 0.0024210815 0.08326804 0.0 0.0 0.001689296 0.04016467 0.0 0.0 0.0 0.0 0.17867635 0.0 0.0 0.025019763 0.0 0.0 0.0 0.0 0.0 0.0 0.0 0.0 0.0 0.0 0.0 0.020236656 0.0 0.03262917 0.0 0.13800916 0.0 0.0 0.017148238 0.0
0.0 0.0 0.01254923 0.029435594 0.062069338 0.0 0.0 0.014330809 0.0 0.022586416 0.0 0.0 0.0 0.0 0.0043658772 0.0 0.018712493 0.18085276 0.0 0.006432184 0.062164977 0.0 0.03451668 0.13475393 0.062821604 0.0 0.04284621 0.0 0.0 0.0 0.029867265 0.008848993 0.055683296 0.0 0.0 0.0 0.0 0.0 0.0 0.0 0.0 0.0 0.0 0.0 0.0 0.053427767 0.0 0.004633687 0.0 0.07932831 0.0771474 0.0 0.06767803 0.0 0.012617377 0.0
0.0 0.0 0.12864536 0.0 0.0 0.0 0.035879064 0.0 0.0 0.012050064 0.0 0.053628273 0.0 0.0 0.0 0.0 0.0 0.030732721 0.0 0.009494671 0.0 0.06315714 0.0 0.0 0.0 0.0 0.0 0.0 0.051490776 0.09178516 0.03510018 0.0 0.14440078 0.025019763 0.0 0.005814105 0.0 0.0 0.061090782 0.04829472 0.041071817 0.0 0.03660146 0.0 0.0051872646 0.00882547 0.0033480362 0.0 0.027956892 0.06775708 0.0 0.009876235 0.11720999 0.0 0.0 0.0
0.0 0.0 0.0 0.0 0.007252883 0.0 0.033633657 0.019430498 0.0 0.034226716 0.0 0.0 0.0 0.0 0.0 0.0 0.0077712326 0.0 0.0 0.0 0.0 0.022749329 0.0031021598 0.02352918 0.0 0.0 0.012295386 0.085843414 0.0 0.0 0.005293331 0.0 0.0 0.0 0.0 0.0 0.0 0.0 0.0 0.0 0.0 0.0 0.0 0.0 0.0 0.078098595 0.0 0.0 0.0 0.08470295 0.3006877 0.0 0.0 0.0 0.02298061 0.0
0.0 0.0 0.0 0.0 0.031665217 0.046806436 0.0 0.0 0.0 0.10562156 0.027337594 0.0 0.0 0.0 0.0 0.0 0.08485539 0.0 0.0 0.05232696 0.0 0.0 0.11693417 0.012211848 0.011594149 0.0 0.0 0.0 0.0 0.0 0.0 0.0 0.15499973 0.0 0.0 0.0 0.0 0.0 0.00077138754 0.0 0.0 0.0 0.0 0.0 0.03774464 0.0 0.0 0.018210173 0.0 0.0 0.06384744 0.0 0.0 0.0 0.0043001436 0.0
0.20098908 0.0 0.009849943 0.053518265 0.016277649 0.062159766 0.0 0.0 0.0 0.0 0.0005956022 0.0 0.004226863 0.0 0.0 0.0 0.09203824 0.0 0.05302855 0.0 0.015825134 0.0 0.0 0.0 0.0 0.0 0.0 0.0 0.0 0.0 0.0 0.0 0.0 0.0 0.0 0.061090786 0.0 0.00077138754 0.06408926 0.0 0.10080595 0.0 0.0 0.0 0.021494644 0.0 0.17162329 0.0 0.0 0.0 0.0 0.03384563 0.03695756 0.0 0.0 0.0
0.0 0.034239627 0.08908298 0.0 0.00038556865 0.0 0.16956729 0.037881743 0.18905129 0.0 0.025924426 0.055307172 0.0 0.0 0.013763008 0.0 0.0020405434 0.0 0.08006041 0.0038462994 0.012590835 0.073890336 0.0 0.00075031637 0.080309324 0.0 0.0 0.0 0.0 0.039312992 0.008796709 0.00490514 0.0 0.0 0.0 0.04829472 0.0 0.0 0.0 0.0 0.0 0.12864044 0.0 0.0 0.0 0.0 0.0 0.0 0.08099708 0.0 0.0 0.0 0.0 0.017341884 0.0 0.056324586
0.003676758 0.0 0.0 0.0 0.0 0.0 0.0 0.011252717 0.021456072 0.0 0.0 0.0 0.026711537 0.0 0.0 0.0058481246 0.0 0.043286398 0.0128524415 0.15026124 0.026109587 0.084479325 0.0 0.0 0.12203813 0.011056211 0.1294572 0.0 0.0 0.07535647 0.047311746 0.0 0.0 0.0 0.0 0.04107182 0.0 0.0 0.10080595 0.0 0.009385068 0.0 0.0 0.031418566 0.0 0.0 0.0 0.0 0.08172266 0.0 0.0 0.0 0.05039668 0.0 0.0 0.0
0.0 0.0 0.0 0.045568675 0.0 0.0 0.0003016677 0.0 0.0 0.0 0.0 0.0 0.044200066 0.046350293 0.0 0.13360432 0.0 1.7002035e-10 0.0 0.061210368 0.0 0.0 0.1244868 0.0 0.0 0.12577663 0.09368609 0.131846 0.0 0.0 0.0 0.0 0.0 0.0 0.0 0.0 0.0 0.0 0.0 0.12864044 0.0 0.0 0.0 0.0 0.0 0.0 0.0 0.06832893 0.0 0.0 0.0006811212 0.03251802 0.0 0.04460882 0.04447206 0.0
0.0 0.023617852 0.04988095 0.0 0.0 0.0 0.068782136 0.015277044 0.0 0.0 0.0 0.15489481 0.0651033 0.04195243 0.020742822 0.0010596763 0.04230255 0.0 0.0 0.0 0.0 0.02531 0.0 0.0 0.0 0.0 0.0 0.0 0.20913796 0.07873584 0.0 0.0 0.0 0.0 0.0 0.03660146 0.0 0.0 0.0 0.0 0.0 0.0 0.0674879 0.044406362 0.0 0.0 0.0 0.0 0.0 0.0 0.0 0.0 0.0 0.043888394 0.0 0.16280684
0.0 0.0 0.0 0.0 0.0 0.0 0.0 0.0041283905 0.0 0.0 0.0 0.0 0.006806183 0.0 0.015166814 0.1292345 0.0 0.0 0.05619467 0.1302877 0.015285664 0.0 0.0 0.0 0.0 0.015368156 0.19555044 0.062266644 0.0 0.083148465 0.0 0.0 0.0 0.0 0.0 0.0 0.0 0.0 0.0 0.0 0.031418562 0.0 0.04440636 0.0 0.0 0.0 0.0 0.0 0.0 0.0 0.0 0.011253562 0.0 0.0 0.019130167 0.0
0.0 0.0 0.16297199 0.0 0.14235832 0.0043475963 0.041475013 0.023158774 0.0 0.051795255 0.00469415 0.0 0.0 0.0 0.14249481 0.0 0.18435635 0.06919977 0.002305801 0.0 0.0 0.0 0.0 0.1357963 0.15293843 0.0 0.0 0.0 0.0 0.0 0.0 0.05747703 0.0 0.0 0.0 0.005187264 0.0 0.03774464 0.021494644 0.0 0.0 0.0 0.0 0.0 0.0 0.009309978 0.0 0.0 0.0 0.06110205 0.0 0.0 0.0 0.0 0.0 0.0
0.05343227 0.0 0.0 0.0 0.0 0.014584949 0.018939486 0.0034663368 0.0 0.06438482 0.02605065 0.0 0.0 0.0 0.0 0.0 0.010526764 0.0 0.0022171028 0.0 0.0 0.0 0.17309064 0.048921756 0.0 0.001976815 0.0 0.0 0.0 0.0 0.0 0.0 0.0 0.0 0.053427767 0.00882547 0.078098595 0.0 0.0 0.0 0.0 0.0 0.0 0.0 0.009309978 0.0 0.0 0.097934835 0.014178358 0.0 0.023099083 0.0 0.0 0.0 0.13950793 0.0
0.0 0.0 0.12796794 0.0079599805 0.0 0.0 0.0 0.0 0.0 0.0 0.0 0.02264657 0.0 0.0 0.0 0.037755396 0.0 0.059340436 0.0 0.0 0.0 0.037027847 0.03367693 0.0 0.03549255 0.0 0.0 0.030033143 0.0 0.22971348 0.0 0.0 0.040113367 0.0 0.0 0.0033480362 0.0 0.0 0.17162329 0.0 0.0 0.0 0.0 0.0 0.0 0.0 0.0 0.0 0.0 0.012404807 0.0 0.0 0.08884272 0.012949976 0.0 0.0
0.0 0.0 0.0 0.053526297 0.0 0.11981608 0.013452372 0.0 0.06698947 0.0 0.0 0.0 0.0 0.014776593 0.0 0.0 0.0 0.0 0.11036413 0.0 0.0 0.0 0.0 8.374395e-05 0.0 0.0 0.0 0.0 0.0 0.0 0.0 0.05127007 0.0 0.020236656 0.004633687 0.0 0.0 0.018210173 0.0 0.0 0.0 0.06832893 0.0 0.0 0.0 0.097934835 0.0 0.058213547 0.023076141 0.0 0.0 0.0 0.06709895 0.0 0.0 0.0
0.0 0.0 0.0 0.0 0.0 0.0 0.0 0.0 0.022413945 0.0 0.0 0.0 0.051879454 0.24065788 0.0 0.018830923 0.0 0.0 0.0 0.0 0.0 0.0 0.0 0.0 0.0 0.109407 0.0 0.09789395 0.0 0.0 0.0 0.02993833 0.0 0.0 0.0 0.027956892 0.0 0.0 0.0 0.08099708 0.08172266 0.0 0.0 0.0 0.0 0.014178359 0.0 0.023076141 0.0 0.0 0.0 0.033655614 0.0 0.06403306 0.09371183 0.0
0.0 0.0 0.0 0.0 0.0 0.04326566 0.021331208 0.1376868 0.0 0.061150886 0.047561396 0.0 0.0 0.0 0.0 0.0 0.0 0.02398845 0.0 0.0 0.011235961 0.0 0.0 0.0 0.0 0.017303547 0.08064216 0.06092323 0.0 0.0 0.0 0.0 0.026673617 0.032629166 0.07932831 0.06775708 0.08470295 0.0 0.0 0.0 0.0 0.0 0.0 0.0 0.06110205 0.0 0.012404807 0.0 0.0 0.0 0.0 0.054869052 0.0 0.0 0.018473921 0.0
0.16987565 0.0001845965 0.0 0.0 0.0 0.0 0.029870804 0.06867912 0.0 0.14743352 0.10145725 0.0 0.0 0.004339961 0.0 0.0 0.0 0.0 0.030271541 0.045830276 0.0 0.0 0.0 0.038535833 0.00012678381 0.0 0.0 0.0 0.09696365 0.0 0.0 0.0 0.0 0.0 0.0771474 0.0 0.3006877 0.06384743 0.0 0.0 0.0 0.00068112114 0.0 0.0 0.0 0.023099082 0.0 0.0 0.0 0.0 0.0 0.0 0.0 0.0 0.0 0.0
0.0 0.0 0.06999747 0.0 0.04125866 0.0 0.0 0.08279285 0.0 0.0 0.0 0.07165176 0.0 0.0 0.029300155 0.0 0.0 0.0 0.032233458 0.001305442 0.038029704 0.11301271 0.0 0.0033719523 0.0771361 0.0 0.0 0.0 0.14193773 0.0067748576 0.0 0.0 0.0016845549 0.13800916 0.0 0.009876236 0.0 0.0 0.03384563 0.0 0.0 0.032518025 0.0 0.011253561 0.0 0.0 0.0 0.0 0.033655614 0.054869056 0.0 0.0 0.15690666 0.0 0.0 0.028881479
0.012349138 0.0 0.0 0.0083781695 0.013319145 0.0 0.0 0.0 0.0 0.019719869 0.0 0.0 0.016533824 0.22245947 0.0 0.0 0.0 0.0 0.0 0.0 0.0 0.0 0.0 0.0 0.0 0.015087821 0.0 0.016576806 0.0 0.005933468 0.0 0.0 0.0 0.0 0.06767803 0.117209986 0.0 0.0 0.036957562 0.0 0.05039668 0.0 0.0 0.0 0.0 0.0 0.08884272 0.06709896 0.0 0.0 0.0 0.15690665 0.0 0.060181975 0.06814621 0.0
0.0 0.0056287902 0.033532 0.08541935 0.0 0.0030326508 0.025496751 0.0 0.0 0.0 0.0 0.018842857 0.04941193 0.000941518 0.0 0.009685225 0.0 0.0063357684 0.12404009 0.07809986 0.11153318 0.23271737 0.0 0.0 0.0 0.024053935 0.012546525 0.0 0.0 0.012046901 0.07984568 0.0 0.0 0.0 0.0 0.0 0.0 0.0 0.0 0.017341882 0.0 0.044608824 0.043888394 0.0 0.0 0.0 0.012949975 0.0 0.06403306 0.0 0.0 0.0 0.060181975 0.000663414 0.0 0.0
0.010153897 0.0 0.013492606 0.0 0.09897838 0.07481414 0.014081374 0.07250222 0.04054981 0.0 0.14591049 0.025018608 0.0 0.0 0.0 0.0 0.0 0.0 0.08119112 0.03782162 0.0 0.0 0.0 0.04545978 0.01409835 0.0 0.0 0.0 0.0060837977 0.02653039 0.0 0.102155186 0.03941636 0.017148238 0.012617378 0.0 0.02298061 0.004300143 0.0 0.0 0.0 0.04447206 0.0 0.019130165 0.0 0.13950793 0.0 0.0 0.09371183 0.018473923 0.0 0.0 0.06814621 0.0 0.0 0.0
0.0 0.017373301 0.0 0.019723842 0.0 0.0 0.0 0.0 0.0 0.0 0.0 0.0 0.0 0.0 0.0 0.018706342 0.0 0.31073356 0.0 0.0 0.10134382 0.0 0.0 0.041639287 0.0 0.0 0.0 0.0 0.0 0.0 0.030816905 0.0 0.0 0.0 0.0 0.0 0.0 0.0 0.0 0.05632459 0.0 0.0 0.16280684 0.0 0.0 0.0 0.0 0.0 0.0 0.0 0.0 0.028881477 0.0 0.0 0.0 0.0
