0.0 0.050429303 0.0 0.0 0.0 0.0 0.04654172 0.0 0.082939535 0.007578987 0.0 0.0 0.0 0.0 0.2267495 0.02454577 0.0 0.0 0.021473961 0.0 0.0 0.0 0.0 0.0 0.0 0.12062886 0.0 0.0 0.0 0.08019831 0.0 0.0 0.024484066 0.012967236 0.0 0.0 0.040140133 0.003454308 0.0 0.0059433975 0.0 0.05195349 0.0 0.0 0.0 0.0 0.0 0.029327504 0.029749941 0.0 0.0 0.07618387 0.0 0.095225215 0.008822304 0.00566711
0.0504293 0.0 0.0 0.0 0.0 0.0 0.0 0.013644461 0.0 0.0 0.0 0.030923182 0.029983748 0.0 0.0 0.0 0.0 0.0 0.0 0.0 0.0 0.0 0.0 0.0 0.0 0.0 0.0 0.0 0.12941125 0.0 0.0 0.0 0.0 0.013099658 0.17733553 0.0 0.0 0.0 0.0 0.038414344 0.13729168 0.0 0.02760856 0.0 0.0 0.0 0.0 0.0 0.0 0.0 0.0 0.0 0.0 0.0 0.0 0.16537471
0.0 0.0 0.0031060087 0.08145046 0.0028695501 0.0 0.009230697 0.0 0.0 0.0 0.0 0.0 0.020441798 0.0 0.0 0.046375815 0.06427914 0.0 0.14693148 0.0 0.0 0.0283155 0.0 0.03795717 0.014573157 0.023166602 0.0 0.0 0.0 0.0 0.0 0.050053254 0.0 0.15032259 0.0 0.0 0.0 0.0 0.0 0.054658297 0.08058054 0.0 0.042478524 0.0 0.0 0.13562956 0.009438482 0.013529904 0.0 0.0 0.0 0.0 0.0 0.0 0.072969064 0.0
0.0 0.0 0.08145046 0.0 0.13142802 0.0 0.028730834 0.030940969 0.06430153 0.0 0.0 0.0 0.0 0.012642672 0.0 0.0 0.0 0.0 0.0 0.0453343 0.018338542 0.0 0.0 0.124982595 0.025663953 0.0 0.0 0.0 0.0 0.0 0.11633973 0.02936514 0.0 0.0 0.0 0.10027172 0.0 0.0 0.0 0.0 0.0 0.0 0.0 0.0 0.0 0.016805457 0.0049526673 0.017879192 0.14921513 0.0 0.0 0.0 0.019402724 0.0 0.0 0.0
0.0 0.0 0.0028695501 0.13142802 0.0 0.15084809 0.0 0.0 0.0 0.0 0.0 0.0 0.0071715917 0.0 0.028172383 0.0 0.0 0.0 0.10065032 0.054364618 0.09135148 0.0 0.0 0.022638526 0.0 0.0 0.0 0.06688418 0.0 0.0 0.0 0.0 0.0 0.042840153 0.0 0.0 0.0 0.0 0.0 0.0 0.0 0.0 0.021861197 0.0 0.0 0.0 0.1468543 0.0 0.008985513 0.0 0.0 0.0 0.048672315 0.0 0.0 0.0
0.0 0.0 0.0 0.0 0.1508481 0.0 0.0 0.0 0.00819633 0.0 0.0 0.0 0.0 0.0 0.0 0.0 0.0 0.0 0.0 0.07651555 0.06283888 0.0 0.08693867 0.0927315 0.002709669 0.0 0.048068617 0.007234399 0.0 0.02166607 0.10709341 0.056079034 0.0058371685 0.0 0.012942517 0.13945867 0.0 0.038152616 0.061984476 0.018891416 0.0 0.0 0.0048645316 0.0 0.0 0.0 0.018384684 0.0025753218 0.0 0.0 0.0 0.0 0.05115445 0.0 0.0 0.0
0.04654172 0.0 0.0092306975 0.028730834 0.0 0.0 0.0 0.089412525 0.0 0.0 0.0 0.0 0.018039541 0.0 0.0 0.0 0.0 0.0 0.024602208 0.0 0.0 0.0 0.007882644 0.016762171 0.0 0.079382844 0.018753821 0.12675709 0.0 0.0 0.0 0.0 0.04295109 0.0 0.011509128 0.0 0.03931647 0.0 0.0 0.0 0.035654355 0.0 0.0 0.0 0.0 0.0 0.0 0.0 0.05057953 0.0 0.0 0.17391917 0.0 0.0 0.0 0.0
0.0 0.01364446 0.0 0.030940969 0.0 0.0 0.089412525 0.0 0.0 0.0 0.0 0.0 0.11527634 0.026648311 0.048848756 0.08017306 0.0 0.024542969 0.042911507 0.0 0.0 0.0 0.0 0.0 0.0 0.19701381 0.0 0.0 0.0 0.0 0.0 0.0 0.036818027 0.027402291 0.0 0.010257661 0.0025531983 0.08527495 0.0 0.05164123 0.0 0.053516604 0.0 0.0 0.0 0.0 0.0 0.0 0.0 0.0 0.0 0.0 0.0 0.0131341275 0.022464642 0.03817018
0.082939535 0.0 0.0 0.06430152 0.0 0.00819633 0.0 0.0 0.0 0.0 0.0 0.0 0.058294628 0.0 0.0 0.013488167 0.001491772 0.0 0.018711036 0.07900336 0.020991782 0.0 0.0 0.0 0.0 0.10419241 0.0 0.061180945 0.0 0.0 0.11255461 0.0 0.0 0.029581007 0.0 0.0 0.0 0.0 0.0 0.0 0.0 0.0 0.0 0.0 0.0 0.0 0.0 0.040680286 0.0 0.0 0.0 0.0 0.0 0.013140244 0.15060505 0.0
0.007578987 0.0 0.0 0.0 0.0 0.0 0.0 0.0 0.0 0.054149676 0.003979343 0.0 0.0 0.1135188 0.23721518 0.005995266 0.0 0.0 0.0 0.0 0.0 0.0 0.0 0.0 0.0 0.0 0.007479938 0.06022613 0.0 0.0 0.0 0.0 0.026204003 0.0 0.0 0.0 0.13558453 0.0 0.0 0.0 0.0 0.0 0.0 0.006508727 0.16670683 0.0028987299 0.0 0.039346974 0.0 0.0 0.0 0.0 0.0 0.05223009 0.0020526303 0.0
0.0 0.0 0.0 0.0 0.0 0.0 0.0 0.0 0.0 0.003979343 0.026112473 0.022461666 0.0 0.0 0.097535394 0.0 0.0 0.05367294 0.0 0.09188158 0.017694592 0.0 0.06401532 0.016001005 0.0 0.016030652 0.0 0.0 0.0 0.0 0.0 0.005967534 0.0 0.0 0.005476696 0.0 0.10913269 0.10085951 0.0 0.0 0.0 0.0 0.0 0.0 0.0 0.0 0.0 0.084132954 0.0 0.0 0.090597585 0.0 0.0 0.0 0.0 0.0
0.0 0.030923182 0.0 0.0 0.0 0.0 0.0 0.0 0.0 0.0 0.022461666 0.0 0.023402706 0.019225975 0.0 0.0 0.13778539 0.0 0.0 0.0 0.0 0.15692352 0.0 0.0 0.08498426 0.0 0.0 0.0 0.085134946 0.02142422 0.0 0.0 0.0 0.04844196 0.12320809 0.028083898 0.0 0.0 0.0 0.02518544 0.049735878 0.0 0.062095553 0.026120393 0.0 0.0 0.077213444 0.0 0.0 0.015654463 0.0 0.0 0.0 0.0 0.07589452 0.0
0.0 0.029983746 0.020441798 0.0 0.0071715913 0.0 0.018039541 0.11527634 0.058294628 0.0 0.0 0.023402706 0.06990326 0.0 0.0 0.083822854 0.0 0.07204091 0.0 0.0 0.0 0.0 0.0 0.0 0.0 0.0 0.0 0.0 0.049586177 0.0 0.0 0.093371056 0.0 0.029706253 0.050193984 0.018592596 0.04754294 0.0 0.0 0.0 0.11657883 0.0 0.0 0.0 0.0 0.0 0.0 0.0 0.0 0.03595726 0.0 0.04221645 0.0 0.0 0.0 0.07721885
0.0 0.0 0.0 0.012642672 0.0 0.0 0.0 0.026648311 0.0 0.1135188 0.0 0.019225977 0.0 0.0 0.0 0.059321616 0.0 0.09832776 0.0 0.0 0.0 0.0 0.015660094 0.0 0.0075928383 0.0 0.0 0.0 0.0 0.0 0.0 0.0 0.06373612 0.0 0.0 0.0 0.0 0.023481287 0.059122913 0.0 0.012091608 0.05935768 0.0 0.005234862 0.22374466 0.012568479 0.0 0.0 0.022558307 0.011292664 0.07362997 0.0 0.0 0.0 0.016598074 0.0
0.2267495 0.0 0.0 0.0 0.028172383 0.0 0.0 0.048848756 0.0 0.23721518 0.097535394 0.0 0.0 0.0 0.0 0.0 0.0 0.0 0.0 0.0 0.0 0.0 0.024929535 0.10501488 0.01892274 0.0 0.0 0.0 0.0 0.0 0.0 0.0 0.0 0.0 0.06524992 0.0 0.015788808 0.018883498 0.0 0.0 0.0 0.0 0.0 0.0 0.07117559 0.0 0.0 0.025079848 0.0 0.0 0.06047906 0.006990392 0.0 0.0 0.0013483806 0.0
0.024545772 0.0 0.046375815 0.0 0.0 0.0 0.0 0.08017307 0.013488167 0.0059952666 0.0 0.0 0.083822854 0.059321616 0.0 0.0 0.0 0.0 0.0 0.0 0.09517989 0.0 0.01655415 0.11004279 0.052652974 0.0 0.022896206 0.037699446 0.0 0.0 0.0 0.019751893 0.0 0.0 0.041854244 0.0 0.0 0.0 0.0 0.05581214 0.020767078 0.0 0.0 0.0 0.0 0.0 0.0 0.0 0.0 0.0 0.0 0.0 0.0 0.0 0.0 0.0
0.0 0.0 0.06427914 0.0 0.0 0.0 0.0 0.0 0.001491772 0.0 0.0 0.13778539 0.0 0.0 0.0 0.0 0.13440317 0.0 0.06960526 0.0 0.0 0.08079627 0.0 0.0 0.13952382 0.0 0.0 0.0 0.07179755 0.0 0.012356206 0.0 0.041352287 0.06965671 0.0 0.018605376 0.0 0.0 0.0 0.0 0.0 0.0 0.0 0.0 0.0 0.042025056 0.0 0.010491059 0.0 0.0 0.0 0.0 0.0 0.024895089 0.0 0.0
0.0 0.0 0.0 0.0 0.0 0.0 0.0 0.024542969 0.0 0.0 0.05367294 0.0 0.07204091 0.09832776 0.0 0.0 0.0 0.0 0.0 0.053193584 0.0 0.0 0.0 0.048144635 0.0 0.068429366 0.004671675 0.04690225 0.0023657882 0.0 0.0 0.0 0.0 0.0 0.036511846 0.0 0.0 0.055035733 0.0 0.07842998 0.0 0.0 0.0 0.0 0.0 0.0 0.0 0.14327471 0.0 0.0 0.02900945 0.0 0.0 0.0 0.0 0.0
0.02147396 0.0 0.14693148 0.0 0.100650325 0.0 0.024602208 0.042911507 0.018711036 0.0 0.0 0.0 0.0 0.0 0.0 0.0 0.06960526 0.0 0.0 0.015244802 0.05818115 0.0 0.0 0.013599597 0.17389779 0.0 0.0 0.0 0.0 0.054182075 0.0 0.115534626 0.0 0.0 0.06930593 0.052885998 0.0 0.008988655 0.0 0.0 0.0 0.0 0.0 0.0074709766 0.0 0.0 0.0 0.0 0.0 0.012867534 0.0 0.033207223 0.030859997 0.0 0.0 0.0
0.0 0.0 0.0 0.045334294 0.054364618 0.076515555 0.0 0.0 0.07900336 0.0 0.09188158 0.0 0.0 0.0 0.0 0.0 0.0 0.053193584 0.015244802 0.0 0.0 0.0 0.042348526 0.053947583 0.013295637 0.0 0.0 0.0 0.0 0.0 0.07816396 0.0345265 0.012583908 0.0 0.0 0.025933092 0.0 0.07370646 0.0 0.008534911 0.030813903 0.0 0.010775484 0.0 0.0 0.0 0.00559265 0.036830638 0.126184 0.0030349707 0.011650369 0.0 0.053829353 0.0 0.0 0.0
0.0 0.0 0.0 0.018338542 0.09135148 0.06283889 0.0 0.0 0.020991782 0.0 0.017694592 0.0 0.0 0.0 0.0 0.09517989 0.0 0.0 0.05818115 0.0 0.0 0.0 0.0 0.01710249 0.0 0.0 0.0 0.01784387 0.0 0.0 0.030966938 0.01603459 0.0 0.046040777 0.059595995 0.057016503 0.0 0.0 0.0 0.13284056 0.046050787 0.0082614785 0.10605468 0.0 0.0 0.01894161 0.088984534 0.0 0.012498803 0.0 0.0 0.0 0.0 0.0 0.03181492 0.0
0.0 0.0 0.028315498 0.0 0.0 0.0 0.0 0.0 0.0 0.0 0.0 0.15692352 0.0 0.0 0.0 0.0 0.08079627 0.0 0.0 0.0 0.0 0.0 0.0 0.0 0.04805859 0.0 0.0 0.0 0.0 0.039932985 0.00093886466 0.0 0.0 0.0 0.0 0.08554371 0.0 0.0 0.012356699 0.0 0.0 0.029209852 0.16557872 0.11570863 0.0026355986 0.0 0.17364508 0.021431556 0.0022053756 0.077214345 0.0 0.0 0.024326358 0.0 0.0 0.0
0.0 0.0 0.0 0.0 0.0 0.08693867 0.007882644 0.0 0.0 0.0 0.06401532 0.0 0.0 0.015660092 0.024929535 0.01655415 0.0 0.0 0.0 0.042348526 0.0 0.0 0.0 0.0 0.0 0.0 0.0 0.0 0.0 0.042191867 0.024067538 0.0 0.042785883 0.022039125 0.0 0.0 0.08323559 0.21157046 0.07222884 0.0 0.0 0.04832224 0.03374468 0.0 0.07606623 0.052647166 0.0 0.059433382 0.0 0.0 0.057850264 0.0 0.10081834 0.0 0.0 0.0
0.0 0.0 0.037957173 0.1249826 0.022638526 0.0927315 0.016762171 0.0 0.0 0.0 0.016001005 0.0 0.0 0.0 0.10501488 0.110042796 0.0 0.048144635 0.013599597 0.053947583 0.01710249 0.0 0.0 0.0 0.0 0.0070965867 0.0 0.0 0.0 0.0 0.0 0.0019244191 0.090330526 0.0 0.0 0.0 0.0 0.020489618 0.062356807 0.0 0.0 0.038832683 0.0 0.0 0.05373745 0.0 0.0 0.111275084 0.10380258 0.0 0.046696246 0.0 0.0 0.0 0.019423258 0.0
0.0 0.0 0.014573157 0.025663953 0.0 0.002709669 0.0 0.0 0.0 0.0 0.0 0.08498426 0.0 0.0075928387 0.018922739 0.052652977 0.13952382 0.0 0.1738978 0.0132956365 0.0 0.048058596 0.0 0.0 0.010798338 0.03599812 0.0 0.0 0.0 0.06612408 0.0 0.0 0.0 0.0 0.0 0.050775226 0.0 0.0 0.0 0.03579243 0.005547786 0.0 0.0028510578 0.0 0.0 0.0 0.056014333 0.0 0.022961423 0.1456066 0.0 0.0 0.10033883 0.0 0.0 0.0
0.12062887 0.0 0.023166602 0.0 0.0 0.0 0.07938285 0.19701381 0.10419241 0.0 0.016030652 0.0 0.0 0.0 0.0 0.0 0.0 0.068429366 0.0 0.0 0.0 0.0 0.0 0.007096587 0.03599812 0.0 0.0 0.0 0.0 0.0 0.0 0.061104834 0.011459988 0.0 0.039209396 0.0 0.0 0.0 0.02695161 0.0 0.0 0.10899957 0.0 0.0 0.030444348 0.0 0.0 0.0 0.0010338154 0.0 0.0 0.0 0.0 0.0 0.0 0.015882753
0.0 0.0 0.0 0.0 0.0 0.048068617 0.018753821 0.0 0.0 0.007479938 0.0 0.0 0.0 0.0 0.0 0.022896206 0.0 0.0046716756 0.0 0.0 0.0 0.0 0.0 0.0 0.0 0.0 0.05257222 0.027784986 0.0 0.0 0.0 0.0 0.0043317443 0.0 0.06051532 0.0 0.26730865 0.047676172 0.04583411 0.054765515 0.008416825 0.005616663 0.0 0.0 0.110695854 0.0 0.0 0.014298032 0.0 0.010341298 0.0 0.03142722 0.0 0.0 0.03300517 0.009665702
0.0 0.0 0.0 0.0 0.06688419 0.007234399 0.12675707 0.0 0.06118094 0.06022613 0.0 0.0 0.0 0.0 0.0 0.037699446 0.0 0.046902247 0.0 0.0 0.017843869 0.0 0.0 0.0 0.0 0.0 0.027784986 0.0 0.0 0.0 0.079966925 0.039396703 0.0 0.0 0.0 0.0 0.045255654 0.021552145 0.062521495 0.0 0.0 0.1875263 0.09398652 0.0 0.009243985 0.07649254 0.0 0.016590307 0.0 0.0 0.0 0.0 0.0 0.0 0.0 0.0
0.0 0.12941125 0.0 0.0 0.0 0.0 0.0 0.0 0.0 0.0 0.0 0.08513495 0.049586177 0.0 0.0 0.0 0.07179755 0.0023657882 0.0 0.0 0.0 0.0 0.0 0.0 0.0 0.0 0.0 0.0 0.0135906525 0.0 0.0 0.0 0.09726505 0.012797345 0.0 0.0 0.0 0.0 0.0 0.07829128 0.0 0.0 0.0 0.0 0.0 0.0 0.0 0.0 0.115864985 0.047619916 0.0 0.0 0.0 0.15090999 0.0 0.12387275
0.08019831 0.0 0.0 0.0 0.0 0.02166607 0.0 0.0 0.0 0.0 0.0 0.02142422 0.0 0.0 0.0 0.0 0.0 0.0 0.054182075 0.0 0.0 0.039932985 0.042191867 0.0 0.066124074 0.0 0.0 0.0 0.0 0.0 0.0 0.0 0.016748222 0.0 0.035036374 0.0 0.0 0.0 0.0 0.0 0.0 0.0 0.006834126 0.0 0.0 0.0 0.034693282 0.0 0.029951906 0.0 0.13321576 0.0 0.07478935 0.0 0.15347718 0.0
0.0 0.0 0.0 0.11633973 0.0 0.10709341 0.0 0.0 0.11255461 0.0 0.0 0.0 0.0 0.0 0.0 0.0 0.012356206 0.0 0.0 0.07816396 0.03096694 0.00093886466 0.024067538 0.0 0.0 0.0 0.0 0.07996693 0.0 0.0 0.0 0.0 0.0 0.0 0.0 0.0 0.0 0.022952553 0.12072479 0.007848096 0.012525813 0.0 0.0029018468 0.0 0.0 0.0 0.04225276 0.005373205 0.0 0.0 0.13249326 0.0 0.059185702 0.0 0.0 0.0
0.0 0.0 0.050053254 0.02936514 0.0 0.056079034 0.0 0.0 0.0 0.0 0.005967534 0.0 0.093371056 0.0 0.0 0.019751895 0.0 0.0 0.11553463 0.034526505 0.016034588 0.0 0.0 0.0019244192 0.0 0.061104834 0.0 0.039396703 0.0 0.0 0.0 0.0872348 0.0 0.14873435 0.0 0.011012199 0.0 0.0 0.0 0.0 0.062446717 0.0 0.0 0.0 0.0 0.0 0.0008628735 0.0 0.0776698 0.0 0.0 0.0 0.0 0.0 0.080567606 0.0
0.024484064 0.0 0.0 0.0 0.0 0.0058371685 0.042951092 0.03681803 0.0 0.026204003 0.0 0.0 0.0 0.06373612 0.0 0.0 0.041352287 0.0 0.0 0.012583908 0.0 0.0 0.04278588 0.090330526 0.0 0.011459988 0.0043317447 0.0 0.09726506 0.016748222 0.0 0.0 0.0 0.053940605 0.05410485 0.024176348 0.0 0.0 0.0 0.0050681676 0.13239284 0.0 0.036501817 0.0 0.0 0.0 0.1077982 0.04103011 0.0016384047 0.01692086 0.0 0.014791436 0.042866316 0.0 0.0 0.0
0.012967236 0.013099658 0.15032259 0.0 0.042840153 0.0 0.0 0.027402291 0.029581007 0.0 0.0 0.048441965 0.02970625 0.0 0.0 0.0 0.0696567 0.0 0.0 0.0 0.046040773 0.0 0.022039127 0.0 0.0 0.0 0.0 0.0 0.012797345 0.0 0.0 0.14873435 0.053940605 0.0 0.0 0.0 0.0 0.0 0.0 0.0 0.0 0.0 0.0 0.010127007 0.0 0.0 0.055602577 0.0 0.008875219 0.0 0.0 0.0424757 0.0 0.029471671 0.0 0.0
0.0 0.17733555 0.0 0.0 0.0 0.012942516 0.011509128 0.0 0.0 0.0 0.005476696 0.12320809 0.050193984 0.0 0.06524991 0.04185424 0.0 0.036511846 0.06930593 0.0 0.059595995 0.0 0.0 0.0 0.0 0.039209392 0.06051532 0.0 0.0 0.035036378 0.0 0.0 0.05410485 0.0 0.0 0.0 0.0 0.0 0.023875633 0.012288785 0.0 0.0 0.0 0.03270581 0.0 0.0 0.0 0.032541204 0.0 0.0 0.0 0.0 0.0 0.04671732 0.0 0.080502644
0.0 0.0 0.0 0.10027172 0.0 0.13945866 0.0 0.010257661 0.0 0.0 0.0 0.0280839 0.018592596 0.0 0.0 0.0 0.018605378 0.0 0.052885998 0.02593309 0.057016503 0.08554371 0.0 0.0 0.050775226 0.0 0.0 0.0 0.0 0.0 0.0 0.011012199 0.024176348 0.0 0.0 0.0 0.0 0.0 0.0 0.0 0.0 0.023651315 0.0 0.0 0.0 0.0063709705 0.0 0.0 0.055145174 0.07560496 0.0 0.0 0.043419443 0.026397815 0.0 0.0
0.04014013 0.0 0.0 0.0 0.0 0.0 0.03931647 0.0025531983 0.0 0.13558453 0.10913269 0.0 0.04754294 0.0 0.015788808 0.0 0.0 0.0 0.0 0.0 0.0 0.0 0.08323559 0.0 0.0 0.0 0.26730865 0.045255654 0.0 0.0 0.0 0.0 0.0 0.0 0.0 0.0 0.12631328 0.0 0.0 0.046509255 0.0 0.00017216371 0.0 0.0 0.040897317 0.0 0.0 0.0 0.0 0.0 0.06678609 0.0 0.0 0.014100132 0.02656115 0.0
0.0034543078 0.0 0.0 0.0 0.0 0.038152616 0.0 0.08527495 0.0 0.0 0.10085951 0.0 0.0 0.023481287 0.0188835 0.0 0.0 0.055035733 0.008988655 0.07370646 0.0 0.0 0.21157046 0.020489618 0.0 0.0 0.047676172 0.021552145 0.0 0.0 0.022952551 0.0 0.0 0.0 0.0 0.0 0.0 0.0 0.0 0.0 0.0 0.0 0.0 0.0 0.04075438 0.0 0.0 0.033096213 8.0615165e-10 0.0 0.06949253 0.0 0.0 0.0 0.025111068 0.0
0.0 0.0 0.0 0.0 0.0 0.061984476 0.0 0.0 0.0 0.0 0.0 0.0 0.0 0.059122913 0.0 0.0 0.0 0.0 0.0 0.0 0.0 0.0123566985 0.07222884 0.062356804 0.0 0.02695161 0.04583411 0.06252149 0.0 0.0 0.12072479 0.0 0.0 0.0 0.023875635 0.0 0.0 0.0 0.0 0.17173441 0.04929388 0.0 0.099309765 0.0 0.0 0.0 0.0 0.002959675 0.0 0.059344426 0.0 0.0 0.014025572 0.0 0.0631484 0.0
0.0059433975 0.038414344 0.0546583 0.0 0.0 0.018891416 0.0 0.05164123 0.0 0.0 0.0 0.02518544 0.0 0.0 0.0 0.05581214 0.0 0.078429975 0.0 0.008534911 0.13284056 0.0 0.0 0.0 0.03579243 0.0 0.05476551 0.0 0.07829128 0.0 0.007848095 0.0 0.005068168 0.0 0.012288785 0.0 0.046509255 0.0 0.17173442 0.0 0.0 0.0 0.0 0.0 0.011975493 0.0 0.0 0.0 0.0 0.06939251 0.0 0.08453698 0.0 0.0 0.0 0.044951875
0.0 0.13729168 0.08058055 0.0 0.0 0.0 0.03565436 0.0 0.0 0.0 0.0 0.049735874 0.11657883 0.012091608 0.0 0.02076708 0.0 0.0 0.0 0.030813903 0.046050783 0.0 0.0 0.0 0.005547786 0.0 0.008416825 0.0 0.0 0.0 0.012525814 0.062446713 0.13239284 0.0 0.0 0.0 0.0 0.0 0.04929388 0.0 0.0 0.0 0.0 0.047093462 0.0 0.0 0.0 0.0 0.0 0.04150097 0.0 0.022874372 0.0 0.0 0.0 0.06430997
0.05195349 0.0 0.0 0.0 0.0 0.0 0.0 0.053516604 0.0 0.0 0.0 0.0 0.0 0.05935768 0.0 0.0 0.0 0.0 0.0 0.0 0.0082614785 0.02920985 0.04832224 0.038832683 0.0 0.10899957 0.005616663 0.18752632 0.0 0.0 0.0 0.0 0.0 0.0 0.0 0.023651317 0.00017216371 0.0 0.0 0.0 0.0 0.0 0.020295357 0.0 0.0 0.0 0.0 0.0 0.04264531 0.0 0.045929458 0.061811738 0.0 0.07838654 0.10967874 0.0
0.0 0.027608562 0.042478524 0.0 0.021861197 0.0048645316 0.0 0.0 0.0 0.0 0.0 0.062095553 0.0 0.0 0.0 0.0 0.0 0.0 0.0 0.010775484 0.10605468 0.16557872 0.03374468 0.0 0.0028510576 0.0 0.0 0.09398652 0.0 0.006834126 0.002901847 0.0 0.036501817 0.0 0.0 0.0 0.0 0.0 0.099309765 0.0 0.0 0.020295355 0.05775133 0.037405845 0.040365476 0.0 0.0 0.0 0.0 0.0 0.0 0.0 0.0 0.047939707 0.013285248 0.0
0.0 0.0 0.0 0.0 0.0 0.0 0.0 0.0 0.0 0.006508727 0.0 0.026120393 0.0 0.005234862 0.0 0.0 0.0 0.0 0.0074709766 0.0 0.0 0.11570863 0.0 0.0 0.0 0.0 0.0 0.0 0.0 0.0 0.0 0.0 0.0 0.010127007 0.032705814 0.0 0.0 0.0 0.0 0.0 0.047093462 0.0 0.037405845 0.075540505 0.0 0.17473498 0.0 0.0 0.0 0.10082763 0.0 0.0069361804 0.1159467 0.11606039 0.037894607 0.021150993
0.0 0.0 0.0 0.0 0.0 0.0 0.0 0.0 0.0 0.16670683 0.0 0.0 0.0 0.22374466 0.07117559 0.0 0.0 0.0 0.0 0.0 0.0 0.0026355986 0.076066226 0.05373745 0.0 0.030444348 0.110695854 0.009243985 0.0 0.0 0.0 0.0 0.0 0.0 0.0 0.0 0.040897317 0.04075438 0.0 0.011975493 0.0 0.0 0.040365476 0.0 0.005404106 0.0 0.0 0.0 0.0 0.0 0.048048303 0.08970324 0.0 0.01362645 0.0577236 0.0
0.0 0.0 0.13562956 0.016805457 0.0 0.0 0.0 0.0 0.0 0.0028987299 0.0 0.0 0.0 0.01256848 0.0 0.0 0.04202506 0.0 0.0 0.0 0.01894161 0.0 0.05264717 0.0 0.0 0.0 0.0 0.07649254 0.0 0.0 0.0 0.0 0.0 0.0 0.0 0.0063709705 0.0 0.0 0.0 0.0 0.0 0.0 0.0 0.17473496 0.0 0.0 0.06080107 0.0 0.04898007 0.0016486148 0.0 0.0 0.0 0.080114044 0.0 0.0
0.0 0.0 0.009438482 0.0049526673 0.1468543 0.018384684 0.0 0.0 0.0 0.0 0.0 0.077213444 0.0 0.0 0.0 0.0 0.0 0.0 0.0 0.00559265 0.088984534 0.17364508 0.0 0.0 0.05601433 0.0 0.0 0.0 0.0 0.034693282 0.04225276 0.00086287357 0.1077982 0.055602577 0.0 0.0 0.0 0.0 0.0 0.0 0.0 0.0 0.0 0.0 0.0 0.06080107 0.0 0.0 0.014452318 0.09712334 0.0 0.0 0.0 0.0 0.0 0.0
0.029327504 0.0 0.013529904 0.017879192 0.0 0.0025753218 0.0 0.0 0.04068028 0.03934697 0.08413295 0.0 0.0 0.0 0.025079848 0.0 0.010491059 0.14327471 0.0 0.036830638 0.0 0.021431556 0.059433382 0.111275084 0.0 0.0 0.014298032 0.016590307 0.0 0.0 0.005373205 0.0 0.04103011 0.0 0.0325412 0.0 0.0 0.033096213 0.002959675 0.0 0.0 0.0 0.0 0.0 0.0 0.0 0.0 0.016686045 0.0 0.016127111 0.07825983 0.007462101 0.0 0.0 0.06297637 0.0
0.029749941 0.0 0.0 0.14921513 0.008985513 0.0 0.050579526 0.0 0.0 0.0 0.0 0.0 0.0 0.02255831 0.0 0.0 0.0 0.0 0.0 0.126184 0.0124988025 0.0022053756 0.0 0.10380257 0.022961423 0.0010338154 0.0 0.0 0.115864985 0.029951908 0.0 0.0776698 0.0016384046 0.008875219 0.0 0.055145178 0.0 8.061517e-10 0.0 0.0 0.0 0.04264531 0.0 0.0 0.0 0.04898007 0.014452318 0.0 0.0031374318 0.0 0.0 0.0 0.0 0.0 0.0 0.0
0.0 0.0 0.0 0.0 0.0 0.0 0.0 0.0 0.0 0.0 0.0 0.015654463 0.035957254 0.011292664 0.0 0.0 0.0 0.0 0.012867533 0.0030349707 0.0 0.077214345 0.0 0.0 0.14560659 0.0 0.010341298 0.0 0.047619916 0.0 0.0 0.0 0.016920859 0.0 0.0 0.07560497 0.0 0.0 0.059344426 0.06939251 0.041500967 0.0 0.0 0.10082763 0.0 0.0016486148 0.09712334 0.016127111 0.0 0.0 0.0 0.0 0.100264475 0.0 0.0 0.0
0.0 0.0 0.0 0.0 0.0 0.0 0.0 0.0 0.0 0.0 0.09059758 0.0 0.0 0.07362996 0.060479064 0.0 0.0 0.029009452 0.0 0.011650369 0.0 0.0 0.057850268 0.046696246 0.0 0.0 0.0 0.0 0.0 0.13321576 0.13249326 0.0 0.0 0.0 0.0 0.0 0.06678608 0.069492534 0.0 0.0 0.0 0.045929454 0.0 0.0 0.048048303 0.0 0.0 0.07825983 0.0 0.0 0.0 0.043278914 0.087785214 0.0 0.0 0.0
0.07618387 0.0 0.0 0.0 0.0 0.0 0.17391917 0.0 0.0 0.0 0.0 0.0 0.042216454 0.0 0.006990392 0.0 0.0 0.0 0.033207223 0.0 0.0 0.0 0.0 0.0 0.0 0.0 0.03142722 0.0 0.0 0.0 0.0 0.0 0.0147914365 0.042475704 0.0 0.0 0.0 0.0 0.0 0.08453697 0.02287437 0.061811738 0.0 0.0069361804 0.08970323 0.0 0.0 0.0074621015 0.0 0.0 0.04327891 0.0 0.0 0.08486505 0.045325145 0.20030561
0.0 0.0 0.0 0.019402722 0.04867231 0.05115445 0.0 0.0 0.0 0.0 0.0 0.0 0.0 0.0 0.0 0.0 0.0 0.0 0.030859997 0.053829353 0.0 0.024326356 0.10081834 0.0 0.10033883 0.0 0.0 0.0 0.0 0.07478936 0.059185706 0.0 0.042866316 0.0 0.0 0.043419447 0.0 0.0 0.014025573 0.0 0.0 0.0 0.0 0.115946695 0.0 0.0 0.0 0.0 0.0 0.10026448 0.087785214 0.0 0.037331168 0.0 0.07257392 0.0
0.09522521 0.0 0.0 0.0 0.0 0.0 0.0 0.013134128 0.013140244 0.052230094 0.0 0.0 0.0 0.0 0.0 0.0 0.024895089 0.0 0.0 0.0 0.0 0.0 0.0 0.0 0.0 0.0 0.0 0.0 0.15090999 0.0 0.0 0.0 0.0 0.029471673 0.04671732 0.026397815 0.014100132 0.0 0.0 0.0 0.0 0.07838654 0.047939707 0.11606038 0.01362645 0.080114044 0.0 0.0 0.0 0.0 0.0 0.08486505 0.0 0.0 0.0 0.14125727
0.008822304 0.0 0.072969064 0.0 0.0 0.0 0.0 0.022464642 0.15060505 0.00205263 0.0 0.07589452 0.0 0.016598074 0.0013483807 0.0 0.0 0.0 0.0 0.0 0.031814918 0.0 0.0 0.019423258 0.0 0.0 0.03300517 0.0 0.0 0.15347716 0.0 0.080567606 0.0 0.0 0.0 0.0 0.026561148 0.025111068 0.0631484 0.0 0.0 0.10967874 0.013285247 0.037894607 0.057723604 0.0 0.0 0.06297637 0.0 0.0 0.0 0.045325145 0.07257392 0.0 0.0 0.0
0.00566711 0.16537471 0.0 0.0 0.0 0.0 0.0 0.038170185 0.0 0.0 0.0 0.0 0.07721885 0.0 0.0 0.0 0.0 0.0 0.0 0.0 0.0 0.0 0.0 0.0 0.0 0.015882753 0.009665702 0.0 0.12387275 0.0 0.0 0.0 0.0 0.0 0.080502644 0.0 0.0 0.0 0.0 0.044951875 0.06430997 0.0 0.0 0.021150991 0.0 0.0 0.0 0.0 0.0 0.0 0.0 0.20030561 0.0 0.14125727 0.0 0.094863415
