0.0 0.0 0.0 0.0 0.0 0.0 0.0 0.12111136 0.01540518 0.0 0.0 0.09956859 0.0 0.0 0.0 0.0 0.0 0.0 0.07378075 0.0 0.0 0.0 0.0 0.16684525 0.0 0.0 0.0 0.0 0.046616104 0.03715498 0.0 0.0 0.0 0.0 0.0 0.0 0.014384174 0.0 0.0 0.0 0.083843164 0.03561751 0.0 0.011180998 0.0 0.07778769 0.021983637 0.048147637 0.0 0.0 0.0 0.21954845 0.0 0.0 0.0 0.0
0.0 0.0 0.041255746 0.0 0.0 0.0 0.012215647 0.0 0.0 0.0 0.0 0.0 0.026932655 0.24251582 0.0 0.012061026 0.0 0.0 0.0 0.0 0.0 0.0 0.0 0.0 0.032153346 0.019824378 0.0 0.0 0.019843996 0.0 0.0 0.0 0.0 0.047564197 0.0 0.0 0.0 0.0 0.0 0.0 0.11342247 0.0 0.0 0.0 0.0 0.0 0.0 0.0 0.0 0.007294553 0.0 0.0 0.0 0.14402135 0.03014444 0.041519992
0.0 0.041255746 0.0 0.0 0.048908655 0.04886181 0.01643949 0.04433711 0.0 0.0 0.0 0.16018404 0.0 0.0 0.018984117 0.013427062 0.1156314 0.0 0.0 0.033480007 0.009546951 0.0 0.02719591 0.0 0.016636211 0.0 0.0 0.0 0.0 0.0 0.0 0.011160988 0.0 0.0 0.0 0.0 0.028204292 0.0 0.17555018 0.0 0.0 0.076610096 0.043519374 0.0 0.0 0.0035183274 0.030076494 0.0 0.0 0.0 0.0 0.0 0.0 0.0 0.0 0.0059284456
0.0 0.0 0.0 0.0 0.0 0.0 0.0 0.030587897 0.0 0.0 0.0 0.0 0.0 0.10906751 0.0068050763 0.18525788 0.0 0.0 0.0 0.035805482 0.0 0.080588095 0.0 0.0 0.0 0.1365583 0.033569533 0.15241952 0.0 0.0 0.0 0.0 0.0 0.0 0.0 0.0 0.0 0.0 0.0 0.0 0.0 0.0 0.0 0.0 0.0 0.0 0.0 0.0 0.0 0.12719566 0.06196865 0.058373064 0.0 0.032496173 0.07448032 0.0
0.0 0.0 0.048908655 0.0 0.0 0.0 0.0 0.024910128 0.0 0.0 0.0 0.0019700264 0.0 0.0 0.033845887 0.0 0.10400915 0.0 0.0 0.0 0.0 0.13290302 0.012006256 0.0 0.0059436685 0.03445208 0.047988255 0.012317858 0.071322694 0.02965991 0.0 0.0 0.0 0.066567756 0.10888218 0.0 0.0 0.0 0.027312908 0.0 0.0 0.03359998 0.0 0.0 0.0 0.0 0.0 0.0 0.0 0.088716246 0.0 0.0 0.0 0.11512605 0.0 0.0
0.0 0.0 0.04886181 0.0 0.0 0.0 0.0 0.0 0.02473072 0.0 0.0 0.0 0.0 0.1502621 0.0 0.0 0.0 0.0 0.0 0.01159967 0.0 0.0 0.0 0.015846673 0.056596585 0.0 0.008763101 0.0049345107 0.0 0.0 0.0 0.0 0.0 0.0 0.0 0.100541145 0.0 0.0 0.0 0.04761006 0.019603603 0.0 0.0 0.0 0.0 0.010436232 0.0 0.0163767 0.115005374 0.0 0.06595694 0.04797277 0.03802612 0.0 0.050724182 0.0
0.0 0.012215647 0.01643949 0.0 0.0 0.0 0.001924484 0.0 0.0 0.0 0.0 0.085725494 0.0 0.0 0.0 0.0 0.018088879 0.079798885 0.0 0.027801666 0.0 0.03700111 0.0 0.0 0.041340377 0.0 0.0 0.0 0.0 0.063648015 0.0 0.008190064 0.12818025 0.0 0.0 0.0 0.0 0.0 0.010059438 0.0 0.0 0.008047158 0.0 0.04019631 0.015418915 0.0 0.036799148 0.0 0.0 0.016364027 0.0 0.0 0.16014054 0.0 0.0 0.08196061
0.12111136 0.0 0.04433711 0.030587899 0.024910126 0.0 0.0 0.0 0.0 0.070537396 0.025810167 0.059404917 0.0 0.0 0.0 0.0 0.0 0.046592146 0.03805753 0.0 0.016978897 0.0 0.03770303 0.13096213 0.0 0.0 0.0 0.0 0.0 0.22159399 0.0 0.0 0.0 0.0 0.0 0.05396875 0.0 0.0 0.0 0.0113369385 0.0 0.0 0.0 0.0 0.0 0.055860158 0.0 0.09261811 0.0 0.0 0.0 0.0 0.0 0.0 0.0010723945 0.0
0.01540518 0.0 0.0 0.0 0.0 0.02473072 0.0 0.0 0.0 0.06476333 0.13538262 0.0 0.0 0.0 0.0 0.008857952 0.02582719 0.0 0.0 0.0 0.008137836 0.013158006 0.032155547 0.0 0.07000703 0.0 0.017409349 0.0 0.030370176 0.0033897862 1.20745516e-32 0.0 0.0 0.0 0.04663816 0.0 0.032276586 0.010400707 0.034509685 0.0 0.0 0.0 0.0 0.0 0.16794947 0.0 0.0 0.0 0.0 0.12823771 0.015677042 0.0 0.0 0.0 0.12594403 0.0
0.0 0.0 0.0 0.0 0.0 0.0 0.0 0.070537396 0.06476333 0.06115628 0.027066886 0.0 0.0 0.0 0.0 0.0 0.0 0.021316685 0.045192793 0.0 0.0 0.0 0.028182717 0.06640263 0.0 0.0 0.0 0.0 0.0 0.0 0.0 0.0 0.0 0.0 0.02209503 0.0 0.13114706 0.009220265 0.0 0.08133767 0.090551496 0.0 0.0 0.0 0.057144504 0.044618484 0.008267743 0.12101563 0.0 0.0 0.0 0.020263394 0.0 0.0015772274 0.0 0.0
0.0 0.0 0.0 0.0 0.0 0.0 0.0 0.025810167 0.13538262 0.027066888 0.10344724 0.0 0.0 0.0 0.0 0.015599652 0.0 0.089414805 0.0 0.0 0.12069092 0.0 0.0 0.0064994064 0.0 0.0 0.0 0.0 0.0 0.0 0.0 0.0 0.0 0.07121064 0.0 0.09883973 0.08188143 0.0 0.0 0.0 0.0 0.0 0.0 0.0 0.016948001 0.0 0.0 0.0 0.014721507 0.0 0.0 0.07515795 0.0 0.10261889 0.0 0.0
0.09956859 0.0 0.16018404 0.0 0.0019700264 0.0 0.085725494 0.059404917 0.0 0.0 0.0 0.0 0.0 0.0 0.09559817 0.0 0.0 0.0 0.0 0.0 0.0 0.0 0.06502379 0.0 0.0 0.0 0.0 0.0 0.33269697 0.0 0.0 0.0 0.042945467 0.0 0.0 0.0 0.010454028 0.0 0.045243513 0.0 0.0 0.0 0.0 0.0 0.0 0.0 0.0 0.0 0.0 0.0 0.019869681 0.0 0.0 0.0 0.0 0.0
0.0 0.026932657 0.0 0.0 0.0 0.0 0.0 0.0 0.0 0.0 0.0 0.0 0.0 0.18924807 0.0 0.0 0.010078813 0.0 0.0 0.06579992 0.0 0.0 0.0 0.0 0.0 0.0 0.0 0.0 0.10938307 0.0 0.0 0.0 0.0 0.0 0.0 0.0010994914 0.0 0.0 0.0 0.0 0.0 0.0 0.0 0.10824789 0.06515121 0.0 0.0 0.0 0.0 0.018206345 0.0 0.0 0.0 0.0 0.048505392 0.3412879
0.0 0.24251582 0.0 0.10906751 0.0 0.1502621 0.0 0.0 0.0 0.0 0.0 0.0 0.18924806 0.0 0.0 0.0 0.023839591 0.0 0.043991 0.0 0.0 0.0 0.027426396 0.0 0.0 0.0 0.029915331 0.0 0.0 0.0 0.018012151 0.0 0.0 0.009248993 0.0 0.0 0.0 0.05401579 0.0 0.054563038 0.0 0.061359823 0.09807317 0.0 0.012924015 0.0 0.0 0.025276562 0.0 0.0 0.0 0.0 0.0 0.0 0.022214377 0.0
0.0 0.0 0.018984117 0.0068050767 0.033845887 0.0 0.0 0.0 0.0 0.0 0.0 0.09559817 0.0 0.0 0.0 0.0 0.0 0.08099073 0.0 0.0 0.1514633 0.0 0.037318617 0.0 0.05474529 0.0 0.02509663 0.0 0.0 0.11112345 0.0007757785 0.0 0.19049361 0.0 0.0 0.0 0.0 0.0 0.0 0.0 0.0 0.0 0.0 0.0 0.0 0.0 0.0 0.07222048 0.059166122 0.0 0.0020433534 0.0 0.0 0.0 0.07395392 0.0
0.0 0.012061026 0.013427062 0.18525788 0.0 0.0 0.0 0.0 0.008857952 0.0 0.015599652 0.0 0.0 0.0 0.0 0.0 0.0 0.0 0.013691749 0.0 0.13228388 0.0 0.0 0.0 0.056747347 0.015855873 0.006425138 0.0 0.0 0.040927876 0.013847664 0.059788633 0.0 0.08171318 0.0 0.025282813 0.0 0.0 0.0 0.038346007 0.0 0.0 0.0 0.0 0.0 0.021719454 0.0 0.0 0.13974132 0.017368501 0.0 0.0 0.0 0.0 0.0 0.0
0.0 0.0 0.1156314 0.0 0.10400915 0.0 0.01808888 0.0 0.025827188 0.0 0.0 0.0 0.010078812 0.02383959 0.0 0.0 0.0 0.0114516225 0.0 0.0 0.0 0.0 0.12412591 0.0 0.024566635 0.0 0.011344751 0.027463328 0.0 0.0 0.05208167 0.0 0.09278179 0.0 0.0 0.0 0.0 0.0 0.08099731 0.037824553 0.0 0.0 0.0 0.047417145 0.0 0.0 0.0 0.0 0.027883481 0.010756444 0.0 0.0 0.012229815 0.0 0.0017590041 0.0
0.0 0.0 0.0 0.0 0.0 0.0 0.07979889 0.046592146 0.0 0.021316685 0.089414805 0.0 0.0 0.0 0.08099073 0.0 0.011451622 0.040604755 0.0 0.012275393 0.04566455 0.0 0.0 0.06341031 0.0 0.0 0.0 0.0 0.027315268 0.0 0.0 0.0 0.0 0.066081025 0.059363738 0.0 0.0864384 0.0 0.0 0.0 0.0 0.0 0.0 0.0 0.0 0.0 0.0 0.0 0.0971944 0.0 0.0 0.0 0.0 0.0 0.0 0.0
0.07378075 0.0 0.0 0.0 0.0 0.0 0.0 0.03805753 0.0 0.04519279 0.0 0.0 0.0 0.043990996 0.0 0.013691749 0.0 0.0 0.0 0.0 0.0 0.012082252 0.083340794 0.0 0.0 0.12060873 0.062954366 0.0774725 0.0 0.0 0.0 0.0 0.0 0.0 0.020242382 0.0 0.0 0.0 0.0 0.0 0.0058898726 0.0 0.0 0.0 0.017067902 0.0 0.0 0.0 0.0 0.0042707734 0.008754363 0.0 0.0 0.0 0.1745117 0.0
0.0 0.0 0.033480003 0.035805482 0.0 0.01159967 0.027801665 0.0 0.0 0.0 0.0 0.0 0.06579992 0.0 0.0 0.0 0.0 0.012275393 0.0 0.02240801 0.0 0.0057745804 0.0 0.0 0.0 0.0 0.0 0.025531378 0.0 0.0 0.0 0.0026733049 0.0 0.09636441 0.0 0.018935677 0.0 0.0036323748 0.0 0.17268015 0.0 0.1596933 0.20448999 0.0 0.0 0.0 0.024610069 0.0 0.042704947 0.0 0.0030845501 0.0 0.0 0.0 0.00058879744 0.0
0.0 0.0 0.009546951 0.0 0.0 0.0 0.0 0.016978897 0.008137836 0.0 0.12069091 0.0 0.0 0.0 0.15146331 0.13228388 0.0 0.045664553 0.0 0.0 0.037202142 0.0 0.02720917 0.008752823 0.0 0.0 0.022834674 0.048721276 0.007940772 0.0 0.0 0.0 0.029259589 0.0 0.03582684 0.0 0.0 0.10161442 0.0 0.0 0.0 0.0 0.0 0.0 0.0 0.03697022 0.0 0.0 0.023637502 0.0 0.0 0.12046207 0.0 0.0 0.0 0.0
0.0 0.0 0.0 0.0805881 0.13290302 0.0 0.03700111 0.0 0.013158005 0.0 0.0 0.0 0.0 0.0 0.0 0.0 0.0 0.0 0.012082252 0.00577458 0.0 0.0 0.011322981 0.0 0.09809421 0.0 0.0026163803 0.15672962 0.0 0.0 0.13295019 0.048875317 0.014776449 0.0 0.0 0.0 0.0 0.04998815 0.09815989 0.0 0.0 0.0 0.0 0.0 0.0 0.07638236 0.0 0.0 0.0 0.0 0.0 0.0 0.0 0.0 0.0 0.0
0.0 0.0 0.02719591 0.0 0.012006256 0.0 0.0 0.037703034 0.032155547 0.028182715 0.0 0.06502379 0.0 0.027426396 0.03731862 0.0 0.12412591 0.0 0.083340794 0.0 0.02720917 0.011322981 0.0 0.0 0.034383744 0.0 0.0 0.0 0.056575064 0.003757819 0.0 0.04990027 0.0 0.030167399 0.0 0.11706048 0.0 0.028530702 0.0 0.0 0.03436623 0.07623026 0.0 0.0 0.0 0.07315172 0.09301962 0.0 0.0 0.0 0.020186966 0.0 0.009526295 0.14941262 0.01608989 0.0
0.16684523 0.0 0.0 0.0 0.0 0.015846673 0.0 0.13096213 0.0 0.06640262 0.0064994064 0.0 0.0 0.0 0.0 0.0 0.0 0.06341032 0.0 0.0 0.008752823 0.0 0.0 0.12377867 0.0 0.0 0.0 0.0 0.0 0.0 0.0 0.0 0.0 0.0 0.0029837156 0.02124433 0.07462346 0.040150773 0.0 0.0 0.0 0.0 0.0 0.0 0.13518396 0.027861124 0.0 0.029005285 0.0 0.0 0.0 0.06627713 0.0 0.026686579 0.010682723 0.0
0.0 0.032153342 0.01663621 0.0 0.0059436685 0.056596585 0.041340377 0.0 0.07000704 0.0 0.0 0.0 0.0 0.0 0.05474529 0.056747347 0.024566635 0.0 0.0 0.0 0.0 0.09809422 0.034383744 0.0 0.0 0.103786945 0.0030796234 0.07495535 0.0 0.0 0.016448408 0.0 0.02663862 0.0 0.0 0.0 0.0047705225 0.020450547 0.0 0.014794493 0.0 0.014614357 0.17917825 0.0031702055 0.0 0.0 0.0 0.0 0.065666564 0.0 0.0 0.0 0.0 0.0 0.0 0.0
0.0 0.019824376 0.0 0.1365583 0.03445208 0.0 0.0 0.0 0.0 0.0 0.0 0.0 0.0 0.0 0.0 0.015855871 0.0 0.0 0.12060873 0.0 0.0 0.0 0.0 0.0 0.103786945 0.0 0.00012269468 0.0 0.0 0.090867855 0.06645448 0.04299501 0.006141312 0.0 0.0 0.0 0.0 0.06886116 0.00620599 0.005060588 0.0 0.0 0.0 0.08996186 0.0 0.0743892 0.0041540447 0.025498236 0.0 0.025321439 0.042835366 0.0 0.12253488 0.0 0.0 0.0
0.0 0.0 0.0 0.033569533 0.04798826 0.008763101 0.0 0.0 0.017409349 0.0 0.0 0.0 0.0 0.029915333 0.025096629 0.0064251376 0.011344751 0.0 0.062954366 0.0 0.022834674 0.0026163806 0.0 0.0 0.0030796237 0.00012269466 0.09367983 0.0 0.0 0.0 0.0 0.0350203 0.0 0.010663545 0.0 0.021129228 0.0 0.10432874 0.010684455 0.18972915 0.0 0.032812394 0.0 0.0 0.0 0.091541246 0.025166493 0.0 0.029691393 0.0 0.080000944 0.0 0.022703998 0.0 0.0 0.0
0.0 0.0 0.0 0.15241952 0.012317858 0.0049345107 0.0 0.0 0.0 0.0 0.0 0.0 0.0 0.0 0.0 0.0 0.027463328 0.0 0.07747249 0.02553138 0.04872128 0.15672962 0.0 0.0 0.07495535 0.0 0.0 0.0 0.0 0.01649489 0.08703157 0.15147293 0.010321633 0.0 0.0 0.0 0.0 0.0055297976 0.0 0.01827204 0.0 0.0 0.0 0.018568331 0.0 0.010275482 0.037159897 0.0 0.0 0.012173861 0.0 0.0 0.14921421 0.0 0.0 0.006362383
0.046616107 0.019843996 0.0 0.0 0.071322694 0.0 0.0 0.0 0.030370176 0.0 0.0 0.332697 0.10938307 0.0 0.0 0.0 0.0 0.027315268 0.0 0.0 0.007940772 0.0 0.056575064 0.0 0.0 0.0 0.0 0.0 0.0 0.0 0.0 0.0 0.010467925 0.0 0.0 0.0 0.013705729 0.0 0.02358416 0.0 0.011227825 0.0 0.0 0.0 0.0 0.0 0.0 0.0 0.0 0.0 0.03511046 0.0 0.0 0.0 0.0 0.059007034
0.037154976 0.0 0.0 0.0 0.02965991 0.0 0.063648015 0.22159399 0.0033897862 0.0 0.0 0.0 0.0 0.0 0.11112345 0.040927876 0.0 0.0 0.0 0.0 0.0 0.0 0.003757819 0.0 0.0 0.090867855 0.0 0.016494893 0.0 0.053962667 0.0 0.0 0.024839472 0.0 0.0 0.018982226 0.0 0.0 0.022464655 0.02238948 0.024029212 0.0 0.02805323 0.0 0.01162467 0.0 0.0 0.0 0.024487115 0.0 0.0 0.0 0.0 0.0 0.0 0.0
0.0 0.0 0.0 0.0 0.0 0.0 0.0 0.0 1.2074551e-32 0.0 0.0 0.0 0.0 0.01801215 0.0007757785 0.013847664 0.052081674 0.0 0.0 0.0 0.0 0.13295019 0.0 0.0 0.016448408 0.06645448 0.0 0.08703158 0.0 0.0 0.015682913 0.0 0.013648523 0.0 0.0 0.0 0.0 0.0 0.0 0.019739207 0.0 0.04667337 0.0 0.0 0.010001838 0.0 0.0 0.0 0.0047281296 0.15636332 0.0 0.0 0.038662214 0.15175717 0.02801854 0.0
0.0 0.0 0.011160989 0.0 0.0 0.0 0.008190064 0.0 0.0 0.0 0.0 0.0 0.0 0.0 0.0 0.059788633 0.0 0.0 0.0 0.0026733049 0.0 0.048875317 0.049900267 0.0 0.0 0.042995013 0.035020296 0.15147293 0.0 0.0 0.0 0.0 0.039010532 0.039081756 0.050380513 0.0 0.0 0.0 0.0 0.012385927 0.0 0.0 0.007727513 0.0 0.047963426 0.0 0.0 0.007879613 0.0 0.033564463 0.0 0.0 0.0 0.0 0.15728688 0.0072670355
0.0 0.0 0.0 0.0 0.0 0.0 0.12818025 0.0 0.0 0.0 0.0 0.042945467 0.0 0.0 0.19049361 0.0 0.09278179 0.0 0.0 0.0 0.029259589 0.014776449 0.0 0.0 0.02663862 0.0061413124 0.0 0.010321633 0.010467925 0.024839472 0.013648523 0.039010532 0.0 0.037974965 0.0 0.0071321437 0.0 0.0 0.17772025 0.025757143 0.0 0.02307201 0.0 0.0 0.0 0.0 0.018302012 0.02524389 0.11115697 0.0 0.0 0.0 0.0 0.0 0.0 0.0
0.0 0.047564197 0.0 0.0 0.06656775 0.0 0.0 0.0 0.0 0.0 0.07121064 0.0 0.0 0.009248992 0.0 0.08171318 0.0 0.06608102 0.0 0.096364416 0.0 0.0 0.030167399 0.0 0.0 0.0 0.010663544 0.0 0.0 0.0 0.0 0.03908176 0.037974965 0.0 0.03566339 0.0 0.09380372 0.030396564 0.03551515 0.0 0.0 0.0 0.0 0.008586776 0.050113246 0.027329084 0.06912045 0.0 0.0 0.0 0.0097419275 0.028833065 0.0 0.0 0.0 0.0
0.0 0.0 0.0 0.0 0.10888218 0.0 0.0 0.0 0.04663816 0.022095028 0.0 0.0 0.0 0.0 0.0 0.0 0.0 0.059363738 0.02024238 0.0 0.03582684 0.0 0.0 0.0029837154 0.0 0.0 0.0 0.0 0.0 0.0 0.0 0.050380513 0.0 0.03566339 0.0040234667 0.06334091 0.0 0.0 0.0 0.015785677 0.06063529 0.06359698 0.022391634 0.027352689 0.0 0.0528102 0.23047103 0.03794768 0.0 0.0 0.028454838 0.0 0.0 0.0 0.0 0.0
0.0 0.0 0.0 0.0 0.0 0.100541145 0.0 0.053968746 0.0 0.0 0.09883973 0.0 0.0010994914 0.0 0.0 0.025282813 0.0 0.0 0.0 0.018935675 0.0 0.0 0.11706048 0.021244332 0.0 0.0 0.021129228 0.0 0.0 0.018982226 0.0 0.0 0.0071321437 0.0 0.06334091 0.0 0.04641699 0.0 0.0 0.0 0.0 0.0 0.0 0.0 0.09394991 0.0 0.0 0.0022879497 0.0 0.0 0.10579959 0.0 0.0 0.0 0.12994356 0.0
0.014384174 0.0 0.028204292 0.0 0.0 0.0 0.0 0.0 0.032276586 0.13114706 0.08188143 0.010454028 0.0 0.0 0.0 0.0 0.0 0.0864384 0.0 0.0 0.0 0.0 0.0 0.07462346 0.0047705225 0.0 0.0 0.0 0.013705728 0.0 0.0 0.0 0.0 0.09380372 0.0 0.046416994 0.1317789 0.0 0.0 0.015329351 0.033383463 0.0 0.0 0.0 0.057914633 0.05310445 0.15278374 0.0 0.0 0.06997238 0.0 0.0 0.0 0.0 0.0 0.0
0.0 0.0 0.0 0.0 0.0 0.0 0.0 0.0 0.010400707 0.009220265 0.0 0.0 0.0 0.05401579 0.0 0.0 0.0 0.0 0.0 0.003632375 0.10161442 0.04998815 0.028530702 0.040150773 0.020450547 0.06886116 0.10432873 0.0055297976 0.0 0.0 0.0 0.0 0.0 0.030396564 0.0 0.0 0.0 0.0 0.0 0.013839036 0.06205256 0.0 0.0 0.0 0.0 0.0 0.0 0.0 0.15599008 0.0235226 0.0 0.0 0.0 0.071108304 0.0 0.0
0.0 0.0 0.17555018 0.0 0.027312908 0.0 0.010059438 0.0 0.034509685 0.0 0.0 0.045243513 0.0 0.0 0.0 0.0 0.0809973 0.0 0.0 0.0 0.0 0.098159894 0.0 0.0 0.0 0.00620599 0.010684455 0.0 0.02358416 0.022464655 0.0 0.0 0.17772025 0.03551515 0.0 0.0 0.0 0.0 0.16799645 0.0 0.0 0.013187251 0.0 0.030645508 0.0 0.0 0.0 0.0 0.0 0.0 0.0 0.0 0.013574645 0.0 0.0 0.0
0.0 0.0 0.0 0.0 0.0 0.04761006 0.0 0.0113369385 0.0 0.08133767 0.0 0.0 0.0 0.054563038 0.0 0.038346007 0.037824553 0.0 0.0 0.17268015 0.0 0.0 0.0 0.0 0.014794493 0.005060588 0.18972915 0.01827204 0.0 0.02238948 0.019739209 0.012385927 0.025757145 0.0 0.015785677 0.0 0.015329351 0.013839036 0.0 0.0 0.0 0.0 0.0 0.026069524 0.06854337 0.0 0.0 0.0 0.0 0.09501622 0.033634096 0.03432657 0.04520908 0.0 0.045079894 0.0
0.083843164 0.11342247 0.0 0.0 0.0 0.019603604 0.0 0.0 0.0 0.09055149 0.0 0.0 0.0 0.0 0.0 0.0 0.0 0.0 0.005889872 0.0 0.0 0.0 0.034366228 0.0 0.0 0.0 0.0 0.0 0.011227826 0.024029214 0.0 0.0 0.0 0.0 0.060635295 0.0 0.033383463 0.062052563 0.0 0.0 0.0 0.008121662 0.07147463 0.027090713 0.16508098 0.0 0.024328252 0.0 0.0 0.0 0.0 0.0 0.0 0.0 0.0 0.17304553
0.03561751 0.0 0.076610096 0.0 0.03359998 0.0 0.008047157 0.0 0.0 0.0 0.0 0.0 0.0 0.06135982 0.0 0.0 0.0 0.0 0.0 0.15969329 0.0 0.0 0.076230265 0.0 0.014614357 0.0 0.032812398 0.0 0.0 0.0 0.04667337 0.0 0.02307201 0.0 0.06359697 0.0 0.0 0.0 0.013187251 0.0 0.008121662 0.03217609 0.0 0.10074072 0.004357064 0.0 0.0 0.0 0.0 0.0 0.07601674 0.0 0.032774497 0.0 0.026637929 0.0
0.0 0.0 0.043519374 0.0 0.0 0.0 0.0 0.0 0.0 0.0 0.0 0.0 0.0 0.09807316 0.0 0.0 0.0 0.0 0.0 0.20448999 0.0 0.0 0.0 0.0 0.17917825 0.0 0.0 0.0 0.0 0.028053232 0.0 0.007727513 0.0 0.0 0.022391634 0.0 0.0 0.0 0.0 0.0 0.07147463 0.0 0.0 0.13040642 0.0 0.0 0.0 0.0 0.0 0.0 0.0 0.0 0.1851707 0.0 0.033306208 0.0030916748
0.011180997 0.0 0.0 0.0 0.0 0.0 0.04019631 0.0 0.0 0.0 0.0 0.0 0.10824788 0.0 0.0 0.0 0.047417145 0.0 0.0 0.0 0.0 0.0 0.0 0.0 0.0031702057 0.08996186 0.0 0.018568331 0.0 0.0 0.0 0.0 0.0 0.008586776 0.027352689 0.0 0.0 0.0 0.030645508 0.026069524 0.027090715 0.10074072 0.13040642 0.09942033 0.017367622 0.0 0.0 0.0 0.0 0.0 0.0 0.0 0.0 0.0 0.0 0.24916765
0.0 0.0 0.0 0.0 0.0 0.0 0.015418915 0.0 0.16794947 0.057144504 0.016948001 0.0 0.06515121 0.012924014 0.0 0.0 0.0 0.0 0.017067902 0.0 0.0 0.0 0.0 0.13518396 0.0 0.0 0.0 0.0 0.0 0.01162467 0.010001838 0.04796342 0.0 0.050113246 0.0 0.093949914 0.057914637 0.0 0.0 0.06854337 0.165081 0.0043570637 0.0 0.017367622 0.0 0.055327 0.016424015 0.11439399 0.027521444 0.0 0.0 0.12666798 0.0 0.0 0.0 0.0
0.07778769 0.0 0.0035183274 0.0 0.0 0.010436232 0.0 0.055860158 0.0 0.044618484 0.0 0.0 0.0 0.0 0.0 0.021719454 0.0 0.0 0.0 0.0 0.036970224 0.07638236 0.07315172 0.027861126 0.0 0.0743892 0.091541246 0.010275481 0.0 0.0 0.0 0.0 0.0 0.027329084 0.0528102 0.0 0.053104445 0.0 0.0 0.0 0.0 0.0 0.0 0.0 0.055327 0.0 0.0 0.0 0.10689898 0.0 0.0 0.0 0.0 0.018245202 0.0 0.0
0.021983635 0.0 0.030076496 0.0 0.0 0.0 0.036799144 0.0 0.0 0.008267742 0.0 0.0 0.0 0.0 0.0 0.0 0.0 0.0 0.0 0.024610067 0.0 0.0 0.09301962 0.0 0.0 0.0041540447 0.025166493 0.037159897 0.0 0.0 0.0 0.0 0.018302014 0.06912045 0.23047103 0.0 0.15278374 0.0 0.0 0.0 0.024328252 0.0 0.0 0.0 0.016424015 0.0 0.0 0.0 0.018380936 0.05623335 0.0372271 0.027981205 0.0 0.0 0.005622269 0.0103175305
0.048147637 0.0 0.0 0.0 0.0 0.0163767 0.0 0.09261811 0.0 0.12101564 0.0 0.0 0.0 0.02527656 0.07222048 0.0 0.0 0.0 0.0 0.0 0.0 0.0 0.0 0.029005285 0.0 0.025498236 0.0 0.0 0.0 0.0 0.0 0.007879613 0.025243888 0.0 0.03794768 0.00228795 0.0 0.0 0.0 0.0 0.0 0.0 0.0 0.0 0.11439399 0.0 0.0 0.0 0.0106554385 0.0 0.07534941 0.0 0.0 0.0 0.071465254 0.0
0.0 0.0 0.0 0.0 0.0 0.115005374 0.0 0.0 0.0 0.0 0.014721507 0.0 0.0 0.0 0.059166122 0.13974132 0.027883483 0.0971944 0.0 0.042704944 0.023637502 0.0 0.0 0.0 0.06566656 0.0 0.029691393 0.0 0.0 0.024487115 0.004728129 0.0 0.11115696 0.0 0.0 0.0 0.0 0.15599008 0.0 0.0 0.0 0.0 0.0 0.0 0.027521446 0.10689898 0.018380938 0.010655439 0.0 0.06509947 0.0 0.0 0.047472373 0.0 0.022323217 0.0
0.0 0.007294553 0.0 0.12719566 0.08871625 0.0 0.016364027 0.0 0.12823771 0.0 0.0 0.0 0.018206345 0.0 0.0 0.017368503 0.010756444 0.0 0.0042707734 0.0 0.0 0.0 0.0 0.0 0.0 0.025321439 0.0 0.012173861 0.0 0.0 0.15636332 0.033564463 0.0 0.0 0.0 0.0 0.06997239 0.0235226 0.0 0.09501621 0.0 0.0 0.0 0.0 0.0 0.0 0.05623335 0.0 0.06509947 0.0 0.0 0.0 0.0 0.0 0.0 0.0
0.0 0.0 0.0 0.061968647 0.0 0.06595694 0.0 0.0 0.015677042 0.0 0.0 0.019869683 0.0 0.0 0.0020433534 0.0 0.0 0.0 0.008754363 0.0030845501 0.0 0.0 0.020186966 0.0 0.0 0.042835366 0.08000095 0.0 0.03511046 0.0 0.0 0.0 0.0 0.009741928 0.028454836 0.10579959 0.0 0.0 0.0 0.0336341 0.0 0.07601674 0.0 0.0 0.0 0.0 0.0372271 0.07534941 0.0 0.0 0.0 0.0 0.056988478 0.1913047 0.0 0.0
0.21954843 0.0 0.0 0.058373064 0.0 0.04797277 0.0 0.0 0.0 0.020263396 0.07515795 0.0 0.0 0.0 0.0 0.0 0.0 0.0 0.0 0.0 0.12046207 0.0 0.0 0.06627713 0.0 0.0 0.0 0.0 0.0 0.0 0.0 0.0 0.0 0.028833065 0.0 0.0 0.0 0.0 0.0 0.034326572 0.0 0.0 0.0 0.0 0.12666798 0.0 0.027981205 0.0 0.0 0.0 0.0 0.0 0.0 0.0 0.003038219 0.0
0.0 0.0 0.0 0.0 0.0 0.03802612 0.16014054 0.0 0.0 0.0 0.0 0.0 0.0 0.0 0.0 0.0 0.012229815 0.0 0.0 0.0 0.0 0.0 0.009526296 0.0 0.0 0.12253488 0.022703998 0.14921421 0.0 0.0 0.038662214 0.0 0.0 0.0 0.0 0.0 0.0 0.0 0.013574645 0.045209084 0.0 0.032774497 0.1851707 0.0 0.0 0.0 0.0 0.0 0.047472376 0.0 0.056988474 0.0 0.0 0.020914832 0.0 0.010778329
0.0 0.14402136 0.0 0.032496173 0.11512605 0.0 0.0 0.0 0.0 0.0015772274 0.10261889 0.0 0.0 0.0 0.0 0.0 0.0 0.0 0.0 0.0 0.0 0.0 0.14941262 0.026686579 0.0 0.0 0.0 0.0 0.0 0.0 0.15175717 0.0 0.0 0.0 0.0 0.0 0.0 0.0711083 0.0 0.0 0.0 0.0 0.0 0.0 0.0 0.018245202 0.0 0.0 0.0 0.0 0.1913047 0.0 0.020914832 0.0 0.0071448176 0.0
0.0 0.030144442 0.0 0.07448032 0.0 0.050724182 0.0 0.0010723944 0.12594403 0.0 0.0 0.0 0.04850539 0.022214377 0.07395391 0.0 0.0017590041 0.0 0.1745117 0.00058879744 0.0 0.0 0.01608989 0.010682723 0.0 0.0 0.0 0.0 0.0 0.0 0.02801854 0.15728688 0.0 0.0 0.0 0.12994358 0.0 0.0 0.0 0.045079894 0.0 0.026637929 0.03330621 0.0 0.0 0.0 0.005622269 0.071465254 0.022323215 0.0 0.0 0.0030382187 0.0 0.007144818 0.0 0.0
0.0 0.041519996 0.0059284456 0.0 0.0 0.0 0.08196061 0.0 0.0 0.0 0.0 0.0 0.3412879 0.0 0.0 0.0 0.0 0.0 0.0 0.0 0.0 0.0 0.0 0.0 0.0 0.0 0.0 0.0063623823 0.059007034 0.0 0.0 0.0072670355 0.0 0.0 0.0 0.0 0.0 0.0 0.0 0.0 0.17304553 0.0 0.003091675 0.24916767 0.0 0.0 0.0103175305 0.0 0.0 0.0 0.0 0.0 0.010778329 0.0 0.0 0.0
