0.0 0.06407775 0.01253818 0.0 0.0 0.3112898 0.05106289 0.0 0.012047531 0.0 0.0 0.00903349 0.0 0.0 0.0 0.0 0.0 0.070858136 0.0 0.025891596 0.1266009 0.11198872 0.0 0.010811941 0.011388725 0.0 0.046894472 0.0 0.0 0.0 0.0 0.0064175082 0.0 0.0 0.0 0.0 0.0 0.0 0.0 0.0 0.0 0.0 0.06421281 0.0 0.0 0.0 0.0 0.0 0.007953629 0.03381013 0.0 0.028622026 0.0 0.0 0.0 0.04153412
0.06407775 0.0 0.0 0.0 0.0 0.0 0.0 0.0 0.011723943 0.052377474 0.0 0.0 0.05395906 0.11772247 0.0 0.050485745 0.0 0.0 0.0 0.0 0.0 0.0 0.07733729 0.07274121 0.0 0.028138466 0.06359148 0.025555324 0.0 0.0 0.0697695 0.0 0.0 0.0 0.10365043 0.0 0.0 0.0 0.0 0.0043721995 0.0 0.0 0.0 0.0 0.055689074 0.017928608 0.0 0.0563596 0.0 0.0 0.053330883 0.07281081 0.0 0.0 0.0 0.0
0.012538181 0.0 0.0 0.0 0.0 0.0 0.060713664 0.12403372 0.0 0.045165703 0.0 0.0 0.0 0.0 0.0 0.06962171 0.031710252 0.0 0.0 0.0 0.0 0.0 0.023028465 0.0 0.00051256374 0.0 0.0 0.0 0.041828897 0.08743069 0.0 0.0 0.0 0.0 0.107864365 0.0045874007 0.04254929 0.0 0.008049479 0.0 0.01691001 0.0 0.0 0.0 0.014751757 0.0 0.0 0.0 0.0 0.0 0.110530086 0.03521363 0.0 0.0 0.053226974 0.0
0.0 0.0 0.0 0.058697354 0.1403321 0.0 0.0 0.0 0.0 0.0 0.06885899 0.0 0.0 0.0 0.006453592 0.0 0.0 0.0 0.042652596 0.0 0.0 0.0 0.03428473 0.026874617 0.04350643 0.0 0.03004324 0.019638544 0.0 0.0 0.15508972 0.0 0.0 0.0 0.005342899 0.0 0.0 0.0 0.018496308 0.0 0.0 0.0 0.021315655 0.0 0.0 0.0 0.0 0.092536636 0.0 0.0 0.098153286 0.075703606 0.0 0.0 0.0038609134 0.0
0.0 0.0 0.0 0.1403321 0.0048449542 0.0 0.0 0.0 0.0 0.0 0.13045932 0.0 0.0 0.07242695 0.030132487 0.1345405 0.0 0.0 0.0 0.0 0.0 0.0 0.011055163 0.010477228 0.0 0.0 0.113572046 0.021628762 0.0 0.0 0.013465931 0.0 0.0 0.0 0.0 0.0 0.0 0.075012825 0.05022414 0.0 0.0 0.0 0.0 0.0 0.0 0.0 0.0 0.12474433 0.0 0.0 0.024547301 0.024654988 0.0 0.0 0.0 0.0
0.31128976 0.0 0.0 0.0 0.0 0.0 0.0 0.00064306456 0.0 0.22119121 0.05923709 0.0 0.0 0.0 0.0 0.0 0.0 0.0 0.0 0.0 0.0 0.0 0.0 0.0 0.0 0.0 0.0 0.0 0.0 0.034435693 0.0063739023 0.0 0.0 0.0 0.06638408 0.0 0.033200137 0.024323966 0.0 0.0 0.0 0.0 0.0 0.0 0.038394626 0.0 0.0 0.058412343 0.0 0.0 0.0 0.0 0.0 0.0 0.0 0.0
0.05106289 0.0 0.060713667 0.0 0.0 0.0 0.0 0.0454907 0.0 0.0 0.0 0.0 0.0 0.0 0.0 0.024090867 0.006312379 0.0 0.0 0.19623527 0.0 0.0 0.021783395 0.031416476 0.0 0.0 0.066467315 0.035479862 0.0 0.0 0.0 0.0 0.26171282 0.0 0.0 0.0 0.02249067 0.0 0.0 0.0 0.0 0.0 0.0 0.0 0.028092004 0.0 0.0 0.0 0.0 0.0 0.0 0.055919047 0.0 0.0037153622 0.041730493 0.0
0.0 0.0 0.12403372 0.0 0.0 0.00064306456 0.045490697 0.0 0.0 0.0 0.0 0.002345589 0.0 0.0 0.0 0.0 0.0 0.12079899 0.0 0.0 0.21748179 0.016707294 0.0 0.0 0.0005898872 0.0 0.0 6.0672e-09 0.016910128 0.0 0.0 0.0 0.0 0.0 0.0 0.06515482 0.0 0.0 0.0 0.0 0.03948896 0.0 0.11961748 0.0 0.0 0.0 0.0 0.0 0.1680122 0.0 0.0 0.0 0.0 0.102565445 0.0 0.0009641436
0.012047531 0.011723943 0.0 0.0 0.0 0.0 0.0 0.0 0.0 0.09048235 0.0 0.0 0.005550011 0.18620573 0.0 0.03857122 0.0 0.0 0.0 0.0 0.0 0.0 0.014370298 0.020209415 0.016647572 0.0 0.06476288 0.0 0.03977921 0.0 0.0 0.0 0.0 0.05054997 0.0 0.0 0.0 0.0 0.005255012 0.021490442 0.061095186 0.04027555 0.059882246 0.0 0.0 0.0 0.0042405254 0.050652586 0.0 0.0 0.014027925 0.0 0.0 0.0 0.0 0.0
0.0 0.052377474 0.045165703 0.0 0.0 0.22119121 0.0 0.0 0.09048235 0.0 0.0 0.029318731 0.0 0.0 0.014211587 0.0 0.0 0.14795218 0.0 0.06177043 0.0555279 0.03223168 0.0 0.026968367 0.10388495 0.0 0.038953986 0.0 0.0 0.0 0.0 0.0 0.016549714 0.0 0.0 0.0 0.0 0.0 0.0 0.0 0.0 0.0 0.0 0.0 0.0 0.100169964 0.0 0.0 0.0029905469 0.0 0.0 0.0060508153 0.04117713 0.06704973 0.0 0.0
0.0 0.0 0.0 0.06885898 0.13045934 0.05923709 0.0 0.0 0.0 0.0 0.0 0.03193501 0.0 0.0 0.018747944 0.0 0.0 0.062113907 0.0 0.0 0.050201077 0.08784829 0.022675963 0.0 0.061678976 0.0 0.07057785 0.0 0.0 0.026191343 0.0 0.0 0.028499125 0.0 0.0 0.0 0.0 0.0 0.115306295 0.0 0.0 0.0 0.0 0.0 0.0 0.016014237 0.0 0.08099368 0.0 0.0 0.0057888464 0.0 0.0 0.004402192 0.0 0.0
0.00903349 0.0 0.0 0.0 0.0 0.0 0.0 0.002345589 0.0 0.029318731 0.031935014 0.0 0.13562335 0.07222252 0.0 0.0 0.050256602 0.0 0.0 0.0 0.0 0.0 0.0 0.0 0.0 0.04055927 0.0 0.0 0.0 0.0 0.016848203 0.0 0.0 0.0579818 0.06025611 0.051058296 0.01998123 0.0 0.0127501385 0.03730954 0.061556976 0.0 0.022955624 0.030178538 0.04906775 0.0 0.0 0.0 0.0 0.0 0.06005091 0.0 0.0 0.018924497 0.047292616 0.0
0.0 0.053959057 0.0 0.0 0.0 0.0 0.0 0.0 0.005550011 0.0 0.0 0.13562337 0.0 0.0 0.0 0.0 0.0 0.0 0.0 0.0 0.0 0.0011319935 0.15374988 0.048340373 0.0 0.0013515938 0.0 0.0 0.099668376 0.22303715 0.018809551 0.0 0.118582875 0.0 0.0 0.0 0.0 0.0 0.0 0.0 0.0 0.0 0.0 0.07761279 0.030239629 0.0 0.0 0.0 0.12562981 0.02507806 0.0 0.0 0.0 0.0 0.0 0.0
0.0 0.117722474 0.0 0.0 0.07242695 0.0 0.0 0.0 0.18620573 0.0 0.0 0.07222252 0.0 0.013043864 0.0024663203 0.0 0.027758608 0.0 0.07704238 0.00015558061 0.0 0.0 0.0 0.0 0.0 0.0 0.0 0.0 0.08254591 0.0 0.0 0.039232224 0.0 0.0 0.0 0.118732795 0.0 0.0 0.0 0.0 0.0 0.024963431 0.009289123 0.065125614 0.0 0.0009708763 0.030045334 0.0024559067 0.05132216 0.009994619 0.0 0.0005463706 0.1677226 0.0 0.0 0.049202472
0.0 0.0 0.0 0.006453592 0.030132487 0.0 0.0 0.0 0.0 0.014211588 0.018747946 0.0 0.0 0.0024663205 0.10549613 0.0 0.0 0.05386043 0.0 0.04118031 0.0 0.0 0.09750987 0.029526418 0.010185525 0.0 0.08005622 0.0 0.0 0.0 0.0133828325 0.08214394 0.0 0.0 0.027374962 0.0 0.015695091 0.016608723 0.0 0.0 0.0 0.0 0.0 0.0 0.0 0.06741205 0.0 0.02105101 0.0 0.0 0.04752835 0.09764125 0.0 0.0 0.060524654 0.0
0.0 0.05048575 0.06962172 0.0 0.1345405 0.0 0.02409087 0.0 0.038571224 0.0 0.0 0.0 0.0 0.0 0.0 0.0 0.00071283174 0.023431573 0.0 0.0 0.024234764 0.0 0.0 0.0015423086 0.027464831 0.0 0.09550865 0.0 0.0 0.07229154 0.052943997 0.065274164 0.059571855 0.0 0.015443339 0.048433002 0.0 0.031458985 0.0 0.0 0.0 0.0 0.0 0.0 0.0 0.12785576 0.0 0.035608783 0.0 0.0 0.0 0.0 0.0 0.0 0.0 0.0
0.0 0.0 0.031710252 0.0 0.0 0.0 0.006312379 0.0 0.0 0.0 0.0 0.050256606 0.0 0.027758608 0.0 0.0007128318 0.03914451 0.0 0.21798116 0.0 0.012448752 0.0 0.0 0.0 0.09085197 0.0 0.0 0.0 0.009520077 0.0010126921 0.0 0.0 0.0 0.0 0.0 0.05143435 0.0 0.021746788 0.10235003 0.0 0.0 0.0 0.0 0.10311426 0.0 0.05184836 0.053687993 0.0 0.0 0.0 0.0 0.0 0.0 0.0 0.06211679 0.039515942
0.070858136 0.0 0.0 0.0 0.0 0.0 0.0 0.12079899 0.0 0.14795217 0.062113903 0.0 0.0 0.0 0.05386043 0.023431573 0.0 0.0 0.0 0.0 0.0 0.0 0.0 0.0 0.0 0.021970047 0.010689858 0.0 0.0 0.0 0.0 0.0 0.008749956 0.024728784 0.059403542 0.0 0.027523026 0.076068416 0.017840793 0.0 0.06673179 0.0 0.0 0.0 0.15449679 0.031259492 0.0 0.0034006152 0.0 0.0 0.013200443 0.04953969 0.0 0.0 0.0 0.0
0.0 0.0 0.0 0.042652596 0.0 0.0 0.0 0.0 0.0 0.0 0.0 0.0 0.0 0.077042386 0.0 0.0 0.21798116 0.0 0.0 0.012725029 0.0 0.0 0.046519406 0.0 0.039936893 0.0 0.09290069 0.0 0.0 0.026759353 0.12608214 0.023553893 0.019110357 0.0 0.0 0.0 0.0 0.0 0.0 0.0 0.0 0.0 0.0 0.034452245 0.0935744 0.0 0.0 0.04401172 0.0 0.0066606468 0.011095428 0.0 0.0 0.0 0.0 0.0
0.025891596 0.0 0.0 0.0 0.0 0.0 0.19623527 0.0 0.0 0.061770435 0.0 0.0 0.0 0.00015558061 0.041180305 0.0 0.0 0.0 0.012725029 0.113876514 0.0013629035 0.080401264 0.0 0.0 0.0 0.008015926 0.0049993675 0.036472224 0.08025877 0.0 0.0 0.0 0.0 0.0 0.019829893 0.0 0.06676877 0.026597695 0.06539074 0.0 0.0 0.014439047 0.0 0.0 0.032969538 0.05027095 0.0 0.0 0.0 0.0 0.0 0.07955759 0.025645863 0.0 0.0 0.0
0.12660092 0.0 0.0 0.0 0.0 0.0 0.0 0.21748179 0.0 0.055527903 0.050201077 0.0 0.0 0.0 0.0 0.024234766 0.012448753 0.0 0.0 0.0013629034 0.0 0.0 0.0 0.023791557 0.0 0.0 0.0 0.09838967 0.019450078 0.0 0.0 0.0 0.0 0.0 0.020667255 0.0 0.15360244 0.0 0.0 0.0 0.0 0.0 0.0 0.0 0.082996994 0.0 0.0 0.0 0.0 0.0 0.020436464 0.017769288 0.0 0.0 0.012800158 0.0
0.11198872 0.0 0.0 0.0 0.0 0.0 0.0 0.016707296 0.0 0.03223168 0.08784829 0.0 0.0011319935 0.0 0.0 0.0 0.0 0.0 0.0 0.080401264 0.0 0.0 0.0 0.054732036 0.0 0.0 0.0 0.002661897 0.0 0.012893763 0.0 0.0 0.0 0.0 0.10390564 0.0 0.19875745 0.0 0.0 0.01811362 0.0 0.0 0.0 0.0 0.0014764544 0.0 0.0 0.06580945 0.0 0.0 0.06200788 0.027579753 0.0 0.0 0.0 0.0
0.0 0.07733729 0.023028465 0.03428473 0.011055162 0.0 0.021783397 0.0 0.014370297 0.0 0.022675963 0.0 0.15374988 0.0 0.09750986 0.0 0.0 0.0 0.046519406 0.0 0.0 0.0 0.0 0.0 0.00048734198 0.06239088 0.0121853715 0.0 0.0 0.0 0.012276399 0.0 0.0 0.08961699 0.0 0.0 0.0 0.0 0.017105667 0.120728895 0.02775489 0.079747446 0.080327556 0.0 0.0 0.0 0.060481463 0.0 0.0 0.0 0.0 0.0 0.0 0.09802111 0.0 0.0005125802
0.010811942 0.07274122 0.0 0.026874617 0.010477228 0.0 0.031416476 0.0 0.020209413 0.02696837 0.0 0.0 0.04834037 0.0 0.029526418 0.0015423086 0.0 0.0 0.0 0.0 0.023791557 0.054732032 0.0 0.0 0.0 0.0020536399 0.0 0.0 0.0317989 0.0 0.0 0.0072975317 0.0 0.03103035 0.0 0.0114843305 0.0147804925 0.0 0.0 0.03644657 0.03683877 0.089298375 0.12027593 0.0 0.0 0.0 0.026666835 0.0 0.0032282982 0.0 0.0 0.0 0.0 0.13880573 0.0 0.08669736
0.011388725 0.0 0.0005125637 0.04350643 0.0 0.0 0.0 0.0005898872 0.01664757 0.10388494 0.061678976 0.0 0.0 0.0 0.010185525 0.027464831 0.09085196 0.0 0.039936893 0.0 0.0 0.0 0.00048734198 0.0 0.07194011 0.0 0.0 0.0 0.0 0.08507481 0.0 0.0 0.0032460983 0.0 0.0492303 0.015968023 0.01390583 0.033402827 0.12107175 0.0 0.01389028 0.0 0.0070644873 0.0 0.012730462 0.012431784 0.0 0.0 0.0 0.0 0.12712243 0.0021300619 0.030674675 0.0 0.028430067 0.0
0.0 0.028138464 0.0 0.0 0.0 0.0 0.0 0.0 0.0 0.0 0.0 0.040559273 0.0013515938 0.0 0.0 0.0 0.0 0.021970047 0.0 0.008015926 0.0 0.0 0.06239088 0.0020536399 0.0 0.0 0.0 0.0 0.0 0.0 0.10003768 0.010909251 0.09472417 0.0 0.0 0.0 0.0 0.0 0.0 0.00641001 0.01799716 0.0 0.0 0.0 0.0 0.0 0.086996496 0.0 0.11871299 0.18776254 0.052883003 0.0 0.12323828 0.0 0.0 0.0
0.046894472 0.06359148 0.0 0.030043242 0.113572046 0.0 0.066467315 0.0 0.06476288 0.038953986 0.07057786 0.0 0.0 0.0 0.08005621 0.09550865 0.0 0.010689857 0.09290069 0.0049993675 0.0 0.0 0.0121853715 0.0 0.0 0.0 0.066564284 0.0 0.0 0.0 0.008949971 0.0 0.0 0.0137187475 0.012445386 0.007100765 0.12458644 0.0 0.0 0.0 0.0 0.0 0.0 0.0 0.0 0.0 0.0 0.018706495 0.0 0.0 0.0 0.012706935 0.0 0.0 0.0 0.0
0.0 0.025555324 0.0 0.019638542 0.02162876 0.0 0.035479862 6.0672005e-09 0.0 0.0 0.0 0.0 0.0 0.0 0.0 0.0 0.0 0.0 0.0 0.036472227 0.09838968 0.0026618973 0.0 0.0 0.0 0.0 0.0 0.0 0.0 0.005531487 0.015438573 0.022240387 0.013403361 0.032536805 0.0 0.0 0.053508155 0.0 0.0 0.0 0.044743553 0.111679286 0.0 0.0 0.0 0.0 0.15438999 0.0 0.018411098 0.03912965 0.0 0.0 0.08805158 0.080268174 0.0 0.0
0.0 0.0 0.041828897 0.0 0.0 0.0 0.0 0.016910128 0.03977921 0.0 0.0 0.0 0.099668376 0.08254591 0.0 0.0 0.009520076 0.0 0.0 0.08025877 0.019450078 0.0 0.0 0.0317989 0.0 0.0 0.0 0.0 0.021957863 0.0 0.0 0.0 0.0 0.0 0.048018195 0.0 0.0 0.0 0.0 0.01930487 0.10214762 0.0 0.0 0.09178838 0.021146296 0.0 0.0 0.0 0.0 0.0 0.0 0.0057165977 0.0 0.0 0.13041987 0.0990947
0.0 0.0 0.087430686 0.0 0.0 0.034435697 0.0 0.0 0.0 0.0 0.026191343 0.0 0.22303717 0.0 0.0 0.07229154 0.0010126921 0.0 0.026759353 0.0 0.0 0.012893762 0.0 0.0 0.08507481 0.0 0.0 0.005531487 0.0 0.0 0.0 0.0 0.002678242 0.023757035 0.0 0.0 0.0 0.009868233 0.029847065 0.113862716 0.0 0.007274656 0.019204918 0.0 0.0 0.0 0.0 0.0 0.015592387 0.0 0.0 0.0 0.0 0.02008215 0.068462595 0.0
0.0 0.0697695 0.0 0.15508972 0.01346593 0.006373902 0.0 0.0 0.0 0.0 0.0 0.016848203 0.018809551 0.0 0.0133828325 0.052944 0.0 0.0 0.12608214 0.0 0.0 0.0 0.012276399 0.0 0.0 0.10003768 0.008949971 0.015438574 0.0 0.0 0.0 0.0 0.0 0.0 0.0 0.0 0.0 0.01415276 0.0 0.048695903 0.0 0.13104685 0.1594417 0.0 0.0 0.0 0.08866674 0.0 0.0 0.0 0.012762365 0.0 0.0 0.0046804957 0.0 0.0
0.0064175082 0.0 0.0 0.0 0.0 0.0 0.0 0.0 0.0 0.0 0.0 0.0 0.0 0.039232224 0.08214393 0.06527417 0.0 0.0 0.023553893 0.0 0.0 0.0 0.0 0.0072975317 0.0 0.010909251 0.0 0.022240387 0.0 0.0 0.0 0.0 0.0 0.0 0.038366724 0.0051023616 0.0 0.0982369 0.0 0.0 0.0 0.07206959 0.0 0.0 0.20771523 0.0 0.0 0.0 0.034151897 0.0 0.0 0.039572246 0.0 0.0 0.0 0.004084136
0.0 0.0 0.0 0.0 0.0 0.0 0.26171282 0.0 0.0 0.016549714 0.028499123 0.0 0.11858287 0.0 0.0 0.059571855 0.0 0.008749955 0.019110357 0.0 0.0 0.0 0.0 0.0 0.0032460985 0.09472417 0.0 0.013403361 0.0 0.002678242 0.0 0.0 0.0 0.0 0.0 0.0 0.0 0.027895337 0.0 0.0 0.0 0.0 0.0 0.0 0.0 0.0 0.07131937 0.0 0.0015163443 0.0 0.15566853 0.032011192 0.0 0.0 0.0 0.0
0.0 0.0 0.0 0.0 0.0 0.0 0.0 0.0 0.050549973 0.0 0.0 0.0579818 0.0 0.0 0.0 0.0 0.0 0.024728782 0.0 0.0 0.0 0.0 0.08961699 0.03103035 0.0 0.0 0.013718748 0.032536805 0.0 0.023757035 0.0 0.0 0.0 0.0 0.0 0.052540377 0.0 0.16960834 0.0 0.0 0.0 0.0 0.0 0.014683623 0.0 0.0 0.0 0.008426046 0.021649217 0.0 0.0 0.019686343 0.0025055632 0.0 0.20930003 0.0
0.0 0.10365043 0.107864365 0.005342899 0.0 0.06638408 0.0 0.0 0.0 0.0 0.0 0.06025611 0.0 0.0 0.027374962 0.01544334 0.0 0.059403546 0.0 0.019829895 0.020667255 0.10390564 0.0 0.0 0.049230304 0.0 0.012445386 0.0 0.048018195 0.0 0.0 0.038366724 0.0 0.0 0.0 0.0 0.0 0.0 0.042290382 0.0 0.015607417 0.0 0.0 0.043407332 0.021430686 0.035058774 0.0 0.00669464 0.0 0.01623538 0.0 0.0 0.032706205 0.030633878 0.041347414 0.055809177
0.0 0.0 0.0045874002 0.0 0.0 0.0 0.0 0.06515482 0.0 0.0 0.0 0.051058296 0.0 0.11873279 0.0 0.048433002 0.05143435 0.0 0.0 0.0 0.0 0.0 0.0 0.0114843305 0.015968021 0.0 0.007100765 0.0 0.0 0.0 0.0 0.0051023616 0.0 0.052540377 0.0 0.015365362 0.0 0.0 0.01705581 0.0 0.001629617 0.0 0.0 0.0 0.023173127 0.0 0.07550838 0.0 0.018102812 0.13042547 0.0 0.01318175 0.0 0.01878812 0.0330864 0.087665096
0.0 0.0 0.04254929 0.0 0.0 0.033200137 0.02249067 0.0 0.0 0.0 0.0 0.019981228 0.0 0.0 0.015695091 0.0 0.0 0.027523026 0.0 0.06676878 0.15360245 0.19875745 0.0 0.0147804925 0.01390583 0.0 0.124586426 0.053508155 0.0 0.0 0.0 0.0 0.0 0.0 0.0 0.0 0.0 0.0 0.0 0.111146085 0.0 0.0 0.05672468 0.0 0.0 0.055434793 0.018060701 0.0 0.0 0.016975142 0.0 0.0 0.0 0.07794311 0.0 0.0
0.0 0.0 0.0 0.0 0.075012825 0.024323966 0.0 0.0 0.0 0.0 0.0 0.0 0.0 0.0 0.01660872 0.031458985 0.02174679 0.076068416 0.0 0.026597695 0.0 0.0 0.0 0.0 0.033402827 0.0 0.0 0.0 0.0 0.0098682325 0.01415276 0.098236896 0.027895337 0.16960834 0.0 0.0 0.0 0.0 0.028812865 0.11084387 0.0 0.0 0.037236545 0.0 0.010087253 0.024344012 0.0 0.0 0.0 0.0 0.0 0.0 0.0 0.03654282 0.0 0.0
0.0 0.0 0.00804948 0.018496308 0.05022414 0.0 0.0 0.0 0.005255012 0.0 0.1153063 0.012750138 0.0 0.0 0.0 0.0 0.10235002 0.017840793 0.0 0.065390736 0.0 0.0 0.017105667 0.0 0.121071756 0.0 0.0 0.0 0.0 0.029847065 0.0 0.0 0.0 0.0 0.042290382 0.01705581 0.0 0.028812865 0.0 0.0 0.014906326 0.0 0.011359318 0.008086786 0.0 0.056087073 0.0 0.07607725 0.0 0.0 0.09511152 0.0 0.023617655 0.0 0.11787324 0.0
0.0 0.004372199 0.0 0.0 0.0 0.0 0.0 0.0 0.021490442 0.0 0.0 0.03730954 0.0 0.0 0.0 0.0 0.0 0.0 0.0 0.0 0.0 0.01811362 0.120728895 0.03644657 0.0 0.00641001 0.0 0.0 0.01930487 0.11386272 0.048695903 0.0 0.0 0.0 0.0 0.0 0.11114608 0.11084387 0.0 0.0 0.0 0.003589727 0.033999134 0.0 0.0077440953 0.0 0.053247314 0.015393809 0.020909244 0.12286371 0.0037163119 0.0 0.06491949 0.050476022 0.004830658 0.0
0.0 0.0 0.01691001 0.0 0.0 0.0 0.0 0.03948896 0.061095186 0.0 0.0 0.061556976 0.0 0.0 0.0 0.0 0.0 0.06673179 0.0 0.0 0.0 0.0 0.02775489 0.03683877 0.01389028 0.01799716 0.0 0.044743553 0.10214761 0.0 0.0 0.0 0.0 0.0 0.015607417 0.001629617 0.0 0.0 0.014906325 0.0 0.0 0.0 0.0 0.13173802 0.0074810823 0.0 0.017145613 0.023744306 0.038296748 0.08001976 0.0 0.0 0.0955542 0.0 0.011726239 0.010353644
0.0 0.0 0.0 0.0 0.0 0.0 0.0 0.0 0.040275548 0.0 0.0 0.0 0.0 0.024963433 0.0 0.0 0.0 0.0 0.0 0.014439048 0.0 0.0 0.079747446 0.08929838 0.0 0.0 0.0 0.11167929 0.0 0.0072746556 0.13104686 0.07206959 0.0 0.0 0.0 0.0 0.0 0.0 0.0 0.0035897272 0.0 0.0 0.0 0.12000663 0.03425257 0.0 0.0 0.0 0.0018693964 0.069404915 0.0127755655 0.0010282388 0.004058627 0.0 0.02290591 0.0
0.06421281 0.0 0.0 0.021315657 0.0 0.0 0.0 0.11961748 0.059882246 0.0 0.0 0.022955624 0.0 0.009289123 0.0 0.0 0.0 0.0 0.0 0.0 0.0 0.0 0.08032756 0.12027593 0.0070644873 0.0 0.0 0.0 0.0 0.019204916 0.15944171 0.0 0.0 0.0 0.0 0.0 0.05672468 0.037236545 0.011359318 0.033999134 0.0 0.0 0.0 0.0 0.046604216 0.0 0.022966977 0.0 0.0 0.0344698 0.0 0.0 0.0 0.00025851713 0.0 0.0
0.0 0.0 0.0 0.0 0.0 0.0 0.0 0.0 0.0 0.0 0.0 0.030178538 0.07761279 0.065125614 0.0 0.0 0.103114255 0.0 0.034452245 0.0 0.0 0.0 0.0 0.0 0.0 0.0 0.0 0.0 0.09178838 0.0 0.0 0.0 0.0 0.014683624 0.043407332 0.0 0.0 0.0 0.008086786 0.0 0.13173802 0.12000662 0.0 0.0662639 0.0044588964 0.0 0.011571203 0.0 0.0 0.0 0.015421537 0.0 0.004652293 0.0 0.03272675 0.19608757
0.0 0.055689074 0.014751757 0.0 0.0 0.038394626 0.028092004 0.0 0.0 0.0 0.0 0.04906775 0.030239627 0.0 0.0 0.0 0.0 0.15449679 0.0935744 0.032969538 0.082996994 0.0014764545 0.0 0.0 0.012730462 0.0 0.0 0.0 0.021146296 0.0 0.0 0.20771523 0.0 0.0 0.021430688 0.023173127 0.0 0.010087253 0.0 0.007744095 0.0074810823 0.03425257 0.046604216 0.0044588964 0.0 0.095851034 0.038516115 0.0 0.0 0.0 0.0 0.01599639 0.0 0.060706403 0.0 0.058736295
0.0 0.017928608 0.0 0.0 0.0 0.0 0.0 0.0 0.0 0.10016996 0.016014235 0.0 0.0 0.00097087637 0.06741205 0.12785576 0.05184836 0.031259492 0.0 0.05027095 0.0 0.0 0.0 0.0 0.012431784 0.0 0.0 0.0 0.0 0.0 0.0 0.0 0.0 0.0 0.035058774 0.0 0.055434797 0.02434401 0.056087073 0.0 0.0 0.0 0.0 0.0 0.095851034 0.0 0.0 0.0073552513 0.0 0.0 0.022181163 0.0 0.0 0.0 0.0 0.0
0.0 0.0 0.0 0.0 0.0 0.0 0.0 0.0 0.004240526 0.0 0.0 0.0 0.0 0.030045334 0.0 0.0 0.053687993 0.0 0.0 0.0 0.0 0.0 0.060481463 0.026666833 0.0 0.086996496 0.0 0.15439 0.0 0.0 0.08866674 0.0 0.07131937 0.0 0.0 0.07550838 0.018060701 0.0 0.0 0.053247318 0.017145613 0.0 0.022966975 0.011571203 0.038516115 0.0 0.18313229 0.0 0.0016808085 0.0 0.0 0.0 0.0 0.0 0.00739741 0.013157988
0.0 0.056359604 0.0 0.092536636 0.12474433 0.058412347 0.0 0.0 0.05065259 0.0 0.08099368 0.0 0.0 0.0024559067 0.02105101 0.035608783 0.0 0.0034006152 0.04401172 0.0 0.0 0.06580945 0.0 0.0 0.0 0.0 0.018706497 0.0 0.0 0.0 0.0 0.0 0.0 0.008426046 0.0066946396 0.0 0.0 0.0 0.07607725 0.015393809 0.023744304 0.0 0.0 0.0 0.0 0.0073552513 0.0 0.08064942 0.014766148 0.0 0.045832504 0.0018615848 0.0 0.0 0.05488166 0.0
0.007953629 0.0 0.0 0.0 0.0 0.0 0.0 0.1680122 0.0 0.0029905469 0.0 0.0 0.12562981 0.05132216 0.0 0.0 0.0 0.0 0.0 0.0 0.0 0.0 0.0 0.0032282982 0.0 0.11871299 0.0 0.018411098 0.0 0.015592388 0.0 0.0341519 0.0015163443 0.021649217 0.0 0.018102812 0.0 0.0 0.0 0.020909246 0.038296748 0.0018693963 0.0 0.0 0.0 0.0 0.0016808085 0.014766148 0.0 0.0 0.032218438 0.19516024 0.0 0.0 0.0 0.034013372
0.03381013 0.0 0.0 0.0 0.0 0.0 0.0 0.0 0.0 0.0 0.0 0.0 0.025078058 0.0099946195 0.0 0.0 0.0 0.0 0.0066606468 0.0 0.0 0.0 0.0 0.0 0.0 0.18776254 0.0 0.03912965 0.0 0.0 0.0 0.0 0.0 0.0 0.01623538 0.13042548 0.016975144 0.0 0.0 0.12286371 0.08001976 0.06940491 0.034469802 0.0 0.0 0.0 0.0 0.0 0.0 0.0 0.025840202 0.0 0.0 0.03571819 0.05285334 0.16218397
0.0 0.053330883 0.11053008 0.098153286 0.024547301 0.0 0.0 0.0 0.014027924 0.0 0.0057888464 0.060050905 0.0 0.0 0.04752835 0.0 0.0 0.013200443 0.011095428 0.0 0.020436462 0.06200788 0.0 0.0 0.12712243 0.052883 0.0 0.0 0.0 0.0 0.012762365 0.0 0.15566853 0.0 0.0 0.0 0.0 0.0 0.09511151 0.0037163119 0.0 0.0127755655 0.0 0.015421538 0.0 0.022181163 0.0 0.0458325 0.032218438 0.025840202 0.0 0.0 0.028800137 0.055087235 0.0 0.0
0.028622024 0.07281081 0.03521363 0.075703606 0.024654988 0.0 0.055919047 0.0 0.0 0.0060508153 0.0 0.0 0.0 0.00054637063 0.097641245 0.0 0.0 0.049539693 0.0 0.07955758 0.017769288 0.027579753 0.0 0.0 0.0021300619 0.0 0.012706935 0.0 0.0057165977 0.0 0.0 0.039572246 0.032011192 0.019686345 0.0 0.01318175 0.0 0.0 0.0 0.0 0.0 0.0010282388 0.0 0.0 0.015996387 0.0 0.0 0.001861585 0.19516024 0.0 0.0 0.0 0.04084976 0.088123605 0.0 0.0
0.0 0.0 0.0 0.0 0.0 0.0 0.0 0.0 0.0 0.041177135 0.0 0.0 0.0 0.16772258 0.0 0.0 0.0 0.0 0.0 0.025645863 0.0 0.0 0.0 0.0 0.030674675 0.12323828 0.0 0.08805158 0.0 0.0 0.0 0.0 0.0 0.0025055632 0.032706205 0.0 0.0 0.0 0.023617655 0.06491949 0.0955542 0.0040586274 0.0 0.004652293 0.0 0.0 0.0 0.0 0.0 0.0 0.028800137 0.04084976 0.0 0.0 0.10448037 0.0
0.0 0.0 0.0 0.0 0.0 0.0 0.003715362 0.10256544 0.0 0.06704973 0.0044021923 0.018924495 0.0 0.0 0.0 0.0 0.0 0.0 0.0 0.0 0.0 0.0 0.098021105 0.13880573 0.0 0.0 0.0 0.080268174 0.0 0.020082148 0.0046804957 0.0 0.0 0.0 0.03063388 0.01878812 0.07794311 0.03654282 0.0 0.050476022 0.0 0.0 0.00025851713 0.0 0.060706403 0.0 0.0 0.0 0.0 0.03571819 0.05508724 0.088123605 0.0 0.0 0.009904373 0.0
0.0 0.0 0.05322697 0.0038609134 0.0 0.0 0.041730493 0.0 0.0 0.0 0.0 0.047292616 0.0 0.0 0.060524657 0.0 0.06211679 0.0 0.0 0.0 0.012800158 0.0 0.0 0.0 0.028430067 0.0 0.0 0.0 0.13041985 0.068462595 0.0 0.0 0.0 0.20930003 0.041347414 0.033086404 0.0 0.0 0.11787323 0.004830658 0.011726239 0.02290591 0.0 0.032726754 0.0 0.0 0.00739741 0.05488166 0.0 0.052853342 0.0 0.0 0.10448037 0.009904373 0.0 0.008002181
0.04153412 0.0 0.0 0.0 0.0 0.0 0.0 0.0009641436 0.0 0.0 0.0 0.0 0.0 0.049202472 0.0 0.0 0.039515942 0.0 0.0 0.0 0.0 0.0 0.0005125802 0.08669736 0.0 0.0 0.0 0.0 0.0990947 0.0 0.0 0.004084136 0.0 0.0 0.05580918 0.0876651 0.0 0.0 0.0 0.0 0.010353644 0.0 0.0 0.19608757 0.05873629 0.0 0.013157989 0.0 0.034013372 0.16218396 0.0 0.0 0.0 0.0 0.008002182 0.11887429
