0.0 0.0 0.08742346 0.0 0.0 0.0 0.13318932 0.025806949 0.0 0.0 0.0 0.13633691 0.10145403 0.015533767 0.037046395 0.0 0.08439966 0.0 0.0034256743 0.0 0.0 0.0 0.0 0.00062680984 0.09606165 0.0 0.0 0.0 0.12883113 0.033702314 0.0 0.0 0.0 0.018041538 0.009889613 0.0 0.0 0.0 0.06538139 0.030434504 0.0 0.15959036 0.023276651 0.033924904 0.0 0.0 0.0 0.0 0.0 0.0 0.0 0.0 0.0 0.07680874 0.0 0.013807925
0.0 0.1296408 0.0 0.0 0.04115537 0.0 0.0 0.10554017 0.0 0.0 0.017575573 0.0 0.0 0.0 0.022010168 0.0 0.0 0.0 0.0 0.0 0.0 0.0 0.0 0.033383664 0.0 0.061827812 0.05840856 0.0 0.0 0.0 0.0 0.0 0.0 0.0 0.19733496 0.0 0.0698978 0.0 0.0 0.0 0.0 0.0 0.0 0.0 0.0019121325 0.0 0.0 0.0047653033 0.0 0.0 0.0 0.082167774 0.0 0.0113036735 0.0 0.0
0.08742346 0.0 0.033233043 0.0 0.0 0.0 0.0 0.0 0.0 0.051251836 0.0 0.0 0.011804182 0.0 0.0 0.0107421735 0.0 0.0 0.0 0.0 0.0 0.017525218 0.0032164804 0.0 0.008225899 0.0 0.06252978 0.0 0.0790367 0.008134398 0.0 0.0 0.0 0.029987039 0.06065687 0.0 0.0 0.0 0.0 0.0 0.0 0.0 0.0 0.0 0.182138 0.0 0.0 0.046754025 0.0 0.017463932 0.0 0.0 0.065039985 0.044331744 0.0 0.13452509
0.0 0.0 0.0 0.0 0.20484397 0.16187795 0.0 0.0 0.024423052 0.0 0.08029541 0.0 0.0 0.0 0.0 0.0 0.0 0.0 0.0 0.0 0.0 0.0 0.053846024 0.0 0.0 0.0 0.14591314 0.0 0.0 0.0 0.022389878 0.026681699 0.003530028 0.0 0.0 0.0 0.021402922 0.04313968 0.0 0.0 0.0 0.0 0.0 0.0 0.0 0.0 0.0 0.044015598 0.049079202 0.0 0.098252855 0.0 0.0 0.0 0.07770238 0.0
0.0 0.041155368 0.0 0.20484398 0.0 0.0 0.0 0.0 0.041950934 0.0 0.014871317 0.0 0.028571468 0.0 0.0 0.0 0.0 0.0 0.0 0.0 0.0 0.0 0.0 0.0 0.0 0.0 0.021030173 0.0 0.0054207 0.0 0.054128073 0.06549159 0.0 0.0 0.03896123 0.046615593 0.0 0.00083863165 0.0 0.0 0.0 0.12931508 0.0 0.0 0.0 0.0 0.015186782 0.0 0.0 0.0 0.0 0.0 0.03463285 0.10485935 0.0 0.0957894
0.0 0.0 0.0 0.16187796 0.0 0.0 0.0 0.0 0.0 0.0 0.07394649 0.0 0.0 0.0 0.0 0.06617407 0.0 0.0 0.0 0.0 0.0 0.1258073 0.011322122 0.0 0.0 0.0 0.0 0.0 0.0 0.0 0.06876604 0.0 0.13911843 0.0 0.0 0.0 0.012306518 0.0 0.0 0.0 0.0 0.04740198 0.0 0.0 0.0 0.0250997 0.0042086956 0.0 0.005169683 0.0 0.03922168 0.0 0.0 0.0 0.07013818 0.0
0.1331893 0.0 0.0 0.0 0.0 0.0 0.0 0.0 0.0 0.015109062 0.0 0.009250784 0.0 0.0 0.0 0.001545912 0.0 0.0 0.0 0.0 0.0 0.0 0.1380779 0.0 0.0 0.07194286 0.0 0.0 0.0 0.0 0.0 0.0 0.034988705 0.0 0.0 0.0 0.025363626 0.016714852 0.0 0.0 0.0 0.0 0.0 0.023800407 0.09683199 0.0 0.0 0.0 0.0 0.1309292 0.13997163 0.0 0.0 0.0 0.07448376 0.0
0.02580695 0.10554017 0.0 0.0 0.0 0.0 0.0 0.0 0.0 0.0076163597 0.0052624615 0.01096446 0.0 0.0 0.07849289 0.008051997 0.09089078 0.052142713 0.11971318 0.05194325 0.027461084 0.006118166 0.0 0.0 0.022712372 0.040625554 0.0 0.0 0.0 0.0 0.0 0.025511026 0.0 0.011856577 0.037444003 0.0 0.014815758 0.03202884 0.15096669 0.0 0.0 0.0 0.0 0.07844026 0.03243353 0.04671168 0.0 0.0 0.0 0.0 0.0 0.049991407 0.013378226 0.0 0.0 0.0
0.0 0.0 0.0 0.02442305 0.04195093 0.0 0.0 0.0 0.0 0.0 0.04755864 0.0 0.0 0.0 0.0 0.056999095 0.0 0.022990422 0.0 0.043566722 0.029125638 0.0 0.1008835 0.0 0.0 0.0 0.16654953 0.0 0.0 0.0 0.09118229 0.037601728 0.0 0.0 0.047344282 0.0 0.0 0.039346367 0.0 0.0 0.0 0.0 0.021007527 0.0 0.0 0.050635736 0.0 0.06892231 0.1473412 0.0 0.0 0.0 0.03862089 0.0 0.009342644 0.0
0.0 0.0 0.05125184 0.0 0.0 0.0 0.015109062 0.0076163597 0.0 0.0 0.05446085 0.12656106 0.0 0.0 0.2658607 0.0 0.038567796 0.0 0.14426751 0.001868859 0.041387465 0.0 0.0 0.0 0.047179505 0.0 0.0 0.0 0.0 0.011639597 0.043400317 0.0 0.0 0.0 0.0 0.0 0.0 0.048355386 0.014254713 0.0 0.0 0.0 0.0 0.09369002 0.0 0.09121977 0.0 0.0 0.0 0.0 0.0 0.023136927 0.0 0.0 0.0 0.0
0.0 0.017575573 0.0 0.08029541 0.014871317 0.07394648 0.0 0.005262461 0.04755864 0.054460846 0.23615795 0.0 0.0 0.0 0.0 0.024990832 0.0 0.0 0.0 0.0 0.055860337 0.04284605 0.0 0.0 0.0 0.0 0.0 0.0 0.0 0.0 0.0 0.0 0.021101845 0.0 0.0 0.0 0.11386635 0.0 0.0 0.0 0.0 0.12513883 0.0072224285 0.0 0.008892362 0.07043902 0.0 0.0 0.0 0.0 0.0 0.0 0.02080739 0.0 0.0 0.0
0.13633691 0.0 0.0 0.0 0.0 0.0 0.009250784 0.010964459 0.0 0.12656106 0.0 0.0 0.0 0.0 0.0 0.013887139 0.0 0.0 0.0 0.0 0.0 0.0 0.00344093 0.010467594 0.0 0.0 0.0018558449 0.0 0.040722307 0.056138564 0.0 0.0 0.0 0.023653567 0.050151277 0.0 0.016301146 0.0 0.0 0.0 0.0 0.0 0.0 0.0 0.16173267 0.0 0.0 0.0 0.054582976 0.066534914 0.0 0.011737015 0.0091154035 0.0 0.0 0.04018331
0.10145403 0.0 0.011804182 0.0 0.028571468 0.0 0.0 0.0 0.0 0.0 0.0 0.0 0.0 0.0 0.0 0.0 0.0 0.0 0.107309915 0.050149217 0.0 0.0 0.0 0.080505304 0.0 0.0 0.04181684 0.0 0.045806985 0.0 0.0 0.070669636 0.0 0.0 0.044925205 0.0 0.053997353 0.0 0.0 0.0 0.015782053 0.0 0.0 0.003570695 0.0 0.0 0.0 0.03940359 0.19947484 0.025133243 0.0 0.05402119 0.018273124 0.0 0.0 0.0
0.015533767 0.0 0.0 0.0 0.0 0.0 0.0 0.0 0.0 0.0 0.0 0.0 0.0 0.07853533 0.0 0.0 0.0 0.0 0.0 0.0 0.0 0.0 0.0 0.0 0.0 0.0 0.0 0.08050615 0.079943165 0.0 0.0 0.0 0.0 0.04601867 0.05306729 0.0 0.0 0.0 0.044885255 0.03420066 0.15766881 0.0 0.099495046 0.0 0.0 0.0 0.0 0.02049492 0.0 0.1801059 0.0014573438 0.0062571177 0.0 0.0 0.0 0.23881802
0.037046395 0.02201017 0.0 0.0 0.0 0.0 0.0 0.07849289 0.0 0.2658607 0.0 0.0 0.0 0.0 0.0 0.006453377 0.062447455 0.08909806 0.0 0.0 0.00021208642 0.0 0.0 0.0 0.0 0.0 0.015759258 0.0 0.051958434 0.06972104 0.0 0.0 0.0 0.0 0.051008463 0.0 0.015222408 0.009889094 0.0 0.0 0.0 0.0 0.0 0.0031608779 0.0 0.0 0.0 0.042216185 0.0 0.0 0.0 0.0 0.0 0.0 0.0 0.0
0.0 0.0 0.0107421735 0.0 0.0 0.06617407 0.0015459119 0.008051997 0.056999095 0.0 0.024990834 0.013887139 0.0 0.0 0.0064533777 0.017696794 0.031139795 0.1014868 0.01718267 0.0 0.07551609 0.026943212 0.1058432 0.0 0.0 0.0 0.0 0.0 0.0 0.0015688242 0.0 0.084582664 0.1044341 0.10034711 0.0 0.0 0.0 0.13615055 0.0 0.0 0.0 0.0 0.0 0.0 0.0 0.0 0.0 0.0 0.0689404 0.0804081 0.0 0.0 0.0 0.0 0.030750515 0.0
0.08439966 0.0 0.0 0.0 0.0 0.0 0.0 0.09089078 0.0 0.038567796 0.0 0.0 0.0 0.0 0.062447455 0.031139795 0.0 0.04816402 0.0 0.06953918 0.0 0.0 0.0 0.0 0.016915154 0.009692164 0.06976462 0.0 0.0 0.020675967 0.049086362 0.0 0.0 0.0 0.0 0.0 0.008607845 0.0 0.014600135 0.0 0.0 0.0 0.0 0.0 0.18442014 0.0 0.0 0.035802905 0.0 0.0 0.0074555604 0.04842762 0.0 0.011746697 0.0 0.0
0.0 0.0 0.0 0.0 0.0 0.0 0.0 0.052142717 0.022990422 0.0 0.0 0.0 0.0 0.0 0.08909805 0.1014868 0.048164017 0.02630652 0.0 0.0 0.037476398 0.0 0.04329946 0.0 0.030584604 0.0012540782 0.028524535 0.0 0.0 0.088654116 0.036725335 0.0 0.0 0.0 0.018713616 0.06958172 0.04456356 0.027455004 0.05384087 0.0 0.0 0.0 0.0 0.046769816 0.0 0.0 0.009725291 0.0 0.0 0.0 0.0 0.044878945 0.0 0.030981613 0.0 0.006436792
0.0034256743 0.0 0.0 0.0 0.0 0.0 0.0 0.11971318 0.0 0.14426751 0.0 0.0 0.10730991 0.0 0.0 0.017182672 0.0 0.0 0.0 0.0 0.0 0.0 0.0 0.0 0.018511191 0.024596583 0.0 0.0 0.0 0.0 0.0 0.0 0.0 0.006407197 0.08278476 0.1568922 0.02212848 0.027438952 0.0 0.00312257 0.0 0.0 0.0 0.0 0.0 0.0 0.0 0.0 0.0 0.0 0.0 0.060928654 0.0 0.0 0.0 0.03188288
0.0 0.0 0.0 0.0 0.0 0.0 0.0 0.05194325 0.043566722 0.0018688592 0.0 0.0 0.050149214 0.0 0.0 0.0 0.06953918 0.0 0.0 0.0 0.0 0.070389554 0.0 0.0 0.0 0.0 0.0 0.0 0.03547494 0.012871684 0.0 0.0 0.0 0.0031362418 0.0 0.0 0.030142542 0.0 0.0 0.018229933 0.0 0.1410793 0.048282586 0.05748329 0.0 0.036726937 0.0 0.0 0.0 0.0 0.0 0.0 0.0 0.21535143 0.0 0.06313041
0.0 0.0 0.0 0.0 0.0 0.0 0.0 0.027461085 0.029125636 0.04138746 0.05586034 0.0 0.0 0.0 0.00021208642 0.07551609 0.0 0.037476398 0.0 0.0 0.14513868 0.0 0.037861373 0.0 0.0 0.0 0.0 0.0 0.0 0.0 0.078035265 0.026333023 0.0 0.0106487125 0.0 0.024667433 0.036193866 0.062333204 0.0 0.0 0.0 0.0 0.0 0.0 0.0 0.0 0.043984402 0.0 0.033578366 0.0 0.0 0.010641144 0.006247286 0.0459003 0.022752887 0.0
0.0 0.0 0.017525218 0.0 0.0 0.1258073 0.0 0.006118166 0.0 0.0 0.042846046 0.0 0.0 0.0 0.0 0.02694321 0.0 0.0 0.0 0.07038955 0.0 0.0 0.23334381 0.0 0.0 0.0 0.08055084 0.0 0.0 0.0 0.15305738 0.0 0.02877305 0.0 0.0 0.0 0.0 0.0 0.0 0.0 0.0 0.0 0.0 0.0 0.0 0.0 0.0 0.011248944 0.02281748 0.0040687546 0.0 0.0 0.0 0.0 0.021657046 0.0
0.0 0.0 0.0032164804 0.053846028 0.0 0.011322122 0.13807791 0.0 0.1008835 0.0 0.0 0.00344093 0.0 0.0 0.0 0.1058432 0.0 0.04329946 0.0 0.0 0.03786137 0.23334381 0.0 0.0 0.0 0.0 0.0 0.06880377 0.015347658 0.0 0.0 0.020332659 0.16082622 0.028229367 0.0 0.002974122 0.0 0.0 0.0 0.0077367066 0.0 0.0 0.0 0.0 0.0 0.061878797 0.0 0.04862977 0.0 0.0 0.0 0.0 0.0 0.0 0.0 0.0
0.0006268099 0.033383664 0.0 0.0 0.0 0.0 0.0 0.0 0.0 0.0 0.0 0.010467594 0.080505304 0.0 0.0 0.0 0.0 0.0 0.0 0.0 0.0 0.0 0.0 0.0 0.0 0.043486994 0.0 0.0 0.14168242 0.0 0.0 0.0 0.0 0.0 0.0 0.0 0.0 0.004946545 0.053354062 0.013695629 0.020109037 0.0 0.055163994 0.237955 0.0 0.07548701 0.0 0.0 0.0 0.051814605 0.0 0.0 0.0 0.058227807 0.04338784 0.15897994
0.09606164 0.0 0.008225899 0.0 0.0 0.0 0.0 0.022712374 0.0 0.04717951 0.0 0.0 0.0 0.0 0.0 0.0 0.016915156 0.030584604 0.018511191 0.0 0.0 0.0 0.0 0.0 0.0 0.0 0.089767225 0.0 0.06717855 0.024766712 0.02814617 0.0 0.0 0.0149559 0.0050872294 0.0 0.0 0.037151832 0.0 0.0 0.0 0.0 0.0 0.03687106 0.08045338 0.0045571644 0.16346359 0.06412783 0.0 0.0 0.0 0.0 0.0041128434 0.0 0.0 0.02563015
0.0 0.061827816 0.0 0.0 0.0 0.0 0.07194286 0.040625554 0.0 0.0 0.0 0.0 0.0 0.0 0.0 0.0 0.009692164 0.0012540782 0.024596583 0.0 0.0 0.0 0.0 0.043486994 0.0 0.0 0.0 2.7092275e-08 0.0 0.0 0.0 0.035503734 0.007621535 0.0 0.033980362 0.0 0.0 0.059966743 0.0 0.11558859 0.12531486 0.0 0.056847353 0.0 0.0 0.0115196565 0.0 0.0 0.0 0.0 0.05709029 0.03730646 0.0 0.0 0.0 0.0
0.0 0.05840856 0.06252979 0.14591314 0.021030173 0.0 0.0 0.0 0.16654953 0.0 0.0 0.0018558447 0.041816838 0.0 0.015759258 0.0 0.06976462 0.028524533 0.0 0.0 0.0 0.08055084 0.0 0.0 0.089767225 0.0 0.0 0.0 0.0 0.037548516 0.04171361 0.10631187 0.053141173 0.0 0.0 0.0 0.0 0.035278905 0.0 0.0 0.0 0.03276238 0.07501801 0.0 0.0 0.0 0.0 0.0 0.010589245 0.0 0.0 0.0 0.015811838 0.0 0.0 0.0
0.0 0.0 0.0 0.0 0.0 0.0 0.0 0.0 0.0 0.0 0.0 0.0 0.0 0.08050615 0.0 0.0 0.0 0.0 0.0 0.0 0.0 0.0 0.06880378 0.0 0.0 2.7092273e-08 0.0 0.23086008 0.0 0.0 0.0 0.0 0.0 0.0 0.0 0.0 0.0 0.0 0.0036375385 0.083953604 0.028748492 0.0 0.04096701 0.0 0.0 0.0 0.0 0.0 0.0 0.024233308 0.27818796 0.0 0.0 0.0 0.15877542 0.0
0.12883113 0.0 0.0790367 0.0 0.0054207 0.0 0.0 0.0 0.0 0.0 0.0 0.040722307 0.04580698 0.079943165 0.051958434 0.0 0.0 0.0 0.0 0.035474945 0.0 0.0 0.015347659 0.14168242 0.067178555 0.0 0.0 0.0 0.0 0.0 0.011116033 0.0 0.0 0.0 0.0 0.0 0.0 0.0 0.047578722 0.0 0.0 0.0 0.0 0.0 0.0 0.0 0.0 0.0 0.0 0.0 0.0 0.0 0.048664343 0.09254446 0.0 0.0022615313
0.033702314 0.0 0.008134398 0.0 0.0 0.0 0.0 0.0 0.0 0.011639598 0.0 0.056138564 0.0 0.0 0.06972104 0.0015688242 0.020675965 0.08865412 0.0 0.012871683 0.0 0.0 0.0 0.0 0.024766713 0.0 0.037548516 0.0 0.0 0.057012603 0.0 0.0 0.16821958 0.0 0.0 0.0 0.022569604 0.029225938 0.0 0.0 0.0 0.0 0.0 0.0 0.10694861 0.010218636 0.042950705 0.049092993 0.013143036 0.0 0.0 0.0 0.007894261 0.0 0.0 0.0
0.0 0.0 0.0 0.022389878 0.054128077 0.06876604 0.0 0.0 0.09118229 0.043400317 0.0 0.0 0.0 0.0 0.0 0.0 0.049086362 0.03672534 0.0 0.0 0.078035265 0.15305738 0.0 0.0 0.028146172 0.0 0.04171361 0.0 0.011116033 0.0 0.0 0.0 0.033975977 0.0 0.0 0.0 0.0 0.0 0.0 0.0 0.0 0.097270586 0.0 0.0 0.027006716 0.0 0.0 0.0 0.0 0.05260575 0.0 0.0 0.0 0.0 0.0 0.0
0.0 0.0 0.0 0.026681697 0.06549159 0.0 0.0 0.025511026 0.037601728 0.0 0.0 0.0 0.070669636 0.0 0.0 0.084582664 0.0 0.0 0.0 0.0 0.026333025 0.0 0.020332659 0.0 0.0 0.035503734 0.10631187 0.0 0.0 0.0 0.0 0.013923393 0.0 0.0 0.04811679 0.2251591 0.0 0.012834971 0.0 0.0 0.0 0.0 0.0 0.0 0.0 0.0 0.0 0.011763021 0.054464318 0.0 0.029905584 0.012820146 0.0 0.0 0.04711966 0.0
0.0 0.0 0.0 0.003530028 0.0 0.13911843 0.034988705 0.0 0.0 0.0 0.021101845 0.0 0.0 0.0 0.0 0.1044341 0.0 0.0 0.0 0.0 0.0 0.02877305 0.16082622 0.0 0.0 0.007621535 0.053141173 0.0 0.0 0.16821958 0.033975977 0.0 0.0 0.0 0.0 0.0 0.005606387 0.0 0.0 0.0 0.0 0.0 0.0 0.0 0.08758902 0.0 0.0 0.049099192 0.0 0.0 0.014822389 0.010661308 0.0 0.0 0.096713096 0.0
0.018041538 0.0 0.029987039 0.0 0.0 0.0 0.0 0.011856577 0.0 0.0 0.0 0.023653567 0.0 0.04601867 0.0 0.10034711 0.0 0.0 0.006407197 0.0031362416 0.0106487125 0.0 0.028229367 0.0 0.0149559 0.0 0.0 0.0 0.0 0.0 0.0 0.0 0.0 0.0 0.10964737 0.0 0.007234143 0.0 0.026870381 0.0 0.0 0.0 0.0 0.0 0.0 0.0 0.09046533 0.0 0.0 0.09620882 0.0 0.0 0.07618183 0.0 0.041626338 0.0
0.009889613 0.19733495 0.06065687 0.0 0.03896123 0.0 0.0 0.037444003 0.047344282 0.0 0.0 0.050151277 0.044925205 0.05306729 0.051008463 0.0 0.0 0.018713616 0.08278476 0.0 0.0 0.0 0.0 0.0 0.005087229 0.033980362 0.0 0.0 0.0 0.0 0.0 0.04811679 0.0 0.10964736 0.026905077 0.0 0.0 0.0 0.031454332 0.0 0.0 0.070378944 0.06702353 0.0068202275 0.013304176 0.015718048 0.0 0.0 0.00532857 0.0 0.0 0.053890176 0.0 0.05883523 0.0 0.0
0.0 0.0 0.0 0.0 0.046615593 0.0 0.0 0.0 0.0 0.0 0.0 0.0 0.0 0.0 0.0 0.0 0.0 0.06958172 0.1568922 0.0 0.02466743 0.0 0.0029741223 0.0 0.0 0.0 0.0 0.0 0.0 0.0 0.0 0.2251591 0.0 0.0 0.0 0.0 0.0 0.06545423 0.17494592 0.0 0.0 0.0 0.0 0.0 0.0 0.0 0.0 0.0 0.0 0.0 0.015727375 0.0 0.21088372 0.0 0.0 0.0
0.0 0.0698978 0.0 0.021402922 0.0 0.012306518 0.025363626 0.014815758 0.0 0.0 0.11386635 0.016301146 0.053997356 0.0 0.015222409 0.0 0.008607846 0.044563558 0.02212848 0.030142544 0.036193866 0.0 0.0 0.0 0.0 0.0 0.0 0.0 0.0 0.022569604 0.0 0.0 0.005606387 0.0072341436 0.0 0.0 0.0 0.0 0.0 0.12963489 0.0 0.019197613 0.017567962 0.08503193 0.0 0.13283859 0.0 0.0 0.0 0.00784685 0.0 0.0 0.0 0.0 0.029061439 0.0
0.0 0.0 0.0 0.04313968 0.00083863165 0.0 0.016714852 0.03202884 0.039346367 0.04835539 0.0 0.0 0.0 0.0 0.009889094 0.13615055 0.0 0.027455004 0.027438952 0.0 0.062333204 0.0 0.0 0.004946545 0.037151832 0.05996674 0.035278905 0.0 0.0 0.029225938 0.0 0.01283497 0.0 0.0 0.0 0.06545423 0.0 0.0 0.0 0.0 0.0 0.007147708 0.03528632 0.0 0.0 0.1718995 0.0 0.0 0.0 0.008938163 0.0 0.032423213 0.0 0.01641428 0.0 0.0
0.0653814 0.0 0.0 0.0 0.0 0.0 0.0 0.15096669 0.0 0.014254714 0.0 0.0 0.0 0.044885255 0.0 0.0 0.014600136 0.05384087 0.0 0.0 0.0 0.0 0.0 0.053354066 0.0 0.0 0.0 0.0036375383 0.047578722 0.0 0.0 0.0 0.0 0.026870383 0.031454332 0.17494594 0.0 0.0 0.0 0.0 0.033689 0.0 0.0 0.026464986 0.08722473 0.0 0.0 0.052268196 0.0 0.0 0.0 0.153766 0.0 0.0 0.0 0.0
0.030434506 0.0 0.0 0.0 0.0 0.0 0.0 0.0 0.0 0.0 0.0 0.0 0.0 0.034200657 0.0 0.0 0.0 0.0 0.00312257 0.018229933 0.0 0.0 0.0077367066 0.013695629 0.0 0.11558859 0.0 0.0839536 0.0 0.0 0.0 0.0 0.0 0.0 0.0 0.0 0.12963487 0.0 0.0 0.14636824 0.1726071 0.0 0.0 0.0 0.0 0.0 0.00406656 0.03370545 0.058217935 0.0 0.18334307 0.0 0.0 0.0 0.09136899 0.0
0.0 0.0 0.0 0.0 0.0 0.0 0.0 0.0 0.0 0.0 0.0 0.0 0.01578205 0.15766881 0.0 0.0 0.0 0.0 0.0 0.0 0.0 0.0 0.0 0.020109037 0.0 0.12531486 0.0 0.028748492 0.0 0.0 0.0 0.0 0.0 0.0 0.0 0.0 0.0 0.0 0.033689 0.1726071 0.17826639 0.0 0.15643871 0.0 0.0 0.0 0.03419566 0.06394665 0.060685605 0.0 0.0569903 0.0 0.0 0.0 0.0098617645 0.0
0.15959036 0.0 0.0 0.0 0.1293151 0.04740198 0.0 0.0 0.0 0.0 0.12513885 0.0 0.0 0.0 0.0 0.0 0.0 0.0 0.0 0.1410793 0.0 0.0 0.0 0.0 0.0 0.0 0.03276238 0.0 0.0 0.0 0.09727058 0.0 0.0 0.0 0.070378944 0.0 0.019197615 0.0071477084 0.0 0.0 0.0 0.0 0.0 0.0055995574 0.0 0.0 0.13794531 0.022273906 0.0 0.0 0.0 0.0 0.0 0.0 0.0 0.0
0.023276653 0.0 0.0 0.0 0.0 0.0 0.0 0.0 0.021007527 0.0 0.0072224285 0.0 0.0 0.099495046 0.0 0.0 0.0 0.0 0.0 0.04828259 0.0 0.0 0.0 0.055163994 0.0 0.056847353 0.07501801 0.04096701 0.0 0.0 0.0 0.0 0.0 0.0 0.06702353 0.0 0.017567964 0.03528632 0.0 0.0 0.15643871 0.0 0.0 0.0 0.0 0.0 0.0 0.0 0.0 0.0 0.0 0.048131 0.0 0.0 0.046736278 0.0
0.033924904 0.0 0.0 0.0 0.0 0.0 0.023800407 0.07844026 0.0 0.09369002 0.0 0.0 0.0035706947 0.0 0.0031608776 0.0 0.0 0.046769816 0.0 0.057483293 0.0 0.0 0.0 0.237955 0.03687106 0.0 0.0 0.0 0.0 0.0 0.0 0.0 0.0 0.0 0.0068202275 0.0 0.08503193 0.0 0.026464986 0.0 0.0 0.005599558 0.0 0.0 0.0 0.0 0.0 0.13182911 0.012016686 0.0 0.0 0.10740722 0.0 0.0 0.0 0.0
0.0 0.0019121325 0.18213801 0.0 0.0 0.0 0.09683199 0.03243353 0.0 0.0 0.008892362 0.16173266 0.0 0.0 0.0 0.0 0.18442015 0.0 0.0 0.0 0.0 0.0 0.0 0.0 0.08045338 0.0 0.0 0.0 0.0 0.10694861 0.027006716 0.0 0.08758902 0.0 0.013304175 0.0 0.0 0.0 0.08722473 0.0 0.0 0.0 0.0 0.0 0.084113136 0.0 0.0 0.0034783476 0.0 0.048324674 0.0 0.0 0.04696962 0.0 0.0 0.0
0.0 0.0 0.0 0.0 0.0 0.0250997 0.0 0.046711676 0.05063574 0.09121977 0.07043901 0.0 0.0 0.0 0.0 0.0 0.0 0.0 0.0 0.03672694 0.0 0.0 0.061878797 0.07548701 0.0045571644 0.0115196565 0.0 0.0 0.0 0.010218636 0.0 0.0 0.0 0.0 0.01571805 0.0 0.13283859 0.17189948 0.0 0.0 0.0 0.0 0.0 0.0 0.0 0.0 0.0 0.0 0.0 0.0 0.0 0.16327569 0.0 0.0 0.08942096 0.0
0.0 0.0 0.0 0.0 0.015186782 0.0042086956 0.0 0.0 0.0 0.0 0.0 0.0 0.0 0.0 0.0 0.0 0.0 0.009725292 0.0 0.0 0.043984402 0.0 0.0 0.0 0.16346359 0.0 0.0 0.0 0.0 0.042950705 0.0 0.0 0.0 0.09046532 0.0 0.0 0.0 0.0 0.0 0.00406656 0.03419566 0.13794531 0.0 0.0 0.0 0.0 0.15386328 0.0 0.06710761 0.0 0.0 0.0 0.18241872 0.015488127 0.0 0.10545774
0.0 0.0047653033 0.046754025 0.044015598 0.0 0.0 0.0 0.0 0.06892231 0.0 0.0 0.0 0.03940359 0.02049492 0.042216185 0.0 0.035802905 0.0 0.0 0.0 0.0 0.011248944 0.048629772 0.0 0.064127825 0.0 0.0 0.0 0.0 0.049092997 0.0 0.011763021 0.049099192 0.0 0.0 0.0 0.0 0.0 0.052268196 0.03370545 0.06394665 0.022273907 0.0 0.13182911 0.0034783476 0.0 0.0 0.0 0.018041356 0.0 0.0 0.0 0.07906319 0.09372773 0.0 0.0
0.0 0.0 0.0 0.049079206 0.0 0.005169683 0.0 0.0 0.1473412 0.0 0.0 0.054582976 0.19947484 0.0 0.0 0.0689404 0.0 0.0 0.0 0.0 0.03357837 0.02281748 0.0 0.0 0.0 0.0 0.010589245 0.0 0.0 0.013143036 0.0 0.054464318 0.0 0.0 0.0053285696 0.0 0.0 0.0 0.0 0.058217935 0.060685605 0.0 0.0 0.012016686 0.0 0.0 0.06710761 0.018041354 0.0 0.0 0.0 0.0 0.07078381 0.0 0.0 0.0
0.0 0.0 0.017463932 0.0 0.0 0.0 0.1309292 0.0 0.0 0.0 0.0 0.06653491 0.025133243 0.18010588 0.0 0.08040809 0.0 0.0 0.0 0.0 0.0 0.0040687546 0.0 0.051814605 0.0 0.0 0.0 0.02423331 0.0 0.0 0.05260575 0.0 0.0 0.09620882 0.0 0.0 0.00784685 0.008938163 0.0 0.0 0.0 0.0 0.0 0.0 0.04832467 0.0 0.0 0.0 0.0 0.0 0.0 0.015954392 0.0 0.04544054 0.0 0.0
0.0 0.0 0.0 0.09825285 0.0 0.03922168 0.13997163 0.0 0.0 0.0 0.0 0.0 0.0 0.0014573437 0.0 0.0 0.0074555604 0.0 0.0 0.0 0.0 0.0 0.0 0.0 0.0 0.05709029 0.0 0.27818796 0.0 0.0 0.0 0.029905584 0.014822389 0.0 0.0 0.015727375 0.0 0.0 0.0 0.18334307 0.056990296 0.0 0.0 0.0 0.0 0.0 0.0 0.0 0.0 0.0 0.0 0.002226064 0.0 0.0 0.0 0.0
0.0 0.08216778 0.0 0.0 0.0 0.0 0.0 0.049991407 0.0 0.023136927 0.0 0.011737015 0.05402119 0.0062571177 0.0 0.0 0.04842762 0.04487894 0.060928658 0.0 0.010641144 0.0 0.0 0.0 0.0 0.037306458 0.0 0.0 0.0 0.0 0.0 0.012820147 0.010661308 0.0 0.053890176 0.0 0.0 0.032423213 0.153766 0.0 0.0 0.0 0.048131 0.10740722 0.0 0.16327569 0.0 0.0 0.0 0.015954392 0.002226064 0.0 0.0 0.0 0.0 0.0
0.0 0.0 0.065039985 0.0 0.03463285 0.0 0.0 0.013378227 0.03862089 0.0 0.02080739 0.0091154035 0.018273124 0.0 0.0 0.0 0.0 0.0 0.0 0.0 0.0062472867 0.0 0.0 0.0 0.0041128434 0.0 0.01581184 0.0 0.04866434 0.007894261 0.0 0.0 0.0 0.07618182 0.0 0.2108837 0.0 0.0 0.0 0.0 0.0 0.0 0.0 0.0 0.04696962 0.0 0.18241872 0.07906319 0.0707838 0.0 0.0 0.0 0.0114751775 0.0 0.0 0.007065238
0.07680874 0.0113036735 0.044331744 0.0 0.104859345 0.0 0.0 0.0 0.0 0.0 0.0 0.0 0.0 0.0 0.0 0.0 0.011746698 0.030981613 0.0 0.21535142 0.0459003 0.0 0.0 0.058227807 0.0 0.0 0.0 0.0 0.092544466 0.0 0.0 0.0 0.0 0.0 0.058835227 0.0 0.0 0.01641428 0.0 0.0 0.0 0.0 0.0 0.0 0.0 0.0 0.015488127 0.09372773 0.0 0.04544054 0.0 0.0 0.0 0.0 0.0 0.042603374
0.0 0.0 0.0 0.07770238 0.0 0.07013818 0.07448376 0.0 0.009342643 0.0 0.0 0.0 0.0 0.0 0.0 0.030750517 0.0 0.0 0.0 0.0 0.022752885 0.021657046 0.0 0.043387845 0.0 0.0 0.0 0.15877542 0.0 0.0 0.0 0.047119662 0.096713096 0.041626334 0.0 0.0 0.029061439 0.0 0.0 0.091368996 0.0098617645 0.0 0.046736278 0.0 0.0 0.08942096 0.0 0.0 0.0 0.0 0.0 0.0 0.0 0.0 0.0 0.0
0.013807926 0.0 0.1345251 0.0 0.0957894 0.0 0.0 0.0 0.0 0.0 0.0 0.04018331 0.0 0.23881802 0.0 0.0 0.0 0.006436792 0.03188288 0.06313041 0.0 0.0 0.0 0.15897995 0.02563015 0.0 0.0 0.0 0.002261531 0.0 0.0 0.0 0.0 0.0 0.0 0.0 0.0 0.0 0.0 0.0 0.0 0.0 0.0 0.0 0.0 0.0 0.10545774 0.0 0.0 0.0 0.0 0.0 0.007065238 0.042603377 0.0 0.0
