0.0 0.0 0.013056607 0.0 0.0 0.0 0.0 0.0 0.0 0.06948618 0.04631006 0.0 0.0 0.0 0.0 0.0 0.010763192 0.0 0.025856813 0.025443656 0.0 0.0 0.18016613 0.024151407 0.0 0.0 0.0 0.0 0.0 0.06257172 0.03348936 0.0 0.0 0.032006845 0.06087358 0.0 0.0 0.15959178 0.0 0.0 0.0 0.029909529 0.0 0.112826966 0.07251241 0.0 0.03281436 0.006471952 0.0 0.02549822 0.045071807 0.0 0.041888367 0.0 0.0 0.0
0.0 0.0 0.0 0.043384653 0.0 0.013360771 0.0 0.0 0.014755218 0.0 0.0 0.0 0.0 0.016694782 0.0 0.075270295 0.0 0.054700393 0.0 0.0 0.041756935 0.0 0.0038658024 0.0 0.0 0.040056836 0.06370195 0.015300775 0.0 0.0 0.03574405 0.0 0.0 0.0 0.0 0.0 0.0 0.0 0.0 0.12012929 0.02111469 0.0 0.0 0.0 0.0 0.0 0.0 0.07050242 0.0 0.0 0.033711802 0.0 0.0 0.0 0.21024805 0.0
0.013056607 0.0 0.0 0.0 0.0 0.08513879 0.0 0.0 0.0 0.0 0.0 0.0 0.0 0.015509463 0.0 0.08138474 0.0 0.013901947 0.0 0.0 0.0 0.0 0.0 0.0 0.07450501 0.0 0.11138519 0.05947665 0.0 0.0 0.0 0.0 0.0 0.0 0.0 0.013015524 0.0 0.0 0.07496278 0.053145975 0.0 0.0 0.0 0.0 0.0 0.0 0.0 0.005409691 0.041413095 0.0 0.07230679 0.0 0.0 0.0 0.06992413 0.0
0.0 0.043384653 0.0 0.26640874 0.0038887283 0.008482921 0.0 0.0 0.0 0.0 0.0 0.0 0.0 0.000927789 0.036960896 0.0 0.0 0.020007616 0.0 0.0 0.08762991 0.07909219 0.0 0.0 0.0 0.03393047 0.0 0.0046156123 0.0 0.032961342 0.0 0.026550392 0.07613079 0.0 0.0 0.0 0.0 0.006839023 0.0 0.0 0.0 0.0 6.349889e-05 0.0 0.0 0.029130729 0.0 0.063180454 0.021508327 0.0 0.0 0.10077024 0.0 0.0 0.0 0.0
0.0 0.0 0.0 0.0038887283 0.0 0.0158676 0.0 0.04590146 0.0 0.021935087 0.0 0.0 0.0 0.0 0.0 0.079445414 0.0 0.018020827 0.0 0.0 0.018312907 0.0 0.0 0.06807655 0.0 0.124373764 0.07368518 0.0 0.0 0.0 0.00055529526 0.0133019835 0.024216492 0.0 0.0 0.0 0.038142778 0.0 0.0 0.0 0.0 0.0 0.0 0.0 0.05705993 0.0 0.0 0.11347713 0.0 0.0 0.0047699353 0.084002785 0.0 0.049068935 0.123275496 0.0
0.0 0.013360772 0.08513879 0.008482921 0.0158676 0.011011693 0.055714242 0.0 0.0 0.0 0.0029088033 0.007488679 0.0 0.0 0.0102553675 0.0 0.0 0.06775992 0.0 0.0 0.0 0.021803299 0.0 0.0 0.03107138 0.0 0.0 0.0 0.0 0.05561161 0.0 0.0073040426 0.035167545 0.020423459 0.045367155 0.07129585 0.0 0.0 0.19088754 0.0 0.048427016 0.0 0.013548466 0.0 0.0 0.009089266 0.0 0.017345482 0.013695895 0.065096185 0.0 0.0 0.0 0.04673883 0.0 0.0
0.0 0.0 0.0 0.0 0.0 0.055714242 0.0 0.06242124 0.0 0.07393862 0.0 0.0 0.0 0.0 0.025195632 0.009517109 0.0 0.0 0.0 0.018597629 0.0 0.019800266 0.0 0.04982864 0.0 0.0 0.0 0.0 0.0 0.025329165 0.065222874 0.0 0.10934714 0.022036567 0.0 0.0 0.0 0.0 0.0 0.0 0.0 0.0 0.019374281 0.0 0.034875534 0.0 0.0 0.0046506706 0.15018179 0.052571423 0.041833643 0.0 0.0 0.0 0.0 0.0
0.0 0.0 0.0 0.0 0.04590146 0.0 0.06242124 0.015166264 0.020721104 0.0 0.011342109 0.0051695495 0.0038352304 0.09193313 0.017234184 0.0 0.00021897255 0.0 0.15883806 0.0040449807 0.0 0.0 0.0 0.16215591 0.04256445 0.036804006 0.0 0.014419412 0.028942617 0.06252884 0.0 0.07217165 0.0 0.0 0.010969537 0.02809041 0.0 0.10707506 0.0 0.0 0.016588867 0.0 0.0 0.016805673 0.0 0.0 0.0 0.0 0.02808231 0.0 0.0 0.0 0.0 0.0 0.0 0.0
0.0 0.014755218 0.0 0.0 0.0 0.0 0.0 0.020721106 0.26807463 0.0 0.0 0.0 1.7990778e-05 0.08659093 0.052055087 0.059515946 0.0 0.0 0.0 0.0 0.0 0.0 0.0 0.0 0.0 0.0704074 0.008927137 0.0 0.0 0.0 0.0 0.072730586 0.0 0.0 0.0 0.0 0.0 0.0 0.0 0.030424489 0.0 0.0 0.028828835 0.0 0.0 0.0 0.0 0.0 0.0 0.0 0.057142433 0.012849876 0.0 0.15310165 0.0 0.0
0.06948618 0.0 0.0 0.0 0.021935089 0.0 0.073938616 0.0 0.0 0.0 0.11460106 0.018286433 0.0 0.02060085 0.0 0.0 0.0 0.0 0.08167425 0.0 0.0 0.0 0.0936954 0.0 0.0 0.059065994 0.0 0.0 0.0 0.013995794 0.0 0.0 0.021547839 0.0 0.09501762 0.0 0.0 0.18348648 0.0 0.0 0.0 0.006972876 0.0 0.04881292 0.018824968 0.0 0.016328363 0.027688036 0.0 0.0 0.033074092 0.0 0.0 0.0 0.0 0.0
0.04631006 0.0 0.0 0.0 0.0 0.0029088033 0.0 0.011342109 0.0 0.11460106 0.0 0.028734857 0.0 0.0 0.0 0.0 0.0 0.0 0.0 0.0 0.0 0.009578834 0.0 0.024787191 0.0 0.112846695 0.0031578636 0.0 0.0 0.015833339 0.0 0.0 0.0340357 0.0 0.06793076 0.0 0.0 0.0 0.029167544 0.0 0.0006669042 0.0 0.0 0.0 0.08694644 0.0 0.0 0.07590661 0.0 0.17023723 0.028724486 0.049222972 0.0 0.014604165 0.05719539 0.0
0.0 0.0 0.0 0.0 0.0 0.007488679 0.0 0.005169549 0.0 0.018286435 0.028734857 0.0 0.0 0.0 0.007605982 0.1849645 0.0 0.0 0.0033163335 0.0 0.0 0.0 0.0 0.013928676 0.0 0.0 0.09485633 0.10008877 0.0 0.0 0.12850708 0.0 0.0 0.0 0.0 0.0 0.06582075 0.0 0.0 0.0 0.0 0.0 0.0 0.0 0.0 0.013495836 0.050760537 0.0 0.0 0.0 0.047800332 0.0 0.0 0.04028068 0.0 0.0
0.0 0.0 0.0 0.0 0.0 0.0 0.0 0.0038352306 1.799078e-05 0.0 0.0 0.0 0.006058909 0.12418173 0.1737789 0.03135413 0.0 0.0 0.0 0.0 0.13852613 0.0 0.0 0.0 0.022152657 0.039030552 0.0 0.034177564 0.0 0.0 0.0 0.0 0.072851524 0.08552119 0.0 0.0 0.0 0.0 0.0 0.06980984 0.0 0.009160241 0.06475504 0.0 0.003904173 0.0 0.022098154 0.0 0.013046092 0.0 0.0 0.0 0.0 0.0 0.0 0.0
0.0 0.01669478 0.015509462 0.0009277891 0.0 0.0 0.0 0.09193313 0.08659093 0.020600852 0.0 0.0 0.124181725 0.0 0.0 0.0 0.0 0.0 0.0 0.11824298 0.07330836 0.0 0.05750982 0.0 0.0 0.015641255 0.0018903035 0.0 0.0 0.0 0.0 0.0 0.0 0.12950279 0.052082226 0.0 0.08872413 0.0 0.0 0.0 0.062298097 0.0 0.03855596 0.0 0.0 0.0 0.0 0.0 0.0 0.0 0.0 0.004850317 0.0 0.0 0.0 0.0
0.0 0.0 0.0 0.036960896 0.0 0.0102553675 0.025195634 0.017234184 0.052055087 0.0 0.0 0.007605982 0.1737789 0.0 0.0 0.0 0.055262625 0.0 0.020851424 0.0 0.0 0.019051747 0.0 0.0 0.10407511 0.0 0.0 0.0 0.021150718 0.0 0.0 0.1591732 0.0 0.0 0.0 0.032278392 0.0 0.0 0.0 0.0 0.0 0.15891564 0.0 0.0 0.0 0.0 0.06930919 0.0 0.0 0.0 0.050928816 0.0 0.03523817 0.058682278 0.0 0.058915243
0.0 0.075270295 0.08138475 0.0 0.07944542 0.0 0.009517109 0.0 0.05951595 0.0 0.0 0.1849645 0.03135413 0.0 0.0 0.0 0.06477067 0.0 0.0 0.0 0.03907063 0.06713737 0.0 0.0 0.060128547 0.0 0.012173807 0.0 0.065718964 0.08360568 0.0 0.014385016 0.0 0.0 0.0 0.039487906 0.0 0.0 0.04745021 0.0 0.0 0.052505482 0.031397566 0.031842187 0.0 0.0 0.0 0.0 0.0 0.0 0.0 0.0 0.0 0.012282952 0.0030365235 0.0054119225
0.010763191 0.0 0.0 0.0 0.0 0.0 0.0 0.00021897253 0.0 0.0 0.0 0.0 0.0 0.0 0.05526262 0.06477067 0.0 0.0 0.0 0.0 0.0 0.047051672 0.0 0.0 0.0 0.0 0.02531391 0.0 0.0 0.0 0.0 0.0 0.0942562 0.0 0.0 0.0 0.0 0.0 0.07790481 0.0 0.035022173 0.0 0.013233316 0.0 0.0 0.0 0.0 0.057770606 0.0 0.16957769 0.0223793 0.019846898 0.105819 0.0 0.008453968 0.0
0.0 0.054700393 0.013901948 0.020007616 0.018020827 0.06775992 0.0 0.0 0.0 0.0 0.0 0.0 0.0 0.0 0.0 0.0 0.0 0.0 0.0 0.0 0.03514386 0.018112794 0.0 0.0 0.015006094 0.0 0.12321449 0.0 0.0 0.0 0.0 0.0 0.15136519 0.0 0.0 0.0 0.0 0.0 0.023827383 0.06067685 0.0 0.009594768 0.0 0.10079989 0.0 0.025484191 0.0 0.056595445 0.0 0.0141500225 0.032816056 0.016877998 0.0 0.0 0.02752344 0.0
0.025856813 0.0 0.0 0.0 0.0 0.0 0.0 0.15883808 0.0 0.08167425 0.0 0.0033163335 0.0 0.0 0.020851424 0.0 0.0 0.0 0.0 0.0 0.0 0.0 0.0 0.048558548 0.0 0.0 0.0 0.0347111 0.06391484 0.0 0.0 0.0 0.0 0.0 0.17170179 0.0 0.017892012 0.0 0.028604278 0.0 0.0 0.0573842 0.0 0.0 0.12289534 0.0 0.0078019137 0.044545516 0.0 0.0 0.032882214 0.05492065 0.0 0.017890925 0.0042021074 0.0
0.025443656 0.0 0.0 0.0 0.0 0.0 0.01859763 0.0040449807 0.0 0.0 0.0 0.0 0.0 0.11824298 0.0 0.0 0.0 0.0 0.0 0.0 0.0 0.0 0.0 0.079790905 0.0 0.04141963 0.0 0.023361944 0.0 0.0 0.0 0.0 0.0 0.0 0.03410758 0.012736157 0.07836416 0.0 0.06211612 0.011452825 0.14620887 0.0 0.0 0.06543017 0.0 0.025558135 0.0 0.022907823 0.0 0.0 0.010786427 0.020478552 0.0 0.08412525 0.019059692 0.0
0.0 0.04175694 0.0 0.0876299 0.018312907 0.0 0.0 0.0 0.0 0.0 0.0 0.0 0.13852614 0.07330836 0.0 0.039070632 0.0 0.035143856 0.0 0.0 0.0 0.0 0.0 0.0 0.0 0.0 0.015753156 0.0 0.0 0.0 0.002592648 0.0024930856 0.0 0.0 0.0 0.11617931 0.0 0.0 0.0 0.18192132 0.047426913 0.0 0.0 0.0 0.0 0.054136652 0.0 0.014203587 0.0 0.0 0.0 0.0 0.0 0.039313916 0.0 0.0
0.0 0.0 0.0 0.07909219 0.0 0.021803299 0.019800268 0.0 0.0 0.0 0.009578833 0.0 0.0 0.0 0.019051746 0.06713737 0.047051672 0.018112792 0.0 0.0 0.0 0.07384105 0.020023659 0.0 0.0 0.0 0.0 0.008642167 0.0 0.0 0.059720457 0.0 0.055445205 0.03528114 0.0 0.0 0.004601008 0.0 0.115015574 0.0 0.016267588 0.0377788 0.0 0.0033019222 0.026692756 0.08445457 0.0 0.008586943 0.13599175 0.0010645612 0.0058084233 0.0 0.0 0.023384092 0.0 0.0010067818
0.18016613 0.0038658024 0.0 0.0 0.0 0.0 0.0 0.0 0.0 0.09369541 0.0 0.0 0.0 0.057509817 0.0 0.0 0.0 0.0 0.0 0.0 0.0 0.02002366 0.0 0.014257153 0.0 0.09366568 0.0 0.0 0.0 0.028559878 0.057800286 0.0 0.0 0.015117954 0.0 0.0 0.006313177 0.0 0.0 0.0071059414 0.15889443 0.0 0.008774165 0.0 0.06684586 0.0 0.0 0.0 0.0032854388 0.042720955 0.0 0.049778514 0.0 0.0061326027 0.07672982 0.0
0.024151405 0.0 0.0 0.0 0.06807655 0.0 0.04982864 0.16215591 0.0 0.0 0.024787191 0.013928675 0.0 0.0 0.0 0.0 0.0 0.0 0.048558548 0.07979091 0.0 0.0 0.014257153 0.0 0.0 0.035430033 0.0063237366 0.0 0.017525613 0.025657287 0.0 0.03651776 0.0 0.0 0.067893155 0.0 0.04732917 0.04749103 0.0 0.0 0.0 0.057324104 0.0 0.075394966 0.0838753 0.0119006485 0.0 0.0 0.0 0.03610136 0.0 0.0 0.017086275 0.0 0.0 0.0
0.0 0.0 0.07450501 0.0 0.0 0.03107138 0.0 0.042564455 0.0 0.0 0.0 0.0 0.022152655 0.0 0.104075104 0.060128547 0.0 0.015006094 0.0 0.0 0.0 0.0 0.0 0.0 0.0 0.0 0.0 0.053572383 0.0 0.0 0.0 0.0 0.015515126 0.0 0.0 0.04486881 0.0 0.0 0.13661018 0.0 0.0049887877 0.0 0.0 0.0 0.0 0.15343952 0.0 0.0 0.029480236 0.014460056 0.0 0.040912576 0.024292687 0.082292855 0.0 0.0
0.0 0.040056836 0.0 0.03393047 0.124373764 0.0 0.0 0.036804006 0.0704074 0.059065994 0.1128467 0.0 0.039030552 0.015641255 0.0 0.0 0.0 0.0 0.0 0.04141963 0.0 0.0 0.093665674 0.035430036 0.0 0.0 0.0 0.0 0.0 0.0 0.039988212 0.0025115837 0.0067799347 0.0 0.03382687 0.0 0.007572564 0.03174828 0.0 0.0 0.0 0.0 0.025633236 0.0 0.0 0.0 0.022381011 0.0 0.024275541 0.0 0.033820458 0.041214816 0.0 0.0 0.09706149 0.0
0.0 0.06370195 0.11138518 0.0 0.07368518 0.0 0.0 0.0 0.008927136 0.0 0.0031578636 0.09485633 0.0 0.0018903035 0.0 0.012173808 0.02531391 0.12321449 0.0 0.0 0.015753156 0.0 0.0 0.006323737 0.0 0.0 0.0 0.0 0.07029141 0.025007397 0.015411701 0.0 0.0 0.018745508 0.0 0.15511118 0.066429466 0.0 0.0 0.0 0.0 0.017258763 0.010702285 0.018950092 0.0 0.02070263 0.02452214 0.0 0.0 0.0 0.0 0.16625877 0.0 0.03245601 0.0 0.0
0.0 0.015300774 0.059476655 0.004615613 0.0 0.0 0.0 0.014419413 0.0 0.0 0.0 0.10008877 0.034177564 0.0 0.0 0.0 0.0 0.0 0.0347111 0.023361944 0.0 0.008642166 0.0 0.0 0.053572383 0.0 0.0 0.0056852438 0.0 0.109121986 0.0 0.0014454926 0.0 0.10137906 0.0 0.008186311 0.0 0.0 0.0 0.016242074 0.07032034 0.027611088 0.08492055 0.09728491 0.0 0.0 0.028789444 0.0095632905 0.020186426 0.0 0.0 0.0 0.0 0.0 0.0 0.21645628
0.0 0.0 0.0 0.0 0.0 0.0 0.0 0.028942617 0.0 0.0 0.0 0.0 0.0 0.0 0.02115072 0.065718964 0.0 0.0 0.06391484 0.0 0.0 0.0 0.0 0.017525613 0.0 0.0 0.0702914 0.0 0.0 0.0 0.0 0.0 0.0 0.0 0.0 0.0 0.0 0.17856698 0.0 0.0 0.0 0.030459188 0.0 0.0 0.0 0.013145623 0.0 0.0 0.0 0.0 0.05089466 0.0 0.21761264 0.0 0.0 0.0
0.06257172 0.0 0.0 0.03296134 0.0 0.055611614 0.025329163 0.06252884 0.0 0.013995793 0.015833337 0.0 0.0 0.0 0.0 0.08360568 0.0 0.0 0.0 0.0 0.0 0.0 0.028559878 0.025657287 0.0 0.0 0.025007397 0.109121986 0.0 0.0 0.02722753 0.0 0.0 0.0 0.015335362 0.010206218 0.049597334 0.0 0.013277191 0.0 0.0 0.0 0.0 0.0074469238 0.0 0.0 0.0 0.07550881 0.0 0.0 0.07720875 0.058343668 0.0 0.0 0.04071388 0.0
0.03348936 0.03574405 0.0 0.0 0.0005552952 0.0 0.065222874 0.0 0.0 0.0 0.0 0.12850708 0.0 0.0 0.0 0.0 0.0 0.0 0.0 0.0 0.002592648 0.059720464 0.057800286 0.0 0.0 0.039988212 0.015411702 0.0 0.0 0.02722753 0.0 0.0 0.065813646 0.0 0.054326337 0.0 0.106914155 0.0 0.037655134 0.0 0.0 0.0 0.012955184 0.0 0.18160024 0.009319524 0.0 0.06400695 0.0 0.0 0.009086884 0.07072907 0.0 0.0 0.00464381 0.0
0.0 0.0 0.0 0.026550392 0.0133019835 0.0073040426 0.0 0.07217165 0.072730586 0.0 0.0 0.0 0.0 0.0 0.15917322 0.014385016 0.0 0.0 0.0 0.0 0.0024930853 0.0 0.0 0.036517765 0.0 0.0025115837 0.0 0.0014454926 0.0 0.0 0.0 0.0 0.0 0.0 0.0 0.0 0.0 0.0 0.0 0.0 0.0 0.039412092 0.0 0.0 0.009123469 0.022043629 0.0 0.025663368 0.0 0.0 0.1494458 0.10127531 0.0 0.032525297 0.0 0.0
0.0 0.0 0.0 0.07613079 0.02421649 0.035167545 0.10934714 0.0 0.0 0.021547839 0.0340357 0.0 0.07285153 0.0 0.0 0.0 0.0942562 0.15136519 0.0 0.0 0.0 0.055445205 0.0 0.0 0.015515126 0.0067799347 0.0 0.0 0.0 0.0 0.065813646 0.0 0.0 0.014886862 0.012929111 0.012988902 0.009995648 0.0 0.019784499 0.0 0.04055074 0.0 0.0 0.0 0.0 0.049466014 0.021400385 0.0 0.049773417 0.07023709 0.0 0.0 0.0 0.0 0.0 0.0
0.032006845 0.0 0.0 0.0 0.0 0.02042346 0.022036565 0.0 0.0 0.0 0.0 0.0 0.085521184 0.12950279 0.0 0.0 0.0 0.0 0.0 0.0 0.0 0.03528114 0.015117954 0.0 0.0 0.0 0.018745508 0.10137907 0.0 0.0 0.0 0.0 0.014886861 0.0 0.0 0.0 0.0 0.0 0.0 0.18272212 0.0 0.0 0.0 0.0 0.0 0.0 0.0 0.0 0.0 0.0 0.0 0.0 0.0 0.0 0.0 0.11251369
0.060873587 0.0 0.0 0.0 0.0 0.045367155 0.0 0.010969537 0.0 0.09501762 0.06793076 0.0 0.0 0.052082226 0.0 0.0 0.0 0.0 0.17170177 0.034107577 0.0 0.0 0.0 0.067893155 0.0 0.033826865 0.0 0.0 0.0 0.015335362 0.05432634 0.0 0.012929111 0.0 0.104554914 0.0 0.0 0.070162356 0.0 0.0 0.0 0.0 0.0 0.045804817 0.0 0.0 0.0 0.025782293 0.0 0.010853036 0.0 0.0017918597 0.0 0.0 0.04750418 0.0
0.0 0.0 0.013015524 0.0 0.0 0.07129585 0.0 0.02809041 0.0 0.0 0.0 0.0 0.0 0.0 0.032278392 0.039487906 0.0 0.0 0.0 0.0127361575 0.11617932 0.0 0.0 0.0 0.04486881 0.0 0.15511118 0.0081863105 0.0 0.010206218 0.0 0.0 0.012988903 0.0 0.0 0.0 0.07181293 0.0 0.0 0.0 0.0 0.0 0.0 0.0 0.0 0.0 0.0 0.1446561 0.08216922 0.0 0.020385938 0.0 0.036821313 0.036967054 0.0 0.0
0.0 0.0 0.0 0.0 0.038142778 0.0 0.0 0.0 0.0 0.0 0.0 0.065820746 0.0 0.08872413 0.0 0.0 0.0 0.0 0.017892012 0.07836417 0.0 0.0046010073 0.006313177 0.04732917 0.0 0.007572564 0.066429466 0.0 0.0 0.049597334 0.106914155 0.0 0.009995647 0.0 0.0 0.071812935 0.0 0.031236727 0.0 0.005865664 0.0 0.010558266 0.0 0.04812953 0.0 0.0 0.036336984 0.055157606 0.017332383 0.0 0.08441613 0.0 0.0 0.038542993 0.0 0.0
0.15959178 0.0 0.0 0.0068390225 0.0 0.0 0.0 0.107075065 0.0 0.18348648 0.0 0.0 0.0 0.0 0.0 0.0 0.0 0.0 0.0 0.0 0.0 0.0 0.0 0.04749103 0.0 0.03174828 0.0 0.0 0.17856699 0.0 0.0 0.0 0.0 0.0 0.070162356 0.0 0.031236727 0.0 0.0 0.0 0.0 0.0 0.0 0.0 0.14975551 0.0 0.0 0.018631661 0.0 0.0 0.0010835192 0.0 0.0 0.009173922 0.0 0.0
0.0 0.0 0.07496278 0.0 0.0 0.19088756 0.0 0.0 0.0 0.0 0.029167544 0.0 0.0 0.0 0.0 0.04745021 0.07790482 0.023827383 0.028604276 0.06211612 0.0 0.115015574 0.0 0.0 0.13661017 0.0 0.0 0.0 0.0 0.01327719 0.037655134 0.0 0.019784499 0.0 0.0 0.0 0.0 0.0 0.15535477 0.0 0.0 0.0 0.0 0.0 0.0 0.028114362 0.009054601 0.0 0.0 0.005548586 0.01182542 0.0 0.0 0.0 0.0 0.0
0.0 0.120129295 0.053145975 0.0 0.0 0.0 0.0 0.0 0.030424487 0.0 0.0 0.0 0.06980984 0.0 0.0 0.0 0.0 0.06067685 0.0 0.011452824 0.18192133 0.0 0.007105941 0.0 0.0 0.0 0.0 0.016242074 0.0 0.0 0.0 0.0 0.0 0.18272212 0.0 0.0 0.005865664 0.0 0.0 0.049788512 0.09841097 0.016944867 0.20026158 0.0 0.00079396163 0.0 0.06398092 0.0 0.0784778 0.0 0.0 0.0 0.0 0.044361174 0.0 0.0
0.0 0.02111469 0.0 0.0 0.0 0.048427016 0.0 0.016588869 0.0 0.0 0.0006669042 0.0 0.0 0.062298093 0.0 0.0 0.03502217 0.0 0.0 0.14620887 0.047426913 0.016267586 0.15889443 0.0 0.0049887877 0.0 0.0 0.07032034 0.0 0.0 0.0 0.0 0.04055074 0.0 0.0 0.0 0.0 0.0 0.0 0.09841097 0.0 0.0 0.029733315 0.021534165 0.013844001 0.010550621 0.0 0.0 0.11604593 0.0 0.0 0.0 0.042602822 0.0 0.0 0.0
0.02990953 0.0 0.0 0.0 0.0 0.0 0.0 0.0 0.0 0.006972876 0.0 0.0 0.009160242 0.0 0.15891565 0.052505486 0.0 0.009594767 0.0573842 0.0 0.0 0.0377788 0.0 0.057324104 0.0 0.0 0.017258763 0.027611088 0.030459188 0.0 0.0 0.039412092 0.0 0.0 0.0 0.0 0.010558267 0.0 0.0 0.016944867 0.0 0.10971177 0.0 0.0 0.0 0.0 0.058884937 0.0 0.0 0.0 0.0 0.0057887547 0.12007797 0.0 0.0 0.018051963
0.0 0.0 0.0 6.349889e-05 0.0 0.013548466 0.019374281 0.0 0.028828837 0.0 0.0 0.0 0.06475504 0.03855596 0.0 0.031397566 0.013233315 0.0 0.0 0.0 0.0 0.0 0.008774165 0.0 0.0 0.025633236 0.010702285 0.084920555 0.0 0.0 0.012955184 0.0 0.0 0.0 0.0 0.0 0.0 0.0 0.0 0.2002616 0.029733317 0.0 0.2121255 0.0045139105 0.0 0.0 0.0035209772 0.0 0.0 0.0 0.0 0.0 0.0 0.08820921 0.029692452 0.04061807
0.11282697 0.0 0.0 0.0 0.0 0.0 0.0 0.016805675 0.0 0.04881292 0.0 0.0 0.0 0.0 0.0 0.031842187 0.0 0.10079989 0.0 0.06543017 0.0 0.003301922 0.0 0.075394966 0.0 0.0 0.018950092 0.09728491 0.0 0.0074469238 0.0 0.0 0.0 0.0 0.045804814 0.0 0.04812953 0.0 0.0 0.0 0.021534167 0.0 0.0045139105 0.0 0.10847636 0.03566765 0.015322452 0.0 0.0 0.014811565 0.050429277 0.11589433 0.0 0.0 0.0 0.0
0.07251241 0.0 0.0 0.0 0.05705993 0.0 0.034875534 0.0 0.0 0.018824968 0.08694644 0.0 0.003904173 0.0 0.0 0.0 0.0 0.0 0.12289534 0.0 0.0 0.026692757 0.06684585 0.0838753 0.0 0.0 0.0 0.0 0.0 0.0 0.18160024 0.00912347 0.0 0.0 0.0 0.0 0.0 0.14975551 0.0 0.0007939616 0.013844001 0.0 0.0 0.10847636 0.0 0.0 0.009827638 0.0 0.0 0.0 0.0019204881 0.0 0.0 0.0 0.0 0.0
0.0 0.0 0.0 0.029130727 0.0 0.009089266 0.0 0.0 0.0 0.0 0.0 0.013495836 0.0 0.0 0.0 0.0 0.0 0.025484191 0.0 0.025558135 0.054136652 0.08445458 0.0 0.0119006485 0.15343954 0.0 0.020702628 0.0 0.013145622 0.0 0.009319525 0.022043629 0.049466018 0.0 0.0 0.0 0.0 0.0 0.028114362 0.0 0.010550621 0.0 0.0 0.035667647 0.0 0.0 0.0 0.061646655 0.07674707 0.027594337 0.059087723 0.0 0.0 0.0049167606 0.05504209 0.0
0.03281436 0.0 0.0 0.0 0.0 0.0 0.0 0.0 0.0 0.01632836 0.0 0.050760537 0.022098154 0.0 0.06930919 0.0 0.0 0.0 0.007801914 0.0 0.0 0.0 0.0 0.0 0.0 0.022381011 0.02452214 0.028789442 0.0 0.0 0.0 0.0 0.021400386 0.0 0.0 0.0 0.036336984 0.0 0.009054601 0.06398092 0.0 0.058884937 0.003520977 0.015322452 0.009827638 0.0 0.0 0.0 0.0 0.11995361 0.0 0.0 0.0 0.0729392 0.037843972 0.1739306
0.006471952 0.07050242 0.0054096906 0.063180454 0.11347713 0.017345482 0.00465067 0.0 0.0 0.027688036 0.07590662 0.0 0.0 0.0 0.0 0.0 0.057770606 0.056595445 0.044545516 0.022907825 0.014203587 0.008586943 0.0 0.0 0.0 0.0 0.0 0.0095632905 0.0 0.07550881 0.06400695 0.025663367 0.0 0.0 0.025782293 0.1446561 0.055157606 0.018631661 0.0 0.0 0.0 0.0 0.0 0.0 0.0 0.061646655 0.0 0.0 0.013338184 0.0 0.011378535 0.0 0.0 0.0 0.0 0.0
0.0 0.0 0.0414131 0.021508327 0.0 0.013695895 0.15018177 0.028082311 0.0 0.0 0.0 0.0 0.013046093 0.0 0.0 0.0 0.0 0.0 0.0 0.0 0.0 0.13599174 0.0032854388 0.0 0.029480236 0.024275541 0.0 0.020186428 0.0 0.0 0.0 0.0 0.049773417 0.0 0.0 0.08216922 0.017332383 0.0 0.0 0.0784778 0.11604592 0.0 0.0 0.0 0.0 0.07674706 0.0 0.013338184 0.0 0.014203249 0.004374228 0.024243712 0.0 0.0 0.036151685 0.0
0.02549822 0.0 0.0 0.0 0.0 0.065096185 0.052571427 0.0 0.0 0.0 0.17023723 0.0 0.0 0.0 0.0 0.0 0.16957769 0.0141500225 0.0 0.0 0.0 0.0010645612 0.042720955 0.03610136 0.014460056 0.0 0.0 0.0 0.0 0.0 0.0 0.0 0.070237085 0.0 0.010853037 0.0 0.0 0.0 0.0055485857 0.0 0.0 0.0 0.0 0.014811565 0.0 0.027594337 0.1199536 0.0 0.0142032495 0.08433499 0.0 0.0 0.029700749 0.0 0.0 0.0
0.045071807 0.0337118 0.07230679 0.0 0.0047699353 0.0 0.041833643 0.0 0.057142433 0.033074092 0.028724488 0.047800336 0.0 0.0 0.050928816 0.0 0.022379298 0.032816056 0.032882217 0.010786428 0.0 0.0058084233 0.0 0.0 0.0 0.033820458 0.0 0.0 0.05089466 0.07720876 0.009086884 0.1494458 0.0 0.0 0.0 0.020385938 0.08441613 0.0010835192 0.01182542 0.0 0.0 0.0 0.0 0.050429277 0.0019204882 0.059087723 0.0 0.011378535 0.0043742284 0.0 0.0 0.105879374 0.0 0.0 0.00940635 0.0
0.0 0.0 0.0 0.100770235 0.08400278 0.0 0.0 0.0 0.012849876 0.0 0.049222972 0.0 0.0 0.0048503173 0.0 0.0 0.019846898 0.016877998 0.05492065 0.020478554 0.0 0.0 0.049778514 0.0 0.040912576 0.041214816 0.16625875 0.0 0.0 0.058343668 0.07072907 0.10127531 0.0 0.0 0.0017918597 0.0 0.0 0.0 0.0 0.0 0.0 0.005788754 0.0 0.11589433 0.0 0.0 0.0 0.0 0.024243712 0.0 0.10587937 0.0 0.0 0.0 0.014151813 0.0
0.041888364 0.0 0.0 0.0 0.0 0.0 0.0 0.0 0.0 0.0 0.0 0.0 0.0 0.0 0.03523817 0.0 0.105819 0.0 0.0 0.0 0.0 0.0 0.0 0.017086275 0.024292687 0.0 0.0 0.0 0.21761264 0.0 0.0 0.0 0.0 0.0 0.0 0.03682131 0.0 0.0 0.0 0.0 0.042602822 0.12007797 0.0 0.0 0.0 0.0 0.0 0.0 0.0 0.029700749 0.0 0.0 0.0 0.069211796 0.0 0.29583392
0.0 0.0 0.0 0.0 0.049068935 0.04673883 0.0 0.0 0.15310165 0.0 0.014604165 0.040280685 0.0 0.0 0.058682274 0.012282952 0.0 0.0 0.017890925 0.08412525 0.039313916 0.023384094 0.0061326027 0.0 0.08229286 0.0 0.03245601 0.0 0.0 0.0 0.0 0.032525297 0.0 0.0 0.0 0.036967058 0.038542993 0.009173921 0.0 0.044361174 0.0 0.0 0.08820921 0.0 0.0 0.00491676 0.0729392 0.0 0.0 0.0 0.0 0.0 0.06921179 0.0 0.0 0.0
0.0 0.21024804 0.06992413 0.0 0.123275496 0.0 0.0 0.0 0.0 0.0 0.057195395 0.0 0.0 0.0 0.0 0.0030365235 0.008453968 0.027523441 0.0042021074 0.01905969 0.0 0.0 0.07672981 0.0 0.0 0.09706149 0.0 0.0 0.0 0.04071388 0.00464381 0.0 0.0 0.0 0.04750418 0.0 0.0 0.0 0.0 0.0 0.0 0.0 0.029692452 0.0 0.0 0.05504209 0.03784397 0.0 0.036151685 0.0 0.00940635 0.014151814 0.0 0.0 0.117386125 0.0
0.0 0.0 0.0 0.0 0.0 0.0 0.0 0.0 0.0 0.0 0.0 0.0 0.0 0.0 0.058915243 0.005411922 0.0 0.0 0.0 0.0 0.0 0.0010067818 0.0 0.0 0.0 0.0 0.0 0.21645628 0.0 0.0 0.0 0.0 0.0 0.11251369 0.0 0.0 0.0 0.0 0.0 0.0 0.0 0.018051963 0.040618066 0.0 0.0 0.0 0.1739306 0.0 0.0 0.0 0.0 0.0 0.29583392 0.0 0.0 0.029167049
