0.0 0.0 0.031738188 0.0 0.059849482 0.020425124 0.0 0.0 0.00072817976 0.0 0.0 0.0 0.0 0.0 0.11414769 0.0 0.0 0.011339129 0.08101971 0.0 0.0 0.0 0.0 0.0 0.09320166 0.009476989 0.0 0.0 0.0 0.0 0.0 0.20839371 0.0 0.0 0.033813503 0.0 0.0 0.0 0.0 0.0 0.02078653 0.13463171 0.0 0.003923796 0.009468675 0.00031022885 0.0 0.007942222 0.014614716 0.07178187 0.022880895 0.0013930234 0.20248258 0.0 0.0 0.0
0.0 0.0 0.0 0.0755134 0.0 0.0 0.0 0.0 0.01584828 0.0 0.026376152 0.0 0.0 0.0 0.0 0.0 0.0 0.0 0.0 0.0 0.0 0.07112307 0.017435161 0.0 0.0 0.0 0.0019446183 0.0 0.0 0.034943882 0.027531052 0.0 0.006955965 0.0 0.0 0.021977877 0.023465717 0.12148328 0.114165485 0.012939626 0.0 0.0 0.084753335 0.006156948 0.0 0.0 0.0 0.0043701986 0.06885284 0.008032131 0.0 0.0 0.0 0.007748195 0.059503756 0.0
0.031738188 0.0 0.0 0.0 0.0 0.0 0.024893818 0.0 0.12049502 0.0 0.0 0.010454885 0.024081927 0.039944775 0.0 0.0 0.006956443 0.0063465135 0.0 0.0 0.0 0.0 0.0 0.06383851 0.011857756 0.0423188 0.0 0.0 0.1933147 0.0 0.0 0.0 0.0 0.0046134014 0.0 0.0 0.0 0.09355744 0.0 0.0 0.08500377 0.0 0.0 0.0 0.0 0.0 0.0 0.0 0.0 0.0 0.0 0.0 0.034176853 0.020907007 0.024267327 0.0
0.0 0.0755134 0.0 0.0 0.0 0.0 0.0 0.0 0.0 0.0 0.0 0.069576226 0.0 0.018823834 0.0 0.0 0.25922373 0.0713935 0.0 0.0 0.0 0.055307783 0.0 0.0 0.032798544 0.0 0.0 0.0 0.022329675 0.011829966 0.0 0.0 0.0 0.0 0.0 0.023716997 0.0 0.029507427 0.097833805 0.0 0.01753155 0.0 0.0 0.0 0.0 0.00085372885 0.013578811 0.0 0.0 0.0 0.0 0.0 0.0 0.15660708 0.09142042 0.07420509
0.059849482 0.0 0.0 0.0 0.0 0.041632157 0.0 0.08655336 0.0 0.0 0.018821668 0.0 0.0 0.0 0.0 0.073054865 0.0 0.0 0.0 0.018597504 0.0 0.08725198 0.0 0.0 0.0 0.025590107 0.0 0.10451668 0.0 0.0 0.018886857 0.0 0.0 0.0 0.007414082 0.030919507 0.075240575 0.018784324 0.0 0.0 0.0 0.0 0.07438582 0.0 0.12858087 0.0439112 0.0 0.0 0.0 0.0 0.0 0.0 0.0 0.056231316 0.024101214 0.0
0.020425124 0.0 0.0 0.0 0.041632157 0.0 0.0 0.034558456 0.023343896 0.055855826 0.0071340767 0.0 0.006583586 0.0 0.0 0.0029706906 0.0 0.0 0.0 0.036240257 0.014802126 0.0 0.2297403 0.015608127 0.0 0.040493123 0.0 0.0 0.0 0.0 0.046205666 0.0 0.026340121 0.0073880637 0.0 0.0 0.00034525193 0.040263195 0.0 0.0 0.0 0.0 0.0 0.0 0.059827518 0.11878173 0.005264618 0.02887748 0.0 0.0 0.038005833 0.0142713385 0.0 0.0007635439 0.04428179 0.0
0.0 0.0 0.024893817 0.0 0.0 0.0 0.0 0.02850454 0.0 0.0063776835 0.0 0.0 0.0 0.072011255 0.0 0.0 0.11103624 0.0 0.0 0.0 0.0 0.0 0.0 0.024904072 0.0 0.0 0.0 0.0 0.0 0.05257302 0.0 0.0 0.0 0.14244227 0.0 0.00947053 0.0 0.0 0.0 0.0 0.0 0.001941861 0.0 0.042307004 0.0 0.038506184 0.034313347 0.0 0.0 0.058499105 0.0 0.10635363 0.03805912 0.04064238 0.0 0.0
0.0 0.0 0.0 0.0 0.08655335 0.034558456 0.02850454 0.0 0.02933668 0.0 0.037747327 0.0 0.0014095204 0.0 0.0423809 0.03774171 0.0 0.02154576 0.12751085 0.0 0.0 0.0 0.029041464 0.0 0.04132901 0.0 0.12264801 0.0 0.0 0.0 0.0 0.105947316 0.0 0.0 0.0 0.0 0.0 0.0 0.0 0.0 0.0 0.022818271 0.022551619 0.0 0.015231415 0.0 0.023482006 0.0 0.118836045 0.0 0.09461188 0.0 0.018713644 0.0 0.0 0.0
0.0007281798 0.01584828 0.12049502 0.0 0.0 0.023343896 0.0 0.02933668 0.14206637 0.0 0.0 0.015789412 0.071202874 0.0 0.0 0.0 0.043308806 0.073305055 0.0 0.0 0.0 0.10605861 0.0 0.0 0.0 0.008914801 0.0 0.03328454 0.028702518 0.0 0.019825272 0.0 0.0 0.0 0.0 0.061293323 0.0 0.0 0.023623127 0.034633793 0.0 0.0 0.10453762 0.0 0.0010469945 0.0 0.0 0.0 0.0 0.0 0.0 0.0 0.0 0.04966916 0.0 0.0
0.0 0.0 0.0 0.0 0.0 0.055855826 0.0063776835 0.0 0.0 0.078149974 0.025148923 0.0 0.04100845 0.0 0.15353303 0.07187745 0.003276078 0.0 0.075719215 0.057870813 0.0 0.0 0.0 0.0 0.0 0.001455159 0.0 0.0 0.0 0.0 0.00949052 0.047463965 0.0035787919 0.0 0.079383165 0.0 0.0 0.0026444586 0.0 0.0 0.0036282572 0.031549145 0.0 0.0 0.0 0.0023340825 0.0 0.07033879 0.09017211 0.10447822 0.0 0.10551981 0.02587303 0.015265715 0.0 0.0
0.0 0.026376152 0.0 0.0 0.018821666 0.007134076 0.0 0.03774733 0.0 0.025148923 0.02148476 0.0 0.0095808655 0.02606878 0.0 0.0 0.0 0.0 0.0 0.032831874 0.0 0.0 0.005580752 0.0 0.0 0.2491777 0.03184168 0.0 0.0 0.0 0.08604935 0.0 0.0 0.0 0.051799703 0.0 0.0047217556 0.0 0.0 0.0 0.07369357 0.0 0.0 0.0 0.16288817 0.0 0.0 0.09681574 0.0 0.0 0.0 0.030710781 0.0 0.0 0.0 0.0
0.0 0.0 0.010454884 0.069576226 0.0 0.0 0.0 0.0 0.015789412 0.0 0.0 0.07110427 0.0 0.0 0.00041427492 0.0 0.0 0.0 0.0 0.0 0.0 0.0 0.0 0.0 0.16731213 0.02525469 0.0 0.0 0.0 0.0762823 0.0 0.0 0.0 0.0 0.0 0.0 0.0 0.042657707 0.0 0.0 0.032254625 0.0 0.021956252 0.046238434 0.0 0.094160795 0.0 0.0 0.15951541 0.0 0.0 0.0 0.08382721 0.016181115 0.022701023 0.0
0.0 0.0 0.024081927 0.0 0.0 0.006583586 0.0 0.0014095205 0.071202874 0.04100845 0.0095808655 0.0 0.0 0.040096976 0.0 0.0 0.054498333 0.0399527 0.0 0.0 0.0001863899 0.0 0.0 0.0 0.04778475 0.0 0.0071107447 0.0 0.0 0.0 0.0 0.0 0.037139524 0.0 0.0 0.0 0.0 0.0526042 0.071339235 0.1601675 0.0 0.0 0.049601667 0.18213981 0.0 0.0 0.0122160865 0.0 0.0 0.017480977 0.0 0.0 0.02528673 0.019125456 0.0 0.015091006
0.0 0.0 0.039944775 0.018823834 0.0 0.0 0.072011255 0.0 0.0 0.0 0.026068782 0.0 0.040096976 0.13402967 0.0 0.0 0.033632033 0.055885803 0.02166483 0.0 0.033090707 0.05937675 0.0 0.0 0.034904465 0.0 0.07869849 0.0 0.0 0.0 0.0 0.0 0.0 0.0 0.0 0.0 0.0 0.03712762 0.009007059 0.11089349 0.0 0.0012948369 0.0 0.11341337 0.0 0.0 0.0 0.0 0.0062706885 0.0 0.006890615 0.0 0.0 0.0 0.0 0.023849491
0.114147685 0.0 0.0 0.0 0.0 0.0 0.0 0.042380903 0.0 0.15353303 0.0 0.0004142749 0.0 0.0 0.0 0.0 0.0 0.0155774625 0.0 0.0 0.0 0.017777923 0.0 0.014630633 0.0 0.0 0.0 0.013541528 0.0 0.0 0.0 0.0 0.0 0.0 0.0 0.0 0.09689873 0.14677808 0.0 0.0 0.04348216 0.0 0.061755456 0.0 0.03574313 0.0 0.0 0.0 0.0 0.0 0.0 0.12654993 0.0 0.0 0.0028847246 0.0
0.0 0.0 0.0 0.0 0.07305486 0.0029706904 0.0 0.03774171 0.0 0.07187745 0.0 0.0 0.0 0.0 0.0 0.0 0.009789761 0.0 0.0 0.016692765 0.0 0.0 0.0 0.0 0.0 0.0 0.006121668 0.0 0.11139034 0.0 0.0 0.0 0.0 0.0 0.0 0.0 0.0 0.0 0.020457994 0.0030581434 0.0 0.0013777489 0.0 0.0 0.019691842 0.10843987 0.15520106 0.0 0.0 0.0 0.0 0.00090557104 0.013176372 0.0 0.0 0.20558299
0.0 0.0 0.006956443 0.25922373 0.0 0.0 0.11103624 0.0 0.043308806 0.003276078 0.0 0.0 0.054498337 0.033632033 0.0 0.009789762 0.032762937 0.009386093 0.0 0.0 0.030076448 0.0 0.0 0.0013661539 0.0 0.006486997 0.0 0.0699913 0.0 0.0 0.0 0.0 0.0 0.0062819966 0.0 0.0 0.0 0.0 0.0 0.0 0.09631077 0.0 0.0 0.0005981879 0.0 0.0 0.0 0.05294022 0.0012284418 0.0 0.0 0.0033612542 0.0 0.009030355 0.0 0.0
0.01133913 0.0 0.0063465135 0.071393505 0.0 0.0 0.0 0.02154576 0.07330506 0.0 0.0 0.0 0.039952703 0.055885807 0.015577463 0.0 0.009386094 0.0 0.031153271 0.0 0.019853821 0.0 0.0 0.012686871 0.12292153 0.04649511 0.0 0.007141867 0.0 0.0 0.0660842 0.0 0.0 0.0 0.0 0.0 0.0 0.0 0.0 0.0 0.025304198 0.0 0.0 0.007648938 0.0 0.0 0.034473285 0.05720868 0.13056493 0.0 0.0 0.0 0.09176662 0.0 0.0 0.0
0.08101971 0.0 0.0 0.0 0.0 0.0 0.0 0.12751085 0.0 0.075719215 0.0 0.0 0.0 0.02166483 0.0 0.0 0.0 0.031153271 0.0 0.0 0.0 0.0 0.0 0.09261557 0.0 0.049145207 0.0 0.0 0.0 0.0 0.0 0.0 0.0 0.0 0.0 0.0 0.034264106 0.050466392 0.022236336 0.0 0.008645079 0.0 0.0 0.0 0.16794178 0.025699927 0.0 0.0 0.0 0.0 0.0 0.023994083 0.0 0.051036295 0.03104197 0.0
0.0 0.0 0.0 0.0 0.018597504 0.03624026 0.0 0.0 0.0 0.05787081 0.032831874 0.0 0.0 0.0 0.0 0.016692765 0.0 0.0 0.0 0.0 0.029452465 0.0 0.118924685 0.0 0.0 0.05609945 0.109177426 0.0 0.0 0.0 0.110756226 0.0 0.0700992 0.0 0.010867307 0.0 0.0 0.05253935 0.0 0.038119394 0.0 0.0 0.001360111 0.0 0.0067684487 0.06303089 0.0 0.0064262915 0.0 0.0 0.025487527 0.03126748 0.0 0.0 0.07097651 0.0
0.0 0.0 0.0 0.0 0.0 0.014802126 0.0 0.0 0.0 0.0 0.0 0.0 0.00018638988 0.033090707 0.0 0.0 0.030076448 0.019853821 0.0 0.029452465 0.07767181 0.0 0.07544711 0.0 0.0 0.034207564 0.0 0.12637973 0.0 0.0 0.028255904 0.0 0.009518754 0.0077080997 0.0090877535 0.00061205524 0.0 0.03198597 0.03717693 0.06048894 0.0 0.0 0.0 0.0 0.021434227 0.0 0.0 0.0 0.009906678 0.04121954 0.020239886 0.044295684 0.0 0.049780436 0.1250295 0.0
0.0 0.07112306 0.0 0.055307783 0.08725198 0.0 0.0 0.0 0.10605861 0.0 0.0 0.0 0.0 0.05937675 0.017777925 0.0 0.0 0.0 0.0 0.0 0.0 0.0 0.0 0.0 0.059408754 0.0 0.0 0.0017303247 0.0 0.19034038 0.0 0.0031824117 0.0 0.0 0.0012954283 0.0 0.0 0.0 0.0 0.044213004 0.009047864 0.0 0.037252773 0.0 0.0 0.11003121 0.14939597 0.023268675 0.0 0.0 0.0 0.0 0.045852933 0.054350387 0.0 0.0
0.0 0.017435163 0.0 0.0 0.0 0.2297403 0.0 0.029041462 0.0 0.0 0.005580752 0.0 0.0 0.0 0.0 0.0 0.0 0.0 0.0 0.11892468 0.075447105 0.0 0.017904593 0.0 0.041984223 0.0 0.08820773 0.0012851419 0.0 0.0 0.06653304 0.0 0.20132314 0.0 0.13644011 0.0 0.03868443 0.0 0.0 0.0 0.0 0.0 0.0 0.010223231 0.013087705 0.0 0.0 0.019503126 0.0 0.0031978246 0.010078188 0.0 0.0 0.0 0.017603265 0.0
0.0 0.0 0.063838504 0.0 0.0 0.015608127 0.024904074 0.0 0.0 0.0 0.0 0.0 0.0 0.0 0.014630633 0.0 0.0013661539 0.012686871 0.09261557 0.0 0.0 0.0 0.0 0.0 0.0 0.0 0.0677059 0.0 0.0 0.0 0.0 0.068024606 0.0 0.0 0.012368691 0.1611265 0.0 0.0 0.0 0.0 0.020846995 0.11646164 0.15022007 0.012510398 0.0 0.0 0.038574636 0.009950596 0.0 0.018265033 0.0 0.006314735 0.0 0.0 0.0 0.15200645
0.09320166 0.0 0.011857756 0.032798544 0.0 0.0 0.0 0.04132901 0.0 0.0 0.0 0.16731215 0.04778475 0.034904465 0.0 0.0 0.0 0.12292153 0.0 0.0 0.0 0.059408758 0.04198422 0.0 0.0 0.020718688 0.0 0.0016578651 0.0 0.0 0.0 0.0 0.018974181 0.0 0.0 0.0 0.0 0.0 0.0 0.0 0.08980449 0.0 0.0 0.00085650646 0.0024774913 0.0 0.0 0.0 0.05674369 0.028252397 0.0 0.012065448 0.0 0.0 0.07804595 0.0
0.009476988 0.0 0.0423188 0.0 0.025590107 0.040493123 0.0 0.0 0.008914801 0.001455159 0.2491777 0.02525469 0.0 0.0 0.0 0.0 0.0064869975 0.046495106 0.049145203 0.05609945 0.034207564 0.0 0.0 0.0 0.020718686 0.0 0.03567585 0.0 0.0 0.0 0.05153675 0.0 0.14232288 0.0 0.0 0.0 0.0 0.0 0.029145656 0.0 0.0 0.05804206 0.0 0.0 0.0 0.0 0.0 0.017997839 0.0 0.020256137 0.0 0.0 0.0 0.0 0.0 0.0
0.0 0.0019446183 0.0 0.0 0.0 0.0 0.0 0.122648 0.0 0.0 0.03184168 0.0 0.0071107447 0.07869849 0.0 0.0061216685 0.0 0.0 0.0 0.10917742 0.0 0.0 0.08820773 0.06770591 0.0 0.03567585 0.12566128 0.021720601 0.0 0.0 0.0031373221 0.0 0.0 0.0 0.0 0.027784748 0.0 0.0 0.0 0.0022650398 0.13521728 0.0 0.036454998 0.0 0.0 0.0 0.0 0.0011431925 0.0 0.0 0.0228004 0.0 0.0 0.0681771 0.089814454 0.0026890268
0.0 0.0 0.0 0.0 0.10451668 0.0 0.0 0.0 0.03328454 0.0 0.0 0.0 0.0 0.0 0.013541529 0.0 0.0699913 0.0071418667 0.0 0.0 0.12637973 0.0017303247 0.0012851418 0.0 0.001657865 0.0 0.021720603 0.011978609 0.0 0.0 0.004831669 0.0 0.0011915521 0.0 0.114412315 0.0 0.0 0.0 0.03303117 0.0 0.0 0.0 0.0 0.065611504 0.0 0.0 0.084369235 0.03737127 0.0 0.09968127 0.03468563 0.0059262644 0.014043812 0.0037010806 0.0 0.039523236
0.0 0.0 0.1933147 0.022329675 0.0 0.0 0.0 0.0 0.028702518 0.0 0.0 0.0 0.0 0.0 0.0 0.11139034 0.0 0.0 0.0 0.0 0.0 0.0 0.0 0.0 0.0 0.0 0.0 0.0 0.0 0.0 0.0 0.0020143208 0.0 0.546852 0.0 0.0 0.0 0.0 0.0 0.020243512 0.0 0.0 0.0021007217 0.0 0.0 0.0 0.0018823742 0.0 0.061984602 0.0 0.0 0.005908977 0.0 0.0 0.0 0.0
0.0 0.03494388 0.0 0.011829965 0.0 0.0 0.05257302 0.0 0.0 0.0 0.0 0.0762823 0.0 0.0 0.0 0.0 0.0 0.0 0.0 0.0 0.0 0.19034038 0.0 0.0 0.0 0.0 0.0 0.0 0.0 0.0 0.0 0.0 0.0 0.027684292 0.0034901807 0.0 0.0 0.06197427 0.03330255 0.015919242 0.04729901 0.0046362192 0.0 0.0 0.0 0.0 0.028187068 0.0 0.0 0.0039004337 0.0 0.0 0.0060136593 0.08282261 0.13549569 0.0
0.0 0.027531052 0.0 0.0 0.018886857 0.046205666 0.0 0.0 0.019825272 0.00949052 0.08604935 0.0 0.0 0.0 0.0 0.0 0.0 0.0660842 0.0 0.110756226 0.028255904 0.0 0.06653304 0.0 0.0 0.05153675 0.0031373221 0.0048316694 0.0 0.0 0.0 0.0 0.08708124 0.0 0.0 0.0 0.006568097 0.0022432182 0.0 0.0 0.0 0.0 0.019559804 0.0 0.027451614 0.0 0.0 0.06657056 0.0 0.0 0.0 0.0 0.0 0.053549446 0.062369872 0.07643613
0.20839371 0.0 0.0 0.0 0.0 0.0 0.0 0.105947316 0.0 0.04746396 0.0 0.0 0.0 0.0 0.0 0.0 0.0 0.0 0.0 0.0 0.0 0.0031824117 0.0 0.068024606 0.0 0.0 0.0 0.0 0.0020143208 0.0 0.0 0.0 0.0 0.0 0.0 0.1908043 0.08098789 0.011048572 0.0 0.0 0.07937241 0.0055668727 0.022106746 0.0 0.041881062 0.0 0.0 0.0 0.0 0.0 0.0064361035 0.0 0.0 0.014134045 0.0 0.0
0.0 0.006955965 0.0 0.0 0.0 0.02634012 0.0 0.0 0.0 0.003578792 0.0 0.0 0.037139524 0.0 0.0 0.0 0.0 0.0 0.0 0.0700992 0.009518755 0.0 0.20132314 0.0 0.018974181 0.14232288 0.0 0.0011915523 0.0 0.0 0.08708124 0.0 0.11850447 0.0 0.0 0.0 0.0 0.0 0.0 0.0 0.0 0.0 0.0 0.0 0.0 0.0 0.00016300402 0.028575046 0.0 0.00972282 0.03609142 0.0 0.004781927 0.010252223 0.08969705 0.0
0.0 0.0 0.0046134014 0.0 0.0 0.0073880637 0.14244227 0.0 0.0 0.0 0.0 0.0 0.0 0.0 0.0 0.0 0.0062819966 0.0 0.0 0.0 0.0077080997 0.0 0.0 0.0 0.0 0.0 0.0 0.0 0.546852 0.027684294 0.0 0.0 0.0 0.050624732 0.0011568727 0.0 0.0 0.07344526 0.0 0.0 0.0 0.0 0.0 0.0 0.0 0.0 0.0 0.0 0.03039327 0.039068542 0.0 0.01367258 0.0 0.0 0.0 0.0
0.033813503 0.0 0.0 0.0 0.007414082 0.0 0.0 0.0 0.0 0.079383165 0.051799703 0.0 0.0 0.0 0.0 0.0 0.0 0.0 0.0 0.010867307 0.0090877535 0.0012954281 0.13644013 0.01236869 0.0 0.0 0.0 0.114412315 0.0 0.003490181 0.0 0.0 0.0 0.0011568727 0.15905531 0.0 0.05971967 0.0 0.0 0.0 0.0 0.010256983 0.0 0.0 0.05668926 0.013189915 0.0 0.021246942 0.0 0.037998423 0.056081746 0.17424987 0.0 0.0 0.0 0.0
0.0 0.02197788 0.0 0.023716997 0.030919507 0.0 0.00947053 0.0 0.06129332 0.0 0.0 0.0 0.0 0.0 0.0 0.0 0.0 0.0 0.0 0.0 0.0006120553 0.0 0.0 0.1611265 0.0 0.0 0.027784748 0.0 0.0 0.0 0.0 0.19080429 0.0 0.0 0.0 0.0598979 0.0 0.15331413 0.0 0.0 0.0 0.0 0.110573694 0.0 0.0 0.0 0.005340833 0.0 0.020789167 0.0 0.0 0.0 0.0 0.0 0.0 0.0
0.0 0.023465715 0.0 0.0 0.075240575 0.00034525193 0.0 0.0 0.0 0.0 0.004721755 0.0 0.0 0.0 0.096898735 0.0 0.0 0.0 0.034264103 0.0 0.0 0.0 0.03868443 0.0 0.0 0.0 0.0 0.0 0.0 0.0 0.0065680966 0.08098789 0.0 0.0 0.059719667 0.0 0.0 0.0 0.0 0.0 0.0 0.025195355 0.0 0.0 0.0 0.081780486 0.20195179 0.14052853 0.0 0.0 0.05961276 0.06504533 0.0 0.0 0.0 0.06958466
0.0 0.12148328 0.09355745 0.029507428 0.018784326 0.04026319 0.0 0.0 0.0 0.0026444583 0.0 0.042657707 0.0526042 0.037127618 0.14677808 0.0 0.0 0.0 0.050466392 0.05253935 0.031985965 0.0 0.0 0.0 0.0 0.0 0.0 0.0 0.0 0.061974265 0.0022432182 0.011048572 0.0 0.07344526 0.0 0.15331414 0.0 0.0 0.010943267 0.0 0.0 0.0137054175 0.0 0.0 0.024596887 0.01745392 0.0 0.02762232 0.0 0.0 0.0 0.0 0.034337766 0.0 0.0 0.018214868
0.0 0.11416549 0.0 0.097833805 0.0 0.0 0.0 0.0 0.023623127 0.0 0.0 0.0 0.071339235 0.009007059 0.0 0.020457996 0.0 0.0 0.022236336 0.0 0.03717693 0.0 0.0 0.0 0.0 0.029145654 0.0 0.033031173 0.0 0.033302553 0.0 0.0 0.0 0.0 0.0 0.0 0.0 0.010943266 0.0 0.11746268 0.019312145 0.0 0.051836487 0.0 0.0 0.1130843 0.052140787 0.0 0.00069663516 0.0 0.0 0.025774164 0.0 0.020352004 0.10155026 0.0
0.0 0.012939626 0.0 0.0 0.0 0.0 0.0 0.0 0.034633793 0.0 0.0 0.0 0.1601675 0.11089349 0.0 0.0030581432 0.0 0.0 0.0 0.038119394 0.06048894 0.044213004 0.0 0.0 0.0 0.0 0.0022650398 0.0 0.020243512 0.01591924 0.0 0.0 0.0 0.0 0.0 0.0 0.0 0.0 0.11746267 0.09136142 0.0 0.0 0.0 0.17382812 0.0 0.0 0.018902121 0.0 0.0 0.0 0.062201694 0.0 0.0 0.10874793 0.0 0.049443644
0.020786528 0.0 0.08500377 0.01753155 0.0 0.0 0.0 0.0 0.0 0.003628257 0.07369357 0.032254625 0.0 0.0 0.04348216 0.0 0.096310765 0.025304198 0.008645079 0.0 0.0 0.009047863 0.0 0.020846995 0.08980449 0.0 0.13521726 0.0 0.0 0.04729901 0.0 0.07937241 0.0 0.0 0.0 0.0 0.0 0.0 0.019312145 0.0 0.0 0.045382846 0.0 0.09637421 0.030739402 0.0 0.0 0.0 0.037259832 0.078399725 0.018221008 0.0 0.12152447 0.0 0.0 0.0
0.1346317 0.0 0.0 0.0 0.0 0.0 0.001941861 0.022818271 0.0 0.03154914 0.0 0.0 0.0 0.0012948368 0.0 0.0013777489 0.0 0.0 0.0 0.0 0.0 0.0 0.0 0.11646165 0.0 0.05804206 0.0 0.0 0.0 0.0046362192 0.0 0.0055668727 0.0 0.0 0.010256983 0.0 0.025195356 0.0137054175 0.0 0.0 0.045382842 0.0 0.0 0.0 0.101081975 0.00070077804 0.0 0.0 0.095636524 0.0 0.0485095 0.0 0.0 0.1106194 0.0 0.0
0.0 0.084753335 0.0 0.0 0.07438582 0.0 0.0 0.02255162 0.10453762 0.0 0.0 0.021956252 0.049601667 0.0 0.06175546 0.0 0.0 0.0 0.0 0.001360111 0.0 0.03725277 0.0 0.15022008 0.0 0.0 0.036454994 0.0 0.0021007217 0.0 0.019559802 0.022106746 0.0 0.0 0.0 0.110573694 0.0 0.0 0.051836487 0.0 0.0 0.0 0.042537354 0.018226866 0.0055159554 0.039587904 0.0 0.0 0.0 0.0 0.0015187677 0.057845395 0.0 0.025528977 0.0 0.0
0.003923796 0.006156948 0.0 0.0 0.0 0.0 0.042307004 0.0 0.0 0.0 0.0 0.046238437 0.1821398 0.11341336 0.0 0.0 0.0005981879 0.0076489374 0.0 0.0 0.0 0.0 0.010223231 0.0125103975 0.00085650646 0.0 0.0 0.065611504 0.0 0.0 0.0 0.0 0.0 0.0 0.0 0.0 0.0 0.0 0.0 0.17382814 0.096374206 0.0 0.018226866 0.0 0.0 0.0 0.0 0.036678396 0.0 0.0 0.042613402 0.0 0.0 0.0 0.049507786 0.0
0.009468675 0.0 0.0 0.0 0.12858087 0.059827525 0.0 0.015231414 0.0010469945 0.0 0.16288817 0.0 0.0 0.0 0.03574313 0.019691842 0.0 0.0 0.16794178 0.0067684483 0.021434227 0.0 0.013087705 0.0 0.0024774913 0.0 0.0 0.0 0.0 0.0 0.027451614 0.041881066 0.0 0.0 0.056689262 0.0 0.0 0.024596889 0.0 0.0 0.0307394 0.101081975 0.005515956 0.0 0.0 0.011491744 0.0 0.011660828 0.0 0.0 0.02360803 0.07150769 0.06533356 0.0 0.0 0.0
0.00031022885 0.0 0.0 0.00085372885 0.0439112 0.11878174 0.03850618 0.0 0.0 0.0023340825 0.0 0.094160795 0.0 0.0 0.0 0.10843987 0.0 0.0 0.025699925 0.06303089 0.0 0.11003121 0.0 0.0 0.0 0.0 0.0 0.0 0.0 0.0 0.0 0.0 0.0 0.0 0.013189914 0.0 0.081780486 0.017453918 0.1130843 0.0 0.0 0.00070077804 0.039587904 0.0 0.011491744 0.051929243 0.0 0.059323274 0.0 0.0 0.0 0.0 0.0 0.0 0.0 0.0
0.0 0.0 0.0 0.013578811 0.0 0.005264618 0.034313347 0.023482006 0.0 0.0 0.0 0.0 0.0122160865 0.0 0.0 0.15520108 0.0 0.03447329 0.0 0.0 0.0 0.14939599 0.0 0.038574636 0.0 0.0 0.0 0.08436924 0.001882374 0.02818707 0.0 0.0 0.00016300402 0.0 0.0 0.005340833 0.20195179 0.0 0.052140787 0.018902123 0.0 0.0 0.0 0.0 0.0 0.0 0.0 0.0 0.0 0.05296256 0.0 0.0 0.0 0.0 0.0 0.0
0.007942222 0.0043701986 0.0 0.0 0.0 0.02887748 0.0 0.0 0.0 0.070338786 0.096815735 0.0 0.0 0.0 0.0 0.0 0.052940223 0.057208676 0.0 0.0064262915 0.0 0.023268675 0.019503128 0.009950596 0.0 0.017997839 0.0011431924 0.03737127 0.0 0.0 0.066570565 0.0 0.028575044 0.0 0.02124694 0.0 0.14052853 0.027622322 0.0 0.0 0.0 0.0 0.0 0.036678396 0.011660828 0.059323277 0.0 0.0 0.0 0.0 0.0010908062 0.061579928 0.0 0.01992497 0.021638598 0.0013462281
0.014614716 0.06885285 0.0 0.0 0.0 0.0 0.0 0.118836045 0.0 0.09017211 0.0 0.1595154 0.0 0.006270689 0.0 0.0 0.0012284418 0.13056493 0.0 0.0 0.009906678 0.0 0.0 0.0 0.05674369 0.0 0.0 0.0 0.061984602 0.0 0.0 0.0 0.0 0.03039327 0.0 0.020789167 0.0 0.0 0.0006966352 0.0 0.037259832 0.09563653 0.0 0.0 0.0 0.0 0.0 0.0 0.0 0.0013171738 0.0 0.0 0.0 0.013295779 0.0 0.0
0.07178187 0.008032131 0.0 0.0 0.0 0.0 0.058499105 0.0 0.0 0.10447822 0.0 0.0 0.017480979 0.0 0.0 0.0 0.0 0.0 0.0 0.0 0.04121954 0.0 0.0031978248 0.018265033 0.028252397 0.020256137 0.0 0.09968127 0.0 0.003900434 0.0 0.0 0.00972282 0.039068542 0.03799842 0.0 0.0 0.0 0.0 0.0 0.078399725 0.0 0.0 0.0 0.0 0.0 0.052962564 0.0 0.0013171738 0.0 0.0 0.043797757 0.071761765 0.0 0.0 0.0
0.022880893 0.0 0.0 0.0 0.0 0.03800583 0.0 0.09461188 0.0 0.0 0.0 0.0 0.0 0.0068906145 0.0 0.0 0.0 0.0 0.0 0.025487527 0.020239886 0.0 0.010078187 0.0 0.0 0.0 0.0228004 0.03468563 0.0 0.0 0.0 0.0064361035 0.03609142 0.0 0.05608175 0.0 0.05961276 0.0 0.0 0.062201697 0.018221008 0.0485095 0.0015187677 0.042613406 0.02360803 0.0 0.0 0.0010908062 0.0 0.0 0.0 0.0 0.0 0.0 0.054510128 0.30569792
0.0013930233 0.0 0.0 0.0 0.0 0.0142713385 0.10635363 0.0 0.0 0.10551982 0.030710781 0.0 0.0 0.0 0.12654993 0.00090557104 0.0033612542 0.0 0.023994083 0.03126748 0.044295684 0.0 0.0 0.006314735 0.012065447 0.0 0.0 0.0059262644 0.0059089772 0.0 0.0 0.0 0.0 0.01367258 0.17424987 0.0 0.06504533 0.0 0.025774164 0.0 0.0 0.0 0.057845395 0.0 0.07150769 0.0 0.0 0.06157993 0.0 0.04379776 0.0 0.0 0.0 0.0 0.0 0.0
0.20248257 0.0 0.034176856 0.0 0.0 0.0 0.03805912 0.018713646 0.0 0.025873028 0.0 0.08382721 0.025286732 0.0 0.0 0.013176373 0.0 0.09176662 0.0 0.0 0.0 0.045852933 0.0 0.0 0.0 0.0 0.0 0.014043812 0.0 0.006013659 0.0 0.0 0.004781927 0.0 0.0 0.0 0.0 0.034337766 0.0 0.0 0.12152447 0.0 0.0 0.0 0.06533355 0.0 0.0 0.0 0.0 0.071761765 0.0 0.0 0.0 0.0 0.09665049 0.0
0.0 0.007748195 0.020907009 0.15660708 0.056231316 0.0007635439 0.04064238 0.0 0.04966916 0.015265715 0.0 0.016181115 0.019125456 0.0 0.0 0.0 0.009030355 0.0 0.051036295 0.0 0.049780432 0.054350387 0.0 0.0 0.0 0.0 0.068177104 0.0037010808 0.0 0.08282261 0.053549446 0.014134045 0.010252223 0.0 0.0 0.0 0.0 0.0 0.020352004 0.10874793 0.0 0.11061941 0.025528977 0.0 0.0 0.0 0.0 0.01992497 0.013295778 0.0 0.0 0.0 0.0 0.0 0.0 0.0
0.0 0.059503753 0.024267329 0.09142042 0.024101214 0.044281784 0.0 0.0 0.0 0.0 0.0 0.022701023 0.0 0.0 0.0028847246 0.0 0.0 0.0 0.031041969 0.07097651 0.1250295 0.0 0.017603263 0.0 0.07804595 0.0 0.089814454 0.0 0.0 0.13549569 0.062369872 0.0 0.08969705 0.0 0.0 0.0 0.0 0.0 0.10155026 0.0 0.0 0.0 0.0 0.049507786 0.0 0.0 0.0 0.021638598 0.0 0.0 0.05451013 0.0 0.09665049 0.0 0.0092812115 0.0
0.0 0.0 0.0 0.07420509 0.0 0.0 0.0 0.0 0.0 0.0 0.0 0.0 0.015091006 0.023849491 0.0 0.20558299 0.0 0.0 0.0 0.0 0.0 0.0 0.0 0.15200645 0.0 0.0 0.002689027 0.039523233 0.0 0.0 0.07643613 0.0 0.0 0.0 0.0 0.0 0.06958466 0.018214868 0.0 0.049443644 0.0 0.0 0.0 0.0 0.0 0.0 0.0 0.001346228 0.0 0.0 0.30569792 0.0 0.0 0.0 0.0 0.0
