0.05366493 0.0 0.0 0.0061418316 0.004169723 0.0 0.0 0.01315269 0.0924184 0.0 0.0 0.0 0.0 0.0 0.04914707 0.0 0.0 0.0 0.0 0.0 0.0 0.0 0.0 0.020723024 0.06332128 0.07367723 0.0 0.053691465 0.0 0.0123791015 0.0 0.04576869 0.0 0.008149664 0.0 0.046316676 0.0 0.06226492 0.02537187 0.023421016 0.0 0.13962156 0.0 0.0 0.0 0.19826612 0.010626391 0.0 0.0 0.06820737 0.046147674 0.023857616 0.0 0.0 0.0 0.11923368
0.0 0.0 0.0 0.0 0.0 0.0 0.0 0.0 0.0 0.0 0.0 0.0 0.0 0.0 0.0122117605 0.0 0.0 0.040427785 0.0 0.30035153 0.026193358 0.0 0.023227446 0.0 0.0 0.0 0.0 0.0 0.0 0.0 0.15777847 0.0 0.12488714 0.0 0.0 0.0 0.0 0.0 0.0 0.0 0.0 0.0 0.0 0.0 0.0 0.0 0.0 0.08510695 0.02948141 0.0 0.05800473 0.0 0.0 0.0 0.08322238 0.0
0.0 0.0 0.088224016 0.049920674 0.20775366 0.025314229 0.0 0.0 0.0 0.0 0.0 0.118962504 0.0 0.0 0.019878298 0.0 0.0 0.0 0.0 0.0 0.0 0.0 0.0 0.0 0.0 0.0 0.017135892 0.0 0.0 0.0 0.0074710525 0.1012827 0.008788227 0.028927868 0.0 0.0 0.0 0.0 0.120768465 0.0 0.0 0.0 0.0 0.0 0.0 0.0 0.0 0.0 0.12862037 0.0 0.0 0.0 0.0 0.0 0.0 0.0
0.0061418316 0.0 0.04992068 0.0 0.0 0.018122807 0.08998661 0.0 0.0 0.01169354 0.0 0.0 0.023678074 0.24134675 0.0 0.0 0.06952164 0.0 0.0 0.0 0.0 0.043403942 0.0 0.0 0.0048976145 0.0 0.0 0.0 0.11786076 0.0 0.0 0.0 0.0 0.0 0.01653427 0.0 0.0 0.0 0.0 0.0 0.0 0.0 0.0 0.053215306 0.0 0.0 0.0 0.0061701736 0.0 0.0 0.0 0.0 0.02006657 0.0 0.0 0.0
0.004169723 0.0 0.20775366 0.0 0.0 0.04360668 0.07704462 0.0 0.0 0.0 0.0 0.0 0.123155296 0.051122166 0.0 0.0 0.015380478 0.0 0.0 0.0 0.0091473665 0.053469144 0.0 0.0 0.0 0.0 0.0 0.000207543 0.08426623 0.0 0.0 0.0 0.0 0.0 0.0 0.0 0.0 0.0 0.0 0.033295922 0.13678463 0.031282254 0.005621032 0.055090196 0.0 0.0 0.03098578 0.0 0.020154038 0.0 0.0 0.0 0.0 0.015191343 0.0 0.0857603
0.0 0.0 0.02531423 0.018122805 0.04360668 0.0 0.051911328 0.030899925 0.0 0.0 0.018071594 0.0 0.0 0.0 0.0 0.0 0.0 0.0 0.0 0.0 0.06032127 0.057591315 0.0 0.0 0.0 0.0 0.0 0.0 0.036332566 0.041035663 0.07475483 0.0 0.006435507 0.02367895 0.0 0.06171864 0.0 0.057942208 0.0 0.012044907 0.0 0.05768377 0.016254859 0.032519404 0.0 0.0 0.1591794 0.0 0.0 0.0 0.0 0.0 0.037669327 0.0042738584 0.0 0.060680218
0.0 0.0 0.0 0.08998661 0.07704462 0.05191133 0.032086253 0.0 0.0 0.0 0.0 0.0 0.0 0.0 0.064704865 0.0 0.0 0.0 0.0 0.0 0.0 0.0 0.0 0.0 0.094962664 0.0 0.0 0.0 0.0 0.17395438 0.05789647 0.043571394 0.0 0.004985615 0.0 0.0162378 0.0 0.0 0.0 0.0 0.0 0.0 0.0 0.0 0.0 0.0 0.0 0.0 0.0 0.010569633 0.0 0.0 0.19163238 0.0 0.028086452 0.0
0.013152691 0.0 0.0 0.0 0.0 0.030899925 0.0 0.0 0.0 0.0 0.0 0.10174505 0.0 0.0 0.0 0.0 0.0 0.022517746 0.0 0.0 0.1758328 0.035498865 0.019650942 0.11301697 0.0 0.01425073 0.0 0.0061071054 0.0 0.02881018 0.0 0.019357748 0.046005514 0.0 0.076784715 0.0 0.0 0.104674175 0.10160562 0.0 0.0 0.0 0.0 0.0 0.0033906011 0.0 0.0 0.040521894 0.0 0.10481945 0.053217005 0.05102867 0.0 0.0 0.0 0.0
0.09241841 0.0 0.0 0.0 0.0 0.0 0.0 0.0 0.018776855 0.0 0.0065763467 0.0 0.19593903 0.12862125 0.0 0.0 0.0 0.0114867175 0.0 0.0 0.0017526529 0.0 0.0 0.0017329616 0.0 0.0 0.0 0.0 0.0 0.0 0.05244206 0.0 0.0 0.0 0.0 0.0 0.0 0.0 0.0 0.055277552 0.045744944 0.0 0.0 0.06118622 0.0 0.0 0.0 0.02578655 0.0 0.0 0.0 0.059929375 0.0 0.035848334 0.10394309 0.0
0.0 0.0 0.0 0.011693541 0.0 0.0 0.0 0.0 0.0 0.018374842 0.0 0.0 0.0 0.0 0.0 0.0 0.0 0.0 0.0 0.0 0.0 0.0 0.0 0.026332712 0.0 0.014040543 0.0 0.061738055 0.0 0.0 0.0 0.015949706 0.0 0.17800643 0.01187728 0.038012654 0.0 0.0 0.0 0.13975096 0.0 0.045474403 0.04117363 0.0 0.0 0.112941146 0.03879166 0.0 0.0 0.054691024 0.0 0.0071160123 0.0 0.0 0.032241262 0.18786807
0.0 0.0 0.0 0.0 0.0 0.018071596 0.0 0.0 0.0065763467 0.0 0.0 0.0 0.019321302 0.0 0.1708092 0.0 0.0 0.0 0.026273584 0.0 0.122983895 0.0 0.0 0.0 0.041511863 0.0 0.0 0.0 0.05610798 0.0646716 0.0 0.0 0.0 0.0 0.0 0.1730272 0.0 0.09251274 0.0 0.10513363 0.039647527 0.018212246 0.0 0.0 0.0 0.0 0.030386658 0.016115837 0.0046335603 0.0 0.0 0.0 0.0 0.0 0.03476348 0.0
0.0 0.0 0.118962504 0.0 0.0 0.0 0.0 0.10174505 0.0 0.0 0.0 0.2525369 0.0 0.0 0.0 0.0 0.0 0.026141541 0.0 0.0 0.0 0.0 0.0 0.0 0.0 0.0 0.006918716 0.0 0.0 0.00434815 0.0 0.0 0.11526974 0.040950786 0.0 0.0 0.0 0.0 0.10335387 0.0 0.0 0.0 0.0 0.0 0.0 0.0 0.0 0.0 0.0465132 0.013590696 0.0 0.0 0.0 0.014017634 0.066307396 0.0
0.0 0.0 0.0 0.023678076 0.12315529 0.0 0.0 0.0 0.19593903 0.0 0.019321302 0.0 0.0 0.0 0.0113088265 0.0 0.015822249 0.17364712 0.09112144 0.0 0.0 0.023856413 0.0 0.0 0.0 0.0 0.0 0.0 0.0 0.0 0.07249589 0.0 0.0 0.0 0.0 0.0 0.0 0.0 0.01896077 0.0 0.0 0.0 0.0 0.0 0.0 0.0 0.0 0.025180448 0.0 0.0 0.0 0.009396016 0.18249825 0.03589632 0.0 0.0
0.0 0.0 0.0 0.24134675 0.051122166 0.0 0.0 0.0 0.12862125 0.0 0.0 0.0 0.0 0.0 0.0 0.006034076 0.0016496103 0.095876575 0.0 0.0 0.0 0.0 0.22172408 0.0 0.0 0.0 0.0 0.005428151 0.0 0.0 0.0 0.0 0.0 0.0 0.00019477485 0.0 0.0 0.0 0.0 0.0 0.0 0.0 0.0 0.0 0.0 0.0 0.0 0.06386891 0.0 0.0 0.15655136 0.06770104 0.034293804 0.0 0.0 0.0
0.049147073 0.012211761 0.019878298 0.0 0.0 0.0 0.064704865 0.0 0.0 0.0 0.1708092 0.0 0.011308826 0.0 0.0 0.055736206 0.0 0.0 0.0 0.035838064 0.13254517 0.0 0.0 0.0 0.0 0.0 0.0 0.0 0.0 0.0 0.055541627 0.06113195 0.0 0.0 0.0 0.0 0.0 0.0 0.0 0.0 0.0 0.0 0.0 0.0 0.0 0.020624256 0.16000685 0.0 0.01582128 0.0 0.0 0.0 0.0 0.0 0.0 0.0
0.0 0.0 0.0 0.0 0.0 0.0 0.0 0.0 0.0 0.0 0.0 0.0 0.0 0.006034076 0.055736206 0.0 0.0 0.09776749 0.0 0.0 0.0 0.0 0.0 0.0 0.15881689 0.0 0.0 0.0 0.0 0.0 0.020358106 0.05855347 0.0 0.0 0.0 0.07691181 0.0 0.08646386 0.06083889 0.0 0.0 0.0038388735 0.0 0.21455808 0.0 0.027357483 0.0 0.021458302 0.0 0.0 0.0 0.0 0.026986575 0.0 0.0 0.0
0.0 0.0 0.0 0.06952165 0.015380479 0.0 0.0 0.0 0.0 0.0 0.0 0.0 0.015822249 0.0016496105 0.0 0.0 0.0 0.0 0.0 0.0 0.0 0.0 0.2360982 0.07505835 0.0 0.17409891 0.0 0.0 0.0 0.0 0.035179295 0.026058987 0.0058048405 0.0 0.0 0.0 0.0 0.0 0.0 0.027114505 0.013760314 0.0 0.0 0.0 0.0 0.0 0.0 0.0 0.10548742 0.0 0.0 0.0 0.0 0.0 0.05173867 0.0
0.0 0.040427785 0.0 0.0 0.0 0.0 0.0 0.022517746 0.0114867175 0.0 0.0 0.026141543 0.17364712 0.095876575 0.0 0.09776748 0.0 0.0 0.0 0.0 0.0 0.0 0.0 0.0 0.0 0.0020162417 0.0 0.04468548 0.0 0.0 0.0 0.0 0.0 0.0 0.0 0.044267766 0.0 0.015645094 0.0 0.07804343 0.14679235 0.013304154 0.0 0.0 0.0 0.0 0.003239577 0.0 0.013235567 0.0 0.014038517 0.0040862155 0.0 0.030758528 0.0043490664 0.0
0.0 0.0 0.0 0.0 0.0 0.0 0.0 0.0 0.0 0.0 0.026273584 0.0 0.09112145 0.0 0.0 0.0 0.0 0.0 0.0 0.0 0.05228992 0.0 0.0 0.0 0.0 0.044072628 0.0 0.0 0.0 0.0 0.18356375 0.0 0.07016583 0.0 0.0 0.03691798 0.0 0.0 0.0 0.0 0.03958242 0.0 0.0 0.0 0.0 0.0 0.0 0.0 0.0 0.0 0.048824463 0.0 0.0 0.058718793 0.041559774 0.0
0.0 0.30035153 0.0 0.0 0.0 0.0 0.0 0.0 0.0 0.0 0.0 0.0 0.0 0.0 0.035838064 0.0 0.0 0.0 0.0 0.0 0.0 0.0 0.0 0.0 0.0 0.004227605 0.0048913923 0.027036842 0.0 0.0 0.0 0.0 0.0 0.0 0.0 0.16730236 0.0 0.114683285 0.0 0.0 0.0 0.06246604 0.074150145 0.0 0.0 0.050097674 0.06221002 0.0 0.0 0.0018492439 0.0 0.0 0.0 0.0 0.0 0.0
0.0 0.02619336 0.0 0.0 0.0091473665 0.06032127 0.0 0.1758328 0.0017526529 0.0 0.122983895 0.0 0.0 0.0 0.13254517 0.0 0.0 0.0 0.052289926 0.0 0.0 0.0 0.0 0.0 0.0 0.0 0.0 0.0 0.0 0.0 0.0 0.0 0.0 0.0 0.0 0.0111162225 0.0 0.0 0.0 0.0 0.0037103933 0.01731636 0.0 0.05221164 0.0 0.0 0.0 0.0 0.0 0.0 0.0 0.0 0.013375424 0.03587796 0.0 0.0
0.0 0.0 0.0 0.043403942 0.053469144 0.057591315 0.0 0.035498865 0.0 0.0 0.0 0.0 0.023856413 0.0 0.0 0.0 0.0 0.0 0.0 0.0 0.0 0.0 0.0 0.0 0.07893604 0.0 0.026804978 0.0 0.0 0.0 0.0 0.0 0.06987613 0.02172838 0.0 0.0 0.0 0.013400372 0.16168196 0.0 0.04654999 0.0 0.014872019 0.11004464 0.0 0.0015066407 0.0 0.0 0.0 0.0 0.0 0.0 0.10712943 0.0 0.0 0.0
0.0 0.023227444 0.0 0.0 0.0 0.0 0.0 0.019650942 0.0 0.0 0.0 0.0 0.0 0.22172408 0.0 0.0 0.23609819 0.0 0.0 0.0 0.0 0.0 0.0 0.0 0.0018515184 0.0 0.0 0.0043218434 0.21909216 0.013135576 0.0 0.0 0.0 0.0 0.012658783 0.024155948 0.0 0.012253994 0.0 0.0 0.10506204 0.0 0.0 0.0 0.07002048 0.01720107 0.0 0.0 0.0 0.0 0.0 0.0 0.0 0.032580983 0.0 0.03642706
0.020723024 0.0 0.0 0.0 0.0 0.0 0.0 0.11301698 0.0017329616 0.026332712 0.0 0.0 0.0 0.0 0.0 0.0 0.07505834 0.0 0.0 0.0 0.0 0.0 0.0 0.0 0.0 0.088287376 0.0 0.020602645 0.0 0.0 0.0 0.0 0.0 0.0 0.1320081 0.0 0.0 0.0 0.0 0.11964252 0.10778802 0.0 0.04135792 0.0 0.048169393 0.0 0.023045586 0.0 0.0 0.0033402434 0.050754216 0.08451823 0.0 0.020791143 0.015133022 0.052051894
0.06332128 0.0 0.0 0.0048976145 0.0 0.0 0.094962664 0.0 0.0 0.0 0.04151186 0.0 0.0 0.0 0.0 0.15881689 0.0 0.0 0.0 0.0 0.0 0.07893604 0.0018515184 0.0 0.0 0.0 0.0 0.0 0.0 0.0 0.12673642 0.0 0.021822438 0.013938974 0.0 0.0 0.06652535 0.0 0.009151683 0.0 0.047546152 0.0 0.0 0.0 0.062872656 0.0 0.0 0.0 0.13316484 0.0 0.0 0.0 0.0 0.0 0.0043288204 0.0
0.07367723 0.0 0.0 0.0 0.0 0.0 0.0 0.014250728 0.0 0.014040542 0.0 0.0 0.0 0.0 0.0 0.0 0.17409891 0.0020162417 0.044072624 0.004227605 0.0 0.0 0.0 0.088287376 0.0 0.0 0.0 0.0 0.023078209 0.0 0.0 0.0 0.0 0.0 0.0 0.0 0.014508988 0.0 0.08573702 0.0 0.0 0.0 0.0 0.0 0.05159574 0.0 0.028612047 0.03224608 0.0 0.025067355 0.0 0.16333197 0.020603053 0.021534672 0.0 0.12234823
0.0 0.0 0.017135892 0.0 0.0 0.0 0.0 0.0 0.0 0.0 0.0 0.006918716 0.0 0.0 0.0 0.0 0.0 0.0 0.0 0.0048913923 0.0 0.026804978 0.0 0.0 0.0 0.0 0.0 0.0 0.02781397 0.05108473 0.009224154 0.0 0.028078053 0.0 0.06908538 0.0 0.16043288 0.10496165 0.0643788 0.0 0.0 0.026288226 0.0 0.0 0.16037248 0.033620764 0.0 0.032797717 0.0 0.14394262 0.0 0.0 0.0 0.0 0.0 0.0
0.053691465 0.0 0.0 0.0 0.000207543 0.0 0.0 0.0061071054 0.0 0.06173805 0.0 0.0 0.0 0.005428151 0.0 0.0 0.0 0.04468548 0.0 0.027036842 0.0 0.0 0.004321843 0.020602643 0.0 0.0 0.0 0.0 0.0 0.06343105 0.0 0.0 0.0 0.0 0.1485598 0.0 0.025139682 0.11366375 0.0 0.0 0.0 0.0 0.0 0.0 0.07988036 0.0 0.0 0.08695761 0.0 0.0 0.007866866 0.09577497 0.0 0.0 0.0 0.0
0.0 0.0 0.0 0.11786075 0.08426623 0.036332566 0.0 0.0 0.0 0.0 0.056107983 0.0 0.0 0.0 0.0 0.0 0.0 0.0 0.0 0.0 0.0 0.0 0.21909215 0.0 0.0 0.023078209 0.02781397 0.0 0.0 0.0 0.0 0.0 0.03044375 0.0 0.012616242 0.0 0.0 0.0 0.0 0.0 0.0 0.0 0.0030983037 0.0 0.0 0.0 0.0 0.0 0.011231841 0.0 0.244302 0.0 0.0 0.0 0.10180826 0.0
0.012379102 0.0 0.0 0.0 0.0 0.041035667 0.17395438 0.02881018 0.0 0.0 0.06467159 0.00434815 0.0 0.0 0.0 0.0 0.0 0.0 0.0 0.0 0.0 0.0 0.013135577 0.0 0.0 0.0 0.051084727 0.06343105 0.0 0.0 0.06761233 0.010590728 0.041914772 0.07082095 0.0 0.0 0.0 0.0073884167 0.04639035 0.0 0.0 0.0 0.0 0.0 0.0 0.0 0.0 0.008753302 0.1758731 0.0 0.009907348 0.0 0.0 0.0 0.0015622587 0.0
0.0 0.15777849 0.007471053 0.0 0.0 0.07475483 0.057896465 0.0 0.052442055 0.0 0.0 0.0 0.07249589 0.0 0.055541627 0.020358106 0.035179295 0.0 0.18356375 0.0 0.0 0.0 0.0 0.0 0.1267364 0.0 0.009224154 0.0 0.0 0.06761232 0.0 0.16574736 0.0 0.0 0.0 0.01891783 0.0 0.012432373 0.0 0.0 0.0 0.063413255 0.0 0.0 0.0 0.018112622 0.0574736 0.0 0.0 0.0 0.0 0.0 0.0050719935 0.011942464 0.0 0.0
0.04576869 0.0 0.10128271 0.0 0.0 0.0 0.043571394 0.019357748 0.0 0.015949706 0.0 0.0 0.0 0.0 0.061131954 0.05855347 0.026058987 0.0 0.0 0.0 0.0 0.0 0.0 0.0 0.0 0.0 0.0 0.0 0.0 0.010590727 0.16574736 0.0 0.0 0.0 0.0 0.0 0.0 0.0 0.0 0.0 0.0065165767 0.0 0.0 0.0033216728 0.037602518 0.0 0.06482309 0.0 0.15364635 0.0 0.0 0.0 0.0 0.0 0.0 0.0
0.0 0.12488713 0.008788228 0.0 0.0 0.0064355074 0.0 0.04600551 0.0 0.0 0.0 0.11526974 0.0 0.0 0.0 0.0 0.0058048405 0.0 0.07016582 0.0 0.0 0.06987613 0.0 0.0 0.021822438 0.0 0.028078053 0.0 0.030443748 0.04191477 0.0 0.0 0.0 0.0 0.0 0.0 0.0 0.0 0.0 0.0 0.05984741 0.090000354 0.050036922 0.17028917 0.0 0.0 0.03711618 0.0 0.0 0.0 0.0 0.0 0.0 0.1324675 0.0 0.0
0.008149664 0.0 0.028927868 0.0 0.0 0.023678951 0.004985615 0.0 0.0 0.17800643 0.0 0.040950786 0.0 0.0 0.0 0.0 0.0 0.0 0.0 0.0 0.0 0.021728378 0.0 0.0 0.013938973 0.0 0.0 0.0 0.0 0.07082095 0.0 0.0 0.0 0.0 0.20569097 0.0 0.010257572 0.0 0.027655374 0.0 0.0 0.0 0.0 0.017730521 0.0 0.0 0.0 0.0146113485 0.0 0.0 0.0 0.0 0.0 0.0 0.0 0.13089798
0.0 0.0 0.0 0.016534273 0.0 0.0 0.0 0.076784715 0.0 0.01187728 0.0 0.0 0.0 0.00019477485 0.0 0.0 0.0 0.0 0.0 0.0 0.0 0.0 0.012658783 0.1320081 0.0 0.0 0.06908538 0.14855978 0.012616242 0.0 0.0 0.0 0.0 0.20569097 0.0 0.016113644 0.024318876 0.014525048 0.0 0.10333085 0.0 0.0011226429 0.21145633 0.0 0.0 0.0 0.0057368893 0.0 0.0 0.0 0.0 0.0 0.0 0.0 0.0 0.064503506
0.046316676 0.0 0.0 0.0 0.0 0.061718643 0.0162378 0.0 0.0 0.038012654 0.1730272 0.0 0.0 0.0 0.0 0.07691181 0.0 0.044267766 0.03691798 0.16730236 0.011116222 0.0 0.024155948 0.0 0.0 0.0 0.0 0.0 0.0 0.0 0.018917829 0.0 0.0 0.0 0.016113644 0.0 0.0 0.0 0.0 0.003700971 0.0 0.0 0.0 0.0 0.0 0.0 0.0 0.1433078 0.0 0.0 0.06717919 0.04193539 0.0 0.025726326 0.09291104 0.0
0.0 0.0 0.0 0.0 0.0 0.0 0.0 0.0 0.0 0.0 0.0 0.0 0.0 0.0 0.0 0.0 0.0 0.0 0.0 0.0 0.0 0.0 0.0 0.0 0.06652535 0.014508988 0.16043289 0.025139682 0.0 0.0 0.0 0.0 0.0 0.010257572 0.024318874 0.0 0.0 0.0 0.0 0.100905895 0.0 0.07548192 0.0 0.0 0.0 0.037838653 0.037030432 0.0 0.0 0.12666267 0.07775317 0.0 0.0 0.0470581 0.043309145 0.15451816
0.06226492 0.0 0.0 0.0 0.0 0.057942208 0.0 0.10467418 0.0 0.0 0.09251274 0.0 0.0 0.0 0.0 0.08646386 0.0 0.015645094 0.0 0.114683285 0.0 0.013400371 0.012253994 0.0 0.0 0.0 0.10496165 0.11366375 0.0 0.0073884167 0.012432373 0.0 0.0 0.0 0.0145250475 0.0 0.0 0.0 0.0 0.032565154 0.0 0.0 0.0 0.0 0.0656938 0.052480962 0.0 0.0 0.0 0.0 0.027827851 0.0 0.0 0.0 0.0 0.0
0.02537187 0.0 0.120768465 0.0 0.0 0.0 0.0 0.10160562 0.0 0.0 0.0 0.10335387 0.01896077 0.0 0.0 0.06083889 0.0 0.0 0.0 0.0 0.0 0.16168195 0.0 0.0 0.009151682 0.08573702 0.0643788 0.0 0.0 0.046390355 0.0 0.0 0.0 0.027655376 0.0 0.0 0.0 0.0 0.0 0.0 0.02940275 0.12515117 0.0 0.0 0.0 0.0 0.0 0.0 0.072256625 0.0458055 0.0 0.0 0.0 0.0 0.025143081 0.0
0.023421016 0.0 0.0 0.0 0.033295922 0.012044906 0.0 0.0 0.055277556 0.13975096 0.10513363 0.0 0.0 0.0 0.0 0.0 0.027114505 0.07804343 0.0 0.0 0.0 0.0 0.0 0.11964251 0.0 0.0 0.0 0.0 0.0 0.0 0.0 0.0 0.0 0.0 0.10333084 0.0037009711 0.100905895 0.03256515 0.0 0.0 0.0 0.0 0.0 0.0 0.023345638 0.0 0.021024512 0.029213402 0.0 0.0 0.018312184 0.116189755 0.0 0.07679253 0.0 0.0
0.0 0.0 0.0 0.0 0.13678463 0.0 0.0 0.0 0.045744948 0.0 0.039647527 0.0 0.0 0.0 0.0 0.0 0.013760314 0.14679234 0.039582416 0.0 0.003710393 0.04654999 0.10506204 0.10778802 0.04754615 0.0 0.0 0.0 0.0 0.0 0.0 0.0065165767 0.05984741 0.0 0.0 0.0 0.0 0.0 0.029402748 0.0 0.0 0.0 0.0 0.0 0.0 0.0 0.0 0.14470416 0.0 0.0 0.0 0.0123196915 0.10953095 0.0 0.0 0.0
0.13962156 0.0 0.0 0.0 0.031282254 0.057683766 0.0 0.0 0.0 0.045474403 0.018212246 0.0 0.0 0.0 0.0 0.0038388735 0.0 0.013304154 0.0 0.062466037 0.017316358 0.0 0.0 0.0 0.0 0.0 0.026288226 0.0 0.0 0.0 0.063413255 0.0 0.090000354 0.0 0.0011226429 0.0 0.07548192 0.0 0.12515117 0.0 0.0 0.0 0.0 0.0 0.017776813 0.0 0.0 0.0 0.0 0.0 0.0615778 0.02016389 0.0 0.0 0.050597366 0.0
0.0 0.0 0.0 0.0 0.005621032 0.016254859 0.0 0.0 0.0 0.041173626 0.0 0.0 0.0 0.0 0.0 0.0 0.0 0.0 0.0 0.074150145 0.0 0.014872019 0.0 0.04135792 0.0 0.0 0.0 0.0 0.0030983037 0.0 0.0 0.0 0.050036922 0.0 0.21145633 0.0 0.0 0.0 0.0 0.0 0.0 0.0 0.032032065 0.0 0.0 0.0 0.0035594883 0.07367269 0.0 0.0035226978 0.0 0.1668299 0.010645997 0.093856454 0.03228767 0.0
0.0 0.0 0.0 0.053215306 0.055090196 0.032519404 0.0 0.0 0.061186224 0.0 0.0 0.0 0.0 0.0 0.0 0.21455808 0.0 0.0 0.0 0.0 0.05221164 0.11004464 0.0 0.0 0.0 0.0 0.0 0.0 0.0 0.0 0.0 0.003321673 0.17028917 0.017730521 0.0 0.0 0.0 0.0 0.0 0.0 0.0 0.0 0.0 0.0 0.0 0.0 0.0 0.0 0.06831721 0.0 0.0 0.0 0.04140465 0.0 0.06617314 0.0
0.0 0.0 0.0 0.0 0.0 0.0 0.0 0.0033906011 0.0 0.0 0.0 0.0 0.0 0.0 0.0 0.0 0.0 0.0 0.0 0.0 0.0 0.0 0.07002049 0.048169393 0.06287265 0.051595736 0.16037248 0.07988036 0.0 0.0 0.0 0.03760252 0.0 0.0 0.0 0.0 0.0 0.0656938 0.0 0.023345638 0.0 0.017776811 0.0 0.0 0.0 0.047424424 0.0 0.0 0.0 0.2548104 0.071842335 0.0 0.0 0.0 0.045064624 0.0
0.19826612 0.0 0.0 0.0 0.0 0.0 0.0 0.0 0.0 0.112941146 0.0 0.0 0.0 0.0 0.020624258 0.027357485 0.0 0.0 0.0 0.050097674 0.0 0.0015066407 0.017201068 0.0 0.0 0.0 0.033620767 0.0 0.0 0.0 0.018112622 0.0 0.0 0.0 0.0 0.0 0.037838656 0.052480966 0.0 0.0 0.0 0.0 0.0 0.0 0.047424424 0.0 0.0 0.0 0.0 0.0 0.075225286 0.0 0.0 0.024255767 0.1115523 0.0
0.0106263915 0.0 0.0 0.0 0.030985778 0.15917939 0.0 0.0 0.0 0.038791664 0.030386657 0.0 0.0 0.0 0.16000687 0.0 0.0 0.003239577 0.0 0.062210016 0.0 0.0 0.0 0.023045586 0.0 0.02861205 0.0 0.0 0.0 0.0 0.057473604 0.06482309 0.037116185 0.0 0.0057368893 0.0 0.037030432 0.0 0.0 0.021024512 0.0 0.0 0.0035594883 0.0 0.0 0.0 0.023226952 0.0 0.013960512 0.0 0.0069112577 0.0 0.0 0.0058405683 0.062203005 0.0
0.0 0.08510695 0.0 0.006170173 0.0 0.0 0.0 0.040521894 0.02578655 0.0 0.016115837 0.0 0.025180448 0.06386891 0.0 0.021458302 0.0 0.0 0.0 0.0 0.0 0.0 0.0 0.0 0.0 0.032246083 0.032797717 0.08695761 0.0 0.008753302 0.0 0.0 0.0 0.0146113485 0.0 0.1433078 0.0 0.0 0.0 0.029213402 0.14470416 0.0 0.0736727 0.0 0.0 0.0 0.0 0.068048626 0.0 0.0 0.0 0.0 0.0 0.05898943 0.0 0.003260808
0.0 0.02948141 0.12862037 0.0 0.020154038 0.0 0.0 0.0 0.0 0.0 0.0046335603 0.0465132 0.0 0.0 0.015821278 0.0 0.10548743 0.013235567 0.0 0.0 0.0 0.0 0.0 0.0 0.13316482 0.0 0.0 0.0 0.011231841 0.1758731 0.0 0.15364636 0.0 0.0 0.0 0.0 0.0 0.0 0.072256625 0.0 0.0 0.0 0.0 0.06831721 0.0 0.0 0.013960512 0.0 0.07195273 0.0 0.0 0.0 0.16195771 0.030716145 0.0 0.0
0.06820737 0.0 0.0 0.0 0.0 0.0 0.010569632 0.10481945 0.0 0.054691028 0.0 0.013590695 0.0 0.0 0.0 0.0 0.0 0.0 0.0 0.0018492439 0.0 0.0 0.0 0.0033402431 0.0 0.025067357 0.14394262 0.0 0.0 0.0 0.0 0.0 0.0 0.0 0.0 0.0 0.12666269 0.0 0.0458055 0.0 0.0 0.0 0.0035226978 0.0 0.25481036 0.0 0.0 0.0 0.0 0.055828866 0.0 0.0 0.0 0.0 0.0 0.0
0.046147674 0.058004733 0.0 0.0 0.0 0.0 0.0 0.053217005 0.0 0.0 0.0 0.0 0.0 0.15655138 0.0 0.0 0.0 0.014038517 0.048824467 0.0 0.0 0.0 0.0 0.050754216 0.0 0.0 0.0 0.007866865 0.244302 0.009907348 0.0 0.0 0.0 0.0 0.0 0.06717919 0.07775318 0.027827851 0.0 0.018312184 0.0 0.061577804 0.0 0.0 0.071842335 0.075225286 0.0069112577 0.0 0.0 0.0 0.0 0.03732497 0.0 0.0 0.0 0.0
0.023857616 0.0 0.0 0.0 0.0 0.0 0.0 0.051028665 0.05992937 0.007116012 0.0 0.0 0.009396016 0.06770104 0.0 0.0 0.0 0.0040862155 0.0 0.0 0.0 0.0 0.0 0.084518224 0.0 0.16333197 0.0 0.09577496 0.0 0.0 0.0 0.0 0.0 0.0 0.0 0.04193539 0.0 0.0 0.0 0.11618975 0.0123196915 0.02016389 0.1668299 0.0 0.0 0.0 0.0 0.0 0.0 0.0 0.037324965 0.09992686 0.0 0.0 0.0 0.049002558
0.0 0.0 0.0 0.020066569 0.0 0.03766933 0.19163239 0.0 0.0 0.0 0.0 0.0 0.18249825 0.034293804 0.0 0.026986575 0.0 0.0 0.0 0.0 0.013375424 0.10712943 0.0 0.0 0.0 0.020603053 0.0 0.0 0.0 0.0 0.0050719935 0.0 0.0 0.0 0.0 0.0 0.0 0.0 0.0 0.0 0.10953095 0.0 0.010645997 0.04140465 0.0 0.0 0.0 0.0 0.16195771 0.0 0.0 0.0 0.0 0.063593164 0.0182558 0.0
0.0 0.0 0.0 0.0 0.015191342 0.0042738584 0.0 0.0 0.035848334 0.0 0.0 0.014017633 0.035896316 0.0 0.0 0.0 0.0 0.030758528 0.058718793 0.0 0.035877965 0.0 0.032580983 0.020791143 0.0 0.021534672 0.0 0.0 0.0 0.0 0.011942465 0.0 0.1324675 0.0 0.0 0.025726326 0.0470581 0.0 0.0 0.07679253 0.0 0.0 0.093856454 0.0 0.0 0.02425577 0.005840568 0.05898943 0.030716145 0.0 0.0 0.0 0.063593164 0.0025842139 0.0733751 0.0
0.0 0.08322238 0.0 0.0 0.0 0.0 0.02808645 0.0 0.10394308 0.032241262 0.034763478 0.066307396 0.0 0.0 0.0 0.0 0.05173867 0.004349066 0.04155978 0.0 0.0 0.0 0.0 0.015133022 0.004328821 0.0 0.0 0.0 0.10180825 0.0015622586 0.0 0.0 0.0 0.0 0.0 0.09291104 0.04330914 0.0 0.025143081 0.0 0.0 0.05059737 0.03228767 0.06617314 0.045064628 0.1115523 0.062203005 0.0 0.0 0.0 0.0 0.0 0.0182558 0.073375106 0.0 0.0
0.11923368 0.0 0.0 0.0 0.08576031 0.060680218 0.0 0.0 0.0 0.18786807 0.0 0.0 0.0 0.0 0.0 0.0 0.0 0.0 0.0 0.0 0.0 0.0 0.036427062 0.052051894 0.0 0.12234822 0.0 0.0 0.0 0.0 0.0 0.0 0.0 0.130898 0.064503506 0.0 0.15451817 0.0 0.0 0.0 0.0 0.0 0.0 0.0 0.0 0.0 0.0 0.003260808 0.0 0.0 0.0 0.04900256 0.0 0.0 0.0 0.0
