0.0 0.0 0.0 0.0 0.0 0.17495085 0.0 0.0 0.0 0.0 0.0 0.036977917 0.0 0.0 0.0 0.10066746 0.0 0.0 0.0 0.0 0.116306216 0.001970379 0.08236268 0.0 0.0 0.016436603 0.0 0.17654802 0.0 0.03828328 0.0 0.0 0.041915115 0.0 0.0 0.0 0.0 0.0 0.10827808 0.0 0.0 0.13340262 0.010432956 0.0 0.056545947 0.0 0.0 0.0 0.052830897 0.0 0.0 0.0 0.0 0.0 0.0 0.0
0.0 0.034249097 0.0 0.015808707 0.0 0.0 0.0 0.07038576 0.0 0.0 0.0 0.0 0.02180972 0.057900265 0.0 0.0 0.0 0.0 0.0026948885 0.0 0.0 0.0 0.03841581 0.0 0.0 0.0 0.0 0.0 0.0 0.0 0.008842555 0.0 0.0 0.0003505617 0.015671894 0.0 0.037910458 0.0 0.0 0.14652221 0.0009908518 0.0 0.0 0.0045017907 0.0 0.13307227 0.0 0.046869554 0.0 0.0 0.124842614 0.017816447 0.0 0.0 0.061200142 0.0085027525
0.0 0.0 0.0 0.03634298 0.0 0.0 0.0 0.04163941 0.0 0.0 0.0 0.0 0.0 0.0 0.0 0.0049325293 0.0 0.014199551 0.0 0.031885143 0.1109869 0.0 0.0 0.0 0.043003906 0.0094299605 0.021529697 0.014723496 0.0 0.0 0.0734981 0.0 0.057105824 0.0 0.0 0.0 0.0 0.0 0.013493566 0.07962907 0.0 0.0 0.0 0.04223187 0.023958644 0.024129286 0.0 0.0 0.0 0.0 0.09247273 0.062335245 0.0 0.054427907 0.043877512 0.0032381378
0.0 0.015808709 0.03634298 0.14534374 0.012446186 0.0 0.0 0.0 0.0 0.0 0.0 0.0 0.0026034054 0.0 0.0 0.0 0.0 0.044207446 0.12961188 0.0 0.0 0.0 0.057080477 0.0 0.0 0.0 0.0 0.0 0.0 0.0 0.098225676 0.0 0.0 0.027669517 0.0 0.0 0.0 0.15381843 0.0 0.03732012 0.0 0.0 0.0 0.0 0.0 0.0 0.0 0.0 0.0 0.0 0.0 0.111040965 0.0 0.0 0.0 0.0
0.0 0.0 0.0 0.0124461865 0.0 0.0 0.0 0.0 0.0 0.0 0.0 0.0 0.04499777 0.05726936 0.024715047 0.0 0.0 0.0 0.024140354 0.0 0.02025275 0.0 0.0041703912 0.0 0.044232626 0.037204135 0.0498371 0.0 0.0 0.0 0.0 0.0 0.0 0.008842909 0.0 0.0 0.0 0.0 0.0 0.16823852 0.18836585 0.0 0.0 0.077218026 0.0 0.0 0.0 0.015506468 0.0 0.0 0.0 0.0 0.13982715 0.07827727 0.0 0.01871518
0.17495085 0.0 0.0 0.0 0.0 0.0 0.0 0.0 0.0 0.17511934 0.0 0.014349996 0.011273351 0.0 0.058872003 0.0 0.0 0.0 0.0 0.0 0.0 0.0 0.003911905 0.24343419 0.0 0.0 0.0 0.0 0.038851023 0.0 0.0 0.0 0.0 0.012303551 0.0 0.0 0.012188178 0.0 0.0 0.0 0.03963934 0.0 0.0 0.0 0.012216596 0.012746607 0.0 0.015172691 0.0 0.0 0.0 0.11218306 0.0 0.019979805 0.0 0.021834036
0.0 0.0 0.0 0.0 0.0 0.0 0.12040935 0.12652725 0.0 0.0 0.0 0.0 0.0 0.09481943 0.021246618 0.0 0.0 0.0 0.026135083 0.0 0.0 0.0 0.0 0.0 0.0 0.044602823 0.0 0.0 0.00579924 0.0 0.0 0.0 0.0 0.068339214 0.0 0.058350317 0.0 0.0 0.0 0.02890598 0.0 0.0 0.0 0.0 0.0 0.0 0.034944963 0.0061877207 0.0 0.0 0.0 0.020438531 0.0 0.0 0.0 0.074425146
0.0 0.07038576 0.04163941 0.0 0.0 0.0 0.12652725 0.0 0.023098622 0.0 0.0 0.0 0.009075798 0.013915155 0.01946398 0.01928819 0.057196267 0.0 0.0 0.0 0.0 0.07173675 0.0 0.02015294 0.0 0.0 0.0 0.007877705 0.16086541 0.05652802 0.0069353785 0.10736048 0.0 0.0 0.07284961 0.16735333 0.0 0.0 0.0 0.0 0.021981949 0.0 0.122591846 0.06377906 0.0 0.0 0.0 0.0 0.0 0.023193346 0.0 0.0 0.0 0.0 0.0 0.0
0.0 0.0 0.0 0.0 0.0 0.0 0.0 0.023098622 0.0 0.0 0.0 0.0 0.04758515 0.017246658 0.014653119 0.011619061 0.0 0.0 0.0 0.0 0.0 0.0 0.08452711 0.0 0.0 0.27820262 0.0732166 0.0 0.0 0.0 0.0 0.0 0.0 0.0 0.15479393 0.0 0.0 0.0 0.0 0.087533556 0.0062600984 0.0 0.0 0.0 0.0 0.0 0.0 0.0 0.0 0.0 0.123297416 0.088871054 0.0 0.016434614 0.03964902 0.0
0.0 0.0 0.0 0.0 0.0 0.17511934 0.0 0.0 0.0 0.0 0.0 0.07242376 0.0 0.0 0.04783734 0.043899342 0.0 0.0 0.0 0.009767084 0.13148816 0.0 0.0 0.0 0.061341252 0.0 0.0 0.043828238 0.0 0.115941845 0.016518908 0.17179686 0.0 0.0 0.0020485278 0.0 0.0 0.0 0.0 0.0 0.0 0.007868259 0.051158488 0.004217997 0.0 0.037946887 0.0 0.008766653 0.036793534 0.028016789 0.0 0.0 0.041118678 0.0042822044 0.0 0.05772375
0.0 0.0 0.0 0.0 0.0 0.0 0.0 0.0 0.0 0.0 0.0 0.080377005 0.0 0.0 0.0 0.0 0.0 0.0 0.0 0.0 0.0 0.016056161 0.0 0.0 0.0 0.011013735 0.0 0.0 0.21782959 0.0 0.0 0.0 0.0 0.0 0.0 0.0 0.026502583 0.0 0.0 0.0 0.048736762 0.0 0.0 0.015082617 0.017313782 0.0 0.03209185 0.0 0.0 0.0 0.0 0.0 0.0 0.02418004 0.0 0.4563444
0.036977917 0.0 0.0 0.0 0.0 0.014349997 0.0 0.0 0.0 0.07242376 0.080377005 0.0 0.0 0.0 0.0 0.0 0.0 0.0 0.0 0.0 0.0 0.0 0.005793323 0.09404547 0.0 0.0 0.039308723 0.0 0.0 0.0 0.090576224 0.0 0.2585992 0.0 0.0 0.0 0.010545312 0.0 0.088119246 0.010007294 0.0 0.0 0.0 0.0 0.0 0.0 0.012733595 0.019458676 0.04891358 0.0 0.0 0.0 0.0 0.0028162694 0.0 0.0
0.0 0.021809721 0.0 0.0026034054 0.044997767 0.011273351 0.0 0.009075798 0.047585145 0.0 0.0 0.0 0.0 0.0 0.0117724715 0.012715342 0.0 0.0 0.13209616 0.052369528 0.0 0.007768769 0.0 0.0 0.0 0.0 0.047510825 0.016935658 0.053920608 0.0 0.007017686 0.0 0.0 0.0 0.0 0.0 0.0 0.13811076 0.0 0.0 9.5379364e-05 0.0 0.096446484 0.0 0.0 0.0 0.05547836 0.0 0.0 0.12214006 0.0 0.0 0.0 0.0 0.006342941 0.0
0.0 0.05790026 0.0 0.0 0.05726936 0.0 0.09481942 0.013915156 0.01724666 0.0 0.0 0.0 0.0 0.0 0.0 0.0 0.0 0.0 0.0 0.02732998 0.0 0.019883303 0.0 0.0 0.10095901 0.0 0.0 0.0 0.091742314 0.05658463 0.0 0.0 0.0 0.0 0.047531247 0.084293604 0.0 0.0 0.0 0.0 0.0 0.19836569 0.08342598 0.0 0.0 0.0 0.09521804 0.0 0.0 0.0018797867 0.0 0.008353091 0.0 0.0 0.011965773 0.0
0.0 0.0 0.0 0.0 0.024715045 0.058872003 0.021246618 0.019463982 0.014653119 0.04783734 0.0 0.0 0.0117724715 0.0 0.09890022 0.0 0.0 0.0 0.0 0.0 0.0 0.0 0.0 0.0 0.0 0.0 0.0 0.0 0.0 0.0 0.0 0.0 0.057205033 0.0 0.0 0.0050699883 0.0 0.0 0.0 0.0 0.0 0.037276097 0.058256954 0.028050706 0.019716756 0.077637695 0.0 0.0462209 0.012057903 0.002802723 0.0 0.0 0.18409966 0.0676591 0.0 0.0
0.100667454 0.0 0.0049325298 0.0 0.0 0.0 0.0 0.019288188 0.011619061 0.043899342 0.0 0.0 0.012715342 0.0 0.0 0.0 0.15400968 0.027897067 0.0 0.0 0.0 0.13011706 0.0 0.0 0.0 0.0 0.0 0.0 0.16446057 0.008249792 0.0 0.0 0.0 0.15246344 0.013587837 0.0 0.06647863 0.0 0.0 0.0 0.0 0.0 0.0 0.02476349 0.0 0.0 0.0 0.01683413 0.0 0.16068259 0.0 0.003917969 0.05667933 0.0 0.0 0.02785318
0.0 0.0 0.0 0.0 0.0 0.0 0.0 0.05719627 0.0 0.0 0.0 0.0 0.0 0.0 0.0 0.1540097 0.0 0.0 0.0 0.121569104 0.008860934 0.031486306 0.0051887226 0.009450039 0.0 0.0076278276 0.06565366 0.0 0.0 0.0 0.0 0.0 0.15604606 0.0 0.0 0.0 0.0 0.0 0.14745906 0.0 0.0 0.0 0.0 0.0 0.0 0.021945823 0.0 0.0 0.0 0.0 0.041838657 0.057710066 0.0 0.0053690774 0.01105261 0.0
0.0 0.0 0.014199551 0.044207443 0.0 0.0 0.0 0.0 0.0 0.0 0.0 0.0 0.0 0.0 0.0 0.02789707 0.0 0.0 0.0 0.018852515 0.019404462 0.025594294 0.0 0.0 0.0 0.035198513 0.11000041 0.0 0.0 0.0 0.09753539 0.0 0.0 0.0 0.0 0.0 0.0 0.0 0.0 0.0 0.11343238 0.0 0.14561965 0.0 0.0 0.0 0.016156418 0.04498105 0.1332324 0.0 0.0 0.0 0.0 0.10431114 0.0 0.0
0.0 0.0026948887 0.0 0.12961188 0.024140354 0.0 0.026135083 0.0 0.0 0.0 0.0 0.0 0.13209616 0.0 0.0 0.0 0.0 0.0 0.0 0.013312822 0.0 0.0 0.03205879 0.0 0.0 0.0 0.17383297 0.0 0.0 0.0 0.0 0.0 0.0 0.0 0.0 0.0 0.0 0.0 0.0 0.17293553 0.0 0.0 0.0 0.0016354236 0.0 0.010789543 0.0 0.02784278 0.0 0.0 0.0 0.0 0.0 0.0051791435 0.19075331 0.0
0.0 0.0 0.031885143 0.0 0.0 0.0 0.0 0.0 0.0 0.009767084 0.0 0.0 0.05236953 0.027329978 0.0 0.0 0.12156911 0.018852515 0.013312822 0.0 0.0 0.0 0.0 0.0 0.0 0.0 0.0 0.0 0.0 0.0 0.11502304 0.041280206 0.0 0.0 0.0 0.0 0.0 0.048191063 0.0 0.027589368 0.16393642 0.030501006 0.0 0.08162553 0.0 0.0 0.0 0.0 0.0070045725 0.0 0.0 0.0 0.041078407 0.14566201 0.0 0.0
0.116306216 0.0 0.110986896 0.0 0.02025275 0.0 0.0 0.0 0.0 0.13148816 0.0 0.0 0.0 0.0 0.0 0.0 0.008860934 0.01940446 0.0 0.0 0.0 0.0 0.13080972 0.026207998 0.0 0.0 0.0 0.0 0.0 0.0 0.0 0.0 0.0 0.067986615 0.0 0.0 0.013833018 0.040323623 0.0 0.0 0.0 0.0 0.0 0.0 0.0 0.0 0.0 0.0 0.08876457 0.0 0.0 0.107273884 0.0 0.0 0.050923977 0.0
0.001970379 0.0 0.0 0.0 0.0 0.0 0.0 0.07173675 0.0 0.0 0.016056161 0.0 0.0077687693 0.019883301 0.0 0.13011706 0.031486306 0.025594294 0.0 0.0 0.0 0.0 0.03277442 0.12629443 0.0 0.0 0.0 0.024221238 0.0 0.0 0.006499326 0.0 0.13195574 0.0 0.0 0.0 0.039474655 0.0 0.0 0.0 0.014504931 0.0 0.0 0.0 0.003183843 0.0 0.0 0.0 0.0 0.13659047 0.03745128 0.0 0.0 0.0 0.0696436 0.0
0.08236268 0.03841581 0.0 0.057080477 0.0041703912 0.003911905 0.0 0.0 0.08452711 0.0 0.0 0.0057933233 0.0 0.0 0.0 0.0 0.0051887226 0.0 0.032058787 0.0 0.13080972 0.03277442 0.032633945 0.033840656 0.0 0.03745419 0.012436819 0.0036563708 0.0 0.0 0.08688162 0.07822371 0.0050926385 0.047187306 0.0 0.067098655 0.05018728 0.022543361 0.0 0.03399974 0.0 0.0 0.0 0.013949806 0.0 0.024541067 0.0 0.010462029 0.07094142 0.0 0.0 0.0 0.057087936 0.0 0.023740299 0.0
0.0 0.0 0.0 0.0 0.0 0.2434342 0.0 0.02015294 0.0 0.0 0.0 0.094045475 0.0 0.0 0.0 0.0 0.00945004 0.0 0.0 0.0 0.026207998 0.12629443 0.033840656 0.0 0.098189294 0.0 0.026315955 0.015638508 0.01263503 0.020367576 0.051175848 0.0 0.0 0.0 0.018728055 0.019854471 0.015778916 0.0 0.0 0.0 0.07978127 0.0 0.0 0.0 0.0 0.0 0.0 0.0 0.010173202 0.06428367 0.0 0.0 0.0 0.0 0.0 0.0
0.0 0.0 0.0430039 0.0 0.04423263 0.0 0.0 0.0 0.0 0.061341252 0.0 0.0 0.0 0.100959 0.0 0.0 0.0 0.0 0.0 0.0 0.0 0.0 0.0 0.098189294 0.0 0.010042567 0.0 0.030249009 0.0 0.0 0.0 0.0 0.021967191 0.03616059 0.0 0.0 0.0 0.0 0.0 0.079196855 0.06237613 0.0 0.04709057 0.0 0.0 0.0 0.03540097 0.0 0.041098814 0.0 0.0 0.016102193 0.0 0.096710995 0.037774924 0.03002727
0.016436603 0.0 0.009429961 0.0 0.03720413 0.0 0.044602823 0.0 0.27820262 0.0 0.011013735 0.0 0.0 0.0 0.0 0.0 0.0076278276 0.03519851 0.0 0.0 0.0 0.0 0.03745419 0.0 0.010042566 0.0 0.0 0.0 0.0020719778 0.083536536 0.0 0.0 0.0 0.0 0.0 0.0 0.0 0.083442815 0.0 0.0 0.0 0.075574316 0.0 0.033030044 0.0 0.0 0.0 0.0 0.0 0.043700844 0.0 0.00407649 0.0 0.0 0.0 0.0
0.0 0.0 0.021529695 0.0 0.049837105 0.0 0.0 0.0 0.07321661 0.0 0.0 0.039308723 0.047510825 0.0 0.0 0.0 0.06565366 0.11000042 0.17383297 0.0 0.0 0.0 0.01243682 0.026315955 0.0 0.0 0.0 0.0 0.008408839 0.0 0.057226546 0.01480357 0.0 0.108225554 0.0 0.017108202 0.0 0.016210066 0.0 0.0 0.044594847 0.0 0.005128193 0.059497148 0.0 0.022495633 0.0 0.0 0.0 0.0101800235 0.0 0.0 0.010164864 0.0 0.0 0.016491279
0.17654803 0.0 0.014723496 0.0 0.0 0.0 0.0 0.007877705 0.0 0.04382824 0.0 0.0 0.016935658 0.0 0.0 0.0 0.0 0.0 0.0 0.0 0.0 0.024221238 0.003656371 0.01563851 0.030249009 0.0 0.0 0.0 0.0 0.16086842 0.0 0.0 0.0 0.023622189 0.012742769 0.0 0.0 0.0 0.0 0.0 0.0 0.0 0.0 0.0 0.003017696 0.0 0.0 0.0 0.0 0.18579583 0.0 0.0 0.0 0.0 0.0 0.0
0.0 0.0 0.0 0.0 0.0 0.038851026 0.00579924 0.16086541 0.0 0.0 0.21782959 0.0 0.053920608 0.091742314 0.0 0.16446057 0.0 0.0 0.0 0.0 0.0 0.0 0.0 0.01263503 0.0 0.0020719778 0.008408839 0.0 0.0 0.0 0.0 0.0 0.0 0.0 0.0719507 0.0 0.0 0.0 0.0 0.0 0.0 0.0 0.0 0.0 0.0 0.0 0.0 0.11313482 0.0 0.0 0.0 0.056622237 0.0 0.0 0.0 0.0
0.03828328 0.0 0.0 0.0 0.0 0.0 0.0 0.05652802 0.0 0.115941845 0.0 0.0 0.0 0.05658463 0.0 0.008249791 0.0 0.0 0.0 0.0 0.0 0.0 0.0 0.020367576 0.0 0.083536536 0.0 0.16086844 0.0 0.0 0.0 0.0 0.0 0.0 0.06812 0.0 0.042856194 0.0 0.0 0.019844532 0.0 0.0 0.0 0.0 0.19503415 0.0 0.0 0.0 0.0 0.0 0.0 0.015909355 0.0 0.042648733 0.0 0.0
0.0 0.008842555 0.07349811 0.09822568 0.0 0.0 0.0 0.006935379 0.0 0.016518908 0.0 0.09057623 0.007017686 0.0 0.0 0.0 0.0 0.09753539 0.0 0.11502303 0.0 0.006499326 0.08688162 0.051175848 0.0 0.0 0.05722655 0.0 0.0 0.0 0.115872115 0.0 0.006506336 0.05355092 0.0 0.0 0.07623797 0.13950488 0.0 0.0 0.0 0.0 0.0 0.0 0.0 0.0 0.0 0.0 0.01285524 0.0 0.022039162 0.0 0.0 0.0 0.07212431 0.0
0.0 0.0 0.0 0.0 0.0 0.0 0.0 0.107360475 0.0 0.17179686 0.0 0.0 0.0 0.0 0.0 0.0 0.0 0.0 0.0 0.041280203 0.0 0.0 0.078223705 0.0 0.0 0.0 0.01480357 0.0 0.0 0.0 0.0 0.0 0.0 0.0 0.017431092 0.0 0.1474764 0.03155707 0.0 0.0 0.011539996 0.0 0.0 0.0 0.06851357 0.0 0.0 0.07709837 0.0 0.0 0.19139378 0.0 0.0 0.0 0.07590126 0.0
0.041915115 0.0 0.057105824 0.0 0.0 0.0 0.0 0.0 0.0 0.0 0.0 0.2585992 0.0 0.0 0.057205036 0.0 0.15604606 0.0 0.0 0.0 0.0 0.13195576 0.005092638 0.0 0.02196719 0.0 0.0 0.0 0.0 0.0 0.006506336 0.0 0.0 0.0 0.0 0.0 0.0 0.0 0.11981405 0.0 0.0 0.0 0.0 0.093489446 0.03792768 0.0 0.0 0.0 0.031890284 0.018137012 0.0 0.0 0.048964556 0.0 0.03120988 0.0
0.0 0.0003505617 0.0 0.02766952 0.00884291 0.012303552 0.068339214 0.0 0.0 0.0 0.0 0.0 0.0 0.0 0.0 0.15246344 0.0 0.0 0.0 0.0 0.06798662 0.0 0.047187306 0.0 0.03616059 0.0 0.10822556 0.023622189 0.0 0.0 0.05355092 0.0 0.0 0.0 0.0 0.0 0.0 0.050148893 0.0 0.0 0.0 0.0 0.0 0.0 0.0 0.053580925 0.0480762 0.036755007 0.0 0.0 0.07816011 0.0 0.0 0.0 0.02194113 0.0
0.0 0.015671894 0.0 0.0 0.0 0.0 0.0 0.07284961 0.15479393 0.002048528 0.0 0.0 0.0 0.047531247 0.0 0.013587837 0.0 0.0 0.0 0.0 0.0 0.0 0.0 0.018728057 0.0 0.0 0.0 0.012742769 0.071950704 0.06812 0.0 0.017431092 0.0 0.0 0.1735795 0.1728266 0.035188448 0.0 0.0 0.0 0.0048054876 0.09101193 0.037844308 0.0 0.0 0.0 0.0 0.014216586 0.0 0.0 0.0 0.019515762 0.003281317 0.0 0.0 0.0118156485
0.0 0.0 0.0 0.0 0.0 0.0 0.058350317 0.16735333 0.0 0.0 0.0 0.0 0.0 0.084293604 0.0050699883 0.0 0.0 0.0 0.0 0.0 0.0 0.0 0.067098655 0.019854473 0.0 0.0 0.017108202 0.0 0.0 0.0 0.0 0.0 0.0 0.0 0.17282662 0.0 0.0 0.0 0.0 0.0 0.0 0.0 0.0 0.0 0.0 0.0 0.0 0.0 0.0 0.0 0.07457311 0.1667662 0.0 0.0 0.10507234 0.0
0.0 0.037910458 0.0 0.0 0.0 0.012188178 0.0 0.0 0.0 0.0 0.026502581 0.010545313 0.0 0.0 0.0 0.06647863 0.0 0.0 0.0 0.0 0.013833018 0.03947466 0.05018728 0.015778916 0.0 0.0 0.0 0.0 0.0 0.042856198 0.07623797 0.1474764 0.0 0.0 0.035188448 0.0 0.0 0.0025469954 0.0 0.0 0.0 0.0 0.020657199 0.0 0.003133729 0.28583187 0.066847585 0.0 0.013460236 0.0 0.11410942 0.0 0.0 0.0 0.0 0.002209457
0.0 0.0 0.0 0.15381841 0.0 0.0 0.0 0.0 0.0 0.0 0.0 0.0 0.13811076 0.0 0.0 0.0 0.0 0.0 0.0 0.048191063 0.040323623 0.0 0.022543361 0.0 0.0 0.083442815 0.016210066 0.0 0.0 0.0 0.13950488 0.03155707 0.0 0.05014889 0.0 0.0 0.0025469956 0.0 0.0 0.04202705 0.030801719 0.0 0.0144879045 0.0 0.0 0.0 0.0 0.0 0.010494641 0.0 0.029552255 0.0 0.04572817 0.046827726 0.019297957 0.0
0.10827809 0.0 0.013493566 0.0 0.0 0.0 0.0 0.0 0.0 0.0 0.0 0.088119246 0.0 0.0 0.0 0.0 0.14745906 0.0 0.0 0.0 0.0 0.0 0.0 0.0 0.0 0.0 0.0 0.0 0.0 0.0 0.0 0.0 0.11981405 0.0 0.0 0.0 0.0 0.0 0.1279432 0.0 0.0 0.0 0.0 0.051137097 0.24041352 0.0 0.0 0.031757705 0.0 0.0 0.0 0.0 0.0027050963 0.0 0.0 0.0
0.0 0.14652222 0.07962908 0.037320122 0.16823852 0.0 0.028905982 0.0 0.08753355 0.0 0.0 0.010007294 0.0 0.0 0.0 0.0 0.0 0.0 0.17293553 0.027589366 0.0 0.0 0.03399974 0.0 0.07919686 0.0 0.0 0.0 0.0 0.019844532 0.0 0.0 0.0 0.0 0.0 0.0 0.0 0.04202705 0.0 0.0 0.0 0.0 0.0 0.0 0.0 0.0 0.11054779 0.0 0.0 0.0 0.003721201 0.025011506 0.0 0.011436412 0.0 0.022157311
0.0 0.0009908517 0.0 0.0 0.18836586 0.03963934 0.0 0.021981949 0.0062600984 0.0 0.048736762 0.0 9.5379364e-05 0.0 0.0 0.0 0.0 0.11343237 0.0 0.16393642 0.0 0.014504931 0.0 0.07978128 0.062376138 0.0 0.044594847 0.0 0.0 0.0 0.0 0.011539997 0.0 0.0 0.004805488 0.0 0.0 0.030801719 0.0 0.0 0.0 0.0794352 0.0 0.0 0.0 0.0 0.09002218 0.0 0.0 0.0 0.0 0.0 0.0 0.0 0.060328983 0.0
0.13340262 0.0 0.0 0.0 0.0 0.0 0.0 0.0 0.0 0.007868259 0.0 0.0 0.0 0.19836569 0.0372761 0.0 0.0 0.0 0.0 0.030501006 0.0 0.0 0.0 0.0 0.0 0.075574316 0.0 0.0 0.0 0.0 0.0 0.0 0.0 0.0 0.09101192 0.0 0.0 0.0 0.0 0.0 0.0794352 0.0 0.0 0.0 0.0 0.0 0.0 0.0 0.0 0.0 0.0 0.12181615 0.0 0.011362366 0.0 0.020414606
0.010432956 0.0 0.0 0.0 0.0 0.0 0.0 0.12259184 0.0 0.05115849 0.0 0.0 0.096446484 0.08342598 0.058256954 0.0 0.0 0.14561966 0.0 0.0 0.0 0.0 0.0 0.0 0.04709057 0.0 0.005128193 0.0 0.0 0.0 0.0 0.0 0.0 0.0 0.037844308 0.0 0.020657197 0.0144879045 0.0 0.0 0.0 0.0 0.0 0.0 0.0 0.0 0.0 0.0 0.0 0.0 0.0050010397 0.1947959 0.0 0.0 0.0 0.0
0.0 0.0045017907 0.04223187 0.0 0.07721803 0.0 0.0 0.06377906 0.0 0.004217997 0.015082618 0.0 0.0 0.0 0.028050706 0.02476349 0.0 0.0 0.0016354236 0.08162553 0.0 0.0 0.013949805 0.0 0.0 0.033030044 0.059497148 0.0 0.0 0.0 0.0 0.0 0.093489446 0.0 0.0 0.0 0.0 0.0 0.051137097 0.0 0.0 0.0 0.0 0.0 0.038779832 0.0 0.0120162 0.03337201 0.0 0.0 0.0 0.0 0.05085604 0.035377875 0.016848661 0.0
0.056545947 0.0 0.023958644 0.0 0.0 0.012216596 0.0 0.0 0.0 0.0 0.017313782 0.0 0.0 0.0 0.019716756 0.0 0.0 0.0 0.0 0.0 0.0 0.0031838433 0.0 0.0 0.0 0.0 0.0 0.0030176959 0.0 0.19503416 0.0 0.06851357 0.03792768 0.0 0.0 0.0 0.003133729 0.0 0.2404135 0.0 0.0 0.0 0.0 0.038779832 0.25218606 0.0 0.0 0.0 0.07967358 0.042849503 0.0 0.0 0.0 0.0 0.0 0.0
0.0 0.13307227 0.024129285 0.0 0.0 0.012746608 0.0 0.0 0.0 0.037946884 0.0 0.0 0.0 0.0 0.077637695 0.0 0.021945825 0.0 0.010789542 0.0 0.0 0.0 0.024541069 0.0 0.0 0.0 0.022495633 0.0 0.0 0.0 0.0 0.0 0.0 0.053580925 0.0 0.0 0.28583187 0.0 0.0 0.0 0.0 0.0 0.0 0.0 0.0 0.0 0.0 0.0 0.0 0.02071106 0.0 0.0 0.0 0.0 0.0 0.0
0.0 0.0 0.0 0.0 0.0 0.0 0.034944963 0.0 0.0 0.0 0.032091845 0.012733595 0.05547836 0.09521804 0.0 0.0 0.0 0.016156416 0.0 0.0 0.0 0.0 0.0 0.0 0.035400975 0.0 0.0 0.0 0.0 0.0 0.0 0.0 0.0 0.0480762 0.0 0.0 0.06684759 0.0 0.0 0.11054779 0.09002218 0.0 0.0 0.012016201 0.0 0.0 0.10855806 0.06322822 0.0 0.0 0.0 0.069492586 0.0 0.09383415 0.0 0.13249254
0.0 0.046869554 0.0 0.0 0.015506468 0.01517269 0.006187721 0.0 0.0 0.008766653 0.0 0.019458678 0.0 0.0 0.046220895 0.016834129 0.0 0.04498105 0.02784278 0.0 0.0 0.0 0.010462029 0.0 0.0 0.0 0.0 0.0 0.113134824 0.0 0.0 0.07709837 0.0 0.036755007 0.014216586 0.0 0.0 0.0 0.031757705 0.0 0.0 0.0 0.0 0.03337201 0.0 0.0 0.06322823 0.0 0.046575475 0.038267042 0.0 0.0026068261 0.21344626 0.0 0.0 0.0
0.052830897 0.0 0.0 0.0 0.0 0.0 0.0 0.0 0.0 0.036793534 0.0 0.04891358 0.0 0.0 0.012057903 0.0 0.0 0.1332324 0.0 0.007004573 0.08876458 0.0 0.07094142 0.010173202 0.04109882 0.0 0.0 0.0 0.0 0.0 0.012855239 0.0 0.031890284 0.0 0.0 0.0 0.013460236 0.010494641 0.0 0.0 0.0 0.0 0.0 0.0 0.07967358 0.0 0.0 0.04657548 0.15082161 0.0 0.0 0.0 0.0 0.0 0.08626266 0.0
0.0 0.0 0.0 0.0 0.0 0.0 0.0 0.023193346 0.0 0.028016789 0.0 0.0 0.12214006 0.0018797867 0.002802723 0.16068259 0.0 0.0 0.0 0.0 0.0 0.13659048 0.0 0.06428366 0.0 0.043700844 0.010180023 0.18579583 0.0 0.0 0.0 0.0 0.018137012 0.0 0.0 0.0 0.0 0.0 0.0 0.0 0.0 0.0 0.0 0.0 0.0428495 0.02071106 0.0 0.03826704 0.0 0.0 0.0 0.0 0.0 0.106221505 0.0 0.0
0.0 0.124842614 0.09247273 0.0 0.0 0.0 0.0 0.0 0.123297416 0.0 0.0 0.0 0.0 0.0 0.0 0.0 0.041838657 0.0 0.0 0.0 0.0 0.037451282 0.0 0.0 0.0 0.0 0.0 0.0 0.0 0.0 0.022039164 0.19139378 0.0 0.07816011 0.0 0.07457311 0.11410942 0.029552255 0.0 0.0037212013 0.0 0.0 0.0050010397 0.0 0.0 0.0 0.0 0.0 0.0 0.0 0.0 0.0 0.004502364 0.0 0.026120862 0.030879648
0.0 0.017816447 0.062335245 0.111040965 0.0 0.11218306 0.020438531 0.0 0.088871054 0.0 0.0 0.0 0.0 0.008353091 0.0 0.003917969 0.057710066 0.0 0.0 0.0 0.10727388 0.0 0.0 0.0 0.016102191 0.0040764906 0.0 0.0 0.05662224 0.015909355 0.0 0.0 0.0 0.0 0.01951576 0.1667662 0.0 0.0 0.0 0.025011506 0.0 0.12181615 0.1947959 0.0 0.0 0.0 0.06949258 0.0026068261 0.0 0.0 0.0 0.0 0.0 0.0015346645 0.0007531949 0.0
0.0 0.0 0.0 0.0 0.13982715 0.0 0.0 0.0 0.0 0.041118678 0.0 0.0 0.0 0.0 0.18409967 0.05667933 0.0 0.0 0.0 0.04107841 0.0 0.0 0.057087936 0.0 0.0 0.0 0.010164864 0.0 0.0 0.0 0.0 0.0 0.048964556 0.0 0.003281317 0.0 0.0 0.045728166 0.0027050963 0.0 0.0 0.0 0.0 0.05085604 0.0 0.0 0.0 0.21344626 0.0 0.0 0.004502364 0.0 0.075582124 0.08802002 0.0 0.0
0.0 0.0 0.054427907 0.0 0.07827727 0.019979805 0.0 0.0 0.016434614 0.0042822044 0.02418004 0.0028162694 0.0 0.0 0.0676591 0.0 0.0053690774 0.10431114 0.005179144 0.14566201 0.0 0.0 0.0 0.0 0.09671099 0.0 0.0 0.0 0.0 0.042648733 0.0 0.0 0.0 0.0 0.0 0.0 0.0 0.046827726 0.0 0.011436412 0.0 0.011362366 0.0 0.035377875 0.0 0.0 0.09383415 0.0 0.0 0.106221505 0.0 0.0015346645 0.08802003 0.0 0.0 0.0
0.0 0.061200146 0.04387751 0.0 0.0 0.0 0.0 0.0 0.039649017 0.0 0.0 0.0 0.0063429414 0.011965774 0.0 0.0 0.01105261 0.0 0.1907533 0.0 0.05092398 0.0696436 0.023740299 0.0 0.037774924 0.0 0.0 0.0 0.0 0.0 0.0721243 0.07590126 0.031209882 0.02194113 0.0 0.10507234 0.0 0.019297957 0.0 0.0 0.060328986 0.0 0.0 0.016848661 0.0 0.0 0.0 0.0 0.08626266 0.0 0.026120862 0.0007531949 0.0 0.0 0.0 0.0
0.0 0.0085027525 0.0032381378 0.0 0.018715179 0.021834034 0.07442514 0.0 0.0 0.05772375 0.4563444 0.0 0.0 0.0 0.0 0.027853182 0.0 0.0 0.0 0.0 0.0 0.0 0.0 0.0 0.030027268 0.0 0.016491279 0.0 0.0 0.0 0.0 0.0 0.0 0.0 0.0118156485 0.0 0.002209457 0.0 0.0 0.02215731 0.0 0.020414606 0.0 0.0 0.0 0.0 0.13249253 0.0 0.0 0.0 0.03087965 0.0 0.0 0.0 0.0 0.0
