0.0 0.0 0.0 0.0 0.0 0.3140721 0.0 0.0 0.0 0.0 0.0 0.0 0.0 0.0 0.0 0.074699625 0.0 0.0 0.0 0.0 0.0 0.0 0.009362855 0.0 0.08936259 0.015556143 0.06477959 0.0 0.0 0.0 0.113409944 0.0 0.15000428 0.0 0.0 0.0 0.0 0.0 0.046583533 0.0866888 0.0 0.0 0.0 0.0 0.004017811 0.0 0.0 0.0 0.0 0.0 0.0 0.0 0.0 0.08390142 0.0 0.025948586
0.0 0.0 0.024387741 0.0 0.083628915 0.0 0.17729998 0.0 0.190486 0.0 0.0 0.010693887 0.015257541 0.0 0.0 0.0 0.0 0.0 0.08471392 0.0 0.0072537656 0.014804522 0.0 0.0 0.0 0.0 0.0 0.0 0.09104751 0.015641013 0.0 0.053542368 0.0 0.04415226 0.0 0.0 0.0 0.0 0.0 0.0 0.0 0.0 0.013682068 0.0 0.0 0.0035794177 0.026525443 0.023380289 0.0 0.0 0.0 0.0 0.0 0.040613703 0.0 0.0
0.0 0.024387741 0.0 0.09941652 0.0 0.028578637 0.0 0.0 0.0 0.0 0.0 0.0 0.076380126 0.0 0.0 0.021520996 0.0 0.0 0.01800659 0.0 0.025334246 0.017663926 0.13251588 0.0 0.0 0.0 0.050854713 0.0 0.0 0.0 0.015360537 0.0 0.005404244 0.0 0.0 0.0 0.0 0.0 0.0 0.057294775 0.056204535 0.0 0.0 0.0 0.0 0.10150413 0.0 0.0 0.0 0.07430518 0.0 0.0 0.0 0.0 0.041801445 0.0
0.0 0.0 0.09941651 0.07515282 0.083395384 0.0 0.0 0.0 0.018823037 0.0 0.0 0.0 0.019655582 0.0 0.0 0.0 0.014299746 0.0 0.0 0.18123971 0.0 0.06235347 0.05480607 0.0 0.0 0.0 0.0 0.0 0.0034407564 0.07502414 0.0 0.10918884 0.0 0.006708611 0.0 0.0 0.0 0.0 0.0 0.0 0.0 0.0 0.0 0.08986321 0.0 0.0 0.0137682315 0.0572806 0.0 0.0 0.0 0.0 0.0 0.0 0.0 0.0
0.0 0.083628915 0.0 0.083395384 0.0 0.0 0.006959399 0.0 0.0 0.0 0.0 0.0 0.0 0.0 0.0 0.0 0.07753261 0.0 0.08020267 0.02405883 0.0 0.18775642 0.0 0.0 0.0 0.0 0.0 0.0 0.0 0.09966471 0.0 0.0 0.08568365 0.0 0.0 0.0 0.0 0.015255768 0.14026041 0.0 0.0 0.0 0.0 0.05191147 0.0 0.043910872 0.003708171 0.006048526 0.013654376 0.0 0.0 0.0 0.0 0.0 0.064465225 0.0
0.3140721 0.0 0.028578637 0.0 0.0 0.0 0.0 0.0 0.0 0.028471494 0.0 0.0 0.0 0.0 0.010460295 0.0 0.012705356 0.0 0.0 0.00747132 0.0 0.0 0.03377849 0.08325297 0.0 0.0 0.0 0.0 0.0 0.0 0.0 0.0 0.035702705 0.0 0.0 0.03022263 0.008553268 0.0 0.0 0.0 0.0 0.0 0.0 0.10221149 0.0322547 0.0 0.0 0.0 0.0 0.058193423 0.0 0.0 0.0 0.0 0.06037742 0.0
0.0 0.17729996 0.0 0.0 0.006959399 0.0 0.0582799 0.0 0.047794066 0.0 0.0 0.0 0.018977648 0.0 0.0 0.0 0.0 0.0 0.24286836 0.0 0.07578558 0.0 0.0 0.0 0.0 0.0 0.0 0.0 0.0 0.0 0.0 0.0 0.0 0.01787353 0.0 0.12414027 0.0 0.0 0.0 0.0 0.0 0.057202883 0.0 0.0 0.0 0.0 0.06323377 0.0 0.0 0.0 0.0 0.0 0.0 0.08782942 0.0 0.030124068
0.0 0.0 0.0 0.0 0.0 0.0 0.0 0.037281986 0.0 0.11033159 0.0 0.0032905524 0.0 0.0 0.055368587 0.0 0.0 0.07350751 0.0 0.0 0.0 0.0 0.0 0.09911215 0.10707753 0.02131381 0.0 0.0 0.0 0.0 0.04020293 0.0 0.0 0.0 0.0 0.0 0.0 0.0 0.0 0.0 0.100376375 0.15806091 0.0 0.0 0.0 0.007837389 0.001323232 0.05005868 0.008527949 0.0 0.0 0.02518026 0.03454084 0.04280614 0.0 0.0025926353
0.0 0.190486 0.0 0.018823039 0.0 0.0 0.047794066 0.0 0.07403639 0.0 0.0 0.0 0.063515075 0.0 0.0 0.0 0.0 0.0 0.07102013 0.0 0.0 0.0 0.0 0.0 0.0 0.0 0.0 0.0 0.0 0.0 0.0 0.0 0.0 0.033003744 0.00834529 0.0 0.058234856 0.0 0.0 0.0 0.0 0.0 0.0 0.0 0.0 0.15534861 0.0 0.221599 0.0 0.0 0.0 0.0 0.0 0.0 0.0 0.0
0.0 0.0 0.0 0.0 0.0 0.028471496 0.0 0.11033159 0.0 0.0 0.13462709 0.0 0.0 0.0 0.0546537 0.0 0.0 0.09960244 0.0 0.0 0.0 0.0 0.024716642 0.16729039 0.033756264 0.0 0.0 0.0 0.0 0.0 0.11982196 0.0 0.09995671 0.0 0.0 0.0 0.0 0.03797185 0.047166064 0.026848687 0.0 0.0 0.0 0.0 0.060275245 0.011937378 0.0 0.0 0.06372416 0.0 0.0 0.0 0.0 0.0 0.007320881 0.0
0.0 0.0 0.0 0.0 0.0 0.0 0.0 0.0 0.0 0.13462709 0.098691694 0.0 0.0 0.0 0.015363945 0.0 0.0 0.0 0.0 0.06991374 0.0 0.0 0.12100295 0.025808249 0.0 0.0042808284 0.030818993 0.0 0.0 0.0 0.031606622 0.0 0.0 0.0 0.0 0.0 0.0 0.10804054 0.0044709663 0.0 0.0 0.0 0.0 0.010986626 0.0 0.0 0.0 0.0 0.0 0.0 0.15648587 0.052655447 0.0 0.0 0.0 0.0
0.0 0.010693887 0.0 0.0 0.0 0.0 0.0 0.0032905522 0.0 0.0 0.0 0.0 0.0 0.04948705 0.0 0.0 0.0 0.0 0.0 0.0 0.0 0.0 0.027414458 0.043844666 0.0 0.0 0.21969542 0.02853886 0.0 0.0 0.0 0.0 0.0 0.0 0.0065636477 0.047784068 0.0 0.0 0.0 0.014198215 0.10103891 0.0 0.007145423 0.0 0.0 0.023203423 0.0 0.0 0.054486766 0.019141456 0.0 0.0 0.0 0.0 0.09912155 0.0
0.0 0.015257541 0.07638013 0.019655582 0.0 0.0 0.01897765 0.0 0.063515075 0.0 0.0 0.0 0.0 0.048648644 0.0 0.0 0.0 0.0 0.10063869 0.059432335 0.0 0.011687317 0.0 0.0 0.0 0.0 0.0 0.0 0.0 0.09053675 0.0 0.0 0.0 0.0 0.031399004 0.0 0.26193562 0.0 0.0 0.0 0.0 0.10737912 0.04665733 0.0 0.0 0.0 0.017454306 0.0 0.0 0.0 0.0 0.019094493 0.1093915 0.0 0.0 0.0
0.0 0.0 0.0 0.0 0.0 0.0 0.0 0.0 0.0 0.0 0.0 0.049487054 0.048648644 0.07449624 0.0 0.0 0.0 0.0 0.0 0.0 0.0 0.062408544 0.0 0.0 0.059936367 0.07804955 0.0087764235 0.0 0.03978376 0.016545897 0.0 0.0 0.0 0.006353552 0.1430286 0.0 0.051438894 0.0 0.0 0.0572499 0.025354268 0.0935176 0.018099606 0.0 0.025861682 0.0 0.036341272 0.052782863 0.0 0.0 0.0 0.049159385 0.015218983 0.0012713872 0.0 0.069802865
0.0 0.0 0.0 0.0 0.0 0.010460295 0.0 0.055368587 0.0 0.0546537 0.015363944 0.0 0.0 0.0 0.029820267 0.01557295 0.0 0.0 0.0 0.0 0.0 0.0 0.12706639 0.08379557 0.0 0.0 0.03511003 0.0016876061 0.0 0.0 0.0330236 0.0 0.16254842 0.0 0.029664997 0.005863395 0.0 0.0 0.02948596 0.0 0.0 0.0 0.0 0.0 0.0 0.04373456 0.0 0.00619399 0.0 0.057136074 0.045708437 0.0 0.0 0.0 0.020992422 0.0
0.07469963 0.0 0.021520998 0.0 0.0 0.0 0.0 0.0 0.0 0.0 0.0 0.0 0.0 0.0 0.01557295 0.0 0.0 0.0 0.0 0.22984219 0.0 0.026906403 0.02485135 0.09015314 0.0 0.0 0.0 0.027625754 0.0 0.10439679 0.0 0.0 0.052035935 0.0 0.0 0.0 0.0 0.0 0.16922244 0.0 0.0 0.0 0.0 0.013913161 0.0 0.0 0.0 0.0 0.0 0.031638164 0.016571768 0.018893756 0.0 0.0 0.0 0.0
0.0 0.0 0.0 0.014299747 0.07753262 0.012705355 0.0 0.0 0.0 0.0 0.0 0.0 0.0 0.0 0.0 0.0 0.0 0.0 0.0 0.027802909 0.13383433 0.0 0.03390237 0.0 0.0 0.0 0.1666563 0.0 0.0 0.0 0.0 0.0 0.0012251543 0.0 0.15093781 0.0 0.013423319 0.0 0.0 0.0 0.0 0.0 0.006068618 0.0 0.0 0.05467233 0.019553818 0.0 0.0 0.120611824 0.05768288 0.0 0.0 0.0 0.0 0.0
0.0 0.0 0.0 0.0 0.0 0.0 0.0 0.0735075 0.0 0.099602446 0.0 0.0 0.0 0.0 0.0 0.0 0.0 0.0 0.0 0.0 0.0 0.0 0.02965393 0.0 0.0 0.0 0.0 0.19384664 0.0 0.0 0.0 0.0 0.0 0.0 0.06930994 0.018678263 0.031523935 0.0 0.0 0.111053996 0.0 0.0 0.0 0.04844049 0.0 0.0 0.0 0.0346422 0.0 0.0 0.0 0.0 0.0 0.03711203 0.031699773 0.0
0.0 0.08471393 0.01800659 0.0 0.08020267 0.0 0.24286836 0.0 0.07102013 0.0 0.0 0.0 0.10063868 0.0 0.0 0.0 0.0 0.0 0.0 0.0 0.0018961595 0.0 0.0 0.0 0.0 0.0 0.0 0.0 0.0 0.0 0.0 0.10908709 0.020453136 0.10656547 0.0 0.06392629 0.0 0.041733038 0.0 0.0 0.0 0.0 0.0 0.0 0.0 0.0 0.09981321 0.0 0.0 0.025924072 0.0 0.0 0.0 0.0 0.0 0.0
0.0 0.0 0.0 0.18123972 0.024058832 0.00747132 0.0 0.0 0.0 0.0 0.069913745 0.0 0.059432335 0.0 0.0 0.2298422 0.027802909 0.0 0.0 0.0 0.03027461 0.022995459 0.0 0.0 0.0 0.0 0.09388308 0.0067877998 0.0 0.0 0.060476776 0.0 0.11291313 0.0 0.0 0.0 0.0 0.0 0.04109089 0.012220287 0.0 0.0 0.0 0.0 0.0 0.0 0.0 0.0 0.06976119 0.0 0.0 0.0 0.0 0.0 0.0 0.0
0.0 0.0072537656 0.025334246 0.0 0.0 0.0 0.07578558 0.0 0.0 0.0 0.0 0.0 0.0 0.0 0.0 0.0 0.13383433 0.0 0.0018961595 0.03027461 0.0 0.012856265 0.0 0.0 0.0 0.0 0.0 0.0 0.31540272 0.0 0.0 0.0 0.0 0.058567155 0.039058767 0.028962 0.018821819 0.0 0.0 0.0 0.060311176 0.0 0.0 0.063894294 0.0 0.0 0.023842163 0.0 0.0 0.03830297 0.0 0.0 0.0 0.0074899476 0.045361884 0.0074960976
0.0 0.014804522 0.017663926 0.06235347 0.1877564 0.0 0.0 0.0 0.0 0.0 0.0 0.0 0.011687318 0.06240854 0.0 0.0269064 0.0 0.0 0.0 0.022995459 0.012856265 0.10232505 0.105873354 0.0 0.0 0.0 0.1125853 0.043813046 0.0 0.0 0.0 0.0 0.0 0.0 0.0 0.0 0.0 0.0 0.0 0.0 0.062333893 0.0 0.0 0.0 0.0 0.0 0.0 0.0 0.0 0.0 0.03765294 0.0 0.0 0.0 0.01642119 0.0
0.009362855 0.0 0.13251588 0.05480607 0.0 0.03377849 0.0 0.0 0.0 0.024716642 0.12100295 0.027414458 0.0 0.0 0.12706639 0.024851352 0.033902366 0.02965393 0.0 0.0 0.0 0.10587336 0.0 0.048530627 0.012353922 0.0 0.0 0.0 0.0 0.011466867 0.103465654 0.0 0.0 0.0 0.0 0.011600889 0.0 0.09676647 0.038824826 0.0 0.0 0.025958555 0.0 0.0055598016 0.0 0.0 0.0 0.0 0.0 0.0 0.0 0.090240076 0.07267011 0.0 0.0 0.0
0.0 0.0 0.0 0.0 0.0 0.08325297 0.0 0.09911215 0.0 0.16729039 0.025808247 0.043844666 0.0 0.0 0.08379556 0.09015314 0.0 0.0 0.0 0.0 0.0 0.0 0.048530627 0.05510795 0.0 0.0 0.03980499 0.0 0.0 0.0 0.0 0.0 0.0 0.0 0.0 0.0 0.0 0.060942087 0.025711069 0.0 0.0 0.017350914 0.0 0.0 0.0 0.0 0.0 0.10991563 0.0 0.0 0.0 0.027414694 0.0 0.0 0.0 0.0
0.0893626 0.0 0.0 0.0 0.0 0.0 0.0 0.10707753 0.0 0.033756267 0.0 0.0 0.0 0.059936367 0.0 0.0 0.0 0.0 0.0 0.0 0.0 0.0 0.012353921 0.0 0.0 0.022101974 0.0 0.17181298 0.0 0.0 0.0 0.0 0.0 0.0 0.012632711 0.0 0.0 0.0 0.0 0.033066437 0.15416959 0.0 0.023268607 0.0 0.0 0.011055314 0.0127181085 0.0 0.0 0.0 0.0 0.015338769 0.0 0.026158132 0.14155027 0.0
0.015556144 0.0 0.0 0.0 0.0 0.0 0.0 0.021313809 0.0 0.0 0.0042808284 0.0 0.0 0.07804955 0.0 0.0 0.0 0.0 0.0 0.0 0.0 0.0 0.0 0.0 0.022101974 0.10821618 0.0 0.015670702 0.0 0.0030933612 0.009634986 0.0 0.0 0.0 0.05920026 0.0 0.0 0.0 0.04687169 0.0 0.0 0.0 0.0043020775 0.0 0.20747459 0.0 0.0 0.0 0.0 0.14862376 0.0 0.10553081 0.06946265 0.0 0.0 0.0
0.06477959 0.0 0.050854713 0.0 0.0 0.0 0.0 0.0 0.0 0.0 0.030818993 0.21969542 0.0 0.0087764235 0.035110027 0.0 0.1666563 0.0 0.0 0.09388308 0.0 0.112585306 0.0 0.039804995 0.0 0.0 0.0 0.0 0.0 0.021874204 0.0 0.0 0.0 0.0 0.0 0.019045709 0.020728169 0.0 0.017338501 0.0 0.008743988 0.0 0.0 0.0684043 0.0 0.0 0.025493892 0.023547867 0.0 0.0 0.0 0.076515265 0.01795364 0.0 0.0 0.0
0.0 0.0 0.0 0.0 0.0 0.0 0.0 0.0 0.0 0.0 0.0 0.02853886 0.0 0.0 0.0016876061 0.027625754 0.0 0.19384664 0.0 0.0067877998 0.0 0.043813046 0.0 0.0 0.17181298 0.015670702 0.0 0.0 0.0 0.185103 0.0 0.0 0.0 0.0 0.007441909 0.0 0.039846756 0.0 0.0 0.0 0.0 0.07126689 0.0 0.0 0.034873795 0.0 0.0 0.031195065 0.0 0.031173896 0.0 0.15369853 0.07917343 0.0 0.0 0.0
0.0 0.09104752 0.0 0.0034407566 0.0 0.0 0.0 0.0 0.0 0.0 0.0 0.0 0.0 0.039783765 0.0 0.0 0.0 0.0 0.0 0.0 0.3154027 0.0 0.0 0.0 0.0 0.0 0.0 0.0 0.0 0.0 0.0 0.0 0.0 0.0067115407 0.028805064 0.0 0.0 0.0 0.0 0.0 0.0 0.0 0.0 0.0 0.0 0.0 0.14389758 0.0 0.22338781 0.0 0.0 0.0 0.0 0.18386108 0.049528047 0.0
0.0 0.015641011 0.0 0.07502414 0.09966471 0.0 0.0 0.0 0.0 0.0 0.0 0.0 0.09053676 0.0165459 0.0 0.10439678 0.0 0.0 0.0 0.0 0.0 0.0 0.011466867 0.0 0.0 0.0030933612 0.021874202 0.18510298 0.0 0.0 0.0 0.023304211 0.0 0.0 0.0 0.049979966 0.0 0.0 0.0 0.1392491 0.018811502 0.0 0.0 0.0 0.0 0.0 0.0 0.0 0.0 0.0 0.010159248 0.0 0.0 0.0 0.02698224 0.0
0.113409944 0.0 0.015360536 0.0 0.0 0.0 0.0 0.04020293 0.0 0.11982195 0.031606622 0.0 0.0 0.0 0.033023596 0.0 0.0 0.0 0.0 0.060476776 0.0 0.0 0.103465654 0.0 0.0 0.0096349865 0.0 0.0 0.0 0.0 0.030570986 0.0 0.0 0.0 0.0 0.0 0.044735577 0.10912882 0.0065131728 0.0 0.0 0.0 0.0 0.027966596 0.1096134 0.0 0.0 0.0 0.0 0.0 0.10620107 0.01591747 0.0 0.0 0.0 0.0
0.0 0.05354237 0.0 0.10918884 0.0 0.0 0.0 0.0 0.0 0.0 0.0 0.0 0.0 0.0 0.0 0.0 0.0 0.0 0.10908708 0.0 0.0 0.0 0.0 0.0 0.0 0.0 0.0 0.0 0.0 0.023304211 0.0 0.20724484 0.024818234 0.032318484 0.0 0.010934762 0.0 0.0 0.0 0.0 0.0 0.0 0.06472663 0.0 0.0 0.06357882 0.0 0.10052381 0.07921902 0.0 0.0 0.0 0.0 0.0 0.051419757 0.0
0.15000428 0.0 0.005404244 0.0 0.08568366 0.035702705 0.0 0.0 0.0 0.09995671 0.0 0.0 0.0 0.0 0.16254841 0.052035935 0.0012251541 0.0 0.020453135 0.11291313 0.0 0.0 0.0 0.0 0.0 0.0 0.0 0.0 0.0 0.0 0.0 0.024818236 0.025963042 0.0 0.0 0.0 0.0 0.049183827 0.122290365 0.0 0.0 0.0 0.0 0.04040551 0.043264817 0.0 0.0 0.0 0.0 0.0 0.0 0.0 0.0 0.0 0.023307418 0.0
0.0 0.04415226 0.0 0.0067086113 0.0 0.0 0.01787353 0.0 0.033003744 0.0 0.0 0.0 0.0 0.0063535525 0.0 0.0 0.0 0.0 0.106565475 0.0 0.058567155 0.0 0.0 0.0 0.0 0.0 0.0 0.0 0.006711541 0.0 0.0 0.032318484 0.0 0.20370495 0.0 0.0 0.0 0.0 0.0 0.0 0.0 0.0 0.0 0.0 0.004185019 0.0 0.21545504 0.0 0.0 0.0 0.0 0.0 0.0 0.18047208 0.0 0.07145329
0.0 0.0 0.0 0.0 0.0 0.0 0.0 0.0 0.00834529 0.0 0.0 0.0065636477 0.031399004 0.1430286 0.029664997 0.0 0.15093781 0.06930995 0.0 0.0 0.039058764 0.0 0.0 0.0 0.012632711 0.05920026 0.0 0.0074419086 0.028805064 0.0 0.0 0.0 0.0 0.0 0.0 0.0 0.0 0.0 0.0 0.0 0.05895001 0.05996183 0.021830525 0.09906583 0.0 0.058089253 0.057684176 0.0 0.0 0.0 0.0 0.0 0.080208585 0.0 0.0 0.06825618
0.0 0.0 0.0 0.0 0.0 0.030222632 0.12414027 0.0 0.0 0.0 0.0 0.047784068 0.0 0.0 0.005863395 0.0 0.0 0.018678265 0.063926294 0.0 0.028962001 0.0 0.011600889 0.0 0.0 0.0 0.019045709 0.0 0.0 0.049979966 0.0 0.010934762 0.0 0.0 0.0 0.0 0.0 0.0 0.012123812 0.0 0.0 0.10817232 0.0 0.0 0.061594702 0.15607058 0.0066860463 0.06880779 0.07901815 0.0 0.0 0.0 0.018243851 0.0 0.0 0.0
0.0 0.0 0.0 0.0 0.0 0.008553268 0.0 0.0 0.058234856 0.0 0.0 0.0 0.26193562 0.051438894 0.0 0.0 0.013423319 0.031523935 0.0 0.0 0.018821817 0.0 0.0 0.0 0.0 0.0 0.02072817 0.039846756 0.0 0.0 0.044735577 0.0 0.0 0.0 0.0 0.0 0.0 0.0 0.0 0.124539144 0.0 0.0 0.0 0.12106614 0.0 0.0 0.0 0.0 0.041000124 0.0 0.083757296 0.0 0.0 0.03935559 0.009855975 0.0021461456
0.0 0.0 0.0 0.0 0.015255768 0.0 0.0 0.0 0.0 0.03797185 0.10804054 0.0 0.0 0.0 0.0 0.0 0.0 0.0 0.041733034 0.0 0.0 0.0 0.09676647 0.060942087 0.0 0.0 0.0 0.0 0.0 0.0 0.10912882 0.0 0.04918383 0.0 0.0 0.0 0.0 0.1776331 0.06821267 0.0 0.0 0.0 0.0 0.072337106 0.0 0.0 0.0 0.0875724 0.13312566 0.0 0.008052628 0.029712604 0.0 0.0 0.029933056 0.0
0.046583533 0.0 0.0 0.0 0.14026041 0.0 0.0 0.0 0.0 0.047166064 0.0044709663 0.0 0.0 0.0 0.029485958 0.16922246 0.0 0.0 0.0 0.041090887 0.0 0.0 0.03882483 0.025711069 0.0 0.046871692 0.017338501 0.0 0.0 0.0 0.006513173 0.0 0.12229037 0.0 0.0 0.012123813 0.0 0.068212666 0.07459019 0.0 0.0 0.0 0.0 0.0 0.018614551 0.049814776 0.0 0.0 0.0 0.0 0.020275809 0.0 0.0 0.0 0.08775421 0.0
0.0866888 0.0 0.057294775 0.0 0.0 0.0 0.0 0.0 0.0 0.026848687 0.0 0.014198216 0.0 0.057249904 0.0 0.0 0.0 0.111053996 0.0 0.012220287 0.0 0.0 0.0 0.0 0.033066437 0.0 0.0 0.0 0.0 0.1392491 0.0 0.0 0.0 0.0 0.0 0.0 0.12453915 0.0 0.0 0.0 0.0 0.0 0.0 0.0 0.22980669 0.0 0.0 0.096704654 0.0 0.0 0.0 0.026592957 0.04260814 0.0 0.012264064 0.0
0.0 0.0 0.056204535 0.0 0.0 0.0 0.0 0.100376375 0.0 0.0 0.0 0.1010389 0.0 0.025354268 0.0 0.0 0.0 0.0 0.0 0.0 0.060311176 0.062333893 0.0 0.0 0.15416959 0.0 0.008743989 0.0 0.0 0.018811502 0.0 0.0 0.0 0.0 0.05895001 0.0 0.0 0.0 0.0 0.0 0.0 0.18183722 0.0 0.0 0.0 0.0 0.0072001293 0.0 0.0 0.073089115 0.0 0.0 0.17578149 0.0 0.0 0.038900025
0.0 0.0 0.0 0.0 0.0 0.0 0.057202883 0.15806091 0.0 0.0 0.0 0.0 0.10737912 0.09351761 0.0 0.0 0.0 0.0 0.0 0.0 0.0 0.0 0.025958553 0.017350914 0.0 0.0 0.0 0.07126689 0.0 0.0 0.0 0.0 0.0 0.0 0.059961826 0.10817232 0.0 0.0 0.0 0.0 0.18183722 0.0 0.0 0.0 0.0 0.0 0.0 0.0 0.0 0.0 0.041259326 0.060033392 0.0 0.0 0.02270309 0.068294756
0.0 0.013682068 0.0 0.0 0.0 0.0 0.0 0.0 0.0 0.0 0.0 0.007145423 0.04665733 0.018099606 0.0 0.0 0.0060686176 0.0 0.0 0.0 0.0 0.0 0.0 0.0 0.023268607 0.0043020775 0.0 0.0 0.0 0.0 0.0 0.06472663 0.0 0.0 0.021830525 0.0 0.0 0.0 0.0 0.0 0.0 0.0 0.0 0.032951545 0.0 0.0 0.0 0.0 0.0 0.0 0.34162688 0.0275311 0.1131432 0.0 0.0 0.0
0.0 0.0 0.0 0.08986321 0.05191147 0.10221149 0.0 0.0 0.0 0.0 0.010986627 0.0 0.0 0.0 0.0 0.013913162 0.0 0.04844049 0.0 0.0 0.063894294 0.0 0.0055598016 0.0 0.0 0.0 0.0684043 0.0 0.0 0.0 0.027966596 0.0 0.04040551 0.0 0.09906583 0.0 0.121066146 0.072337106 0.0 0.0 0.0 0.0 0.03295154 0.0 0.06648735 0.04116602 0.0 0.0 0.016561743 0.0019389711 0.013591432 0.013355061 0.0 0.0 0.0 0.0
0.0040178103 0.0 0.0 0.0 0.0 0.0322547 0.0 0.0 0.0 0.060275245 0.0 0.0 0.0 0.025861682 0.0 0.0 0.0 0.0 0.0 0.0 0.0 0.0 0.0 0.0 0.0 0.20747459 0.0 0.03487379 0.0 0.0 0.1096134 0.0 0.043264814 0.004185019 0.0 0.061594702 0.0 0.0 0.01861455 0.22980669 0.0 0.0 0.0 0.06648735 0.0 0.0 0.04849121 0.0 0.0 0.010535706 0.0 0.0 0.0 0.06989448 0.041421298 0.0
0.0 0.003579418 0.10150413 0.0 0.043910872 0.0 0.0 0.007837389 0.15534863 0.011937378 0.0 0.023203423 0.0 0.0 0.04373456 0.0 0.05467233 0.0 0.0 0.0 0.0 0.0 0.0 0.0 0.011055314 0.0 0.0 0.0 0.0 0.0 0.0 0.06357882 0.0 0.0 0.058089256 0.15607058 0.0 0.0 0.04981478 0.0 0.0 0.0 0.0 0.04116602 0.0 0.13095014 0.08506343 0.0 0.01676108 0.0 0.0 0.0 0.017616995 0.0 0.0 0.0
0.0 0.026525443 0.0 0.0137682315 0.003708171 0.0 0.06323377 0.001323232 0.0 0.0 0.0 0.0 0.017454306 0.036341272 0.0 0.0 0.01955382 0.0 0.09981321 0.0 0.023842163 0.0 0.0 0.0 0.012718109 0.0 0.02549389 0.0 0.14389758 0.0 0.0 0.0 0.0 0.21545504 0.057684176 0.0066860463 0.0 0.0 0.0 0.0 0.0072001293 0.0 0.0 0.0 0.04849121 0.08506343 0.0 0.0 0.0 0.007396063 0.0 0.0 0.0 0.0 0.011375174 0.0
0.0 0.023380287 0.0 0.057280596 0.006048526 0.0 0.0 0.050058678 0.22159901 0.0 0.0 0.0 0.0 0.052782863 0.00619399 0.0 0.0 0.0346422 0.0 0.0 0.0 0.0 0.0 0.10991563 0.0 0.0 0.023547867 0.031195065 0.0 0.0 0.0 0.1005238 0.0 0.0 0.0 0.06880778 0.0 0.0875724 0.0 0.096704654 0.0 0.0 0.0 0.0 0.0 0.0 0.0 0.0 0.0 0.0 0.041531626 0.0 0.0 0.0 0.041481428 0.0
0.0 0.0 0.0 0.0 0.013654376 0.0 0.0 0.00852795 0.0 0.06372416 0.0 0.054486766 0.0 0.0 0.0 0.0 0.0 0.0 0.0 0.069761194 0.0 0.0 0.0 0.0 0.0 0.0 0.0 0.0 0.22338781 0.0 0.0 0.07921901 0.0 0.0 0.0 0.07901816 0.041000124 0.13312566 0.0 0.0 0.0 0.0 0.0 0.016561743 0.0 0.01676108 0.0 0.0 0.0 0.0 0.0 0.0 0.0 0.0 0.08887797 0.0
0.0 0.0 0.07430518 0.0 0.0 0.058193423 0.0 0.0 0.0 0.0 0.0 0.019141456 0.0 0.0 0.057136077 0.03163816 0.120611824 0.0 0.025924074 0.0 0.038302965 0.0 0.0 0.0 0.0 0.14862376 0.0 0.031173896 0.0 0.0 0.0 0.0 0.0 0.0 0.0 0.0 0.0 0.0 0.0 0.0 0.073089115 0.0 0.0 0.0019389711 0.010535707 0.0 0.007396063 0.0 0.0 0.25745085 0.0 0.0 0.0 0.0 0.0 0.0
0.0 0.0 0.0 0.0 0.0 0.0 0.0 0.0 0.0 0.0 0.15648586 0.0 0.0 0.0 0.045708437 0.016571768 0.05768288 0.0 0.0 0.0 0.0 0.03765294 0.0 0.0 0.0 0.0 0.0 0.0 0.0 0.010159248 0.10620107 0.0 0.0 0.0 0.0 0.0 0.083757296 0.008052628 0.020275807 0.0 0.0 0.041259322 0.34162688 0.013591432 0.0 0.0 0.0 0.041531626 0.0 0.0 0.021925364 0.1330449 0.006661506 0.0 0.0 0.0
0.0 0.0 0.0 0.0 0.0 0.0 0.0 0.02518026 0.0 0.0 0.05265545 0.0 0.019094491 0.049159385 0.0 0.018893756 0.0 0.0 0.0 0.0 0.0 0.0 0.09024008 0.027414696 0.015338769 0.10553081 0.076515265 0.15369852 0.0 0.0 0.01591747 0.0 0.0 0.0 0.0 0.0 0.0 0.029712604 0.0 0.026592957 0.0 0.060033396 0.027531099 0.013355061 0.0 0.0 0.0 0.0 0.0 0.0 0.13304491 0.040522072 0.017895183 0.0 0.008179235 0.0
0.0 0.0 0.0 0.0 0.0 0.0 0.0 0.034540843 0.0 0.0 0.0 0.0 0.1093915 0.015218984 0.0 0.0 0.0 0.0 0.0 0.0 0.0 0.0 0.07267011 0.0 0.0 0.06946265 0.01795364 0.07917344 0.0 0.0 0.0 0.0 0.0 0.0 0.08020858 0.018243851 0.0 0.0 0.0 0.042608134 0.17578149 0.0 0.1131432 0.0 0.0 0.017616995 0.0 0.0 0.0 0.0 0.006661506 0.017895183 0.0 0.0 0.02860296 0.0
0.08390141 0.040613703 0.0 0.0 0.0 0.0 0.08782942 0.04280614 0.0 0.0 0.0 0.0 0.0 0.0012713871 0.0 0.0 0.0 0.03711203 0.0 0.0 0.007489947 0.0 0.0 0.0 0.026158132 0.0 0.0 0.0 0.18386109 0.0 0.0 0.0 0.0 0.18047206 0.0 0.0 0.039355595 0.0 0.0 0.0 0.0 0.0 0.0 0.0 0.06989448 0.0 0.0 0.0 0.0 0.0 0.0 0.0 0.0 0.0 0.0 0.12121714
0.0 0.0 0.041801445 0.0 0.064465225 0.060377426 0.0 0.0 0.0 0.0073208804 0.0 0.09912155 0.0 0.0 0.020992422 0.0 0.0 0.031699777 0.0 0.0 0.045361884 0.016421188 0.0 0.0 0.14155027 0.0 0.0 0.0 0.049528044 0.02698224 0.0 0.051419757 0.023307418 0.0 0.0 0.0 0.009855975 0.029933054 0.08775421 0.012264064 0.0 0.02270309 0.0 0.0 0.0414213 0.0 0.011375174 0.04148143 0.08887796 0.0 0.0 0.008179234 0.028602958 0.0 0.05593596 0.0
0.025948586 0.0 0.0 0.0 0.0 0.0 0.030124068 0.0025926353 0.0 0.0 0.0 0.0 0.0 0.069802865 0.0 0.0 0.0 0.0 0.0 0.0 0.007496097 0.0 0.0 0.0 0.0 0.0 0.0 0.0 0.0 0.0 0.0 0.0 0.0 0.07145329 0.06825618 0.0 0.0021461456 0.0 0.0 0.0 0.03890003 0.068294756 0.0 0.0 0.0 0.0 0.0 0.0 0.0 0.0 0.0 0.0 0.0 0.12121714 0.0 0.44078627
