0.0 0.0 0.0 0.0 0.2010239 0.111294635 0.011850707 0.006827388 0.0044774762 0.042902965 0.07431981 0.071971126 0.0 0.0 0.0 0.0 0.0 0.12834194 0.023480628 0.0 0.0149991615 0.0 0.010459405 0.05858336 0.0004973279 0.010648266 0.0 0.0 0.0 0.008482239 0.0 0.017954253 0.051232196 0.0 0.014759505 0.042529788 0.0 0.0 0.0 0.0 0.0 0.0 0.0 0.00087258255 0.06616471 0.08806681 0.030779188 0.07455345 0.0 0.0 0.05110813 0.0 0.0 0.0 0.025886893 0.0
0.0 0.07200342 0.03092551 0.0 0.0 0.0 0.016579702 0.0 0.0 0.0 0.0 0.0 0.0 0.0 0.0 0.0 0.0843407 0.0 0.0 0.0 0.0 0.01782507 0.0 0.0 0.042116165 0.0 0.0 0.0 0.007877658 0.016401341 0.057117254 0.12377629 0.0 0.025260497 0.0 0.0 0.0 0.03604292 0.0 0.02273738 0.044421967 0.039198056 0.10835482 0.017082695 0.0 0.06784686 0.05354651 0.0 0.0 0.005933871 0.0 0.0 0.107514545 0.036201447 0.0 0.056398783
0.0 0.03092551 0.0 0.041475687 0.020448344 0.0 0.099467225 0.0 0.0 0.0 0.0 0.0 0.0 0.0 0.0 0.006969354 0.0 0.027822347 0.04655649 0.0 0.04710135 0.025744012 0.0 0.0 0.0066445023 0.0 0.0 0.023674551 0.0 0.0 0.0 0.0 0.0 0.0 0.0 0.0 0.0 0.0 0.0 0.2234377 0.0 0.0 0.067915134 0.0 0.0 0.04798194 0.039800137 0.0 0.0 0.0 0.0 0.0 0.037012175 0.08465091 0.0 0.0
0.0 0.0 0.041475687 0.0 0.0 0.0 0.07688453 0.0 0.034259938 0.0 0.0 0.0 0.0 0.044383172 0.058594637 0.0 0.0 0.0 0.018801657 0.0 0.0 0.12643178 0.009137067 0.0 0.0 0.0 0.007982834 0.0 0.0 0.0 0.0 0.0 0.0 0.030976959 0.0 0.008530929 0.0 0.01491104 0.0 0.0 0.0 0.0 0.056401078 0.0 0.0 0.0 0.0 0.0 0.0 0.107554175 0.0 0.1617272 0.025709083 0.06874854 0.0 0.021411616
0.20102392 0.0 0.020448346 0.0 0.0 0.0 0.0 0.0 0.0 0.067608215 0.0 0.0 0.0 0.1518354 0.0 0.0 0.0 0.0 0.0 0.0 0.0 0.0 0.008382523 0.0 0.0 0.0 0.049354117 0.0 0.0 0.005357766 0.06083 0.0 0.0 0.0 0.0 0.0 0.0 0.0 0.0 0.0 0.0 0.0 0.0 0.0 0.0 0.0 0.019815013 0.08902777 0.025861857 0.0164706 0.0 0.060254704 0.0 0.0 0.0 0.0
0.111294635 0.0 0.0 0.0 0.0 0.0 0.0 0.0007173001 0.017518017 0.08372756 0.0 0.0 0.0 0.0 0.0 0.0 0.098100714 0.0 0.0 0.0 0.0 0.0 0.0 0.0 0.015352005 0.0 0.0 0.0 0.0 0.0 0.0 0.0 0.0 0.0 0.0 0.0 0.09739473 0.0 0.0 0.0 0.093684 0.029117228 0.0 0.0 0.008335429 0.0 0.0 0.0 0.0 0.1916817 0.0 0.031115897 0.0 0.04745114 0.0 0.0
0.011850708 0.016579702 0.099467225 0.07688453 0.0 0.0 0.0 0.0 0.008612756 0.0 0.006041706 0.11321486 0.0 0.0 0.0061611785 0.0 0.01486181 0.0 0.0 0.0 0.05298899 0.047657713 0.0 0.0 0.17305836 0.006105231 0.0 0.0 0.0 0.0 0.0 0.0 0.0 0.0 0.0 0.0 0.0 0.04584669 0.06449855 0.0 0.0 0.0 0.0 0.0 0.0 0.0 0.0 0.0 0.017156554 0.10349769 0.0 0.0 0.075415485 0.0 0.0 0.0
0.0068273875 0.0 0.0 0.0 0.0 0.00071730005 0.0 0.0 0.0 0.07648494 0.04101831 0.0 0.00389784 0.0 0.0 0.0 0.0 0.0 0.0 0.0 0.04736979 0.0 0.0 0.07433508 0.0 0.06378147 0.0014889818 0.0 0.0 0.0 0.0034334047 0.0 0.13121909 0.0 0.029503211 0.0 0.0 0.0 0.0 0.0 0.0 0.0 0.0 0.055129535 0.13550194 0.049509533 0.0 0.10625813 0.03870083 0.0 0.067737274 0.0 0.0 0.0 0.10985974 0.0
0.004477476 0.0 0.0 0.03425994 0.0 0.017518017 0.008612756 0.0 0.0 0.0 0.0065337867 0.0 0.0 0.036892563 0.0 0.078117006 0.0 0.0 0.0 0.12095747 0.009683088 0.0 0.045722 0.010632867 0.0 0.0 0.14382035 0.0 0.0 0.0 0.0570866 0.0 0.009427054 0.0 0.0 0.0 0.03849206 0.16045314 0.0 0.0 0.0 0.0 0.07296266 0.0 0.0 0.009761273 0.0 0.05499502 0.068930455 0.0 0.010342801 0.012031425 0.04327552 0.0 0.0 0.0
0.042902965 0.0 0.0 0.0 0.067608215 0.08372756 0.0 0.07648494 0.0 0.10623295 0.05338042 0.0016980789 0.0 0.0 0.026599178 0.0 0.0 0.20567192 0.010155492 0.0 0.015845636 0.0 0.0 0.050685782 0.021196041 0.0 0.0 0.0 0.023369318 0.014315755 0.0 0.0 0.0021054812 0.0 0.057634566 0.032476656 0.043056954 0.0 0.008542293 0.0 0.0 0.015189599 0.0 0.015526546 0.10677254 0.051193908 0.0 0.0 0.0 0.0 0.0 0.038080588 0.0 0.0 0.0 0.0
0.07431981 0.0 0.0 0.0 0.0 0.0 0.006041706 0.041018307 0.0065337867 0.05338042 0.0 0.0 0.0 0.0 0.0 0.0 0.0 0.0 0.045659192 0.0 0.0064425585 0.0 0.0 0.005706697 0.0 0.040216435 0.0 0.0 0.0 0.0 0.0 0.0 0.0 0.0 0.0 0.03617026 0.24756274 0.0 0.0 0.0 0.0 0.042642023 0.0 0.0771551 0.029740645 0.0 0.06367681 0.0 0.0 0.06305961 0.0 0.10357152 0.0 0.001059166 0.0 0.07643801
0.07197113 0.0 0.0 0.0 0.0 0.0 0.11321485 0.0 0.0 0.0016980788 0.0 0.0 0.0 0.054393757 0.0 0.0 0.0 0.0 0.0 0.017131332 0.0 0.0 0.042068604 0.0 0.025810733 0.0 0.0051126615 0.0 0.11463236 0.030930668 0.0 0.0 0.0 0.0 0.1327676 0.0 0.0 0.062600665 0.0 0.0 0.0 0.0 0.0 0.0 0.17173423 0.0 0.0 0.0 0.032655694 0.0056236484 0.014372231 0.0 0.0 0.0 0.0 0.0
0.0 0.0 0.0 0.0 0.0 0.0 0.0 0.00389784 0.0 0.0 0.0 0.0 0.0 0.007631128 0.0 0.0048650927 0.06716009 0.011111573 0.0 0.015981277 0.0 0.0 0.14441569 0.02509373 0.012693614 0.0 0.0 0.032212544 0.0 0.0 0.0 0.02043263 0.010487024 0.019449959 0.041948006 0.0 0.028773017 0.15913971 0.0 0.0 0.0 0.0 0.0 0.0 0.0 0.0 0.0 0.0 0.0 0.0 0.17994186 0.016608866 0.082286276 0.0 0.063949965 0.0
0.0 0.0 0.0 0.044383176 0.15183541 0.0 0.0 0.0 0.036892563 0.0 0.0 0.054393757 0.0076311287 0.0 0.0 0.0 0.055105377 0.045227207 0.0 0.0 0.030024331 0.03939344 0.010287175 0.0 0.1507269 0.0 0.0 0.0 0.0 0.040119193 0.0 0.04799162 0.013972717 0.0 0.0 0.0 0.0 0.036197685 0.06654066 0.0 0.0 0.0 0.0 0.0 0.0 0.021110915 0.0 0.0 0.07150832 0.0 0.0 0.0 0.18311521 0.0 0.0 0.0
0.0 0.0 0.0 0.058594637 0.0 0.0 0.0061611785 0.0 0.0 0.02659918 0.0 0.0 0.0 0.0 0.0 0.047274977 0.0 0.0 0.0 0.0 0.0 0.0 0.07240334 0.0 0.041045368 0.0 0.005825135 0.0 0.0 0.12662733 0.017195232 0.082788005 0.0 0.0 0.0 0.034145307 0.004849797 0.08833822 0.0 0.04844751 0.0 0.0 0.12649474 0.09227213 0.0 0.023011789 0.0 0.029373644 0.0 0.0 0.0 0.0 0.0 0.0 0.0 0.0
0.0 0.0 0.006969354 0.0 0.0 0.0 0.0 0.0 0.078117006 0.0 0.0 0.0 0.004865092 0.0 0.04727498 0.0 0.0 0.0 0.0 0.0 0.0 0.0 0.0 0.03326653 0.0 0.0 0.0 0.0 0.0069349096 0.0 0.0 0.0 0.0 0.1340898 0.0 0.061140664 0.0 0.0 0.0 0.0 0.12290936 0.031412218 0.0 0.013949978 0.0 0.0 0.019626277 0.0 0.0 0.0 0.0 0.12005319 0.0 0.14962798 0.0 0.08612504
0.0 0.0843407 0.0 0.0 0.0 0.098100714 0.014861811 0.0 0.0 0.0 0.0 0.0 0.06716009 0.055105373 0.0 0.0 0.0 0.0 0.0 0.009683759 0.023492765 0.0 0.19069101 0.0 0.0 0.0061749807 0.01578368 0.0 0.0 0.0 0.024922706 0.0 0.03593789 0.0 0.014034845 0.0 0.0 0.0 0.0 0.06261212 0.09980708 0.0 0.0 0.0 0.0 0.0 0.0 0.0 0.011453953 0.0 0.0 0.0 0.030872075 0.019969683 0.0 0.0
0.12834193 0.0 0.027822347 0.0 0.0 0.0 0.0 0.0 0.0 0.20567192 0.0 0.0 0.011111573 0.045227207 0.0 0.0 0.0 0.0 0.0 0.0 0.0 0.0 0.0 0.0 0.0 0.0 0.0 0.0 0.0 0.0 0.003884246 0.0 0.009934965 0.0 0.0 0.0 0.057210363 0.0 0.0 0.0 0.0 0.0 0.04416264 0.017003754 0.0058325576 0.0 0.045744043 0.032849148 0.0 0.074619666 0.0 0.023678897 0.012959423 0.0 0.0 0.010883656
0.023480628 0.0 0.046556488 0.01880166 0.0 0.0 0.0 0.0 0.0 0.0101554915 0.045659192 0.0 0.0 0.0 0.0 0.0 0.0 0.0 0.0 0.0 0.0 0.032723956 0.065159924 0.0 0.013354957 0.0 0.03148633 0.0 0.0 0.07104433 0.011640753 0.0 0.0036839508 0.0 0.0 0.0 0.06297566 0.0 0.122649774 0.03337406 0.00711534 0.0 0.0 0.008906137 0.0016477028 0.0 0.034037936 0.04672551 0.0 0.16993012 0.0 0.0 0.0020921596 0.0 0.0 0.0
0.0 0.0 0.0 0.0 0.0 0.0 0.0 0.0 0.12095748 0.0 0.0 0.017131332 0.015981277 0.0 0.0 0.0 0.009683759 0.0 0.0 0.0 0.0 0.0 0.0 0.0 0.0 0.0 0.0 0.0 0.035048366 0.0 0.0 0.058383647 0.0 0.04347715 0.0 0.0 0.011482496 0.010881232 0.0 0.0 0.103656165 0.122325465 0.042747136 0.0 0.0 0.0 0.033610888 0.0 0.0 0.026106015 0.0 0.06117423 0.0 0.0 0.0 0.14943048
0.0149991615 0.0 0.04710135 0.0 0.0 0.0 0.052988995 0.047369793 0.009683089 0.015845636 0.0064425585 0.0 0.0 0.030024333 0.0 0.0 0.023492765 0.0 0.0 0.0 0.0 0.0 0.0 0.0 0.0 0.0 0.0 0.0 0.11526078 0.0 0.0 0.0 0.0 0.0627884 0.0 0.0 0.11833684 0.0 0.0 0.015332891 0.011939493 0.0 0.0 0.0 0.0 0.0 0.014687305 0.0 0.0 0.0 0.0 0.0 0.0 0.2133167 0.0 0.0
0.0 0.01782507 0.025744012 0.12643178 0.0 0.0 0.047657713 0.0 0.0 0.0 0.0 0.0 0.0 0.03939344 0.0 0.0 0.0 0.0 0.032723956 0.0 0.0 0.0 0.0 0.0 0.0 0.0061992523 0.0 0.09054626 0.0 0.0 0.0 0.0047367453 0.0 0.030459367 0.13639566 0.0 0.0 0.0 0.0 0.042654008 0.114082284 0.028949916 0.0 0.025362656 0.06380905 0.0 0.0 0.0 0.0 0.0 0.0 0.049311634 0.005499409 0.0 0.0 0.0
0.010459405 0.0 0.0 0.009137067 0.008382523 0.0 0.0 0.0 0.045722 0.0 0.0 0.042068604 0.14441569 0.010287174 0.07240334 0.0 0.19069102 0.0 0.065159924 0.0 0.0 0.0 0.0 0.0 0.0 0.073926434 0.0 0.0 0.0 0.0 0.0 0.0 0.0 0.045586023 0.0 0.05144489 0.0 0.0 0.0 0.0 0.009462989 0.099060744 0.0 0.039338533 0.0 0.0 0.056695472 0.0 0.04911445 0.0 0.0 0.008523108 0.0 0.0 0.0 0.050655924
0.05858336 0.0 0.0 0.0 0.0 0.0 0.0 0.07433509 0.010632866 0.050685786 0.005706697 0.0 0.025093732 0.0 0.0 0.03326653 0.0 0.0 0.0 0.0 0.0 0.0 0.0 0.0 0.0 0.08582979 0.0 0.0 0.0 0.0 0.0038554503 0.0 0.0 0.0 0.0 0.044397175 0.10498797 0.0 0.0 0.0 0.0 0.076754265 0.12101049 0.030808566 0.008241738 0.024368193 0.12471171 0.03362166 0.0 0.0 0.0 0.017691039 0.0 0.0 0.0 0.0219164
0.0004973279 0.042116165 0.0066445027 0.0 0.0 0.015352005 0.17305835 0.0 0.0 0.021196041 0.0 0.025810732 0.012693614 0.1507269 0.041045368 0.0 0.0 0.0 0.013354957 0.0 0.0 0.0 0.0 0.0 0.0 0.0 0.0 0.0 0.27137452 0.0 0.03217332 0.0 0.0 0.008182745 0.008517973 0.0 0.005393281 0.0 0.0 0.11470102 0.049562465 0.014314599 0.044113528 0.0 0.0 0.0 0.0068283887 0.0 0.0 0.0 0.0 0.0 0.0538018 0.0 0.0 0.0
0.010648266 0.0 0.0 0.0 0.0 0.0 0.006105231 0.06378148 0.0 0.0 0.04021644 0.0 0.0 0.0 0.0 0.0 0.0061749807 0.0 0.0 0.0 0.0 0.0061992523 0.07392644 0.08582978 0.0 0.14831132 0.080131024 0.21007772 0.0 0.0 0.0 0.0 0.0 0.0 0.058692846 0.0004975118 0.0 0.0 0.0 0.0 0.0 0.0 0.0 0.0 0.010273467 0.0317385 0.0 0.007583338 0.0 0.0 0.05357516 0.03362857 0.03771865 0.0 0.08243553 0.0
0.0 0.0 0.0 0.007982834 0.049354117 0.0 0.0 0.0014889818 0.14382035 0.0 0.0 0.0051126615 0.0 0.0 0.005825135 0.0 0.015783682 0.0 0.03148633 0.0 0.0 0.0 0.0 0.0 0.0 0.080131024 0.0 0.0 0.0 0.025975311 0.0 0.012842589 0.0 0.031965163 0.0 0.09883909 0.0 0.0 0.0 0.0 0.08282576 0.09382063 0.0 0.011407527 0.0 0.0 0.0020352479 0.014703156 0.026485013 0.043945078 0.0 0.05179576 0.0487825 0.022334846 0.0 0.0
0.0 0.0 0.02367455 0.0 0.0 0.0 0.0 0.0 0.0 0.0 0.0 0.0 0.032212544 0.0 0.0 0.0 0.0 0.0 0.0 0.0 0.0 0.09054625 0.0 0.0 0.0 0.21007773 0.0 0.22776452 0.0 0.0 0.0 0.0035079333 0.0 0.0 0.028279653 0.0 0.0 0.0 0.0 0.009777664 0.0 0.051581006 0.0 0.0 0.0 0.0 0.0 0.0 0.0 0.0 0.0 0.0 0.0 0.10030084 0.037102975 0.080696024
0.0 0.007877658 0.0 0.0 0.0 0.0 0.0 0.0 0.0 0.023369318 0.0 0.11463236 0.0 0.0 0.0 0.006934909 0.0 0.0 0.0 0.035048366 0.11526078 0.0 0.0 0.0 0.27137452 0.0 0.0 0.0 0.0 0.16365577 0.0 0.0 0.015128052 0.0 0.0 0.0 0.0 0.0 0.041982505 0.0 0.0 0.0 0.0 0.0 0.0 0.06894587 0.0 0.019099087 0.0 0.0 0.0 0.0 0.0 0.0 0.0042480687 0.0
0.008482239 0.01640134 0.0 0.0 0.005357766 0.0 0.0 0.0 0.0 0.014315756 0.0 0.030930666 0.0 0.040119193 0.12662733 0.0 0.0 0.0 0.07104433 0.0 0.0 0.0 0.0 0.0 0.0 0.0 0.025975311 0.0 0.16365577 0.0 0.04839537 0.0 0.0 0.0 0.0 0.0 0.0 0.0 0.13315204 0.0 0.0 0.0 0.0 0.026663212 0.09813345 0.010509947 0.0 0.0 0.0 0.009968655 0.0 0.0 0.0 0.0 0.0 0.0
0.0 0.057117254 0.0 0.0 0.060829997 0.0 0.0 0.0034334047 0.0570866 0.0 0.0 0.0 0.0 0.0 0.017195232 0.0 0.024922706 0.0038842459 0.011640753 0.0 0.0 0.0 0.0 0.0038554503 0.032173324 0.0 0.0 0.0 0.0 0.04839537 0.0 0.2083379 0.028048003 0.0 0.0 0.005093073 0.13837495 0.0 0.0 0.0 0.001691477 0.0 0.0 0.0024017175 0.015743695 0.0 0.10914143 0.0 0.022095347 0.054709233 0.0 0.016966661 0.032314934 0.037432794 0.0 0.0
0.017954253 0.12377629 0.0 0.0 0.0 0.0 0.0 0.0 0.0 0.0 0.0 0.0 0.02043263 0.04799162 0.082788005 0.0 0.0 0.0 0.0 0.058383647 0.0 0.0047367453 0.0 0.0 0.0 0.0 0.012842589 0.0035079333 0.0 0.0 0.2083379 0.0 0.0 0.0 0.0 0.0 0.02134162 0.015413039 0.0 0.1250787 0.0 0.0 0.0994698 0.0 0.0 0.014962073 0.0 0.0 0.0 0.0 0.0 0.0 0.0 0.0 0.0 0.0
0.051232196 0.0 0.0 0.0 0.0 0.0 0.0 0.13121909 0.009427053 0.002105481 0.0 0.0 0.010487024 0.013972717 0.0 0.0 0.03593789 0.009934965 0.003683951 0.0 0.0 0.0 0.0 0.0 0.0 0.0 0.0 0.0 0.015128052 0.0 0.028048003 0.0 0.0 0.014859401 0.06552352 0.1142656 0.0 0.0 0.0 0.0 0.039910924 0.0 0.020309266 0.09626423 0.0 0.0 0.022987757 0.0 0.0 0.0 0.0 0.06318133 0.0 0.05406008 0.0006762743 0.09285244
0.0 0.025260497 0.0 0.030976959 0.0 0.0 0.0 0.0 0.0 0.0 0.0 0.0 0.019449959 0.0 0.0 0.13408981 0.0 0.0 0.0 0.04347715 0.0627884 0.030459367 0.045586023 0.0 0.008182745 0.0 0.031965163 0.0 0.0 0.0 0.0 0.0 0.014859401 0.051839564 0.0040933117 0.0 0.0 0.0 0.0 0.1482862 0.0 0.0 0.074055985 0.0 0.0 0.0 0.0 0.014888931 0.0 0.0 0.0 0.0 0.0 0.0 0.079849645 0.0
0.014759506 0.0 0.0 0.0 0.0 0.0 0.0 0.02950321 0.0 0.05763457 0.0 0.1327676 0.041948 0.0 0.0 0.0 0.014034845 0.0 0.0 0.0 0.0 0.13639568 0.0 0.0 0.008517972 0.058692843 0.0 0.028279655 0.0 0.0 0.0 0.0 0.06552352 0.0040933117 0.0 0.025209716 0.0 0.0 0.10448727 0.0 0.0 0.0585292 0.007567362 0.06844499 0.06525491 0.07628344 0.010771426 0.049553078 0.0 0.0 0.0 0.0 0.0 0.0 0.043272603 0.026690701
0.042529788 0.0 0.0 0.00853093 0.0 0.0 0.0 0.0 0.0 0.032476656 0.03617026 0.0 0.0 0.0 0.034145307 0.061140664 0.0 0.0 0.0 0.0 0.0 0.0 0.05144489 0.04439718 0.0 0.0004975118 0.09883909 0.0 0.0 0.0 0.005093073 0.0 0.1142656 0.0 0.025209716 0.0 0.0 0.006283386 0.09993643 0.008215712 0.0 0.0 0.0 0.0 0.0 0.002885785 0.0 0.113947116 0.0 0.0 0.1204552 0.023466831 0.0 0.0 0.055745766 0.0
0.0 0.0 0.0 0.0 0.0 0.09739473 0.0 0.0 0.038492057 0.04305695 0.24756274 0.0 0.028773017 0.0 0.0048497976 0.0 0.0 0.057210363 0.06297567 0.011482496 0.11833685 0.0 0.0 0.10498797 0.0053932806 0.0 0.0 0.0 0.0 0.0 0.13837495 0.02134162 0.0 0.0 0.0 0.0 0.0 0.00049479504 0.0023595137 0.0 0.0 0.0 0.013449905 0.0 0.013371229 0.03128855 0.0 0.0 0.0 0.0 0.0 0.0095164785 0.0 0.0 0.0 0.0
0.0 0.03604292 0.0 0.014911039 0.0 0.0 0.04584669 0.0 0.16045316 0.0 0.0 0.062600665 0.15913972 0.03619768 0.088338226 0.0 0.0 0.0 0.0 0.010881232 0.0 0.0 0.0 0.0 0.0 0.0 0.0 0.0 0.0 0.0 0.0 0.015413039 0.0 0.0 0.0 0.006283386 0.00049479504 0.0 0.0 0.0 0.0 0.02593394 0.04496654 0.067589626 0.0 0.0 0.15193883 0.0 0.0 0.0 0.0 0.02571268 0.0 0.01369148 0.0 0.0
0.0 0.0 0.0 0.0 0.0 0.0 0.06449855 0.0 0.0 0.008542293 0.0 0.0 0.0 0.06654066 0.0 0.0 0.0 0.0 0.12264978 0.0 0.0 0.0 0.0 0.0 0.0 0.0 0.0 0.0 0.0419825 0.13315204 0.0 0.0 0.0 0.0 0.10448726 0.09993643 0.002359514 0.0 0.0 0.0 0.014191758 0.0069223414 0.019781051 0.1292264 0.0 0.0 0.0 0.0 0.038471162 0.0072926492 0.0 0.0 0.0 0.0 0.0 0.0
0.0 0.02273738 0.2234377 0.0 0.0 0.0 0.0 0.0 0.0 0.0 0.0 0.0 0.0 0.0 0.04844751 0.0 0.06261212 0.0 0.03337406 0.0 0.01533289 0.042654008 0.0 0.0 0.11470102 0.0 0.0 0.009777664 0.0 0.0 0.0 0.1250787 0.0 0.1482862 0.0 0.008215711 0.0 0.0 0.0 0.0 0.047868267 0.073117495 0.0 0.0 0.0 0.0 0.0 0.0 0.055969156 0.0 0.0 0.0 0.13470764 0.0 0.0 0.05217785
0.0 0.044421967 0.0 0.0 0.0 0.093683995 0.0 0.0 0.0 0.0 0.0 0.0 0.0 0.0 0.0 0.12290937 0.09980708 0.0 0.00711534 0.10365616 0.011939494 0.114082284 0.009462989 0.0 0.04956247 0.0 0.082825765 0.0 0.0 0.0 0.001691477 0.0 0.039910924 0.0 0.0 0.0 0.0 0.0 0.014191757 0.047868267 0.0 0.0 0.008425863 0.0 0.0 0.020394433 0.0 0.007946185 0.0 0.0 0.081815645 0.0 0.0713976 0.0 0.05326268 0.03684774
0.0 0.039198056 0.0 0.0 0.0 0.029117227 0.0 0.0 0.0 0.015189597 0.042642023 0.0 0.0 0.0 0.0 0.031412218 0.0 0.0 0.0 0.12232546 0.0 0.028949916 0.099060744 0.076754265 0.014314599 0.0 0.09382063 0.05158101 0.0 0.0 0.0 0.0 0.0 0.0 0.058529202 0.0 0.0 0.02593394 0.0069223414 0.07311749 0.0 0.0 0.0 0.0 0.0 0.0 0.0 0.091687344 0.021163655 0.0 0.044047385 0.0 0.0 0.0 0.16192807 0.0
0.0 0.10835482 0.067915134 0.056401078 0.0 0.0 0.0 0.0 0.07296266 0.0 0.0 0.0 0.0 0.0 0.12649475 0.0 0.0 0.04416264 0.0 0.04274714 0.0 0.0 0.0 0.12101049 0.044113528 0.0 0.0 0.0 0.0 0.0 0.0 0.0994698 0.020309266 0.074055985 0.007567362 0.0 0.013449906 0.04496654 0.019781051 0.0 0.008425863 0.0 0.0 0.0 0.0 0.03680726 0.0 0.0 0.0 0.0 0.0 0.0 0.026336316 0.0 0.0 0.0
0.0008725826 0.017082693 0.0 0.0 0.0 0.0 0.0 0.055129535 0.0 0.015526547 0.0771551 0.0 0.0 0.0 0.09227213 0.013949978 0.0 0.017003754 0.008906137 0.0 0.0 0.025362656 0.039338533 0.030808566 0.0 0.0 0.011407527 0.0 0.0 0.026663212 0.0024017175 0.0 0.096264236 0.0 0.068445 0.0 0.0 0.06758963 0.12922639 0.0 0.0 0.0 0.0 0.0 0.12684955 0.015753444 0.0 0.0 0.0 0.0 0.05175474 0.0 0.0 0.0 0.016134653 0.0
0.06616471 0.0 0.0 0.0 0.0 0.008335429 0.0 0.13550195 0.0 0.10677254 0.029740646 0.17173423 0.0 0.0 0.0 0.0 0.0 0.005832557 0.0016477028 0.0 0.0 0.06380905 0.0 0.008241738 0.0 0.010273467 0.0 0.0 0.0 0.09813346 0.015743695 0.0 0.0 0.0 0.06525491 0.0 0.013371229 0.0 0.0 0.0 0.0 0.0 0.0 0.12684953 0.13090158 0.0 0.0 0.0 0.0 0.03754408 0.0 0.017034976 0.0 0.0 0.0 0.0
0.0880668 0.06784686 0.047981936 0.0 0.0 0.0 0.0 0.049509533 0.009761272 0.051193908 0.0 0.0 0.0 0.021110915 0.023011789 0.0 0.0 0.0 0.0 0.0 0.0 0.0 0.0 0.024368195 0.0 0.0317385 0.0 0.0 0.06894587 0.010509947 0.0 0.014962073 0.0 0.0 0.07628345 0.002885785 0.03128855 0.0 0.0 0.0 0.020394435 0.0 0.03680726 0.015753444 0.0 0.0 0.040660545 0.0 0.047787726 0.004453343 0.0 0.0 0.040719144 0.034832314 0.0 0.0034871383
0.03077919 0.053546507 0.039800134 0.0 0.019815011 0.0 0.0 0.0 0.0 0.0 0.06367681 0.0 0.0 0.0 0.0 0.019626275 0.0 0.045744043 0.034037933 0.033610888 0.014687305 0.0 0.056695476 0.12471171 0.0068283887 0.0 0.002035248 0.0 0.0 0.0 0.10914143 0.0 0.022987757 0.0 0.010771426 0.0 0.0 0.15193883 0.0 0.0 0.0 0.0 0.0 0.0 0.0 0.04066055 0.0 0.08086437 0.036577705 0.0 0.10840802 0.004226612 0.0 0.0 0.013381563 0.0
0.07455345 0.0 0.0 0.0 0.08902777 0.0 0.0 0.10625814 0.05499502 0.0 0.0 0.0 0.0 0.0 0.029373646 0.0 0.0 0.032849148 0.046725515 0.0 0.0 0.0 0.0 0.03362166 0.0 0.0075833374 0.014703156 0.0 0.019099087 0.0 0.0 0.0 0.0 0.014888932 0.04955308 0.113947116 0.0 0.0 0.0 0.0 0.007946185 0.091687344 0.0 0.0 0.0 0.0 0.08086438 0.0 0.0 0.0 0.0 0.1083609 0.0 0.0 0.0 0.0621627
0.0 0.0 0.0 0.0 0.025861856 0.0 0.017156554 0.03870083 0.068930455 0.0 0.0 0.032655694 0.0 0.071508326 0.0 0.0 0.011453953 0.0 0.0 0.0 0.0 0.0 0.049114455 0.0 0.0 0.0 0.026485015 0.0 0.0 0.0 0.022095349 0.0 0.0 0.0 0.0 0.0 0.0 0.0 0.03847116 0.055969156 0.0 0.021163655 0.0 0.0 0.0 0.047787726 0.036577705 0.0 0.0 0.025768025 0.12874371 0.05450218 0.0 0.19958849 0.0 0.0
0.0 0.005933871 0.0 0.107554175 0.0164706 0.19168168 0.10349769 0.0 0.0 0.0 0.06305961 0.0056236484 0.0 0.0 0.0 0.0 0.0 0.074619666 0.1699301 0.026106015 0.0 0.0 0.0 0.0 0.0 0.0 0.043945078 0.0 0.0 0.009968655 0.054709233 0.0 0.0 0.0 0.0 0.0 0.0 0.0 0.007292649 0.0 0.0 0.0 0.0 0.0 0.037544083 0.004453343 0.0 0.0 0.025768027 0.0 0.040958464 0.0265717 0.0 0.0 0.0 0.0
0.05110813 0.0 0.0 0.0 0.0 0.0 0.0 0.06773727 0.010342801 0.0 0.0 0.014372231 0.17994186 0.0 0.0 0.0 0.0 0.0 0.0 0.0 0.0 0.0 0.0 0.0 0.0 0.05357516 0.0 0.0 0.0 0.0 0.0 0.0 0.0 0.0 0.0 0.12045519 0.0 0.0 0.0 0.0 0.081815645 0.044047385 0.0 0.05175474 0.0 0.0 0.10840801 0.0 0.12874371 0.040958464 0.0 0.0 0.0 0.0 0.0 0.11108307
0.0 0.0 0.0 0.16172722 0.06025471 0.031115899 0.0 0.0 0.012031425 0.038080588 0.10357152 0.0 0.016608866 0.0 0.0 0.12005319 0.0 0.023678897 0.0 0.06117423 0.0 0.049311638 0.008523108 0.017691037 0.0 0.03362857 0.051795755 0.0 0.0 0.0 0.016966661 0.0 0.06318133 0.0 0.0 0.023466831 0.0095164785 0.02571268 0.0 0.0 0.0 0.0 0.0 0.0 0.017034976 0.0 0.0042266124 0.10836091 0.05450218 0.0265717 0.0 0.0 0.0 0.0 0.07004822 0.0
0.0 0.107514545 0.037012175 0.025709083 0.0 0.0 0.075415485 0.0 0.04327552 0.0 0.0 0.0 0.082286276 0.18311521 0.0 0.0 0.030872075 0.012959422 0.0020921596 0.0 0.0 0.0054994086 0.0 0.0 0.0538018 0.037718646 0.0487825 0.0 0.0 0.0 0.032314934 0.0 0.0 0.0 0.0 0.0 0.0 0.0 0.0 0.13470763 0.0713976 0.0 0.026336316 0.0 0.0 0.04071914 0.0 0.0 0.0 0.0 0.0 0.0 0.0 0.016373191 0.0 0.0
0.0 0.036201447 0.08465091 0.06874854 0.0 0.04745114 0.0 0.0 0.0 0.0 0.001059166 0.0 0.0 0.0 0.0 0.14962797 0.019969683 0.0 0.0 0.0 0.2133167 0.0 0.0 0.0 0.0 0.0 0.022334846 0.10030084 0.0 0.0 0.03743279 0.0 0.05406008 0.0 0.0 0.0 0.0 0.013691479 0.0 0.0 0.0 0.0 0.0 0.0 0.0 0.034832314 0.0 0.0 0.1995885 0.0 0.0 0.0 0.01637319 0.0 0.0 0.0
0.025886893 0.0 0.0 0.0 0.0 0.0 0.0 0.10985974 0.0 0.0 0.0 0.0 0.063949965 0.0 0.0 0.0 0.0 0.0 0.0 0.0 0.0 0.0 0.0 0.0 0.0 0.082435526 0.0 0.03710298 0.0042480687 0.0 0.0 0.0 0.0006762743 0.079849645 0.043272603 0.055745766 0.0 0.0 0.0 0.0 0.053262677 0.16192807 0.0 0.016134653 0.0 0.0 0.013381564 0.0 0.0 0.0 0.0 0.07004822 0.0 0.0 0.0 0.18031032
0.0 0.056398787 0.0 0.021411616 0.0 0.0 0.0 0.0 0.0 0.0 0.07643801 0.0 0.0 0.0 0.0 0.08612504 0.0 0.010883656 0.0 0.14943048 0.0 0.0 0.050655924 0.0219164 0.0 0.0 0.0 0.080696024 0.0 0.0 0.0 0.0 0.09285244 0.0 0.026690701 0.0 0.0 0.0 0.0 0.05217785 0.03684774 0.0 0.0 0.0 0.0 0.003487138 0.0 0.0621627 0.0 0.0 0.11108307 0.0 0.0 0.0 0.18031032 0.0
