0.0 0.0 0.021217925 0.0 0.04673472 0.0 0.060138315 0.0 0.12236644 0.0 0.0 0.0 0.0 0.0 0.0 0.0 0.040182665 0.06370265 0.03490016 0.0 0.004578843 0.0 0.0 0.014093606 0.033193722 0.0 0.0 0.0 0.0 0.0017888364 0.0117344875 0.13647486 0.12260921 0.0 0.0 0.017845077 0.0 0.10959944 0.14047027 0.0 0.0 0.0 0.0 0.0 0.0 0.09199578 0.0 0.0 0.15868449 0.0 0.0 0.0 0.014405134 0.0 0.0 0.0039230115
0.0 0.0 0.0075586955 0.0 0.15161324 0.030946428 0.0 0.007398819 0.0 0.0 0.0 0.076008804 0.0 0.0 0.04660839 0.0 0.035084143 0.031123847 0.0 0.0 0.0 0.11429228 0.031633243 0.0 0.14303638 0.0 0.0 0.0 0.080672786 0.016537337 0.0054796706 0.0 0.0 0.052707765 0.0 0.0 0.02176129 0.0 0.082524724 0.0 0.0 0.077306025 0.0 0.0 0.0 0.0 0.0 0.002290063 0.0019518285 0.007101529 0.00018476513 0.001330048 0.057776373 0.0 0.0 0.0
0.021217927 0.0075586955 0.12334619 0.0 0.0 0.045001563 0.0 0.0 0.016207432 0.06471594 0.021820584 0.0 0.0 0.0 0.0 0.0 0.05802623 0.0 0.0 0.0 0.16099186 0.06497155 0.0 0.051639985 0.0 0.0 0.0 0.0 0.0 0.0 0.0 0.0 0.0 0.0 0.007957956 0.0 0.0 0.0 0.0 0.0 0.0 0.052244384 0.0 0.011162595 0.09916287 0.0 0.01408863 0.0 0.0 0.0 0.0 0.0 0.061177727 0.0 0.031734478 0.0
0.0 0.0 0.0 0.021943564 0.01996786 0.0 0.0 0.0069700675 0.0 0.0 0.0024536734 0.03440572 0.0 0.017128084 0.0 0.0 0.0 0.0 0.0 0.045974035 0.0 0.020183265 0.0 0.03531467 0.027195748 0.0 0.0 0.0 0.022456044 0.0 0.014562516 0.0 0.0 0.0 0.0 0.064868726 0.0 0.0 0.0 0.029254932 0.08601972 0.0765114 0.018779686 0.0 0.0 0.0 0.15575999 0.03427604 0.0 0.04335132 0.02122492 0.063180886 0.13513306 0.0 0.0 0.0
0.04673472 0.15161324 0.0 0.019967858 0.0 0.0 0.0 0.0 0.0 0.0 0.016317802 0.0 0.0 0.0 0.013704901 0.0 0.0 0.0 0.0 0.0066998554 0.032867823 0.0 0.0 0.057123143 0.0 0.0 0.0 0.0 0.0 0.0 0.07165847 0.0 0.0 0.0 0.02138816 0.0 0.0 0.0 0.0 0.0 0.0 0.0 0.0043072146 0.0 0.035451345 0.0 0.0 0.0053180894 0.0 0.0 0.11908382 0.1956966 0.0 0.0 0.028284209 0.0
0.0 0.030946428 0.045001563 0.0 0.0 0.0 0.043879393 0.0 0.0036211202 0.0 0.0 0.037278287 0.016284237 0.0 0.1544799 0.028024642 0.055020772 0.0 0.12179735 0.12300037 0.0 0.0 0.0 0.0 0.0 0.012212421 0.0 0.0 0.06446079 0.0 0.0 0.002229057 0.0 0.0347204 0.0 0.04990834 0.0 0.0 0.0 0.04975447 0.0 0.0 0.03548175 0.0 0.0 0.0 0.14809622 0.0 0.0 0.0 0.0 0.0 0.0 0.022068053 0.0 0.0
0.060138315 0.0 0.0 0.0 0.0 0.043879397 0.0 0.1769956 0.0 0.0 0.0 0.0 0.0 0.0 0.0 0.0 0.0 0.0 0.0 0.0 0.0 0.0 0.0 0.027194811 0.0 0.0 0.0 0.0 0.03878782 0.0 0.0 0.0 0.0 0.0 0.11205539 0.0 0.0 0.0 0.0 0.0 0.0 0.0 0.0 0.0 0.0 0.03252438 0.036471624 0.0 0.0 0.0 0.0027852885 0.01395681 0.023695478 0.0 0.0 0.0
0.0 0.0073988186 0.0 0.006970067 0.0 0.0 0.1769956 0.0 0.026790433 0.02054789 0.032662302 0.0 0.1316216 0.018305603 0.0 0.2520962 0.0 0.0 0.0065095513 0.0 0.0 0.0 0.024501476 0.0 0.0 0.0079241 0.0 0.2280761 0.0 0.0 0.0 1.3768028e-08 0.07022178 0.0 0.0 0.0 0.0 0.008652308 0.0 0.02698324 0.0 0.0 0.0 0.009705224 0.0 0.0584759 0.0 0.0 0.0 0.050214943 0.0 0.0 0.0 0.07392547 0.0 0.0
0.122366436 0.0 0.016207432 0.0 0.0 0.0036211205 0.0 0.026790433 0.0 0.09520704 0.012007425 0.0 0.0 0.0 0.0 0.0083813025 0.0009098913 0.0 0.0 0.0 0.010141393 0.0 0.0 0.04041104 0.0 0.0 0.06690905 0.0 0.069668725 0.0 0.0 0.0 0.0 0.0033237017 0.2007884 0.0029433884 0.12166569 0.0 0.0 0.0 0.0 0.0 0.0 0.0 0.031282257 0.0 0.0 0.0 0.0 0.0 0.02900972 0.16629201 0.0 0.0 0.0 0.0
0.0 0.0 0.06471594 0.0 0.0 0.0 0.0 0.02054789 0.095207036 0.0 0.0 0.0 0.014109859 0.13816562 0.0 0.0 0.006856356 0.02234084 0.0 0.0 0.0 0.0 0.0 0.0 0.014020392 0.0 0.0 0.0132049 0.0 0.02218312 0.0 0.0 0.042639993 0.0 0.0 0.046763893 0.0 0.10164498 0.013691769 0.005996012 0.0 0.0 0.0 0.07828329 0.0 0.16484268 0.0 0.0 0.15092328 0.0 0.0 0.0 0.0 0.008376251 0.0 0.06980179
0.0 0.0 0.021820584 0.0024536732 0.016317802 0.0 0.0 0.032662302 0.012007425 0.0 0.0 0.015883144 0.0 0.08475862 0.014430065 0.0 0.0 0.0 0.0 0.0033302843 0.019936243 0.0 0.0 0.0033101419 0.0 0.028649725 0.03442222 0.023675604 0.0 0.0 0.0 0.0 0.0 0.0 0.0 0.0 0.029185873 0.02976084 0.0022444373 0.15773898 0.04646679 0.0 0.03245501 0.0 0.0124009065 0.0 0.0 0.0 0.011183206 0.0 0.09634634 0.0 0.0 0.0068097627 0.110048205 0.0
0.0 0.076008804 0.0 0.03440572 0.0 0.037278287 0.0 0.0 0.0 0.0 0.015883144 0.0 0.007331102 0.018238965 0.0 0.0072584925 0.0 0.0 0.0 0.0 0.04950517 0.0 0.019543497 0.073423 0.0 0.021504195 0.0 0.0 0.0 0.0 0.0 0.014545246 0.0 0.0 0.0 0.0 0.0 0.0 0.0 0.09936267 0.0 0.0 0.0 0.0 0.0 0.0 0.0 0.0 0.0 0.0 0.09173613 0.0054775947 0.0 0.0 0.21884109 0.0
0.0 0.0 0.0 0.0 0.0 0.016284237 0.0 0.1316216 0.0 0.014109859 0.0 0.007331102 0.0 0.0 0.11758268 0.057104547 0.0 0.016896177 0.06745198 0.0 0.0 0.0 0.07554116 0.057862017 0.0 0.14908735 0.004596449 0.0 0.0 0.0041045765 0.04836246 0.0 0.0 0.13285848 0.0 0.0 0.0 0.0 0.0 0.0 0.0 0.0054792543 0.014237931 0.0 0.0 0.0 0.008073079 0.0 0.024379104 0.0 0.004945255 0.0 0.0 0.0 0.0 0.0
0.0 0.0 0.0 0.017128084 0.0 0.0 0.0 0.018305603 0.0 0.13816562 0.08475862 0.018238967 0.0 0.07091097 0.0 0.0 0.0 0.11681468 0.0 0.0 0.0 0.025815737 0.122404665 0.12821436 0.0 0.0 0.025277665 0.028786262 0.0 0.0 0.0 0.0 0.03298516 0.0 0.0 0.021491125 0.0 0.0 0.0 0.0 0.0 0.0 0.013398702 0.008238834 0.0 0.0 0.0 0.0 0.0 0.0 0.06496757 0.018232288 0.0 0.0075987824 0.0 0.0
0.0 0.04660839 0.0 0.0 0.0137049 0.1544799 0.0 0.0 0.0 0.0 0.014430065 0.0 0.11758267 0.0 0.0 0.09477125 0.0 0.0 0.024785237 0.11089323 0.06914615 0.011098828 0.0046453993 0.0 0.0 0.0 0.11080178 0.0 0.0 0.06042206 0.0035402535 0.0 0.035566017 0.020484637 0.0 0.0 0.030124987 0.0 0.053690966 0.0 0.0 0.0 0.0 0.0 0.008098258 0.0 0.033399858 0.0 0.0 0.0 0.0 0.0 0.0 0.0 0.0046809143 0.0
0.0 0.0 0.0 0.0 0.0 0.028024644 0.0 0.2520962 0.0083813025 0.0 0.0 0.007258492 0.057104547 0.0 0.09477126 0.0 0.0 0.0 0.0 0.028352262 0.0 0.0 0.013554167 0.08858967 0.0 0.029558184 0.054922182 0.0 0.075103775 0.07642462 0.0 0.0 0.0 0.0 0.013884367 0.02750554 0.056565475 0.0 0.0 0.0 0.0 0.0 0.0 0.022836344 0.0 0.0 0.0 0.0 0.0 0.0 0.0 0.0 0.0 0.0 0.0 0.0
0.040182665 0.035084143 0.05802623 0.0 0.0 0.05502077 0.0 0.0 0.00090989127 0.006856356 0.0 0.0 0.0 0.0 0.0 0.0 0.0 0.0 0.0 0.0 0.0 0.1582777 0.0 0.0 0.0016273742 0.020531898 0.0 0.0 0.0 0.0 0.0 0.0 0.029411834 0.023604875 0.0 0.0 0.0 0.0 0.0 0.0021916465 0.07543368 0.0 0.07200426 0.0 0.21448906 0.0 0.0 0.0 0.0 0.076159835 0.0058263154 0.0 0.0 0.04128014 0.02833849 0.0
0.06370265 0.031123845 0.0 0.0 0.0 0.0 0.0 0.0 0.0 0.02234084 0.0 0.0 0.016896177 0.11681467 0.0 0.0 0.0 0.0 0.0 0.0 0.0 0.0 0.0 0.012871033 0.005169326 0.008161545 0.0 0.03412158 0.0 0.0 0.0 0.0034116001 0.0 0.0 0.08474925 0.0 0.0 0.0 0.0 0.0 0.099795185 0.09025528 0.0 0.0 0.05198281 0.0 0.0 0.0 0.0 0.0 0.049473304 0.0 0.0 0.19599016 0.040928453 0.0009802714
0.03490016 0.0 0.0 0.0 0.0 0.12179735 0.0 0.0065095513 0.0 0.0 0.0 0.0 0.06745199 0.0 0.024785237 0.0 0.0 0.0 0.05414748 0.014897945 0.0 0.11823187 0.0 0.0 0.0 0.0 0.009209855 0.03925864 0.0 0.0 0.0 0.0 0.0 0.0 0.0 0.0 0.045981582 0.0 0.0 0.091928 0.06873792 0.0 0.0 0.0 0.0 0.0 0.0078580575 0.0 0.0 0.0 0.09162854 0.0 0.0069997227 0.04361713 0.0 0.0
0.0 0.0 0.0 0.045974035 0.0066998554 0.12300037 0.0 0.0 0.0 0.0 0.0033302843 0.0 0.0 0.0 0.11089323 0.028352264 0.0 0.0 0.014897944 0.023159519 0.04564479 0.022600185 0.0 0.0 0.0 0.0 0.0 0.019311436 0.0 0.0 0.12964325 0.0 0.09021414 0.024590004 0.0 0.0 0.0 0.0 0.12075259 0.07179956 0.0 0.0 0.023127688 0.0 0.0 0.015319474 0.0 0.08938741 0.021319384 0.060027037 0.0 0.0 0.0 0.0 0.0020983235 0.0
0.004578843 0.0 0.16099188 0.0 0.032867823 0.0 0.0 0.0 0.010141392 0.0 0.019936243 0.04950517 0.0 0.0 0.06914615 0.0 0.0 0.0 0.0 0.04564479 0.0 0.08462998 0.0 0.0 0.16302617 0.0 0.0 0.0 0.013131913 0.0 0.0 0.0 0.0 0.06896719 0.0 0.03964466 0.0 0.0 0.011990691 0.0 0.0 0.07148992 0.0 0.0 0.0 0.0 0.018255694 0.094219804 0.0 0.028266348 0.0 0.0 0.04189904 0.0028091748 0.0 0.0
0.0 0.11429228 0.06497155 0.020183265 0.0 0.0 0.0 0.0 0.0 0.0 0.0 0.0 0.0 0.025815737 0.011098828 0.0 0.1582777 0.0 0.11823187 0.022600185 0.08462998 0.0 0.0 0.009483083 0.011332526 0.0 0.0 0.0 0.06116446 0.027841458 0.054928735 0.0 0.009545458 0.0023747024 0.0 0.0 0.0 0.0 0.0 0.0 0.0 0.0 0.0 0.0020374705 0.0 0.0 0.0 0.05728346 0.02624015 0.17800434 0.0 0.0 0.008063066 0.0 0.0 0.0
0.0 0.031633247 0.0 0.0 0.0 0.0 0.0 0.024501476 0.0 0.0 0.0 0.019543497 0.07554116 0.122404665 0.0046453997 0.013554167 0.0 0.0 0.0 0.0 0.0 0.0 0.0 0.081108026 0.0 0.02357433 0.0 0.0 0.0063810414 0.0 0.0 0.0 0.0 0.0 0.041305136 0.080511265 0.0 0.0 0.0 0.0 0.09271549 0.016581684 0.0058399197 0.050085537 0.0 0.0 0.0 0.07529427 0.0 0.021193597 0.001395532 0.0 0.0 0.052228626 0.0 0.24320462
0.014093606 0.0 0.051639985 0.035314675 0.05712315 0.0 0.027194811 0.0 0.04041104 0.0 0.0033101419 0.07342299 0.057862017 0.12821436 0.0 0.08858967 0.0 0.0128710335 0.0 0.0 0.0 0.009483083 0.08110803 0.11082471 0.0 0.0 0.044569362 0.019671835 0.0 0.011249767 0.0 0.0 0.02472327 0.0 0.0 0.0 0.0 0.0 0.0 0.0 0.0 0.0 0.024024304 0.049911167 0.027085941 0.058348708 0.0 0.0 0.003638173 0.0 0.0 0.0028575126 0.0 0.08167265 0.0 0.014187227
0.033193722 0.14303638 0.0 0.02719575 0.0 0.0 0.0 0.0 0.0 0.014020391 0.0 0.0 0.0 0.0 0.0 0.0 0.0016273743 0.005169326 0.0 0.0 0.16302615 0.011332527 0.0 0.0 0.020934643 0.0 0.0 0.0 0.00941704 0.0 0.0 0.0 0.0 0.03053953 0.0 0.0 0.0 0.0 0.0 0.0 0.0 0.2929018 0.0 0.0 0.0 0.0 0.0 0.0 0.0 0.0 0.0 0.0 0.050042726 0.10184151 0.03632719 0.0
0.0 0.0 0.0 0.0 0.0 0.012212421 0.0 0.0079241 0.0 0.0 0.028649725 0.021504197 0.14908735 0.0 0.0 0.029558184 0.020531898 0.008161545 0.0 0.0 0.0 0.0 0.02357433 0.0 0.0 0.0 0.22465265 0.11082558 0.034349393 0.0 0.017294979 0.0 0.028496703 0.003988524 0.0 0.025136871 0.039187912 0.0 0.0 0.052573256 0.0 0.0 0.07302316 0.0 0.0 0.0 0.05475636 0.0 0.0 0.0 0.0 0.0 0.0 0.0 0.0 0.06951968
0.0 0.0 0.0 0.0 0.0 0.0 0.0 0.0 0.066909045 0.0 0.03442222 0.0 0.004596449 0.025277665 0.11080178 0.054922182 0.0 0.0 0.009209855 0.0 0.0 0.0 0.0 0.04456936 0.0 0.22465265 0.0 0.0 0.048424367 0.029795008 0.0 0.0 0.0 0.0 0.0 0.104407646 0.0 0.0 0.0 0.04732146 0.054838393 0.0024745031 0.027001528 0.0 0.0 0.0 0.044530265 0.0 0.0 0.0 0.0 0.009994129 0.0 0.0 0.0 0.0
0.0 0.0 0.0 0.0 0.0 0.0 0.0 0.2280761 0.0 0.0132049 0.023675602 0.0 0.0 0.028786262 0.0 0.0 0.0 0.03412158 0.039258637 0.019311436 0.0 0.0 0.0 0.019671835 0.0 0.11082558 0.0 0.0 0.014545534 0.0 0.0 0.0 0.0 0.0 0.0 0.056711018 0.07373487 0.0 0.0 0.0 0.0 0.0 0.0 0.042279813 0.0 0.0062597306 0.0 0.100304194 0.0 0.0 0.0 0.03717653 0.0 0.0 0.0 0.055150785
0.0 0.08067279 0.0 0.022456044 0.0 0.064460784 0.038787823 0.0 0.069668725 0.0 0.0 0.0 0.0 0.0 0.0 0.075103775 0.0 0.0 0.0 0.0 0.013131913 0.061164457 0.0063810414 0.0 0.009417041 0.034349393 0.048424363 0.014545534 0.0 0.0 0.030625243 0.11782774 0.081959255 0.012792144 0.0 0.0 0.0 0.01586003 0.0 0.0 0.0 0.0 0.0 0.0 0.0 0.0 0.037332464 0.0 0.060782503 0.0 0.0 0.0 0.0 0.0 0.08365968 0.0
0.0017888364 0.016537335 0.0 0.0 0.0 0.0 0.0 0.0 0.0 0.022183118 0.0 0.0 0.004104576 0.0 0.060422063 0.07642463 0.0 0.0 0.0 0.0 0.0 0.027841456 0.0 0.011249768 0.0 0.0 0.029795008 0.0 0.0 0.0 0.0 0.0 0.0 0.00933426 0.15965872 0.0 0.0 0.0 0.0 0.0 0.0 0.0 0.0 0.0 0.030027168 0.0 0.0 0.020017149 0.0 0.0 0.062155396 0.079823405 0.0 0.0 0.24903028 0.0
0.0117344875 0.0054796706 0.0 0.014562516 0.07165847 0.0 0.0 0.0 0.0 0.0 0.0 0.0 0.04836246 0.0 0.0035402537 0.0 0.0 0.0 0.0 0.12964325 0.0 0.05492874 0.0 0.0 0.0 0.017294979 0.0 0.0 0.030625243 0.0 0.0 0.0 0.018613508 0.10132504 0.0 0.06279314 0.0 0.0 0.0 0.08412417 0.0773953 0.0 0.16588587 0.0 0.0 0.0 0.073619746 0.074122444 0.0 0.0 0.0 0.0 0.0 0.0 0.0 0.0
0.13647485 0.0 0.0 0.0 0.0 0.0022290568 0.0 1.3768027e-08 0.0 0.0 0.0 0.014545246 0.0 0.0 0.0 0.0 0.0 0.0034116004 0.0 0.0 0.0 0.0 0.0 0.0 0.0 0.0 0.0 0.0 0.117827736 0.0 0.0 0.0 0.0 0.0 0.058021143 0.0 0.0 0.0 0.0 0.0 0.080513775 0.16776639 0.0 0.0 0.16651407 0.0 0.0 0.0 0.0 0.0 0.0 0.03800849 0.0 0.026692105 0.0 0.0
0.12260921 0.0 0.0 0.0 0.0 0.0 0.0 0.070221774 0.0 0.042639993 0.0 0.0 0.0 0.032985155 0.035566017 0.0 0.029411834 0.0 0.0 0.09021413 0.0 0.009545458 0.0 0.02472327 0.0 0.028496703 0.0 0.0 0.08195926 0.0 0.01861351 0.0 0.0 0.02034149 0.10658545 0.0 0.0019038368 0.0 0.0 0.021023445 0.05531162 0.0 0.0 0.017364297 0.0057042423 0.0 0.0 0.0 0.0 0.003177226 0.01026975 0.02058096 0.0 0.055013563 0.027051393 0.0065903733
0.0 0.05270777 0.0 0.0 0.0 0.0347204 0.0 0.0 0.0033237017 0.0 0.0 0.0 0.13285848 0.0 0.02048464 0.0 0.023604875 0.0 0.0 0.024590006 0.06896719 0.0023747024 0.0 0.0 0.03053953 0.003988524 0.0 0.0 0.012792144 0.009334261 0.10132505 0.0 0.02034149 0.0 0.0 0.0 0.0 0.04582988 0.031911876 0.0 0.0 0.0 0.0 0.0 0.0 0.018962007 0.0154241 0.0103994105 0.033548027 0.0 0.0 0.0 0.20201337 0.0 0.021899547 0.0
0.0 0.0 0.007957956 0.0 0.021388162 0.0 0.11205539 0.0 0.20078841 0.0 0.0 0.0 0.0 0.0 0.0 0.0138843665 0.0 0.08474925 0.0 0.0 0.0 0.0 0.041305136 0.0 0.0 0.0 0.0 0.0 0.0 0.15965873 0.0 0.05802114 0.10658546 0.0 0.041205708 0.0 0.0 0.0 0.0 0.0 0.0 0.0 0.0 0.09677063 0.0 0.08098607 0.018958364 0.0 0.0 0.0 0.0 0.0 0.006436135 0.0 0.0 0.013323542
0.017845076 0.0 0.0 0.06486873 0.0 0.04990834 0.0 0.0 0.0029433884 0.046763893 0.0 0.0 0.0 0.021491125 0.0 0.02750554 0.0 0.0 0.0 0.0 0.03964466 0.0 0.080511265 0.0 0.0 0.025136871 0.104407646 0.056711018 0.0 0.0 0.06279314 0.0 0.0 0.0 0.0 0.0 0.045244783 0.047553044 0.0 0.024145544 0.0 0.0 0.0 0.0 0.03186589 0.0 0.0 0.0 0.022108383 0.0 0.1276649 0.12451102 0.0 0.0 0.050648928 0.0
0.0 0.021761289 0.0 0.0 0.0 0.0 0.0 0.0 0.12166569 0.0 0.029185873 0.0 0.0 0.0 0.030124987 0.05656547 0.0 0.0 0.045981582 0.0 0.0 0.0 0.0 0.0 0.0 0.03918791 0.0 0.07373488 0.0 0.0 0.0 0.0 0.0019038368 0.0 0.0 0.045244783 0.004829775 0.15647836 0.0 0.10318064 0.0 0.0 0.0 0.0061631007 0.0 0.14001222 0.032409586 0.0 0.066815205 0.0 0.0 0.0 0.0 0.0 0.01553412 0.07720477
0.10959945 0.0 0.0 0.0 0.0 0.0 0.0 0.008652308 0.0 0.10164498 0.02976084 0.0 0.0 0.0 0.0 0.0 0.0 0.0 0.0 0.0 0.0 0.0 0.0 0.0 0.0 0.0 0.0 0.0 0.01586003 0.0 0.0 0.0 0.0 0.04582988 0.0 0.047553048 0.15647836 0.0 0.002849548 0.0 0.0 0.036432654 0.009416598 0.0 0.08204521 0.0 0.0 0.0 0.0 0.0 0.038748905 0.14225665 0.0 0.0 0.0 0.0
0.14047027 0.08252473 0.0 0.0 0.0 0.0 0.0 0.0 0.0 0.013691768 0.002244437 0.0 0.0 0.0 0.05369097 0.0 0.0 0.0 0.0 0.12075259 0.011990691 0.0 0.0 0.0 0.0 0.0 0.0 0.0 0.0 0.0 0.0 0.0 0.0 0.031911876 0.0 0.0 0.0 0.002849548 0.0 0.0 0.009026641 0.014214227 0.0 0.0 0.14300184 0.0 0.0064474954 0.0 0.05691909 0.064857826 0.0 0.0 0.0 0.0 0.012629909 0.0011277336
0.0 0.0 0.0 0.029254932 0.0 0.04975447 0.0 0.02698324 0.0 0.005996012 0.15773898 0.099362664 0.0 0.0 0.0 0.0 0.0021916463 0.0 0.091928 0.07179956 0.0 0.0 0.0 0.0 0.0 0.05257326 0.04732146 0.0 0.0 0.0 0.08412416 0.0 0.021023445 0.0 0.0 0.024145544 0.10318064 0.0 0.0 0.0 0.012004199 0.0 0.0 0.0 0.0 0.0 0.0 0.11139222 0.0 0.031735 0.02023539 0.0008118032 0.013070041 0.047598235 0.0 0.0
0.0 0.0 0.0 0.08601971 0.0 0.0 0.0 0.0 0.0 0.0 0.04646679 0.0 0.0 0.0 0.0 0.0 0.07543367 0.09979518 0.06873791 0.0 0.0 0.0 0.092715494 0.0 0.0 0.0 0.054838397 0.0 0.0 0.0 0.07739529 0.080513775 0.055311617 0.0 0.0 0.0 0.0 0.0 0.009026641 0.012004199 0.0 0.0 0.0 0.028971385 0.0 0.0010793769 0.0036033236 0.0 0.069683656 0.0 0.057097726 0.0 0.042866703 0.0 0.0 0.0
0.0 0.077306025 0.052244388 0.076511405 0.0 0.0 0.0 0.0 0.0 0.0 0.0 0.0 0.0054792548 0.0 0.0 0.0 0.0 0.09025528 0.0 0.0 0.07148992 0.0 0.016581682 0.0 0.29290184 0.0 0.0024745031 0.0 0.0 0.0 0.0 0.16776639 0.0 0.0 0.0 0.0 0.0 0.036432654 0.014214228 0.0 0.0 0.0 0.0 0.0 0.0 0.0 0.039340924 0.0 0.036715273 0.0 0.0 0.0 0.10628652 0.0 0.0 0.0
0.0 0.0 0.0 0.018779686 0.0043072146 0.035481747 0.0 0.0 0.0 0.0 0.03245501 0.0 0.014237931 0.013398702 0.0 0.0 0.07200426 0.0 0.0 0.023127688 0.0 0.0 0.005839919 0.024024304 0.0 0.07302317 0.027001526 0.0 0.0 0.0 0.16588585 0.0 0.0 0.0 0.0 0.0 0.0 0.009416597 0.0 0.0 0.0 0.0 0.0 0.0 0.0 0.0 0.0 0.18137927 0.02505136 0.0 0.064124554 0.03593147 0.032692928 0.0 0.08107534 0.0
0.0 0.0 0.011162595 0.0 0.0 0.0 0.0 0.009705224 0.0 0.07828329 0.0 0.0 0.0 0.008238834 0.0 0.022836344 0.0 0.0 0.0 0.0 0.0 0.0020374702 0.050085537 0.049911164 0.0 0.0 0.0 0.042279813 0.0 0.0 0.0 0.0 0.017364297 0.0 0.09677063 0.0 0.006163101 0.0 0.0 0.0 0.028971385 0.0 0.0 0.0 0.04107259 0.0 0.0 0.04277931 0.052881826 0.0 0.16470104 0.077480756 0.0 0.00695257 0.093688674 0.0
0.0 0.0 0.09916287 0.0 0.035451345 0.0 0.0 0.0 0.031282254 0.0 0.0124009065 0.0 0.0 0.0 0.008098257 0.0 0.21448904 0.05198281 0.0 0.0 0.0 0.0 0.0 0.02708594 0.0 0.0 0.0 0.0 0.0 0.030027168 0.0 0.16651407 0.0057042423 0.0 0.0 0.031865887 0.0 0.08204521 0.14300184 0.0 0.0 0.0 0.0 0.04107259 0.0 0.0 0.06846698 0.0 0.056720704 0.02297064 0.0 0.0 0.0 0.0025659127 0.0 0.17188515
0.09199578 0.0 0.0 0.0 0.0 0.0 0.032524377 0.058475908 0.0 0.16484267 0.0 0.0 0.0 0.0 0.0 0.0 0.0 0.0 0.0 0.015319474 0.0 0.0 0.0 0.05834871 0.0 0.0 0.0 0.00625973 0.0 0.0 0.0 0.0 0.0 0.018962009 0.08098607 0.0 0.14001222 0.0 0.0 0.0 0.0010793769 0.0 0.0 0.0 0.0 0.0 0.0 0.0031164542 0.0 0.0 0.0 0.16717714 0.0 0.0 0.03649886 0.0
0.0 0.0 0.01408863 0.15576 0.0 0.14809622 0.036471624 0.0 0.0 0.0 0.0 0.0 0.008073079 0.0 0.03339986 0.0 0.0 0.0 0.0078580575 0.0 0.018255692 0.0 0.0 0.0 0.0 0.054756362 0.044530265 0.0 0.037332464 0.0 0.073619746 0.0 0.0 0.0154241 0.018958364 0.0 0.032409586 0.0 0.0064474954 0.0 0.0036033236 0.039340924 0.0 0.0 0.06846698 0.0 0.0 0.030520057 0.03785628 0.0 0.023999985 0.0 0.0 0.0 0.021023987 0.0
0.0 0.002290063 0.0 0.034276035 0.0053180894 0.0 0.0 0.0 0.0 0.0 0.0 0.0 0.0 0.0 0.0 0.0 0.0 0.0 0.0 0.08938741 0.0942198 0.05728346 0.07529426 0.0 0.0 0.0 0.0 0.100304194 0.0 0.020017149 0.074122444 0.0 0.0 0.0103994105 0.0 0.0 0.0 0.0 0.0 0.11139222 0.0 0.0 0.18137927 0.04277931 0.0 0.003116454 0.030520057 0.0 0.0 0.0 0.0 0.0 0.0244016 0.047089927 0.0 0.0
0.15868449 0.0019518285 0.0 0.0 0.0 0.0 0.0 0.0 0.0 0.15092328 0.011183206 0.0 0.024379104 0.0 0.0 0.0 0.0 0.0 0.0 0.021319384 0.0 0.02624015 0.0 0.0036381732 0.0 0.0 0.0 0.0 0.060782503 0.0 0.0 0.0 0.0 0.03354803 0.0 0.022108383 0.066815205 0.0 0.05691909 0.0 0.069683656 0.036715273 0.025051357 0.052881822 0.056720704 0.0 0.03785628 0.0 0.0 0.007596266 0.0 0.017403333 0.0 0.031777866 0.0 0.0
0.0 0.007101529 0.0 0.04335132 0.0 0.0 0.0 0.050214943 0.0 0.0 0.0 0.0 0.0 0.0 0.0 0.0 0.07615983 0.0 0.0 0.060027037 0.028266346 0.17800432 0.021193597 0.0 0.0 0.0 0.0 0.0 0.0 0.0 0.0 0.0 0.003177226 0.0 0.0 0.0 0.0 0.0 0.06485782 0.031735 0.0 0.0 0.0 0.0 0.02297064 0.0 0.0 0.0 0.0075962655 0.27007443 0.0 0.0 0.0 0.0 0.045229662 0.0
0.0 0.00018476513 0.0 0.02122492 0.119083814 0.0 0.0027852887 0.0 0.029009722 0.0 0.09634634 0.09173612 0.004945255 0.06496757 0.0 0.0 0.0058263154 0.049473304 0.091628544 0.0 0.0 0.0 0.001395532 0.0 0.0 0.0 0.0 0.0 0.0 0.0621554 0.0 0.0 0.01026975 0.0 0.0 0.1276649 0.0 0.038748905 0.0 0.020235391 0.05709773 0.0 0.06412456 0.16470104 0.0 0.0 0.023999985 0.0 0.0 0.0 0.0 0.0 0.014348696 0.0 0.0 0.046346374
0.0 0.001330048 0.0 0.063180886 0.1956966 0.0 0.013956812 0.0 0.16629201 0.0 0.0 0.0054775947 0.0 0.01823229 0.0 0.0 0.0 0.0 0.0 0.0 0.0 0.0 0.0 0.0028575123 0.0 0.0 0.00999413 0.037176527 0.0 0.0798234 0.0 0.038008492 0.02058096 0.0 0.0 0.12451102 0.0 0.14225665 0.0 0.0008118032 0.0 0.0 0.03593147 0.077480756 0.0 0.16717714 0.0 0.0 0.017403333 0.0 0.0 0.0 0.0 0.0 0.0 0.0043682973
0.014405135 0.05777637 0.061177723 0.13513304 0.0 0.0 0.023695478 0.0 0.0 0.0 0.0 0.0 0.0 0.0 0.0 0.0 0.0 0.0 0.006999723 0.0 0.041899044 0.008063067 0.0 0.0 0.050042726 0.0 0.0 0.0 0.0 0.0 0.0 0.0 0.0 0.20201337 0.006436135 0.0 0.0 0.0 0.0 0.013070041 0.042866703 0.106286526 0.032692928 0.0 0.0 0.0 0.0 0.0244016 0.0 0.0 0.014348697 0.0 0.0 0.080818504 0.0 0.0
0.0 0.0 0.0 0.0 0.0 0.022068052 0.0 0.073925465 0.0 0.008376251 0.0068097627 0.0 0.0 0.0075987824 0.0 0.0 0.04128014 0.19599018 0.043617126 0.0 0.0028091748 0.0 0.052228626 0.081672646 0.10184151 0.0 0.0 0.0 0.0 0.0 0.0 0.026692105 0.055013563 0.0 0.0 0.0 0.0 0.0 0.0 0.04759823 0.0 0.0 0.0 0.00695257 0.002565913 0.0 0.0 0.047089927 0.031777866 0.0 0.0 0.0 0.0808185 0.0 0.0 0.0
0.0 0.0 0.031734478 0.0 0.028284209 0.0 0.0 0.0 0.0 0.0 0.110048205 0.21884109 0.0 0.0 0.0046809143 0.0 0.028338492 0.040928457 0.0 0.0020983235 0.0 0.0 0.0 0.0 0.036327194 0.0 0.0 0.0 0.08365968 0.24903028 0.0 0.0 0.027051395 0.021899547 0.0 0.050648928 0.015534119 0.0 0.012629909 0.0 0.0 0.0 0.08107534 0.093688674 0.0 0.03649886 0.021023989 0.0 0.0 0.045229662 0.0 0.0 0.0 0.0 0.0 0.0
0.003923011 0.0 0.0 0.0 0.0 0.0 0.0 0.0 0.0 0.06980179 0.0 0.0 0.0 0.0 0.0 0.0 0.0 0.0009802714 0.0 0.0 0.0 0.0 0.24320461 0.014187228 0.0 0.06951969 0.0 0.055150785 0.0 0.0 0.0 0.0 0.0065903733 0.0 0.013323542 0.0 0.07720477 0.0 0.0011277336 0.0 0.0 0.0 0.0 0.0 0.17188515 0.0 0.0 0.0 0.0 0.0 0.046346374 0.0043682973 0.0 0.0 0.0 0.0
