0.0 0.0 0.06807344 0.0 0.0 0.012781384 0.0 0.08883603 0.0 0.006611053 0.0 0.0016391259 0.013317149 0.006812216 0.041413084 0.0089329695 0.013489347 0.0 0.0 0.0 0.029514162 0.0 0.0 0.0035705543 0.0 0.114283234 0.0 0.023436915 0.0 0.12082949 0.036243238 0.0 0.0 0.032733586 0.0 0.0 0.0 0.0 0.03360439 0.0 0.0 0.0 0.0073006204 0.064434454 0.058945414 0.0 0.0 0.0 0.0 0.0 0.0 0.09146846 0.058322955 0.0 0.10958441 0.0
0.0 0.0 0.0 0.0 0.005562183 0.028467532 0.0 0.07813551 0.0 0.22992557 0.0 0.0 0.0 0.0 0.008323333 0.0 0.0 0.0 0.0 0.0 0.0 0.004968678 0.0 0.0 0.022050539 0.0 0.055187564 0.0 0.0 0.0 0.0 0.0 0.0 0.002336719 0.01970824 0.02243216 0.0064755133 0.004339652 0.04795722 0.0 0.05258393 0.0 0.0 0.0 0.054581285 0.0 0.027265603 0.0 0.0 0.16100475 0.0 0.0417288 0.0 0.0 0.0 0.0
0.06807344 0.0 0.0 0.0 0.0 0.0 0.0 0.044945903 0.0 0.0 0.0016175952 0.0 0.0 0.029190836 0.0 0.0 0.0 0.0 0.0 0.0 0.0 0.0 0.0 0.062927365 0.0 0.0 0.0 0.0 0.03821687 0.0 0.0 0.0 0.0 0.0 0.05372297 0.02273803 0.0 0.0 0.0 0.11844 0.10002304 0.0 0.0 0.0 0.052703775 0.0 0.0 0.0 0.0 0.0 0.0 0.0 0.0 0.024748625 0.0 0.14882599
0.0 0.0 0.0 0.0 0.17387442 0.0 0.0 0.0 0.074988626 0.0 0.0 0.0 0.0 0.033254486 0.035141975 0.0 0.0 0.0 0.0 0.044526327 0.0 0.034337964 0.13557065 0.0 0.0 0.0 0.08864862 0.0 0.0 0.0 0.0 0.0042685326 0.0 0.013221345 0.0 0.0 0.0 0.17763285 0.0011663119 0.0 0.051815398 0.041423086 0.0 0.0 0.0 0.0 0.0038649344 0.0010134814 0.0 0.0 0.043349713 0.0 0.0 0.0 0.0 0.0
0.0 0.0055621825 0.0 0.17387442 0.25128272 0.0 0.050200958 0.0 0.0 0.0 0.0 0.0 0.0 0.058931883 0.0 0.02107963 0.0 0.0 0.0 0.021054666 0.0199535 0.0 0.0 0.027471244 0.0 0.0 0.0 0.006994196 0.0 0.0 0.0 0.08261114 0.0 0.0 0.0 0.08050222 0.0 0.014859356 0.0 0.034242198 0.01577142 0.021924669 0.0322403 0.0 0.0 0.0 0.01850954 0.0 0.0 0.0 0.0 0.0 0.0 0.0 0.0 0.0
0.012781384 0.028467532 0.0 0.0 0.0 0.0 0.0131219225 0.054129034 0.09821171 0.041196905 0.05606048 0.0 0.0 0.012940381 0.018207796 0.0 0.0 0.14515214 0.0 0.0 0.0 0.0 0.0 0.10016025 0.0 0.0 0.004059196 0.0 0.04441206 0.0 0.0 0.0044625406 0.0 0.0 0.0 0.0 0.034485374 0.12485159 0.017327726 0.0 0.0 0.008505125 0.0 0.0 0.0 0.0 0.037118167 0.0 0.0 0.004928235 0.0 0.040337197 0.0 0.012518928 0.0065668714 0.0
0.0 0.0 0.0 0.0 0.05020096 0.013121923 0.0 0.0 0.0 0.0 0.13503867 0.0 0.0 0.0 0.0 0.061168462 0.0 0.006437559 0.09574539 0.0 0.0 0.0 0.0 0.0 0.007895427 0.0 0.044961993 0.0119225755 0.0 0.0 0.22038424 0.0039867978 0.048505496 0.0 0.0 0.0 0.0 0.07477516 0.0 0.0 0.0 0.0 0.0 0.0 0.07886527 0.049685337 0.05799826 0.0 0.0 0.0 0.0 0.0 0.0 0.0 0.0 0.0
0.08883603 0.07813552 0.044945907 0.0 0.0 0.054129034 0.0 0.090285294 0.0049095876 0.0 0.05899491 0.054471925 0.0 0.0 0.009410707 0.0147862835 0.028116947 0.0 0.0 0.0 0.030029688 0.0 0.0015220905 0.006809853 0.075779 0.028532315 0.0 0.0 0.0 0.03261805 0.014104322 0.007038253 0.093143895 0.0031948786 0.0 0.0 0.0 0.0 0.0 0.0 0.0 0.0 0.0 0.10630176 0.029399863 0.053953703 0.0 0.0 0.049160782 0.041887917 0.02764294 0.019294325 0.04830698 0.0 0.015893728 0.0
0.0 0.0 0.0 0.074988626 0.0 0.09821171 0.0 0.004909588 0.0 0.0 0.1307606 0.0 0.026564835 0.0 0.0 0.040856697 0.0 0.0 0.0 0.22122777 0.0 0.0 0.09748681 0.0 0.0 0.0 0.051596902 0.0 0.0 0.0 0.0 0.0 0.0 0.0 0.0 0.10970643 0.0 0.0 0.0 0.016867435 0.0 0.0 0.028734755 0.0 0.0 0.0 0.0 0.0 0.0 0.0 0.003269657 0.0 0.0 0.0 0.0 0.0
0.006611053 0.22992556 0.0 0.0 0.0 0.041196905 0.0 0.0 0.0 0.0 0.0 0.019667244 0.0 0.0 0.0 0.0 0.0 0.0 0.026235111 0.0 0.0 0.0 0.0 0.0 0.018291479 0.034042116 0.0 0.1425612 0.0 0.0131583465 0.0 0.09742639 0.0 0.0 0.0 0.0 0.0 0.012660508 0.0 0.0 0.0 0.0 0.07234909 0.06057967 0.0 0.033390243 0.0 0.0 0.030828804 0.026176866 0.020632055 0.0 0.051181283 0.06573135 0.12148608 0.0
0.0 0.0 0.0016175952 0.0 0.0 0.05606048 0.13503869 0.05899491 0.1307606 0.0 0.0 0.013679279 0.0 0.007859745 0.015338112 0.0 0.0 0.0 0.07590152 0.0 0.0 0.019102167 0.0 0.0 0.0 0.0 0.0 0.0 0.0 0.0 0.0 0.0748567 0.0 0.015273541 0.0 0.0 0.0036193505 0.0 0.0 0.0 0.0 0.13632318 0.03130621 0.01873714 0.0 0.0 0.1022772 0.0 0.0 0.07587662 0.0 0.0 0.018319648 0.0 0.039777443 0.0
0.0016391259 0.0 0.0 0.0 0.0 0.0 0.0 0.054471925 0.0 0.019667244 0.013679279 0.0 0.0 0.0 0.0 0.029388752 0.0 0.0 0.0 0.0 0.0 0.0 0.0 0.068496466 0.0 0.0 0.014638241 0.024971053 0.0 0.0 0.0 0.0234219 0.0 0.025671607 0.11137586 0.040079672 0.0 0.0 0.0 0.034505397 0.07852739 0.0 0.064080715 0.0 0.0 0.0 0.0 0.0 0.0 0.0 0.0 0.0 0.0 0.07146853 0.0 0.053468
0.013317149 0.0 0.0 0.0 0.0 0.0 0.0 0.0 0.026564835 0.0 0.0 0.0 0.0 0.0 0.06768717 0.024860416 0.0 0.0 0.0 0.0 0.0 0.09184726 0.0 0.0 0.0 0.12810881 0.0 0.026758172 0.030409282 0.001682234 0.0 0.0 0.032113552 0.044672143 0.024941588 0.0 0.0 0.0 0.0 0.043548755 0.08645166 0.14170049 0.0 0.0 0.07838588 0.0 0.116625234 0.017255051 0.0 0.0 0.0 0.0 0.0 0.0 0.0 0.0
0.006812216 0.0 0.029190836 0.033254486 0.05893188 0.012940381 0.0 0.0 0.0 0.0 0.007859745 0.0 0.0 0.0 0.0 0.027686361 0.0 0.15627357 0.0 0.12058064 0.0 0.0 0.030974332 0.0 0.0 0.0 0.0 0.0 0.0 0.028437039 0.17204674 0.0 0.04455044 0.078379154 0.0 0.0 0.0 0.0 0.0 0.0 0.0 0.014773727 0.027296396 0.0 0.004452068 0.106774 0.0 0.071017556 0.0690619 0.0 0.025041025 0.0 0.022791382 0.0 0.0 0.0
0.041413087 0.008323333 0.0 0.035141975 0.0 0.018207796 0.0 0.009410707 0.0 0.0 0.015338112 0.0 0.067687176 0.0 0.0 0.0 0.03557458 0.0 0.0 0.0 0.0 0.0 0.0 0.0 0.0 0.0 0.0 0.0 0.18507187 0.0 0.0 0.025792886 0.0 0.061267715 0.0 0.03302433 0.0 0.0 0.02399709 0.0 0.03065597 0.0524101 0.008562397 0.0 0.038833797 0.0 0.0 0.0 0.003803249 0.038316507 0.0 0.0 0.0 0.110422045 0.0 0.089695275
0.0089329695 0.0 0.0 0.0 0.02107963 0.0 0.061168462 0.014786283 0.0408567 0.0 0.0 0.029388752 0.024860417 0.027686361 0.0 0.11557124 0.0 0.0 0.027090479 0.0 0.0 0.0 0.0 0.0 0.0 0.026049888 0.0 0.1145586 0.0 0.0 0.0022731803 0.0 0.012837816 0.0 0.0035653245 0.0 0.010370343 0.0867908 0.13824837 0.0 0.04323089 0.0 0.0 0.0 0.0 0.0 0.025067706 0.0 0.01275876 0.07875772 0.0 0.009541638 0.0 0.035296157 0.062510684 0.0
0.013489347 0.0 0.0 0.0 0.0 0.0 0.0 0.028116949 0.0 0.0 0.0 0.0 0.0 0.0 0.03557458 0.0 0.10426673 0.0 0.0 0.0 0.0 0.0 0.0 0.049331676 0.08199 0.0 0.0 0.0 0.11652664 0.0 0.0 0.016134577 0.0 0.0 0.12163177 0.10564657 0.006944974 0.0 0.0 0.0 0.0 0.034831323 0.0 0.016285392 0.02698052 0.0 0.0 0.0 0.0 0.015163878 0.0 0.0008561146 0.0060638674 0.0 0.0 0.1265615
0.0 0.0 0.0 0.0 0.0 0.14515214 0.006437559 0.0 0.0 0.0 0.0 0.0 0.0 0.15627357 0.0 0.0 0.0 0.0 0.0017230638 0.010078562 0.022095453 0.0 0.029408764 0.031855687 0.0 0.006218298 0.056915615 0.023473918 0.0 0.0 0.0 0.0 0.0 0.060701404 0.0 0.04612412 0.0049070944 0.0059093744 0.0 0.02994918 0.005429236 0.0 0.035393324 0.0 0.0 0.0 0.0 0.0 0.0 0.021184562 0.07689695 0.0 0.0 0.066522144 0.009629059 0.0
0.0 0.0 0.0 0.0 0.0 0.0 0.09574539 0.0 0.0 0.026235111 0.07590152 0.0 0.0 0.0 0.0 0.027090477 0.0 0.0017230639 0.0 0.10921239 0.0 0.0 0.0 0.017699506 0.0 0.0 0.0 0.0 0.09172423 0.04909641 0.0 0.0 0.0 0.0 0.035640176 0.07767385 0.012846491 0.015635742 0.08934376 0.0 0.0 0.0 0.0 0.0 0.0 0.0 0.0 0.0 0.02669724 0.021174286 0.0 0.0 0.0 0.0 0.0 0.0
0.0 0.0 0.0 0.044526327 0.021054665 0.0 0.0 0.0 0.22122775 0.0 0.0 0.0 0.0 0.120580636 0.0 0.0 0.0 0.010078562 0.10921238 0.022047235 0.0 0.0 0.0 0.0 0.0 0.0 0.0 0.053928636 0.0 0.0 0.0 0.061705727 0.0 0.0 0.0 0.0 0.0 0.00547005 0.0 0.0 0.08038638 0.013718537 0.041205782 0.0 0.0 0.0 0.010993677 0.0 0.0 0.0 0.0 0.0 0.03502219 0.080977656 0.0 0.0
0.02951416 0.0 0.0 0.0 0.0199535 0.0 0.0 0.03002969 0.0 0.0 0.0 0.0 0.0 0.0 0.0 0.0 0.0 0.022095453 0.0 0.0 0.0 0.0 0.0 0.028216703 0.0 0.0 0.06813222 0.0 0.0 0.0 0.0 0.007956132 0.0 0.0 0.057892945 0.0 0.19105926 0.02243753 0.004827611 0.0 0.04846651 0.0701116 0.0 0.0 0.026978774 0.0 0.019729242 0.0 0.0 0.0 0.0 0.0 0.0 0.1338259 0.0071352776 0.0
0.0 0.0049686786 0.0 0.034337968 0.0 0.0 0.0 0.0 0.0 0.0 0.019102167 0.0 0.09184726 0.0 0.0 0.0 0.0 0.0 0.0 0.0 0.0 0.0 0.0 0.0 0.0 0.0 0.107246734 0.0 0.0 0.0 0.0 0.0 0.0 0.0 0.0 0.016573308 0.0 0.05183498 0.0 0.18431766 0.08728097 0.0 0.11231787 0.0 0.0 0.018184887 0.022022828 0.0 0.0 0.0 0.025484813 0.009792815 0.0 0.056699235 0.0 0.0
0.0 0.0 0.0 0.13557065 0.0 0.0 0.0 0.0015220905 0.09748681 0.0 0.0 0.0 0.0 0.030974332 0.0 0.0 0.0 0.029408764 0.0 0.0 0.0 0.0 0.07460156 0.0 0.0 0.047937658 0.0 0.07031259 0.0 0.0 0.011903717 0.12576967 0.11736813 0.12284185 0.0 0.0 0.0 0.012413771 0.0 0.0 0.03422252 0.0 0.05962046 0.0 0.0 0.0077571822 0.0 0.0 0.09439314 0.0 0.05055131 0.0 0.050615653 0.0 0.031623572 0.0
0.0035705545 0.0 0.062927365 0.0 0.027471244 0.10016025 0.0 0.0068098526 0.0 0.0 0.0 0.06849646 0.0 0.0 0.0 0.0 0.049331676 0.031855687 0.017699506 0.0 0.028216701 0.0 0.0 0.0 0.07760575 0.022435999 0.0 0.0 0.0 0.1872477 0.05193593 0.0109939575 0.0 0.056507293 0.0 0.0 0.0 0.0 0.014358047 0.0 0.0 0.0 0.05082291 0.068569005 0.005108493 0.06268761 0.0 0.0 0.1450958 0.03573417 0.0 0.0 0.08995434 0.0 0.021642197 0.0
0.0 0.022050539 0.0 0.0 0.0 0.0 0.007895427 0.075779006 0.0 0.018291479 0.0 0.0 0.0 0.0 0.0 0.0 0.08199 0.0 0.0 0.0 0.0 0.0 0.0 0.07760575 0.0 0.0 0.026867775 0.0 0.103989385 0.0007605476 0.0 0.0 0.0 0.0 0.20089129 0.13262407 0.10648003 0.0 0.011807615 0.0 0.035659805 0.0 0.0 0.0 0.0011911079 0.0 0.0 0.0 0.0 0.0 0.0 0.0040409695 0.0 0.054004487 0.0 0.18694809
0.114283234 0.0 0.0 0.0 0.0 0.0 0.0 0.028532315 0.0 0.034042116 0.0 0.0 0.12810881 0.0 0.0 0.026049888 0.0 0.006218298 0.0 0.0 0.0 0.0 0.047937658 0.022435997 0.0 0.1311951 0.0 0.0 0.0 0.0 0.05006328 0.0 0.014206321 0.03524279 0.0 0.0 0.0 0.0 0.0046087126 0.0 0.011723511 0.0 0.0 0.0 0.085369885 0.0 0.021645099 0.09084883 0.0 0.031002697 0.088962555 0.039180905 0.0 0.0 0.0 0.0
0.0 0.055187564 0.0 0.08864862 0.0 0.004059196 0.044961993 0.0 0.051596902 0.0 0.0 0.014638241 0.0 0.0 0.0 0.0 0.0 0.056915615 0.0 0.0 0.06813222 0.10724674 0.0 0.0 0.026867775 0.0 0.03554623 0.054922827 0.0 0.0 0.0 0.0 0.03928971 0.0 0.0 0.0 0.0 0.043137405 0.049708143 0.0 0.035683766 0.0 0.0 0.0 0.002217911 0.0 0.04620101 0.0 0.031792022 0.0 0.0 0.0 0.14392644 0.0 0.0 0.0
0.023436917 0.0 0.0 0.0 0.006994196 0.0 0.011922576 0.0 0.0 0.1425612 0.0 0.024971053 0.026758173 0.0 0.0 0.11455861 0.0 0.023473918 0.0 0.053928636 0.0 0.0 0.0703126 0.0 0.0 0.0 0.054922827 0.0 0.0 0.0 0.015433572 0.0 0.0 0.0 0.016167743 0.0 0.0 0.10076476 0.0 0.0 0.0 0.0 0.00276629 0.0 0.094001204 0.011561406 0.03130471 0.024736373 0.0 0.0 0.053274505 0.0076302052 0.045151073 0.0 0.0232736 0.0
0.0 0.0 0.038216867 0.0 0.0 0.04441206 0.0 0.0 0.0 0.0 0.0 0.0 0.030409284 0.0 0.18507187 0.0 0.11652664 0.0 0.09172424 0.0 0.0 0.0 0.0 0.0 0.103989385 0.0 0.0 0.0 0.0043427222 0.0 0.0 0.0 0.0 0.0 0.0035884858 0.082667254 0.0 0.0 0.0 0.15480313 0.0 0.0 0.0 0.11486201 0.0 0.067156084 0.0 0.0 0.0 0.0 0.0 0.0 0.0063915476 0.0 0.0 0.01495024
0.12082949 0.0 0.0 0.0 0.0 0.0 0.0 0.03261805 0.0 0.0131583465 0.0 0.0 0.001682234 0.028437039 0.0 0.0 0.0 0.0 0.04909641 0.0 0.0 0.0 0.0 0.18724771 0.0007605476 0.0 0.0 0.0 0.0 0.0 0.0 0.0 0.0 0.0 0.050662052 0.13172297 0.09139162 0.0 0.0 0.0 0.0 0.0 0.0 0.0 0.0 0.0 0.0 0.0 0.0 0.0 0.0 0.030640315 0.0 0.006450507 0.0 0.0
0.036243238 0.0 0.0 0.0 0.0 0.0 0.22038424 0.014104322 0.0 0.0 0.0 0.0 0.0 0.17204674 0.0 0.0022731805 0.0 0.0 0.0 0.0 0.0 0.0 0.011903717 0.051935934 0.0 0.050063275 0.0 0.015433573 0.0 0.0 0.0 0.0 0.0031725734 0.03199004 0.0 0.0 0.038074132 0.064897805 0.0 0.0 0.011897207 0.012282838 0.0 0.0 0.0 0.0 0.0 0.0 0.0 0.023785342 0.060024243 0.0 0.0 0.029191654 0.04030826 0.0
0.0 0.0 0.0 0.0042685326 0.08261115 0.00446254 0.0039867978 0.007038253 0.0 0.09742639 0.0748567 0.023421898 0.0 0.0 0.025792886 0.0 0.016134577 0.0 0.0 0.061705727 0.007956132 0.0 0.12576969 0.010993957 0.0 0.0 0.0 0.0 0.0 0.0 0.0 0.019122086 0.16477402 0.0 0.0 0.0 0.019715432 0.02213465 0.033171136 0.0 0.0 0.0 0.0 0.0 0.0 0.0 0.0 0.073499545 0.0 0.011136561 0.0 0.0 0.0 0.0 0.0 0.0
0.0 0.0 0.0 0.0 0.0 0.0 0.0485055 0.093143895 0.0 0.0 0.0 0.0 0.032113552 0.044550445 0.0 0.012837817 0.0 0.0 0.0 0.0 0.0 0.0 0.11736814 0.0 0.0 0.014206322 0.039289705 0.0 0.0 0.0 0.0031725734 0.164774 0.049769815 0.0 0.0 0.0 0.0 0.01014364 0.0 0.0 0.0 0.031315546 0.0 0.033400275 0.0 0.0 0.0 0.0 0.07091216 0.0067894273 0.065299325 0.0 0.0 0.032336287 0.05156044 0.0
0.032733586 0.002336719 0.0 0.013221345 0.0 0.0 0.0 0.0031948786 0.0 0.0 0.015273541 0.025671607 0.044672143 0.07837916 0.061267715 0.0 0.0 0.060701404 0.0 0.0 0.0 0.0 0.12284185 0.056507293 0.0 0.035242792 0.0 0.0 0.0 0.0 0.03199004 0.0 0.0 0.0 0.006913336 0.039017014 0.0 0.0 0.0 0.021843968 0.0 0.0 0.0 0.0 0.0 0.07635615 0.016237378 0.07935502 0.0 0.0 0.03172173 0.053633682 0.0 0.0 0.022255087 0.0
0.0 0.01970824 0.05372297 0.0 0.0 0.0 0.0 0.0 0.0 0.0 0.0 0.11137585 0.024941586 0.0 0.0 0.0035653245 0.12163178 0.0 0.03564018 0.0 0.057892945 0.0 0.0 0.0 0.20089129 0.0 0.0 0.016167743 0.0035884858 0.050662052 0.0 0.0 0.0 0.0069133365 0.0 0.0 0.0 0.0 0.008815802 0.0 0.0 0.0 0.004627147 0.13716705 0.0 0.020045381 0.014946357 0.0 0.057209283 0.01169634 0.0 0.0 0.055967316 0.0 0.0 0.04826665
0.0 0.02243216 0.02273803 0.0 0.08050222 0.0 0.0 0.0 0.109706424 0.0 0.0 0.040079672 0.0 0.0 0.033024326 0.0 0.10564657 0.04612412 0.07767385 0.0 0.0 0.016573306 0.0 0.0 0.13262407 0.0 0.0 0.0 0.082667254 0.13172297 0.0 0.0 0.0 0.039017014 0.0 0.07070422 0.0 0.0 0.0 0.0 0.0 0.09640587 0.0042012404 0.025389237 0.0 0.0014135279 0.02139216 0.0 0.0 0.0 0.0 0.0 0.03442377 0.0 0.0 0.0
0.0 0.006475513 0.0 0.0 0.0 0.034485377 0.0 0.0 0.0 0.0 0.0036193505 0.0 0.0 0.0 0.0 0.010370343 0.0069449735 0.0049070944 0.012846491 0.0 0.19105925 0.0 0.0 0.0 0.10648003 0.0 0.0 0.0 0.0 0.09139162 0.038074132 0.019715432 0.0 0.0 0.0 0.0 0.0 0.072852686 0.0 0.0 0.0 0.0 0.024375768 0.06100068 0.0 0.0 0.016985374 0.0 0.013717866 0.0 0.04573124 0.0 0.21916848 0.0 0.072301775 0.0
0.0 0.0043396526 0.0 0.17763287 0.014859356 0.1248516 0.07477516 0.0 0.0 0.012660508 0.0 0.0 0.0 0.0 0.0 0.0867908 0.0 0.005909375 0.015635742 0.0054700496 0.022437528 0.05183498 0.012413771 0.0 0.0 0.0 0.043137405 0.10076476 0.0 0.0 0.064897805 0.022134652 0.0101436395 0.0 0.0 0.0 0.07285268 0.0 0.03951266 0.0 0.0 0.0 0.0 0.0 0.0 0.0 0.018164197 0.0 0.07370314 0.0 0.014523395 0.0 0.0043240245 0.0 0.045578994 0.0
0.03360439 0.047957215 0.0 0.0011663119 0.0 0.017327728 0.0 0.0 0.0 0.0 0.0 0.0 0.0 0.0 0.023997093 0.13824837 0.0 0.0 0.08934376 0.0 0.004827611 0.0 0.0 0.014358047 0.011807615 0.0046087126 0.04970814 0.0 0.0 0.0 0.0 0.033171136 0.0 0.0 0.008815802 0.0 0.0 0.03951266 0.2271303 0.0 0.0 0.0 0.0 0.0 0.0 0.056189474 0.0 0.0 0.0123001095 0.0 0.0 0.0051643928 0.01749828 0.0 0.0 0.0
0.0 0.0 0.11844 0.0 0.034242198 0.0 0.0 0.0 0.016867435 0.0 0.0 0.0345054 0.04354875 0.0 0.0 0.0 0.0 0.02994918 0.0 0.0 0.0 0.18431766 0.0 0.0 0.0 0.0 0.0 0.0 0.15480313 0.0 0.0 0.0 0.0 0.021843968 0.0 0.0 0.0 0.0 0.0 0.0 0.06852 0.113168284 0.0 0.0 0.0 0.0 0.1796858 0.023176996 0.0 0.0 0.0 0.0 0.0 0.0 0.0 0.02397307
0.0 0.05258393 0.10002304 0.051815398 0.015771423 0.0 0.0 0.0 0.0 0.0 0.0 0.07852739 0.086451665 0.0 0.030655969 0.04323089 0.0 0.005429236 0.0 0.080386385 0.04846651 0.087280974 0.03422252 0.0 0.035659805 0.011723511 0.035683762 0.0 0.0 0.0 0.011897207 0.0 0.0 0.0 0.0 0.0 0.0 0.0 0.0 0.06852 0.0 0.0 0.0 0.0 0.0 0.06981833 0.012107906 0.10271493 0.031472027 0.0 0.0 0.0 0.0 0.0 0.012447839 0.007329991
0.0 0.0 0.0 0.041423086 0.021924669 0.008505125 0.0 0.0 0.0 0.0 0.13632318 0.0 0.14170049 0.014773727 0.0524101 0.0 0.034831323 0.0 0.0 0.013718536 0.0701116 0.0 0.0 0.0 0.0 0.0 0.0 0.0 0.0 0.0 0.012282839 0.0 0.031315546 0.0 0.0 0.09640587 0.0 0.0 0.0 0.113168284 0.0 0.07692069 0.0 0.021645373 0.0 0.10437489 0.0 0.0050279135 0.0 0.0 0.0 0.0 0.0 0.0 0.0 0.0
0.00730062 0.0 0.0 0.0 0.0322403 0.0 0.0 0.0 0.028734753 0.072349094 0.031306215 0.06408072 0.0 0.027296394 0.008562396 0.0 0.0 0.035393324 0.0 0.041205782 0.0 0.11231787 0.05962046 0.05082291 0.0 0.0 0.0 0.0027662902 0.0 0.0 0.0 0.0 0.0 0.0 0.0046271468 0.0042012404 0.024375768 0.0 0.0 0.0 0.0 0.0 0.0 0.0 0.0 0.0 0.026587056 0.1626567 0.0 0.0 0.07886934 0.12699033 0.03562276 0.0 0.0 0.0
0.064434454 0.0 0.0 0.0 0.0 0.0 0.0 0.10630177 0.0 0.06057967 0.01873714 0.0 0.0 0.0 0.0 0.0 0.01628539 0.0 0.0 0.0 0.0 0.0 0.0 0.06856901 0.0 0.0 0.0 0.0 0.11486201 0.0 0.0 0.0 0.033400275 0.0 0.13716707 0.025389237 0.061000675 0.0 0.0 0.0 0.0 0.021645373 0.0 0.0 0.086884186 0.0 0.0 0.049695335 0.0 0.0 0.0 0.10385048 0.0 0.0 0.0 0.0
0.05894541 0.054581285 0.052703775 0.0 0.0 0.0 0.07886527 0.02939986 0.0 0.0 0.0 0.0 0.078385875 0.004452068 0.038833797 0.0 0.02698052 0.0 0.0 0.0 0.026978774 0.0 0.0 0.0051084924 0.0011911079 0.08536989 0.002217911 0.094001204 0.0 0.0 0.0 0.0 0.0 0.0 0.0 0.0 0.0 0.0 0.0 0.0 0.0 0.0 0.0 0.086884186 0.0 0.0 0.0 0.0 0.0 0.0 0.032740247 0.09468181 0.0 0.11955765 0.11517842 0.055375718
0.0 0.0 0.0 0.0 0.0 0.0 0.049685337 0.053953703 0.0 0.033390243 0.0 0.0 0.0 0.106774 0.0 0.0 0.0 0.0 0.0 0.0 0.0 0.018184887 0.0077571827 0.06268762 0.0 0.0 0.0 0.011561406 0.067156084 0.0 0.0 0.0 0.0 0.07635615 0.020045381 0.001413528 0.0 0.0 0.056189474 0.0 0.06981833 0.10437489 0.0 0.0 0.0 0.0 0.031195072 0.0 0.0 0.113889486 0.0 0.0 0.038468894 0.072766855 0.0 0.0
0.0 0.027265603 0.0 0.0038649344 0.018509543 0.037118163 0.05799826 0.0 0.0 0.0 0.102277204 0.0 0.116625234 0.0 0.0 0.025067706 0.0 0.0 0.0 0.010993678 0.01972924 0.022022828 0.0 0.0 0.0 0.021645099 0.046201006 0.03130471 0.0 0.0 0.0 0.0 0.0 0.01623738 0.014946357 0.021392157 0.016985374 0.018164197 0.0 0.1796858 0.012107907 0.0 0.026587056 0.0 0.0 0.031195074 0.0099163335 0.012639613 0.0 0.0 0.0 0.0 0.0 0.0 0.0 0.102590226
0.0 0.0 0.0 0.0010134814 0.0 0.0 0.0 0.0 0.0 0.0 0.0 0.0 0.017255053 0.071017556 0.0 0.0 0.0 0.0 0.0 0.0 0.0 0.0 0.0 0.0 0.0 0.09084883 0.0 0.024736373 0.0 0.0 0.0 0.073499545 0.0 0.079355024 0.0 0.0 0.0 0.0 0.0 0.023176996 0.10271493 0.0050279135 0.16265671 0.049695335 0.0 0.0 0.012639613 0.0 0.0 0.0 0.031267837 0.0 0.0 0.089058705 0.107513174 0.010198977
0.0 0.0 0.0 0.0 0.0 0.0 0.0 0.049160782 0.0 0.030828806 0.0 0.0 0.0 0.06906189 0.0038032488 0.012758759 0.0 0.0 0.02669724 0.0 0.0 0.0 0.09439314 0.14509581 0.0 0.0 0.031792022 0.0 0.0 0.0 0.0 0.0 0.07091216 0.0 0.057209283 0.0 0.013717866 0.07370314 0.0123001095 0.0 0.031472027 0.0 0.0 0.0 0.0 0.0 0.0 0.0 0.0 0.0 0.075648434 0.097490594 0.0 0.029937452 0.024594782 0.0
0.0 0.16100475 0.0 0.0 0.0 0.0049282345 0.0 0.041887917 0.0 0.026176866 0.07587662 0.0 0.0 0.0 0.038316507 0.07875772 0.015163878 0.02118456 0.021174287 0.0 0.0 0.0 0.0 0.035734173 0.0 0.031002697 0.0 0.0 0.0 0.0 0.023785343 0.011136561 0.0067894273 0.0 0.01169634 0.0 0.0 0.0 0.0 0.0 0.0 0.0 0.0 0.0 0.0 0.11388949 0.0 0.0 0.0 0.0 0.032507256 0.017697647 0.0 0.0 0.03386056 0.0
0.0 0.0 0.0 0.043349713 0.0 0.0 0.0 0.02764294 0.003269657 0.020632053 0.0 0.0 0.0 0.025041023 0.0 0.0 0.0 0.07689695 0.0 0.0 0.0 0.025484813 0.050551306 0.0 0.0 0.088962555 0.0 0.0532745 0.0 0.0 0.060024243 0.0 0.065299325 0.03172173 0.0 0.0 0.04573124 0.014523394 0.0 0.0 0.0 0.0 0.07886935 0.0 0.032740247 0.0 0.0 0.031267833 0.075648434 0.03250726 0.17325394 0.0 0.0 0.0 0.075598665 0.0
0.09146847 0.041728802 0.0 0.0 0.0 0.0403372 0.0 0.019294325 0.0 0.0 0.0 0.0 0.0 0.0 0.0 0.009541638 0.0008561146 0.0 0.0 0.0 0.0 0.009792815 0.0 0.0 0.0040409695 0.039180905 0.0 0.0076302052 0.0 0.030640317 0.0 0.0 0.0 0.053633682 0.0 0.0 0.0 0.0 0.0051643928 0.0 0.0 0.0 0.12699035 0.10385048 0.09468181 0.0 0.0 0.0 0.097490594 0.017697645 0.0 0.0 0.0 0.010955493 0.05146678 0.0
0.058322955 0.0 0.0 0.0 0.0 0.0 0.0 0.04830698 0.0 0.051181283 0.018319648 0.0 0.0 0.022791382 0.0 0.0 0.0060638674 0.0 0.0 0.035022188 0.0 0.0 0.05061565 0.08995434 0.0 0.0 0.14392644 0.045151073 0.0063915476 0.0 0.0 0.0 0.0 0.0 0.055967316 0.034423765 0.21916848 0.004324025 0.01749828 0.0 0.0 0.0 0.035622757 0.0 0.0 0.038468897 0.0 0.0 0.0 0.0 0.0 0.0 0.0 0.0 0.0 0.0
0.0 0.0 0.024748625 0.0 0.0 0.012518928 0.0 0.0 0.0 0.065731354 0.0 0.07146853 0.0 0.0 0.110422045 0.035296157 0.0 0.066522144 0.0 0.08097765 0.1338259 0.056699235 0.0 0.0 0.054004483 0.0 0.0 0.0 0.0 0.0064505064 0.029191652 0.0 0.032336287 0.0 0.0 0.0 0.0 0.0 0.0 0.0 0.0 0.0 0.0 0.0 0.11955764 0.072766855 0.0 0.0890587 0.02993745 0.0 0.0 0.010955493 0.0 0.0 0.0 0.0
0.10958442 0.0 0.0 0.0 0.0 0.006566872 0.0 0.015893728 0.0 0.121486075 0.039777443 0.0 0.0 0.0 0.0 0.062510684 0.0 0.009629059 0.0 0.0 0.0071352776 0.0 0.03162357 0.021642197 0.0 0.0 0.0 0.023273598 0.0 0.0 0.04030826 0.0 0.051560435 0.022255087 0.0 0.0 0.07230178 0.045578994 0.0 0.0 0.012447839 0.0 0.0 0.0 0.11517842 0.0 0.0 0.107513174 0.024594782 0.03386056 0.075598665 0.05146678 0.0 0.0 0.0 0.0
0.0 0.0 0.14882599 0.0 0.0 0.0 0.0 0.0 0.0 0.0 0.0 0.053468 0.0 0.0 0.089695275 0.0 0.12656148 0.0 0.0 0.0 0.0 0.0 0.0 0.0 0.18694809 0.0 0.0 0.0 0.01495024 0.0 0.0 0.0 0.0 0.0 0.048266646 0.0 0.0 0.0 0.0 0.02397307 0.0073299916 0.0 0.0 0.0 0.055375718 0.0 0.10259022 0.010198977 0.0 0.0 0.0 0.0 0.0 0.0 0.0 0.12725072
