0.0 0.08085807 0.0 0.039555997 0.007651663 0.013628106 0.02600097 0.023880385 0.027167998 0.0 0.052912522 0.0 0.023362167 0.03944568 0.0 0.0 0.0 0.0 0.0 0.0 0.003334959 0.006321074 0.054360162 0.02027673 0.0 0.0737585 0.008521744 0.013224596 0.0 0.0 0.13235173 0.0 0.031614803 0.0 0.0 0.0 0.09612688 0.017633324 0.0 0.17749023 0.0 0.076997794 0.0049486975 0.0 0.0 0.07854818 0.0 0.0 0.0 0.0 0.011066719 0.0 0.0 0.0 0.03807722 0.0
0.08085807 0.0 0.0 0.0 0.0 0.0 0.0 0.13147783 0.0 0.0 0.017432159 0.0 0.0 0.008349371 0.0 0.09579622 0.0 0.0 0.0 0.0 0.02814212 0.0 0.0 0.071976416 0.056343712 0.0 0.0 0.010875569 0.0 0.017734015 0.0 0.0 0.07850846 0.012968117 0.058726445 0.051764388 0.0036560958 0.0 0.0 0.0 0.0 0.0 0.0 0.0 0.029950393 0.0 0.0 0.0 0.06560326 0.11634187 0.0 0.011867334 0.050117727 0.0 0.0 0.0
0.0 0.0 0.061315175 0.0038581758 0.0 0.0 0.0 0.010346347 0.0122125605 0.026820555 0.0 0.0 0.028782517 0.03374232 0.0 0.0 0.014621275 0.119867876 0.002044132 0.0 0.03146122 0.01667676 0.0 0.0 0.0 0.0 0.0 0.0072055734 0.0 0.07320527 0.0 0.0 0.0 0.0 0.0097341165 0.067162655 0.0 0.007849915 0.0 0.0 0.09280789 0.0 0.0 0.05262192 0.0 0.010565404 0.026724244 0.0 0.06395657 0.0 0.0 0.07142784 0.036648087 0.0 0.0 0.0
0.039555997 0.0 0.0038581758 0.0 0.0 0.0064756125 0.0 0.0 0.0 0.076593556 0.04305902 0.013828108 0.0 0.0 0.017255511 0.0 0.06667107 0.029981341 0.0 0.029551793 0.06748459 0.011523063 0.0 0.022663103 0.046248253 0.04370874 0.018019449 0.0 0.0 0.0 0.0 0.0 0.0 0.0 0.0 0.0 0.011890295 0.046668954 0.0 0.0 0.061608404 0.02138822 0.013511453 0.0 0.02956661 0.0 0.0 0.0 0.16674511 0.0 0.0 0.0 0.0 0.0 0.0 0.0
0.0076516625 0.0 0.0 0.0 0.0 0.0 0.0 0.06403837 0.0 0.0 0.0 0.0 0.0 0.008148368 0.056215387 0.0 0.020563291 0.07290921 0.0 0.0 0.0 0.0 0.0 0.0 0.14215748 0.0 0.0 0.014932131 0.32857955 0.094566956 0.0 0.0 0.0 0.0 0.0 0.0 0.0 0.0 0.0 0.0 0.0004925898 0.0 0.0 0.028622808 0.0 0.0 0.0 0.0 0.0 0.1495845 0.0 0.0 0.056270268 0.0 0.0 0.0
0.013628106 0.0 0.0 0.0064756125 0.0 0.0 0.0 0.0 0.0 0.0 0.0 0.15539917 0.09228656 0.0 0.0 0.04665398 0.0069049406 0.0 0.0 0.07528543 0.0 0.0 0.010524532 0.0 0.0 0.0356449 0.037676167 0.0 0.024754928 0.03247364 0.0 0.05524828 0.014591057 0.06090935 0.021072336 0.08223167 0.0 0.0026463268 0.043332145 0.0 0.0 0.0 0.05027755 0.0 0.0 0.010616631 0.0 0.0 0.01567908 0.0 0.0 0.0039803395 0.0 0.0 0.0 0.0
0.026000967 0.0 0.0 0.0 0.0 0.0 0.0 0.0 0.04220849 0.0 0.019772789 0.0 0.0 0.13360512 0.0 0.16910532 0.0 0.0 0.046126466 0.0 0.0 0.0 0.0743042 0.0 0.0 0.0108895395 0.0 0.10554954 0.0 0.0 0.011729125 0.0 0.0 0.0 0.0 0.0 0.0 0.0041932436 0.0 0.0 0.007704633 0.0 0.0 0.0 0.0 0.0 0.0 0.0009783846 0.0 0.0035759772 0.13419223 0.037119202 0.0 0.010773596 0.057063248 0.0
0.023880387 0.13147783 0.010346346 0.0 0.06403837 0.0 0.0 0.0 0.04875372 0.0 0.010079992 0.0 0.046927094 0.0 0.06402991 0.0 0.0 0.0 0.0 0.0 0.0 0.0 0.005652296 0.0 0.0 0.0 0.0 0.0 0.0 0.0024435066 0.0705202 0.0 0.0 0.0 0.07067493 0.0 0.027485233 0.03352406 0.0 0.0410457 0.0 0.0 0.0 0.0 0.0 0.13751748 0.0 0.14002271 0.0 0.0 0.0 0.023971105 0.0 0.0 0.024257563 0.0
0.027167998 0.0 0.012212561 0.0 0.0 0.0 0.04220849 0.04875372 0.0 0.0 0.068655826 0.0 0.0 0.0 0.044992484 0.0 0.0 0.20048456 0.0 0.018148728 0.06978457 0.0 0.0 0.0 0.06820638 0.0 0.0 0.0 0.0 0.0 0.0 0.059000906 0.0 0.13297492 0.029000446 0.06617329 0.021082731 0.0 0.0 0.0 0.0 0.0 0.0561705 0.02960901 0.035802998 0.0 0.039437197 0.0 0.0 0.048678193 0.0 0.0 0.0 0.0 0.0 0.0
0.0 0.0 0.026820555 0.076593556 0.0 0.0 0.0 0.0 0.0 0.0 0.05530868 0.005161119 0.0 0.0 0.13761173 0.058698393 0.0 0.0 0.0 0.0 0.0 0.0 0.018501967 0.109653726 0.032221664 0.02521665 0.0 0.0 0.0 0.051812146 0.06680375 0.06462767 0.010048314 0.0 0.0 0.0022639746 0.0025783735 0.047321424 0.0 0.0 0.0 0.006907178 0.0 0.0 0.0 0.012579057 0.0 0.06457153 0.021849485 0.0 0.03778919 0.050376654 0.0 0.0 0.028089415 0.0
0.052912526 0.01743216 0.0 0.043059018 0.0 0.0 0.01977279 0.010079992 0.068655826 0.05530868 0.06754861 0.0 0.039565537 0.037277624 0.0 0.02775293 0.0 0.0026519408 0.0 0.051824104 0.0 0.0 0.0 0.0 0.09237258 0.0 0.09252543 0.0 0.0 0.0 0.00044848886 0.036689647 0.0 0.0 0.0 0.07457469 0.0 0.0 0.0 0.087910876 0.0 0.0 0.036726493 0.0 0.0 0.036980323 0.0 0.0 0.0 0.0 0.0 0.010073129 0.0 0.0 0.050982222 0.0
0.0 0.0 0.0 0.013828108 0.0 0.15539917 0.0 0.0 0.0 0.0051611187 0.0 0.16985914 0.016937446 0.0 0.0 0.103880465 0.018976457 0.0 0.05800671 0.015257801 0.099252716 0.07186434 0.0 0.0 0.0 0.0 0.027219582 0.085563555 0.0 0.0 0.0 0.0 0.023911951 0.0 0.0 0.0 0.0 0.0 0.0 0.0 0.01481894 0.0 0.008671747 0.0 0.0 0.051408652 0.0 0.0 0.0035942819 0.0 0.0 0.0 0.0 0.0 0.0 0.0
0.023362167 0.0 0.028782517 0.0 0.0 0.092286564 0.0 0.04692709 0.0 0.0 0.039565537 0.016937446 0.0 0.0 0.105044216 0.0 0.0 0.027314877 0.0 0.01826141 0.0 0.0 0.07635515 0.0 0.0 0.0 0.008557128 0.0 0.0 0.0 0.002699156 0.0 0.0 0.010528023 0.0 0.0 0.0 0.018640786 0.039172985 0.0 0.0 0.0 0.0 0.07533118 0.0 0.0 0.0 0.043126605 0.0 0.033287536 0.20109011 0.0 0.10078 0.0 0.0039759884 0.0
0.03944568 0.008349371 0.03374232 0.0 0.008148368 0.0 0.13360512 0.0 0.0 0.0 0.037277624 0.0 0.0 0.0 0.0 0.0 0.0 0.0 0.0 0.0 0.016313892 0.0 0.0 0.0 0.0 0.0 0.0 0.045795057 0.0 0.0 0.19228601 0.0 0.0066005294 0.0 0.04564649 0.0 0.13361321 0.0 0.013632522 0.0 0.0 0.05156792 0.05384342 0.0 0.08117862 0.0 0.0 0.150268 0.0 0.0 0.0 0.0 0.0 0.0 0.0 0.0052398173
0.0 0.0 0.0 0.017255511 0.056215387 0.0 0.0 0.06402991 0.044992484 0.13761172 0.0 0.0 0.105044216 0.0 0.0 0.0 0.0 0.04285584 0.019994024 0.0 0.023220526 0.0 0.0 0.044129666 0.0 0.0 0.0 0.0 0.0 0.04045115 0.0 0.011994942 0.0 0.0 0.038847845 0.008379829 0.0 0.074149184 0.0 0.12327331 0.0 0.0 0.0 0.0 0.0 0.0 0.0 0.0 0.0 0.0 0.0 0.0 0.0 0.0 0.0 0.0
0.0 0.09579621 0.0 0.0 0.0 0.046653975 0.16910532 0.0 0.0 0.058698393 0.027752928 0.10388047 0.0 0.0 0.0 0.0 0.07635396 0.0 0.0 0.021657769 0.0 0.0 0.0 0.0 0.009191634 0.10513345 0.011079884 0.0 0.007853454 0.0 0.0 0.0 0.0 0.0059958016 0.0 0.0 0.04600958 0.0 0.057289775 0.0 0.0 0.0 0.03154935 0.0 0.0 0.0 0.0 0.022897335 0.0 0.0 0.0 0.0 0.0 0.0 0.0 0.014825465
0.0 0.0 0.014621275 0.06667107 0.020563291 0.00690494 0.0 0.0 0.0 0.0 0.0 0.018976457 0.0 0.0 0.0 0.07635396 0.0 0.0 0.0 0.0 0.14509034 0.02780204 0.0 0.0 0.0 0.0 0.14421462 0.08910932 0.0 0.0 0.07107674 0.0 0.04141406 0.0 0.0 0.0 0.0 0.013089685 0.0 0.0 0.019267175 0.0 0.0 0.005434351 0.06992382 0.04432777 0.0 0.0 0.12452347 0.012998444 0.017010616 0.0 0.0 0.0035337408 0.0 0.0
0.0 0.0 0.119867876 0.02998134 0.07290922 0.0 0.0 0.0 0.20048456 0.0 0.0026519408 0.0 0.027314875 0.0 0.042855836 0.0 0.0 0.07082399 0.0 0.0 0.019710235 0.0 0.0 0.0 0.059288792 0.0 0.0 0.0 0.0 0.03495534 0.0 0.021517172 0.0 0.0 0.0 0.012951878 0.0 0.0 0.0 0.048389077 0.0 0.0 0.046902593 0.0 0.0 0.071498804 0.0 0.0 0.0 0.0 0.0 0.0 0.0 0.0 0.0 0.0
0.0 0.0 0.002044132 0.0 0.0 0.0 0.046126463 0.0 0.0 0.0 0.0 0.058006715 0.0 0.0 0.019994024 0.0 0.0 0.0 0.12091509 0.10084498 0.04246086 0.0 0.0 0.0 0.035063423 0.0 0.0 0.014906615 0.11359153 0.0076168478 0.0 0.033379726 0.0 0.08517104 0.017707475 0.13753906 0.0 0.0 0.0 0.031076293 0.0 0.0 0.0 0.0 0.0 0.0 0.0 0.0 0.0010655944 0.01925201 0.0 0.0 0.0 0.0 0.0 0.02170785
0.0 0.0 0.0 0.029551791 0.0 0.07528543 0.0 0.0 0.018148728 0.0 0.0518241 0.015257801 0.01826141 0.0 0.0 0.02165777 0.0 0.0 0.10084498 0.009710379 0.0 0.0 0.0 0.0 0.0 0.047135837 0.13862611 0.006071433 0.0 0.0 0.0 0.0 0.0 0.0 0.0 0.0022305793 0.012636101 0.23068565 0.0 0.0 0.0 0.0 0.014752403 0.0 0.0 0.052978896 0.0 0.0053121187 0.0062729623 0.0 0.0 0.0106486175 0.0 0.0 0.07064558 0.0
0.003334959 0.028142123 0.03146122 0.06748459 0.0 0.0 0.0 0.0 0.06978457 0.0 0.0 0.099252716 0.0 0.016313892 0.023220524 0.0 0.14509036 0.019710233 0.042460855 0.0 0.0 0.0 0.0 0.0004342335 0.030913662 0.0 0.0 0.0 0.051640976 0.03928986 0.0 0.058560837 0.0 0.0 0.0 0.07228729 0.0 0.0 0.0068328446 0.0064331684 0.21049935 0.0 0.0 0.044635497 0.0 0.006330839 0.0 0.0 0.0017782847 0.0 0.0 0.0 0.03254074 0.0 0.0 0.0
0.006321074 0.0 0.016676761 0.011523063 0.0 0.0 0.0 0.0 0.0 0.0 0.0 0.071864344 0.0 0.0 0.0 0.0 0.027802039 0.0 0.0 0.0 0.0 0.13274759 0.1232608 0.0 0.0 0.0 0.16672412 0.0 0.0 0.035550248 0.04955972 0.0 0.055991404 0.0 0.0 0.0 0.0 0.0 0.0 0.0 0.0 0.0 0.0 0.0 0.009012936 0.0 0.0 0.11166882 0.10654075 0.004981775 0.024941212 0.0 0.0 0.0 0.002173104 0.008961373
0.05436016 0.0 0.0 0.0 0.0 0.010524533 0.07430419 0.005652296 0.0 0.018501967 0.0 0.0 0.076355144 0.0 0.0 0.0 0.0 0.0 0.0 0.0 0.0 0.1232608 0.0 0.013804961 0.0010177429 0.04096734 0.047287878 0.0 0.0 0.0 0.0 0.0 0.032076076 0.0 0.1698626 0.0 0.12261358 0.0 0.18850107 0.0 0.0 0.004305144 0.075670175 0.0 0.009193773 0.0 0.0 0.0073473374 0.0 0.0 0.0 0.04383242 0.0 0.0 0.04489259 0.071884304
0.02027673 0.071976416 0.0 0.022663103 0.0 0.0 0.0 0.0 0.0 0.109653726 0.0 0.0 0.0 0.0 0.04412967 0.0 0.0 0.0 0.0 0.0 0.0004342335 0.0 0.013804961 0.0 0.0293208 0.0 0.013073924 0.0 0.0 0.08454291 0.07273235 0.012749389 0.042769402 0.0 0.0 0.0 0.0070403083 0.0 0.07974595 0.0 0.0 0.0 0.0 0.0 0.2635129 0.06030877 0.0 0.028245263 0.0 0.0 0.0 0.0 0.0 0.0 0.025569 0.0
0.0 0.056343712 0.0 0.046248253 0.14215748 0.0 0.0 0.0 0.068206385 0.032221664 0.09237258 0.0 0.0 0.0 0.0 0.009191634 0.0 0.059288792 0.03506342 0.0 0.030913662 0.0 0.0010177429 0.029320799 0.0 0.0 0.0 0.0 0.0 0.09104802 0.013657686 0.0 0.0 0.0 0.0 0.07670697 0.0 0.109159656 0.0 0.0 0.0 0.0 0.0 0.0 0.0 0.038101293 0.12511338 0.0 0.04307788 0.0 0.019396724 0.0 0.0024706752 0.004068341 0.0 0.0
0.0737585 0.0 0.0 0.04370874 0.0 0.035644896 0.010889539 0.0 0.0 0.02521665 0.0 0.0 0.0 0.0 0.0 0.10513346 0.0 0.0 0.0 0.047135837 0.0 0.0 0.040967345 0.0 0.0 0.0023350723 0.0 0.0 0.0 0.0 0.09634519 0.0 0.068020664 0.0 0.005282474 0.0 0.14957488 0.0017907656 0.048632834 0.0 0.0 0.0 0.016623272 0.0 0.11337611 0.0 0.0 0.10139806 0.0 0.0 0.0 0.023509111 0.0 0.0 0.056116767 0.0
0.008521743 0.0 0.0 0.018019447 0.0 0.037676167 0.0 0.0 0.0 0.0 0.09252543 0.027219582 0.008557129 0.0 0.0 0.011079884 0.1442146 0.0 0.0 0.1386261 0.0 0.16672412 0.047287878 0.013073924 0.0 0.0 0.015193871 0.0 0.0 0.0 0.0 0.0 0.035676483 0.0 0.0 0.0 0.0 0.0791817 0.0 0.0 0.0 0.0 0.0 0.0 0.0 0.05921185 0.0 0.021632394 0.0 0.0 0.0 0.0 0.0 0.0 0.0 0.0
0.013224597 0.010875569 0.0072055734 0.0 0.014932131 0.0 0.10554954 0.0 0.0 0.0 0.0 0.085563555 0.0 0.045795057 0.0 0.0 0.08910932 0.0 0.014906615 0.006071433 0.0 0.0 0.0 0.0 0.0 0.0 0.0 0.0 0.0 0.0 0.0051247687 0.02057762 0.0 0.0 0.0 0.0 0.0 0.005587166 0.031284723 0.023242353 0.0 0.15852177 0.17911391 0.032146975 0.0400942 0.0 0.0 0.0 0.0 0.0 0.0 0.0 0.013500409 0.0 0.0 0.05327375
0.0 0.0 0.0 0.0 0.32857955 0.024754928 0.0 0.0 0.0 0.0 0.0 0.0 0.0 0.0 0.0 0.007853454 0.0 0.0 0.11359153 0.0 0.051640976 0.0 0.0 0.0 0.0 0.0 0.0 0.0 0.0 0.0 0.11559867 0.0 0.0 0.0 0.0 0.0 0.0 0.0 0.0 0.0 0.0 0.0 0.0 0.0 0.029751496 0.008183274 0.0 0.0 0.0 0.037769858 0.056716464 0.104815334 0.0 0.0 0.0 0.0
0.0 0.017734015 0.07320527 0.0 0.094566956 0.03247364 0.0 0.0024435066 0.0 0.051812146 0.0 0.0 0.0 0.0 0.04045115 0.0 0.0 0.034955345 0.0076168473 0.0 0.03928986 0.035550248 0.0 0.08454291 0.09104802 0.0 0.0 0.0 0.0 0.22734207 0.0 0.0 0.017321272 0.0073388186 0.0 0.0 0.0 0.011010301 0.0 0.0 0.0 0.0 0.0 0.0 0.0 0.035731748 0.0 0.0 0.07028478 0.040279176 0.0 0.0 0.007708752 0.0 0.0 0.0
0.13235173 0.0 0.0 0.0 0.0 0.0 0.011729125 0.0705202 0.0 0.06680376 0.00044848886 0.0 0.002699156 0.19228601 0.0 0.0 0.07107674 0.0 0.0 0.0 0.0 0.04955972 0.0 0.07273235 0.013657685 0.0963452 0.0 0.0051247687 0.11559867 0.0 0.0 0.0 0.0 0.0 0.0 0.0 0.0 0.0 0.0 0.0 0.019063586 0.0 0.061004605 0.0 0.0 0.0 0.0 0.0 0.0 0.0 0.0 0.006359147 0.0 0.0 0.00093928 0.024953427
0.0 0.0 0.0 0.0 0.0 0.05524828 0.0 0.0 0.059000902 0.06462767 0.036689647 0.0 0.0 0.0 0.011994943 0.0 0.0 0.021517174 0.033379726 0.0 0.058560837 0.0 0.0 0.012749389 0.0 0.0 0.0 0.02057762 0.0 0.0 0.0 0.11798327 0.0 0.092976294 0.0 0.14692084 0.0 0.015827088 0.0 0.058445852 0.0 0.0 0.04435756 0.0 0.0 0.0 0.008929047 0.0 0.0056682876 0.05718089 0.0 0.0 0.0 0.0 0.0 0.0
0.031614803 0.07850846 0.0 0.0 0.0 0.014591056 0.0 0.0 0.0 0.010048313 0.0 0.023911953 0.0 0.0066005294 0.0 0.0 0.04141406 0.0 0.0 0.0 0.0 0.0559914 0.032076076 0.042769402 0.0 0.068020664 0.03567648 0.0 0.0 0.017321274 0.0 0.0 0.075781345 0.0 0.0020948274 0.012142454 0.0 0.0031985387 0.022465447 0.0 0.12581415 0.0 0.0 0.0 0.0 0.007917651 0.0 0.0 0.009455545 0.0 0.03750321 0.046882235 0.0 0.0 0.10403856 0.0
0.0 0.012968116 0.0 0.0 0.0 0.06090935 0.0 0.0 0.13297492 0.0 0.0 0.0 0.010528023 0.0 0.0 0.0059958016 0.0 0.0 0.08517104 0.0 0.0 0.0 0.0 0.0 0.0 0.0 0.0 0.0 0.0 0.007338818 0.0 0.092976294 0.0 0.0 0.0 0.0 0.0 0.016642053 0.0 0.0 0.0 0.10859824 0.0 0.0 0.0 0.052363243 0.05365129 0.0 0.02200388 0.072886154 0.0 0.0 0.0 0.0 0.048736412 0.0
0.0 0.058726445 0.0097341165 0.0 0.0 0.021072336 0.0 0.070674926 0.029000446 0.0 0.0 0.0 0.0 0.04564649 0.038847845 0.0 0.0 0.0 0.017707475 0.0 0.0 0.0 0.16986258 0.0 0.0 0.005282474 0.0 0.0 0.0 0.0 0.0 0.0 0.0020948274 0.0 0.13579638 0.0 0.075861916 0.0 0.0 0.019801142 0.0 0.0 0.0 0.0 0.0 0.02625158 0.0 0.03742061 0.0 0.0 0.0036520204 0.08971583 0.0 0.057543714 0.09937663 0.0
0.0 0.051764384 0.067162655 0.0 0.0 0.08223167 0.0 0.0 0.06617329 0.0022639746 0.07457469 0.0 0.0 0.0 0.008379829 0.0 0.0 0.012951879 0.13753906 0.0022305793 0.07228729 0.0 0.0 0.0 0.076706976 0.0 0.0 0.0 0.0 0.0 0.0 0.14692084 0.012142453 0.0 0.0 0.038094614 0.0 0.0 0.0 0.0 0.0 0.0 0.0015313631 0.027565746 0.0 0.006883878 0.06872991 0.0 0.0 0.049119044 0.017921051 0.0 0.0 0.0 0.0 0.0
0.09612688 0.0036560956 0.0 0.011890294 0.0 0.0 0.0 0.027485231 0.021082731 0.0025783735 0.0 0.0 0.0 0.13361321 0.0 0.046009585 0.0 0.0 0.0 0.012636101 0.0 0.0 0.12261358 0.0070403083 0.0 0.14957488 0.0 0.0 0.0 0.0 0.0 0.0 0.0 0.0 0.07586192 0.0 0.0 0.0 0.0 0.0135268485 0.0 0.0 0.0 0.0 0.0 0.0 0.0 0.0 0.0 0.0 0.025205845 0.16356452 0.0 0.010476135 0.012961938 0.0
0.017633323 0.0 0.007849915 0.046668958 0.0 0.0026463268 0.004193243 0.033524062 0.0 0.047321428 0.0 0.0 0.018640785 0.0 0.07414919 0.0 0.013089686 0.0 0.0 0.23068565 0.0 0.0 0.0 0.0 0.10915966 0.0017907656 0.0791817 0.005587166 0.0 0.011010301 0.0 0.015827088 0.0031985384 0.016642053 0.0 0.0 0.0 0.22997484 0.0 0.0 0.0 0.0 0.0 0.0 0.0 0.0 0.0 0.004146767 0.0 0.0 0.01945245 0.0 0.017676612 0.0 0.0 0.0
0.0 0.0 0.0 0.0 0.0 0.04333215 0.0 0.0 0.0 0.0 0.0 0.0 0.039172985 0.013632522 0.0 0.057289775 0.0 0.0 0.0 0.0 0.006832845 0.0 0.18850106 0.07974595 0.0 0.04863283 0.0 0.03128472 0.0 0.0 0.0 0.0 0.022465447 0.0 0.0 0.0 0.0 0.0 0.019868601 0.037694596 0.04640858 0.0 0.0 0.0 0.0 0.008721263 0.0 0.014219594 0.0 0.0 0.0904178 0.0037170846 0.0 0.02700527 0.13416375 0.00972331
0.17749025 0.0 0.0 0.0 0.0 0.0 0.0 0.0410457 0.0 0.0 0.087910876 0.0 0.0 0.0 0.12327331 0.0 0.0 0.048389077 0.031076293 0.0 0.006433168 0.0 0.0 0.0 0.0 0.0 0.0 0.023242354 0.0 0.0 0.0 0.058445852 0.0 0.0 0.01980114 0.0 0.0135268485 0.0 0.0376946 0.0 0.0 0.140058 0.0 0.054464545 0.02352535 0.0 0.015830858 0.054361988 0.0024686358 0.0 0.0 0.010006469 0.040982965 0.0 0.037697226 0.0
0.0 0.0 0.09280789 0.061608404 0.0004925898 0.0 0.0077046333 0.0 0.0 0.0 0.0 0.01481894 0.0 0.0 0.0 0.0 0.019267173 0.0 0.0 0.0 0.21049935 0.0 0.0 0.0 0.0 0.0 0.0 0.0 0.0 0.0 0.019063588 0.0 0.12581415 0.0 0.0 0.0 0.0 0.0 0.04640858 0.0 0.0 0.033231046 0.0 0.07625792 0.094694816 0.0 0.07929018 0.09035498 0.016571702 0.02681453 0.0 0.0 0.05694524 0.008008883 0.0 0.0
0.0769978 0.0 0.0 0.021388218 0.0 0.0 0.0 0.0 0.0 0.006907178 0.0 0.0 0.0 0.051567923 0.0 0.0 0.0 0.0 0.0 0.0 0.0 0.0 0.004305144 0.0 0.0 0.0 0.0 0.15852177 0.0 0.0 0.0 0.0 0.0 0.10859824 0.0 0.0 0.0 0.0 0.0 0.140058 0.033231046 0.0 0.0 0.02977347 0.0 0.0 0.0 0.0 0.018950501 0.037988696 0.048794255 0.032861132 0.0 0.112983264 0.0040891697 0.0
0.0049486975 0.0 0.0 0.013511453 0.0 0.050277553 0.0 0.0 0.0561705 0.0 0.03672649 0.008671747 0.0 0.05384342 0.0 0.03154935 0.0 0.046902593 0.0 0.014752403 0.0 0.0 0.075670175 0.0 0.0 0.016623272 0.0 0.17911391 0.0 0.0 0.061004605 0.044357564 0.0 0.0 0.0 0.0015313631 0.0 0.0 0.0 0.0 0.0 0.0 0.0 0.016589105 0.0 0.0 0.0 0.02117095 0.0 0.012573622 0.14698832 0.0008502733 0.0 0.0 0.05881766 0.0
0.0 0.0 0.05262192 0.0 0.028622806 0.0 0.0 0.0 0.029609008 0.0 0.0 0.0 0.07533119 0.0 0.0 0.0 0.0054343515 0.0 0.0 0.0 0.044635493 0.0 0.0 0.0 0.0 0.0 0.0 0.03214697 0.0 0.0 0.0 0.0 0.0 0.0 0.0 0.027565746 0.0 0.0 0.0 0.054464545 0.07625792 0.02977347 0.016589105 0.029031765 0.0 0.0 0.12873198 0.0 0.0 0.005094495 0.0 0.0 0.0 0.2262627 0.0 0.14783733
0.0 0.029950395 0.0 0.02956661 0.0 0.0 0.0 0.0 0.035802994 0.0 0.0 0.0 0.0 0.08117862 0.0 0.0 0.06992382 0.0 0.0 0.0 0.0 0.009012936 0.009193774 0.26351288 0.0 0.11337611 0.0 0.0400942 0.029751496 0.0 0.0 0.0 0.0 0.0 0.0 0.0 0.0 0.0 0.0 0.02352535 0.094694816 0.0 0.0 0.0 0.0 0.004742055 0.0 0.0 0.0 0.0 0.0 0.0116264485 0.0 0.076020144 0.0 0.0
0.078548186 0.0 0.010565404 0.0 0.0 0.01061663 0.0 0.1375175 0.0 0.012579056 0.036980323 0.051408652 0.0 0.0 0.0 0.0 0.04432777 0.0714988 0.0 0.0529789 0.006330839 0.0 0.0 0.060308766 0.038101293 0.0 0.059211854 0.0 0.008183275 0.035731748 0.0 0.0 0.00791765 0.05236324 0.02625158 0.006883878 0.0 0.0 0.008721263 0.0 0.0 0.0 0.0 0.0 0.004742055 0.0 0.0 0.020740027 0.0 0.041957058 0.0 0.07377802 0.005181925 0.0 0.0024620576 0.0
0.0 0.0 0.026724245 0.0 0.0 0.0 0.0 0.0 0.0394372 0.0 0.0 0.0 0.0 0.0 0.0 0.0 0.0 0.0 0.0 0.0 0.0 0.0 0.0 0.0 0.12511338 0.0 0.0 0.0 0.0 0.0 0.0 0.008929047 0.0 0.05365129 0.0 0.0687299 0.0 0.0 0.0 0.015830858 0.07929018 0.0 0.0 0.12873198 0.0 0.0 0.12706728 0.0 0.0 0.103768036 0.0 0.0 0.05355283 0.11756214 0.0 0.069296606
0.0 0.0 0.0 0.0 0.0 0.0 0.0009783846 0.14002271 0.0 0.06457153 0.0 0.0 0.04312661 0.150268 0.0 0.022897335 0.0 0.0 0.0 0.0053121187 0.0 0.111668825 0.0073473374 0.028245263 0.0 0.10139806 0.021632394 0.0 0.0 0.0 0.0 0.0 0.0 0.0 0.037420616 0.0 0.0 0.004146767 0.014219594 0.054361988 0.09035498 0.0 0.02117095 0.0 0.0 0.020740027 0.0 0.0 0.0 0.0 0.0 0.075662956 0.0 0.06552441 0.038631026 0.0
0.0 0.06560326 0.06395657 0.16674513 0.0 0.01567908 0.0 0.0 0.0 0.021849485 0.0 0.0035942819 0.0 0.0 0.0 0.0 0.12452347 0.0 0.0010655943 0.0062729623 0.0017782847 0.106540754 0.0 0.0 0.04307788 0.0 0.0 0.0 0.0 0.070284784 0.0 0.005668288 0.009455546 0.02200388 0.0 0.0 0.0 0.0 0.0 0.0024686358 0.016571702 0.018950501 0.0 0.0 0.0 0.0 0.0 0.0 0.048166584 0.032927245 0.0 0.0 0.08832519 0.0 0.022646205 0.0112866
0.0 0.116341874 0.0 0.0 0.14958449 0.0 0.0035759772 0.0 0.048678193 0.0 0.0 0.0 0.033287536 0.0 0.0 0.0 0.012998444 0.0 0.019252008 0.0 0.0 0.004981775 0.0 0.0 0.0 0.0 0.0 0.0 0.037769858 0.040279176 0.0 0.057180893 0.0 0.07288615 0.0 0.04911904 0.0 0.0 0.0 0.0 0.026814532 0.037988696 0.012573622 0.0050944947 0.0 0.041957058 0.103768036 0.0 0.03292725 0.0 0.0 0.01255796 0.0 0.10863005 0.0 0.11661746
0.011066719 0.0 0.0 0.0 0.0 0.0 0.13419223 0.0 0.0 0.03778919 0.0 0.0 0.20109011 0.0 0.0 0.0 0.017010618 0.0 0.0 0.0 0.0 0.024941212 0.0 0.0 0.019396724 0.0 0.0 0.0 0.056716457 0.0 0.0 0.0 0.03750321 0.0 0.0036520204 0.017921051 0.025205843 0.01945245 0.09041781 0.0 0.0 0.048794255 0.14698832 0.0 0.0 0.0 0.0 0.0 0.0 0.0 0.0 0.0 0.0 0.0 0.0 0.22612734
0.0 0.011867334 0.071427844 0.0 0.0 0.0039803395 0.037119202 0.023971105 0.0 0.050376654 0.010073129 0.0 0.0 0.0 0.0 0.0 0.0 0.0 0.0 0.010648618 0.0 0.0 0.04383242 0.0 0.0 0.023509111 0.0 0.0 0.104815334 0.0 0.006359147 0.0 0.046882235 0.0 0.08971582 0.0 0.16356452 0.0 0.0037170846 0.010006469 0.0 0.032861132 0.00085027335 0.0 0.0116264485 0.07377802 0.0 0.075662956 0.0 0.012557959 0.0 0.06939965 0.04954197 0.0 0.0057808077 0.0
0.0 0.050117724 0.036648083 0.0 0.05627027 0.0 0.0 0.0 0.0 0.0 0.0 0.0 0.10078001 0.0 0.0 0.0 0.0 0.0 0.0 0.0 0.03254074 0.0 0.0 0.0 0.0024706752 0.0 0.0 0.013500409 0.0 0.007708752 0.0 0.0 0.0 0.0 0.0 0.0 0.0 0.017676612 0.0 0.04098297 0.05694524 0.0 0.0 0.0 0.0 0.0051819244 0.053552825 0.0 0.08832518 0.0 0.0 0.04954197 0.1399053 0.07242851 0.0 0.0804255
0.0 0.0 0.0 0.0 0.0 0.0 0.010773596 0.0 0.0 0.0 0.0 0.0 0.0 0.0 0.0 0.0 0.0035337408 0.0 0.0 0.0 0.0 0.0 0.0 0.0 0.004068341 0.0 0.0 0.0 0.0 0.0 0.0 0.0 0.0 0.0 0.057543717 0.0 0.010476135 0.0 0.02700527 0.0 0.008008883 0.112983264 0.0 0.22626272 0.076020144 0.0 0.11756213 0.0655244 0.0 0.10863005 0.0 0.0 0.07242851 0.0 0.020445323 0.04435472
0.038077224 0.0 0.0 0.0 0.0 0.0 0.057063248 0.024257563 0.0 0.028089413 0.05098222 0.0 0.003975989 0.0 0.0 0.0 0.0 0.0 0.0 0.070645586 0.0 0.002173104 0.04489259 0.025569 0.0 0.056116767 0.0 0.0 0.0 0.0 0.00093927997 0.0 0.10403857 0.048736412 0.09937662 0.0 0.012961938 0.0 0.13416375 0.03769723 0.0 0.0040891697 0.05881766 0.0 0.0 0.0024620576 0.0 0.038631026 0.022646205 0.0 0.0 0.0057808077 0.0 0.020445324 0.17384945 0.008569404
0.0 0.0 0.0 0.0 0.0 0.0 0.0 0.0 0.0 0.0 0.0 0.0 0.0 0.005239817 0.0 0.014825465 0.0 0.0 0.021707851 0.0 0.0 0.008961373 0.071884304 0.0 0.0 0.0 0.0 0.053273752 0.0 0.0 0.024953427 0.0 0.0 0.0 0.0 0.0 0.0 0.0 0.00972331 0.0 0.0 0.0 0.0 0.14783733 0.0 0.0 0.069296606 0.0 0.0112866005 0.116617456 0.22612734 0.0 0.08042551 0.04435472 0.0085694045 0.0
