0.0 0.081908114 0.0 0.0 0.048119973 0.0 0.0 0.009398746 0.018431194 0.0061870026 0.25663966 0.0 0.029586555 0.0 0.12757325 0.0 0.0 0.0 0.0 0.0 0.0045261295 0.0046900045 0.056152113 0.033276714 0.022334615 0.0 0.061759736 0.0 0.0 0.0 0.12600802 0.022928074 0.0 0.04812585 0.0 0.0 0.016837941 0.007111591 0.0059827194 0.0 0.0 0.048688922 0.0 0.05401072 0.0 0.0 0.0 0.027351629 0.0 0.0 0.0 0.0 0.037810016 0.0 0.0 0.027089536
0.081908114 0.16747391 0.0 0.0 0.024737827 0.06541385 0.0448239 0.0 0.0 0.0 0.044328935 0.014103058 0.0 0.0 0.032866906 0.12113893 0.0 0.0 0.0 0.058526438 0.0 0.030708011 0.0 0.0 0.0 0.0 0.018612664 0.02173011 0.0 0.0 0.0 0.0 0.0 0.0 0.073889196 0.0 0.031337187 0.0 0.0 0.0 0.0 0.0 0.0 0.0 0.03773976 0.0 0.0 0.0 0.0 0.0 0.0 0.02950769 0.0 0.0 0.0084288465 0.0
0.0 0.0 0.040959418 0.0 0.0 0.0 0.041786503 0.06045814 0.0 0.104383305 0.0 0.025599025 0.00014199004 0.0 0.015204326 0.0 0.0 0.023013014 0.0045392425 0.018423337 0.0 0.005263087 0.0 0.0 0.0 0.02200698 0.0 0.1384159 0.049752824 0.015514869 0.0 0.0 0.0 0.018902872 0.0 0.036091197 0.012570253 0.0 0.11476449 0.0 0.0 0.0 0.0 0.0 0.0068105413 0.016920272 0.0 0.01121278 0.0949817 0.0 0.0 0.0 0.0 0.040077634 0.0187425 0.0
0.0 0.0 0.0 0.0 0.0 0.0 0.0 0.013916338 0.0 0.0 0.0 0.0 0.008221 0.06994423 0.0 0.0 0.0 0.0 0.0 0.0 0.008079992 0.0 0.0 0.0 0.0 0.09842161 0.0 0.086648196 0.0 0.0 0.0 0.0 0.0 0.0 0.0 0.0023060017 0.0 0.00607175 0.0 0.07564104 0.21828708 0.0 0.22301185 0.0 0.0 0.0 0.003915403 0.0 0.0 0.0 0.0 0.024838487 0.0 0.0 0.00085438945 0.0
0.048119973 0.024737827 0.0 0.0 0.0 0.16736825 0.0 0.012524971 0.0 0.0 0.0 0.0 0.04562622 0.0 0.0 0.0 0.0 0.0 0.020040222 0.108952746 0.0214322 0.0 0.04573487 0.0 0.0025313185 0.0 0.011823249 0.0 0.0 0.0 0.0 0.0 0.071315244 0.0 0.0 0.0 0.0 0.015531079 0.03221706 0.0 0.0 0.0 0.05184229 0.0 0.018693447 0.0 0.029005023 0.0 0.015649037 0.0 0.0 0.14054313 0.0 0.0 0.0069331373 0.0
0.0 0.06541385 0.0 0.0 0.16736825 0.018219108 0.06309345 0.0 0.0 0.0 0.0 0.03391065 0.0 0.0 0.0022319376 0.013154637 0.0 0.0 0.017378524 0.0 0.024879174 0.18714912 0.0 0.020740291 0.0 0.0 0.0 0.0 0.0 0.0 0.079719745 0.0 0.021712549 0.0 0.0 0.0 0.0 0.032869264 0.0 0.045496434 0.032743286 0.0 0.07766693 0.0 0.0 0.13135788 0.028622307 0.0 0.0 0.06738429 0.011983323 0.0 0.0 0.0 0.008063748 0.0
0.0 0.0448239 0.041786503 0.0 0.0 0.06309345 0.024420712 0.0 0.0 0.0 0.0 0.0 0.09929539 0.020254161 0.0 0.05241135 0.0 0.0 0.0 0.025568154 0.0113166245 0.0065515414 0.0428652 0.0 0.0 0.0 0.0059270314 0.0 0.0 0.0 0.03571119 0.0 0.0 0.0 0.0 0.06734993 0.0 0.0 0.0 0.053513106 0.0 0.0 0.122524105 0.0 0.0 0.0 0.0 0.018175468 0.0 0.0 0.021099312 0.009736372 0.0 0.0 0.02611993 0.0
0.009398746 0.0 0.06045814 0.013916337 0.012524972 0.0 0.0 0.0 0.14429969 0.0 0.0 0.0 0.061640292 0.0 0.024049366 0.0 0.05936296 0.0 0.041116767 0.0 0.026767023 0.016990574 0.0 0.019449523 0.14375028 0.0 0.0 0.0 0.037013814 0.022408081 0.06304233 0.062641315 0.0 0.086186446 0.0 0.0 0.0 0.0 0.0 0.0016365136 0.0 0.18162847 0.0 0.012807812 0.0 0.0 0.0 0.0 0.03247284 0.01563352 0.0 0.0 0.078255706 0.0 0.0 0.00914282
0.018431196 0.0 0.0 0.0 0.0 0.0 0.0 0.14429969 0.0 0.0 0.0 0.0 0.0 0.032650854 0.0 0.0 0.024643833 0.0 0.058006234 0.21167922 0.0 0.022047656 0.0 0.0 0.0 0.0 0.0 0.0 0.017720146 0.0041335346 0.0 0.0032779637 0.0 0.0 0.055341825 0.0 0.06471058 0.0 0.027191933 0.0 0.0 0.036171358 0.03794152 0.0 0.023651294 0.0053659496 0.08710278 0.006168825 0.0 0.0 0.0 0.078031614 0.0 0.012257179 0.0 0.0
0.0061870026 0.0 0.10438331 0.0 0.0 0.0 0.0 0.0 0.0 0.06654003 0.06379258 0.0 0.0 0.0 0.001051171 0.0 0.0 0.010524647 0.0 0.0 0.0 0.10751363 0.050959434 0.016105857 0.0 0.0 0.016815696 0.0 0.0 0.07958626 0.07535167 0.0 0.081556596 0.0 0.0 0.0 0.030694058 0.0 0.075550325 0.0 0.0 0.052047968 0.0 0.096161276 0.0 0.0 0.0 0.07345216 0.0 0.05478052 0.015414299 0.0 0.18964143 0.0 0.0 0.0
0.25663966 0.04432894 0.0 0.0 0.0 0.0 0.0 0.0 0.0 0.06379257 0.0 0.03625657 0.0 0.04283625 0.0 0.0 0.0 0.0 0.0 0.0 0.0 0.014949843 0.0 0.041709226 0.0 0.058205236 0.0124380775 0.0 0.0 0.0 0.0 0.0 0.0 0.0 0.0026130457 0.0 0.0 0.0140809165 0.0 0.0059216344 0.0 0.0 0.0 0.14883997 0.0 0.0 0.008439158 0.0 0.0 0.0 0.0 0.037621558 0.0 0.018660111 0.0 0.0
0.0 0.014103058 0.025599023 0.0 0.0 0.03391065 0.0 0.0 0.0 0.0 0.03625657 0.0 0.0 0.0 0.0 0.0 0.0 0.060162414 0.0 0.11545913 0.054610826 0.0 0.14746748 0.0058201547 0.0 0.0 0.0 0.0 0.0 0.0 0.04825746 0.0 0.029020179 0.0 0.017360983 0.0 0.0 0.012859339 0.09413177 0.010768855 0.0 0.0 0.0 0.0 0.0 0.0065446845 0.0 0.0 0.09461547 0.0 0.024749633 0.04659512 0.0 0.0 0.112233125 0.0
0.029586555 0.0 0.00014199004 0.008221 0.04562622 0.0 0.0992954 0.061640292 0.0 0.0 0.0 0.0 0.0 0.023209421 0.0 0.04115436 0.068575665 0.0 0.0 0.0 0.0 0.09610986 0.0 0.0005771296 0.0 0.0 0.0 0.0 0.0 0.061571635 0.0 0.046224125 0.0 0.0 0.009342284 0.018776271 0.0 0.0073768524 0.0 0.021121657 0.0775871 0.0 0.0 0.0 0.028715018 0.0 0.013570469 0.031919364 0.0 0.0767502 0.0 0.0787187 0.0 0.06272457 0.0 0.089593776
0.0 0.0 0.0 0.069944225 0.0 0.0 0.020254161 0.0 0.032650854 0.0 0.04283625 0.0 0.023209423 0.046027426 0.12290272 0.0 0.04115683 0.0 0.0 0.0 0.0 0.0 0.0 0.09828603 0.0 0.053853992 0.0 0.0 0.0 0.047758117 0.0 0.049032096 0.0 0.11080963 0.0 0.096991494 0.0 0.0640778 0.0 0.0018728416 0.0 0.085963555 0.0 0.0 0.0 0.0 0.036757823 0.0 0.0 0.0 0.011978474 0.0010221128 0.0 0.061340135 0.0 0.041224495
0.12757325 0.032866903 0.015204325 0.0 0.0 0.0022319374 0.0 0.024049366 0.0 0.001051171 0.0 0.0 0.0 0.12290272 0.0 0.0 0.0 0.0 0.0 0.049204916 0.03983606 0.0 0.007873777 0.0 0.0 0.0 0.0031383112 0.0 0.0 0.0 0.0 0.0 0.017352806 0.0 0.0 0.0 0.05471818 0.0 0.0 0.0 0.0 0.0 0.0 0.0 0.17512482 0.0 0.0 0.07711045 0.0024871894 0.0 0.0 0.05781953 0.0 0.0 0.0 0.0
0.0 0.12113894 0.0 0.0 0.0 0.013154637 0.05241135 0.0 0.0 0.0 0.0 0.0 0.04115436 0.0 0.0 0.019291848 0.030921234 0.0 0.0 0.0 0.0 0.05164426 0.0 0.0 0.0 0.08511135 0.0 0.005953737 0.01009501 0.0 0.050985992 0.0 0.0 0.0 0.0 0.0 0.0 0.0 0.0 0.16139446 0.09104277 0.0 0.043300938 0.0 0.0 0.0 0.07526501 0.0 0.0 0.0 0.0 0.007253172 0.0 0.0027727494 0.0 0.08455434
0.0 0.0 0.0 0.0 0.0 0.0 0.0 0.05936296 0.024643833 0.0 0.0 0.0 0.068575665 0.04115683 0.0 0.030921232 0.0 0.0030270328 0.0 0.0 0.0 0.0 0.0 0.056628548 0.0 0.0 0.0 0.123969965 0.0 0.0 0.0 0.0 0.0 0.0 0.040408023 0.0033115163 0.0 0.0 0.0 0.069446325 0.0 0.0 0.0 0.0 0.0 0.0 0.0 0.0 0.049990844 0.0 0.0 0.124623105 0.0 0.001372947 0.113998495 0.0
0.0 0.0 0.023013014 0.0 0.0 0.0 0.0 0.0 0.0 0.010524647 0.0 0.060162414 0.0 0.0 0.0 0.0 0.0030270328 0.0 0.033498038 0.018871536 0.15782653 0.07008574 0.030840421 0.0 0.0 0.011774925 0.0 0.037832305 0.0 0.0 0.046613373 0.0 0.09301502 0.0 0.01034764 0.0 0.0 0.0 0.13176063 0.0 0.0 0.0 0.0 0.0 0.0 0.0 0.0 0.0 0.09822541 0.0 0.0 0.0 0.069911204 0.0 0.02624154 0.0
0.0 0.0 0.0045392425 0.0 0.02004022 0.017378524 0.0 0.041116767 0.058006234 0.0 0.0 0.0 0.0 0.0 0.0 0.0 0.0 0.033498038 0.056163438 0.02051826 0.052226175 0.0 0.0 0.10243211 0.09118493 0.0 0.0 0.0 0.00140656 0.0227082 0.0 0.025643336 0.0 0.0 0.0 0.0031822424 0.0 0.0 0.0 0.0 0.0 0.003807184 0.009094056 0.027497085 0.0 0.020100834 0.095013425 0.0 0.03903475 0.0 0.0 0.0565023 0.0 0.020147959 0.0 0.0
0.0 0.058526438 0.018423337 0.0 0.108952746 0.0 0.025568154 0.0 0.21167922 0.0 0.0 0.11545913 0.0 0.0 0.04920492 0.0 0.0 0.018871538 0.02051826 0.0 0.0 0.027372861 0.0 0.0 0.12142384 0.019963758 0.0 0.0043189353 0.1106355 0.031959277 0.0 0.0 0.02470483 0.0 0.0 0.056216408 0.0 0.0 0.0 0.0 0.0 0.0 0.0 0.010277784 0.0 0.0 0.0 0.0 0.0 0.0 0.0 0.0 0.02483811 0.0 0.0 0.0
0.0045261295 0.0 0.0 0.008079992 0.0214322 0.024879174 0.0113166245 0.026767023 0.0 0.0 0.0 0.054610822 0.0 0.0 0.03983606 0.0 0.0 0.15782653 0.052226175 0.0 0.09434661 0.0 0.0 0.023575226 0.0 0.0 0.0 0.0 0.0 0.0 0.0 0.0 0.0 0.0 0.0 0.0 0.0 0.06581477 0.0 0.0 0.13484836 0.0 0.030489784 0.03504149 0.0 0.022506706 0.0 0.0 0.0 0.0 0.0 0.0 0.0 0.0 0.0 0.0
0.004690004 0.030708011 0.005263087 0.0 0.0 0.18714914 0.0065515414 0.016990574 0.022047656 0.10751363 0.014949843 0.0 0.09610985 0.0 0.0 0.051644254 0.0 0.07008574 0.0 0.027372861 0.0 0.0 0.0505985 0.00890375 0.0 0.0063017323 0.0 0.0 0.0 0.0 0.035355724 0.0 0.0 0.0 0.006059344 0.0 0.0 0.0 0.0 0.027251681 0.0 0.0 0.0 0.0 0.0 0.0 0.0 0.0 0.0 0.0018827838 0.0 0.005810334 0.0 0.0 0.043456063 0.0
0.056152117 0.0 0.0 0.0 0.045734867 0.0 0.0428652 0.0 0.0 0.050959438 0.0 0.14746748 0.0 0.0 0.007873777 0.0 0.0 0.030840423 0.0 0.0 0.0 0.050598495 0.0 0.0 0.03800676 0.053341303 0.115140095 0.0 0.018150669 0.09414657 0.0 0.0 0.10254521 0.0053644003 0.0 0.0019178658 0.0 0.016226461 0.010139322 0.0 0.0 0.0 0.0 0.03297327 0.10070398 0.0 0.0 0.0 0.0 0.07185559 0.036205366 0.0 0.046902604 0.0070720823 0.0020650185 0.0
0.033276718 0.0 0.0 0.0 0.0 0.020740293 0.0 0.019449523 0.0 0.016105857 0.04170923 0.0058201547 0.0005771296 0.09828604 0.0 0.0 0.056628548 0.0 0.10243211 0.0 0.023575226 0.008903749 0.0 0.0 0.012571242 0.0075775473 0.037485596 0.0 0.015982699 0.014253938 0.0 0.049354248 0.0 0.0 0.0 0.0 0.026818028 0.0 0.09268979 0.0 0.0 0.03227252 0.0 0.03143424 0.1026753 0.0 0.0 0.034703143 0.0 0.025001558 0.0848204 0.0 0.061773367 0.034292683 0.00026513488 0.0
0.022334615 0.0 0.0 0.0 0.0025313187 0.0 0.0 0.14375028 0.0 0.0 0.0 0.0 0.0 0.0 0.0 0.0 0.0 0.0 0.09118493 0.12142384 0.0 0.0 0.038006756 0.012571241 0.0 0.0 0.0 0.13469265 0.0 0.0 0.0 0.0 0.0 0.0 0.15072729 0.0 0.0 0.0 0.0045204777 0.087302886 0.055513717 0.0 0.0046697706 0.0 0.0 0.0 0.0 0.0 0.008418494 0.0 0.0 0.0040070787 0.0 0.01346323 0.081101075 0.0
0.0 0.0 0.022006977 0.09842161 0.0 0.0 0.0 0.0 0.0 0.0 0.058205236 0.0 0.0 0.05385399 0.0 0.08511135 0.0 0.011774925 0.0 0.019963756 0.0 0.0063017323 0.0533413 0.0075775473 0.0 0.10108461 0.19006363 0.0 0.0 0.0 0.028087897 0.0 0.0 0.0 0.0 0.030557059 0.0 0.081298605 0.0 0.0 0.0 0.0 0.0 0.0 0.042685796 0.05695106 0.0 0.03777728 0.0 0.032737236 0.0 0.0 0.0 0.0 0.012828708 0.0
0.061759736 0.018612664 0.0 0.0 0.011823249 0.0 0.0059270314 0.0 0.0 0.016815694 0.0124380775 0.0 0.0 0.0 0.0031383114 0.0 0.0 0.0 0.0 0.0 0.0 0.0 0.1151401 0.037485596 0.0 0.19006364 0.0 0.04672416 0.0 0.0 0.0 0.0 0.0 0.0 0.0 0.034154445 0.0 0.06361991 0.0 0.0 0.02680636 0.0 0.0 0.043650903 0.0 0.11269803 0.0 0.0 0.0 0.0 0.09693958 0.034545112 0.0 0.0 0.03509867 0.0
0.0 0.02173011 0.13841592 0.086648196 0.0 0.0 0.0 0.0 0.0 0.0 0.0 0.0 0.0 0.0 0.0 0.0059537375 0.12396995 0.03783231 0.0 0.0043189353 0.0 0.0 0.0 0.0 0.13469265 0.0 0.046724163 0.0 0.01661048 0.0015964305 0.008883753 0.07731376 0.0 0.045666855 0.0 0.070587076 0.0 0.028688177 0.0 0.0 0.0 0.0 0.0 0.0 0.029627059 0.0 0.0 0.0 0.0 0.076077566 0.0 0.0 0.0 0.0 0.0 0.07773705
0.0 0.0 0.049752824 0.0 0.0 0.0 0.0 0.037013814 0.017720146 0.0 0.0 0.0 0.0 0.0 0.0 0.01009501 0.0 0.0 0.00140656 0.1106355 0.0 0.0 0.018150669 0.015982699 0.0 0.0 0.0 0.01661048 0.0 0.0 0.08174588 0.0 0.0 0.0 0.007741509 0.0 0.23570283 0.0 0.0069450857 0.0 0.0 0.0 0.0 0.019844003 0.0 0.0 0.0 0.16695778 0.010545321 0.0 0.0 0.0 0.06418382 0.0 0.0 0.0
0.0 0.0 0.01551487 0.0 0.0 0.0 0.0 0.022408083 0.0041335346 0.07958626 0.0 0.0 0.06157163 0.047758117 0.0 0.0 0.0 0.0 0.0227082 0.03195928 0.0 0.0 0.09414657 0.014253938 0.0 0.0 0.0 0.0015964305 0.0 0.0 0.03200161 0.0 0.023436295 0.0 0.07912559 0.0 0.0 0.0046462044 0.0 0.02586079 0.0 0.0 0.0 0.0 0.03198161 0.0 0.0 0.019864418 0.10175971 0.0 0.0 0.012513831 0.0 0.008192053 0.09623863 0.0
0.126008 0.0 0.0 0.0 0.0 0.07971974 0.03571119 0.063042335 0.0 0.07535167 0.0 0.048257463 0.0 0.0 0.0 0.05098599 0.0 0.04661337 0.0 0.0 0.0 0.035355724 0.0 0.0 0.0 0.028087897 0.0 0.008883753 0.08174588 0.032001607 0.017507942 0.0 0.0 0.0 0.0 0.0 0.029487956 0.059042327 0.0 0.0 0.0 0.0 0.0064617507 0.0 0.08730073 0.012808146 0.004931361 0.0 0.0 0.0 0.0 0.00029117183 0.0 0.043325145 0.0 0.0
0.022928074 0.0 0.0 0.0 0.0 0.0 0.0 0.062641315 0.0032779637 0.0 0.0 0.0 0.04622413 0.049032096 0.0 0.0 0.0 0.0 0.025643338 0.0 0.0 0.0 0.0 0.049354248 0.0 0.0 0.0 0.07731376 0.0 0.0 0.0 0.0 0.0 0.0 0.048358113 0.0 0.0 0.0 0.0 0.0 0.093781255 0.0110519435 0.083581425 0.0 0.0 0.0 0.04133327 0.0 0.0 0.0 0.0 0.120413415 0.0 0.13176292 0.086707406 0.0
0.0 0.0 0.0 0.0 0.07131525 0.021712549 0.0 0.0 0.0 0.0815566 0.0 0.029020179 0.0 0.0 0.017352806 0.0 0.0 0.09301502 0.0 0.02470483 0.0 0.0 0.1025452 0.0 0.0 0.0 0.0 0.0 0.0 0.023436295 0.0 0.0 0.12786378 0.0 0.0 0.0 0.0 0.036584754 0.013793751 0.0 0.0 0.0 0.11537163 0.024895487 0.0 0.04913051 0.0 0.0 0.0 0.03116083 0.0 0.0 0.0 0.0 0.0 0.0
0.04812585 0.0 0.018902872 0.0 0.0 0.0 0.0 0.086186446 0.0 0.0 0.0 0.0 0.0 0.11080963 0.0 0.0 0.0 0.0 0.0 0.0 0.0 0.0 0.0053644003 0.0 0.0 0.0 0.0 0.045666855 0.0 0.0 0.0 0.0 0.0 0.0 0.0 0.0 0.0 0.0 0.0 0.0 0.09053585 0.0 0.0 0.0 0.0 0.009840523 0.0 0.12315534 0.0 0.01952278 0.0018302037 0.05458968 0.0 0.0 0.06372828 0.0
0.0 0.073889196 0.0 0.0 0.0 0.0 0.0 0.0 0.055341825 0.0 0.0026130457 0.017360983 0.009342283 0.0 0.0 0.0 0.040408023 0.010347639 0.0 0.0 0.0 0.006059344 0.0 0.0 0.1507273 0.0 0.0 0.0 0.007741509 0.07912559 0.0 0.048358113 0.0 0.0 0.0 0.0 0.0 0.0 0.0 0.0 0.0 0.049488448 0.0 0.17180136 0.0 0.006199189 0.0 0.022633245 0.0 0.18413289 0.0 0.0 0.112518914 0.0 0.0 0.09556161
0.0 0.0 0.036091194 0.0023060017 0.0 0.0 0.06734994 0.0 0.0 0.0 0.0 0.0 0.018776273 0.09699149 0.0 0.0 0.0033115163 0.0 0.0031822422 0.05621641 0.0 0.0 0.0019178658 0.0 0.0 0.030557059 0.034154445 0.070587076 0.0 0.0 0.0 0.0 0.0 0.0 0.0 0.0 0.0 0.0 0.0 0.011035306 0.07182153 0.0 0.0 0.0 0.0 0.016934827 0.014599546 0.06317971 0.0 0.0 0.0 0.0 0.0 0.19013943 0.1377114 0.0
0.016837941 0.031337187 0.012570253 0.0 0.0 0.0 0.0 0.0 0.06471059 0.030694058 0.0 0.0 0.0 0.0 0.05471818 0.0 0.0 0.0 0.0 0.0 0.0 0.0 0.0 0.026818028 0.0 0.0 0.0 0.0 0.23570284 0.0 0.029487956 0.0 0.0 0.0 0.0 0.0 0.0 0.0 0.0 0.0 0.0 0.018467257 0.0 0.1720173 0.0 0.0 0.0 0.0 0.0 0.0 0.0 0.0 0.0 0.0 0.0 0.28236258
0.007111591 0.0 0.0 0.00607175 0.015531078 0.032869264 0.0 0.0 0.0 0.0 0.0140809165 0.01285934 0.007376852 0.0640778 0.0 0.0 0.0 0.0 0.0 0.0 0.06581477 0.0 0.016226461 0.0 0.0 0.081298605 0.06361991 0.028688177 0.0 0.0046462044 0.059042323 0.0 0.036584754 0.0 0.0 0.0 0.0 0.0 0.0 0.01746073 0.0 0.0 0.07716794 0.0 0.0 0.0 0.0 0.0 0.19383113 0.0 0.08085525 0.0 0.0 0.01641393 0.046968423 0.0
0.0059827194 0.0 0.11476449 0.0 0.03221706 0.0 0.0 0.0 0.027191931 0.075550325 0.0 0.09413177 0.0 0.0 0.0 0.0 0.0 0.13176063 0.0 0.0 0.0 0.0 0.010139322 0.09268978 0.0045204777 0.0 0.0 0.0 0.0069450852 0.0 0.0 0.0 0.01379375 0.0 0.0 0.0 0.0 0.0 0.0 0.0 0.056028374 0.0 0.020726062 0.059019748 0.0 0.0 0.06928809 0.0 0.06043328 0.0036189076 0.0 0.0 0.0 0.0 0.0 0.0
0.0 0.0 0.0 0.075641036 0.0 0.04549643 0.053513106 0.0016365136 0.0 0.0 0.0059216344 0.010768855 0.021121657 0.0018728417 0.0 0.16139445 0.06944632 0.0 0.0 0.0 0.0 0.027251683 0.0 0.0 0.08730288 0.0 0.0 0.0 0.0 0.025860792 0.0 0.0 0.0 0.0 0.0 0.011035305 0.0 0.01746073 0.0 0.0 0.07925694 0.0 0.012006603 0.0 0.0053273924 0.17647682 0.14802021 0.0038510235 0.0 0.0 0.017160647 0.03413882 0.0 0.03716288 0.0 0.0
0.0 0.0 0.0 0.2182871 0.0 0.03274329 0.0 0.0 0.0 0.0 0.0 0.0 0.0775871 0.0 0.0 0.09104277 0.0 0.0 0.0 0.0 0.13484836 0.0 0.0 0.0 0.05551372 0.0 0.02680636 0.0 0.0 0.0 0.0 0.09378125 0.0 0.09053584 0.0 0.07182153 0.0 0.0 0.05602837 0.07925693 0.0015146182 0.02040961 0.0 0.0 0.0 0.0031157192 0.0 0.019427996 0.05393821 0.0 0.0 0.0 0.05135552 0.0 0.0 0.0
0.048688922 0.0 0.0 0.0 0.0 0.0 0.0 0.18162845 0.036171358 0.052047968 0.0 0.0 0.0 0.085963555 0.0 0.0 0.0 0.0 0.003807184 0.0 0.0 0.0 0.0 0.03227252 0.0 0.0 0.0 0.0 0.0 0.0 0.0 0.0110519435 0.0 0.0 0.04948845 0.0 0.018467257 0.0 0.0 0.0 0.02040961 0.0 0.0 0.0 0.11496653 0.0 0.023950323 0.00855019 0.02240687 0.0 0.0 0.0927918 0.0 0.0 0.01009549 0.0013136961
0.0 0.0 0.0 0.22301185 0.051842295 0.07766693 0.122524105 0.0 0.03794152 0.0 0.0 0.0 0.0 0.0 0.0 0.043300938 0.0 0.0 0.009094055 0.0 0.030489784 0.0 0.0 0.0 0.0046697706 0.0 0.0 0.0 0.0 0.0 0.0064617507 0.083581425 0.11537163 0.0 0.0 0.0 0.0 0.07716794 0.020726062 0.012006604 0.0 0.0 0.0 0.0 0.0 0.09663292 0.12795165 0.0 0.005769037 0.0 0.0 0.040989403 0.0 0.0 0.0 0.0
0.05401072 0.0 0.0 0.0 0.0 0.0 0.0 0.012807812 0.0 0.09616128 0.14883997 0.0 0.0 0.0 0.0 0.0 0.0 0.0 0.027497085 0.010277785 0.03504149 0.0 0.03297327 0.03143424 0.0 0.0 0.043650903 0.0 0.019844003 0.0 0.0 0.0 0.024895487 0.0 0.17180136 0.0 0.1720173 0.0 0.059019748 0.0 0.0 0.0 0.0 0.0 0.10080922 0.0 0.0 0.0 0.0 0.002676099 0.0 0.0 0.0 0.019941496 0.064062454 0.0
0.0 0.037739757 0.0068105413 0.0 0.018693447 0.0 0.0 0.0 0.023651294 0.0 0.0 0.0 0.028715018 0.0 0.17512481 0.0 0.0 0.0 0.0 0.0 0.0 0.0 0.10070397 0.1026753 0.0 0.0426858 0.0 0.029627059 0.0 0.03198161 0.087300725 0.0 0.0 0.0 0.0 0.0 0.0 0.0 0.0 0.0053273924 0.0 0.114966534 0.0 0.10080922 0.0 0.0 0.0 0.0 0.0 0.0 0.0 0.0 0.14669122 0.0 0.0 0.048933838
0.0 0.0 0.01692027 0.0 0.0 0.1313579 0.0 0.0 0.0053659496 0.0 0.0 0.006544685 0.0 0.0 0.0 0.0 0.0 0.0 0.020100834 0.0 0.022506706 0.0 0.0 0.0 0.0 0.05695106 0.112698026 0.0 0.0 0.0 0.012808146 0.0 0.049130507 0.009840523 0.006199189 0.016934825 0.0 0.0 0.0 0.17647682 0.0031157192 0.0 0.09663292 0.0 0.0 0.0 0.05035307 0.0 0.0 0.0 0.0 0.0 0.0 0.0 0.03285666 0.0002546813
0.0 0.0 0.0 0.003915403 0.029005023 0.028622307 0.0 0.0 0.08710278 0.0 0.008439157 0.0 0.013570469 0.036757823 0.0 0.07526502 0.0 0.0 0.095013425 0.0 0.0 0.0 0.0 0.0 0.0 0.0 0.0 0.0 0.0 0.0 0.0049313605 0.041333266 0.0 0.0 0.0 0.014599545 0.0 0.0 0.06928809 0.14802021 0.0 0.023950323 0.12795165 0.0 0.0 0.050353065 0.0 0.06311912 0.0 0.0 0.0 0.070917755 0.0 0.0 0.0 0.0
0.027351629 0.0 0.011212779 0.0 0.0 0.0 0.018175468 0.0 0.0061688256 0.07345216 0.0 0.0 0.03191936 0.0 0.07711044 0.0 0.0 0.0 0.0 0.0 0.0 0.0 0.0 0.034703143 0.0 0.03777728 0.0 0.0 0.1669578 0.019864418 0.0 0.0 0.0 0.12315535 0.022633245 0.06317971 0.0 0.0 0.0 0.0038510235 0.019427998 0.008550189 0.0 0.0 0.0 0.0 0.06311912 0.0 0.0 0.017945219 0.0 0.03056109 0.0 0.05001027 0.0 0.107156344
0.0 0.0 0.0949817 0.0 0.015649037 0.0 0.0 0.03247284 0.0 0.0 0.0 0.09461547 0.0 0.0 0.0024871894 0.0 0.04999084 0.09822541 0.039034754 0.0 0.0 0.0 0.0 0.0 0.008418494 0.0 0.0 0.0 0.010545321 0.10175971 0.0 0.0 0.0 0.0 0.0 0.0 0.0 0.19383113 0.060433283 0.0 0.05393821 0.022406872 0.005769037 0.0 0.0 0.0 0.0 0.0 0.0 0.0 0.0 0.0 0.0 0.0 0.0032350281 0.0
0.0 0.0 0.0 0.0 0.0 0.06738429 0.0 0.01563352 0.0 0.05478052 0.0 0.0 0.0767502 0.0 0.0 0.0 0.0 0.0 0.0 0.0 0.0 0.0018827838 0.07185559 0.025001558 0.0 0.032737236 0.0 0.07607757 0.0 0.0 0.0 0.0 0.03116083 0.019522779 0.18413287 0.0 0.0 0.0 0.0036189076 0.0 0.0 0.0 0.0 0.002676099 0.0 0.0 0.0 0.017945219 0.0 0.0 0.0 0.023370354 0.0 0.0 0.11978145 0.0
0.0 0.0 0.0 0.0 0.0 0.011983323 0.021099312 0.0 0.0 0.0154143 0.0 0.024749631 0.0 0.0119784735 0.0 0.0 0.0 0.0 0.0 0.0 0.0 0.0 0.036205363 0.0848204 0.0 0.0 0.096939586 0.0 0.0 0.0 0.0 0.0 0.0 0.0018302037 0.0 0.0 0.0 0.08085525 0.0 0.017160645 0.0 0.0 0.0 0.0 0.0 0.0 0.0 0.0 0.0 0.0 0.31436422 0.0 0.0 0.16099903 0.0056495415 0.05232721
0.0 0.02950769 0.0 0.024838489 0.14054313 0.0 0.009736372 0.0 0.078031614 0.0 0.03762156 0.04659512 0.0787187 0.0010221128 0.057819534 0.007253172 0.12462311 0.0 0.056502305 0.0 0.0 0.005810334 0.0 0.0 0.0040070787 0.0 0.034545112 0.0 0.0 0.012513832 0.00029117183 0.12041342 0.0 0.054589678 0.0 0.0 0.0 0.0 0.0 0.03413882 0.0 0.0927918 0.0409894 0.0 0.0 0.0 0.07091776 0.030561088 0.0 0.023370354 0.0 0.0 0.061482213 0.026677033 0.0 0.034113668
0.037810016 0.0 0.0 0.0 0.0 0.0 0.0 0.0782557 0.0 0.18964143 0.0 0.0 0.0 0.0 0.0 0.0 0.0 0.069911204 0.0 0.024838109 0.0 0.0 0.046902604 0.061773364 0.0 0.0 0.0 0.0 0.06418382 0.0 0.0 0.0 0.0 0.0 0.11251891 0.0 0.0 0.0 0.0 0.0 0.05135552 0.0 0.0 0.0 0.14669122 0.0 0.0 0.0 0.0 0.0 0.0 0.06148221 0.0 0.0 0.015876923 0.0
0.0 0.0 0.040077638 0.0 0.0 0.0 0.0 0.0 0.012257179 0.0 0.018660111 0.0 0.06272457 0.06134013 0.0 0.0027727494 0.0013729469 0.0 0.020147959 0.0 0.0 0.0 0.0070720823 0.03429268 0.01346323 0.0 0.0 0.0 0.0 0.008192053 0.043325145 0.13176294 0.0 0.0 0.0 0.19013943 0.0 0.01641393 0.0 0.03716288 0.0 0.0 0.0 0.019941496 0.0 0.0 0.0 0.05001027 0.0 0.0 0.16099901 0.026677033 0.0 0.0 0.018299142 0.0017435964
0.0 0.008428847 0.0187425 0.00085438945 0.006933138 0.008063748 0.02611993 0.0 0.0 0.0 0.0 0.112233125 0.0 0.0 0.0 0.0 0.113998495 0.02624154 0.0 0.0 0.0 0.043456063 0.0020650185 0.00026513488 0.081101075 0.012828709 0.035098664 0.0 0.0 0.09623863 0.0 0.086707406 0.0 0.06372828 0.0 0.1377114 0.0 0.046968423 0.0 0.0 0.0 0.01009549 0.0 0.064062454 0.0 0.03285666 0.0 0.0 0.0032350281 0.11978145 0.0056495415 0.0 0.015876923 0.01829914 0.0 0.010326291
0.027089536 0.0 0.0 0.0 0.0 0.0 0.0 0.009142819 0.0 0.0 0.0 0.0 0.089593776 0.041224495 0.0 0.08455434 0.0 0.0 0.0 0.0 0.0 0.0 0.0 0.0 0.0 0.0 0.0 0.07773705 0.0 0.0 0.0 0.0 0.0 0.0 0.09556161 0.0 0.2823626 0.0 0.0 0.0 0.0 0.001313696 0.0 0.0 0.048933838 0.0002546813 0.0 0.107156344 0.0 0.0 0.05232721 0.034113664 0.0 0.0017435963 0.010326291 0.01965059
