0.0 0.0 0.0026738865 0.0035423543 0.15578462 0.0 0.0 0.0 0.0 0.12766533 0.0 0.0 0.0 0.14343326 0.10796238 0.0 0.0029355478 0.0 0.0 0.0 0.0 0.02344224 0.012016769 0.0 0.0 0.0 0.020231795 0.0 0.0 0.0 0.0 0.026485832 0.0 0.0 0.025970016 0.022738663 0.026613602 0.0 0.0 0.0 0.0 0.13068192 0.1319798 0.0 0.057633597 0.0 0.015108679 0.0 0.0 0.0 0.0 0.015203751 0.0 0.0 0.003830979 0.0
0.0 0.0 0.0 0.0 0.0 0.0 0.0 0.0 0.0 0.0 0.019320996 0.0 0.0 0.0 0.0 0.0 0.023890084 0.0 0.0 0.054878503 0.0 0.016779674 0.048071455 0.0 0.0 0.0 0.0 0.0 0.052725058 0.0 0.033030536 0.0 0.10331257 0.0 0.0 0.0 0.12552863 0.0 0.0 0.02984303 0.0 0.0 0.0 0.0 0.045195535 0.0 0.0 0.22224686 0.0 0.09396853 0.035062876 0.0 0.0 0.0 0.055489387 0.0
0.0026738865 0.0 0.0 0.0 0.0 0.0 0.0 0.0 0.0 0.05516945 0.0 0.025959935 0.0 0.0 0.0 0.0 0.0 0.0068529225 0.0 0.0 0.004930178 0.015582329 0.034933247 0.0 0.0 0.0 0.051431596 0.036187854 0.0 0.0 0.028094253 0.0 0.0 0.032298237 0.028541312 0.0 0.0 0.0 0.16582513 0.0 0.042883515 0.038540892 0.0 0.13204521 0.0 0.0 0.0 0.008980728 0.0 0.07370119 0.0 0.03364541 0.0 0.06451695 0.0103893615 0.006960125
0.003542354 0.0 0.0 0.0 0.0 0.0 0.0070526544 0.11402651 0.0 0.17331031 0.0 0.0 0.0 0.0 0.0 0.0 0.0 0.0246717 0.025861572 0.067202955 0.0 0.0 0.0 0.025835687 0.04590495 0.0 0.0 0.0 0.0 0.010617804 0.0 0.0 0.0 0.0 0.105146475 0.0 0.028511731 0.0 0.0 0.040272035 0.019921888 0.0 0.0 0.01843858 0.0 0.0 0.0 0.0 0.02159717 0.0 0.0142384665 0.11725442 0.0 0.0 0.0 0.0
0.1557846 0.0 0.0 0.0 0.0 0.0 0.0 0.18021879 0.0 0.114431806 0.0 0.0 0.0 0.0 0.0 0.0 0.0 0.0 0.0 0.0 0.0 0.0 0.0 0.044811465 0.0 0.0 0.0 0.0 0.0 0.0 0.0 0.0028968079 0.0 0.015019008 0.21849489 0.0 0.0 0.0 0.0 0.0 0.0 0.0 0.0 0.0 0.0 0.0 0.0 0.049907193 0.0 0.0 0.0 0.09110542 0.0 0.0 0.017762942 0.0
0.0 0.0 0.0 0.0 0.0 0.035350896 0.010324086 0.0 0.0 0.0 0.0 0.0 0.06168696 0.0 0.0 0.027210578 0.0 0.0 0.0067240363 0.0 0.07492846 0.051005904 0.033278864 0.0 0.010768356 0.044614058 0.03312318 0.0 0.0 0.0 0.0 0.0 0.023494573 0.0915294 0.0 0.0 0.0 0.0 0.0 0.2878277 0.020240715 0.0 0.00024229474 0.03512892 0.0 0.0 0.0 0.0 0.012158925 0.019636564 0.0 0.0 0.022256812 0.007892712 0.06495102 0.041048884
0.0 0.0 0.0 0.0070526544 0.0 0.010324086 0.0 0.0 0.05296028 0.0 0.01136342 0.0 0.0 0.0 0.0 0.08218402 0.0 0.058415994 0.0 0.0 0.0 0.0 0.21573298 0.0 0.0 0.0 0.022724122 0.0 0.0 0.0 0.0 0.0 0.0 0.0 0.0 0.0 0.015722644 0.0 0.0 0.013507644 0.0 0.0 0.0 0.0 0.0 0.10991337 0.0 0.0 0.0 0.0 0.12164149 0.009082636 0.0 0.03417812 0.035188172 0.0
0.0 0.0 0.0 0.11402652 0.18021879 0.0 0.0 0.0 0.037192192 0.0 0.008055702 0.0 0.0 0.1458846 0.0 0.0 0.0 0.0 0.0 0.0 0.0 0.0 0.0 0.029965485 0.0 0.08547963 0.030622384 0.0 0.0 0.0 0.076366596 0.046468567 0.0 0.0 0.0 0.14298259 0.0 0.03264237 0.0 0.0 0.065748714 0.06968461 0.07364551 0.0 0.016416779 0.0 0.0 0.0 0.0 0.0 0.0 0.0 0.0 0.0 0.0 0.0
0.0 0.0 0.0 0.0 0.0 0.0 0.052960277 0.037192192 0.0 0.0 0.0 0.0 0.028773654 0.0 0.0 0.0 0.0 0.0 0.0 0.0 0.0 0.0 0.0 0.0 0.0 0.0 0.0 0.0 0.028961446 0.0 0.028126469 0.026726114 0.0 0.08005847 0.26383337 0.0 0.06920053 0.0 0.0 0.0 0.0 0.0 0.0 0.08439842 0.0 0.0 0.0 0.0 0.0 0.054541036 0.010658334 0.047337566 0.0 0.003838249 0.0 0.09896111
0.12766533 0.0 0.05516945 0.17331032 0.1144318 0.0 0.0 0.0 0.0 0.10418354 0.0 0.0 0.0 0.052487854 0.0 0.0071059284 0.016423006 0.013513872 0.0 0.0 0.01751835 0.0 0.0 0.026247509 0.0 0.0 0.08354451 0.0 0.0 0.06384149 0.0 0.007688251 0.0 0.0 0.0 0.005363701 0.0 0.0 0.0 0.0 0.0 0.047984086 0.0040189014 0.0 0.053493407 0.0 0.059116352 0.0 0.0 0.0 0.0 0.0 0.046016723 0.0 0.019278117 0.0
0.0 0.019320996 0.0 0.0 0.0 0.0 0.01136342 0.008055702 0.0 0.0 0.0 0.0 0.17962687 0.11751656 0.0 0.0 0.018060515 0.0 0.025185332 0.0 0.0 0.0 0.0 0.017261107 0.0 0.0 0.0 0.04386784 0.036671016 0.0 0.0021756806 0.042254616 0.0 0.062079687 0.0 0.0 0.0 0.0 0.0 0.069271855 0.02060969 0.08887905 0.12590379 0.0 0.0 0.0 0.012709441 0.0 0.0 0.0 0.0 0.06251317 0.0 0.0 0.0 0.07197496
0.0 0.0 0.025959935 0.0 0.0 0.0 0.0 0.0 0.0 0.0 0.0 0.0 0.034608316 0.0 0.0 0.0 0.0 0.0092086205 0.26863667 0.0 0.0775331 0.0 0.082945205 0.0 0.053837463 0.0 0.0 0.0 0.0 0.0 0.090147175 0.0 0.0 0.07346538 0.0 0.0 0.0 0.0 0.0 0.0470854 0.0 0.0 0.0 0.020050809 0.0 0.047271084 0.0 0.0 0.0 0.0 0.0 0.0 0.0 0.009240053 0.0 0.0
0.0 0.0 0.0 0.0 0.0 0.061686963 0.0 0.0 0.028773654 0.0 0.17962688 0.034608312 0.054882813 0.0 0.0 0.0 0.0 0.14442006 0.0 0.037150078 0.0 0.04606362 0.0 0.0 0.0 0.0 0.0 0.0 0.0 0.013021876 0.0 0.0 0.11415323 0.0 0.0 0.0 0.011877361 0.056020524 0.0 0.0 0.0 0.0 0.0 0.08307232 0.0 0.024860606 0.0 0.0 0.0 0.0 0.0 0.0 0.0 0.035734054 0.0 0.0
0.14343326 0.0 0.0 0.0 0.0 0.0 0.0 0.1458846 0.0 0.05248785 0.11751656 0.0 0.0 0.0 0.0 0.0 0.0 0.0 0.0 0.0 0.0 0.053223614 0.0 0.17378132 0.0 0.0089921625 0.0 0.0 0.0 0.034911904 0.0 0.0 0.0 0.0 0.03903212 0.015104039 0.110577434 0.019404508 0.0 0.0 0.0 0.0 0.0 0.0 0.03555919 0.0 0.0 0.0 0.0 0.0 0.0 0.09692567 0.0 0.004955196 0.005710809 0.0
0.10796238 0.0 0.0 0.0 0.0 0.0 0.0 0.0 0.0 0.0 0.0 0.0 0.0 0.0 0.0 0.0 0.0 0.0 0.0 0.051249836 0.0 0.0 0.119263135 0.0 0.0 0.0 0.016283007 0.033850417 0.0 0.0 0.0 0.0 0.0 0.0 0.056535337 0.0 0.0 0.10398087 0.0 0.0 0.0 0.0 0.0 0.0 0.0 0.0 0.0 0.16889808 0.0 0.0 0.17065722 0.044291463 0.0 0.0 0.082739286 0.0
0.0 0.0 0.0 0.0 0.0 0.027210576 0.08218402 0.0 0.0 0.0071059284 0.0 0.0 0.0 0.0 0.0 0.154905 0.0 0.0 0.0 0.0 0.0 0.0 0.0 0.0 0.0 0.07695497 0.0 0.014503954 0.06551878 0.0 0.0 0.0 0.0 0.07150278 0.00018051069 0.0 0.0 0.0 0.0 0.0040519317 0.0061818967 0.034963813 0.0 0.026819702 0.0 0.0 0.0 0.008102332 0.0 0.16216846 0.0 0.0 0.0 0.0 0.05124532 0.12620045
0.0029355478 0.023890086 0.0 0.0 0.0 0.0 0.0 0.0 0.0 0.016423007 0.018060515 0.0 0.0 0.0 0.0 0.0 0.0 0.022565715 0.0 0.0 0.0023019742 0.032118008 0.052039832 0.0 0.06628441 0.0 0.0 0.048198413 0.0061216825 0.0 0.0 0.0 0.034998614 0.0 0.0 0.0 0.0 0.14445734 0.07281337 0.0 0.0 0.03133429 0.0 0.0 0.062612556 0.024521608 0.0 0.0 0.0 0.0 0.0933969 0.0 0.099719346 0.1031167 0.0073986924 0.0
0.0 0.0 0.006852922 0.0246717 0.0 0.0 0.058415994 0.0 0.0 0.013513872 0.0 0.009208621 0.14442004 0.0 0.0 0.0 0.022565715 0.0 0.0 0.0 0.0 0.061447524 0.0 0.0 0.0 0.003338825 0.0 0.001314237 0.09433109 0.005044427 0.059796855 0.0 0.0 0.184298 0.0 0.0 0.0 0.0 0.0 0.005611294 0.011383847 0.14821728 0.0 0.0 0.0 0.006121359 0.0 0.0 0.0 0.0 0.0 0.0 0.0 0.0 0.0 0.15815547
0.0 0.0 0.0 0.02586157 0.0 0.006724036 0.0 0.0 0.0 0.0 0.02518533 0.26863667 0.0 0.0 0.0 0.0 0.0 0.0 0.0 0.07174864 0.046889003 0.043215502 0.05255729 0.0 0.18956698 0.0 0.0 0.0 0.0 0.0 0.017818239 0.0 0.0903647 0.0 0.0 0.0 0.0 0.032335505 0.0 0.0 0.0 0.0 0.0 0.0 0.010918697 0.0 0.0 0.0 0.021427633 0.0 0.019822694 0.0 0.0 0.0 0.0 0.0
0.0 0.0548785 0.0 0.06720295 0.0 0.0 0.0 0.0 0.0 0.0 0.0 0.0 0.037150078 0.0 0.051249836 0.0 0.0 0.0 0.071748644 0.031387374 0.0706168 0.0 0.0 0.0 0.049131997 0.0 0.0 0.0 0.05774903 0.0 0.027426759 0.0018834419 0.0 0.0 0.0 0.0 0.0 0.0 0.0 0.057482444 0.053738125 0.047161303 0.0 0.09339228 0.0 0.0 0.0 0.0 0.0 0.04250565 0.0 0.0 0.059253648 0.0 0.0 0.0
0.0 0.0 0.004930178 0.0 0.0 0.07492846 0.0 0.0 0.0 0.017518349 0.0 0.0775331 0.0 0.0 0.0 0.0 0.002301974 0.0 0.046889003 0.0706168 0.0 0.0 0.053376336 0.0 0.14616928 0.0 0.0075392714 0.0 0.0 0.0 0.0 0.0 0.1339987 0.02889756 0.0 0.0 0.0 0.0 0.0 0.0 0.0 0.0 0.0 0.0676115 0.0028605557 0.037920233 0.0 0.058980986 0.0 0.10279089 0.023900012 0.0 0.021137487 0.0 0.026431281 0.0
0.02344224 0.016779674 0.015582329 0.0 0.0 0.051005904 0.0 0.0 0.0 0.0 0.0 0.0 0.04606362 0.05322361 0.0 0.0 0.032118008 0.061447524 0.043215506 0.0 0.0 0.0 0.01389805 0.0 0.0 0.035162985 0.0 0.0 0.0 0.0 0.0 0.0 0.0 0.0 0.0 0.0 0.0 0.0 0.007121351 0.0 0.15595776 0.0 0.0 0.024271822 0.0 0.1106092 0.0 0.0 0.019069951 0.0 0.0 0.0 0.0 0.11683939 0.0 0.0
0.0120167695 0.048071455 0.03493325 0.0 0.0 0.033278864 0.21573299 0.0 0.0 0.0 0.0 0.0829452 0.0 0.0 0.11926313 0.0 0.052039836 0.0 0.052557286 0.0 0.053376332 0.0138980495 0.0 0.14960983 0.0 0.015208939 0.023973979 0.0 0.04630497 0.08231708 0.0 0.0 0.0 0.023698822 0.03752069 0.02133082 0.003963787 0.0 0.0 0.0 0.0062507563 0.0 0.0 0.020016944 0.0 0.0 0.01405694 0.0 0.010583615 0.0137037 0.0 0.0 0.0 0.0 0.0 0.078702
0.0 0.0 0.0 0.025835687 0.044811465 0.0 0.0 0.029965485 0.0 0.026247509 0.017261107 0.0 0.0 0.17378132 0.0 0.0 0.0 0.0 0.0 0.0 0.0 0.0 0.14960985 0.0 0.0 0.1607913 0.0 0.18509097 0.0 0.0 0.020039834 0.035753798 0.0 0.0094460705 0.0 0.0 0.0 0.0 0.0 0.0 0.042298052 0.0075937524 0.06402122 0.0 0.031740084 0.0 0.0 0.0 0.0 0.0 0.061794132 0.007000301 0.0 0.0 0.0 0.0
0.0 0.0 0.0 0.04590495 0.0 0.010768356 0.0 0.0 0.0 0.0 0.0 0.053837463 0.0 0.0 0.0 0.0 0.06628442 0.0 0.18956698 0.049131997 0.14616929 0.0 0.0 0.0 0.053402804 0.0 0.0 0.0 0.0 0.0 0.16935198 0.016582761 0.06535781 0.0031962723 0.0 0.0 0.0 0.09548728 0.0 0.0 0.0 0.0 0.0 0.0050734947 0.0 0.024718238 0.0 0.0 0.1249855 0.0 0.0 0.0 0.123423815 0.0 0.0 0.0
0.0 0.0 0.0 0.0 0.0 0.044614058 0.0 0.08547963 0.0 0.0 0.0 0.0 0.0 0.0089921625 0.0 0.076954976 0.0 0.003338825 0.0 0.0 0.0 0.035162985 0.015208939 0.16079128 0.0 0.08470273 0.0 0.0 0.0 0.0068307933 0.0 0.0 0.0 0.0 0.0 0.0 0.0 0.0 0.0 0.0 0.002309005 0.0 0.0 0.0 0.03520125 0.037048176 0.03005011 0.0 0.0 0.0 0.107129104 0.0 0.0 0.1325424 0.04134814 0.0
0.020231795 0.0 0.051431593 0.0 0.0 0.03312318 0.022724122 0.030622384 0.0 0.08354451 0.0 0.0 0.0 0.0 0.016283007 0.0 0.0 0.0 0.0 0.0 0.0075392714 0.0 0.023973979 0.0 0.0 0.0 0.018848434 0.0 0.057958547 0.10830192 0.0 0.0 0.0 0.039003022 0.0 0.0 0.020273315 0.0 0.0 0.0 0.0 0.022775695 0.0 0.026123926 0.15855396 0.0 0.0 0.0 0.012671424 0.07220467 0.010460357 0.0 0.016058424 0.0 0.08541825 0.06338594
0.0 0.0 0.036187854 0.0 0.0 0.0 0.0 0.0 0.0 0.0 0.04386784 0.0 0.0 0.0 0.033850417 0.014503954 0.048198413 0.001314237 0.0 0.0 0.0 0.0 0.0 0.18509097 0.0 0.0 0.0 0.0 0.0 0.0 0.0 0.0 0.0 0.0 0.0 0.15425 0.0072861523 0.0 0.0 0.0 0.0070347423 0.0 0.06729141 0.0 0.009664456 0.0 0.13189681 0.0 0.0 0.0 0.0 0.09771906 0.03559323 0.021223085 0.0020569519 0.0
0.0 0.052725058 0.0 0.0 0.0 0.0 0.0 0.0 0.028961444 0.0 0.036671016 0.0 0.0 0.0 0.0 0.06551879 0.006121682 0.09433109 0.0 0.05774903 0.0 0.0 0.046304975 0.0 0.0 0.0 0.057958547 0.0 0.0 0.0 0.0 0.0 0.0 0.0 0.0 0.0 0.070414975 0.0 0.14022778 0.0 0.0 0.017202957 0.0 0.0 0.0 0.038676728 0.0 0.0 0.0 0.0 0.0 0.0 0.13516924 0.0 0.039732274 0.0
0.0 0.0 0.0 0.010617804 0.0 0.0 0.0 0.0 0.0 0.0638415 0.0 0.0 0.013021875 0.034911904 0.0 0.0 0.0 0.0050444272 0.0 0.0 0.0 0.0 0.08231708 0.0 0.0 0.0068307933 0.108301915 0.0 0.0 0.0 0.18834095 0.0 0.0 0.0 0.0 0.0 0.0 0.010144426 0.0 0.11709577 0.050331682 0.0 0.0 0.004573462 0.0 0.008556902 0.0 0.0 0.12586765 0.0 0.043769937 0.0 0.0 0.024663167 0.02984102 0.0
0.0 0.03303054 0.02809425 0.0 0.0 0.0 0.0 0.076366596 0.028126467 0.0 0.0021756806 0.090147175 0.0 0.0 0.0 0.0 0.0 0.059796855 0.017818239 0.027426759 0.0 0.0 0.0 0.020039832 0.16935198 0.0 0.0 0.0 0.0 0.18834093 0.0 0.13520965 0.0 0.0 0.0 0.0 0.0 0.0 0.0 0.0 0.0 0.0 0.0 0.0 0.0010289336 0.0 0.0 0.0 0.0 0.0 0.0 0.0 0.0 0.0 0.0 0.0
0.026485832 0.0 0.0 0.0 0.0028968079 0.0 0.0 0.046468563 0.026726114 0.007688251 0.04225461 0.0 0.0 0.0 0.0 0.0 0.0 0.0 0.0 0.0018834419 0.0 0.0 0.0 0.035753798 0.016582761 0.0 0.0 0.0 0.0 0.0 0.13520966 0.0 0.0 0.0 0.00291393 0.0 0.0 0.0 0.01735595 0.0 0.0 0.04988586 0.0 0.049167227 0.0 0.0 0.0 0.06751702 0.07861905 0.025260821 0.05804707 0.1227658 0.0 0.030245723 0.0 0.0
0.0 0.103312574 0.0 0.0 0.0 0.023494571 0.0 0.0 0.0 0.0 0.0 0.0 0.11415322 0.0 0.0 0.0 0.03499861 0.0 0.0903647 0.0 0.13399869 0.0 0.0 0.0 0.06535781 0.0 0.0 0.0 0.0 0.0 0.0 0.0 0.0 0.0 0.0 0.0 0.0 0.0 0.0 0.13627693 0.038964838 0.0 0.0 0.10180083 0.0 0.030745236 0.087662265 0.0 0.081664145 0.0 0.0 0.0 0.0 0.0 0.027622776 0.039086983
0.0 0.0 0.032298237 0.0 0.015019008 0.0915294 0.0 0.0 0.08005848 0.0 0.062079687 0.07346538 0.0 0.0 0.0 0.07150278 0.0 0.184298 0.0 0.0 0.02889756 0.0 0.023698822 0.0094460705 0.0031962723 0.0 0.039003022 0.0 0.0 0.0 0.0 0.0 0.0 0.0 0.0 0.0 0.0 0.0 0.08861685 0.0 0.0 0.0 0.0 0.0 0.0 0.044009697 0.0 0.0 0.0 0.0 0.0 0.0 0.028019037 0.0 0.0 0.0
0.025970016 0.0 0.028541312 0.105146475 0.21849489 0.0 0.0 0.0 0.26383337 0.0 0.0 0.0 0.0 0.03903212 0.056535333 0.00018051069 0.0 0.0 0.0 0.0 0.0 0.0 0.037520688 0.0 0.0 0.0 0.0 0.0 0.0 0.0 0.0 0.0029139298 0.0 0.0 0.0 0.1780334 0.0 0.015208506 0.022614852 0.0 0.010035667 0.0 0.01295356 0.0 0.0 0.0 0.0 0.0038285458 0.0 0.0 0.0 0.0 0.0 0.0 0.054566603 0.0
0.022738663 0.0 0.0 0.0 0.0 0.0 0.0 0.14298257 0.0 0.005363701 0.0 0.0 0.0 0.015104039 0.0 0.0 0.0 0.0 0.0 0.0 0.0 0.0 0.02133082 0.0 0.0 0.0 0.0 0.15425 0.0 0.0 0.0 0.0 0.0 0.0 0.1780334 0.0 0.05055149 0.0 0.051623352 0.0 0.0 0.0 0.0 0.0 0.09282668 0.0 0.0 0.1712225 0.0 0.0 0.043148436 0.08322357 0.0 0.0 0.00865631 0.0
0.026613602 0.12552863 0.0 0.02851173 0.0 0.0 0.015722642 0.0 0.06920052 0.0 0.0 0.0 0.011877361 0.11057743 0.0 0.0 0.0 0.0 0.0 0.0 0.0 0.0 0.003963787 0.0 0.0 0.0 0.020273313 0.0072861523 0.070414975 0.0 0.0 0.0 0.0 0.0 0.0 0.05055149 0.0 0.0 0.0 0.0482392 0.09339185 0.10390909 0.19395123 0.0 0.0 0.0 0.0 0.0 0.0 0.0 0.0 0.012931181 0.0 0.055067714 0.0 0.053864915
0.0 0.0 0.0 0.0 0.0 0.0 0.0 0.03264237 0.0 0.0 0.0 0.0 0.056020528 0.019404508 0.10398087 0.0 0.14445733 0.0 0.03233551 0.0 0.0 0.0 0.0 0.0 0.095487274 0.0 0.0 0.0 0.0 0.010144425 0.0 0.0 0.0 0.0 0.015208507 0.0 0.0 0.0 0.0 0.0 0.0 0.0 0.0 0.0 0.0 0.0 0.0 0.0 0.0 0.14314316 0.0 0.0 0.05394992 0.0 0.0 0.1111453
0.0 0.0 0.16582514 0.0 0.0 0.0 0.0 0.0 0.0 0.0 0.0 0.0 0.0 0.0 0.0 0.0 0.07281337 0.0 0.0 0.0 0.0 0.007121351 0.0 0.0 0.0 0.0 0.0 0.0 0.14022778 0.0 0.0 0.01735595 0.0 0.08861685 0.022614852 0.051623352 0.0 0.0 0.0 0.0 0.1264096 0.0073175216 0.0 0.074585535 0.0 0.0 0.0 0.0 0.08471901 0.0 0.0 0.04584613 0.027451342 0.018683083 0.0 0.03244428
0.0 0.029843029 0.0 0.04027203 0.0 0.2878277 0.013507644 0.0 0.0 0.0 0.06927185 0.047085404 0.0 0.0 0.0 0.0040519317 0.0 0.005611294 0.0 0.05748244 0.0 0.0 0.0 0.0 0.0 0.0 0.0 0.0 0.0 0.117095776 0.0 0.0 0.13627693 0.0 0.0 0.0 0.0482392 0.0 0.0 0.0 0.0 0.0 0.02502049 0.006630447 0.0 0.012047209 0.0 0.0 0.0 0.027739903 0.0 0.0 0.0 0.09900525 0.0 0.0
0.0 0.0 0.042883515 0.019921888 0.0 0.020240715 0.0 0.065748714 0.0 0.0 0.02060969 0.0 0.0 0.0 0.0 0.006181896 0.0 0.011383847 0.0 0.053738125 0.0 0.15595776 0.0062507563 0.042298052 0.0 0.002309005 0.0 0.0070347423 0.0 0.05033168 0.0 0.0 0.038964838 0.0 0.010035667 0.0 0.09339185 0.0 0.1264096 0.0 0.14452942 0.0 0.0 0.01444544 0.06764538 0.0 0.0 0.0 0.0 0.009150452 0.0 0.0027910534 0.0 0.048335634 0.0 0.0
0.13068192 0.0 0.038540892 0.0 0.0 0.0 0.0 0.0696846 0.0 0.047984082 0.08887905 0.0 0.0 0.0 0.0 0.034963813 0.03133429 0.14821728 0.0 0.047161303 0.0 0.0 0.0 0.0075937524 0.0 0.0 0.022775695 0.0 0.017202957 0.0 0.0 0.04988586 0.0 0.0 0.0 0.0 0.10390909 0.0 0.0073175216 0.0 0.0 0.0 0.0 0.0 0.059632827 0.025953263 0.0 0.0 0.0 0.014695083 0.0 0.055759802 0.0 0.0 0.0 0.0
0.13197981 0.0 0.0 0.0 0.0 0.00024229476 0.0 0.07364551 0.0 0.0040189014 0.12590379 0.0 0.0 0.0 0.0 0.0 0.0 0.0 0.0 0.0 0.0 0.0 0.0 0.06402122 0.0 0.0 0.0 0.067291416 0.0 0.0 0.0 0.0 0.0 0.0 0.01295356 0.0 0.19395123 0.0 0.0 0.02502049 0.0 0.0 0.045337737 0.0 0.0 0.0 0.0 0.04190582 0.0 0.0 0.022104029 0.08403041 0.0 0.06708737 0.06835909 0.0
0.0 0.0 0.13204522 0.018438581 0.0 0.03512892 0.0 0.0 0.084398426 0.0 0.0 0.02005081 0.08307233 0.0 0.0 0.026819702 0.0 0.0 0.0 0.09339228 0.06761151 0.024271822 0.020016944 0.0 0.0050734947 0.0 0.026123928 0.0 0.0 0.004573462 0.0 0.049167227 0.10180083 0.0 0.0 0.0 0.0 0.0 0.074585535 0.0066304477 0.01444544 0.0 0.0 0.0055047036 0.0 0.0 0.0 0.0 0.03849822 0.0 0.0 0.0 0.037771836 0.08662983 0.0 0.0
0.057633597 0.045195535 0.0 0.0 0.0 0.0 0.0 0.01641678 0.0 0.053493407 0.0 0.0 0.0 0.035559185 0.0 0.0 0.062612556 0.0 0.010918697 0.0 0.0028605557 0.0 0.0 0.03174008 0.0 0.03520125 0.15855396 0.009664456 0.0 0.0 0.0010289334 0.0 0.0 0.0 0.0 0.09282668 0.0 0.0 0.0 0.0 0.06764538 0.059632827 0.0 0.0 0.0 0.0 0.0 0.0 0.0 0.0 0.0 0.013668734 0.17762485 0.0 0.081681505 0.0
0.0 0.0 0.0 0.0 0.0 0.0 0.10991337 0.0 0.0 0.0 0.0 0.04727108 0.024860607 0.0 0.0 0.0 0.02452161 0.006121359 0.0 0.0 0.037920237 0.1106092 0.0 0.0 0.024718238 0.037048176 0.0 0.0 0.038676724 0.008556902 0.0 0.0 0.030745236 0.044009693 0.0 0.0 0.0 0.0 0.0 0.012047209 0.0 0.025953265 0.0 0.0 0.0 0.0 0.0 0.0 0.048278365 0.10913273 0.0 0.0 0.0 0.0 0.0 0.14924933
0.015108679 0.0 0.0 0.0 0.0 0.0 0.0 0.0 0.0 0.05911635 0.012709441 0.0 0.0 0.0 0.0 0.0 0.0 0.0 0.0 0.0 0.0 0.0 0.01405694 0.0 0.0 0.03005011 0.0 0.13189681 0.0 0.0 0.0 0.0 0.087662265 0.0 0.0 0.0 0.0 0.0 0.0 0.0 0.0 0.0 0.0 0.0 0.0 0.0 0.0 0.10024981 0.0 0.12014907 0.14243497 0.028631363 0.0 0.0077229263 0.034825258 0.0048864726
0.0 0.22224686 0.008980728 0.0 0.049907196 0.0 0.0 0.0 0.0 0.0 0.0 0.0 0.0 0.0 0.16889808 0.008102332 0.0 0.0 0.0 0.0 0.058980986 0.0 0.0 0.0 0.0 0.0 0.0 0.0 0.0 0.0 0.0 0.06751702 0.0 0.0 0.0038285456 0.1712225 0.0 0.0 0.0 0.0 0.0 0.0 0.04190582 0.0 0.0 0.0 0.10024981 0.0 0.0 0.0 0.0 0.0012014854 0.005776487 0.0 0.0 0.0
0.0 0.0 0.0 0.02159717 0.0 0.012158925 0.0 0.0 0.0 0.0 0.0 0.0 0.0 0.0 0.0 0.0 0.0 0.0 0.021427633 0.0 0.0 0.01906995 0.010583615 0.0 0.1249855 0.0 0.012671424 0.0 0.0 0.12586765 0.0 0.07861905 0.081664145 0.0 0.0 0.0 0.0 0.0 0.08471901 0.0 0.0 0.0 0.0 0.03849822 0.0 0.04827837 0.0 0.0 0.047508713 0.08200569 0.04210181 0.0 0.0 0.0 0.02252652 0.0
0.0 0.09396853 0.07370119 0.0 0.0 0.019636566 0.0 0.0 0.054541036 0.0 0.0 0.0 0.0 0.0 0.0 0.16216846 0.0 0.0 0.0 0.04250565 0.10279089 0.0 0.0137037 0.0 0.0 0.0 0.07220468 0.0 0.0 0.0 0.0 0.025260821 0.0 0.0 0.0 0.0 0.0 0.14314316 0.0 0.027739903 0.009150452 0.014695084 0.0 0.0 0.0 0.10913273 0.12014907 0.0 0.082005695 0.0 0.0 0.0 0.013184318 0.0 0.0 0.0
0.0 0.035062876 0.0 0.0142384665 0.0 0.0 0.12164148 0.0 0.010658334 0.0 0.0 0.0 0.0 0.0 0.17065722 0.0 0.09339691 0.0 0.019822692 0.0 0.023900013 0.0 0.0 0.061794132 0.0 0.1071291 0.010460357 0.0 0.0 0.043769937 0.0 0.05804707 0.0 0.0 0.0 0.043148436 0.0 0.0 0.0 0.0 0.0 0.0 0.022104029 0.0 0.0 0.0 0.14243497 0.0 0.042101808 0.0 0.0 0.02808409 0.0 0.0 0.0 0.0456529
0.015203751 0.0 0.03364541 0.11725442 0.09110542 0.0 0.009082636 0.0 0.047337566 0.0 0.06251317 0.0 0.0 0.09692567 0.044291466 0.0 0.0 0.0 0.0 0.0 0.0 0.0 0.0 0.0070003006 0.0 0.0 0.0 0.09771906 0.0 0.0 0.0 0.1227658 0.0 0.0 0.0 0.08322356 0.012931181 0.0 0.04584613 0.0 0.0027910536 0.055759806 0.08403041 0.0 0.013668734 0.0 0.028631363 0.0012014853 0.0 0.0 0.02808409 0.0 0.0 0.0 0.055142105 0.011853833
0.0 0.0 0.0 0.0 0.0 0.02225681 0.0 0.0 0.0 0.046016723 0.0 0.0 0.0 0.0 0.0 0.0 0.099719346 0.0 0.0 0.059253648 0.021137487 0.0 0.0 0.0 0.123423815 0.0 0.016058424 0.03559323 0.13516924 0.0 0.0 0.0 0.0 0.028019035 0.0 0.0 0.0 0.05394992 0.02745134 0.0 0.0 0.0 0.0 0.037771836 0.17762484 0.0 0.0 0.0057764873 0.0 0.013184318 0.0 0.0 0.0 0.0 0.0 0.047970247
0.0 0.0 0.06451695 0.0 0.0 0.007892712 0.034178123 0.0 0.0038382488 0.0 0.0 0.009240053 0.035734054 0.004955196 0.0 0.0 0.10311669 0.0 0.0 0.0 0.0 0.116839394 0.0 0.0 0.0 0.1325424 0.0 0.021223085 0.0 0.024663167 0.0 0.030245723 0.0 0.0 0.0 0.0 0.05506771 0.0 0.018683083 0.09900525 0.048335634 0.0 0.06708737 0.08662983 0.0 0.0 0.0077229263 0.0 0.0 0.0 0.0 0.0 0.0 0.12120976 0.0 0.040348813
0.0038309793 0.055489387 0.0103893615 0.0 0.017762944 0.064951025 0.035188172 0.0 0.0 0.019278115 0.0 0.0 0.0 0.005710809 0.082739286 0.051245317 0.0073986924 0.0 0.0 0.0 0.026431281 0.0 0.0 0.0 0.0 0.041348137 0.08541825 0.0020569519 0.03973227 0.029841023 0.0 0.0 0.027622776 0.0 0.054566607 0.00865631 0.0 0.0 0.0 0.0 0.0 0.0 0.06835909 0.0 0.081681505 0.0 0.034825258 0.0 0.02252652 0.0 0.0 0.055142105 0.0 0.0 0.025530158 0.028925568
0.0 0.0 0.0069601256 0.0 0.0 0.041048884 0.0 0.0 0.09896111 0.0 0.07197496 0.0 0.0 0.0 0.0 0.12620045 0.0 0.15815547 0.0 0.0 0.0 0.0 0.07870201 0.0 0.0 0.0 0.06338594 0.0 0.0 0.0 0.0 0.0 0.039086983 0.0 0.0 0.0 0.053864915 0.1111453 0.03244428 0.0 0.0 0.0 0.0 0.0 0.0 0.14924935 0.004886473 0.0 0.0 0.0 0.045652896 0.011853833 0.047970247 0.040348813 0.028925568 0.0
