0.0 0.038411953 0.0055125654 0.0 0.0 0.0 0.0 0.0 0.076995954 0.0 0.07290203 0.016327016 0.0 0.0069317888 0.0 0.0 0.058234315 0.0 0.08387897 0.0 0.059374627 0.0 0.031104922 0.0 0.013718376 0.0024696044 0.0 0.0 0.0 0.26378188 0.01232123 0.083120614 0.09648107 0.0 0.0 0.0 0.0051659592 0.0 0.0 0.0 0.0 0.0 0.0 0.00402669 0.0 0.0 0.039891295 0.0 0.019904336 0.0 0.0 0.0089141 0.022734862 0.05526889 0.0 0.0
0.038411953 0.026727093 0.0 0.0 0.0 0.0 0.0 0.0 0.0 0.036133643 0.0 0.0 0.0 0.0 0.0040636063 0.0 0.0031265614 0.0 0.0 0.14083771 0.0 0.04514932 0.06407037 0.0067810286 0.0 0.0 0.06942504 0.14594376 0.0 0.0 0.0 0.0 0.0 0.0 0.059551332 0.0 0.0 0.0 0.0 0.0 0.032047898 0.0 0.0 0.0 0.12850225 0.0 0.0 0.0 0.0 0.0 0.017785134 0.0 0.0 0.0 0.09570306 0.0
0.005512566 0.0 0.014187702 0.116994105 0.0 0.14888725 0.0 0.0 0.0 0.05208117 0.043336805 0.035929505 0.0 0.0 0.01127817 0.062459957 0.0 0.10603315 0.0 0.0 0.0 0.0 0.011546174 0.01163431 0.0 0.0 0.028969258 0.038038246 0.0 0.0 0.061568167 0.0 0.0009165149 0.019750576 0.0 0.0 0.0 0.0 0.0 0.0 0.0 0.0 0.0 0.0 0.022467442 0.0 0.10301534 0.0 0.0 0.0022826788 0.069334485 0.0009957724 0.0 0.0 0.0 0.0
0.0 0.0 0.116994105 0.042115934 0.028290698 0.0 0.0 0.0 0.0152794095 0.020622138 0.0 0.0 0.12671031 0.0 0.048956454 0.0 0.0 0.09167265 0.0 0.025974484 0.0 0.0 0.0 0.0 0.0 0.0 0.05436413 0.0 0.0 0.0 0.0 0.0 0.0 0.14533114 0.0 0.0 0.0 0.08190369 0.16547479 0.0 0.0065829796 0.0 0.06490091 0.0 0.0 0.0 0.0 0.0 0.0 0.0 0.0 0.0 0.0 0.0 0.0 0.0
0.0 0.0 0.0 0.028290698 0.10593632 0.08296073 0.0 0.0 0.0 0.0 0.0 0.0 0.006456581 0.0 0.0 0.0 0.0 0.06576618 0.0 0.0 0.0 0.022283057 0.0 0.0 0.122466534 0.0 0.0 0.0 0.0 0.0 0.0 0.0 0.0 0.0 0.0 0.0 0.0 0.0018445477 0.10133041 0.0 0.0405112 0.0 0.030356374 0.0 0.0 0.0 0.0 0.0 0.041394267 0.16434109 0.0 0.0 0.03520668 0.0 0.092766866 0.0
0.0 0.0 0.14888725 0.0 0.08296074 0.0 0.0 0.0 0.0 0.0 0.0 0.0 0.0 0.034922034 0.0 0.0 0.0 0.061081663 0.015918907 0.049120717 0.0 0.043201245 0.0 0.0057310183 0.07976041 0.0 0.0 0.0 0.033943467 0.0 0.0 0.0 0.029997127 0.040336046 0.0 0.0 0.0 0.0 0.15909557 0.030075582 0.0025157256 0.08921062 0.0 0.0 0.0 0.0 0.06652442 0.0 0.14860241 0.0 0.0 0.0 0.003069409 0.0 0.0 0.0
0.0 0.0 0.0 0.0 0.0 0.0 0.0 0.0 0.0 0.0 0.0 0.0 0.0 0.021842413 0.0 0.0 0.0 0.0 0.0 0.03226076 0.0 0.0 0.17651111 0.038296856 0.0 0.1460844 0.10460542 0.0 0.0 0.0 0.0 0.0 0.0 0.0 0.0 0.0 0.0 0.0 0.0 0.0 0.078348495 0.0 0.0 0.0 0.0 0.0 0.019012699 0.0 0.0 0.0 0.25380936 0.0 0.0 0.0 0.003013584 0.0
0.0 0.0 0.0 0.0 0.0 0.0 0.0 0.16359831 0.0 0.0 0.024896335 0.0 0.0 0.04958227 0.0 0.0 0.0 0.0 0.009616529 0.0 0.0 0.0 0.0029658736 0.0016583133 0.0 0.13488819 0.0 0.0 0.0 0.02716159 0.0 0.046855543 0.021907922 0.0 0.13862157 0.08763356 0.0109973345 0.0 0.0 0.0 0.0 0.0 0.0 0.0 0.0 0.0 0.0 0.019414619 0.0 0.012807903 0.080207884 0.12061091 0.015138602 0.045122415 0.03873808 0.0122374585
0.07699595 0.0 0.0 0.01527941 0.0 0.0 0.0 0.0 0.0 0.0 0.0 0.001022 0.13813113 0.0 0.0 0.056513824 0.0 0.0 0.0 0.0 0.0 0.0 0.0 0.0 0.0 0.0 0.0 0.06306706 0.0 0.0 0.0 0.0 0.0 0.0 0.0 0.0 0.0 0.0 0.0 0.0 0.12637262 0.0 0.0 0.031457655 0.0 0.0 0.0 0.0 0.0 0.12092152 0.0 0.0 0.0 0.0 0.1886503 0.0
0.0 0.036133643 0.05208117 0.020622138 0.0 0.0 0.0 0.0 0.0 0.0 0.0 0.0 0.0 0.0040648286 0.0 0.0 0.028537227 0.0 0.03284642 0.0 0.19304547 0.0 0.0 0.0 0.0 0.113751546 0.0 0.0 0.105131455 0.14115302 0.0 0.031140221 0.04836435 0.0 0.0 0.037097815 0.0 0.0 0.0 0.0 0.010142041 0.009871286 0.0 0.01619791 0.0 0.009478342 0.047059193 0.0 0.0 0.0 0.0 0.012647646 0.0 0.1379873 0.020295262 0.0
0.07290203 0.0 0.043336805 0.0 0.0 0.0 0.0 0.024896335 0.0 0.0 0.0 0.049393024 0.039990764 0.033492915 0.0 0.0 0.0 0.0 0.047526825 0.0 0.013925629 0.0 0.0 0.010609382 0.0 0.0 0.0148674445 0.05080153 0.014634332 0.024327593 0.0 0.0 0.050299097 0.01480868 0.051923845 0.0038643081 0.0 0.0 0.048503276 0.0 0.09756965 0.0 0.0 0.0 0.0 0.0 0.0 0.0 0.0 0.12562984 0.0 0.0 0.0 0.056785684 0.014893148 0.0
0.016327016 0.0 0.035929505 0.0 0.0 0.0 0.0 0.0 0.001022 0.0 0.049393028 0.01165666 0.0 0.0 0.0 0.0 0.032882616 0.07180288 0.0 0.0 0.0 0.0 0.0 0.050983015 0.02882134 0.0 0.0 0.007976123 0.0 0.0 0.0 0.0 0.0 0.21824051 0.020608094 0.0 0.0 0.0 0.0 0.0 0.041262917 0.0 0.0 0.0 0.0 0.0 0.014650903 0.0 0.0 0.0 0.0 0.0 0.17388345 0.0 0.0 0.12407212
0.0 0.0 0.0 0.12671031 0.006456581 0.0 0.0 0.0 0.13813113 0.0 0.039990768 0.0 0.0 0.027653627 0.0 0.0 0.009286449 0.0 0.0 0.0 0.008377921 0.0 0.019200837 0.017960006 0.0 0.0 0.104256764 0.0061015347 0.0 0.0 0.0 0.06996821 0.0 0.0 0.0 0.0 0.0 0.0 0.0 0.08748077 0.0 0.0 0.08718717 0.0 0.0 0.0 0.0 0.0 0.06469906 0.0 0.1171183 0.06061029 0.0 0.0 0.0 0.0
0.0069317883 0.0 0.0 0.0 0.0 0.034922034 0.021842415 0.04958227 0.0 0.0040648286 0.03349291 0.0 0.027653629 0.0 0.02272779 0.12788181 0.062431376 0.02070536 0.0 0.12479694 0.0 0.0028887335 0.058812037 0.0 0.0 0.0 0.04112406 0.022669228 0.0 0.0 0.0 0.0 0.0 0.0 0.0 0.017120136 0.0 0.0 0.0 0.047905248 0.0 0.019702487 0.0861579 0.0 0.0 0.056107257 0.0 0.04926487 0.0 0.0 0.054408614 0.053296328 0.0 0.0056133787 0.0 0.0
0.0 0.0040636063 0.01127817 0.048956454 0.0 0.0 0.0 0.0 0.0 0.0 0.0 0.0 0.0 0.02272779 0.0 0.0138437515 0.016723908 0.0 0.0 0.0 0.0 0.030798448 0.0 0.0 0.0 0.026818667 0.0 0.19708091 0.0 0.0 0.0 0.0 0.0 0.021231525 0.0 0.0 0.03544445 0.005042974 0.0 0.04077215 0.019863136 0.0 0.0026044117 0.0 0.0 0.0 0.099801056 0.19401403 0.0 0.0 0.028271303 0.0 0.0 0.01201619 0.0 0.0
0.0 0.0 0.062459957 0.0 0.0 0.0 0.0 0.0 0.056513824 0.0 0.0 0.0 0.0 0.12788181 0.013843752 0.0 0.0 0.0 0.0 0.020574078 0.0 0.0 0.0 0.018540785 0.0 0.016605442 0.0 0.0 0.0 0.0 0.0 0.05910355 0.0 0.0 0.0 0.011604873 0.0 0.02357488 0.04571538 0.0 0.0 0.07619457 0.06486219 0.06575405 0.013796307 0.0 0.0 0.07082197 0.0 0.0 0.0 0.0 0.0 0.054770075 0.0 0.0
0.05823431 0.0031265614 0.0 0.0 0.0 0.0 0.0 0.0 0.0 0.028537227 0.0 0.032882616 0.009286449 0.062431376 0.01672391 0.0 0.0 0.0 0.0 0.0 0.0 0.0 0.0 0.01760089 0.0 0.0 0.0 0.0072344216 0.09212046 0.0 0.0 0.0 0.0 0.030732453 0.000929828 0.0 0.0025003834 0.0 0.0 0.0 0.015271773 0.0 0.0 0.0 0.1265246 0.0 0.021633312 0.0 0.0 0.02874193 0.0 0.0 0.008961977 0.0 0.014672599 0.3173607
0.0 0.0 0.10603315 0.09167265 0.06576618 0.061081663 0.0 0.0 0.0 0.0 0.0 0.07180288 0.0 0.02070536 0.0 0.0 0.0 0.0 0.020201674 0.037698183 0.026465746 0.0 0.008815217 0.0 0.047852606 0.0 0.0 0.0 0.0 0.0 0.0 0.0108651025 0.042136874 0.0 0.0 0.0 0.0 0.0 0.0 0.0 0.031445988 0.0 0.0 0.0053168647 0.0 0.0 0.015426702 0.0 0.092776395 0.0 0.004689956 0.0 0.123595305 0.014479015 0.0 0.0
0.083878964 0.0 0.0 0.0 0.0 0.015918907 0.0 0.00961653 0.0 0.03284642 0.04752682 0.0 0.0 0.0 0.0 0.0 0.0 0.020201674 0.0 0.016371578 0.0 0.010402469 0.09204277 0.18219331 0.0 0.0 0.04670632 0.017256295 0.0 0.0 0.030294841 0.0 0.0 0.0 0.08216936 0.0018718905 0.11465949 0.0 0.0 0.0 0.0 0.0 0.0 0.0 0.03163609 0.0 0.0 0.09967816 0.0 0.0 0.0 0.01473586 0.0 0.0 0.10241258 0.0
0.0 0.1408377 0.0 0.025974484 0.0 0.049120717 0.03226076 0.0 0.0 0.0 0.0 0.0 0.0 0.12479694 0.0 0.020574078 0.0 0.03769818 0.016371578 0.0 0.13463475 0.0 0.0 0.0 0.0 0.0 0.0 0.0 0.0 0.0 0.0 0.0028933268 0.020608751 0.062132373 0.0 0.01278017 0.0 0.0 0.0 0.07647105 0.022434054 0.0026781873 0.03824856 0.0 0.0 0.0 0.061065488 0.027847888 0.007609558 0.0 0.0 0.0 0.0 0.07586597 0.0 0.0
0.059374623 0.0 0.0 0.0 0.0 0.0 0.0 0.0 0.0 0.19304547 0.013925629 0.0 0.008377921 0.0 0.0 0.0 0.0 0.026465746 0.0 0.13463475 0.02609004 0.053333048 0.0 0.037277836 0.0 0.020096524 0.0 0.0 0.0 0.0 0.0 0.0 0.0 0.014522342 0.039820682 0.0 0.10244514 0.0 0.0 0.0 0.0 0.0 0.0 0.02069503 0.17819183 0.0 0.0 0.055429097 0.0 0.0 0.0 0.0 0.0 0.0 0.0 0.0
0.0 0.04514932 0.0 0.0 0.022283057 0.04320124 0.0 0.0 0.0 0.0 0.0 0.0 0.0 0.0028887333 0.03079845 0.0 0.0 0.0 0.010402469 0.0 0.053333044 0.048432384 0.0 0.12982465 0.0 0.0 0.013835649 0.0 0.07110943 0.021525195 0.13372998 0.0 0.0807709 0.0564198 0.0 0.0 0.0 0.016907906 0.0 0.0 0.0 0.032290075 0.016388306 0.0 0.0 0.0088664 0.062258985 0.0073129204 0.09590213 0.0 0.0 0.027150061 0.0 0.0 0.0068434197 0.0
0.031104924 0.06407037 0.011546174 0.0 0.0 0.0 0.17651111 0.0029658736 0.0 0.0 0.0 0.0 0.019200837 0.058812037 0.0 0.0 0.0 0.008815217 0.09204277 0.0 0.0 0.0 0.0 0.0 0.0 0.0 0.0 0.0 0.0 0.032877658 0.0 0.056801487 0.0 0.0 0.0 0.033854935 0.0 0.07184144 0.02841256 0.008761416 0.0 0.16948058 0.011643426 0.15089907 0.0 0.015434609 0.0 0.0 0.0 0.06372274 0.0 0.015605665 0.0 0.06710711 0.0 0.12717178
0.0 0.006781028 0.011634311 0.0 0.0 0.0057310183 0.03829686 0.0016583132 0.0 0.0 0.010609382 0.050983015 0.017960006 0.0 0.0 0.018540785 0.017600892 0.0 0.18219331 0.0 0.037277833 0.12982464 0.0 0.0 0.0 0.005391791 0.015994607 0.006056466 0.0 0.038591024 0.0 0.0 0.040006995 0.038724653 0.0 0.0 0.0 0.017429829 0.031730168 0.008429805 0.0 0.008034802 0.0 0.19756018 0.0 0.08283713 0.0017097971 0.024305215 0.0 0.0 0.03524478 0.0 0.0 0.0 0.004771202 0.0
0.013718377 0.0 0.0 0.0 0.122466534 0.07976041 0.0 0.0 0.0 0.0 0.0 0.02882134 0.0 0.0 0.0 0.0 0.0 0.047852606 0.0 0.0 0.0 0.0 0.0 0.0 0.27303603 0.0 0.0 0.0 0.0 0.001381774 0.0 0.0 0.0024908143 0.0 0.0 0.0 0.0 0.0 5.5700484e-06 0.0 0.008184508 0.0 0.0 0.0 0.0 0.0 0.038453005 0.0 0.06254049 0.053413186 0.0 0.015706198 0.21272494 0.0 0.0 0.04643175
0.0024696041 0.0 0.0 0.0 0.0 0.0 0.1460844 0.13488819 0.0 0.113751546 0.0 0.0 0.0 0.0 0.026818668 0.016605442 0.0 0.0 0.0 0.0 0.020096524 0.0 0.0 0.005391791 0.0 0.0 0.02394992 0.0 0.003073607 0.03208943 0.0 0.0 0.0 0.0 0.1277864 0.011311997 0.0 0.0 0.0 0.0 0.0 0.008627985 0.0012838831 0.0 0.11743967 0.06646802 0.0 0.0 0.0 0.0 0.0015472 0.050916996 0.0 0.0 0.0 0.0
0.0 0.06942504 0.028969256 0.054364134 0.0 0.0 0.10460542 0.0 0.0 0.0 0.014867445 0.0 0.104256764 0.04112406 0.0 0.0 0.0 0.0 0.04670632 0.0 0.0 0.013835649 0.0 0.015994605 0.0 0.02394992 0.0 0.0 0.0 0.0 0.0 0.0 0.0 0.0 0.0 0.0 0.0 0.0 0.044281814 0.07874488 0.08839942 0.058752917 0.10749861 0.033868603 0.007416479 0.0 0.010408578 0.0 0.13848773 0.0 0.0 0.0 0.0 0.03740419 0.0 0.0
0.0 0.14594378 0.038038243 0.0 0.0 0.0 0.0 0.0 0.06306706 0.0 0.05080153 0.007976122 0.0061015347 0.022669228 0.19708091 0.0 0.007234421 0.0 0.017256295 0.0 0.0 0.0 0.0 0.0060564657 0.0 0.0 0.0 0.0 0.0 0.0075893924 0.0 0.12402753 0.0 0.016572317 0.0 0.0 0.0 0.019929761 0.039522946 0.029795 0.0 0.15283464 0.039704237 0.02340918 0.005732651 0.0 0.007496885 0.072236516 0.0 0.0 0.0 0.0 0.0 0.0 0.0 0.0
0.0 0.0 0.0 0.0 0.0 0.033943467 0.0 0.0 0.0 0.105131455 0.014634332 0.0 0.0 0.0 0.0 0.0 0.09212045 0.0 0.0 0.0 0.0 0.07110943 0.0 0.0 0.0 0.003073607 0.0 0.0 0.22900613 0.0 0.0 0.0 0.009807983 0.0 0.06411414 0.0 0.11660738 0.0 0.0 0.0 0.0 0.0 0.0 0.0 0.11814896 0.0 0.0 0.0 0.0 0.0 0.0 0.022075415 0.018013695 0.0 0.0 0.03115641
0.2637819 0.0 0.0 0.0 0.0 0.0 0.0 0.02716159 0.0 0.14115302 0.024327591 0.0 0.0 0.0 0.0 0.0 0.0 0.0 0.0 0.0 0.0 0.021525195 0.032877658 0.03859102 0.0013817739 0.03208943 0.0 0.0075893924 0.0 0.0 0.0 0.0 0.0 0.0 0.008086032 0.0 0.21143495 0.0 0.0 0.0 0.0 0.0 0.0 0.0 0.0018832958 0.0 0.0 0.0 0.0 0.0 0.0 0.058402598 0.0 0.0 0.020474663 0.0
0.012321229 0.0 0.061568167 0.0 0.0 0.0 0.0 0.0 0.0 0.0 0.0 0.0 0.0 0.0 0.0 0.0 0.0 0.0 0.030294841 0.0 0.0 0.13372998 0.0 0.0 0.0 0.0 0.0 0.0 0.0 0.0 0.23872611 0.0 0.0 0.08458541 0.0 0.0 0.0 0.18510512 0.1230554 0.031988934 0.0 0.026489759 0.043874063 0.0 0.0 0.0 0.0 0.0 0.016740011 0.0 0.0 0.0 0.0 0.0 0.0 0.0
0.083120614 0.0 0.0 0.0 0.0 0.0 0.0 0.046855543 0.0 0.03114022 0.0 0.0 0.069968216 0.0 0.0 0.059103552 0.0 0.0108651025 0.0 0.0028933268 0.0 0.0 0.056801487 0.0 0.0 0.0 0.0 0.12402752 0.0 0.0 0.0 0.0 0.0 0.0 0.0 0.0 0.0 0.0 0.023380063 0.017771512 0.08146609 0.0 0.0 0.0 0.0 0.0 0.0 0.0 0.0 0.09003029 0.0 0.0011629298 0.0 0.0 0.1697121 0.0
0.09648107 0.0 0.0009165149 0.0 0.0 0.029997127 0.0 0.021907924 0.0 0.04836435 0.0502991 0.0 0.0 0.0 0.0 0.0 0.0 0.042136878 0.0 0.020608751 0.0 0.0807709 0.0 0.040006995 0.0024908143 0.0 0.0 0.0 0.009807983 0.0 0.0 0.0 0.0 0.0117230555 0.21506453 0.0 0.20482452 0.013341212 0.0 0.0 0.0 0.0 0.0 0.00069862866 0.026714336 0.0 0.0 0.0 0.0 0.0 0.0 0.0 0.0 0.0 0.0 0.032935735
0.0 0.0 0.019750576 0.14533113 0.0 0.040336046 0.0 0.0 0.0 0.0 0.01480868 0.21824053 0.0 0.0 0.021231527 0.0 0.030732453 0.0 0.0 0.062132377 0.014522341 0.056419797 0.0 0.038724653 0.0 0.0 0.0 0.016572317 0.0 0.0 0.08458541 0.0 0.0117230555 0.0 0.02008901 0.030145159 0.0 0.0 0.0 0.0 0.0 0.0 0.0 0.0 0.0 0.0 0.0 0.0 0.0 0.0 0.0 0.0 0.0 0.0 0.0 0.0
0.0 0.059551336 0.0 0.0 0.0 0.0 0.0 0.13862157 0.0 0.0 0.05192384 0.020608094 0.0 0.0 0.0 0.0 0.0009298279 0.0 0.08216937 0.0 0.039820682 0.0 0.0 0.0 0.0 0.1277864 0.0 0.0 0.06411414 0.008086032 0.0 0.0 0.21506453 0.02008901 0.0 0.12171212 0.0 0.0 0.0 0.0 0.0 0.0 0.0 0.0 0.0 0.058394805 0.033563096 0.0 0.0 0.0 0.0 0.06439796 0.007952845 0.003264965 0.0 0.0019386418
0.0 0.0 0.0 0.0 0.0 0.0 0.0 0.08763355 0.0 0.037097815 0.003864308 0.0 0.0 0.017120136 0.0 0.011604873 0.0 0.0 0.0018718904 0.01278017 0.0 0.0 0.03385494 0.0 0.0 0.011311996 0.0 0.0 0.0 0.0 0.0 0.0 0.0 0.03014516 0.12171211 0.0 0.09730379 0.0 0.0 0.0 0.1328615 0.0 0.0 0.0 0.0054285764 0.0 0.0 0.057491567 0.0 0.012825082 0.06232073 0.040862385 0.0 0.0 0.12842624 0.0
0.0051659592 0.0 0.0 0.0 0.0 0.0 0.0 0.0109973345 0.0 0.0 0.0 0.0 0.0 0.0 0.035444446 0.0 0.0025003832 0.0 0.11465949 0.0 0.10244514 0.0 0.0 0.0 0.0 0.0 0.0 0.0 0.11660739 0.21143495 0.0 0.0 0.20482452 0.0 0.0 0.09730379 0.0 0.0 0.0 0.0 0.0 0.0 0.0 0.0 0.0 0.0 0.0 0.0 0.0 0.0 0.0 0.0 0.0 0.043338332 0.0 0.0
0.0 0.0 0.0 0.08190369 0.0018445477 0.0 0.0 0.0 0.0 0.0 0.0 0.0 0.0 0.0 0.005042974 0.02357488 0.0 0.0 0.0 0.0 0.0 0.016907906 0.07184144 0.017429829 0.0 0.0 0.0 0.019929761 0.0 0.0 0.18510512 0.0 0.013341212 0.0 0.0 0.0 0.0 0.20366877 0.03950477 0.028735228 0.0 0.0 0.0 0.0 0.0 0.0 0.0 0.029758397 0.02205331 0.024022363 0.03413529 0.0 0.0 0.0 0.10157248 0.0
0.0 0.0 0.0 0.16547479 0.10133041 0.15909557 0.0 0.0 0.0 0.0 0.048503276 0.0 0.0 0.0 0.0 0.045715377 0.0 0.0 0.0 0.0 0.0 0.0 0.02841256 0.031730168 5.5700484e-06 0.0 0.044281818 0.039522942 0.0 0.0 0.123055406 0.023380065 0.0 0.0 0.0 0.0 0.0 0.03950477 0.0 0.024693104 0.0 0.0 0.0 0.0 0.0 0.0 0.010422894 0.039646234 0.05455164 0.0 0.024907371 0.0 0.0 0.0 0.030583793 0.0
0.0 0.0 0.0 0.0 0.0 0.030075582 0.0 0.0 0.0 0.0 0.0 0.0 0.08748077 0.047905248 0.04077215 0.0 0.0 0.0 0.0 0.07647105 0.0 0.0 0.008761416 0.008429805 0.0 0.0 0.07874487 0.029795 0.0 0.0 0.031988934 0.017771514 0.0 0.0 0.0 0.0 0.0 0.028735228 0.024693104 0.0 0.032942463 0.13051786 0.07843393 0.0 0.0035410926 0.11508769 0.0 0.038393445 0.011196037 0.0 0.05125475 0.0 0.0 0.0 0.014420678 0.0
0.0 0.032047898 0.0 0.0065829796 0.040511195 0.0025157256 0.078348495 0.0 0.12637262 0.010142041 0.09756966 0.041262917 0.0 0.0 0.019863134 0.0 0.015271773 0.031445988 0.0 0.022434054 0.0 0.0 0.0 0.0 0.008184508 0.0 0.08839942 0.0 0.0 0.0 0.0 0.0814661 0.0 0.0 0.0 0.1328615 0.0 0.0 0.0 0.032942463 0.0 0.024675308 0.032107398 0.0 0.0 0.2358143 0.026165055 0.0 0.0 0.0036818215 0.0 0.045019142 0.0 0.0 0.0 0.018104019
0.0 0.0 0.0 0.0 0.0 0.08921062 0.0 0.0 0.0 0.009871285 0.0 0.0 0.0 0.019702489 0.0 0.07619457 0.0 0.0 0.0 0.0026781876 0.0 0.03229008 0.16948058 0.008034802 0.0 0.008627985 0.058752917 0.15283464 0.0 0.0 0.026489759 0.0 0.0 0.0 0.0 0.0 0.0 0.0 0.0 0.13051784 0.024675308 0.0 0.0 0.0 0.0 0.004451675 0.0 0.0 0.0 0.0 0.014952222 0.0041480577 0.0 0.0 0.0 0.010598984
0.0 0.0 0.0 0.064900905 0.030356374 0.0 0.0 0.0 0.0 0.0 0.0 0.0 0.08718716 0.086157896 0.002604412 0.06486219 0.0 0.0 0.0 0.03824856 0.0 0.016388306 0.0116434265 0.0 0.0 0.0012838831 0.10749861 0.039704237 0.0 0.0 0.043874063 0.0 0.0 0.0 0.0 0.0 0.0 0.0 0.0 0.07843393 0.032107398 0.0 0.044846952 0.0 0.0 0.0 0.0 0.0 0.0 0.0 0.108421564 0.0 0.03125987 0.009452763 0.03350116 0.0
0.00402669 0.0 0.0 0.0 0.0 0.0 0.0 0.0 0.031457655 0.016197909 0.0 0.0 0.0 0.0 0.0 0.06575404 0.0 0.0053168647 0.0 0.0 0.020695033 0.0 0.15089905 0.19756016 0.0 0.0 0.033868603 0.02340918 0.0 0.0 0.0 0.0 0.00069862866 0.0 0.0 0.0 0.0 0.0 0.0 0.0 0.0 0.0 0.0 0.0 0.0 0.0 0.0 0.0 0.0 0.0 0.1278977 0.19987926 0.0 0.0 0.028305318 0.0
0.0 0.12850225 0.02246744 0.0 0.0 0.0 0.0 0.0 0.0 0.0 0.0 0.0 0.0 0.0 0.0 0.013796307 0.1265246 0.0 0.03163609 0.0 0.17819183 0.0 0.0 0.0 0.0 0.117439665 0.007416479 0.005732651 0.118148975 0.001883296 0.0 0.0 0.026714336 0.0 0.0 0.0054285764 0.0 0.0 0.0 0.0035410926 0.0 0.0 0.0 0.0 0.0 0.0 0.13257124 0.0 0.0 0.0 0.0 0.0 0.0 0.1937763 0.0 0.027311191
0.0 0.0 0.0 0.0 0.0 0.0 0.0 0.0 0.0 0.009478341 0.0 0.0 0.0 0.056107257 0.0 0.0 0.0 0.0 0.0 0.0 0.0 0.0088664 0.015434609 0.08283713 0.0 0.06646802 0.0 0.0 0.0 0.0 0.0 0.0 0.0 0.0 0.05839481 0.0 0.0 0.0 0.0 0.11508769 0.23581429 0.0044516753 0.0 0.0 0.0 0.0 0.0 0.0 0.0 0.055947036 0.010123476 0.0 0.0 0.041905988 0.077754915 0.0
0.0398913 0.0 0.10301533 0.0 0.0 0.06652442 0.0190127 0.0 0.0 0.047059197 0.0 0.014650903 0.0 0.0 0.099801056 0.0 0.021633312 0.015426702 0.0 0.061065488 0.0 0.06225898 0.0 0.0017097971 0.038453 0.0 0.010408578 0.0074968855 0.0 0.0 0.0 0.0 0.0 0.0 0.033563096 0.0 0.0 0.0 0.010422894 0.0 0.026165057 0.0 0.0 0.0 0.13257124 0.0 0.0 0.0 0.0 0.036962576 0.0 0.0 0.0 0.0 0.019780615 0.0
0.0 0.0 0.0 0.0 0.0 0.0 0.0 0.019414619 0.0 0.0 0.0 0.0 0.0 0.049264867 0.19401404 0.07082197 0.0 0.0 0.099678166 0.02784789 0.055429097 0.00731292 0.0 0.024305213 0.0 0.0 0.0 0.072236516 0.0 0.0 0.0 0.0 0.0 0.0 0.0 0.057491567 0.0 0.029758396 0.039646238 0.038393445 0.0 0.0 0.0 0.0 0.0 0.0 0.0 0.12014983 0.0047510895 0.0 0.04282859 0.0 0.0 0.073093235 0.012855716 0.0
0.019904336 0.0 0.0 0.0 0.041394264 0.14860243 0.0 0.0 0.0 0.0 0.0 0.0 0.064699054 0.0 0.0 0.0 0.0 0.092776395 0.0 0.0076095583 0.0 0.09590213 0.0 0.0 0.06254049 0.0 0.13848774 0.0 0.0 0.0 0.016740011 0.0 0.0 0.0 0.0 0.0 0.0 0.02205331 0.05455164 0.011196037 0.0 0.0 0.0 0.0 0.0 0.0 0.0 0.00475109 0.0 0.021169817 0.07473705 0.0 0.0 0.0 0.0 0.0
0.0 0.0 0.0022826788 0.0 0.1643411 0.0 0.0 0.012807903 0.12092152 0.0 0.12562984 0.0 0.0 0.0 0.0 0.0 0.02874193 0.0 0.0 0.0 0.0 0.0 0.063722745 0.0 0.053413182 0.0 0.0 0.0 0.0 0.0 0.0 0.09003029 0.0 0.0 0.0 0.012825081 0.0 0.024022363 0.0 0.0 0.0036818215 0.0 0.0 0.0 0.0 0.05594703 0.036962576 0.0 0.021169817 0.0 0.0 0.014796357 0.17131615 0.0 0.0 0.0
0.0 0.017785132 0.069334485 0.0 0.0 0.0 0.25380936 0.080207884 0.0 0.0 0.0 0.0 0.1171183 0.05440861 0.028271303 0.0 0.0 0.004689956 0.0 0.0 0.0 0.0 0.0 0.03524478 0.0 0.0015472001 0.0 0.0 0.0 0.0 0.0 0.0 0.0 0.0 0.0 0.06232073 0.0 0.03413529 0.024907371 0.05125475 0.0 0.014952223 0.10842157 0.1278977 0.0 0.010123476 0.0 0.04282859 0.07473705 0.0 0.0 0.0 0.0 0.0 0.0 0.0
0.0089141 0.0 0.0009957724 0.0 0.0 0.0 0.0 0.12061091 0.0 0.012647646 0.0 0.0 0.06061029 0.053296328 0.0 0.0 0.0 0.0 0.014735861 0.0 0.0 0.027150061 0.015605665 0.0 0.015706198 0.050916996 0.0 0.0 0.022075415 0.058402598 0.0 0.0011629298 0.0 0.0 0.06439796 0.04086238 0.0 0.0 0.0 0.0 0.045019142 0.0041480577 0.0 0.19987926 0.0 0.0 0.0 0.0 0.0 0.014796357 0.0 0.0 0.0 0.06027358 0.049329907 0.0
0.022734862 0.0 0.0 0.0 0.03520668 0.003069409 0.0 0.015138601 0.0 0.0 0.0 0.17388345 0.0 0.0 0.0 0.0 0.008961977 0.123595305 0.0 0.0 0.0 0.0 0.0 0.0 0.21272492 0.0 0.0 0.0 0.018013695 0.0 0.0 0.0 0.0 0.0 0.007952845 0.0 0.0 0.0 0.0 0.0 0.0 0.0 0.031259872 0.0 0.0 0.0 0.0 0.0 0.0 0.17131615 0.0 0.0 0.10793341 0.0 0.00075325416 0.15760544
0.05526889 0.0 0.0 0.0 0.0 0.0 0.0 0.04512241 0.0 0.1379873 0.056785688 0.0 0.0 0.0056133787 0.01201619 0.054770075 0.0 0.014479014 0.0 0.07586597 0.0 0.0 0.06710711 0.0 0.0 0.0 0.037404187 0.0 0.0 0.0 0.0 0.0 0.0 0.0 0.003264965 0.0 0.043338332 0.0 0.0 0.0 0.0 0.0 0.009452763 0.0 0.19377631 0.041905988 0.0 0.073093235 0.0 0.0 0.0 0.06027358 0.0 0.0 0.021558296 0.0
0.0 0.09570306 0.0 0.0 0.09276686 0.0 0.0030135838 0.03873808 0.18865028 0.02029526 0.014893148 0.0 0.0 0.0 0.0 0.0 0.014672598 0.0 0.10241258 0.0 0.0 0.0068434197 0.0 0.004771202 0.0 0.0 0.0 0.0 0.0 0.020474663 0.0 0.1697121 0.0 0.0 0.0 0.12842624 0.0 0.10157247 0.030583791 0.014420679 0.0 0.0 0.033501156 0.028305318 0.0 0.077754915 0.019780615 0.012855717 0.0 0.0 0.0 0.049329907 0.00075325416 0.021558296 0.0 0.0
0.0 0.0 0.0 0.0 0.0 0.0 0.0 0.012237458 0.0 0.0 0.0 0.12407212 0.0 0.0 0.0 0.0 0.31736073 0.0 0.0 0.0 0.0 0.0 0.12717177 0.0 0.046431754 0.0 0.0 0.0 0.03115641 0.0 0.0 0.0 0.03293574 0.0 0.0019386419 0.0 0.0 0.0 0.0 0.0 0.01810402 0.010598983 0.0 0.0 0.027311191 0.0 0.0 0.0 0.0 0.0 0.0 0.0 0.15760542 0.0 0.0 0.018730735
