0.020730875 0.0052539976 0.0 0.0 0.0 0.035438932 0.0 0.08369386 0.0 0.03243792 0.0 0.0 0.0 0.009806178 0.00549342 0.0 0.0 0.0 0.0 0.019856544 0.0 0.0383442 0.0 0.0 0.0062000747 0.039087903 0.024115648 0.002255129 0.0 0.0 0.020738771 0.0 0.04628752 0.0 0.057416115 0.0 0.015175216 0.015492072 0.029294953 0.0 0.032445252 0.05020841 0.038063228 0.0049635237 0.005569887 0.048523206 0.027246213 0.076819785 0.0 0.021315651 0.0 0.083632015 0.023419736 0.067067906 0.00620971 0.054985754
0.0052539976 0.18680117 0.0061322646 0.0476838 0.0 0.0 0.037069928 0.0 0.03209729 0.0 0.0050576054 0.088912025 0.07290579 0.0 0.007040257 0.011984547 0.068183824 0.0076119453 0.0 0.016635638 0.018791102 0.0 0.0 0.0 0.0 0.011590293 0.0 0.01625536 0.00024866956 0.023208307 0.016875602 0.0 0.05097123 0.07167971 0.0 0.03996914 0.0 0.0 0.0 0.014640174 0.0 0.0011889228 0.0 0.0 0.0 0.0009433202 0.03525938 0.020785436 0.002095827 0.007343274 0.024968663 0.0025083355 0.014990459 0.0 0.0 0.0
0.0 0.0061322646 0.0 0.0 0.028114986 0.0 0.0 0.0419612 0.008253475 0.0010454594 0.07421924 0.01694456 0.059783388 0.0 0.019074008 0.10132631 0.0 0.05456931 0.0 0.0 0.03445298 0.0 0.04830962 0.033039775 0.0 0.0 0.0050507816 0.026005674 0.08445777 0.006526859 0.04552204 0.0 0.048390035 0.012211287 0.0 0.02426792 0.037360188 0.0 0.0 0.0 0.0 0.0 0.0 0.022516191 0.0 0.0 0.036833197 0.0035727492 0.014882918 0.048820198 0.006856021 0.004183072 0.0 0.029901126 0.0 0.0
0.0 0.0476838 0.0 0.0 0.0 0.0 0.0 0.0 0.061676737 0.0634378 0.009863448 0.0 0.010469793 0.009082612 0.042192698 0.048249856 0.0156029435 0.0 0.06770295 0.0 0.0 0.0 0.06474528 0.05061716 0.0072665876 0.021299817 0.0047013923 0.05413147 0.0543922 0.005231035 0.0 0.0 0.0 0.0 0.0067232763 0.0133455135 0.0 0.0 0.0 0.13419248 0.083753556 0.01812635 0.0 0.021321397 0.004780249 0.0 0.0 0.0 0.0 0.0 0.006354294 0.02618322 0.0 0.0 0.0 0.0111325495
0.0 0.0 0.028114986 0.0 0.064126454 0.009338086 0.0 0.0 0.02868892 0.0050639 0.0041190055 0.007964881 0.0 0.0 0.0 0.009727766 0.008384708 0.03651587 0.015731739 0.0 0.044113252 0.11087347 0.0 0.02489098 0.0 0.0 0.023037253 0.0 0.041067466 0.070174 0.0 0.033737905 0.0 0.11741045 0.0 0.01191135 0.0 0.0 0.0 0.02079627 0.0 0.0 0.0 0.0 0.0 0.0037262589 0.041204423 0.0 0.09029733 0.027741645 0.0 0.0 0.024623856 0.0212452 0.0 0.0
0.035438932 0.0 0.0 0.0 0.0093380865 0.0 0.0 0.0023040813 0.048734445 0.0054646204 0.043306105 0.0 0.037779734 0.019042924 0.030304031 0.03342266 0.0 0.0 0.026721189 0.0 0.0016750902 0.015608394 0.121680826 0.101371 0.0 0.038806267 0.026814831 0.04065251 0.008487121 0.0 0.03828403 0.0 0.0 0.0037326948 0.02445921 0.046681773 0.0 0.0 0.0 0.027712962 0.0 0.0 0.028305707 0.0 0.04963283 0.0 0.0 0.0 0.021114105 0.0 0.042412482 0.0018816752 0.014985693 0.018110378 0.0011135115 0.0
0.0 0.037069928 0.0 0.0 0.0 0.0 0.023913639 0.0 0.026754364 0.0018637141 0.0026869725 0.050900828 0.026181918 0.0 0.002503963 0.046724718 0.08466763 0.048126753 0.033680033 0.07567152 0.015915748 0.0 0.0 0.0 0.0 0.014509044 0.0 0.027995976 0.0 0.016257094 0.044307962 0.0 0.031016344 0.0 0.0 0.0 0.028867291 0.0 0.051135883 0.041714445 0.0 0.0 0.0 0.05027432 0.014072354 0.0 0.010454599 0.041805804 0.0021419772 0.035459615 0.002473476 0.0 0.036465853 0.044846497 0.00078184897 0.006995579
0.08369387 0.0 0.0419612 0.0 0.0 0.0023040813 0.0 0.08654085 0.0 0.0 0.0 0.002803893 0.028081795 0.07075182 0.0073163877 0.0 0.0 0.0 0.0 0.0 0.0 0.021355828 0.0 0.03155201 0.0 0.025664363 0.05030509 0.011503498 0.044980086 0.017535716 0.0 0.0 0.0 0.028465785 0.041360855 0.0226636 0.012427438 0.0 0.0 0.010957765 0.051772702 0.012807928 0.015248328 0.08184445 0.0 0.032122124 0.0043681185 0.042331945 0.0 0.019353665 0.018819708 0.0715126 0.004152931 0.040977832 0.021886516 0.06348417
0.0 0.032097295 0.008253475 0.06167674 0.02868892 0.04873445 0.026754364 0.0 0.09323766 0.033371408 0.0 0.0 0.0016358712 0.0 0.015854035 0.014901196 0.0 0.0 0.06623989 0.0055766245 0.06405871 0.0042149834 0.0 0.0 0.0 0.0 0.016083764 0.0 0.0 0.0035417285 0.017670311 0.053529438 0.012113089 0.0 0.0 0.00030820371 0.010710155 0.016537849 0.0 0.009665003 0.0 0.016845532 0.015603071 0.021255758 0.0036121504 0.0 0.078745104 0.0129081495 0.14854947 0.0 0.0 0.0 0.10046955 0.0 0.009805227 0.0
0.03243792 0.0 0.0010454595 0.0634378 0.0050639003 0.0054646204 0.0018637141 0.0 0.033371408 0.0 0.0 0.0 0.009198058 0.0 0.078185625 0.0 0.0 0.011614441 0.053740937 0.043038175 0.020833028 0.0 0.01353765 0.06652393 0.009080368 0.0 0.020587794 0.012434263 0.0 0.0 0.040448736 0.05913613 0.059634913 0.0 0.04290933 0.052632395 0.03624151 0.05718261 0.0 0.013798433 0.0 0.0 0.0 0.0 0.0 0.015812015 0.0 0.07012537 0.024901578 0.0 0.0 0.010409707 0.0 0.02058458 0.0 0.0
0.0 0.0050576054 0.07421925 0.009863448 0.004119005 0.0433061 0.0026869725 0.0 0.0 0.0 0.00093848066 0.060930047 0.0 0.013067522 0.048593618 0.0 0.006034566 0.0007667892 0.10821729 0.025074951 0.061023545 0.028316796 0.0 0.0 0.017380456 0.03757075 0.03729378 0.0 0.0 0.0 0.025003744 0.0 0.0 0.05937802 0.0 0.0 0.0 0.015219656 0.011944195 0.035371553 0.0 0.0012994201 0.006747508 0.04032821 0.002901936 0.026301878 0.07176572 0.044394903 0.012685204 0.0 0.0 0.0 0.0318673 0.022073481 0.0 0.0029155088
0.0 0.088912025 0.01694456 0.0 0.007964881 0.0 0.050900828 0.002803893 0.0 0.0 0.06093005 0.0 0.061592314 0.008888129 0.0 0.0026712315 0.012641619 0.026100233 0.0 0.0 0.045284815 0.0 0.05109141 0.0 0.0 0.0003435253 0.040586263 0.021415884 0.041844256 0.079987936 0.0 0.0 0.0 0.006265395 0.0 0.113733396 0.0 0.05246764 0.0 0.014431498 0.0 0.0 0.0 0.003346766 0.004170029 0.023666374 0.018925542 0.0 0.022852054 0.0 0.024311224 0.0 0.0 0.06714607 0.0 0.0
0.0 0.07290579 0.05978338 0.010469793 0.0 0.037779734 0.02618192 0.028081795 0.0016358712 0.009198058 0.0 0.061592318 0.0 0.02364073 0.011454958 0.0070464327 0.0 0.009665219 0.0 0.0 0.028420122 0.038571287 0.0 0.0 0.1500158 0.0 0.0 0.0 0.042997003 0.006122207 0.014270598 0.0 0.0 0.028060881 0.0 0.0 0.0 0.0 0.012371266 0.025935944 0.0 0.02326664 0.0 0.03539938 0.0 0.029715458 0.06444053 0.013032209 0.0 0.0 0.0 0.0 0.084213845 0.008356489 0.034981307 0.021491533
0.009806178 0.0 0.0 0.009082612 0.0 0.019042924 0.0 0.070751816 0.0 0.0 0.013067521 0.008888129 0.02364073 0.10428337 0.0 0.0 0.0 0.0 0.0 0.028359449 0.0 0.0 0.0 0.02131421 0.021884752 0.0256132 0.0 0.052369032 0.0 0.0 0.0 0.0 0.026391098 0.0 0.01847201 0.019145386 0.033547934 0.0 0.0017895242 0.0052096504 0.08407671 0.055875298 0.0 0.0 0.028532755 0.0 0.0 0.024867667 0.0 0.037638158 0.1005865 0.053877812 0.021446599 0.028288795 0.038513415 0.089619175
0.0054934206 0.007040257 0.019074008 0.0421927 0.0 0.03030403 0.002503963 0.007316388 0.015854035 0.07818562 0.048593618 0.0 0.011454958 0.0 0.0 0.0 0.0 0.046634518 0.014025329 0.073013425 0.0264174 0.0148504125 0.019565077 0.0 0.0027034192 0.0006513388 0.023869198 0.0 0.0 0.003249955 0.0 0.004296658 0.03746717 0.028808914 0.025760386 0.00089010387 0.0 0.0 0.04707124 0.0 0.0 0.012306006 0.050084475 0.014641843 0.03443519 0.012129535 0.12358617 0.026521325 0.04835231 0.0 0.0 0.006356443 0.024539147 0.0 0.0 0.0
0.0 0.011984548 0.1013263 0.048249856 0.009727765 0.03342266 0.046724718 0.0 0.014901197 0.0 0.0 0.0026712315 0.0070464327 0.0 0.0 0.0 0.019799603 0.013136602 0.032818623 0.014596665 0.04510167 0.04149662 0.03334386 0.0 0.0 0.0 0.016391402 0.011130648 0.028061634 0.06839991 0.03160201 0.0 0.02829892 0.019309176 0.0 0.0 0.0 0.008301618 0.04714772 0.023604618 0.0016754043 0.088992454 0.027005505 0.030809004 0.0 0.027890785 0.033870533 0.014376507 4.5868095e-05 0.0016656686 0.0 0.0 0.025631389 0.004246213 0.0012179404 0.0
0.0 0.068183824 0.0 0.015602944 0.008384708 0.0 0.08466763 0.0 0.0 0.0 0.0060345666 0.012641619 0.0 0.0 0.0 0.019799603 0.037905242 0.052305415 0.0 0.0 0.0 0.0 0.0 0.0 0.053048488 0.0 0.0 0.0 0.0028236308 0.016503057 0.048414312 0.0 0.0 0.0 0.0 0.024239708 0.0014030918 0.0 0.057659443 0.0 0.0 0.0014816257 0.10369975 0.0 0.0 0.0 0.037323304 0.031357378 0.007596736 0.04692638 0.047352653 0.0 0.07945125 0.025638552 0.008492219 0.027047832
0.0 0.0076119453 0.05456931 0.0 0.03651587 0.0 0.048126753 0.0 0.0 0.011614441 0.0007667892 0.026100233 0.009665219 0.0 0.046634518 0.013136602 0.052305415 0.0 0.0 0.0 0.002990647 0.14405034 0.040820844 0.0 0.017723938 0.0 0.016870674 0.0 0.037648894 0.0071630115 0.010365034 0.04773812 0.03328639 0.033890333 0.026555095 0.0039606947 0.0 0.0 0.0 0.019690124 0.010157284 0.0 0.012261848 0.05175633 0.0 0.030940726 0.0 0.0 0.08606068 0.020104706 0.0064039985 0.0 0.01328927 0.010223915 0.0 0.0
0.0 0.0 0.0 0.06770295 0.015731737 0.026721189 0.033680033 0.0 0.0662399 0.053740937 0.10821729 0.0 0.0 0.0 0.01402533 0.032818623 0.0 0.0 0.0 0.0049484884 0.00534157 0.058510315 0.065874465 0.017135378 0.0 0.0 0.003018376 0.02370688 0.022350779 0.015456485 0.0 0.0026136343 0.009263066 0.0 0.0022922386 0.019208359 0.0 0.05647791 0.020586258 0.027091015 0.0 0.0 0.0 0.0 0.0 0.023214899 0.02334819 0.03819024 0.05245268 0.0 0.0044081802 0.0 0.0141539555 0.0 0.0 0.0
0.019856544 0.016635638 0.0 0.0 0.0 0.0 0.075671524 0.0 0.005576624 0.043038175 0.025074951 0.0 0.0 0.02835945 0.073013425 0.014596665 0.0 0.0 0.0049484884 0.0 0.014892934 0.10223768 0.0 0.0072039054 0.0 0.023536352 0.034208857 0.01930479 0.0345322 0.034942184 0.0 0.0 0.0 0.00890617 0.09132998 0.07762468 0.0013913275 0.022604538 0.0 0.06878754 0.0 0.0 0.0 0.028703187 0.030883813 0.0 0.0 0.0 0.0 0.046267826 0.026633155 0.0 0.024617964 0.041281544 0.0 0.029180288
0.0 0.018791102 0.03445298 0.0 0.044113252 0.0016750902 0.015915746 0.0 0.06405872 0.020833028 0.061023545 0.04528481 0.028420124 0.0 0.0264174 0.04510167 0.0 0.002990647 0.00534157 0.014892935 0.05674046 0.043270446 0.0 0.010075871 0.0012777873 0.0 0.0 0.0 0.060484957 0.06232512 0.071459554 0.03507448 0.008673154 0.046078216 0.0 0.051663883 0.0 0.0029554623 0.0 0.0 0.0 0.0 0.014876796 0.0 0.0 0.0 0.012889297 0.0 0.04738009 0.0071296203 0.004038635 0.0 0.0 0.0004143898 0.0033311755 0.0
0.038344197 0.0 0.0 0.0 0.110873476 0.015608394 0.0 0.021355828 0.004214984 0.0 0.028316796 0.0 0.03857129 0.0 0.014850413 0.04149662 0.0 0.14405033 0.058510315 0.10223769 0.04327045 0.0 0.003015135 0.029886482 0.02795042 0.037275635 0.0 0.010779692 0.004924854 0.024755644 0.046522446 0.014388859 0.014891917 0.021493463 0.0032105858 0.020189805 0.01171509 0.036239974 0.0 0.0 0.0 0.015740398 0.0 0.0 0.02095173 0.011320637 0.01757657 0.0076693436 0.0006826591 0.0 0.02231751 0.029770639 0.0 0.0 0.0 0.0
0.0 0.0 0.04830962 0.06474528 0.0 0.121680826 0.0 0.0 0.0 0.01353765 0.0 0.05109141 0.0 0.0 0.019565077 0.033343855 0.0 0.04082084 0.065874465 0.0 0.0 0.0030151352 0.0 0.0 0.06474616 0.017335933 0.012242486 0.026257146 0.0 0.0 0.0 0.0 0.052982673 0.0010061107 0.0016643603 0.0 0.0 0.0 0.008485309 0.0 0.025494624 0.11442288 0.024650265 0.03574609 0.0 0.01824023 0.009069443 0.0 0.0 0.0 0.0 0.02143127 0.07563504 0.0014508818 0.0 0.030026125
0.0 0.0 0.033039775 0.050617162 0.02489098 0.101371005 0.0 0.03155201 0.0 0.06652393 0.0 0.0 0.0 0.021314207 0.0 0.0 0.0 0.0 0.017135378 0.0072039054 0.010075871 0.029886482 0.0 0.0 0.056338567 0.028828701 0.017208902 0.0 0.0005161353 0.0052972743 0.0 0.0 0.03880037 0.03973793 0.035566095 0.018806081 0.013578863 0.09008039 0.05166621 0.011951425 0.0 0.034046326 0.0 0.0037451591 0.0 0.07262705 0.045194287 0.033537716 0.0 0.0 0.05130067 0.0 0.047727756 0.0012784266 0.0026817326 0.051000573
0.006200075 0.0 0.0 0.0072665876 0.0 0.0 0.0 0.0 0.0 0.009080368 0.017380456 0.0 0.15001582 0.021884752 0.0027034192 0.0 0.053048488 0.017723937 0.0 0.0 0.0012777873 0.027950421 0.064746164 0.05633857 0.0 0.046563078 0.029961415 0.059162326 0.072088644 0.022005761 0.0 0.0 0.0 0.0 0.0 0.047172885 0.0 0.0 0.0028869445 0.022639662 0.0 0.0 0.009287661 0.00032319635 0.052414212 0.0 0.0 0.044359833 0.0 0.028369734 0.0084092915 0.0 0.0 0.0 0.0071994066 0.0
0.039087903 0.011590292 0.0 0.021299817 0.0 0.038806267 0.014509043 0.025664365 0.0 0.0 0.037570752 0.0003435253 0.0 0.025613202 0.0006513388 0.0 0.0 0.0 0.0 0.023536352 0.0 0.037275635 0.01733593 0.028828701 0.046563078 0.072093345 0.028515639 0.030284772 0.0 0.0 0.025681471 0.0651235 0.03825249 0.007899886 0.01203844 0.0 0.0059138415 0.06979247 0.0 0.0 0.02390457 0.013418238 0.0 0.0 0.0032859123 0.094460696 0.012877343 0.045838907 0.0 0.0 0.071154736 0.025636306 0.0105530815 0.0 0.031025687 0.0
0.024115648 0.0 0.005050782 0.0047013923 0.023037251 0.02681483 0.0 0.050305095 0.016083766 0.020587794 0.03729378 0.040586263 0.0 0.0 0.023869198 0.016391402 0.0 0.016870674 0.0030183757 0.034208857 0.0 0.0 0.012242487 0.017208904 0.029961415 0.02851564 0.010552123 0.0 0.0 0.04264664 0.0 0.12810914 0.04680091 0.0 0.057159066 0.04583504 0.0 0.06862089 0.025202164 0.01577223 0.0056841415 0.051507723 0.0076866443 0.017506652 0.0 0.010971797 0.00048189276 0.048695248 0.0 0.005065619 0.010497981 0.0033260363 0.0 0.0 0.055176917 0.0055020144
0.002255129 0.01625536 0.026005674 0.054131474 0.0 0.04065251 0.027995976 0.011503498 0.0 0.012434263 0.0 0.021415884 0.0 0.052369032 0.0 0.011130648 0.0 0.0 0.02370688 0.01930479 0.0 0.010779692 0.026257146 0.0 0.059162326 0.030284772 0.0 0.009199669 0.0 0.0 0.055400647 0.025552688 0.016412672 0.028768588 0.005563284 0.0 0.01706052 0.0121263275 0.044664633 0.0 0.037523337 0.059708048 0.0 0.00056884927 0.0 0.023461303 0.017126037 0.0 0.0 0.028182441 0.01752629 0.040805094 0.009947013 0.033957403 0.051198144 0.045628212
0.0 0.00024866956 0.08445777 0.054392196 0.04106747 0.008487121 0.0 0.04498009 0.0 0.0 0.0 0.041844252 0.042997003 0.0 0.0 0.028061634 0.0028236308 0.037648894 0.022350777 0.0345322 0.06048496 0.004924854 0.0 0.0005161353 0.07208864 0.0 0.0 0.0 0.0131223 0.043085217 0.019077588 0.06279744 0.015515161 0.0 0.0 0.009003656 0.004711158 0.032907225 0.084914625 0.0 0.0 0.0 0.029378675 0.014055777 0.017985115 0.0 0.03046694 0.024305906 0.0745239 0.029961083 0.0 0.0 0.049256857 0.012612072 0.0 0.010516798
0.0 0.023208309 0.006526859 0.005231035 0.070174 0.0 0.016257096 0.017535718 0.0035417285 0.0 0.0 0.07998793 0.006122207 0.0 0.003249955 0.06839991 0.016503055 0.0071630115 0.015456484 0.034942184 0.06232512 0.024755646 0.0 0.005297274 0.022005761 0.0 0.04264664 0.0 0.04308522 0.20052451 0.0 0.0031074102 0.0012919841 0.033456948 0.0 0.014692045 0.0 0.004978832 0.0 0.0 0.0 0.0 0.027033513 0.0 0.032160595 0.0 0.024017781 0.0 0.047234923 0.0094780605 0.0 0.0 0.0066836346 0.0 0.0 0.0
0.020738771 0.016875602 0.04552204 0.0 0.0 0.03828403 0.044307962 0.0 0.017670311 0.040448736 0.025003746 0.0 0.014270598 0.0 0.0 0.03160201 0.048414312 0.010365034 0.0 0.0 0.071459554 0.046522446 0.0 0.0 0.0 0.025681471 0.0 0.055400647 0.019077586 0.0 0.0 0.0063518146 0.0010708651 0.08063952 0.0 0.013070276 0.0 0.032363378 0.006790831 0.056465846 0.0 0.0 0.0 0.028887508 0.0 0.0 0.0 0.0 0.0 0.0 0.0 0.008957743 0.0032105704 0.040795207 0.0026114867 0.0
0.0 0.0 0.0 0.0 0.033737905 0.0 0.0 0.0 0.053529438 0.05913613 0.0 0.0 0.0 0.0 0.0042966576 0.0 0.0 0.047738124 0.0026136343 0.0 0.03507448 0.014388859 0.0 0.0 0.0 0.0651235 0.12810914 0.025552688 0.06279744 0.0031074102 0.006351814 0.0 0.012014531 0.058652263 0.0 0.028627124 0.0 0.0 0.0 0.016726594 0.0 0.0 0.000926832 0.013731099 0.0 0.0034504074 0.0 0.0 0.0 0.06958532 0.02023682 0.0 0.0 0.0 0.0 0.008065243
0.04628752 0.050971225 0.048390035 0.0 0.0 0.0 0.031016344 0.0 0.012113089 0.059634916 0.0 0.0 0.0 0.0263911 0.03746717 0.02829892 0.0 0.03328639 0.009263066 0.0 0.008673155 0.014891917 0.052982673 0.038800374 0.0 0.03825249 0.04680091 0.016412672 0.01551516 0.001291984 0.001070865 0.012014531 0.0 0.012638898 0.030743243 0.008516562 0.004090817 0.0 0.02659402 0.005285113 0.0 0.0026241466 0.030519433 0.0 0.03301256 0.043549564 0.020256676 0.0060479175 0.0 0.031717453 0.0010714914 0.0 0.0 0.029853772 0.0027408272 0.0
0.0 0.071679704 0.012211287 0.0 0.11741046 0.003732695 0.0 0.028465783 0.0 0.0 0.059378017 0.0062653953 0.028060881 0.0 0.028808914 0.019309178 0.0 0.033890337 0.0 0.00890617 0.046078216 0.021493463 0.0010061106 0.039737925 0.0 0.007899886 0.0 0.028768588 0.0 0.03345695 0.08063951 0.058652263 0.012638899 0.0044947383 0.0 0.012258734 0.017708803 0.11271993 0.04070598 0.0 0.003580873 0.0 0.0 0.0 0.013173954 0.0 0.0451411 0.0 0.02957753 0.0 0.004391012 0.0022855108 0.0333112 0.0 0.038225066 0.0
0.05741612 0.0 0.0 0.006723276 0.0 0.024459207 0.0 0.041360855 0.0 0.042909335 0.0 0.0 0.0 0.018472012 0.025760386 0.0 0.0 0.026555095 0.0022922384 0.09132997 0.0 0.0032105858 0.0016643603 0.035566095 0.0 0.01203844 0.05715907 0.005563284 0.0 0.0 0.0 0.0 0.030743243 0.0 0.0 0.017488405 0.08106594 0.01987129 0.0 0.021107387 0.06371309 0.04762383 0.0 0.0 0.041586477 0.036373034 0.0 0.018968308 0.0 0.0 0.018048357 0.07060707 0.0 0.0145899635 0.04809166 0.007877636
0.0 0.039969143 0.02426792 0.0133455135 0.01191135 0.046681773 0.0 0.0226636 0.00030820374 0.0526324 0.0 0.113733396 0.0 0.019145386 0.0008901039 0.0 0.024239708 0.003960694 0.019208359 0.07762468 0.051663883 0.020189805 0.0 0.01880608 0.04717288 0.0 0.04583504 0.0 0.009003655 0.014692044 0.013070276 0.028627124 0.008516562 0.012258734 0.017488405 0.020388452 0.0023914804 0.004621587 0.01386011 0.0 0.0 0.006961708 0.0062563275 0.0540638 0.044313315 0.0 0.0 0.0 0.005976256 0.0 0.0 0.0 0.021684228 0.022969052 0.0 0.046903864
0.015175217 0.0 0.037360184 0.0 0.0 0.0 0.028867291 0.012427438 0.010710155 0.036241513 0.0 0.0 0.0 0.033547934 0.0 0.0 0.0014030917 0.0 0.0 0.0013913276 0.0 0.01171509 0.0 0.013578863 0.0 0.0059138415 0.0 0.01706052 0.0047111586 0.0 0.0 0.0 0.0040908176 0.017708803 0.08106593 0.0023914804 0.005765409 0.0 0.0 0.009487985 0.079183884 0.010488824 0.044575192 0.09013682 0.07610933 0.00488761 0.0 0.0056204274 0.0012588378 0.046125215 0.023734413 0.056225404 0.007535461 0.06382174 0.03284376 0.070676416
0.015492071 0.0 0.0 0.0 0.0 0.0 0.0 0.0 0.016537849 0.057182606 0.015219656 0.05246764 0.0 0.0 0.0 0.008301618 0.0 0.0 0.05647791 0.022604538 0.0029554623 0.036239974 0.0 0.09008039 0.0 0.06979248 0.0686209 0.0121263275 0.032907225 0.004978832 0.032363378 0.0 0.0 0.11271993 0.019871293 0.0046215868 0.0 0.0 0.0017224381 0.029237224 0.0 0.0 0.0 0.048653904 0.02364617 0.0 0.0 0.0 0.05312081 0.026894327 0.053150117 0.0 0.0 0.03041939 0.0 0.0
0.029294955 0.0 0.0 0.0 0.0 0.0 0.051135883 0.0 0.0 0.0 0.011944196 0.0 0.012371266 0.0017895242 0.047071245 0.047147725 0.05765944 0.0 0.020586256 0.0 0.0 0.0 0.008485309 0.051666208 0.0028869445 0.0 0.025202164 0.044664633 0.084914625 0.0 0.006790831 0.0 0.02659402 0.04070598 0.0 0.013860109 0.0 0.0017224381 0.07386066 0.037562877 0.0 0.041945204 0.0 0.0 0.025112817 0.0055613816 0.0 0.0252831 0.0470414 0.011540592 0.0 0.0 0.0 0.051561017 0.0 0.0
0.0 0.014640174 0.0 0.1341925 0.02079627 0.027712962 0.041714445 0.010957765 0.009665003 0.013798433 0.035371553 0.014431498 0.025935944 0.00520965 0.0 0.023604617 0.0 0.019690124 0.027091015 0.06878754 0.0 0.0 0.0 0.011951425 0.02263966 0.0 0.015772229 0.0 0.0 0.0 0.056465846 0.016726594 0.0052851136 0.0 0.021107385 0.0 0.009487984 0.029237224 0.037562877 0.0 0.0 0.028960476 0.0 0.0 0.0 0.0599173 0.022684898 0.06951944 0.013607491 0.0051014894 0.011340442 0.032533374 0.003117931 0.0 0.0 0.0
0.032445252 0.0 0.0 0.08375356 0.0 0.0 0.0 0.051772706 0.0 0.0 0.0 0.0 0.0 0.08407671 0.0 0.0016754043 0.0 0.010157284 0.0 0.0 0.0 0.0 0.025494624 0.0 0.0 0.02390457 0.0056841415 0.037523337 0.0 0.0 0.0 0.0 0.0 0.003580873 0.06371308 0.0 0.079183884 0.0 0.0 0.0 0.042863093 0.019507356 0.021895444 0.0 0.0025665422 0.02507866 0.0 0.048381127 0.0 0.0020742456 0.066414945 0.08954596 0.0 0.0 0.0846912 0.05412985
0.05020841 0.0011889228 0.0 0.018126352 0.0 0.0 0.0 0.012807928 0.016845532 0.0 0.0012994201 0.0 0.02326664 0.055875298 0.012306006 0.088992454 0.0014816257 0.0 0.0 0.0 0.0 0.015740398 0.11442288 0.034046326 0.0 0.013418237 0.051507723 0.059708048 0.0 0.0 0.0 0.0 0.0026241466 0.0 0.047623828 0.006961708 0.010488824 0.0 0.041945204 0.028960474 0.019507356 0.0 0.008629632 0.022169717 0.011396465 0.035287157 0.0 0.016504921 0.0 0.040901016 0.09982248 0.009793831 0.008753368 0.04056163 0.0688349 0.0
0.038063224 0.0 0.0 0.0 0.0 0.028305707 0.0 0.015248328 0.015603071 0.0 0.0067475075 0.0 0.0 0.0 0.05008447 0.027005505 0.10369975 0.012261849 0.0 0.0 0.014876796 0.0 0.024650265 0.0 0.009287661 0.0 0.007686645 0.0 0.029378675 0.027033515 0.0 0.000926832 0.030519435 0.0 0.0 0.0062563275 0.044575192 0.0 0.0 0.0 0.021895444 0.008629632 0.024455542 0.017849714 0.08264043 0.0 0.025672233 0.02494416 0.0 0.04557448 0.0 0.0044369767 0.0 0.0032011603 0.0 0.023058783
0.0049635237 0.0 0.022516191 0.021321397 0.0 0.0 0.050274316 0.08184446 0.021255756 0.0 0.04032821 0.003346766 0.03539938 0.0 0.014641844 0.030809006 0.0 0.05175633 0.0 0.028703189 0.0 0.0 0.03574609 0.003745159 0.00032319632 0.0 0.017506652 0.00056884927 0.014055777 0.0 0.028887508 0.0137311 0.0 0.0 0.0 0.0540638 0.09013682 0.048653904 0.0 0.0 0.0 0.022169717 0.017849714 0.0 0.04488874 0.022514036 0.0 0.0112221185 0.0053731836 0.0 0.01518554 0.0 0.033369087 0.0 0.03612199 0.0
0.005569887 0.0 0.0 0.004780249 0.0 0.04963283 0.014072355 0.0 0.0036121507 0.0 0.002901936 0.004170029 0.0 0.028532755 0.03443519 0.0 0.0 0.0 0.0 0.030883813 0.0 0.020951731 0.0 0.0 0.052414216 0.0032859123 0.0 0.0 0.017985117 0.032160595 0.0 0.0 0.033012558 0.013173955 0.041586477 0.04431332 0.07610933 0.02364617 0.025112817 0.0 0.0025665422 0.011396465 0.08264044 0.04488874 0.0 0.0709752 0.015839435 0.0 0.0013618061 0.109604165 0.026800081 0.06905524 0.0 0.032641448 0.043311395 0.0
0.048523206 0.0009433202 0.0 0.0 0.0037262586 0.0 0.0 0.032122124 0.0 0.015812015 0.026301878 0.023666374 0.029715458 0.0 0.012129536 0.027890785 0.0 0.030940725 0.023214899 0.0 0.0 0.011320637 0.01824023 0.07262706 0.0 0.094460696 0.010971797 0.023461303 0.0 0.0 0.0 0.0034504074 0.043549564 0.0 0.036373034 0.0 0.00488761 0.0 0.005561382 0.059917297 0.02507866 0.035287157 0.0 0.022514036 0.07097521 0.071129985 0.008805013 0.0022319232 0.0 0.013638257 0.0 0.011110275 0.0 0.0 0.09083915 0.012133953
0.02724621 0.03525938 0.036833193 0.0 0.041204423 0.0 0.010454599 0.0043681185 0.078745104 0.0 0.07176572 0.018925542 0.064440526 0.0 0.12358618 0.033870533 0.0373233 0.0 0.02334819 0.0 0.012889297 0.01757657 0.009069444 0.04519429 0.0 0.012877343 0.00048189278 0.017126039 0.03046694 0.024017781 0.0 0.0 0.020256676 0.0451411 0.0 0.0 0.0 0.0 0.0 0.022684898 0.0 0.0 0.025672235 0.0 0.015839435 0.008805013 0.0 0.0 0.002634372 0.0 0.0 0.0 0.0061813495 0.037322614 0.0 0.0
0.076819785 0.020785436 0.0035727492 0.0 0.0 0.0 0.041805804 0.042331945 0.0129081495 0.07012537 0.044394903 0.0 0.013032208 0.024867667 0.026521323 0.014376506 0.031357378 0.0 0.038190234 0.0 0.0 0.007669343 0.0 0.033537716 0.044359833 0.045838907 0.048695248 0.0 0.024305906 0.0 0.0 0.0 0.0060479175 0.0 0.018968308 0.0 0.0056204274 0.0 0.0252831 0.06951944 0.04838113 0.016504921 0.024944158 0.0112221185 0.0 0.0022319232 0.0 0.0 0.0 0.024680829 0.0012123077 0.0017953047 0.0 0.035814974 0.0 0.06403967
0.0 0.002095827 0.01488292 0.0 0.090297334 0.021114103 0.0021419772 0.0 0.14854948 0.024901578 0.012685204 0.022852052 0.0 0.0 0.04835231 4.5868095e-05 0.007596736 0.08606069 0.05245268 0.0 0.047380086 0.0006826591 0.0 0.0 0.0 0.0 0.0 0.0 0.0745239 0.047234923 0.0 0.0 0.0 0.02957753 0.0 0.0059762564 0.0012588379 0.05312081 0.0470414 0.013607491 0.0 0.0 0.0 0.005373184 0.001361806 0.0 0.002634372 0.0 0.029464103 0.0 0.0 0.0061801793 0.0 0.018271687 0.0 0.0
0.021315651 0.007343274 0.0488202 0.0 0.027741645 0.0 0.03545961 0.019353667 0.0 0.0 0.0 0.0 0.0 0.037638158 0.0 0.0016656686 0.04692638 0.020104708 0.0 0.046267826 0.0071296203 0.0 0.0 0.0 0.028369734 0.0 0.0050656195 0.028182441 0.029961085 0.0094780605 0.0 0.06958532 0.031717453 0.0 0.0 0.0 0.046125215 0.026894325 0.011540593 0.005101489 0.0020742456 0.04090102 0.045574483 0.0 0.109604165 0.013638257 0.0 0.02468083 0.0 0.0 0.051748343 0.011379161 0.02372474 0.0 0.0 0.059135802
0.0 0.024968663 0.006856021 0.006354294 0.0 0.04241248 0.002473476 0.01881971 0.0 0.0 0.0 0.024311226 0.0 0.1005865 0.0 0.0 0.04735265 0.0064039985 0.0044081802 0.026633155 0.0040386347 0.02231751 0.0 0.05130067 0.0084092915 0.071154736 0.010497982 0.01752629 0.0 0.0 0.0 0.020236818 0.0010714913 0.0043910113 0.018048357 0.0 0.023734413 0.05315012 0.0 0.011340442 0.066414945 0.09982248 0.0 0.015185541 0.026800081 0.0 0.0 0.0012123077 0.0 0.051748343 0.0 0.0027007924 0.04247114 0.0 0.008251612 0.02063194
0.08363201 0.0025083357 0.004183072 0.026183218 0.0 0.0018816753 0.0 0.07151261 0.0 0.010409708 0.0 0.0 0.0 0.053877812 0.0063564433 0.0 0.0 0.0 0.0 0.0 0.0 0.029770637 0.02143127 0.0 0.0 0.025636306 0.003326036 0.040805094 0.0 0.0 0.008957744 0.0 0.0 0.0022855108 0.07060707 0.0 0.056225404 0.0 0.0 0.032533374 0.08954596 0.009793831 0.0044369763 0.0 0.06905524 0.011110276 0.0 0.0017953047 0.0061801793 0.011379161 0.0027007922 0.0 0.0 0.025082476 0.032103337 0.1025673
0.023419734 0.014990458 0.0 0.0 0.024623856 0.014985694 0.036465853 0.004152931 0.100469545 0.0 0.031867303 0.0 0.084213845 0.021446599 0.024539147 0.025631387 0.079451256 0.013289271 0.0141539555 0.024617964 0.0 0.0 0.07563504 0.047727756 0.0 0.0105530815 0.0 0.009947012 0.049256857 0.0066836346 0.0032105704 0.0 0.0 0.033311196 0.0 0.021684228 0.0075354604 0.0 0.0 0.0031179313 0.0 0.008753368 0.0 0.033369087 0.0 0.0 0.0061813495 0.0 0.0 0.02372474 0.042471144 0.0 0.0 0.03067613 0.0 0.0
0.0670679 0.0 0.029901128 0.0 0.021245198 0.018110376 0.044846497 0.040977832 0.0 0.02058458 0.022073481 0.06714606 0.008356489 0.028288793 0.0 0.004246213 0.025638552 0.010223916 0.0 0.041281544 0.0004143898 0.0 0.0014508818 0.0012784266 0.0 0.0 0.0 0.0339574 0.012612073 0.0 0.040795207 0.0 0.029853772 0.0 0.0145899635 0.022969052 0.06382174 0.03041939 0.051561017 0.0 0.0 0.040561628 0.0032011603 0.0 0.032641444 0.0 0.037322614 0.035814974 0.018271688 0.0 0.0 0.025082475 0.03067613 0.044256233 0.0 0.1187685
0.00620971 0.0 0.0 0.0 0.0 0.0011135115 0.00078184897 0.021886516 0.009805226 0.0 0.0 0.0 0.034981307 0.038513415 0.0 0.0012179405 0.008492218 0.0 0.0 0.0 0.0033311758 0.0 0.0 0.0026817326 0.007199406 0.031025685 0.055176914 0.051198147 0.0 0.0 0.0026114867 0.0 0.0027408272 0.03822507 0.04809166 0.0 0.032843765 0.0 0.0 0.0 0.0846912 0.06883489 0.0 0.03612199 0.043311395 0.09083915 0.0 0.0 0.0 0.0 0.008251613 0.032103337 0.0 0.0 0.12990391 0.04154356
0.054985758 0.0 0.0 0.0111325495 0.0 0.0 0.006995579 0.06348417 0.0 0.0 0.0029155088 0.0 0.021491533 0.089619175 0.0 0.0 0.02704783 0.0 0.0 0.029180288 0.0 0.0 0.030026125 0.051000576 0.0 0.0 0.005502015 0.045628212 0.010516797 0.0 0.0 0.008065243 0.0 0.0 0.007877636 0.046903864 0.07067642 0.0 0.0 0.0 0.054129846 0.0 0.023058781 0.0 0.0 0.012133953 0.0 0.06403967 0.0 0.059135802 0.02063194 0.10256729 0.0 0.118768506 0.041543555 0.01778821
