0.032111783 0.016632218 0.0 0.012743159 0.0 0.009539508 0.0 0.105023555 0.07480597 0.0 0.0 0.002658092 0.0 0.0 0.004479091 0.0069132377 0.0036162594 0.021844927 0.029298618 0.0 0.0 0.0067976983 0.04531264 0.04795272 0.06161328 0.029997583 0.0 0.0 0.03401572 0.0 0.0 0.0 0.0 0.0 0.03435783 0.0495872 0.0 0.0 0.008176122 0.0 0.008536818 0.0 0.0041169836 0.0 0.051068112 0.0066830493 0.0 0.0030146714 0.0 0.0029182818 0.07800608 0.06414776 0.0 0.010796341 0.06168794 0.0018800909
0.016632218 0.0048645656 0.0 0.0 0.0034715326 0.021314878 0.0 0.001487526 0.021227755 0.07513515 0.029515203 0.008217461 0.054451246 0.052199807 0.03994291 0.027329072 0.0 0.016634958 0.002485475 0.0 0.026304998 0.008360278 0.0 0.098030575 0.013586986 0.00028065263 0.08396188 0.04056187 0.008706211 0.010239877 0.01921527 0.0 0.0 0.012536459 0.007825409 0.011749855 0.061391108 0.013716645 0.0 0.013136736 0.0 0.0 0.002686955 0.0023510712 0.038533237 0.0 0.0 0.0 0.014468791 0.053861037 0.03293001 0.015442556 0.0 0.0013655334 0.03866333 0.0
0.0 0.0 0.11045219 0.0149442805 0.075670965 0.021911982 0.06007817 0.016446766 0.0 0.0 0.0 0.0028494874 0.0 0.0 0.13647202 0.03811378 0.0036633736 0.035890684 0.040587865 0.09484935 0.014844592 0.0 0.0065552513 0.00043227887 0.016821494 0.00018031232 0.003813984 0.003312058 0.02699497 0.04897254 0.0 0.013732608 0.0 0.030647743 0.0 0.0 0.011928661 0.003579185 0.0065866243 0.0023390988 0.0 0.050502747 0.01661885 0.009184141 0.0 0.007224748 0.0053258925 0.061734334 0.08800302 0.0 0.00948892 0.0 0.0 0.0 0.0 0.0
0.012743159 0.0 0.0149442805 0.0 0.052776456 0.010219372 0.107796855 0.0 0.007522765 0.0 0.023780446 0.0 0.051781803 0.0 0.0 0.017659714 0.0 0.016754732 0.0 0.0 0.0 0.0 0.0 0.0 0.0 0.0 0.0 0.044285607 0.0067951344 0.002404148 0.0 0.0 0.0 0.0 0.01917199 0.0 0.059084177 0.0 0.0 0.0 0.011140536 0.09529151 0.0 0.0 0.03203997 0.04589085 0.04270654 0.024237566 0.0 0.11727069 0.0 0.0 0.0 0.004087597 0.02473793 0.071729586
0.0 0.003471533 0.07567097 0.052776456 0.04110862 0.0145708565 0.0 0.0 0.0028260525 0.008825479 0.0 0.0 0.02337675 0.008872372 0.0 0.10801982 0.0 0.029849546 0.016821023 0.066150405 0.017394347 0.0 0.031156363 0.0114238355 0.0 0.0 0.06354412 0.07136415 0.0021788112 0.010139151 0.022403257 0.039703928 0.013074991 0.0074997675 0.017690137 0.0 0.015642699 0.0 0.0 0.0 0.0048157373 0.016842188 0.0 0.0012538298 0.0 0.07529189 0.08790489 0.0 0.0 0.0 0.0 0.021361433 0.01977525 0.0 0.045694023 0.0
0.009539508 0.021314876 0.021911982 0.010219372 0.014570857 0.0 0.0518167 0.008723319 0.0 0.009984195 0.0 0.01288319 0.042996105 0.05206702 0.0095668705 0.010376834 0.003059671 0.039602716 0.01569116 0.010157389 0.0 0.0014879194 0.013655808 0.010513388 0.0040568756 0.0 0.04045923 0.04919803 0.0 0.019460926 0.009423316 0.0 0.0 0.052461118 0.0 0.0 0.03627315 0.0 0.017468676 0.0 0.004839654 0.061990075 0.01966394 0.054287422 0.0 0.0 0.049285132 0.0 0.04463696 0.0 0.0 0.0 0.01990208 0.0 0.010077505 0.07624913
0.0 0.0 0.06007817 0.10779685 0.0 0.051816702 0.03413926 0.0 0.0070780306 0.022327319 0.0 0.0142312115 0.0012807674 0.0 0.058542557 0.0 0.022363247 0.013336856 0.0 0.026529532 0.0050213668 0.037364114 0.0036804304 0.0 0.022396075 0.0 0.028580096 0.0051346165 0.0019355497 0.022570964 0.058720425 0.0 0.0 0.01156135 0.0 0.019257464 0.016765509 0.016757213 0.0024136107 0.0011337401 0.0 0.014610599 0.035846416 0.0079289405 0.0 0.0 0.011211793 0.066471145 0.04750782 0.031795736 0.0133913215 0.029923525 0.0068698893 0.03108054 0.01904708 0.0027878399
0.105023555 0.001487526 0.016446766 0.0 0.0 0.008723319 0.0 0.026286222 0.0066286307 0.0 0.0 0.0 0.0 0.0020969526 0.0 0.0 0.0 0.0 0.0 0.0 0.0 0.0570032 0.10072105 0.05412405 0.0033606566 0.009836297 0.009316894 0.010657218 0.005533119 0.02806224 0.0 0.014469939 0.013132233 0.0 0.10500048 0.0031490196 0.0 0.004961108 0.022978432 0.065771766 0.034401134 0.0 0.0 0.0 0.011570869 0.0 0.0 0.0 0.0 0.07835408 0.007975039 0.039715562 0.0022394918 0.09911236 0.053717837 0.03072543
0.07480597 0.021227755 0.0 0.0075227646 0.0028260525 0.0 0.00707803 0.0066286307 0.0 0.027202485 0.0 1.5316033e-07 0.03975386 0.045941982 0.0056190146 0.017121743 0.02384455 0.0 0.0 0.016000638 0.0 0.003392037 0.0 0.018675132 0.031552497 0.057038102 0.109058514 0.076382294 0.006950765 0.0 0.0 0.015819127 0.015589857 0.0010819846 0.045408312 0.012877544 0.010184942 0.0040962477 0.0 0.060786948 0.07748162 0.063734405 0.0 0.0 0.0 0.02440834 0.026452303 0.0 0.0032469458 0.0 0.0 0.014108124 0.0 0.05798388 0.008972162 0.0
0.0 0.07513515 0.0 0.0 0.008825479 0.009984195 0.022327319 0.0 0.027202485 0.031741966 0.022540824 0.025875883 0.004734432 0.023267778 0.0 0.013947937 0.023119532 0.024333782 0.0 0.02721314 1.3173357e-07 0.002712323 0.012904072 0.0062526898 0.0 0.050121922 0.006466611 0.017662585 0.0 0.014965038 0.0 0.0 0.036754478 0.0 0.026729597 0.007867457 0.005914715 0.0 0.021401785 0.0 0.06277407 0.0 0.006785517 0.0 0.0047984403 0.015906198 0.0041820933 0.0 0.043587193 0.0057529453 0.10428521 0.13824084 0.0 0.006439357 0.015335283 0.01842595
0.0 0.029515205 0.0 0.023780445 0.0 0.0 0.0 0.0 0.0 0.022540826 0.0 0.0 0.016049903 0.050453383 0.0 0.02332984 0.0077663786 0.0 0.02125633 0.0 0.016957093 0.011486947 0.0019172408 0.014425928 0.0 0.06254376 0.07007156 0.06513699 0.0037472444 0.010269029 0.047375284 0.0 0.0 0.019382868 0.0 0.0 0.008117372 0.0 0.048949044 0.029158378 0.03529033 0.04272485 0.021095922 0.0 0.0 0.041956823 0.005266532 0.0 0.0 0.0 0.020658365 0.0808314 0.0 0.034222364 0.060485855 0.0
0.0026580917 0.008217461 0.0028494876 0.0 0.0 0.01288319 0.014231211 0.0 1.5316033e-07 0.025875883 0.0 0.05722942 0.048189964 0.0318857 0.023972858 0.003462431 0.0 0.01251372 0.030664373 0.0 0.044393998 0.0 0.015910745 0.037721682 0.008005783 0.0 0.0 0.04834558 0.012254443 0.0 0.0 0.0 0.0 0.025672762 0.018952928 0.0 0.0 0.0 0.0065967394 0.044847712 0.07992602 0.029411724 0.029419076 0.09543152 0.041392505 0.0 0.043244842 0.054633483 0.029647328 0.0 0.0024599251 0.0 0.018104084 0.0 0.0020748128 0.02304623
0.0 0.054451242 0.0 0.051781807 0.023376752 0.042996105 0.0012807674 0.0 0.039753858 0.0047344314 0.016049903 0.048189964 0.0149494205 0.0 0.067142 0.0 0.005237779 0.017581465 0.07195954 0.0073586563 0.05625057 0.0 0.0 0.0013470753 0.048245467 0.0 0.0 0.0025811293 0.010762734 0.05453915 0.050063472 0.056901015 0.0049645486 0.0 0.0 0.06897584 0.0 0.0412783 0.03232895 0.0 0.0350248 0.0019880335 0.024359338 0.0 0.01563152 0.05796922 0.0 0.0152704595 0.050637003 0.0 0.012738521 0.015579345 0.0 0.0015506428 0.0069696857 0.0
0.0 0.052199807 0.0 0.0 0.008872372 0.05206702 0.0 0.0020969529 0.045941982 0.023267778 0.050453383 0.0318857 0.0 0.0 0.0 0.0 0.0 0.0 0.09826282 0.0 0.12566227 0.021257278 0.027280167 0.0057964325 0.02602954 0.021274393 0.0 0.013235225 0.0 0.0 0.04861978 0.044237435 0.05668055 0.025134446 0.014776635 0.017022688 0.0 0.11019245 0.03626709 0.0 0.0 0.0 0.017134193 0.0 0.0017357938 0.0142176375 0.0 0.0 0.0 0.0 0.03003673 0.0 0.02278017 0.0024464426 0.0 0.0
0.004479091 0.039942913 0.136472 0.0 0.0 0.009566871 0.058542557 0.0 0.0056190146 0.0 0.0 0.023972856 0.067141995 0.0 0.0 0.0 0.14255336 0.013543116 0.0 0.0 6.578136e-21 0.0045937053 0.0 0.0002554753 0.013009438 0.0 0.0003383558 0.0 0.021530861 0.055440128 0.0 0.025270438 0.034588166 0.07080742 0.0 0.0 0.0051876763 0.0 0.0 0.0 0.0 0.026769647 0.0 0.009075272 0.0 0.0028133616 0.02599251 0.0 0.0 0.0048224023 0.0 0.0 0.026838198 0.03568496 0.00085020065 0.0
0.0069132377 0.027329072 0.03811378 0.017659714 0.10801982 0.010376834 0.0 0.0 0.017121743 0.013947937 0.02332984 0.003462431 0.0 0.0 0.0 0.0 0.0 0.08706746 0.029560192 0.0 0.024500463 0.0052616643 0.03508153 0.0 0.004867555 0.0 0.049293865 0.0 0.0 0.021225657 0.072151884 0.09076975 0.021859743 0.0 0.0 0.03156428 0.01788621 0.035922673 0.0 0.0071944273 0.0 0.0 0.010206424 0.0 0.0 0.005609537 0.0 0.04577495 0.038545508 0.02127706 0.0 0.0 0.0 0.012841816 0.022307282 0.0
0.0036162592 0.0 0.0036633734 0.0 0.0 0.003059671 0.022363247 0.0 0.023844551 0.023119532 0.0077663786 0.0 0.005237779 0.0 0.14255336 0.0 0.0 0.03289193 0.08818035 0.0 0.06433382 0.03921723 0.02062959 0.02531676 0.004691966 0.033341225 0.020590737 0.0268315 0.0031834359 0.028731754 0.0278703 0.0 0.013052251 0.04307852 0.0 0.050126594 0.08306157 0.025940701 0.0 0.0 0.0 0.0 0.012505147 0.040095888 0.0 0.0 0.0 0.0 0.028871518 0.0 0.021856753 0.0 0.0 0.0 0.0 0.0
0.021844927 0.016634958 0.035890684 0.016754732 0.029849548 0.03960272 0.013336856 0.0 0.0 0.024333782 0.0 0.01251372 0.017581465 0.0 0.013543117 0.08706746 0.032891925 0.0799477 0.0 0.014876565 0.0 0.0 0.003299589 0.021760227 0.016362734 0.009733342 0.008888572 0.004635649 0.02957366 0.037820242 0.0 0.00044487877 0.0 0.043061092 0.0 0.0 0.057041723 0.0 0.0 0.02629664 0.021723967 0.123149276 0.0 0.02036107 0.0025936319 0.031163694 0.04369724 0.041363765 0.0 0.0 0.0 0.0 0.007168471 0.0 0.0 0.0
0.029298618 0.002485475 0.04058787 0.0 0.016821025 0.015691157 0.0 0.0 0.0 0.0 0.02125633 0.030664375 0.07195954 0.09826281 0.0 0.029560192 0.088180356 0.0 0.0 0.0 0.0 0.0 0.0 0.025482306 0.009159661 0.0015816662 0.013798393 0.0 0.0 0.030717557 0.0 0.0 0.0 0.0 0.0018518284 0.0 0.0 0.069743104 0.0 0.013714476 0.0 0.01633119 0.0 0.0 0.0 0.0 0.061661996 0.0 0.0 0.0 0.0 0.037676986 0.0 0.0 0.010982902 0.0
0.0 0.0 0.09484935 0.0 0.066150405 0.01015739 0.026529532 0.0 0.01600064 0.02721314 0.0 0.0 0.0073586567 0.0 0.0 0.0 0.0 0.014876565 0.0 0.0 0.006561498 0.012678127 0.0 0.0 0.04700642 0.0 0.0 0.0 0.024108103 0.017398711 0.07896686 0.0 0.0 0.020963268 0.021296619 0.0 0.0 0.030831272 0.0 0.0 0.0 0.07397199 0.047335792 0.016322048 0.0 0.0 0.12231789 0.0 0.0 0.0 0.0017021517 0.0 0.0 0.0 0.0 0.0
0.0 0.026304996 0.014844592 0.0 0.017394347 0.0 0.0050213668 0.0 0.0 1.3173357e-07 0.016957095 0.044393998 0.056250565 0.12566225 6.578136e-21 0.024500465 0.06433382 0.0 0.0 0.006561498 0.0 0.0 0.0 0.00930659 0.0 0.0 0.037824884 0.032122746 0.03354318 0.0 0.0069691744 0.0 0.0 0.0755654 0.03286934 0.0 0.041564576 0.0 0.0 0.0053599435 0.04594806 0.034566473 0.0 0.037723336 0.0 0.0 0.02645609 0.0 0.022534268 0.026490657 0.0 0.0 0.0 0.0 0.0 0.0
0.006797698 0.008360278 0.0 0.0 0.0 0.0014879194 0.037364114 0.0570032 0.003392037 0.002712323 0.011486946 0.0 0.0 0.021257278 0.0045937053 0.0052616643 0.03921723 0.0 0.0 0.012678128 0.0 0.0 0.0 0.0 0.031705163 0.026674155 0.0 0.005660204 0.016827524 0.0024082933 0.0 0.0 0.019969158 0.0014740579 0.042780127 0.013457831 0.040773902 0.020995667 0.0 0.104912564 0.054220114 0.0 0.004100035 0.0055474113 0.009029574 0.0 0.0 0.055176947 0.0 0.07388649 0.010566027 0.0031031203 0.0019708967 0.044608444 0.028793223 0.12027051
0.04531264 0.0 0.0065552513 0.0 0.031156361 0.013655809 0.0036804301 0.10072105 0.0 0.012904072 0.0019172408 0.015910745 0.0 0.027280167 0.0 0.03508153 0.02062959 0.003299589 0.0 0.0 0.0 0.0 0.0 0.052463993 0.0 0.014965238 0.0 0.06096215 0.048370436 0.0 0.0 0.0130387135 0.0 0.009308639 0.09118563 0.0 0.028971542 0.0 0.002333027 0.008527318 0.06788728 0.008173435 0.0 0.01858765 0.013522546 0.0 0.012449862 0.0 0.0 0.089496754 0.062842496 0.0055230153 0.013534737 0.017125292 0.052280534 0.015302194
0.047952715 0.098030575 0.00043227884 0.0 0.0114238355 0.010513388 0.0 0.05412405 0.018675132 0.0062526898 0.014425929 0.037721682 0.0013470754 0.0057964325 0.0002554753 0.0 0.025316762 0.021760227 0.025482308 0.0 0.00930659 0.0 0.052463993 0.06749584 0.029951552 0.00012025667 0.025530126 0.0 0.04047981 0.0 0.0 0.06773608 0.054109745 0.0 0.0064513907 0.036606368 0.0 0.025899729 0.0095805405 0.013607681 0.0 0.005968969 0.030608557 0.0 0.023312861 0.002715973 0.014371084 0.0 0.040217236 0.010221817 0.018810535 0.04971135 0.023783581 0.024915341 0.0 0.0
0.061613284 0.013586986 0.016821494 0.0 0.0 0.0040568756 0.022396075 0.0033606563 0.031552497 0.0 0.0 0.008005783 0.048245467 0.02602954 0.013009437 0.0048675546 0.004691966 0.016362736 0.00915966 0.047006417 0.0 0.03170516 0.0 0.02995155 0.0 0.070133515 0.037345987 0.047972646 0.0022386813 0.008492931 0.04458477 0.0118214805 0.018014727 0.0 0.004352326 0.0020044714 0.045879994 0.0 0.006079848 0.018164324 0.0023533055 0.03407415 0.02975691 0.045355182 0.0 0.022687124 0.060008418 0.042644624 0.016207125 0.0 0.0067282896 0.015667148 0.0 0.0 0.027281158 0.020909704
0.029997585 0.00028065263 0.0001803123 0.0 0.0 0.0 0.0 0.009836297 0.057038102 0.050121922 0.06254376 0.0 0.0 0.021274393 0.0 0.0 0.033341225 0.009733342 0.0015816663 0.0 0.0 0.026674153 0.014965239 0.000120256664 0.070133515 0.058857013 0.0 0.0 0.029349096 0.0 0.0 0.0 0.029201798 0.025910258 0.028475087 0.056185942 0.03479601 0.034368582 0.026394332 0.06309412 0.018930368 0.0 0.079210535 0.0 0.036580812 0.0 0.0 0.023256527 0.0 0.0018819635 0.028092312 0.022990707 0.007124566 0.0 0.06029768 0.008703182
0.0 0.08396188 0.003813984 0.0 0.06354412 0.04045923 0.028580096 0.009316894 0.10905852 0.006466611 0.07007157 0.0 0.0 0.0 0.0003383558 0.04929386 0.020590737 0.008888572 0.013798393 0.0 0.037824884 0.0 0.0 0.025530124 0.037345987 0.0 0.0 0.0 0.011483946 0.0 0.012345166 0.04385456 0.033591263 0.0 0.0 0.035669934 0.0 0.039501604 0.011454731 0.0 0.0 0.0040190993 0.011487342 0.0 0.0 0.058793217 0.0 0.042145487 0.059878543 0.0 0.02191792 0.0 0.06583286 0.0 0.00049001287 0.0
0.0 0.04056187 0.0033120583 0.044285607 0.07136415 0.04919803 0.0051346165 0.010657218 0.076382294 0.017662585 0.06513699 0.04834558 0.0025811295 0.013235226 0.0 0.0 0.026831498 0.004635649 0.0 0.0 0.032122746 0.0056602038 0.060962148 0.0 0.047972646 0.0 0.0 0.0 0.0 0.018546361 0.049326535 0.026129955 0.023846677 0.0 0.0 0.048869956 0.0 0.10612443 0.016548013 0.021208307 0.034968104 0.0 0.024913961 0.0 0.0 0.0 0.0 0.0 0.0 0.0 0.01293849 0.01711381 0.016264709 0.0219618 0.0 0.0
0.034015723 0.00870621 0.02699497 0.006795135 0.0021788112 0.0 0.0019355497 0.005533119 0.0069507654 0.0 0.0037472444 0.012254443 0.010762734 0.0 0.021530861 0.0 0.0031834356 0.029573662 0.0 0.024108103 0.03354318 0.016827524 0.048370432 0.040479805 0.0022386813 0.029349096 0.011483946 0.0 0.0 0.022432413 0.034423206 0.0 0.060011633 0.0 0.07185188 0.026005471 0.0 0.019046135 0.02667989 0.015083228 0.044234272 0.0 0.014271119 0.0 0.054055963 0.0 0.0 0.07573307 0.067915626 0.0 0.04038832 0.0069969585 0.0 0.0 0.0 0.04605127
0.0 0.010239876 0.048972543 0.002404148 0.010139151 0.019460926 0.022570962 0.02806224 0.0 0.014965039 0.010269029 0.0 0.054539155 0.0 0.055440128 0.02122566 0.028731754 0.037820246 0.030717557 0.017398713 0.0 0.0024082933 0.0 0.0 0.008492931 0.0 0.0 0.018546363 0.022432413 0.06127316 0.058307838 0.024088858 0.01570063 0.061909955 0.0 0.0 0.06929939 0.0 0.047621444 0.0027518603 0.007582203 0.005299715 0.0 0.10421332 0.0016024302 0.019556174 0.013443461 0.051076125 0.045638446 0.0 0.0 0.0 0.0 0.037078574 0.02735181 0.0527953
0.0 0.01921527 0.0 0.0 0.022403257 0.009423317 0.058720425 0.0 0.0 0.0 0.047375284 0.0 0.05006347 0.04861978 0.0 0.072151884 0.0278703 0.0 0.0 0.07896686 0.006969175 0.0 0.0 0.0 0.044584766 0.0 0.012345166 0.049326535 0.03442321 0.05830784 0.0 0.0 0.0 0.021112865 0.0 0.0 0.013099202 0.0 0.0 0.0 0.031010222 0.025374038 0.0 0.0089669805 0.035858735 0.0 0.0 0.036210034 0.022097474 0.0 0.0 0.032371525 0.0 0.0 0.0 0.0
0.0 0.0 0.013732608 0.0 0.039703928 0.0 0.0 0.014469939 0.015819125 0.0 0.0 0.0 0.056901015 0.044237435 0.02527044 0.09076975 0.0 0.0004448788 0.0 0.0 0.0 0.0 0.0130387135 0.06773608 0.011821481 0.0 0.043854557 0.026129954 0.0 0.024088858 0.0 0.117255315 0.0016532394 0.0 0.021417718 0.026672171 0.0 0.01314918 0.0 0.009896194 0.02684376 0.0 0.0 1.2963984e-07 0.0 0.07428342 0.119911596 0.0 0.0 0.0 0.0 0.0153641 0.0 0.02298976 0.027503423 0.0
0.0 0.0 0.0 0.0 0.013074991 0.0 0.0 0.013132233 0.015589856 0.03675448 0.0 0.0 0.004964549 0.05668055 0.03458817 0.021859743 0.013052251 0.0 0.0 0.0 0.0 0.019969158 0.0 0.05410975 0.018014727 0.0292018 0.033591263 0.023846677 0.06001163 0.01570063 0.0 0.0016532395 0.0 0.0 0.0031190068 0.049878567 0.012901317 0.0081368 0.0 0.0 3.1195985e-05 0.0010466543 0.0 0.06469713 0.018938622 0.061267924 0.0 0.0 0.022086663 0.03380406 0.012774274 0.04510184 0.007039441 0.007426576 0.049307343 0.047383133
0.0 0.012536459 0.030647743 0.0 0.0074997675 0.052461118 0.01156135 0.0 0.0010819845 0.0 0.019382868 0.025672762 0.0 0.025134446 0.07080742 0.0 0.04307852 0.043061092 0.0 0.020963268 0.0755654 0.0014740579 0.009308639 0.0 0.0 0.025910258 0.0 0.0 0.0 0.06190995 0.021112865 0.0 0.0 0.05493703 0.0 0.035584174 0.0 0.031886227 0.0010518981 0.012096882 0.0 0.034518123 0.018605651 0.07472878 0.0 0.0 0.0 0.015075998 0.052074872 0.0 0.0 0.0 0.032972082 0.0 0.03353893 0.0
0.03435783 0.007825409 0.0 0.01917199 0.017690137 0.0 0.0 0.10500048 0.045408312 0.026729599 0.0 0.018952928 0.0 0.014776636 0.0 0.0 0.0 0.0 0.0018518284 0.021296619 0.03286934 0.042780127 0.09118562 0.0064513907 0.004352326 0.028475089 0.0 0.0 0.07185188 0.0 0.0 0.021417717 0.0031190068 0.0 0.022047343 0.046475966 0.0 0.040078864 0.028543176 0.035730794 0.035005894 0.0 0.0 0.0 0.036101103 0.0 0.0 0.0 0.0 0.0029904786 0.049145848 0.021567766 0.054038584 0.0524369 0.03412241 0.00073776644
0.049587198 0.011749856 0.0 0.0 0.0 0.0 0.019257465 0.0031490196 0.012877543 0.007867457 0.0 0.0 0.06897585 0.01702269 0.0 0.03156428 0.050126594 0.0 0.0 0.0 0.0 0.013457831 0.0 0.036606368 0.0020044714 0.05618594 0.035669938 0.048869953 0.02600547 0.0 0.0 0.026672173 0.049878567 0.03558417 0.046475966 0.0071631423 0.0 0.011926561 0.00648327 0.09790221 0.020854674 0.0 0.0 0.01983187 0.0149468 0.014885871 0.016813336 0.02215974 0.0 0.0 0.007907153 0.055174172 0.0 0.041317623 0.08478062 0.0
0.0 0.061391104 0.011928661 0.059084177 0.015642697 0.036273148 0.016765507 0.0 0.010184942 0.0059147147 0.008117373 0.0 0.0 0.0 0.0051876763 0.01788621 0.083061576 0.05704172 0.0 0.0 0.041564576 0.040773902 0.02897154 0.0 0.045879997 0.034796007 0.0 0.0 0.0 0.06929939 0.013099203 0.0 0.012901317 0.0 0.0 0.0 0.0 0.0062852763 0.047120847 0.0 0.0 0.0 0.035458516 0.017655667 0.0004886227 0.0 0.0 0.0061101895 0.02025196 0.0030503199 0.008606794 0.012382425 0.0510235 0.0 0.0 0.0
0.0 0.013716645 0.0035791853 0.0 0.0 0.0 0.016757213 0.004961108 0.0040962473 0.0 0.0 0.0 0.0412783 0.110192455 0.0 0.035922673 0.025940701 0.0 0.069743104 0.030831272 0.0 0.020995669 0.0 0.025899729 0.0 0.034368582 0.039501604 0.10612444 0.019046137 0.0 0.0 0.0131491795 0.008136799 0.031886227 0.040078867 0.011926561 0.0062852767 0.0 0.013834495 0.028668331 0.028545503 0.060729988 0.013369643 0.012430623 0.013186673 0.028321942 0.032555815 0.0 0.0 0.0 0.0 0.019238017 0.0 0.010783743 0.03457714 0.0
0.008176123 0.0 0.0065866243 0.0 0.0 0.017468676 0.0024136107 0.022978432 0.0 0.021401785 0.048949044 0.0065967394 0.03232895 0.036267087 0.0 0.0 0.0 0.0 0.0 0.0 0.0 0.0 0.002333027 0.0095805405 0.006079848 0.026394332 0.011454731 0.016548015 0.02667989 0.047621444 0.0 0.0 0.0 0.0010518981 0.028543176 0.0064832703 0.047120847 0.013834495 0.0 0.014700003 0.01937543 0.0 0.022878926 0.043192483 0.041557148 0.0040017944 0.0 0.038852718 0.07067018 0.0 0.0 0.0 0.0015247351 0.027995506 0.047189176 0.055491187
0.0 0.013136737 0.0023390988 0.0 0.0 0.0 0.0011337401 0.065771766 0.060786955 0.0 0.029158378 0.04484771 0.0 0.0 0.0 0.007194427 0.0 0.02629664 0.013714476 0.0 0.0053599435 0.104912564 0.008527318 0.01360768 0.018164326 0.06309412 0.0 0.021208307 0.015083229 0.0027518603 0.0 0.009896194 0.0 0.012096881 0.035730794 0.09790221 0.0 0.028668331 0.014700004 0.0182534 0.0068659564 0.005578112 0.012342643 0.007684491 0.023191245 0.0 0.0 0.0 0.0 0.012560763 0.06478554 0.0 0.026153892 0.061852373 0.0011116365 0.023450937
0.008536818 0.0 0.0 0.011140536 0.0048157373 0.004839654 0.0 0.034401134 0.07748162 0.06277407 0.035290334 0.07992602 0.0350248 0.0 0.0 0.0 0.0 0.021723967 0.0 0.0 0.04594806 0.054220114 0.06788727 0.0 0.0023533057 0.01893037 0.0 0.0349681 0.044234272 0.007582203 0.031010222 0.02684376 3.1195985e-05 0.0 0.035005894 0.020854674 0.0 0.028545504 0.01937543 0.006865957 0.0 0.0 0.030310113 0.0 0.039114002 0.0 0.0 0.0 0.0 0.0071405014 0.05276139 0.0 0.015354394 0.0007187198 0.01381056 0.01284532
0.0 0.0 0.050502747 0.09529151 0.016842188 0.06199007 0.014610598 0.0 0.063734405 0.0 0.042724855 0.029411722 0.0019880335 0.0 0.02676965 0.0 0.0 0.12314927 0.016331192 0.07397199 0.034566473 0.0 0.008173436 0.005968969 0.03407415 0.0 0.004019099 0.0 0.0 0.005299715 0.025374038 0.0 0.0010466544 0.034518123 0.0 0.0 0.0 0.06072999 0.0 0.005578112 0.0 0.007610567 0.01839481 0.0 0.0 0.048660334 0.04903576 0.0 0.09058255 0.0 0.0 0.0010218552 0.018727444 0.0 0.0 0.0
0.0041169836 0.002686955 0.01661885 0.0 0.0 0.019663941 0.035846416 0.0 0.0 0.006785517 0.021095922 0.029419076 0.024359338 0.017134193 0.0 0.010206425 0.012505147 0.0 0.0 0.047335796 0.0 0.0041000345 0.0 0.030608557 0.029756907 0.07921053 0.0114873415 0.02491396 0.014271119 0.0 0.0 0.0 0.0 0.01860565 0.0 0.0 0.035458513 0.013369643 0.022878926 0.012342642 0.030310111 0.01839481 0.029624673 0.11747164 0.0 0.0 0.003582757 0.018436082 0.0 0.013915206 0.0 0.033519235 0.0114437295 0.080327645 0.012435245 0.042248383
0.0 0.0023510712 0.009184142 0.0 0.0012538299 0.054287422 0.007928941 0.0 0.0 0.0 0.0 0.09543152 0.0 0.0 0.009075272 0.0 0.040095888 0.02036107 0.0 0.01632205 0.03772334 0.0055474117 0.01858765 0.0 0.045355182 0.0 0.0 0.0 0.0 0.10421332 0.00896698 1.2963984e-07 0.06469713 0.07472877 0.0 0.01983187 0.017655667 0.012430623 0.04319248 0.0076844916 0.0 0.0 0.11747164 0.017647374 0.030156065 0.0 0.01300641 0.0 0.07025664 0.0650732 0.0 0.0 0.09008979 0.0 0.0 0.0
0.051068116 0.03853324 0.0 0.03203997 0.0 0.0 0.0 0.01157087 0.0 0.0047984407 0.0 0.041392505 0.015631517 0.0017357937 0.0 0.0 0.0 0.0025936319 0.0 0.0 0.0 0.009029574 0.013522546 0.023312863 0.0 0.036580812 0.0 0.0 0.054055963 0.0016024302 0.035858735 0.0 0.01893862 0.0 0.036101103 0.0149468 0.0004886227 0.013186672 0.041557148 0.023191245 0.039114002 0.0 0.0 0.030156067 0.07268996 0.017202841 0.0 0.01381414 0.0 0.034617346 0.091690496 0.13313268 0.020976942 0.018500097 0.0140511645 0.07071948
0.0066830497 0.0 0.0072247474 0.045890845 0.07529189 0.0 0.0 0.0 0.02440834 0.015906196 0.041956823 0.0 0.057969216 0.014217638 0.0028133616 0.005609537 0.0 0.031163694 0.0 0.0 0.0 0.0 0.0 0.002715973 0.022687124 0.0 0.058793217 0.0 0.0 0.019556174 0.0 0.07428342 0.061267924 0.0 0.0 0.01488587 0.0 0.02832194 0.0040017944 0.0 0.0 0.048660338 0.0 0.0 0.017202843 0.026210343 0.026178315 0.046636317 0.034714174 0.0 0.0 0.018184397 0.07585708 0.0 0.0 0.0
0.0 0.0 0.0053258925 0.04270654 0.08790489 0.049285132 0.011211793 0.0 0.026452303 0.0041820933 0.005266532 0.043244842 0.0 0.0 0.025992513 0.0 0.0 0.04369724 0.061662 0.12231789 0.026456092 0.0 0.012449862 0.014371084 0.06000842 0.0 0.0 0.0 0.0 0.013443462 0.0 0.1199116 0.0 0.0 0.0 0.016813334 0.0 0.03255581 0.0 0.0 0.0 0.049035765 0.003582757 0.013006409 0.0 0.026178317 0.040119078 0.0017417857 0.014446379 0.0 0.0 0.0 0.012974165 0.0 0.0 0.0
0.0030146716 0.0 0.061734334 0.024237568 0.0 0.0 0.066471145 0.0 0.0 0.0 0.0 0.054633483 0.015270459 0.0 0.0 0.04577495 0.0 0.041363765 0.0 0.0 0.0 0.055176947 0.0 0.0 0.042644624 0.023256527 0.042145487 0.0 0.07573307 0.05107612 0.036210034 0.0 0.0 0.015075999 0.0 0.02215974 0.006110189 0.0 0.038852714 0.0 0.0 0.0 0.018436084 0.0 0.013814141 0.046636317 0.0017417858 0.024889607 0.0 0.03558005 0.0 0.08142778 0.027237268 0.020721648 0.0 0.0037811373
0.0 0.014468791 0.08800302 0.0 0.0 0.04463696 0.04750782 0.0 0.0032469456 0.043587193 0.0 0.029647328 0.050637007 0.0 0.0 0.038545508 0.02887152 0.0 0.0 0.0 0.022534268 0.0 0.0 0.040217236 0.016207125 0.0 0.059878543 0.0 0.067915626 0.045638446 0.022097474 0.0 0.022086663 0.052074872 0.0 0.0 0.020251961 0.0 0.07067018 0.0 0.0 0.09058255 0.0 0.07025665 0.0 0.034714174 0.014446377 0.0 0.0020679228 0.038705762 0.0 0.0 0.0044840844 0.0010508155 0.0 0.0
0.0029182818 0.053861037 0.0 0.1172707 0.0 0.0 0.03179574 0.078354076 0.0 0.005752945 0.0 0.0 0.0 0.0 0.0048224023 0.02127706 0.0 0.0 0.0 0.0 0.026490655 0.07388649 0.08949676 0.0102218175 0.0 0.0018819637 0.0 0.0 0.0 0.0 0.0 0.0 0.03380406 0.0 0.0029904786 0.0 0.00305032 0.0 0.0 0.012560762 0.007140501 0.0 0.013915206 0.06507319 0.034617346 0.0 0.0 0.035580046 0.038705766 0.0 0.04816578 0.010224032 0.0 0.029373674 0.022527369 0.075232886
0.078006074 0.03293001 0.009488921 0.0 0.0 0.0 0.013391322 0.007975039 0.0 0.10428521 0.020658363 0.0024599251 0.012738521 0.030036733 0.0 0.0 0.021856755 0.0 0.0 0.0017021516 0.0 0.010566027 0.062842496 0.018810535 0.00672829 0.02809231 0.02191792 0.012938489 0.04038832 0.0 0.0 0.0 0.012774274 0.0 0.049145848 0.007907153 0.008606794 0.0 0.0 0.06478553 0.05276139 0.0 0.0 0.0 0.091690496 0.0 0.0 0.0 0.0 0.04816578 0.04478349 0.015000073 0.0 0.08666663 0.022568492 0.023802994
0.06414777 0.015442556 0.0 0.0 0.021361433 0.0 0.029923523 0.03971556 0.014108124 0.13824083 0.0808314 0.0 0.015579346 0.0 0.0 0.0 0.0 0.0 0.037676986 0.0 0.0 0.0031031203 0.0055230153 0.04971135 0.015667148 0.022990707 0.0 0.01711381 0.006996959 0.0 0.032371525 0.0153641 0.04510184 0.0 0.021567766 0.055174172 0.012382426 0.01923802 0.0 0.0 0.0 0.0010218552 0.033519235 0.0 0.13313268 0.0181844 0.0 0.081427775 0.0 0.010224032 0.015000073 0.013842452 0.00933245 0.000972024 0.010355238 0.0004380303
0.0 0.0 0.0 0.0 0.01977525 0.01990208 0.006869889 0.0022394918 0.0 0.0 0.0 0.018104084 0.0 0.02278017 0.026838196 0.0 0.0 0.007168471 0.0 0.0 0.0 0.0019708965 0.013534736 0.023783581 0.0 0.007124566 0.06583286 0.01626471 0.0 0.0 0.0 0.0 0.0070394403 0.032972082 0.054038588 0.0 0.051023502 0.0 0.0015247351 0.026153892 0.015354393 0.018727444 0.01144373 0.0900898 0.020976942 0.07585708 0.012974165 0.027237266 0.0044840844 0.0 0.0 0.009332449 0.045503277 0.0 0.04184558 0.10848422
0.010796341 0.0013655334 0.0 0.004087597 0.0 0.0 0.031080538 0.09911236 0.057983883 0.006439357 0.034222364 0.0 0.0015506429 0.0024464426 0.03568496 0.012841815 0.0 0.0 0.0 0.0 0.0 0.04460844 0.01712529 0.024915341 0.0 0.0 0.0 0.0219618 0.0 0.03707857 0.0 0.02298976 0.0074265767 0.0 0.052436903 0.041317623 0.0 0.010783744 0.027995504 0.061852373 0.0007187198 0.0 0.08032764 0.0 0.018500097 0.0 0.0 0.020721648 0.0010508155 0.029373674 0.08666663 0.00097202405 0.0 0.09123306 0.011228907 0.01627468
0.061687935 0.038663335 0.0 0.024737928 0.04569402 0.010077504 0.01904708 0.053717837 0.008972162 0.015335283 0.060485855 0.0020748128 0.006969685 0.0 0.0008502006 0.02230728 0.0 0.0 0.010982902 0.0 0.0 0.028793225 0.05228053 0.0 0.027281158 0.060297675 0.00049001287 0.0 0.0 0.027351808 0.0 0.027503425 0.049307343 0.033538934 0.03412241 0.08478061 0.0 0.034577135 0.047189176 0.0011116364 0.013810559 0.0 0.012435245 0.0 0.014051164 0.0 0.0 0.0 0.0 0.02252737 0.022568494 0.010355237 0.04184558 0.011228907 0.0 0.0
0.001880091 0.0 0.0 0.07172959 0.0 0.07624913 0.00278784 0.03072543 0.0 0.018425949 0.0 0.023046229 0.0 0.0 0.0 0.0 0.0 0.0 0.0 0.0 0.0 0.12027051 0.015302194 0.0 0.020909704 0.0087031815 0.0 0.0 0.04605127 0.052795302 0.0 0.0 0.047383137 0.0 0.0007377665 0.0 0.0 0.0 0.055491183 0.023450937 0.012845319 0.0 0.042248387 0.0 0.07071949 0.0 0.0 0.003781137 0.0 0.075232886 0.023802994 0.00043803034 0.10848423 0.016274678 0.0 0.07935619
