0.018091239 0.0 0.002060624 0.080546804 0.008341511 0.0 0.013146512 0.009434754 0.073132195 0.0 0.03936481 0.008418094 0.004900456 0.038291723 0.00064411515 0.05302099 0.054762818 0.0 0.032875318 0.02430857 0.0 0.02577659 0.05448363 0.0055283033 0.023818973 0.0 0.0 0.0057990407 0.0 0.0 0.0 0.0 0.02267932 0.019506821 0.02831231 0.020413255 0.02992392 0.0 0.010826252 0.033389412 0.023110466 0.0 0.07917856 0.0781063 0.01552405 0.024306929 0.0050874287 0.021491624 0.05961603 0.0 0.0 0.0 0.0 0.066454835 0.0 0.0
0.0 0.0 0.00031266955 0.02359623 0.0 0.034473456 0.040889423 0.0 0.0 0.052744795 0.0 0.02478135 0.0 0.0 0.007488679 0.0036799205 0.027178947 0.0122350985 0.0 0.0 0.0 0.0 0.0 0.0 0.0 0.027669601 0.081789635 0.0 0.056647144 0.0021958197 0.0 0.0 0.015039696 0.0 0.0 0.019823384 0.022814114 0.0 0.0 0.03624737 0.046272732 0.019081723 0.0027722018 0.0 0.09265447 0.0034604683 0.0 0.047532294 0.040418323 0.013797227 0.0049634995 0.0049768444 0.0 0.0 0.014378958 0.075705804
0.002060624 0.00031266955 0.0 0.00441124 0.041428883 0.04112714 0.0 0.0 0.011525679 0.0 0.05162239 0.010017348 0.0 0.015271252 0.0 0.03916258 0.0 0.036416303 0.041598227 0.030768633 0.023626471 0.00760771 0.0 0.0 0.0012605978 0.0 0.083309844 0.010752202 0.0 0.02904375 0.0004001496 0.016486462 0.071534775 0.0 0.0021254173 0.026511177 0.032820582 0.029995298 0.0 0.0 0.0 0.0 0.0 0.027508296 0.0586748 0.027469246 0.009197554 0.04506504 0.0 0.0 0.10429854 0.035145044 0.0 0.01650546 0.026593098 0.0278111
0.080546804 0.02359623 0.0044112406 0.0 0.058187563 0.0 0.003990961 0.025508823 0.04178282 0.0015023425 0.0 0.0030933379 0.0 0.0 0.009633923 0.0 0.0 0.0 0.0 0.0035065608 0.0 0.0 0.0 0.015954945 0.0 0.0 0.059911665 0.01673488 0.04642482 0.0025048093 0.018607398 0.0 0.03735135 0.0035017417 0.030140221 0.0 0.0 0.08399078 0.0 0.0 0.021239 0.040821053 0.0 0.0 0.15019806 0.0 0.0 0.01086166 0.0 0.028902026 0.05758703 0.012447435 0.0 0.0 0.025482843 0.0
0.008341512 0.0 0.041428883 0.05818756 0.06861762 0.011792166 0.0 0.0 0.08235857 0.007598232 0.0 0.0 0.0 0.0030327006 0.033565503 0.0 0.051169656 0.027984165 0.0 0.0 0.0 0.0 0.017195141 0.0 0.0 0.0 0.07344458 0.029102242 0.0 0.07248533 0.0052041654 0.0 0.02267591 0.0 0.0 0.0 0.0 0.050032586 0.0 0.0 0.0 0.0483195 0.0 0.018218253 0.0 0.08003872 0.046062853 0.083450325 0.0046945023 0.024248233 0.021730376 0.00066271744 0.015116689 0.0 0.038020957 0.0
0.0 0.034473456 0.04112714 0.0 0.011792166 0.10714498 0.0 0.0 0.032403346 0.006614895 0.0 0.09604796 0.028745022 0.006954749 0.0013125464 0.0 0.01690187 0.05308787 0.03418902 0.03292035 0.08060595 0.0 0.0 0.0 0.0 0.004679247 0.020413226 0.0 0.030575445 0.026027981 0.00021230211 0.010788426 0.011746515 0.0 0.0 0.0 0.015469714 0.009927188 0.0 0.0 0.0 0.04995467 0.0 0.0 0.015619805 0.020673977 0.015345454 0.06757993 0.052101847 0.0 0.0 0.0 0.046710085 0.0 0.0 0.008334419
0.013146512 0.040889427 0.0 0.003990961 0.0 0.0 0.0 0.05355384 0.0 0.030384295 0.0 0.008453206 0.0785621 0.04409125 0.010647281 0.0 0.0 0.0 0.0 0.0 0.010635927 0.004965002 0.014145867 0.059933275 0.017752547 0.011282397 0.018386485 0.05060758 0.0 0.0 0.0 0.03222537 0.0 0.0 0.057630315 0.008764263 0.06740373 0.0 0.0 0.01879089 0.030006155 0.0 0.022548165 0.0 0.0 0.020217132 0.0 0.0 0.0 0.047775023 0.04719907 0.05691675 0.0 0.02683932 0.070245184 0.06702216
0.009434754 0.0 0.0 0.025508823 0.0 0.0 0.053553835 0.0754973 0.0 0.0 0.01914837 0.03552067 0.0 0.07644077 0.0073391073 0.013029591 0.026544938 0.0 0.0 0.0 0.0 0.0075653866 0.0621302 0.0 0.0 0.009811038 0.0 0.011150357 0.0011395906 0.0 0.0 0.0 0.012938555 0.088460475 0.0 0.0015212465 0.0 0.0013475541 0.08741879 0.041087497 0.034038235 0.012474607 0.0 0.078206085 0.0 0.0 0.0 0.0 0.0 0.021801824 0.0033066424 0.029782245 0.0 0.065995544 0.014282397 0.038787197
0.073132195 0.0 0.011525679 0.041782822 0.08235857 0.032403346 0.0 0.0 0.057253193 0.035654858 0.07374507 0.0 0.0 0.0 0.019862229 0.002542914 0.0 0.0 0.027007239 0.0 0.0 0.0 0.006924998 0.0 0.0 0.031097969 0.038609292 0.005621712 0.0 0.054572623 0.03311768 0.04033942 0.043455377 0.0 0.010589421 0.0 0.0 0.025375642 0.004561477 0.0 0.0 0.021231495 0.013153638 0.0 0.013275675 0.04086943 0.04603291 0.014449533 0.034759678 0.009141522 0.032515507 0.031967912 0.0 0.0 0.012827566 0.0
0.0 0.052744795 0.0 0.0015023425 0.0075982315 0.006614895 0.030384293 0.0 0.035654858 0.0 0.07454364 0.0 0.026229657 0.06976321 0.016866146 0.009414678 0.013422736 0.0064516338 0.0 0.027088223 0.0 0.0 0.019281484 0.031223422 0.0 0.0 0.029535498 0.055965822 0.0 0.0 0.0019356244 0.037372705 0.0003313918 0.011814444 0.07418162 0.0003873606 0.013704792 0.028390126 0.06471245 0.019284226 0.017878326 0.0 0.020293944 0.0006982632 0.036013573 0.0 0.023081705 0.0 0.0 0.0 0.0 0.02045328 0.0 0.012410955 0.009894934 0.008267489
0.03936481 0.0 0.05162239 0.0 0.0 0.0 0.0 0.01914837 0.07374507 0.07454364 0.01758573 0.0 0.0153272785 0.0 0.0 0.018469475 0.044939812 0.025742678 0.0 0.03790168 0.0 0.0 0.0 0.037044812 0.0 0.022036372 0.01123923 0.026678922 0.0 0.0 0.0 0.0 0.0 0.0 0.00015770853 0.0 0.0 0.013822466 0.02971392 0.025650771 0.018722666 0.02923676 0.053779423 0.0 0.0 0.021867221 0.075212896 0.04436743 0.0009843162 0.07963914 0.010357428 0.023740526 0.0 0.002071472 0.013505414 0.013476322
0.008418094 0.024781352 0.0100173475 0.0030933379 0.0 0.09604796 0.008453206 0.03552067 0.0 0.0 0.0 0.06580672 0.0056741848 0.0 0.009545773 0.0 0.0 0.0 0.04330097 0.0 0.044855494 0.016519103 0.0 0.0 0.0 0.0 0.044048265 0.028756265 0.021531293 0.050980847 0.0 0.006952776 0.00011150118 0.0 0.001051873 0.04440891 0.044973694 0.019384613 0.0 0.0069890493 0.038429987 0.028319728 0.0 0.0034312778 0.018933518 0.0 0.0 0.038395137 0.0 0.0 0.0 0.0341194 0.030501718 0.036821295 0.030659044 0.05773885
0.0049004564 0.0 0.0 0.0 0.0 0.028745022 0.0785621 0.0 0.0 0.026229657 0.015327278 0.0056741848 0.0 0.0 0.017955879 0.0 0.020681731 0.0 0.0 0.00553909 0.041502994 0.03293121 0.0 0.0 0.021109415 0.0 0.046714276 0.0 0.0030001344 0.008734856 0.0 0.0 0.085013255 0.08476074 0.025871623 0.03616072 0.0 0.0 0.05930691 0.021542452 0.0 0.0 0.025906112 0.0 0.0 0.0 0.0 0.0105403345 0.062475365 0.024672821 0.0 0.0 0.06538539 0.019203411 0.004057359 0.0120216
0.038291726 0.0 0.015271251 0.0 0.0030327006 0.006954749 0.04409125 0.07644077 0.0 0.069763206 0.0 0.0 0.0 0.120380335 0.0 0.10407969 0.0 0.0 0.0 0.0011192265 0.0 0.026817989 0.017621838 0.017316766 0.0 0.026781313 0.0 0.032920938 0.060263604 0.0019486966 0.009187504 0.0 0.0 0.038931552 0.018611832 0.041725017 0.02820268 0.0 0.0 0.061188094 0.05713126 0.0 0.0088364575 0.022275468 0.0 0.0 0.0 0.0 0.0 0.00932149 0.0 0.050523065 0.0 0.0 0.03648462 0.0029684904
0.0006441151 0.0074886787 0.0 0.009633923 0.0335655 0.0013125465 0.010647281 0.007339107 0.01986223 0.016866146 0.0 0.009545774 0.017955877 0.0 0.0 0.012594762 0.0 0.0 0.009598811 0.0064576124 0.011876191 0.0 0.0 0.0 0.0 0.062451966 0.10478511 0.052917864 0.0 0.0 0.052020647 0.0 0.013350975 0.0 0.03365456 0.04152755 0.0128072295 0.0 0.0 0.0 0.029223748 0.0 0.0 0.0 0.06763644 0.0 0.030293709 0.06385082 0.0 0.0115562845 0.026114112 0.03887143 0.0 0.0 0.08984146 0.0
0.05302099 0.0036799205 0.03916258 0.0 0.0 0.0 0.0 0.013029591 0.002542914 0.009414678 0.018469475 0.0 0.0 0.104079686 0.012594762 0.0 0.020979118 0.0 0.0 0.0 0.020308018 0.013524398 0.0031289125 0.023432612 0.01703291 0.061500255 0.013754364 0.044819333 0.056350175 0.0 0.0013467212 0.0 0.0 0.0039267004 0.031089643 0.0 0.0 0.0 0.0 0.023838947 0.013501355 0.0 0.0 0.004712144 0.014044326 0.0 0.0 0.01615462 0.0 0.04738019 0.008592903 0.112628765 0.022795962 0.023941046 0.051875066 0.05707481
0.05476282 0.027178947 0.0 0.0 0.05116966 0.01690187 0.0 0.026544936 0.0 0.013422735 0.044939816 0.0 0.020681731 0.0 0.0 0.020979116 0.0 0.09383916 0.057539623 0.0 0.0 0.0 0.0020559828 0.03441466 0.0 0.0 0.017423164 0.0 0.011401123 0.0 0.0 0.0 0.0 0.0 0.011610738 0.06788401 0.012074404 0.0 0.0 0.0046925885 0.0 0.0 0.0 0.0 0.0 0.0 0.0 0.02040735 0.02849198 0.007828816 0.08871476 0.023380406 0.01133256 0.024683861 0.0 0.0
0.0 0.0122350985 0.036416307 0.0 0.027984167 0.05308787 0.0 0.0 0.0 0.0064516338 0.02574268 0.0 0.0 0.0 0.0 0.0 0.09383916 0.0 0.0 0.0 0.0 0.0 0.011101623 0.0 0.0 0.013896808 0.020659352 0.0 0.10431403 0.095762 0.0 0.0 0.01853169 0.050022736 0.010119925 0.0 0.0 0.0 0.0 0.0 0.0 0.028542375 0.012562368 0.00790219 0.048670694 0.0 0.023991888 0.020949714 0.0 0.051738854 0.0042378595 0.0 0.07499939 0.0 0.008361181 0.033253036
0.032875314 0.0 0.041598227 0.0 0.0 0.03418902 0.0 0.0 0.02700724 0.0 0.0 0.04330097 0.0 0.0 0.009598811 0.0 0.05753962 0.0 0.0 0.0 0.0132890735 0.0 0.0 0.0 0.0 0.038679652 0.04540961 0.006122472 0.1238009 0.017824182 0.0 0.025488907 0.028044662 0.027255647 0.0 0.0 0.01700772 0.0 0.018023212 0.019854086 0.017983723 0.0 0.0 0.0 0.011529966 0.0 0.0 0.018679278 0.037097093 0.02225293 0.08350355 0.0 2.2287812e-05 0.0 0.014874871 0.07733879
0.02430857 0.0 0.030768633 0.0035065608 0.0 0.032920353 0.0 0.0 0.0 0.027088223 0.037901685 0.0 0.00553909 0.0011192266 0.0064576124 0.0 0.0 0.0 0.0 0.0 0.0014356587 0.0 0.02128711 0.0 0.03864892 0.028148184 0.0736506 0.018284366 0.015155041 0.0 0.025701543 0.0 0.0 0.0 0.083020315 0.0 0.0 0.0 0.008369807 0.060384236 0.031763077 0.01222647 0.002361952 0.0 0.024214985 0.0096425135 0.0036844253 0.08846413 0.0007250502 0.0075874217 0.030785663 0.0066957874 0.0 0.0 0.08641882 0.049491458
0.0 0.0 0.02362647 0.0 0.0 0.08060594 0.010635926 0.0 0.0 0.0 0.0 0.044855498 0.041502994 0.0 0.011876191 0.02030802 0.0 0.0 0.0132890735 0.0014356587 0.024958055 0.0 0.008599146 0.0 0.030606173 0.048004184 0.067565806 0.026483366 0.016550682 0.093294166 0.0 0.038050972 0.008613676 0.0 0.0 0.0 0.0009835232 0.006711742 0.0 0.0 0.016066795 0.031930957 0.0 0.0 0.0 0.0 0.016589137 0.013618357 0.022449872 0.043595083 0.011165376 0.0 0.0586982 0.0029896246 0.0 0.08513802
0.025776591 0.0 0.00760771 0.0 0.0 0.0 0.0049650026 0.0075653866 0.0 0.0 0.0 0.016519103 0.03293121 0.026817989 0.0 0.013524398 0.0 0.0 0.0 0.0 0.0 0.0 0.008517662 0.057247378 0.050903797 0.04624762 0.017626075 0.011060859 0.042395804 0.0 0.057162374 0.0 0.0 0.0 0.01441757 0.016259622 0.029558074 0.0 0.0 0.09242996 0.07070381 0.0 0.0 0.0060100495 0.0030864784 0.0 0.0 0.018752519 0.011703459 0.028240561 0.0 0.03364157 0.0 0.06690842 0.048186753 0.036257874
0.054483626 0.0 0.0 0.0 0.01719514 0.0 0.014145866 0.062130198 0.006924998 0.019281484 0.0 0.0 0.0 0.017621838 0.0 0.0031289125 0.0020559828 0.011101623 0.0 0.021287108 0.008599146 0.008517662 0.0078097633 0.048397202 0.0 0.06963275 0.0 0.03506556 0.045227602 0.0 0.0 0.0 0.0010718185 0.004674844 0.057118796 0.04159284 0.021802839 0.0 0.0004268497 0.006926764 0.031026246 0.0 0.0 0.02484892 0.019978555 0.0 0.04096439 0.0 0.0 0.0938984 0.0 0.087469384 0.04317223 0.015059206 0.035931863 0.040865865
0.0055283033 0.0 0.0 0.015954947 0.0 0.0 0.059933275 0.0 0.0 0.031223424 0.037044816 0.0 0.0 0.017316766 0.0 0.023432612 0.03441466 0.0 0.0 0.0 0.0 0.057247374 0.048397202 0.0012523126 0.0 0.06733682 0.002334073 0.026043352 0.0 0.0011309199 0.0 0.019979512 0.047895253 0.10822056 0.015436503 0.0 0.0 0.0 0.03368759 0.08062014 0.0 0.014325125 0.012545475 0.07587037 0.0 0.017300239 0.0 0.04966631 0.0077988748 0.049006186 0.0 0.007226099 0.037527476 0.0 0.0012217718 0.0
0.023818973 0.0 0.0012605978 0.0 0.0 0.0 0.017752547 0.0 0.0 0.0 0.0 0.0 0.021109415 0.0 0.0 0.01703291 0.0 0.0 0.0 0.03864892 0.030606171 0.050903797 0.0 0.0 0.0 0.06750836 0.028415201 0.0093688 0.080870524 0.021451382 0.0 0.0 0.0 0.0 0.0058725527 0.002178038 0.024234463 0.0 0.02406418 0.035215918 0.028914886 0.10511239 0.021785187 9.18418e-05 0.048382387 0.0 0.0 0.03157568 0.0 0.03236272 0.040064137 0.09675867 0.0 0.0046390514 0.019338904 0.045549612
0.0 0.027669601 0.0 0.0 0.0 0.004679247 0.011282397 0.009811039 0.031097965 0.0 0.022036372 0.0 0.0 0.026781315 0.062451966 0.061500255 0.0 0.013896807 0.038679652 0.028148184 0.048004184 0.04624762 0.06963275 0.06733682 0.06750837 0.0 0.011758198 0.0 0.0 0.0 0.03121657 0.028545268 0.0 0.026369307 0.0 0.01294281 0.0 0.03339233 0.040840585 0.0064185746 0.034811936 0.0 0.014881756 0.017622009 0.027624095 0.0012820677 0.0 0.011258589 0.08718198 0.0 0.0 0.0 0.0 0.008136044 0.0 0.0
0.0 0.081789635 0.08330984 0.05991167 0.07344458 0.020413226 0.018386483 0.0 0.03860929 0.029535498 0.011239231 0.044048265 0.046714276 0.0 0.10478511 0.013754363 0.017423164 0.02065935 0.045409605 0.0736506 0.067565806 0.017626075 0.0 0.002334073 0.028415201 0.011758198 0.0 0.0 0.0 0.0039241766 0.022298357 0.029567795 0.0 0.0 0.0 0.0 0.0 0.036834426 0.023513002 0.0 0.0 0.008817689 0.0 0.0 0.0 0.0 0.02789988 0.0 0.025095563 0.0 0.0 0.0 0.0 0.0 0.009456478 0.0
0.0057990407 0.0 0.010752202 0.01673488 0.029102242 0.0 0.05060758 0.011150357 0.0056217117 0.05596582 0.026678924 0.028756266 0.0 0.03292094 0.052917864 0.044819333 0.0 0.0 0.006122472 0.018284367 0.026483366 0.011060859 0.03506556 0.026043354 0.0093688 0.0 0.0 0.0 0.0 0.0 0.009957994 0.0079005025 0.0 0.0 0.026904257 0.017465081 0.014023686 0.023217509 0.07912461 0.00389048 0.007338486 0.0 0.005890511 0.075565465 0.017608114 0.015212088 0.023529928 0.0 0.084879555 0.004946458 0.0 0.011449919 0.0 0.038899716 0.01572985 0.0
0.0 0.056647144 0.0 0.046424825 0.0 0.030575443 0.0 0.0011395906 0.0 0.0 0.0 0.021531295 0.0030001344 0.0602636 0.0 0.056350175 0.011401122 0.10431404 0.1238009 0.015155041 0.01655068 0.0423958 0.045227602 0.0 0.08087052 0.0 0.0 0.0 0.0 0.0 0.09233664 0.035147484 0.0 0.0 0.0 0.0016179942 0.025871553 0.0 0.023082836 0.010581794 0.0 0.0 0.055736016 0.045141686 0.0 0.0 0.0 0.0 0.031273298 0.0032676943 0.0 0.0 0.0 0.03714499 0.0 0.039208747
0.0 0.0021958197 0.02904375 0.0025048093 0.07248533 0.026027981 0.0 0.0 0.054572623 0.0 0.0 0.050980847 0.008734856 0.0019486966 0.0 0.0 0.0 0.09576199 0.017824184 0.0 0.09329417 0.0 0.0 0.0011309199 0.021451384 0.0 0.003924177 0.0 0.0 0.055224225 0.051465 0.14574647 0.0 0.0 0.0 0.057370186 0.0 0.06730769 0.0 0.0 0.03738017 0.0 0.0 0.0 0.0 0.0 0.027297633 0.015105688 0.0 0.0 0.031177126 0.0 0.024620801 0.024072433 0.0 0.0049194307
0.0 0.0 0.00040014964 0.0186074 0.0052041654 0.00021230211 0.0 0.0 0.03311768 0.0019356245 0.0 0.0 0.0 0.009187503 0.052020647 0.0013467211 0.0 0.0 0.0 0.025701545 0.0 0.057162378 0.0 0.0 0.0 0.031216571 0.022298358 0.009957994 0.09233664 0.051465 0.0 0.046315845 0.059195627 0.026978258 0.030775135 0.02816347 0.0 0.03370603 0.0 0.0 0.07324702 0.0 0.0 0.0 0.008159131 0.0 0.01490609 0.008685325 0.016318167 0.0 0.0 0.00094339077 0.029195655 0.0 0.031842314 0.003451338
0.0 0.0 0.016486462 0.0 0.0 0.010788427 0.032225374 0.0 0.04033942 0.037372705 0.0 0.006952776 0.0 0.0 0.0 0.0 0.0 0.0 0.025488907 0.0 0.038050972 0.0 0.0 0.019979512 0.0 0.028545266 0.029567793 0.0079005025 0.035147484 0.14574647 0.046315845 0.015606529 0.08739105 0.0 0.0 0.0 0.0 0.052361634 0.0 0.0 0.0 0.036044553 0.0 0.0 0.025205672 0.0 0.0402418 0.04703288 0.007881024 0.005523596 0.025907641 0.0 0.13255683 0.0 0.011234753 0.0
0.02267932 0.015039696 0.07153477 0.037351355 0.02267591 0.011746515 0.0 0.012938555 0.043455377 0.0003313918 0.0 0.00011150118 0.085013255 0.0 0.013350975 0.0 0.0 0.018531691 0.028044662 0.0 0.008613675 0.0 0.0010718185 0.047895253 0.0 0.0 0.0 0.0 0.0 0.0 0.059195627 0.08739104 0.0 0.0 0.0 0.0 0.04345708 0.076111406 0.0 0.002851685 0.0 0.010514455 0.0 0.0 0.03586001 0.056040652 0.04373597 0.024338933 0.0112386085 0.0026164325 0.023956865 0.004055288 0.012084877 0.0 0.0 0.0
0.019506821 0.0 0.0 0.0035017417 0.0 0.0 0.0 0.088460475 0.0 0.011814444 0.0 0.0 0.08476073 0.038931552 0.0 0.0039267004 0.0 0.050022736 0.027255647 0.0 0.0 0.0 0.0046748435 0.10822056 0.0 0.026369307 0.0 0.0 0.0 0.0 0.02697826 0.0 0.0 0.0 0.08864606 0.013218788 0.06614809 0.0 0.0 0.021560714 0.043162916 0.0 0.014194067 0.0 0.014919797 0.0 0.0 0.0 0.0 0.0 0.040640175 0.025279453 0.0 0.07992724 0.04756296 0.03587835
0.028312307 0.0 0.0021254173 0.030140221 0.0 0.0 0.057630323 0.0 0.010589421 0.07418162 0.00015770853 0.001051873 0.025871623 0.018611832 0.03365456 0.031089641 0.011610738 0.010119925 0.0 0.083020315 0.0 0.014417569 0.057118796 0.015436503 0.0058725527 0.0 0.0 0.026904255 0.0 0.0 0.030775135 0.0 0.0 0.08864606 0.069284804 0.0267908 0.0 0.0 0.06705257 0.037632294 0.018672014 0.0 0.085766986 0.05882006 0.0 0.0019852251 0.0 0.023308225 0.0 0.0029932146 0.0 0.030828798 0.032263327 0.037821222 0.0 0.001430068
0.020413257 0.019823382 0.02651118 0.0 0.0 0.0 0.008764263 0.0015212465 0.0 0.0003873606 0.0 0.04440891 0.036160722 0.041725013 0.041527554 0.0 0.06788401 0.0 0.0 0.0 0.0 0.016259622 0.04159284 0.0 0.002178038 0.01294281 0.0 0.017465081 0.0016179943 0.05737019 0.02816347 0.0 0.0 0.013218788 0.026790801 0.021164555 0.0 0.0 0.0 0.076685436 0.008728991 0.06808921 0.010458435 0.0 0.0 0.01205389 0.012715964 0.068165235 0.0 0.09249421 0.0 0.023030445 0.007633118 0.0 0.0 0.0014570011
0.02992392 0.022814116 0.03282058 0.0 0.0 0.015469714 0.06740373 0.0 0.0 0.013704792 0.0 0.044973694 0.0 0.028202683 0.0128072295 0.0 0.012074403 0.0 0.01700772 0.0 0.0009835232 0.029558074 0.021802839 0.0 0.02423446 0.0 0.0 0.014023687 0.025871554 0.0 0.0 0.0 0.043457083 0.06614809 0.0 0.0 0.0 0.0 0.1120703 0.0017917049 0.027572338 0.045130953 0.04869528 0.11111997 0.0 0.0 0.0070951823 0.0 0.0 0.049193 0.0 0.009348219 0.0699823 0.013551939 0.012158945 0.029503781
0.0 0.0 0.029995298 0.08399079 0.050032586 0.009927189 0.0 0.001347554 0.025375642 0.028390124 0.013822466 0.019384613 0.0 0.0 0.0 0.0 0.0 0.0 0.0 0.0 0.006711742 0.0 0.0 0.0 0.0 0.033392332 0.036834426 0.023217509 0.0 0.06730769 0.033706035 0.052361634 0.076111406 0.0 0.0 0.0 0.0 0.045808777 0.0 0.0 0.0 0.0 0.0 0.0 0.015663957 0.04075282 0.093732424 0.04487559 0.036630116 0.0 0.013096817 0.0 0.058062337 0.0 0.0 0.024707638
0.010826253 0.0 0.0 0.0 0.0 0.0 0.0 0.08741878 0.004561477 0.06471245 0.02971392 0.0 0.059306912 0.0 0.0 0.0 0.0 0.0 0.018023212 0.008369807 0.0 0.0 0.0004268497 0.033687588 0.02406418 0.04084058 0.023513002 0.07912461 0.023082836 0.0 0.0 0.0 0.0 0.0 0.067052566 0.0 0.11207031 0.0 0.0 0.021761948 0.028853862 0.016772835 0.033011183 0.019165358 0.030584717 0.032899775 0.0 0.009749669 0.0 0.03319411 0.023997819 0.03210345 0.007719284 0.019422956 0.033255924 0.040375963
0.033389412 0.03624737 0.0 0.0 0.0 0.0 0.01879089 0.041087497 0.0 0.019284226 0.02565077 0.0069890493 0.021542452 0.061188094 0.0 0.023838947 0.004692589 0.0 0.019854087 0.060384233 0.0 0.092429966 0.0069267633 0.08062014 0.035215918 0.0064185746 0.0 0.00389048 0.010581794 0.0 0.0 0.0 0.002851685 0.021560714 0.037632294 0.07668544 0.0017917048 0.0 0.021761948 0.016678564 0.07317047 0.0 0.026634518 0.0 0.038483057 0.010837929 0.0 0.0 0.0 0.023918461 0.0 0.008679877 0.0 0.03198701 0.04834237 0.0
0.023110466 0.046272732 0.0 0.021239 0.0 0.0 0.030006155 0.03403823 0.0 0.017878326 0.018722665 0.038429987 0.0 0.057131264 0.029223748 0.013501356 0.0 0.0 0.017983725 0.03176308 0.016066795 0.07070381 0.031026246 0.0 0.028914886 0.034811936 0.0 0.0073384866 0.0 0.03738017 0.07324702 0.0 0.0 0.043162916 0.018672016 0.00872899 0.02757234 0.0 0.028853863 0.07317047 0.04459196 0.0 0.0 0.018835396 0.0 0.057656195 0.009114182 0.0 0.033925354 0.0037331565 0.0 0.0471414 0.025207698 0.0 0.0051444317 0.0
0.0 0.019081725 0.0 0.040821053 0.048319504 0.04995467 0.0 0.012474606 0.021231495 0.0 0.029236758 0.02831973 0.0 0.0 0.0 0.0 0.0 0.028542375 0.0 0.012226469 0.03193096 0.0 0.0 0.014325125 0.10511238 0.0 0.0088176895 0.0 0.0 0.0 0.0 0.036044553 0.010514456 0.0 0.0 0.06808921 0.045130953 0.0 0.016772835 0.0 0.0 0.0 0.06956837 0.0 0.017643528 0.065156795 0.0033551925 0.0 0.029155849 0.011655995 0.017878354 0.0 0.008023457 0.0 0.0 0.030192092
0.07917856 0.0027722018 0.0 0.0 0.0 0.0 0.022548165 0.0 0.013153638 0.020293942 0.053779423 0.0 0.025906112 0.0088364575 0.0 0.0 0.0 0.012562368 0.0 0.0023619523 0.0 0.0 0.0 0.012545474 0.021785187 0.014881755 0.0 0.0058905114 0.055736016 0.0 0.0 0.0 0.0 0.014194067 0.08576698 0.010458435 0.04869528 0.0 0.033011187 0.026634518 0.0 0.06956837 0.0 0.0 0.050469287 0.0056173154 0.0 0.0 0.0 0.046045896 0.0 0.030973028 0.009839655 0.0 0.042561483 0.08544892
0.0781063 0.0 0.027508298 0.0 0.018218251 0.0 0.0 0.07820608 0.0 0.0006982632 0.0 0.0034312778 0.0 0.022275468 0.0 0.004712144 0.0 0.00790219 0.0 0.0 0.0 0.0060100495 0.02484892 0.07587037 9.184179e-05 0.017622007 0.0 0.075565465 0.045141686 0.0 0.0 0.0 0.0 0.0 0.058820065 0.0 0.11111997 0.0 0.019165358 0.0 0.018835396 0.0 0.0 0.0 0.0 0.030185282 0.0 0.018558105 0.0 0.016091099 0.02685094 0.037603244 0.0 0.070443094 0.040811107 0.059369523
0.015524049 0.09265447 0.0586748 0.15019806 0.0 0.015619804 0.0 0.0 0.013275675 0.036013573 0.0 0.018933518 0.0 0.0 0.06763644 0.014044327 0.0 0.048670694 0.011529966 0.024214985 0.0 0.0030864784 0.019978557 0.0 0.048382387 0.027624095 0.0 0.017608114 0.0 0.0 0.008159131 0.02520567 0.03586001 0.014919796 0.0 0.0 0.0 0.015663957 0.030584719 0.038483057 0.0 0.017643528 0.050469287 0.0 0.0 0.03770861 0.0056332853 0.0 0.025623636 0.0031127804 0.0 0.0 0.025473995 0.0 0.0 0.0
0.024306929 0.0034604683 0.027469246 0.0 0.08003872 0.020673977 0.020217132 0.0 0.04086943 0.0 0.021867221 0.0 0.0 0.0 0.0 0.0 0.0 0.0 0.0 0.0096425135 0.0 0.0 0.0 0.017300239 0.0 0.0012820676 0.0 0.015212088 0.0 0.0 0.0 0.0 0.056040652 0.0 0.0019852251 0.01205389 0.0 0.04075282 0.032899775 0.010837929 0.057656195 0.065156795 0.0056173154 0.030185284 0.03770861 0.033759143 0.040101156 0.024739962 0.0 0.011183922 0.04480934 0.007842764 0.0 0.0046829707 0.0 0.042741004
0.0050874287 0.0 0.009197555 0.0 0.046062853 0.015345453 0.0 0.0 0.04603291 0.023081705 0.075212896 0.0 0.0 0.0 0.030293709 0.0 0.0 0.02399189 0.0 0.0036844253 0.016589137 0.0 0.04096439 0.0 0.0 0.0 0.02789988 0.023529926 0.0 0.027297633 0.01490609 0.0402418 0.04373597 0.0 0.0 0.012715965 0.007095183 0.09373242 0.0 0.0 0.009114181 0.0033551925 0.0 0.0 0.005633285 0.040101156 0.0 0.047568794 0.0 0.0 0.10929016 0.00667887 0.021800352 0.00401577 0.03001458 0.0
0.021491624 0.047532294 0.04506504 0.01086166 0.08345033 0.06757993 0.0 0.0 0.014449532 0.0 0.04436743 0.038395137 0.010540335 0.0 0.06385081 0.01615462 0.020407349 0.020949714 0.018679278 0.088464126 0.013618357 0.01875252 0.0 0.04966631 0.03157568 0.011258588 0.0 0.0 0.0 0.015105688 0.008685325 0.04703288 0.024338933 0.0 0.023308225 0.068165235 0.0 0.04487559 0.009749669 0.0 0.0 0.0 0.0 0.018558105 0.0 0.02473996 0.047568798 0.0 0.024801541 0.0 0.014853902 0.0 0.023338562 0.016918655 0.0003211407 0.0
0.059616026 0.040418323 0.0 0.0 0.0046945023 0.052101843 0.0 0.0 0.034759678 0.0 0.0009843162 0.0 0.062475365 0.0 0.0 0.0 0.02849198 0.0 0.037097093 0.0007250502 0.022449872 0.011703459 0.0 0.007798875 0.0 0.08718198 0.025095563 0.084879555 0.031273298 0.0 0.016318168 0.007881024 0.0112386085 0.0 0.0 0.0 0.0 0.036630113 0.0 0.0 0.033925354 0.029155849 0.0 0.0 0.025623636 0.0 0.0 0.024801541 0.019118723 0.012485434 0.054923378 0.006967778 0.004626632 0.007848724 0.0070393584 0.032073688
0.0 0.013797228 0.0 0.028902024 0.024248231 0.0 0.047775023 0.021801824 0.009141522 0.0 0.07963914 0.0 0.024672821 0.00932149 0.011556284 0.04738019 0.007828816 0.05173886 0.02225293 0.007587421 0.043595083 0.02824056 0.0938984 0.049006186 0.03236272 0.0 0.0 0.004946458 0.003267694 0.0 0.0 0.0055235955 0.0026164327 0.0 0.0029932149 0.09249421 0.049193 0.0 0.03319411 0.023918461 0.0037331565 0.011655995 0.046045896 0.016091099 0.0031127804 0.011183922 0.0 0.0 0.012485435 0.0 0.034717657 0.0 0.0019473701 0.09129748 0.008129747 0.0
0.0 0.0049634995 0.10429854 0.057587028 0.021730378 0.0 0.04719907 0.0033066424 0.032515507 0.0 0.010357428 0.0 0.0 0.0 0.026114112 0.008592903 0.088714756 0.0042378595 0.083503544 0.030785663 0.011165376 0.0 0.0 0.0 0.040064134 0.0 0.0 0.0 0.0 0.031177126 0.0 0.02590764 0.023956865 0.040640175 0.0 0.0 0.0 0.013096817 0.023997819 0.0 0.0 0.017878354 0.0 0.02685094 0.0 0.04480934 0.10929017 0.014853901 0.054923378 0.034717657 0.01627617 0.0 0.02317666 0.012051446 0.0 0.0
0.0 0.0049768444 0.035145044 0.012447435 0.0006627175 0.0 0.05691675 0.029782245 0.031967912 0.02045328 0.023740526 0.0341194 0.0 0.05052307 0.03887143 0.11262877 0.023380406 0.0 0.0 0.0066957874 0.0 0.03364157 0.087469384 0.0072260983 0.09675867 0.0 0.0 0.011449919 0.0 0.0 0.00094339077 0.0 0.004055288 0.025279453 0.030828798 0.023030445 0.009348219 0.0 0.032103445 0.008679877 0.0471414 0.0 0.030973032 0.037603248 0.0 0.007842764 0.00667887 0.0 0.0069677774 0.0 0.0 0.011097912 0.0070880065 0.023622636 0.0 0.029124249
0.0 0.0 0.0 0.0 0.01511669 0.046710085 0.0 0.0 0.0 0.0 0.0 0.030501718 0.06538539 0.0 0.0 0.022795962 0.011332561 0.07499939 2.2287812e-05 0.0 0.0586982 0.0 0.04317223 0.037527476 0.0 0.0 0.0 0.0 0.0 0.024620801 0.029195655 0.13255683 0.012084876 0.0 0.032263327 0.007633118 0.0699823 0.05806234 0.007719283 0.0 0.025207698 0.008023457 0.009839655 0.0 0.025473995 0.0 0.021800352 0.023338562 0.004626632 0.0019473701 0.02317666 0.007088007 0.0 0.028509006 0.028310757 0.00053420063
0.066454835 0.0 0.01650546 0.0 0.0 0.0 0.02683932 0.06599554 0.0 0.012410955 0.002071472 0.03682129 0.019203411 0.0 0.0 0.023941046 0.024683861 0.0 0.0 0.0 0.0029896246 0.06690842 0.015059205 0.0 0.0046390514 0.008136044 0.0 0.038899716 0.03714499 0.024072433 0.0 0.0 0.0 0.07992724 0.037821222 0.0 0.013551938 0.0 0.019422958 0.03198701 0.0 0.0 0.0 0.070443094 0.0 0.0046829702 0.00401577 0.016918657 0.007848724 0.09129748 0.012051446 0.023622636 0.028509004 0.0 0.07180963 0.023999916
0.0 0.014378957 0.026593098 0.025482845 0.038020957 0.0 0.070245184 0.014282396 0.012827566 0.009894934 0.013505414 0.030659044 0.004057359 0.036484625 0.08984146 0.05187507 0.0 0.008361181 0.014874871 0.08641882 0.0 0.048186753 0.035931863 0.0012217718 0.019338906 0.0 0.009456478 0.01572985 0.0 0.0 0.03184231 0.011234753 0.0 0.04756296 0.0 0.0 0.012158946 0.0 0.033255927 0.04834237 0.005144432 0.0 0.042561483 0.040811107 0.0 0.0 0.03001458 0.00032114072 0.0070393584 0.008129747 0.0 0.0 0.028310757 0.07180963 0.0 0.0069828713
0.0 0.075705804 0.0278111 0.0 0.0 0.008334419 0.06702217 0.038787194 0.0 0.00826749 0.0134763215 0.057738848 0.0120216 0.0029684904 0.0 0.057074815 0.0 0.033253036 0.07733879 0.04949146 0.08513803 0.036257874 0.040865865 0.0 0.045549612 0.0 0.0 0.0 0.039208744 0.004919431 0.003451338 0.0 0.0 0.03587835 0.001430068 0.0014570012 0.02950378 0.024707636 0.040375963 0.0 0.0 0.03019209 0.08544892 0.05936952 0.0 0.042741008 0.0 0.0 0.032073688 0.0 0.0 0.029124247 0.0005342006 0.023999915 0.006982871 0.0
