0.046183847 0.08729868 0.020552961 0.026960691 0.0 0.0065240394 0.0 0.033429895 0.0 0.0 0.0 0.00047836584 0.007568441 0.016395917 0.07997287 0.03269059 0.017097952 0.0 0.0 0.0019078092 0.0 0.061022375 0.0 0.0021381085 0.073318705 0.011483465 0.026503129 0.025457423 0.0 0.0 0.0 0.0 0.0 0.064944744 0.06891559 0.0 0.0 0.0 0.0 0.017640065 0.021713754 0.04621366 0.014176116 0.022274531 0.0 0.001284044 0.068940006 0.0 0.0 0.04948916 0.0 0.0 0.013772852 0.0050576404 0.0 0.104068086
0.08729868 0.0 0.035881713 0.0303013 0.0 0.0 0.013137419 0.011882952 0.0 0.0 0.0033639914 0.0016458421 0.058590595 0.044196185 0.006350579 0.0 0.033167075 0.0 0.0 0.0053972905 0.0 0.02280958 0.03678809 0.0038620234 0.01657558 0.06675104 0.0 0.052120235 0.046434034 0.03950092 0.0177157 0.0 0.059588093 0.0037062843 0.0 0.0 0.012244874 0.0 0.014604005 0.0 0.028042799 0.0 0.014732287 0.044825256 0.012966596 0.0 0.0 0.018127618 0.0009920069 0.0 0.0 0.025542647 0.0 0.0 0.027688142 0.0
0.020552961 0.035881717 0.0 0.0 0.0 0.0 0.0 0.00073930493 0.050868593 0.015995182 0.0 0.0 0.106860325 0.057164807 0.020785848 0.0 0.014767098 0.0 0.0 0.0045339596 0.018172974 0.0 0.029074235 0.017219162 0.0025368244 0.0 0.0004961125 0.13155994 0.0 0.0 0.0024241495 0.020740356 0.013681024 0.0 0.0016906825 0.05012441 0.0 0.0 0.0 0.0 0.058062233 0.0 0.0 0.018481605 0.03629063 0.0 0.03153501 0.014235041 0.0 0.0 0.023660406 0.06995997 0.0 0.019351011 0.054356214 0.0
0.026960693 0.0303013 0.0 0.0 0.0 0.004022601 0.09536429 0.0 0.0 0.005595351 0.024118029 0.015801745 0.028418805 0.0509451 0.0068400768 0.0011280202 0.06625116 0.0 0.0 0.0007279146 0.0 0.0034002946 0.07796104 0.0 0.0 0.05496162 0.0 0.07475731 0.018615484 0.02154428 0.0121910265 0.0 0.031249829 0.0066654244 0.02603645 0.036652613 0.0 0.0 0.07515405 0.0 0.0 0.0 0.04354995 0.012595669 0.058428627 0.0 0.0 0.00018464049 0.022679467 0.0050448696 0.0 0.039386034 0.0077814553 0.0 0.021980781 0.0002452649
0.0 0.0 0.0 0.0 0.0 0.019020926 0.009228206 0.0 0.0 0.040555008 0.015865656 0.0 0.0 0.0 0.0 0.0 0.013425869 0.04483856 0.009435128 0.0 0.0 0.03951854 0.0 0.0 0.0 0.006678293 0.0 0.06411727 0.0 0.002712052 0.03531054 0.0 0.11128193 0.0 0.0 0.0 0.055835545 0.017612223 0.074638575 0.0 0.0 0.023523815 0.11086476 0.07985363 0.025776071 0.0 0.0 0.0 0.0 0.0 0.0 0.0486038 0.017045088 0.037637763 0.011435893 0.0
0.0065240394 0.0 0.0 0.004022601 0.019020924 0.0 0.08904671 0.0 0.04016543 0.07639391 0.023577701 0.07369319 0.02275858 0.009638639 0.0 0.024071565 0.0 0.06857526 0.0363751 0.024261752 0.053810216 0.0 0.0 0.018658772 0.0 0.0 0.0 0.032827046 0.039041664 0.0032542609 0.042754255 0.0007510092 0.0 0.010928736 0.0 0.016595384 0.018085938 0.0795021 0.019059706 0.017144615 0.012639583 0.0 0.025445238 0.0 0.031819668 0.06373374 0.0 0.0 0.0 0.0 0.011301458 0.0 0.0035617703 0.0004444964 0.0 0.0
0.0 0.013137419 0.0 0.09536428 0.009228206 0.08904671 0.0 0.0 0.013594138 0.0 0.0024974758 0.013313139 0.0 0.0 0.018502751 0.0146175735 0.0 0.051380944 0.102201045 0.027358027 0.07802821 0.03963802 0.0 0.0 0.040325765 0.0 0.00852062 0.0038613542 0.0 0.008439703 0.033728316 0.094432265 0.0 0.0 0.009905234 0.06545086 0.0008579341 0.071929075 0.0 0.019003147 0.0 0.022435721 0.0 0.005998014 0.0 0.0 0.0037156246 0.06494785 0.012748611 0.0 0.0 0.0 0.0 0.0 0.022911519 0.0
0.033429895 0.011882953 0.00073930493 0.0 0.0 0.0 0.0 0.0 0.0 0.0 0.0 0.0054513826 0.015734138 0.0 0.011283227 0.034895353 0.051057808 0.0032467667 0.0 0.022484474 0.03219073 0.03871217 0.0 0.0 0.05150869 0.015825655 0.06348638 0.0 0.057388432 0.010372041 0.0 0.0 0.0 0.0 0.04545791 0.009956452 0.00054353534 0.0 0.0047444114 0.09297363 0.026150426 0.016253768 0.0 0.024168216 0.01638328 0.0 0.04443771 0.0 0.020086424 0.10269936 0.005854819 0.0 0.026512135 0.0052988017 0.0 0.120665595
0.0 0.0 0.05086859 0.0 0.0 0.04016543 0.013594138 0.0 0.0 0.032929134 0.06977618 0.012758482 0.0 0.0 0.0012534595 0.0 0.08599352 0.0 0.0 0.026459215 0.0018020973 0.048886996 0.016072655 0.0 0.0 0.021493992 0.0 0.016674286 0.036605857 0.015604013 0.09984218 0.0022695914 0.058362663 0.033268686 0.0 0.0 0.0007143745 0.029645078 0.035123087 0.020628944 0.0 0.0 0.030758074 0.01023983 0.0 0.00670239 0.02115279 0.0 0.025267681 0.038579352 0.0 0.078857705 0.077223144 0.010704288 0.021334311 0.0
0.0 0.0 0.015995182 0.0055953506 0.040555008 0.0763939 0.0 0.0 0.032929137 0.0 0.00673943 0.0 0.0 0.002553601 0.027273377 0.024633836 0.01402889 0.06649213 0.00075956597 0.011998809 0.002126693 0.0 0.020165093 0.039377496 0.06696574 0.0 0.09479875 0.013973128 0.0 0.009206475 0.020406848 0.02294249 0.015011303 0.018415736 0.012152132 0.0 0.016913649 0.0037037956 0.019365946 0.0071869874 0.011494459 0.0 0.036862116 0.012799949 0.0 0.0 0.0 0.099692784 0.0 0.04610129 0.0 0.0 0.0051699043 0.019440832 0.0 0.0
0.0 0.0033639914 0.0 0.02411803 0.015865657 0.023577703 0.0024974758 0.0 0.069776185 0.0067394297 0.0 0.0 0.02335621 0.0 0.017525835 0.022866873 0.0 0.04475822 0.02786972 0.061415557 0.0 0.0 0.05504438 0.012520207 0.0 0.0 0.0 0.008272051 0.0 0.0 0.113763854 0.0 0.0 0.0 0.0028375692 0.016768856 0.029057391 0.041796185 0.030758562 0.008805152 0.0 0.0 0.019887682 0.0 0.0 0.03445841 0.02068468 0.021507641 0.0 0.0 0.0 0.025975708 0.0 0.031831965 0.0 0.009843579
0.00047836584 0.0016458421 0.0 0.015801745 0.0 0.07369319 0.013313139 0.0054513826 0.012758482 0.0 0.0 0.03724142 0.004968913 0.016878804 0.020044481 0.0 0.0022948077 0.0 0.0 0.031667978 0.0 0.0 0.0 0.020682633 0.017264085 0.036202833 0.029732117 0.06841958 0.036674857 0.035336092 0.017513247 0.0005820073 0.0 0.0 0.0 0.018827455 0.0 0.042245314 0.060763475 0.033783276 0.0 0.0 0.0 0.029495072 0.009263646 0.0648824 0.0 0.005759512 0.0 0.0 0.028490223 0.0635108 0.0 0.00981907 0.0 0.011013898
0.0075684413 0.058590595 0.106860325 0.028418805 0.0 0.02275858 0.0 0.015734138 0.0 0.0 0.02335621 0.004968913 0.0 0.03038982 0.010797054 0.012051593 0.0 0.0 0.0 0.0010795002 0.013963733 0.05112226 0.0 0.018451555 0.004632034 0.034261037 0.0 0.013824292 0.036289897 0.068724915 0.05168925 0.0 0.008411666 0.0 0.009971824 0.031898018 0.0 0.0 0.016103256 0.0 0.0 0.0 0.017941756 0.0 0.0 0.0 0.026870554 0.0093850335 0.121127345 0.014203183 0.0191562 0.0 0.017534131 0.03593808 0.021526365 0.07181813
0.016395917 0.04419618 0.057164803 0.050945103 0.0 0.00963864 0.0 0.0 0.0 0.002553601 0.0 0.016878804 0.030389817 0.011680565 0.04754191 0.017963648 0.0 0.0 0.0 0.0146979485 0.029278364 0.0803336 0.023152126 0.0 0.099154584 0.0 0.013545712 0.0140240425 0.0 0.039574478 0.0 0.032920387 0.0 0.005782384 0.021028027 0.011916479 0.0 0.0 0.0 0.007789067 0.044145186 0.013179252 0.0 0.07548661 0.0 0.014609824 0.0805793 0.02175436 0.035886254 0.061933614 0.00710808 0.013683613 0.06344683 0.025177618 0.007870642 0.044870134
0.07997287 0.006350579 0.020785848 0.0068400768 0.0 0.0 0.018502751 0.011283227 0.0012534595 0.027273376 0.017525835 0.020044481 0.010797054 0.04754191 0.0 0.00077735586 0.0 0.0 0.0 0.02596948 0.0 0.01877285 0.03396619 0.014046771 0.0020344364 0.008696376 0.024292612 0.04153464 0.044668887 6.46372e-05 0.0 0.043744206 0.0 0.05052871 0.030855011 0.015211577 0.011309595 0.012727546 0.08894849 0.028341034 0.009398755 0.0 0.027047914 0.01678772 0.012966573 0.0 0.0 0.0087384535 0.0 0.005775551 0.0 0.0123865865 0.0 0.0046903715 0.10082405 0.021077743
0.032690592 0.0 0.0 0.0011280202 0.0 0.024071565 0.014617574 0.03489535 0.0 0.024633836 0.022866873 0.0 0.012051593 0.017963648 0.00077735586 0.0 0.043071557 0.0 0.0 0.0 0.019050954 0.042513397 0.0 0.013399583 0.0118855685 0.005824153 0.0 0.023529608 0.09589179 0.0 0.052916832 0.002329381 0.02435303 0.03320822 0.014499022 0.017146556 0.023255272 0.0 0.019980213 0.0021931792 0.037534352 0.0 0.025973527 0.016114924 0.03963421 0.0 0.032075882 0.036532946 0.0073317345 0.036467403 0.025679583 0.0 0.0 0.02391163 0.027558899 0.04347535
0.017097954 0.03316707 0.014767099 0.06625116 0.01342587 0.0 0.0 0.051057804 0.08599353 0.014028891 0.0 0.0022948077 0.0 0.0 0.0 0.043071557 0.0 0.04805132 0.03453188 0.0 0.039950576 0.0068526617 0.0 0.061247613 0.045022186 0.0 0.0 0.0019073065 0.006389691 0.019338738 0.025820037 0.09176028 0.0 0.007942202 0.0 0.10741257 0.0 0.10675978 0.029440949 0.0 0.0 0.0 0.0 0.010948627 0.0010316009 0.0043033655 0.0 0.032711826 0.020041432 0.0 0.01670902 0.0 0.0 0.0 0.007849514 0.0
0.0 0.0 0.0 0.0 0.04483856 0.06857526 0.05138094 0.0032467667 0.0 0.06649213 0.04475822 0.0 0.0 0.0 0.0 0.0 0.04805132 0.0327119 0.041496016 0.035160434 0.0 0.0 0.0 0.0 0.0092253955 4.000334e-07 0.0 0.025151672 0.0 0.035412606 0.054720484 0.0 0.047135666 0.0 0.024059588 0.0034764744 0.07721976 0.023820681 0.037755705 0.0 0.0 0.020473907 0.06370273 0.070957 0.018844532 0.0459828 0.037394166 0.0010177796 0.0 0.0 0.0 0.051858928 0.0 0.0 0.0 2.7111737e-05
0.0 0.0 0.0 0.0 0.009435128 0.0363751 0.102201045 0.0 0.0 0.0007595659 0.027869718 0.0 0.0 0.0 0.0 0.0 0.034531884 0.041496016 0.0 0.025987472 0.0 0.0 0.0 0.0065030106 0.0 0.0 0.0 0.0 0.034888554 0.0052871644 0.06448507 0.10392362 0.0 0.0 0.01084953 0.0 0.009443285 0.01067458 0.0377181 0.0 0.018290132 0.011872315 0.097081155 0.0 0.01889481 0.056254044 0.0 0.0 0.020852368 0.0 0.021809107 0.0 0.013075071 0.0056340415 0.017626747 0.025952842
0.0019078092 0.00539729 0.0045339596 0.0007279146 0.0 0.02426175 0.027358027 0.022484476 0.026459217 0.011998809 0.061415557 0.031667978 0.0010795002 0.014697949 0.02596948 0.0 0.0 0.03516043 0.025987472 0.004583196 0.0036739565 0.0 0.0 0.0685512 0.0 0.0 0.0 0.036629997 0.035090018 0.022336477 0.0 0.0 0.03538552 0.0 0.01918139 0.003320302 0.020409891 0.040752374 0.033835784 0.0 0.0 0.0 0.105812676 0.0018015406 0.022696724 0.04960511 0.0 0.0 0.0 0.0 0.009288776 0.028023032 0.0 0.0 0.017780134 0.0
0.0 0.0 0.018172974 0.0 0.0 0.05381022 0.07802821 0.032190725 0.0018020972 0.002126693 0.0 0.0 0.013963732 0.029278362 0.0 0.019050954 0.039950576 0.0 0.0 0.0036739567 0.0 0.0 0.0 0.011844124 0.0 0.0 0.016537713 0.015310112 0.0 0.0 0.045679808 0.0040783845 0.12432689 0.0 0.0 0.036128677 0.024149401 0.0 0.06645638 0.026591074 0.027306749 0.028771523 0.0043099327 0.028437313 0.03424618 0.0045200787 0.0 0.014553618 0.023645822 0.0035156265 0.031899583 0.03045466 0.0 0.025924172 0.056347057 0.0
0.061022375 0.02280958 0.0 0.0034002946 0.03951854 0.0 0.039638024 0.03871217 0.048886996 0.0 0.0 0.0 0.05112226 0.0803336 0.018772848 0.042513393 0.0068526613 0.0 0.0 0.0 0.0 0.021937916 0.046690423 0.07514304 0.007527564 0.0 0.04670382 0.017687859 0.012644169 0.0 0.0 0.0 0.0 0.01318114 0.033462606 0.03594885 0.0 0.004609481 0.007946213 0.0067856736 0.096802115 0.0 0.0053301062 0.0 0.0056741717 0.0 0.026630122 0.0031901665 0.0 0.0 0.058744907 0.00569423 0.0 0.0 0.0 0.0
0.0 0.03678809 0.029074235 0.07796104 0.0 0.0 0.0 0.0 0.016072655 0.020165093 0.05504438 0.0 0.0 0.023152128 0.03396619 0.0 0.0 0.0 0.0 0.0 0.0 0.04669042 0.03186234 0.0 0.009757056 0.054010518 0.04197271 0.009667117 0.013980801 0.0 0.0 0.016082691 0.0 0.0 0.007907228 0.0 0.0 0.0 0.009488491 0.023665892 0.03820124 0.0043889866 0.027470088 0.0 0.007666035 0.027385958 0.04879145 0.016332412 0.046621114 0.047766477 0.040646642 0.0027928436 0.008503398 0.016425034 0.035220414 0.05649342
0.0021381085 0.0038620231 0.017219162 0.0 0.0 0.01865877 0.0 0.0 0.0 0.039377492 0.012520207 0.020682635 0.018451555 0.0 0.014046771 0.013399584 0.06124761 0.0 0.006503011 0.068551205 0.011844125 0.07514304 0.0 0.0 0.031806808 0.020272342 0.0 0.0 0.043099876 0.06400186 0.010724806 0.0 0.009298746 0.07833116 0.013169145 0.0 0.0 0.0 0.035585765 0.019290196 0.027195163 0.017979603 0.04481002 0.027210876 0.001177894 0.0 0.0033380545 0.0 0.022803187 0.012674901 0.017564787 0.0005138908 0.08687838 0.014747748 0.018982263 0.01843675
0.073318705 0.01657558 0.0025368244 0.0 0.0 0.0 0.040325765 0.051508687 0.0 0.06696574 0.0 0.017264083 0.0046320334 0.09915459 0.0020344362 0.011885568 0.045022186 0.0092253955 0.0 0.0 0.0 0.0075275637 0.009757056 0.031806808 0.0 0.0 0.007167244 0.0132842455 0.025887871 0.013872667 0.0 0.0 0.0 0.0 0.008101695 0.024997348 0.01956152 0.0 0.10376403 0.004316243 0.0 0.0 0.044315856 0.014010531 0.041936524 0.031908438 0.0 0.014719421 0.0 0.0019074577 0.0068835053 0.044200964 0.0 0.0 0.008259986 0.01003658
0.011483465 0.06675104 0.0 0.05496162 0.0066782925 0.0 0.0 0.015825655 0.021493994 0.0 0.0 0.036202837 0.034261037 0.0 0.008696376 0.005824153 0.0 4.000334e-07 0.0 0.0 0.0 0.0 0.054010514 0.020272342 0.0 0.09431361 0.05851294 0.0 0.0 0.0 0.0 0.027892295 0.0 0.030899968 0.06844768 0.0 0.0 0.0 0.0031781755 0.01931836 0.01978304 0.026309205 0.0 0.0 0.0 0.017173175 0.009239028 0.05728079 0.017641986 0.027787155 0.09996737 0.018687684 0.0 0.04221951 0.064625874 0.022533258
0.026503129 0.0 0.00049611257 0.0 0.0 0.0 0.00852062 0.06348638 0.0 0.09479875 0.0 0.029732117 0.0 0.0135457115 0.024292612 0.0 0.0 0.0 0.0 0.0 0.016537711 0.04670382 0.04197271 0.0 0.0071672443 0.05851294 0.0 0.022352144 0.017037185 0.062160045 0.0 0.0 0.0 0.024975508 0.03443032 0.0020153553 0.045611188 0.0 0.0036279766 0.019648293 0.04028922 0.011458539 0.0 0.0 0.02572728 0.0 0.0 0.0052286605 0.0 0.06345649 0.0 0.016221866 0.015533847 0.03517004 0.052442927 0.038828738
0.025457425 0.05212023 0.13155994 0.07475731 0.06411727 0.032827046 0.0038613544 0.0 0.016674286 0.013973127 0.008272051 0.06841958 0.013824293 0.0140240425 0.041534636 0.023529606 0.0019073065 0.025151672 0.0 0.036629997 0.015310113 0.017687859 0.009667117 0.0 0.013284246 0.0 0.022352144 0.0 0.0 0.032970287 0.004879016 0.0 0.008658441 0.0636536 0.0 0.0 0.017202744 0.0 0.0 0.0 0.0 0.035658866 0.0 0.0 0.0 0.042504344 0.08132756 0.012251138 0.07273605 0.0 0.006054415 0.0 0.0 0.0054988125 0.0100439275 0.0
0.0 0.04643403 0.0 0.018615484 0.0 0.03904167 0.0 0.057388432 0.036605857 0.0 0.0 0.03667486 0.036289897 0.0 0.044668887 0.09589179 0.006389691 0.0 0.034888554 0.035090018 0.0 0.012644169 0.013980801 0.043099876 0.02588787 0.0 0.017037185 0.0 0.0 0.032196395 0.033830903 0.011457743 0.0 0.0073746764 0.0 0.027850844 0.018257266 0.0 0.0042050043 0.03694436 0.0 0.032857824 0.0 0.0 0.0 0.02615983 0.047936775 0.009726741 0.02416185 0.0 0.026474604 0.0 0.0 0.0 0.02472346 0.0042078085
0.0 0.03950092 0.0 0.02154428 0.002712052 0.003254261 0.008439703 0.010372041 0.015604014 0.009206474 0.0 0.035336096 0.068724915 0.039574478 6.46372e-05 0.0 0.019338738 0.035412606 0.0052871644 0.022336477 0.0 0.0 0.0 0.06400186 0.013872668 0.0 0.06216004 0.032970287 0.032196395 0.0 0.0 0.0 0.0 0.0 0.025335584 0.03539873 0.01691245 0.0040905946 0.021250675 0.029706582 0.0 0.010046061 0.01637356 0.034248605 0.059796244 0.008828278 0.0 0.0003538223 0.0 0.0 0.0 0.055456046 0.00026369316 0.0 0.025614932 0.0
0.0 0.0177157 0.0024241495 0.0121910265 0.03531054 0.042754255 0.033728316 0.0 0.09984218 0.020406848 0.11376385 0.017513247 0.05168925 0.0 0.0 0.052916832 0.025820037 0.054720484 0.06448507 0.0 0.045679808 0.0 0.0 0.010724807 0.0 0.0 0.0 0.004879016 0.0338309 0.0 0.0 0.0026512835 0.02895282 0.0407822 0.0046857195 0.016790014 0.010691309 0.049352232 0.026700888 0.0046322555 0.0 0.0 0.0306807 0.0045710998 0.0 0.048609648 0.0062332433 0.018308014 0.0 0.0 0.0 0.0 0.0 0.0 0.01303154 0.0
0.0 0.0 0.020740356 0.0 0.0 0.0007510092 0.094432265 0.0 0.0022695914 0.02294249 0.0 0.0005820073 0.0 0.032920387 0.043744203 0.002329381 0.09176028 0.0 0.10392361 0.0 0.0040783845 0.0 0.016082693 0.0 0.0 0.027892295 0.0 0.0 0.011457742 0.0 0.0026512835 0.0 0.015949206 0.0 0.023817621 0.0 0.02502457 0.029949594 0.044481326 0.006406713 0.0 0.03910555 0.0 0.035217226 0.008147481 0.027740821 0.0 0.0 0.009280904 0.04410509 0.0 0.07035664 0.0 0.005288218 0.0 0.032708507
0.0 0.05958809 0.013681024 0.031249827 0.11128193 0.0 0.0 0.0 0.058362663 0.015011302 0.0 0.0 0.008411667 0.0 0.0 0.02435303 0.0 0.047135666 0.0 0.035385516 0.12432688 0.0 0.0 0.009298746 0.0 0.0 0.0 0.00865844 0.0 0.0 0.02895282 0.015949206 0.0 0.0 0.006013159 0.029553622 0.023884904 0.055445593 0.0132202245 0.0 0.0 0.06653824 0.021919029 0.0 0.0085901255 0.0 0.021768104 0.007946545 0.04537874 0.0 0.0056446004 0.016262352 0.0 0.0 0.0073179803 0.0
0.06494475 0.0037062846 0.0 0.0066654244 0.0 0.010928736 0.0 0.0 0.03326869 0.018415738 0.0 0.0 0.0 0.0057823844 0.05052871 0.03320822 0.007942202 0.0 0.0 0.0 0.0 0.01318114 0.0 0.07833115 0.0 0.030899968 0.02497551 0.0636536 0.0073746764 0.0 0.040782202 0.0 0.0 0.009716546 0.0360113 0.03602754 0.0 0.0 0.0 0.05146684 0.12045593 0.022253875 0.021094657 0.0042501646 0.034853682 0.0 0.0 0.0017450778 0.0 0.0 0.035992496 0.0 0.0 0.024567313 0.0 0.001652014
0.0689156 0.0 0.0016906826 0.02603645 0.0 0.0 0.009905234 0.04545791 0.0 0.012152132 0.002837569 0.0 0.009971824 0.021028029 0.03085501 0.014499021 0.0 0.024059586 0.010849531 0.01918139 0.0 0.033462606 0.007907227 0.013169145 0.008101696 0.06844768 0.03443032 0.0 0.0 0.025335584 0.0046857195 0.023817623 0.0060131587 0.036011297 0.118228756 0.0029946652 0.054422013 0.0 0.0 0.03668853 0.008124487 0.0 0.0 0.0 0.043647695 0.0 0.006110585 0.02893647 0.037918333 0.046669625 0.009109302 0.015873285 0.0863427 0.017970579 0.0 0.020620685
0.0 0.0 0.05012441 0.036652613 0.0 0.016595386 0.06545086 0.009956452 0.0 0.0 0.016768856 0.018827455 0.03189802 0.011916478 0.015211578 0.017146558 0.10741257 0.0034764742 0.0 0.003320302 0.036128674 0.035948846 0.0 0.0 0.024997348 0.0 0.0020153553 0.0 0.027850846 0.03539873 0.016790012 0.0 0.029553624 0.036027543 0.0029946652 0.0 0.0 0.014643236 0.0 0.026452405 0.0 0.030016584 0.027143233 0.0 0.06784445 0.016025316 0.0122224605 0.005543699 0.049466267 0.029252268 0.014031815 0.0076529463 0.03090555 0.012661536 0.007006311 0.0
0.0 0.012244874 0.0 0.0 0.055835545 0.018085938 0.0008579341 0.00054353534 0.0007143745 0.01691365 0.029057391 0.0 0.0 0.0 0.011309595 0.02325527 0.0 0.07721977 0.009443285 0.020409893 0.024149401 0.0 0.0 0.0 0.019561522 0.0 0.045611188 0.017202744 0.018257266 0.01691245 0.010691309 0.02502457 0.023884902 0.0 0.054422013 0.0 0.05503862 0.0 0.0 0.0010136206 0.0 0.03810801 0.08911258 0.019346084 0.0 0.12726682 0.027696526 0.008828985 0.012405272 0.017744135 0.018916426 0.0062039904 0.04407601 0.053295318 0.0 0.048250303
0.0 0.0 0.0 0.0 0.017612223 0.0795021 0.07192908 0.0 0.029645078 0.0037037958 0.041796185 0.042245314 0.0 0.0 0.0127275465 0.0 0.10675979 0.023820681 0.01067458 0.04075237 0.0 0.004609481 0.0 0.0 0.0 0.0 0.0 0.0 0.0 0.0040905946 0.049352232 0.029949592 0.055445593 0.0 0.0 0.014643236 0.0 0.0 0.044322018 0.008511263 0.0 0.043468546 0.03984814 0.032538913 0.0 0.008352769 0.005700343 0.0 0.0 0.040204935 0.0 0.031196872 0.02096359 0.1017748 0.0 0.0
0.0 0.014604005 0.0 0.07515405 0.07463858 0.019059706 0.0 0.0047444114 0.035123087 0.019365946 0.030758562 0.060763475 0.016103256 0.0 0.08894849 0.019980213 0.02944095 0.0377557 0.037718095 0.033835784 0.06645638 0.007946213 0.009488492 0.035585765 0.10376403 0.0031781755 0.0036279764 0.0 0.0042050043 0.021250675 0.026700888 0.044481326 0.0132202245 0.0 0.0 0.0 0.0 0.044322018 0.00791014 0.011202161 0.0 0.012243701 0.005041932 0.001580371 0.0 0.039933212 0.014388351 0.0012877189 0.044771284 0.007988619 0.0 0.010032782 0.013510917 0.004805166 0.026652182 0.0
0.017640065 0.0 0.0 0.0 0.0 0.017144615 0.019003147 0.09297363 0.020628944 0.0071869874 0.008805151 0.033783276 0.0 0.0077890675 0.028341034 0.002193179 0.0 0.0 0.0 0.0 0.026591072 0.006785674 0.023665892 0.019290196 0.004316243 0.01931836 0.019648295 0.0 0.03694436 0.02970658 0.0046322555 0.006406713 0.0 0.051466845 0.03668853 0.026452404 0.0010136206 0.008511263 0.011202161 0.0 0.02633436 0.03296385 0.0 0.09285672 0.0029666566 0.007816779 0.030629566 0.059238274 0.0 0.036385834 0.029875796 0.04720724 0.0012545418 0.019993262 0.07006132 0.059672356
0.021713752 0.028042799 0.058062237 0.0 0.0 0.012639583 0.0 0.026150426 0.0 0.011494459 0.0 0.0 0.0 0.044145186 0.009398756 0.037534352 0.0 0.0 0.018290132 0.0 0.027306749 0.096802115 0.03820124 0.027195163 0.0 0.01978304 0.04028922 0.0 0.0 0.0 0.0 0.0 0.0 0.12045592 0.008124486 0.0 0.0 0.0 0.0 0.026334362 0.057585124 0.02653155 0.0 0.0 0.042094704 0.0171468 0.027225178 0.005085373 0.0461059 0.03969628 0.06664768 0.0 0.0 0.023363905 0.025286555 0.0148393735
0.04621366 0.0 0.0 0.0 0.023523815 0.0 0.02243572 0.016253768 0.0 0.0 0.0 0.0 0.0 0.013179252 0.0 0.0 0.0 0.020473909 0.011872316 0.0 0.028771525 0.0 0.0043889866 0.017979601 0.0 0.026309207 0.011458539 0.035658866 0.03285782 0.010046062 0.0 0.039105553 0.06653824 0.022253875 0.0 0.030016584 0.03810801 0.043468542 0.012243701 0.03296385 0.02653155 0.093785085 0.0 0.008119134 0.043379076 0.0 0.0 0.024874248 0.0063358606 0.0028275852 0.021322053 0.06637387 0.0 0.012810676 0.021796621 0.0
0.014176118 0.014732286 0.0 0.043549955 0.11086476 0.025445238 0.0 0.0 0.030758074 0.036862116 0.019887682 0.0 0.017941756 0.0 0.027047914 0.025973527 0.0 0.06370273 0.09708115 0.105812676 0.004309933 0.0053301062 0.02747009 0.044810023 0.044315856 0.0 0.0 0.0 0.0 0.016373558 0.0306807 0.0 0.021919027 0.021094657 0.0 0.02714323 0.08911257 0.039848145 0.0050419318 0.0 0.0 0.0 0.0 0.0 0.015135205 0.00510956 0.0 0.0 0.0 0.013477027 0.005384222 0.007251154 0.013626768 0.0 0.0 0.0
0.022274531 0.044825256 0.018481605 0.012595669 0.07985363 0.0 0.005998014 0.024168218 0.01023983 0.012799948 0.0 0.029495072 0.0 0.075486615 0.016787719 0.016114924 0.010948628 0.070957 0.0 0.0018015406 0.028437313 0.0 0.0 0.027210874 0.014010532 0.0 0.0 0.0 0.0 0.0342486 0.0045710998 0.035217226 0.0 0.0042501646 0.0 0.0 0.019346084 0.032538917 0.0015803712 0.09285673 0.0 0.008119134 0.0 0.026136685 0.07170666 0.0046356576 0.056952458 0.020101655 0.024757426 0.0 0.015422559 0.0 0.0 0.03895705 0.0035894993 0.0
0.0 0.0129665965 0.03629063 0.05842863 0.025776071 0.031819668 0.0 0.016383281 0.0 0.0 0.0 0.009263646 0.0 0.0 0.012966573 0.03963421 0.0010316008 0.018844534 0.01889481 0.022696726 0.034246184 0.0056741717 0.007666036 0.0011778938 0.041936524 0.0 0.02572728 0.0 0.0 0.059796248 0.0 0.008147481 0.0085901255 0.034853682 0.043647695 0.06784445 0.0 0.0 0.0 0.0029666568 0.0420947 0.043379076 0.015135206 0.07170666 0.019116532 0.0 0.045306467 0.01851415 0.009444593 0.0 0.0038599053 0.0 0.09520378 0.004415877 0.0043026307 0.0
0.001284044 0.0 0.0 0.0 0.0 0.06373375 0.0 0.0 0.00670239 0.0 0.03445841 0.0648824 0.0 0.014609825 0.0 0.0 0.0043033655 0.045982797 0.05625404 0.04960511 0.0045200787 0.0 0.027385958 0.0 0.031908438 0.017173173 0.0 0.042504344 0.02615983 0.008828278 0.048609648 0.02774082 0.0 0.0 0.0 0.016025316 0.12726682 0.008352769 0.039933212 0.007816779 0.0171468 0.0 0.00510956 0.0046356576 0.0 0.0 0.0 0.006829164 0.009061609 0.010929562 0.0 0.039196108 0.009270143 0.0 0.0016182234 0.0
0.068940006 0.0 0.03153501 0.0 0.0 0.0 0.0037156246 0.044437714 0.021152792 0.0 0.020684682 0.0 0.026870554 0.0805793 0.0 0.03207588 0.0 0.03739417 0.0 0.0 0.0 0.026630124 0.04879145 0.0033380543 0.0 0.009239028 0.0 0.08132756 0.04793678 0.0 0.0062332437 0.0 0.021768104 0.0 0.006110585 0.0122224605 0.027696526 0.005700343 0.014388352 0.030629566 0.027225178 0.0 0.0 0.056952458 0.045306467 0.0 0.0 0.008701512 0.0 0.0 0.006049373 0.07015322 0.0 0.0 0.060835686 0.020085761
0.0 0.018127618 0.014235042 0.00018464049 0.0 0.0 0.06494785 0.0 0.0 0.09969278 0.021507643 0.005759512 0.0093850335 0.021754362 0.0087384535 0.036532946 0.03271183 0.0010177796 0.0 0.0 0.014553619 0.0031901665 0.016332414 0.0 0.014719422 0.05728079 0.0052286605 0.012251138 0.00972674 0.00035382234 0.018308016 0.0 0.007946545 0.0017450778 0.028936468 0.005543699 0.008828985 0.0 0.0012877189 0.059238277 0.005085373 0.024874246 0.0 0.020101655 0.01851415 0.006829164 0.008701512 0.004986036 0.06359271 0.0 0.008199593 0.002188869 0.014243223 0.08863171 0.0 0.0
0.0 0.0009920069 0.0 0.022679469 0.0 0.0 0.012748611 0.020086426 0.02526768 0.0 0.0 0.0 0.121127345 0.035886258 0.0 0.0073317345 0.020041432 0.0 0.020852366 0.0 0.023645822 0.0 0.046621118 0.02280319 0.0 0.017641988 0.0 0.07273605 0.024161847 0.0 0.0 0.009280905 0.04537874 0.0 0.037918337 0.049466267 0.012405271 0.0 0.044771284 0.0 0.0461059 0.006335861 0.0 0.024757426 0.009444593 0.009061609 0.0 0.06359271 0.0 0.0 0.044224508 0.018904757 0.0 0.007044698 0.0059499796 0.0
0.04948916 0.0 0.0 0.0050448696 0.0 0.0 0.0 0.10269936 0.038579356 0.04610129 0.0 0.0 0.014203183 0.061933614 0.005775551 0.036467403 0.0 0.0 0.0 0.0 0.0035156263 0.0 0.047766477 0.012674902 0.0019074576 0.027787155 0.06345649 0.0 0.0 0.0 0.0 0.04410509 0.0 0.0 0.046669625 0.029252268 0.017744135 0.040204935 0.00798862 0.036385834 0.03969628 0.0028275852 0.013477027 0.0 0.0 0.010929562 0.0 0.0 0.0 0.0 0.0932808 0.0 0.0 0.014778843 0.015389786 0.04252697
0.0 0.0 0.023660406 0.0 0.0 0.011301458 0.0 0.0058548185 0.0 0.0 0.0 0.028490223 0.0191562 0.0071080797 0.0 0.025679585 0.016709018 0.0 0.021809107 0.009288776 0.031899583 0.058744907 0.04064664 0.017564787 0.006883505 0.09996737 0.0 0.0060544154 0.026474606 0.0 0.0 0.0 0.0056446004 0.0359925 0.0091093015 0.014031815 0.018916424 0.0 0.0 0.029875798 0.06664768 0.021322053 0.005384222 0.015422559 0.0038599055 0.0 0.006049373 0.008199593 0.044224508 0.09328081 0.0 0.0017054579 0.025671426 0.043801192 0.018460974 0.052669577
0.0 0.025542649 0.069959976 0.039386034 0.0486038 0.0 0.0 0.0 0.078857705 0.0 0.025975708 0.0635108 0.0 0.013683612 0.012386586 0.0 0.0 0.051858924 0.0 0.028023032 0.030454658 0.0056942306 0.0027928436 0.00051389076 0.044200968 0.018687684 0.016221866 0.0 0.0 0.05545605 0.0 0.07035663 0.016262354 0.0 0.015873285 0.0076529463 0.006203991 0.031196872 0.010032782 0.04720724 0.0 0.06637387 0.0072511537 0.0 0.0 0.039196108 0.07015322 0.002188869 0.018904757 0.0 0.0017054577 0.0 0.07125066 0.00025114353 0.0 0.019189406
0.013772853 0.0 0.0 0.007781455 0.017045088 0.00356177 0.0 0.026512135 0.077223144 0.0051699043 0.0 0.0 0.01753413 0.06344683 0.0 0.0 0.0 0.0 0.01307507 0.0 0.0 0.0 0.008503398 0.08687838 0.0 0.0 0.015533848 0.0 0.0 0.00026369316 0.0 0.0 0.0 0.0 0.0863427 0.03090555 0.04407601 0.020963589 0.013510918 0.0012545418 0.0 0.0 0.013626769 0.0 0.09520378 0.009270142 0.0 0.014243224 0.0 0.0 0.025671426 0.07125066 0.0 0.0 0.06904322 0.0068790093
0.0050576404 0.0 0.01935101 0.0 0.037637763 0.0004444964 0.0 0.0052988017 0.010704289 0.019440833 0.03183197 0.009819069 0.03593808 0.025177618 0.0046903715 0.02391163 0.0 0.0 0.005634041 0.0 0.02592417 0.0 0.016425036 0.014747749 0.0 0.04221951 0.03517004 0.0054988125 0.0 0.0 0.0 0.005288218 0.0 0.024567313 0.017970579 0.012661536 0.053295314 0.1017748 0.0048051663 0.019993262 0.023363907 0.012810677 0.0 0.038957044 0.004415877 0.0 0.0 0.08863171 0.0070446976 0.014778844 0.043801192 0.00025114353 0.0 0.06514077 0.04264795 0.0013068096
0.0 0.027688142 0.054356214 0.021980781 0.011435893 0.0 0.022911519 0.0 0.021334311 0.0 0.0 0.0 0.021526365 0.0078706425 0.10082405 0.027558899 0.007849514 0.0 0.017626747 0.017780134 0.056347053 0.0 0.035220414 0.018982261 0.008259986 0.064625874 0.052442927 0.010043928 0.02472346 0.025614932 0.01303154 0.0 0.00731798 0.0 0.0 0.007006311 0.0 0.0 0.026652182 0.07006132 0.025286557 0.02179662 0.0 0.0035894988 0.0043026307 0.0016182233 0.060835686 0.0 0.0059499796 0.015389785 0.018460974 0.0 0.06904323 0.04264795 0.0 0.015726138
0.104068086 0.0 0.0 0.0002452649 0.0 0.0 0.0 0.12066559 0.0 0.0 0.009843579 0.011013899 0.07181812 0.044870134 0.021077743 0.04347535 0.0 2.7111739e-05 0.025952844 0.0 0.0 0.0 0.056493424 0.01843675 0.010036579 0.022533258 0.038828738 0.0 0.0042078085 0.0 0.0 0.032708507 0.0 0.001652014 0.020620685 0.0 0.048250303 0.0 0.0 0.059672352 0.0148393735 0.0 0.0 0.0 0.0 0.0 0.020085761 0.0 0.0 0.04252697 0.052669577 0.019189406 0.0068790093 0.0013068096 0.015726138 0.0
