0.0 0.08323407 0.10445361 0.12675305 0.020132808 0.0 0.0 0.0 0.0 0.0 0.0 0.044538938 0.0 0.0076403096 0.0 0.0 0.07274375 0.012880095 0.0 0.05323283 0.0 0.015160003 0.024914969 0.0 0.0 0.056863934 0.0022877515 0.0 0.0 0.0 0.045131825 0.0 0.09110433 0.0 0.0014585534 0.011248159 0.0 0.0013605367 0.029801441 0.00080779404 0.0 0.0 0.04178873 0.0 0.0 0.058485445 0.0 0.008918946 0.030727942 0.0 0.0 0.0 0.09311073 0.016875971 0.0 0.0
0.083234064 0.0 0.0 0.0 0.0 0.0 0.038756736 0.06687511 0.0 0.02327076 0.0052084723 0.0 0.0 0.06368849 0.019939296 0.0 0.0 0.0 0.0 0.0 0.0 0.03156659 0.009992106 0.012974916 0.0 0.038571097 0.0 0.12734087 0.026913071 0.0 0.0 0.027993726 0.0 0.015239881 0.06267987 0.007539865 0.033810742 0.0 0.0038727839 0.08897842 0.0 0.017931703 0.0 0.00018189524 0.019921476 0.0 0.0 0.0017456831 0.005749432 0.017020876 0.035151236 0.05791619 0.0 0.0 0.025095055 0.045740034
0.10445361 0.0 0.0 0.0 0.0 0.03360354 0.0 0.0 0.040370855 0.0 0.021128178 0.009384283 0.0057273996 0.0 0.026189465 0.051234566 0.0 0.0 0.032064218 0.0 0.044582542 0.0075995377 0.017868157 0.031615634 0.048542973 0.0138363205 0.04783411 0.0 0.0 0.007471622 0.0026894873 0.040585052 0.028211784 0.06570279 0.009914391 0.0 0.020858904 0.0 0.0037835578 0.013414587 0.0 0.004138719 0.0 0.028895235 0.055681817 0.0 0.009706431 0.026740314 0.0 0.02652473 0.0 0.0030389898 0.0 0.03495481 0.010590982 0.004716786
0.12675306 0.0 0.0 0.0 0.0 0.0 0.0 0.0 0.0 0.0 0.032513015 0.01065599 0.0 0.009973556 0.0 0.0 0.0 0.040778913 0.04404597 0.0 0.0 0.08247767 0.0 0.12165942 0.005226196 0.0 0.053115528 0.02025633 0.040639587 0.004655623 0.0 0.0 0.0 0.0 0.02805178 0.0 0.0 0.0 0.0072678234 0.027785754 0.027210616 0.016240338 0.0 0.0062129307 0.05772288 0.0 0.02323047 0.07285668 0.0 0.023505028 0.095055744 0.0 0.0 0.00057712244 0.046357907 0.0
0.020132808 0.0 0.0 0.0 0.0 0.0 0.0065578646 0.0 0.0 0.0 0.008729021 0.0 0.015330448 0.044431604 0.0022259157 0.0 0.0 0.0 0.0 0.0 0.032388926 0.0 0.0 0.10407217 0.0 0.0 0.016535524 0.0 0.16275913 0.024212074 0.00045115696 0.0 0.0 0.0 0.0030686269 0.002741803 0.0 0.0 0.0 0.04826704 0.08384317 0.06808518 0.0 0.10380545 0.016887551 0.0 0.0 0.043563146 0.0 0.059603844 0.03849667 0.0 0.0029025127 0.0 0.079686135 0.03081407
0.0 0.0 0.03360354 0.0 0.0 0.070852816 0.0923775 0.0 0.037893943 0.0 0.055199467 0.030598221 0.0 0.0053198696 0.0 0.0 0.0032363867 0.013383173 0.038204364 0.021515816 0.024355702 0.046068635 0.0 0.048583046 0.07699598 0.0 0.045318864 0.0 0.0 0.06913542 0.02326063 0.08709603 0.0 0.0 0.0 0.0 0.0 0.015592523 0.0 0.0 0.007888765 0.06766821 0.0 0.015459114 0.0 0.0 0.06077587 0.0 0.0 0.0 0.0 0.0 0.010960561 0.0075627672 0.0 0.0042211395
0.0 0.038756736 0.0 0.0 0.006557864 0.0923775 0.03237154 0.008079113 0.026897227 0.05569344 0.0091721 0.0396047 0.007482837 0.0 0.016025214 0.0 0.0 0.053342607 0.005467003 0.016220959 0.046061568 0.0 0.009330049 0.0 0.025730258 0.0 0.0 0.0 0.0 0.043183606 0.0 0.05352519 0.025505407 0.02631751 0.0 0.010179765 0.062106635 0.11418532 0.015593452 0.0 0.0 0.044343755 0.0 0.0 0.0 0.0 0.027609063 0.0072653606 0.0 0.0 0.0 0.0 0.011369988 0.016504614 0.0 0.0
0.0 0.06687511 0.0 0.0 0.0 0.0 0.008079113 0.052431025 0.0298058 0.03125396 0.0045386837 0.0 0.07313087 0.064641446 0.0 0.07638569 0.02566621 0.0 0.0 0.089716665 0.0 0.0 0.054768965 0.009266388 0.00031172694 0.050669532 0.0 0.029420622 0.0 0.0 0.0 0.004888298 0.06242137 0.0 0.0142287975 0.058862872 0.0026993454 0.04430974 0.026904594 0.0 0.029930968 0.0 0.0 0.0 0.0061021866 0.072977416 0.0 0.0 0.009707405 0.022657761 0.0 0.0 0.0 0.0 0.008096881 0.0
0.0 0.0 0.040370855 0.0 0.0 0.037893943 0.026897227 0.0298058 0.049794775 0.0 0.050287005 0.0 0.04815209 0.0 0.0 0.06526858 0.028378302 0.0 0.018761864 0.0 0.0 0.004897697 0.0 0.025917955 0.011111297 0.0 0.012894094 0.0 0.028523399 0.013640328 0.1137454 0.036377303 0.013776935 0.013794635 0.009734484 0.002458313 0.0038323684 0.0 0.0 0.037605345 0.017843572 0.07655414 0.0 0.03265741 0.0 0.0 0.018372485 0.0732455 0.0055448115 0.0 0.09022265 0.008791941 0.0 0.0 0.03677687 0.0
0.0 0.02327076 0.0 0.0 0.0 0.0 0.05569344 0.031253964 0.0 0.0 0.039498907 0.0 0.02601749 0.090551086 0.0 0.0 0.0017592673 0.0 0.0 0.031902265 0.0 0.0 0.009826156 0.02877889 0.0024140354 0.04699199 0.0062811426 0.050554227 0.05157522 0.0 0.0 0.0 0.0029416364 0.0 0.06157968 0.02848938 0.0 0.0 0.0 0.026277605 0.0 0.0 0.0 0.059950322 0.0 0.0 0.0 0.04874892 0.0 0.07201839 0.017524613 0.0056438325 0.0 0.0060040317 0.0 0.06755102
0.0 0.005208472 0.021128178 0.03251302 0.008729021 0.05519947 0.0091721 0.004538683 0.050287 0.039498907 0.0007862944 0.0 0.038537614 0.0029967779 0.009936259 0.031358805 0.0 0.014125376 0.06219817 0.0 0.0 0.0 0.0 0.059520055 0.016266145 0.0010347641 0.067320175 0.0 0.056837462 0.04335451 0.019760678 0.0 0.0062859296 0.0 0.0 0.0 0.01821132 0.0 0.0 0.0023402662 0.0 0.06410443 0.0 0.0786524 0.0 0.0 0.04272641 0.06502607 0.0 0.0 0.008442411 0.0 0.0 0.0030251679 0.088166095 0.03946739
0.044538938 0.0 0.009384284 0.01065599 0.0 0.03059822 0.0396047 0.0 0.0 0.0 0.0 0.0 0.0 0.0 0.0 0.0 0.017268982 0.050555766 0.0 0.0020417818 0.0 0.009555932 0.0 0.015899424 0.017102387 0.01879253 0.008075834 0.010652484 0.0088648 0.02130465 0.0 0.0339304 0.0 0.10229774 0.052131582 0.016067468 0.0047974847 0.0031100558 0.0 0.01267937 0.04617523 0.036460895 0.01768845 0.06830104 0.0 0.0 0.008147271 0.03192139 0.01077893 0.007303584 0.013079802 0.045051306 0.017910093 0.068666086 0.026999338 0.072511144
0.0 0.0 0.0057273996 0.0 0.015330448 0.0 0.007482837 0.07313087 0.048152093 0.026017493 0.03853761 0.0 0.0 0.015139144 0.0 0.0 0.0 0.0 0.0 0.0 0.0 0.0 0.0065936423 0.0032291142 0.0 0.0 0.0 0.011219922 0.0 0.0 0.0 0.01613088 0.0 0.011027613 0.08352286 0.065790415 0.12623802 0.04215128 0.0 0.0383417 0.04351423 0.0034370958 0.0 0.0 0.05273113 0.004610268 0.008622362 0.006551934 0.0 0.0 0.0 0.08072983 0.0 0.0 0.0130183045 0.0
0.0076403096 0.06368849 0.0 0.009973556 0.0444316 0.005319869 0.0 0.064641446 0.0 0.090551086 0.002996778 0.0 0.015139144 0.0 0.011904426 0.06829509 0.014737355 0.0047213766 0.008925493 0.0742258 0.0008789666 0.0 0.054944232 0.0 0.0 0.022959394 0.0 0.0767435 0.013523477 0.0 0.0 0.030781908 0.054515865 0.02905493 0.0 0.06590841 0.048435908 0.0 0.064763136 0.01351022 0.0040007643 0.0 0.052910972 0.0 0.0 0.018443678 0.012957236 0.0 0.040296946 0.0 0.0 0.06703253 0.0026083002 0.017317379 0.0 0.0
0.0 0.019939296 0.026189465 0.0 0.0022259157 0.0 0.016025214 0.0 0.0 0.0 0.00993626 0.0 0.0 0.011904425 0.0 0.033822764 0.0 0.0 0.014764464 0.0 0.0 0.016297542 0.0 0.06422363 0.0030971197 0.0 0.015691664 0.007834485 0.025762886 0.025306772 0.00066886516 0.026147364 0.0036228965 0.098599724 0.05899647 0.021688625 0.0 0.034920506 0.026874304 0.026330005 0.06730443 0.020309772 0.0034912603 0.009271479 0.0 0.0 0.04656981 0.0 0.0 0.0 0.053610776 0.0 0.0 0.030776812 0.013273334 0.02376519
0.0 0.0 0.051234566 0.0 0.0 0.0 0.0 0.07638569 0.06526858 0.0 0.0313588 0.0 0.0 0.06829509 0.033822764 0.035576303 0.027345734 0.0012820741 0.0 0.0 0.0026661216 0.016531916 0.05492428 0.04073878 0.0 0.0 0.0 0.04338928 0.006975671 0.0 0.0 0.0 0.0 0.020743642 0.0 0.0 0.0 0.0 0.0 0.09366848 0.09452289 0.0 0.028352527 0.0 0.0 0.0 0.0 0.012592705 0.0 0.0 0.012813049 0.0 0.0 0.0 0.0025494194 0.0
0.07274375 0.0 0.0 0.0 0.0 0.0032363867 0.0 0.025666209 0.0283783 0.0017592674 0.0 0.01726898 0.0 0.014737354 0.0 0.027345734 0.0 0.046478827 0.0 0.009094136 0.0 0.0 0.045985036 0.020006236 0.016017988 0.029084438 0.004194036 0.0072026006 0.008773608 0.018375894 0.0 0.0 0.019300956 0.054410513 0.038401775 0.039660785 0.019061616 0.0 0.0 0.018929644 0.040151622 0.0 0.0 0.0022090022 0.08086355 0.0 0.0 0.02448802 0.0 0.0 0.0 0.1526513 0.0 0.0048282295 0.013372174 0.048792895
0.012880096 0.0 0.0 0.040778913 0.0 0.013383172 0.053342607 0.0 0.0 0.0 0.014125375 0.050555766 0.0 0.004721377 0.0 0.0012820741 0.046478827 0.0 0.00091217784 0.0 0.03679289 0.053823907 0.009406643 0.004227248 0.02790657 0.013102095 0.004551607 0.014455222 0.0858609 0.0522227 0.0 0.0 0.0 0.034877907 0.012613398 0.0 0.0 0.0074322447 0.0 0.0 0.040038228 0.07790896 0.0 0.07407747 0.0 0.0 0.0 0.0 0.02020142 0.010876632 0.08706433 0.0 0.0 0.00962343 0.0 0.05066108
0.0 0.0 0.032064218 0.044045974 0.0 0.03820437 0.005467003 0.0 0.018761864 0.0 0.062198173 0.0 0.0 0.008925493 0.0147644635 0.0 0.0 0.00091217784 0.10757335 0.0 0.022040261 0.005474864 0.0 0.09643024 0.008419051 0.019421695 0.06588956 0.0 0.0 0.028775638 0.002347861 0.06634196 0.0 0.029435923 0.0018485368 0.0 0.0 0.0 0.0 0.0 0.012511456 0.03101799 0.0 0.014137023 0.0 0.0044515594 0.014301388 0.0 0.0034572938 0.013184329 0.03923887 0.0 0.0 0.0 0.0 0.0
0.05323283 0.0 0.0 0.0 0.0 0.021515818 0.016220959 0.08971667 0.0 0.031902265 0.0 0.0020417816 0.0 0.0742258 0.0 0.0 0.009094136 0.0 0.0 0.0 0.0 0.044838402 0.0 0.018488448 0.0 0.013068107 0.018634772 0.04580628 0.07652934 0.0 0.0028040968 0.0071760025 0.0 0.0 0.054063965 0.0 0.0 0.0 0.0 0.07139234 0.07223468 0.0 0.0 0.017180873 0.037943497 0.0 0.0 0.03127475 0.0072207293 0.019842815 0.019503035 0.069953494 0.0 0.02395645 0.025998058 0.056159783
0.0 0.0 0.044582546 0.0 0.032388926 0.024355702 0.046061568 0.0 0.0 0.0 0.0 0.0 0.0 0.0008789666 0.0 0.0026661216 0.0 0.03679289 0.022040263 0.0 0.07760401 0.0 0.0 0.014844305 0.016315717 0.0 0.018965557 0.0 0.07300452 0.14092009 0.0 0.0 0.0 0.0 0.0 0.0 0.0 0.0 0.0 0.046236027 0.009390761 0.09156506 0.0 0.033237208 0.0 0.0 0.06778606 0.030532334 0.0 0.026635155 0.02518853 0.0 0.0 0.01309105 0.03669712 0.0
0.015160003 0.031566586 0.0075995387 0.08247766 0.0 0.046068635 0.0 0.0 0.004897697 0.0 0.0 0.009555932 0.0 0.0 0.016297542 0.016531916 0.0 0.053823907 0.0054748645 0.044838402 0.0 0.030543502 0.0 0.0 0.05816965 0.0 0.0 0.0 0.0 0.040922724 0.0 0.001596535 0.047236647 0.010435041 0.0 0.019530801 0.0032612004 0.019900965 0.0011968623 0.0 0.0 0.013403613 0.036807135 0.0 0.0 0.0 0.011402904 0.0 0.029909242 0.0 0.015528858 0.0 0.0 0.058207747 0.0 0.009748049
0.024914969 0.009992106 0.01786816 0.0 0.0 0.0 0.009330049 0.05476896 0.0 0.009826156 0.0 0.0 0.0065936423 0.054944236 0.0 0.054924276 0.045985036 0.009406643 0.0 0.0 0.0 0.0 0.0 0.0053594382 0.010032568 0.010922397 0.008540902 0.073691174 0.018668363 0.0 0.012655881 0.0 0.0 0.0 0.054801036 0.0062525766 0.0 0.0 0.012683476 0.11572374 0.028113255 0.0 0.0 0.0044936766 0.028699262 0.006609474 0.014427286 0.0014663042 1.0971697e-08 0.11444701 0.004855341 0.01028313 0.008275648 0.03896749 0.049832106 0.02162031
0.0 0.012974916 0.03161563 0.12165943 0.10407217 0.048583042 0.0 0.009266388 0.025917957 0.02877889 0.059520055 0.015899424 0.0032291142 0.0 0.06422363 0.040738784 0.020006236 0.004227248 0.09643024 0.018488448 0.014844305 0.0 0.005359438 0.013925313 0.017722748 0.0 0.0 0.0 0.0 0.0 0.03258128 0.0 0.012906139 0.0 0.0 0.05958091 0.0 0.014728281 0.029101426 0.0 0.0 0.0 0.044708285 0.0 0.0 0.0245017 0.0 0.032489404 0.066146664 0.0 0.031859368 0.0 0.0 0.0 0.0 0.0
0.0 0.0 0.04854297 0.005226196 0.0 0.076995976 0.025730258 0.00031172694 0.011111296 0.0024140356 0.016266147 0.017102387 0.0 0.0 0.0030971197 0.0 0.016017988 0.02790657 0.008419051 0.0 0.016315715 0.058169648 0.010032569 0.017722748 0.070343584 0.0 0.0 0.0 0.006856038 0.02234491 0.0 0.042167265 0.022133604 0.071810015 0.030651508 0.0 0.0 0.016493285 0.041871894 0.025756491 0.0 0.01515749 0.032048475 0.044333734 0.058322586 0.0009887632 0.025172923 0.005586897 0.0 0.0 0.05766592 0.0034918452 0.0 0.0 0.06723466 0.027270606
0.056863934 0.038571097 0.0138363205 0.0 0.0 0.0 0.0 0.050669532 0.0 0.04699199 0.0010347641 0.018792532 0.0 0.022959394 0.0 0.0 0.029084438 0.013102095 0.019421693 0.013068108 0.0 0.0 0.010922397 0.0 0.0 0.02012654 0.0 0.03723298 0.030928135 0.002735055 0.0 0.0022530495 0.017938744 0.08606926 0.046336144 0.022316903 0.09893052 0.0 0.0373064 0.008076228 0.038982216 0.0 0.020776443 0.0 0.075517744 0.00999598 0.0019118676 0.0 0.015582368 0.012659563 0.0 0.050127055 0.0 0.0808658 0.0 0.036172904
0.0022877515 0.0 0.04783411 0.053115528 0.016535526 0.045318864 0.0 0.0 0.012894094 0.0062811426 0.06732018 0.008075834 0.0 0.0 0.015691664 0.0 0.004194036 0.0045516067 0.06588956 0.01863477 0.018965557 0.0 0.008540903 0.0 0.0 0.0 0.0 0.0 0.0 0.036234133 0.040137928 0.08959946 0.017764783 0.0 0.009098166 0.01017379 0.018025426 0.039690513 0.032260917 0.0 0.0060606725 0.0 0.015399667 0.0 0.0 0.055502307 0.0 0.016044265 0.108810686 0.0 0.009850915 0.0035475204 0.1249697 0.0 0.0 0.0
0.0 0.12734088 0.0 0.02025633 0.0 0.0 0.0 0.029420622 0.0 0.050554223 0.0 0.010652484 0.011219922 0.0767435 0.007834486 0.04338928 0.007202601 0.0144552225 0.0 0.045806285 0.0 0.0 0.073691174 0.0 0.0 0.03723298 0.0 0.009170005 0.0 0.0 0.0 0.0 0.0 0.0 0.0 0.10045449 0.018779812 0.0 0.03784604 0.017016368 0.038409103 0.0 0.0 0.0 0.0 0.09088858 0.002447407 0.047493827 0.0066090436 0.0 0.0 0.03837337 0.0 0.042198386 0.0 0.0
0.0 0.02691307 0.0 0.040639587 0.16275913 0.0 0.0 0.0 0.028523399 0.05157522 0.05683746 0.0088648 0.0 0.013523477 0.025762884 0.0069756713 0.008773609 0.0858609 0.0 0.07652934 0.07300452 0.0 0.018668363 0.0 0.0068560382 0.030928133 0.0 0.0 0.0 0.02506903 0.0 0.019232402 0.030533105 0.0019105802 0.0 0.044592056 0.0 0.040535346 0.0 0.0 0.0 0.0 0.013227607 0.0 0.0 0.010916415 0.0 0.0 0.06539711 0.0 0.0 0.0 0.07617508 0.0 0.0 0.0
0.0 0.0 0.0074716224 0.004655623 0.024212075 0.06913542 0.043183606 0.0 0.013640328 0.0 0.043354515 0.021304648 0.0 0.0 0.025306772 0.0 0.018375892 0.0522227 0.02877564 0.0 0.14092009 0.04092272 0.0 0.0 0.02234491 0.002735055 0.036234133 0.0 0.02506903 0.04537403 0.0 0.059051204 0.03351007 0.03400067 0.035893377 0.0 0.0 0.02025897 5.9156506e-09 0.0026428108 0.0 0.031118985 0.0050831093 0.0 0.0 0.0 0.06585459 0.0 0.0 0.0 0.050210226 0.0 0.0 0.016265487 0.0 0.0
0.045131825 0.0 0.0026894873 0.0 0.00045115696 0.023260629 0.0 0.0 0.1137454 0.0 0.019760676 0.0 0.0 0.0 0.00066886516 0.0 0.0 0.0 0.002347861 0.0028040968 0.0 0.0 0.012655882 0.032581277 0.0 0.0 0.040137928 0.0 0.0 0.0 0.035503734 0.083015785 0.0 0.028608344 0.0 0.029985972 0.0 0.048169605 0.0 0.011547798 0.0 0.016058577 0.023353713 0.029674795 0.0044155237 0.027161922 0.0053321165 0.0 0.0 0.021051181 0.10804156 0.0 0.0 0.0 0.0072897114 0.0
0.0 0.027993726 0.040585052 0.0 0.0 0.08709603 0.053525195 0.004888298 0.0363773 0.0 0.0 0.0339304 0.01613088 0.030781908 0.026147362 0.0 0.0 0.0 0.06634196 0.007176003 0.0 0.001596535 0.0 0.0 0.042167265 0.0022530495 0.08959946 0.0 0.0192324 0.0590512 0.083015785 0.0 0.022135202 0.0 0.012118587 0.032738857 0.0 0.0 0.030268488 0.017575953 0.0 0.045514774 0.0 0.014253478 0.01732668 0.0 0.0 0.0 0.0 0.0 0.09314463 0.0 0.0027655866 0.04378198 0.0075060367 0.0
0.09110433 0.0 0.028211784 0.0 0.0 0.0 0.025505409 0.062421374 0.013776934 0.0029416364 0.00628593 0.0 0.0 0.054515865 0.0036228963 0.0 0.019300954 0.0 0.0 0.0 0.0 0.047236644 0.0 0.012906139 0.022133604 0.017938744 0.017764783 0.0 0.030533105 0.03351007 0.0 0.022135202 0.0 0.0 0.021055635 0.04345207 0.03738117 0.0 0.0 0.0 0.07023756 0.073278174 0.0 0.0157967 0.009513186 0.0 0.014369002 0.0 0.0 0.05766832 0.036936685 0.05582105 0.0 0.0076659536 0.018704811 0.0643825
0.0 0.015239881 0.06570279 0.0 0.0 0.0 0.026317509 0.0 0.013794635 0.0 0.0 0.10229774 0.011027613 0.02905493 0.098599724 0.020743642 0.054410513 0.034877907 0.029435925 0.0 0.0 0.010435042 0.0 0.0 0.07181002 0.086069256 0.0 0.0 0.0019105802 0.03400067 0.028608344 0.0 0.0 0.0 0.003528903 0.0070514586 0.0 0.0 0.0 0.0 0.0 0.03272024 0.013758308 0.0 0.0 0.0 0.024553291 0.0 0.0 0.0 0.0 0.0 0.0 0.07294131 0.0 0.0
0.0014585534 0.06267987 0.009914391 0.028051782 0.0030686269 0.0 0.0 0.014228798 0.009734484 0.06157968 0.0 0.052131582 0.08352286 0.0 0.05899647 0.0 0.038401775 0.012613398 0.0018485369 0.05406396 0.0 0.0 0.054801036 0.0 0.030651508 0.046336144 0.009098166 0.0 0.0 0.03589338 0.0 0.012118587 0.021055635 0.0035289032 0.0 0.03491735 0.018262379 0.013034082 0.036236413 0.012449553 0.013624022 0.0 0.0 0.014510517 0.0766173 0.11396771 0.0 0.0 0.0 0.008476539 0.0 0.0 0.0 0.0 0.010630501 0.0
0.011248159 0.0075398656 0.0 0.0 0.002741803 0.0 0.010179765 0.05886287 0.002458313 0.02848938 0.0 0.016067468 0.065790415 0.06590841 0.021688625 0.0 0.03966078 0.0 0.0 0.0 0.0 0.0195308 0.0062525766 0.059580907 0.0 0.022316903 0.01017379 0.10045449 0.044592056 0.0 0.029985972 0.032738857 0.04345207 0.0070514586 0.034917355 0.00957691 0.0 0.0 0.020787947 0.014787282 0.05244073 0.027843691 0.0 0.013605072 0.041659806 0.0 0.0031338185 0.0 0.0 0.03419209 0.021566879 0.0 0.0 0.02860533 0.018674007 0.010631108
0.0 0.033810742 0.020858902 0.0 0.0 0.0 0.062106635 0.0026993454 0.0038323686 0.0 0.018211322 0.0047974843 0.12623803 0.048435908 0.0 0.0 0.019061618 0.0 0.0 0.0 0.0 0.0032612004 0.0 0.0 0.0 0.098930515 0.018025424 0.018779812 0.0 0.0 0.0 0.0 0.03738117 0.0 0.018262379 0.0 0.0 0.0 0.0 0.017564416 0.024880577 0.0 0.0 0.0 0.0 0.050820697 0.0 0.038847424 0.0 0.09679751 0.0 0.0 0.0 0.031102212 0.07275333 0.01734577
0.0013605367 0.0 0.0 0.0 0.0 0.015592523 0.11418532 0.044309735 0.0 0.0 0.0 0.0031100558 0.04215128 0.0 0.03492051 0.0 0.0 0.007432245 0.0 0.0 0.0 0.019900965 0.0 0.014728281 0.016493285 0.0 0.039690517 0.0 0.040535346 0.020258972 0.048169605 0.0 0.0 0.0 0.013034082 0.0 0.0 0.0 0.0 0.055307724 0.03018858 0.0 0.0 0.13045567 0.0 0.0 0.050116166 0.0024377038 0.002608358 0.021982253 0.030181296 0.0 0.03317185 0.0 0.025138741 0.10124584
0.029801441 0.0038727839 0.0037835578 0.0072678234 0.0 0.0 0.015593452 0.026904596 0.0 0.0 0.0 0.0 0.0 0.064763136 0.026874304 0.0 0.0 0.0 0.0 0.0 0.0 0.0011968622 0.012683476 0.029101428 0.041871898 0.037306394 0.032260917 0.03784604 0.0 5.9156506e-09 0.0 0.030268488 0.0 0.0 0.036236413 0.020787947 0.0 0.0 0.0 0.0135056395 0.1221751 0.0 0.0 0.0 0.026118066 0.004649261 0.0 0.04989172 0.0 0.05730057 0.019518897 0.1115288 0.0 0.03865688 0.08354157 0.0
0.00080779404 0.08897842 0.013414586 0.027785756 0.04826704 0.0 0.0 0.0 0.03760534 0.026277604 0.0023402662 0.012679371 0.0383417 0.013510221 0.026330005 0.09366848 0.018929642 0.0 0.0 0.07139234 0.04623603 0.0 0.11572374 0.0 0.025756491 0.008076228 0.0 0.017016368 0.0 0.0026428106 0.011547797 0.017575953 0.0 0.0 0.012449553 0.014787282 0.017564418 0.055307727 0.01350564 0.0 0.0 0.0 0.0 0.0 0.0 0.07405874 0.0 0.002647284 0.040974364 0.00026218107 0.0030510863 0.025880173 0.0 0.0071067694 0.0 0.0
0.0 0.0 0.0 0.027210614 0.08384317 0.007888765 0.0 0.02993097 0.017843572 0.0 0.0 0.04617523 0.04351423 0.0040007643 0.06730443 0.09452289 0.040151622 0.040038228 0.012511455 0.07223468 0.009390761 0.0 0.028113255 0.0 0.0 0.038982216 0.0060606725 0.038409103 0.0 0.0 0.0 0.0 0.070237555 0.0 0.013624022 0.052440725 0.024880577 0.030188581 0.1221751 0.0 0.0 0.0 0.017480958 0.0 0.0 0.04227479 0.0 0.0 0.0486071 0.0 0.0 0.023508117 0.011776205 0.047013532 0.0 0.0
0.0 0.017931702 0.0041387184 0.016240338 0.068085186 0.06766821 0.044343755 0.0 0.07655414 0.0 0.06410443 0.036460895 0.0034370958 0.0 0.020309772 0.0 0.0 0.07790896 0.031017993 0.0 0.09156506 0.013403613 0.0 0.0 0.01515749 0.0 0.0 0.0 0.0 0.031118983 0.016058577 0.045514774 0.073278174 0.032720245 0.0 0.02784369 0.0 0.0 0.0 0.0 0.0 0.0 0.04122982 0.0 0.0 0.0 0.068544224 0.0008847978 0.040881824 0.0 0.0 0.0 0.026284873 0.013082128 0.0 0.0
0.041788727 0.0 0.0 0.0 0.0 0.0 0.0 0.0 0.0 0.0 0.0 0.01768845 0.0 0.052910972 0.0034912603 0.028352527 0.0 0.0 0.0 0.0 0.0 0.036807135 0.0 0.04470828 0.03204847 0.020776443 0.015399667 0.0 0.013227607 0.0050831093 0.023353713 0.0 0.0 0.013758308 0.0 0.0 0.0 0.0 0.0 0.0 0.017480956 0.041229818 0.0 0.013925712 0.0592594 0.0022506036 0.04688356 0.0 0.0 0.13529459 0.0 0.041763157 0.041297767 0.0 0.019808313 0.13066818
0.0 0.00018189524 0.028895235 0.0062129307 0.10380546 0.015459114 0.0 0.0 0.03265741 0.059950322 0.0786524 0.068301044 0.0 0.0 0.009271479 0.0 0.0022090022 0.07407748 0.014137024 0.017180873 0.033237208 0.0 0.0044936766 0.0 0.044333734 0.0 0.0 0.0 0.0 0.0 0.029674795 0.014253477 0.0157967 0.0 0.014510518 0.013605071 0.0 0.13045567 0.0 0.0 0.0 0.0 0.013925711 0.0 0.0 0.03567657 0.03943392 0.0 0.07728193 0.0 0.0 0.0 0.08505184 0.0 0.0 0.0
0.0 0.019921476 0.055681817 0.057722878 0.016887551 0.0 0.0 0.0061021866 0.0 0.0 0.0 0.0 0.05273113 0.0 0.0 0.0 0.08086355 0.0 0.0 0.037943497 0.0 0.0 0.02869926 0.0 0.058322582 0.075517744 0.0 0.0 0.0 0.0 0.0044155237 0.01732668 0.009513186 0.0 0.0766173 0.04165981 0.0 0.0 0.026118068 0.0 0.0 0.0 0.0592594 0.0 0.0 0.07634376 0.0 0.028842354 0.054770287 0.0026874177 0.0 0.0039225835 0.07700964 0.0 0.0 0.01282872
0.05848544 0.0 0.0 0.0 0.0 0.0 0.0 0.072977416 0.0 0.0 0.0 0.0 0.004610268 0.018443678 0.0 0.0 0.0 0.0 0.0044515594 0.0 0.0 0.0 0.0066094734 0.0245017 0.0009887633 0.009995981 0.055502307 0.09088858 0.010916416 0.0 0.027161922 0.0 0.0 0.0 0.11396772 0.0 0.050820693 0.0 0.0046492615 0.07405875 0.04227479 0.0 0.0022506034 0.035676572 0.07634376 0.0 0.0 0.0 0.012915481 0.032195274 0.0074829864 0.052210823 0.0 0.017596235 0.05155635 0.02913864
0.0 0.0 0.009706431 0.02323047 0.0 0.06077587 0.027609063 0.0 0.018372485 0.0 0.042726405 0.008147272 0.008622362 0.012957236 0.04656981 0.0 0.0 0.0 0.014301388 0.0 0.06778607 0.011402904 0.014427286 0.0 0.025172923 0.0019118678 0.0 0.0024474072 0.0 0.06585459 0.005332117 0.0 0.014369003 0.024553291 0.0 0.0031338185 0.0 0.050116166 0.0 0.0 0.0 0.06854423 0.046883564 0.03943392 0.0 0.0 0.037560407 0.01462344 0.074121244 0.0 0.05440762 0.0 0.005533123 0.015945086 0.0 0.0019247369
0.008918945 0.0017456831 0.026740314 0.07285668 0.04356315 0.0 0.0072653606 0.0 0.0732455 0.04874892 0.06502607 0.03192139 0.006551934 0.0 0.0 0.012592705 0.024488023 0.0 0.0 0.03127475 0.030532334 0.0 0.0014663042 0.032489404 0.005586897 0.0 0.016044265 0.047493827 0.0 0.0 0.0 0.0 0.0 0.0 0.0 0.0 0.03884742 0.0024377038 0.04989172 0.0026472842 0.0 0.0008847977 0.0 0.0 0.028842354 0.0 0.01462344 0.093508564 0.0 0.0 0.0016998899 0.0 0.0 0.0 0.0 0.0
0.030727942 0.005749432 0.0 0.0 0.0 0.0 0.0 0.009707404 0.0055448115 0.0 0.0 0.010778929 0.0 0.040296946 0.0 0.0 0.0 0.020201419 0.0034572938 0.007220729 0.0 0.029909244 1.0971697e-08 0.066146664 0.0 0.015582367 0.10881068 0.006609044 0.06539711 0.0 0.0 0.0 0.0 0.0 0.0 0.0 0.0 0.002608358 0.0 0.040974364 0.0486071 0.040881824 0.0 0.07728193 0.054770287 0.012915481 0.07412124 0.0 0.0 0.021505553 0.030190805 0.0 0.0 0.055373367 0.036258385 0.07954111
0.0 0.017020876 0.02652473 0.023505028 0.059603844 0.0 0.0 0.022657761 0.0 0.07201839 0.0 0.0073035844 0.0 0.0 0.0 0.0 0.0 0.010876632 0.013184329 0.019842817 0.026635153 0.0 0.11444701 0.0 0.0 0.012659564 0.0 0.0 0.0 0.0 0.02105118 0.0 0.05766832 0.0 0.008476539 0.03419209 0.09679751 0.021982253 0.057300575 0.00026218107 0.0 0.0 0.13529457 0.0 0.0026874177 0.032195274 0.0 0.0 0.021505553 0.0 0.0 0.056877594 0.054047287 0.022191973 0.0 0.0
0.0 0.035151232 0.0 0.09505574 0.038496673 0.0 0.0 0.0 0.09022266 0.017524613 0.008442411 0.0130798025 0.0 0.0 0.05361078 0.012813048 0.0 0.087064326 0.039238874 0.019503035 0.025188528 0.015528857 0.004855341 0.031859368 0.057665925 0.0 0.0098509155 0.0 0.0 0.050210226 0.108041555 0.09314463 0.036936685 0.0 0.0 0.021566879 0.0 0.030181298 0.019518899 0.003051086 0.0 0.0 0.0 0.0 0.0 0.007482986 0.054407615 0.00169989 0.030190805 0.0 0.0 0.0 0.048227776 0.0 0.0 0.0
0.0 0.05791619 0.00303899 0.0 0.0 0.0 0.0 0.0 0.008791941 0.0056438325 0.0 0.045051306 0.08072983 0.06703252 0.0 0.0 0.1526513 0.0 0.0 0.069953494 0.0 0.0 0.010283129 0.0 0.0034918452 0.050127055 0.00354752 0.038373373 0.0 0.0 0.0 0.0 0.055821054 0.0 0.0 0.0 0.0 0.0 0.11152881 0.025880173 0.023508115 0.0 0.041763157 0.0 0.0039225835 0.052210823 0.0 0.0 0.0 0.056877594 0.0 0.0 0.0 0.03649386 0.0 0.0
0.09311074 0.0 0.0 0.0 0.0029025124 0.010960561 0.011369989 0.0 0.0 0.0 0.0 0.017910093 0.0 0.0026083002 0.0 0.0 0.0 0.0 0.0 0.0 0.0 0.0 0.008275649 0.0 0.0 0.0 0.124969706 0.0 0.07617507 0.0 0.0 0.0027655864 0.0 0.0 0.0 0.0 0.0 0.03317185 0.0 0.0 0.011776205 0.026284872 0.041297767 0.08505184 0.07700964 0.0 0.0055331225 0.0 0.0 0.054047283 0.04822778 0.0 0.0 0.0 0.085717216 0.11754994
0.016875971 0.0 0.03495481 0.00057712244 0.0 0.0075627677 0.016504614 0.0 0.0 0.0060040317 0.0030251679 0.068666086 0.0 0.017317377 0.030776812 0.0 0.004828229 0.00962343 0.0 0.023956452 0.01309105 0.058207747 0.03896749 0.0 0.0 0.0808658 0.0 0.042198386 0.0 0.016265487 0.0 0.04378198 0.007665954 0.0729413 0.0 0.02860533 0.03110221 0.0 0.03865688 0.0071067694 0.047013532 0.013082128 0.0 0.0 0.0 0.017596234 0.015945084 0.0 0.05537336 0.022191973 0.0 0.036493864 0.0 0.09160553 0.0 0.008276223
0.0 0.025095055 0.010590982 0.046357907 0.079686135 0.0 0.0 0.008096881 0.03677687 0.0 0.088166095 0.02699934 0.0130183045 0.0 0.013273333 0.0025494194 0.013372174 0.0 0.0 0.025998056 0.03669712 0.0 0.049832106 0.0 0.06723466 0.0 0.0 0.0 0.0 0.0 0.007289711 0.0075060367 0.018704811 0.0 0.0106305005 0.018674007 0.07275333 0.025138741 0.08354157 0.0 0.0 0.0 0.019808313 0.0 0.0 0.05155635 0.0 0.0 0.036258385 0.0 0.0 0.0 0.085717216 0.0 0.008116776 0.0
0.0 0.045740034 0.004716786 0.0 0.030814068 0.0042211395 0.0 0.0 0.0 0.067551024 0.03946739 0.07251115 0.0 0.0 0.023765188 0.0 0.0487929 0.050661076 0.0 0.05615978 0.0 0.009748049 0.02162031 0.0 0.027270606 0.036172904 0.0 0.0 0.0 0.0 0.0 0.0 0.0643825 0.0 0.0 0.010631108 0.01734577 0.101245835 0.0 0.0 0.0 0.0 0.1306682 0.0 0.01282872 0.029138638 0.001924737 0.0 0.07954111 0.0 0.0 0.0 0.11754995 0.008276222 0.0 0.0
