0.033017978 0.0 0.0 0.0 0.02488438 0.02333765 0.0 0.01575967 0.043023072 0.0 0.02156252 0.038584787 0.0 0.0 0.030080771 0.042442035 0.0403924 0.0004786258 0.0 0.0 0.02111708 0.07847177 0.07880535 0.004904567 0.0 0.0048378385 0.06762207 0.041582797 0.071747266 0.0062944433 0.053393126 0.06453391 0.036479216 0.0075908736 0.0044508646 0.0 0.0 0.006544273 0.0058212485 0.0128409 0.0 0.017434293 0.0 0.0 0.0 0.0 0.019704325 0.0 0.0 0.005696991 0.0 0.024022568 0.07778611 0.0 0.0009219944 0.0
0.0 0.0045737876 0.0 0.042971585 0.097451955 0.016057419 0.0 0.014142982 0.0397868 0.008983853 0.015867732 0.0 0.011381065 0.0 0.0 0.02347231 0.0 0.013748248 0.01993442 0.0 0.014870695 0.0 0.018147608 0.039779924 0.0 0.0 0.03535923 0.0 0.0 0.0 0.0 0.048715603 0.006591668 0.038235065 0.0 0.01565652 0.0 0.0 0.0 0.006410538 0.002268117 0.016351674 0.09942245 0.0 0.0 0.074914806 0.030077364 0.049776476 0.0 0.0 0.024897039 0.0 0.0 0.0 0.05616226 0.0
0.0 0.0 0.0 0.006664675 0.009246569 0.037929926 0.031164577 0.0 0.018985594 0.07514804 0.0 0.0 0.0 0.0 0.0 0.0031353042 0.009410775 0.017994352 0.032712877 0.0 0.029767007 0.0019928645 0.011314718 0.004876248 0.015365457 0.0 0.01868254 0.0 0.0042511625 0.007040342 0.0 0.019678008 0.0056515657 0.017510448 0.07536428 0.052962877 0.040899504 0.0 0.0076958733 0.012388612 0.0 0.0 0.0 0.0 0.044447884 0.0 0.033515975 0.09984357 0.013910567 0.0 0.027696123 0.0 0.07001618 0.0016242306 0.045943383 0.0
0.0 0.04297159 0.0066646747 0.08862357 0.0 0.0 0.048689447 0.01942734 0.029026775 0.04739006 0.019825594 0.0 0.008199999 0.0 0.0 0.0 0.0 0.015582205 0.040714398 0.028755248 0.063290425 0.0 0.0 0.07537145 0.03068283 0.0 0.0 0.0024360686 0.0 0.0 0.009413124 0.042925447 0.0859486 0.0 0.0 0.0 0.0 0.033631712 0.0 0.0 0.039466456 0.0 0.042389933 0.0 0.010680523 0.049931683 0.0 0.006425057 0.0045206724 0.0 0.0736584 0.0030814083 0.0 0.011553862 0.01051326 0.0
0.02488438 0.09745195 0.00924657 0.0 0.0 0.014622648 0.028757032 0.031291846 0.0 0.039848786 0.0 0.0 0.0 0.0 0.0 0.0 0.00043977788 0.0 0.0 0.013134205 0.03365774 0.0 0.0 0.002371138 0.007400499 0.035722695 0.0 0.0 0.0 0.0 0.0 0.0 0.0019277073 0.0 0.0 0.0023105699 0.035246406 0.015458362 0.0 0.047480233 0.0 0.0 0.0 0.08889159 0.113717824 0.0 2.760003e-07 0.06529743 0.06614093 0.12847716 0.029574975 0.0 0.021826569 0.06883002 0.007812312 0.005833806
0.02333765 0.016057419 0.037929926 0.0 0.014622648 0.021432364 0.03283041 0.0 0.019071458 0.05729023 0.0 0.0 0.003933606 0.0047982554 0.01844167 0.0 0.0 0.0 0.048440132 0.1050594 0.06677848 0.0 0.050502095 0.0 0.01720637 0.0 0.029594455 0.0 0.0 0.0 0.025368158 0.0 0.007911554 0.0 0.0 0.0051001897 0.078692965 0.019136855 0.0 0.02533369 0.0 0.0 0.0031999925 0.0 0.010066395 0.019861944 0.0 0.020277819 0.0625044 0.0 0.06240597 0.0 0.0 0.013669746 0.0 0.0060313568
0.0 0.0 0.031164577 0.048689447 0.028757032 0.03283041 0.0 0.00020380775 0.03641379 0.03744443 0.0 0.05676605 0.0 0.0 0.045588598 0.0 0.06730155 0.03204708 0.016046345 0.0079571195 0.06855174 0.009642349 0.0 0.016129702 0.057628814 0.0 0.0 0.029131802 0.016772183 0.034197014 0.04960907 0.015180005 0.05850874 0.0 0.024829738 0.04708032 0.0063440367 0.0 0.0 0.0 0.0 0.0 0.003910807 0.0 0.0 0.0 0.031177482 0.0 0.0 0.0 0.039896097 0.0 0.033324976 0.0 0.0 0.0
0.01575967 0.014142981 0.0 0.019427342 0.031291846 0.0 0.00020380777 0.0142609235 0.010110356 0.0 0.02450003 0.07709214 0.04344335 0.008508307 0.016083036 0.057909634 0.012686994 0.01906307 0.0052000526 0.020825084 0.0 0.044260122 0.09692357 0.012199101 0.0105484715 0.015336252 0.027057119 0.08325564 0.018482745 0.004595736 0.0 0.014986376 0.01206156 0.033437885 0.019774552 0.0072462875 0.008252936 0.0 0.0014703046 0.0 0.024633091 0.048985224 0.0 0.06203812 0.0 0.010500345 0.0069813114 0.0 0.014533189 0.044428088 0.0 0.032406885 0.0 0.0 0.0 0.0
0.04302307 0.0397868 0.018985594 0.029026775 0.0 0.019071458 0.036413785 0.010110355 0.022736413 0.0418488 0.0 0.0068720956 0.0 0.016435232 0.0037845178 0.0 0.0067173415 1.1963109e-21 0.012412789 0.005611332 0.0 0.0 0.0009137722 0.02191246 0.022468735 0.04883011 0.0 0.0 0.0 0.0 0.013867848 0.0 0.02386541 0.0 0.039371856 0.0 0.010420154 0.031360965 0.024879893 0.07296458 0.020673938 0.0 0.0 0.026568515 0.038459774 0.0 0.0 0.037961416 0.080040276 0.050820455 0.064787775 0.0 0.007622808 0.042716052 0.02979346 0.0
0.0 0.008983852 0.075148046 0.04739006 0.039848786 0.05729023 0.03744443 0.0 0.0418488 0.0 0.0 0.0016779671 0.0 0.0 0.08352054 0.0 0.0 0.019635893 0.0015905199 0.02378982 0.01946804 0.017787289 0.0 0.0 0.010058113 0.0 0.0 0.0 0.0 0.019001158 0.08004708 0.06917993 0.090529226 0.014693126 0.0 0.0 0.0 0.0 0.046191774 0.014156635 0.005808471 0.05591909 0.0066165905 0.016390596 0.0 0.022034105 0.0 0.009024935 0.015469495 0.037833776 0.0 0.0 0.04559946 0.0 0.0 0.0
0.021562522 0.015867732 0.0 0.019825593 0.0 0.0 0.0 0.02450003 0.0 0.0 0.0 0.0 0.0 0.046836484 0.036369566 0.0 0.03336916 0.0039379788 0.0 0.0 0.0 0.0 0.029066026 0.0015179457 0.017827127 0.08326004 0.0 0.002891707 0.005041492 0.0 0.0 0.0 0.04359079 0.0 0.0 0.0 0.0023473005 0.0 0.0 0.035856567 0.11817862 0.0 0.029769147 0.07500294 0.048714235 0.0 0.0 0.0014695204 0.028958473 0.06661383 0.023991063 0.00032563732 0.0 0.012956274 0.02971568 0.046045095
0.038584787 0.0 0.0 0.0 0.0 0.0 0.056766048 0.07709215 0.0068720956 0.0016779671 0.0 0.0 0.0 0.03255186 0.0 0.0 0.012016291 0.035628866 0.0013162678 0.0 0.0 0.02569764 0.0 0.006826938 0.020222038 0.01135505 0.0 0.03922966 0.03567041 0.0 0.0 0.0 0.0 0.0 0.061952323 0.007120344 0.025432779 0.0 0.0 0.038953554 0.05714952 0.0 0.0 0.0 0.082061894 0.0 0.0 0.0077476692 0.0 0.0 0.0299493 0.0 0.0015449326 0.0076978705 0.029796697 0.118522465
0.0 0.0113810655 0.0 0.008199999 0.0 0.003933606 0.0 0.04344335 0.0 0.0 0.0 0.0 0.041577555 0.11614858 0.0 0.010836008 0.0 0.0 0.04239194 0.0 0.0 0.012010523 0.08486983 0.05298389 0.0036330135 0.053282913 0.058054015 0.03205561 0.045710217 0.011309716 0.0 0.012304425 0.0 0.004653642 0.05833465 0.00627662 0.0 0.0 0.0 0.00850214 0.027865667 0.062326323 0.0 0.022592152 0.01709093 0.0 0.0 0.0 0.0 0.044454806 0.008996621 0.032019556 0.0 0.0 0.04695239 0.12829229
0.0 0.0 0.0 0.0 0.0 0.004798255 0.0 0.008508308 0.016435232 0.0 0.046836484 0.032551862 0.11614859 0.0 0.0 0.074247815 0.03914552 0.00016640588 0.0 0.0 0.0 0.060478773 0.022850836 0.0 0.0138950655 0.0 0.09951309 0.0 0.040091995 0.0542376 0.012589479 0.07089102 0.0 0.069252126 0.0 0.014128479 0.0 0.0 0.0 0.0 0.0079870885 0.0 0.024593478 0.0 0.0 0.0 0.07619004 0.0 0.0 0.0 0.0 0.0 0.0 0.0 0.0 0.0
0.030080771 0.0 0.0 0.0 0.0 0.018441668 0.045588598 0.016083034 0.0037845175 0.08352053 0.036369566 0.0 0.0 0.0 0.03202623 0.0 0.0 0.0 0.031185506 0.04091857 0.03665682 0.0 0.0041267616 0.044779144 0.029136278 0.01485197 0.022285385 0.027358705 0.0 0.0 0.0 0.0 0.013990213 0.0 0.0 0.025480872 0.039369456 0.07108111 0.0 0.0019659114 0.0031454205 0.0 0.0 0.0068332385 0.010093229 0.0485273 0.0 0.035829585 0.0 0.0034305546 0.014920193 0.04025212 0.0 0.0 0.0 0.0
0.042442035 0.023472311 0.0031353044 0.0 0.0 0.0 0.0 0.057909634 0.0 0.0 0.0 0.0 0.010836008 0.074247815 0.0 0.009318791 0.02496618 0.019415969 0.0 0.030441098 0.0 0.0 0.022964107 0.05000144 0.0 0.06384258 0.0 0.012546106 0.0 0.007735588 0.0 0.011972682 0.020598028 0.036519945 0.0082884785 0.022529777 0.0 0.007266148 0.0 0.11416565 0.11352092 0.0 0.0 0.0 0.029537056 0.02934939 0.014360752 0.0023235092 0.0 0.00400902 0.046817433 0.030783549 0.0 0.03891165 0.0 0.041095767
0.040392403 0.0 0.009410775 0.0 0.0004397779 0.0 0.06730155 0.012686994 0.0067173415 0.0 0.03336916 0.012016291 0.0 0.039145518 0.0 0.02496618 0.004200736 0.01039133 0.0144194355 0.0 0.0 0.04336361 0.02152396 0.023655368 0.0 0.05206533 0.06957716 0.049477752 0.0 0.0 0.003367379 0.0 0.0009733362 0.036849003 0.0862606 0.004440162 0.009156854 0.0 0.0 0.0 0.0 0.009314805 0.020738367 0.0 0.03426015 0.005036661 0.0 0.009930265 0.0 0.0 0.003339958 0.052598346 0.0 0.021476295 0.02958138 0.053865373
0.00047862576 0.013748247 0.017994352 0.015582205 0.0 0.0 0.032047085 0.019063072 1.1963109e-21 0.019635895 0.003937979 0.035628866 0.0 0.00016640587 0.0 0.019415969 0.01039133 0.0024408465 0.008378915 0.0 0.0 0.0 0.0069295377 0.023598779 0.024532495 0.031974584 0.011793517 0.07138592 0.0 0.0 0.0 0.017873721 0.059435897 0.0 0.0 0.0 0.015970435 0.011064686 0.09406445 0.0047010886 0.0030916175 0.0 0.06634677 0.0160594 0.0 0.0 0.020851463 0.053909767 0.016374182 0.0 0.010532091 0.0 0.006130902 0.010402671 0.0842286 0.009068826
0.0 0.019934418 0.032712877 0.040714394 0.0 0.04844013 0.016046345 0.0052000526 0.012412789 0.0015905199 0.0 0.0013162678 0.04239194 0.0 0.031185508 0.0 0.014419435 0.008378914 0.18628277 0.026229102 0.04269458 0.0 0.0 0.020701217 0.06294707 0.0030481115 0.0 0.0 0.0 0.01826315 0.0 0.018790107 0.014881546 0.0 0.0 0.0 0.008701442 0.0 0.0 0.0 0.05903616 0.030762106 0.009389626 0.0194971 0.010427932 0.0 0.0036431253 0.029022168 0.034013532 0.035099614 0.021215087 0.0 0.0 0.0 0.0 0.0
0.0 0.0 0.0 0.028755248 0.013134205 0.10505941 0.0079571195 0.020825086 0.005611332 0.02378982 0.0 0.0 0.0 0.0 0.04091857 0.030441098 0.0 0.0 0.026229104 0.0 0.0 0.0 0.0 0.0055710673 0.039716426 0.016346773 0.0 0.0 0.0 0.0 0.11804516 0.0 0.0069753043 0.0 0.0 0.039508235 0.0 0.09289935 0.0 0.0 0.0 0.020882376 0.008984056 0.025274554 0.0 0.004978344 0.038491845 0.044731233 0.09585117 0.024392357 0.040397517 0.0 0.020984642 0.11339617 0.0 0.0
0.021117078 0.014870694 0.029767007 0.063290425 0.03365774 0.06677849 0.06855174 0.0 0.0 0.019468037 0.0 0.0 0.0 0.0 0.036656816 0.0 0.0 0.0 0.04269458 0.0 0.120371014 0.0 0.029939435 0.0 0.04002119 0.0 0.0 0.0 0.0 0.0 0.018246675 0.0 0.0 0.0 0.0 0.016177082 0.006523453 0.0 0.025665745 0.0 0.009204141 0.0 0.08073055 0.0 0.026203793 0.0 0.061823517 0.090703435 0.0 0.017167278 0.0070062177 0.0 0.011776551 0.0 0.06871906 0.0
0.07847177 0.0 0.0019928648 0.0 0.0 0.0 0.009642349 0.044260122 0.0 0.01778729 0.0 0.025697641 0.012010523 0.060478777 0.0 0.0 0.04336361 0.0 0.0 0.0 0.0 0.0059194537 0.0 0.021771014 0.010584603 0.029170219 0.013841927 0.02629154 0.108045936 0.033568848 0.0 0.0 0.012257891 0.05821298 0.024341423 0.011057462 0.0 0.0 0.017422287 0.08034365 0.028969472 0.0 0.004791171 0.0 0.004738452 0.0 0.0 0.0 0.0 0.0045807175 0.01856964 0.009063985 0.0 0.0 0.0 0.08536932
0.07880535 0.018147608 0.011314718 0.0 0.0 0.050502095 0.0 0.09692357 0.00091377227 0.0 0.029066026 0.0 0.08486984 0.022850834 0.0041267616 0.022964107 0.021523958 0.006929538 0.0 0.0 0.029939437 0.0 0.025176262 0.032414608 0.009920311 0.0 0.009279089 0.00898612 0.0038832899 0.0 0.0 0.033925135 0.0 0.031149568 0.009516951 0.007127633 0.0 0.015294098 0.0 0.0 0.05936885 0.0053454046 0.00803479 0.057567738 0.013551759 0.0 0.008799284 0.0 0.0 0.0 0.02416932 0.10018553 0.0 0.0013925614 0.005263887 0.0
0.004904567 0.039779924 0.004876248 0.07537146 0.0023711382 0.0 0.016129704 0.0121991 0.021912457 0.0 0.0015179457 0.006826938 0.05298389 0.0 0.044779144 0.05000144 0.02365537 0.023598779 0.020701217 0.0055710673 0.0 0.021771014 0.032414608 0.0 0.0 0.02389915 0.037851766 0.013646994 0.020441843 0.02601134 0.0 0.010741606 0.052210335 0.0010897883 0.0 0.0 0.0 0.08285385 0.03897394 0.026874846 0.047456183 0.013381987 0.057796225 0.06899088 0.0011433703 0.0 0.0025284153 0.0 0.019430783 0.027945941 0.0 0.0163958 0.0017859549 0.0 0.0 0.0
0.0 0.0 0.015365457 0.030682828 0.0074004997 0.01720637 0.057628814 0.0105484715 0.022468735 0.010058114 0.017827129 0.020222038 0.0036330137 0.013895065 0.029136276 0.0 0.0 0.024532495 0.06294708 0.039716426 0.04002119 0.010584604 0.009920311 0.0 0.0 0.0 0.000895462 0.0 0.006777994 0.0 0.0 0.06435097 0.0 0.0 0.009231312 0.02564382 0.054205697 0.035250135 0.0 0.070615225 0.0 0.020863341 0.037341956 0.0 0.008662903 0.033676244 0.0016084134 0.07196086 0.045223467 0.0 0.0 0.03272274 0.025187409 3.1017827e-08 0.010217938 0.0
0.0048378385 0.0 0.0 0.0 0.035722695 0.0 0.0 0.015336251 0.04883011 0.0 0.08326004 0.01135505 0.053282917 0.0 0.014851969 0.06384258 0.052065328 0.031974584 0.0030481112 0.016346775 0.0 0.029170223 0.0 0.02389915 0.0 0.0 0.067482 0.057396214 0.044463083 0.004750974 0.088410094 0.05173818 0.0 0.02534726 0.0 0.023685997 0.0 0.042478167 0.020147191 0.018543266 0.028163776 0.03983046 0.0 0.0 0.0 0.050292034 0.07210628 0.0 0.0 0.0 0.013829025 0.0071974564 0.0 0.0 0.0 0.0
0.06762207 0.035359226 0.018682538 0.0 0.0 0.029594455 0.0 0.027057117 0.0 0.0 0.0 0.0 0.058054015 0.09951309 0.022285385 0.0 0.06957716 0.011793517 0.0 0.0 0.0 0.013841928 0.009279089 0.037851766 0.000895462 0.067482 0.0 0.06101844 0.048577193 0.02284739 0.0 0.0 0.014208958 0.012391292 0.004105224 0.027640663 0.0011367565 0.0 0.042685956 0.003397415 0.079841234 0.011192462 0.0 0.044405438 0.0 0.0 0.0 0.0 0.0 0.035935022 0.0 0.022837555 0.0 0.007996604 0.0 0.01057962
0.041582797 0.0 0.0 0.0024360686 0.0 0.0 0.029131804 0.08325564 0.0 0.0 0.0028917068 0.03922966 0.03205561 0.0 0.027358705 0.012546106 0.049477752 0.07138591 0.0 0.0 0.0 0.02629154 0.00898612 0.013646993 0.0 0.057396214 0.06101844 0.07580386 0.07122603 0.0 0.0 0.0 0.0 0.0 0.055594675 0.0 0.066160165 0.0 0.0 0.0 0.045995295 0.03959759 0.0 0.0 0.0 0.0 0.0 0.0 0.0 0.0 0.0 0.048407074 0.0 0.0 0.045947734 0.0094015375
0.071747266 0.0 0.0042511625 0.0 0.0 0.0 0.016772183 0.018482745 0.0 0.0 0.0050414926 0.03567041 0.04571022 0.04009199 0.0 0.0 0.0 0.0 0.0 0.0 0.0 0.108045936 0.0038832899 0.020441841 0.0067779934 0.044463083 0.048577193 0.07122603 0.03959077 0.027398756 0.0 0.0 0.0 0.0687376 0.035362743 0.0 0.02436141 0.0 0.03709176 0.06454917 0.027035804 0.0027178326 0.0 0.0 0.023920579 0.0 0.0 0.0 0.0 0.0013491287 0.007045359 0.0805106 0.0045314915 0.013878307 0.032327604 0.045436982
0.0062944437 0.0 0.0070403414 0.0 0.0 0.0 0.03419701 0.004595736 0.0 0.019001158 0.0 0.0 0.011309717 0.054237597 0.0 0.0077355886 0.0 0.0 0.01826315 0.0 0.0 0.033568848 0.0 0.026011338 0.0 0.0047509745 0.022847388 0.0 0.027398758 0.0 0.024185631 0.0 0.0 0.0 0.07432525 0.12269504 0.025088405 0.0 0.0 0.0635292 0.037256327 0.0 0.0 0.0 0.005839656 0.0 0.0022295676 0.0069040316 0.0 0.0 0.06677365 0.038400292 0.0 0.069530204 0.048645362 0.02904686
0.053393126 0.0 0.0 0.009413124 0.0 0.025368158 0.04960907 0.0 0.013867849 0.080047086 0.0 0.0 0.0 0.01258948 0.0 0.0 0.0033673793 0.0 0.0 0.11804515 0.018246677 0.0 0.0 0.0 0.0 0.08841009 0.0 0.0 0.0 0.024185631 0.0 0.0 0.009305604 0.0094149895 0.0 0.00087112695 0.03959058 0.0 0.0011427259 0.0039408756 0.0 0.0 0.07417669 0.0 0.05061401 0.0 0.0 0.0 0.0 0.0 0.0619959 0.002521965 0.0040978296 0.00078022643 0.054480232 0.0
0.06453391 0.048715603 0.019678006 0.042925444 0.0 0.0 0.015180005 0.014986375 0.0 0.06917993 0.0 0.0 0.012304426 0.07089102 0.0 0.011972682 0.0 0.017873721 0.01879011 0.0 0.0 0.0 0.033925135 0.010741605 0.06435097 0.05173818 0.0 0.0 0.0 0.0 0.0 0.0 0.019127613 0.0 0.0018689076 0.014635165 0.02759626 0.022767048 0.0 0.012718173 0.0040906435 0.0 0.0 0.0 0.055749875 0.027712904 0.0 0.02478743 0.034941856 0.050950736 0.05003353 0.0062946635 0.0 0.016212601 0.02560071 0.07660087
0.036479216 0.0065916674 0.0056515653 0.085948594 0.0019277073 0.007911554 0.058508735 0.01206156 0.02386541 0.09052922 0.04359079 0.0 0.0 0.0 0.013990213 0.020598028 0.0009733363 0.059435893 0.014881546 0.006975305 0.0 0.012257892 0.0 0.05221033 0.0 0.0 0.014208957 0.0 0.0 0.0 0.009305605 0.019127615 0.0 0.0 0.021892184 0.03014316 0.04715174 0.027027477 0.0 0.0 0.0 0.011391773 0.0 0.0 0.026792137 0.11802555 0.019035323 0.026160143 0.0 0.033934943 0.030378338 0.05119986 0.0 0.0177688 0.06135116 0.0
0.007590873 0.038235065 0.017510448 0.0 0.0 0.0 0.0 0.033437885 0.0 0.014693126 0.0 0.0 0.0046536424 0.069252126 0.0 0.036519945 0.036849003 0.0 0.0 0.0 0.0 0.05821298 0.031149568 0.0010897883 0.0 0.025347259 0.012391292 0.0 0.0687376 0.0 0.0094149895 0.0 0.0 0.018682182 0.078317344 0.0 0.033669785 0.0 0.0 0.045696955 0.07110786 0.012213086 0.0 0.0 0.00175473 0.0 0.0 0.0 0.0 0.035768878 0.023082973 0.07998318 0.048395902 0.052911982 0.014793126 0.039051592
0.0044508646 0.0 0.07536428 0.0 0.0 0.0 0.024829738 0.019774552 0.039371856 0.0 0.0 0.061952323 0.05833465 0.0 0.0 0.008288478 0.0862606 0.0 0.0 0.0 0.0 0.024341423 0.009516951 0.0 0.009231312 0.0 0.0041052233 0.055594675 0.035362743 0.07432525 0.0 0.0018689076 0.021892184 0.07831734 0.0 0.0 0.017499683 0.0 0.0381213 0.0 0.024008326 0.013006899 0.0 0.09549893 0.0 0.028424786 0.031085351 0.006793457 0.03128622 0.015798165 0.0 0.013334334 0.0049047503 0.0 0.004701827 0.025570793
0.0 0.015656522 0.052962873 0.0 0.0023105699 0.00510019 0.04708032 0.0072462875 0.0 0.0 0.0 0.007120344 0.00627662 0.014128479 0.025480872 0.022529777 0.004440162 0.0 0.0 0.039508235 0.016177082 0.011057461 0.007127633 0.0 0.02564382 0.023685997 0.027640661 0.0 0.0 0.12269504 0.00087112695 0.014635165 0.030143159 0.0 0.0 0.0 0.0 0.0053716716 0.033006195 0.0 0.01986319 0.04136501 0.045181565 0.053775623 0.0 0.008727072 0.0 0.018596804 0.026026895 0.065839194 0.020008478 0.0 0.0042481227 0.0 0.0 0.048674475
0.0 0.0 0.040899508 0.0 0.035246406 0.078692965 0.0063440367 0.008252936 0.010420155 0.0 0.0023473005 0.025432779 0.0 0.0 0.039369453 0.0 0.009156854 0.015970433 0.008701443 0.0 0.006523453 0.0 0.0 0.0 0.054205693 0.0 0.0011367565 0.06616016 0.02436141 0.025088405 0.03959058 0.02759626 0.04715174 0.03366978 0.017499683 0.0 0.0 0.0 0.0465667 0.0 0.014698601 0.00737455 0.0069559636 0.040712148 0.033211272 0.0015578327 0.0014346554 0.034334656 0.035422113 0.007508844 0.03132596 0.008299952 0.10406397 2.7256318e-21 0.0 0.0
0.006544273 0.0 0.0 0.033631712 0.015458363 0.019136857 0.0 0.0 0.031360965 0.0 0.0 0.0 0.0 0.0 0.07108111 0.007266148 0.0 0.011064686 0.0 0.09289935 0.0 0.0 0.015294098 0.08285386 0.035250135 0.042478167 0.0 0.0 0.0 0.0 0.0 0.022767048 0.027027477 0.0 0.0 0.0053716716 0.0 0.0 0.0 0.06978876 0.010426712 0.0 0.041342378 0.0 0.07486022 0.0018423037 0.0 0.0 0.12329842 0.020064242 0.07994531 0.0071625784 0.0 0.0 0.0 0.0
0.0058212485 0.0 0.007695873 0.0 0.0 0.0 0.0 0.0014703046 0.024879893 0.04619177 0.0 0.0 0.0 0.0 0.0 0.0 0.0 0.09406445 0.0 0.0 0.025665745 0.017422287 0.0 0.038973942 0.0 0.020147191 0.042685956 0.0 0.03709176 0.0 0.001142726 0.0 0.0 0.0 0.038121298 0.033006195 0.0465667 0.0 0.02936678 0.035011042 0.0 0.0 0.0 0.009521639 0.0804147 0.013198256 0.039011974 0.021769967 0.0021211924 0.0 0.050449174 0.017137073 0.0 0.06330586 0.050984886 0.0
0.0128409 0.0064105378 0.012388612 0.0 0.047480233 0.02533369 0.0 0.0 0.07296458 0.014156634 0.035856564 0.038953554 0.00850214 0.0 0.0019659114 0.11416566 0.0 0.0047010886 0.0 0.0 0.0 0.080343656 0.0 0.026874846 0.070615225 0.018543266 0.003397415 0.0 0.06454917 0.06352919 0.003940876 0.012718173 0.0 0.04569695 0.0 0.0 0.0 0.06978876 0.035011042 0.0 0.0 0.030831574 0.023810564 0.009204921 0.0011966657 0.0097343875 0.102031864 0.0 0.0014201156 0.0 0.0 0.0068111783 0.0061453343 0.0 0.0 0.0
0.0 0.0022681172 0.0 0.039466456 0.0 0.0 0.0 0.024633091 0.020673938 0.005808471 0.11817863 0.05714952 0.027865665 0.0079870885 0.0031454207 0.11352092 0.0 0.0030916175 0.05903616 0.0 0.009204141 0.028969472 0.059368845 0.047456183 0.0 0.028163774 0.079841234 0.045995295 0.027035804 0.037256327 0.0 0.004090643 0.0 0.07110786 0.024008326 0.019863192 0.014698602 0.010426713 0.0 0.0 0.0 0.02437315 0.0030357447 0.011870452 0.0036500336 0.0 0.028481986 0.0 0.0 0.0 0.030840939 0.028024944 0.0 0.0 0.0 0.0
0.017434293 0.016351674 0.0 0.0 0.0 0.0 0.0 0.048985224 0.0 0.05591909 0.0 0.0 0.06232632 0.0 0.0 0.0 0.009314804 0.0 0.030762106 0.020882376 0.0 0.0 0.005345405 0.013381987 0.020863341 0.03983046 0.011192462 0.03959759 0.0027178326 0.0 0.0 0.0 0.011391773 0.012213086 0.0130068995 0.04136501 0.00737455 0.0 0.0 0.030831574 0.02437315 0.0063051903 0.0 0.0 0.052122004 0.02532085 0.0 0.04531865 0.0 0.0 0.0 0.02068982 0.0 0.0562664 0.07402112 0.0
0.0 0.09942245 0.0 0.042389937 0.0 0.0031999925 0.003910807 0.0 0.0 0.0066165905 0.029769145 0.0 0.0 0.02459348 0.0 0.0 0.020738367 0.066346765 0.009389626 0.008984056 0.08073055 0.004791171 0.00803479 0.05779623 0.037341956 0.0 0.0 0.0 0.0 0.0 0.07417669 0.0 0.0 0.0 0.0 0.04518156 0.006955964 0.041342378 0.0 0.023810562 0.0030357444 0.0 0.0 0.0 0.0 0.03307312 0.04902962 0.0 0.05774906 0.0 0.0 0.022037387 0.0 0.0146508 0.018952832 0.0
0.0 0.0 0.0 0.0 0.08889159 0.0 0.0 0.062038116 0.026568515 0.016390596 0.07500294 0.0 0.02259215 0.0 0.0068332385 0.0 0.0 0.016059402 0.0194971 0.025274554 0.0 0.0 0.057567738 0.06899088 0.0 0.0 0.044405438 0.0 0.0 0.0 0.0 0.0 0.0 0.0 0.09549893 0.053775623 0.040712148 0.0 0.009521639 0.009204921 0.011870453 0.0 0.0 0.021709353 0.009744449 0.009062132 0.0 0.0 0.0 0.0 0.015427627 0.09653462 0.0 0.0 0.046429053 0.0
0.0 0.0 0.04444788 0.010680522 0.113717824 0.010066395 0.0 0.0 0.038459774 0.0 0.04871424 0.08206189 0.01709093 0.0 0.010093229 0.029537058 0.03426015 0.0 0.010427932 0.0 0.02620379 0.004738452 0.013551759 0.0011433704 0.008662903 0.0 0.0 0.0 0.023920579 0.0058396556 0.050614007 0.055749875 0.026792139 0.00175473 0.0 0.0 0.033211272 0.074860215 0.0804147 0.0011966656 0.0036500336 0.052122004 0.0 0.009744449 0.011152782 0.012624332 0.06942736 0.013122122 0.030364538 0.0 0.0 0.0 0.09411976 0.011094086 0.0 0.018298546
0.0 0.07491481 0.0 0.049931683 0.0 0.019861944 0.0 0.010500345 0.0 0.022034105 0.0 0.0 0.0 0.0 0.0485273 0.02934939 0.005036661 0.0 0.0 0.004978344 0.0 0.0 0.0 0.0 0.033676248 0.050292034 0.0 0.0 0.0 0.0 0.0 0.027712904 0.118025556 0.0 0.028424786 0.008727072 0.0015578327 0.0018423038 0.013198256 0.0097343875 0.0 0.025320848 0.03307312 0.009062131 0.012624332 0.009429008 0.0115594035 0.0 0.090178885 0.055597857 0.027791528 0.0 0.0059055313 0.005122148 0.0 0.00070257916
0.019704325 0.030077366 0.033515975 0.0 2.760003e-07 0.0 0.03117748 0.006981312 0.0 0.0 0.0 0.0 0.0 0.07619004 0.0 0.014360752 0.0 0.020851463 0.0036431253 0.03849185 0.061823517 0.0 0.008799285 0.0025284153 0.0016084133 0.07210628 0.0 0.0 0.0 0.0022295676 0.0 0.0 0.019035323 0.0 0.031085351 0.0 0.0014346555 0.0 0.039011974 0.10203187 0.028481988 0.0 0.04902962 0.0 0.06942736 0.0115594035 0.0 0.008975264 0.01694145 0.061407197 0.004869098 0.0 0.0 0.09408904 0.007825244 0.096491575
0.0 0.04977648 0.09984357 0.0064250575 0.06529743 0.020277819 0.0 0.0 0.037961416 0.009024934 0.0014695204 0.007747669 0.0 0.0 0.03582958 0.0023235092 0.009930265 0.053909767 0.029022168 0.04473123 0.090703435 0.0 0.0 0.0 0.07196086 0.0 0.0 0.0 0.0 0.006904032 0.0 0.02478743 0.026160143 0.0 0.0067934566 0.018596804 0.034334656 0.0 0.021769967 0.0 0.0 0.04531865 0.0 0.0 0.013122122 0.0 0.008975264 0.0 0.08029697 0.0 0.0 0.0 0.06045203 0.07890441 0.024265496 0.0
0.0 0.0 0.013910567 0.0045206724 0.06614093 0.06250441 0.0 0.01453319 0.080040276 0.015469496 0.028958473 0.0 0.0 0.0 0.0 0.0 0.0 0.016374182 0.034013532 0.095851175 0.0 0.0 0.0 0.01943078 0.045223463 0.0 0.0 0.0 0.0 0.0 0.0 0.034941856 0.0 0.0 0.031286217 0.026026895 0.035422113 0.12329843 0.0021211924 0.0014201155 0.0 0.0 0.057749055 0.0 0.03036454 0.090178885 0.01694145 0.08029697 0.011246219 0.0 0.029735627 0.0 0.0 0.0 0.014477829 0.0
0.0056969915 0.0 0.0 0.0 0.12847716 0.0 0.0 0.04442809 0.050820455 0.037833773 0.06661383 0.0 0.044454806 0.0 0.0034305546 0.0040090205 0.0 0.0 0.035099614 0.024392357 0.017167276 0.0045807175 0.0 0.027945941 0.0 0.0 0.035935022 0.0 0.0013491287 0.0 0.0 0.050950736 0.033934943 0.03576888 0.015798165 0.065839194 0.0075088446 0.02006424 0.0 0.0 0.0 0.0 0.0 0.0 0.0 0.055597857 0.061407194 0.0 0.0 0.0 0.0 0.09782714 0.0 0.0 0.025933266 0.0
0.0 0.024897037 0.027696121 0.0736584 0.029574975 0.06240597 0.039896097 0.0 0.064787775 0.0 0.023991063 0.029949302 0.00899662 0.0 0.014920194 0.046817437 0.003339958 0.010532092 0.021215087 0.040397514 0.007006218 0.01856964 0.024169322 0.0 0.0 0.013829025 0.0 0.0 0.007045358 0.06677365 0.061995897 0.05003353 0.030378338 0.023082972 0.0 0.020008478 0.03132596 0.07994531 0.050449174 0.0 0.030840937 0.0 0.0 0.015427626 0.0 0.02779153 0.004869098 0.0 0.029735625 0.0 0.051139347 0.0 0.029364705 0.007553308 0.007890277 0.0
0.024022568 0.0 0.0 0.0030814083 0.0 0.0 0.0 0.032406885 0.0 0.0 0.0003256373 0.0 0.032019556 0.0 0.04025212 0.030783549 0.052598342 0.0 0.0 0.0 0.0 0.009063985 0.10018553 0.016395802 0.03272274 0.007197456 0.022837553 0.048407074 0.0805106 0.038400292 0.002521965 0.006294663 0.051199857 0.07998318 0.013334333 0.0 0.008299953 0.007162579 0.017137071 0.0068111783 0.028024944 0.020689819 0.022037387 0.09653462 0.0 0.0 0.0 0.0 0.0 0.09782714 0.0 0.0 0.03302767 0.033718918 0.010555506 0.0
0.07778612 0.0 0.07001619 0.0 0.021826569 0.0 0.03332497 0.0 0.007622808 0.04559946 0.0 0.0015449327 0.0 0.0 0.0 0.0 0.0 0.006130902 0.0 0.020984642 0.011776551 0.0 0.0 0.0017859548 0.025187409 0.0 0.0 0.0 0.004531492 0.0 0.004097829 0.0 0.0 0.048395906 0.0049047503 0.0042481227 0.10406397 0.0 0.0 0.0061453343 0.0 0.0 0.0 0.0 0.09411976 0.005905532 0.0 0.060452037 0.0 0.0 0.029364705 0.03302767 0.0 0.0027793404 0.121674284 0.07190011
0.0 0.0 0.0016242306 0.011553862 0.06883001 0.013669745 0.0 0.0 0.042716052 0.0 0.012956273 0.007697871 0.0 0.0 0.0 0.03891165 0.021476295 0.010402671 0.0 0.11339617 0.0 0.0 0.0013925614 0.0 3.1017827e-08 0.0 0.007996603 0.0 0.013878307 0.069530204 0.0007802264 0.016212601 0.0177688 0.052911986 0.0 0.0 2.725632e-21 0.0 0.06330587 0.0 0.0 0.0562664 0.014650799 0.0 0.011094086 0.0051221475 0.09408903 0.07890442 0.0 0.0 0.0075533083 0.033718918 0.0027793401 0.0 0.0 0.003071882
0.0009219944 0.05616226 0.045943383 0.01051326 0.007812312 0.0 0.0 0.0 0.02979346 0.0 0.029715681 0.029796699 0.04695239 0.0 0.0 0.0 0.02958138 0.084228605 0.0 0.0 0.06871907 0.0 0.0052638873 0.0 0.010217938 0.0 0.0 0.045947734 0.032327604 0.048645362 0.054480236 0.025600709 0.06135117 0.014793126 0.004701827 0.0 0.0 0.0 0.050984886 0.0 0.0 0.07402112 0.018952832 0.046429053 0.0 0.0 0.007825244 0.024265496 0.014477829 0.025933266 0.007890276 0.010555506 0.121674284 0.0 0.0 0.0
0.0 0.0 0.0 0.0 0.005833806 0.0060313563 0.0 0.0 0.0 0.0 0.046045095 0.118522465 0.12829229 0.0 0.0 0.04109577 0.05386537 0.009068826 0.0 0.0 0.0 0.08536931 0.0 0.0 0.0 0.0 0.01057962 0.0094015375 0.045436982 0.02904686 0.0 0.076600865 0.0 0.039051592 0.025570793 0.048674475 0.0 0.0 0.0 0.0 0.0 0.0 0.0 0.0 0.018298546 0.0007025791 0.096491575 0.0 0.0 0.0 0.0 0.0 0.0719001 0.003071882 0.0 0.0
