0.0 0.067681774 0.023629395 0.045956276 0.0 0.011000329 0.030678978 0.0 0.04373266 0.032571387 0.053108037 0.010467903 0.0 0.0 0.018076254 0.0 0.0 0.0037112972 0.0 0.037539363 0.060162228 0.0 0.018804442 0.016215207 0.009872529 0.0112279765 0.0 0.0 0.012151857 0.115953594 0.122929394 0.0 0.025431426 0.0 0.023643844 0.0 0.0 0.0 0.0069110286 0.0 0.027644569 0.0305667 0.0 0.0 0.0 0.03211114 0.0 0.042435195 0.038193963 0.022202328 0.050586753 0.0 0.013106506 0.0 0.0 0.014940559
0.067681774 0.0 0.019149845 0.011618687 0.0 0.030912144 0.0 0.020520577 0.0 0.0 0.022795418 0.0 0.010227823 0.060059283 0.0 0.04119817 0.012867893 0.0024044043 0.0 0.0 0.0 0.011386522 0.008885637 0.047070324 0.024064293 0.023677371 0.017231453 0.0 0.011398876 0.0 0.009221883 0.003696205 0.0 0.0318948 0.058120336 0.07164247 0.04643354 0.020734048 0.0 0.02360605 0.04235652 0.0 0.010233119 0.0 0.023537496 0.0 0.0 0.021579418 0.0 0.008863624 0.020781454 0.05808569 0.0 0.0382808 0.015287394 0.034636773
0.023629395 0.019149844 0.0 0.005757629 0.038396552 0.050846133 0.019838601 0.018758189 0.017100101 0.0 0.0 0.07990446 0.012077229 0.0 0.038707886 0.0 0.0 0.007203678 0.0 0.0 0.016002785 0.020471992 0.014809297 3.5633815e-07 0.067619175 0.014510617 0.05258294 0.0028110126 0.0139272725 0.026312735 0.0022087293 0.037072882 0.0 0.05690623 0.0 0.016523456 0.0 0.042411614 0.0 0.0 0.0 0.0067608333 0.108114645 0.03206282 0.0 0.0 0.026910111 0.0 0.008501357 0.015178283 0.008123949 0.012134262 0.053009443 0.010276322 0.013592867 0.0
0.045956276 0.011618687 0.005757629 0.012892437 0.087970994 0.03649978 0.0 0.0 0.0 0.032098655 0.034614515 0.0 0.0 0.03524726 0.0 0.044661418 0.012827593 0.0 0.0 0.0053127096 0.0 0.0 0.020789726 0.016192196 0.0 0.0 0.0278932 0.021031106 0.0 0.0 0.021811254 0.056536127 0.0061346567 0.03402833 0.0 0.048347387 0.033153135 0.022291452 0.0 0.03807896 0.0 0.01697145 0.0 0.06150322 0.0 0.0 0.0005218717 0.030894486 0.0 0.0 0.0010790635 0.013452622 0.06556035 0.022268683 0.034418423 0.0
0.0 0.0 0.03839655 0.087970994 0.0 0.0 0.0 0.01857492 0.0 0.011214194 0.060592346 0.01710166 0.012860187 0.0 0.0 0.0 0.035064112 0.0051123016 0.061882142 0.0 0.0 0.0 0.0 0.0 0.036838155 0.0 0.0 0.0 0.0 0.0 0.0 0.11946741 0.0 0.010492772 0.015005133 0.0 0.03924832 0.09926469 0.0 0.13123898 0.026589531 0.022116264 0.00443267 0.0 0.020839835 0.0 0.040377907 0.014812644 0.0 8.928429e-07 0.0 0.0 0.032429326 0.033586007 0.016482051 0.0
0.011000329 0.030912142 0.050846133 0.03649978 0.0 0.044929255 0.0033712487 0.0 0.0 0.03630139 0.011811986 0.0 0.11778157 0.004534427 0.0 0.037962344 0.0013403329 0.0 0.0 0.0 0.0 0.0058115167 0.0 0.004368123 0.00054781226 0.0 0.0 0.006520952 0.0039890087 0.0 0.012216361 0.025512027 0.024007589 0.036513943 0.0 0.016368113 0.0 0.0 0.0 0.0 0.063196056 0.064015456 0.09154554 0.0008705432 0.043400373 0.0 0.0 0.0 0.0 0.016355915 0.009473701 0.0 0.009991123 0.03144084 0.0019320113 0.011558464
0.030678976 0.0 0.019838601 0.0 0.0 0.003371249 0.0 0.0479944 0.0 0.040352255 0.01256414 0.015382962 0.03820481 0.029574556 0.0 0.03452473 0.0 0.03175681 0.0 0.0 0.0031035775 0.020104157 0.011603165 0.0 0.0 0.030909454 0.025813254 0.05459649 0.09351379 0.0 0.0 0.0 0.0 0.0 0.017390015 0.09197161 0.018123724 0.0 0.0 0.012118513 0.011524195 0.014449983 0.0 0.042879634 0.08511905 0.0 0.004389653 0.0 0.0 0.0 0.052543614 0.025088865 0.0 0.0 0.009708031 0.02900684
0.0 0.020520575 0.018758189 0.0 0.018574921 0.0 0.0479944 0.013362306 0.0 0.088152565 0.03963025 0.078202076 0.0 0.017474078 0.04830593 0.0 0.054484226 0.018243508 0.018664217 0.013101425 0.003672087 0.0 0.02458355 0.0 0.022160461 0.016898436 0.0063243248 0.0 0.009722702 0.0214108 0.058895092 0.0067018047 0.047792688 0.0 0.034587946 0.03510485 0.0016828772 0.03765461 0.03558552 0.0036000803 0.008308129 0.0 0.0 0.0 0.003988817 0.010124445 0.010503573 0.0625503 0.0 0.040873382 0.022524115 0.026892155 0.0025159898 0.017849019 0.0038769776 0.0
0.04373266 0.0 0.017100101 0.0 0.0 0.0 0.0 0.0 0.0 0.0 0.0 0.0 0.06235145 0.050477784 0.0 0.02072166 0.034890104 0.0 0.041880615 0.0 0.0 0.0 0.0 0.01664071 0.0024464924 0.0 0.0 0.02131227 0.0 0.0 0.0 0.0 0.0 0.014924126 0.022611167 0.0100134 0.01913651 0.0 0.0 0.09348581 0.076890595 0.016993916 0.0 0.03298048 0.01149138 0.01918293 0.004742692 0.02334156 0.0 0.0 0.026071321 0.0 0.0 0.06106181 0.010105715 0.14033496
0.032571387 0.0 0.0 0.03209866 0.011214195 0.03630139 0.04035226 0.088152565 0.0 0.0 0.03711251 0.0053336252 0.0 0.05004463 0.0 0.028793894 0.0 0.0 0.0 0.0 0.0 0.0 0.03775147 0.047268726 0.0 0.036836527 0.035703093 0.011367671 0.0041262945 0.0 0.030368218 0.0 0.0 0.0 0.016890379 0.032685682 0.024124686 0.022088978 0.0 0.0 0.047292 0.044400077 0.046210196 0.034365863 0.0 0.0 0.0 0.035546135 0.016334154 0.02714926 0.0 0.013100543 0.001593105 0.04822747 0.017078687 0.010573806
0.053108037 0.02279542 0.0 0.034614515 0.060592346 0.011811986 0.012564141 0.039630253 0.0 0.037112508 0.10462768 0.010193504 0.014439678 0.0 0.013881333 0.038099077 0.0108781615 0.0 0.058886494 0.0 0.0 0.0 0.0 0.08795284 0.0 0.0 0.0 0.0032491265 0.0 0.0 0.0 0.030800702 0.007839864 0.0054766387 0.003636699 0.0 0.045194536 0.041399166 0.0 0.02777818 0.0 0.026876256 0.0 0.0 0.053341344 0.0 0.0 0.0020795758 0.0 0.0 0.005966874 0.0 0.007336285 0.03345312 0.030621815 0.0
0.010467903 0.0 0.07990446 0.0 0.01710166 0.0 0.015382961 0.078202076 0.0 0.0053336252 0.010193504 0.020327492 0.020476261 0.006012134 0.011217558 0.0 0.0 0.0 0.0095776925 0.0 0.0 0.013120397 0.0 0.0052257944 0.0 0.0 0.041481484 0.024108026 0.07616406 0.0 0.0 0.0 0.0 0.022083692 0.034596045 0.03591964 0.0 0.0 0.012827719 0.0 0.0 0.061009016 0.079668805 0.042683266 0.022499401 0.0 0.001983807 0.0 0.0 0.05810356 0.0 0.0 0.0 0.0 0.08254971 0.05063318
0.0 0.010227823 0.012077229 0.0 0.012860188 0.11778157 0.038204808 0.0 0.062351458 0.0 0.014439677 0.020476261 0.0 0.0 0.0249681 0.008156371 0.0 0.014095166 0.026740288 0.06593453 0.09010812 0.0 0.0 0.01748674 0.06792164 0.0 0.0 0.0 0.0088781025 0.040055227 0.033446006 0.049264275 0.029340502 0.02519721 0.0 0.05407814 0.0 0.0 0.019734772 0.0 0.0 0.0 0.0024126458 0.0 0.025664626 0.012610313 0.011935126 0.0 0.121715166 0.007914135 0.0 0.014367038 0.0039172075 0.00012850658 0.006331773 0.0
0.0 0.06005928 0.0 0.035247263 0.0 0.0045344266 0.029574556 0.01747408 0.050477784 0.050044633 0.0 0.006012134 0.0 0.0 0.014958937 0.0014547735 0.007489801 0.029793998 0.0077555063 0.05552322 0.044411644 0.0 0.010951945 0.028170845 0.04816464 0.058212835 0.0 0.0 0.0 0.051318 0.08118152 0.018204316 0.034559492 0.0 0.0067916396 0.0054775593 0.0 0.024677126 0.026383065 0.0 0.021685041 0.0 0.011229356 0.0 0.0 0.04444121 0.014590146 0.061854262 0.02227517 0.0 0.04719368 0.06634699 0.0 0.018102312 0.010756223 0.0
0.018076254 0.0 0.038707886 0.0 0.0 0.0 0.0 0.04830593 0.0 0.0 0.013881333 0.011217557 0.0249681 0.014958937 0.0 0.028425593 0.027533866 0.0 0.022340035 0.0 0.0 0.0007862033 0.013386011 0.03577435 0.0 0.014173868 0.0 0.0630216 0.0063095894 0.0 0.017854543 0.0 0.0 0.0 0.04101302 0.0 0.026448132 0.0 4.2626553e-08 0.012831697 0.0725962 0.0 0.061326753 0.033986308 0.05271415 0.0 0.0 0.010089548 0.0 0.06202109 0.036247227 0.024307994 0.0 0.03150986 0.10353223 0.11060864
0.0 0.04119817 0.0 0.044661414 0.0 0.037962344 0.03452473 0.0 0.02072166 0.028793896 0.03809908 0.0 0.00815637 0.0014547735 0.028425593 0.0 0.019914903 0.014618178 0.0 0.006026072 0.0 0.0042145816 0.0073741274 0.011640303 0.0 0.0 0.0027783937 0.053538088 0.0046220976 0.0 0.0064924657 0.0 0.040915243 0.07008963 0.031734344 0.0030789594 0.0 0.0 0.0 0.0 0.057033446 0.03870763 0.013903635 0.012908923 0.0 0.01808687 0.044342272 0.0025546667 0.010391117 0.0 0.0742192 0.0 0.026442744 0.0 0.013138179 0.0039977105
0.0 0.012867893 0.0 0.012827593 0.035064112 0.0013403329 0.0 0.054484222 0.0348901 0.0 0.0108781615 0.0 0.0 0.0074898005 0.027533866 0.019914905 0.0 0.088516675 0.09350282 0.01665681 0.0 0.0 0.05395946 0.009502056 0.042221952 0.0 0.057376433 0.0017074527 0.0 0.0 0.020983253 0.0 0.0 0.0015040888 0.0 0.005847239 0.0 0.03620372 0.047702495 0.0 0.0 0.04859476 0.01076221 0.0025113225 0.0 0.023444472 0.07511771 0.0 0.048541408 0.0 0.045639142 0.0 0.006891652 0.0050140624 0.032889973 0.0
0.0037112974 0.0024044043 0.0072036777 0.0 0.0051123016 0.0 0.03175681 0.018243508 0.0 0.0 0.0 0.0 0.014095166 0.029793998 0.0 0.014618179 0.08851668 0.0 0.0 0.0037394434 0.0 0.0 0.0123309605 0.04543491 0.037666243 0.0 0.018975427 0.058455065 0.029959254 0.024285989 0.0020683138 0.0 0.0 0.04524201 0.0036576877 0.028293155 0.01770398 0.0 0.0 0.05531276 0.015740138 0.003963154 0.0363155 0.0013432528 0.0 0.0 0.0 0.02199615 0.041484877 0.013259082 0.028735204 0.011827245 0.01433798 0.03071832 0.0 0.0060275947
0.0 0.0 0.0 0.0 0.061882146 0.0 0.0 0.018664215 0.041880615 0.0 0.058886494 0.0095776925 0.02674029 0.0077555063 0.022340033 0.0 0.09350282 0.0 0.0 0.0 0.0 0.0 0.038597137 0.044963878 0.02145828 0.0 0.0 0.0 0.0013729397 0.05005133 0.0 0.08779231 0.007001382 0.058639836 0.0 0.05485215 0.037481148 0.010562007 0.0 0.0 0.0 0.059146773 0.0042770826 0.035328064 0.0027685452 0.0 0.02654356 0.0 0.012032401 0.0 0.007915305 0.0 0.020389237 0.014382122 0.0 0.0
0.037539363 0.0 0.0 0.0053127096 0.0 0.0 0.0 0.013101426 0.0 0.0 0.0 0.0 0.065934524 0.055523224 0.0 0.0060260715 0.01665681 0.0037394434 0.0 0.0 5.669145e-05 0.0 0.044517037 0.0 0.013902865 0.037076406 0.041841652 0.043384604 0.013854255 0.0 0.014945827 0.0 0.0 0.033249576 0.030484527 0.0020176007 0.0 0.0 0.0 0.06601362 0.08720381 0.0 0.0 0.099191435 0.02418064 0.028050948 0.016794745 0.013183215 0.0 0.021666475 0.0028108242 0.0 0.044379313 0.0 0.008573832 0.024649315
0.060162228 0.0 0.016002785 0.0 0.0 0.0 0.0031035775 0.0036720869 0.0 0.0 0.0 0.0 0.09010811 0.044411644 0.0 0.0 0.0 0.0 0.0 5.6691453e-05 0.026967892 0.0 0.025877116 0.025630897 0.0 0.0 0.0039029901 0.04741606 0.05089721 0.025519613 0.0 0.0 0.0 0.020428792 0.04028758 0.0014206187 0.041990165 0.0 5.3691572e-05 0.03509593 0.013931751 0.0 0.03713538 0.018890614 0.066912666 0.012343128 0.0 0.0 0.0 0.0 0.0378791 0.0012143584 0.0 0.041370146 0.060087495 0.075793676
0.0 0.011386521 0.020471992 0.0 0.0 0.0058115167 0.020104155 0.0 0.0 0.0 0.0 0.013120397 0.0 0.0 0.00078620325 0.0042145816 0.0 0.0 0.0 0.0 0.0 0.06350965 0.0 0.0 0.037094243 0.0 0.0 0.0 0.072621696 0.048508987 0.0 0.0 0.027851302 0.025398869 0.0 0.0 0.0 0.002579099 0.05823986 0.0 0.0143966405 0.008319172 0.0 0.05120486 0.0051601185 0.0 0.071082145 0.0 0.07482962 0.061960187 0.0 0.0 0.0 0.0011640618 0.028058732 0.020800741
0.018804442 0.008885637 0.014809297 0.020789726 0.0 0.0 0.011603165 0.02458355 0.0 0.03775147 0.0 0.0 0.0 0.010951945 0.013386011 0.0073741274 0.05395946 0.0123309605 0.038597137 0.044517037 0.025877116 0.0 0.046766695 0.008495014 0.07166393 0.0032845612 0.038830664 0.04755476 0.0 0.017230846 0.0 0.0 0.024866829 0.0 0.03740278 0.009674544 0.0 0.00093473 0.022677802 0.04975295 0.018809961 0.0 0.0 0.021784395 0.017476415 0.028282953 0.0 0.025447661 0.00076970423 0.0 0.02091469 0.041792367 0.077315465 0.0 0.03455768 0.0078744115
0.016215207 0.047070324 3.5633812e-07 0.016192194 0.0 0.004368123 0.0 0.0 0.016640708 0.047268726 0.08795284 0.0052257944 0.01748674 0.028170846 0.03577435 0.011640303 0.009502055 0.045434907 0.044963878 0.0 0.025630895 0.0 0.008495014 0.0 0.05473875 0.008874807 0.0 0.0 0.00383763 0.006901234 0.0 0.0401382 0.06512067 0.022260644 0.0048210067 0.0015754107 0.008261736 0.029615594 0.0 0.007669744 0.0075917128 0.016593162 0.010633097 0.0 0.002125625 0.018455783 0.028414179 0.10168619 0.006931115 0.0 0.055022597 0.03691763 0.03133636 0.0028531873 0.012861377 0.0
0.009872529 0.024064293 0.067619175 0.0 0.036838155 0.00054781226 0.0 0.022160461 0.0024464924 0.0 0.0 0.0 0.06792163 0.04816464 0.0 0.0 0.042221952 0.037666243 0.02145828 0.013902865 0.0 0.037094243 0.07166392 0.054738753 0.00384234 0.03005205 0.06529799 0.052177146 0.0050257803 0.0 0.0005924654 0.029574357 0.0 0.012219284 0.024066048 0.043596618 0.0 0.0 0.0 0.02399654 0.0 0.0 0.0094725555 0.0 0.024495343 0.019430937 0.031158965 0.0059294994 0.0 0.0 0.0 0.0 0.0 0.0 0.0 0.0
0.0112279765 0.023677371 0.014510617 0.0 0.0 0.0 0.030909454 0.016898436 0.0 0.036836527 0.0 0.0 0.0 0.058212835 0.014173869 0.0 0.0 0.0 0.0 0.03707641 0.0 0.0 0.0032845612 0.0088748075 0.030052051 0.025777446 0.021597981 0.037627682 0.0 0.021996537 0.033364266 0.0 0.015471901 0.0 0.14023542 0.0 0.0168184 0.0 0.0 0.010617822 0.0068366313 0.0 0.0 0.01431886 0.03453003 0.0 0.0 0.09104647 0.0 0.00796525 0.051521838 0.02173005 0.0065522054 0.042731613 0.04788058 0.037954003
0.0 0.017231453 0.05258294 0.027893199 0.0 0.0 0.025813254 0.0063243248 0.0 0.035703093 0.0 0.041481484 0.0 0.0 0.0 0.0027783937 0.05737644 0.01897543 0.0 0.041841652 0.0039029901 0.0 0.038830664 0.0 0.06529799 0.021597981 0.0 0.0 0.014913318 0.03344446 0.020388946 0.0 0.036954686 0.04760453 0.0 0.0047841403 0.0 0.0 0.0037544284 0.010687784 0.064659625 0.04203368 0.00612041 0.047169667 0.0 0.0 0.0021256572 0.011441256 0.03223763 0.023386978 0.016650166 0.0 0.05975725 0.024723921 0.006433718 0.035886478
0.0 0.0 0.0028110128 0.021031106 0.0 0.0065209526 0.054596495 0.0 0.02131227 0.011367671 0.0032491265 0.024108026 0.0 0.0 0.0630216 0.053538084 0.0017074526 0.05845507 0.0 0.043384604 0.04741606 0.0 0.04755476 0.0 0.052177146 0.037627682 0.0 0.030994253 0.0 0.01720421 0.06695113 0.037543643 0.061809737 0.008110436 0.02432179 0.032224562 0.0 0.0440128 0.033805944 0.02646794 0.0 0.0013385162 0.0 0.0 0.036278214 0.034841068 0.0 0.075028956 0.020145053 0.0 0.008635592 0.021468839 0.013512771 0.0 0.0 0.007206308
0.012151857 0.011398876 0.013927272 0.0 0.0 0.0039890083 0.09351379 0.009722702 0.0 0.0041262945 0.0 0.07616406 0.0088781025 0.0 0.0063095894 0.004622098 0.0 0.029959254 0.0013729396 0.013854255 0.05089721 0.0726217 0.0 0.0038376302 0.0050257803 0.0 0.014913319 0.0 0.07695849 0.033995893 0.015776712 0.012860094 0.014918081 0.0083578145 0.0 0.008031659 0.0 0.0 0.027723655 0.0 0.0 0.0 0.035911966 0.06334784 0.0 0.023001965 0.054807004 0.0 0.051153645 0.054870423 0.0 0.009827173 0.0 0.0032109022 0.008640855 0.010928249
0.1159536 0.0 0.026312735 0.0 0.0 0.0 0.0 0.0214108 0.0 0.0 0.0 0.0 0.040055227 0.051318 0.0 0.0 0.0 0.024285989 0.05005133 0.0 0.025519613 0.048508983 0.017230846 0.0069012344 0.0 0.021996537 0.03344446 0.01720421 0.033995893 0.0 0.0 0.0 0.007942126 0.034146756 0.03464512 0.0 0.023128562 0.0 0.0 0.03543649 0.032299414 0.03773183 0.046944916 0.013501958 0.06845435 0.021673208 0.03024213 0.0 0.02520934 0.0 0.040769953 0.0022554335 0.0 0.0022733312 0.036218185 0.01612352
0.122929394 0.009221882 0.0022087293 0.021811254 0.0 0.012216361 0.0 0.058895096 0.0 0.03036822 0.0 0.0 0.033446006 0.08118152 0.017854542 0.0064924657 0.020983253 0.0020683135 0.0 0.014945827 0.0 0.0 0.0 0.0 0.0005924654 0.033364266 0.020388946 0.06695114 0.01577671 0.0 0.0 0.016697586 0.0 0.027474673 0.008761561 0.011811627 0.032850806 0.0 0.0 0.09104754 0.093239486 0.0 0.0 0.012049032 0.014558883 0.0 0.0 0.0 0.009850675 0.0 0.0007624923 0.033763975 0.00037852296 0.032020967 0.020007212 0.035063088
0.0 0.0036962049 0.037072882 0.056536123 0.119467415 0.025512025 0.0 0.0067018047 0.0 0.0 0.030800704 0.0 0.049264275 0.018204316 0.0 0.0 0.0 0.0 0.0877923 0.0 0.0 0.0 0.0 0.0401382 0.029574359 0.0 0.0 0.037543643 0.012860094 0.0 0.016697586 0.0 0.0 9.762209e-08 0.0 0.008584762 0.05982459 0.014108415 0.0 0.02330852 0.030980285 0.0 0.031898998 0.028725564 0.04735185 0.0 0.0 0.0 0.0 0.0068025608 0.0 0.0021206795 0.08012957 0.013454105 0.019423418 0.0
0.025431428 0.0 0.0 0.0061346567 0.0 0.024007589 0.0 0.047792688 0.0 0.0 0.007839863 0.0 0.0293405 0.034559492 0.0 0.040915243 0.0 0.0 0.0070013823 0.0 0.0 0.027851304 0.024866829 0.06512067 0.0 0.015471902 0.036954686 0.061809737 0.014918081 0.007942126 0.0 0.0 0.03985255 0.024030548 0.03833397 0.0210049 0.04106425 0.0027143992 0.00061894493 0.013755803 0.026039094 0.0 0.030229205 0.020140542 0.04657089 0.0 0.0036749956 0.01333379 0.0 0.02487656 0.023427295 0.021522235 0.004958912 0.026968408 0.04926929 0.05232701
0.0 0.0318948 0.05690623 0.03402833 0.010492772 0.03651394 0.0 0.0 0.014924126 0.0 0.0054766387 0.022083692 0.02519721 0.0 0.0 0.07008962 0.0015040888 0.04524201 0.058639828 0.033249576 0.020428792 0.025398869 0.0 0.022260642 0.012219284 0.0 0.04760453 0.008110437 0.0083578145 0.034146756 0.027474673 9.7622085e-08 0.024030548 0.016861456 0.0 0.03954371 0.0 0.046826683 0.048352934 0.0 0.0 0.006804571 0.03143872 0.0072639026 0.0 0.014089181 0.07449453 0.014028945 0.0 0.008305358 0.023671087 0.00064887194 0.0 0.009095981 0.0185697 0.0
0.023643844 0.058120333 0.0 0.0 0.015005133 0.0 0.017390015 0.03458795 0.022611167 0.016890379 0.0036366992 0.034596045 0.0 0.006791639 0.04101302 0.03173434 0.0 0.0036576877 0.0 0.030484527 0.040287584 0.0 0.03740278 0.004821006 0.024066048 0.14023542 0.0 0.024321789 0.0 0.034645118 0.008761561 0.0 0.038333975 0.0 0.0 0.03212589 0.0067005935 0.022415884 0.03216002 0.0 0.035683718 0.0037880773 0.0 0.00084415433 0.0 0.047846634 0.0 0.028379707 0.025232162 0.022688113 0.028943358 0.051089805 0.019247357 0.0150914835 0.0 0.0
0.0 0.07164248 0.016523456 0.048347387 0.0 0.016368113 0.09197161 0.035104845 0.0100134 0.03268568 0.0 0.03591964 0.05407814 0.0054775593 0.0 0.0030789596 0.005847239 0.028293155 0.054852147 0.0020176007 0.0014206186 0.0 0.009674544 0.0015754106 0.043596618 0.0 0.0047841403 0.032224562 0.008031659 0.0 0.011811627 0.008584762 0.021004898 0.03954371 0.03212589 0.0 0.038254328 0.04666627 0.010065487 0.009195946 0.032689396 0.007947103 0.008388356 0.0061462265 0.0 0.051996388 0.009316793 0.0068006977 0.0 0.02184973 0.0 0.0 0.056106787 0.0 0.0 0.0
0.0 0.04643354 0.0 0.03315313 0.03924832 0.0 0.018123724 0.0016828773 0.01913651 0.024124686 0.045194536 0.0 0.0 0.0 0.026448134 0.0 0.0 0.017703978 0.03748115 0.0 0.04199016 0.0 0.0 0.008261735 0.0 0.0168184 0.0 0.0 0.0 0.023128562 0.032850806 0.05982459 0.04106425 0.0 0.0067005935 0.038254328 0.013358124 0.055352345 0.0106013 0.0 0.0072058234 0.03671196 0.0 0.0 0.0033049926 0.056093708 0.07447478 0.0 0.03235428 0.0 0.046097226 0.054439496 0.029154519 0.0016380544 0.0 0.0
0.0 0.020734048 0.042411614 0.022291452 0.09926469 0.0 0.0 0.037654612 0.0 0.022088978 0.041399166 0.0 0.0 0.024677128 0.0 0.0 0.03620372 0.0 0.010562006 0.0 0.0 0.002579099 0.00093472993 0.029615594 0.0 0.0 0.0 0.0440128 0.0 0.0 0.0 0.014108415 0.002714399 0.046826683 0.022415884 0.046666265 0.055352345 0.07358873 0.0 0.02236152 0.0 0.0007444616 2.097754e-05 0.0 0.026945677 0.0 0.0 0.0053300266 0.014100979 0.0 0.0 0.0075518796 0.08217647 0.026396232 0.01458889 0.006551485
0.006911029 0.0 0.0 0.0 0.0 0.0 0.0 0.03558552 0.0 0.0 0.0 0.012827719 0.019734774 0.026383065 4.2626553e-08 0.0 0.0477025 0.0 0.0 0.0 5.3691572e-05 0.05823986 0.022677802 0.0 0.0 0.0 0.0037544284 0.033805944 0.027723657 0.0 0.0 0.0 0.00061894493 0.048352934 0.03216002 0.010065488 0.0106013 0.0 0.0 0.01738037 0.016733753 0.026673185 0.14260635 0.08431661 0.0 0.0 0.014403422 0.0 0.0 0.069793396 0.005425668 0.010404003 0.0 0.016958527 0.007003464 0.09848391
0.0 0.023606053 0.0 0.03807896 0.13123898 0.0 0.012118513 0.0036000805 0.0934858 0.0 0.027778178 0.0 0.0 0.0 0.012831698 0.0 0.0 0.055312756 0.0 0.06601362 0.03509593 0.0 0.04975295 0.007669744 0.02399654 0.010617822 0.010687784 0.026467938 0.0 0.03543649 0.09104753 0.023308521 0.013755803 0.0 0.0 0.009195945 0.0 0.02236152 0.017380372 0.0 0.002887602 0.0 0.0 0.0 0.0 0.037918895 0.0 0.011212143 0.071558386 0.0 0.013392874 0.03476565 0.0 0.0 0.0 0.0
0.02764457 0.04235652 0.0 0.0 0.02658953 0.06319606 0.011524196 0.008308129 0.076890595 0.047291998 0.0 0.0 0.0 0.021685041 0.0725962 0.057033446 0.0 0.015740138 0.0 0.0872038 0.013931751 0.0143966405 0.018809961 0.0075917128 0.0 0.0068366313 0.06465963 0.0 0.0 0.032299414 0.093239486 0.030980285 0.026039094 0.0 0.035683714 0.032689396 0.0072058234 0.0 0.016733754 0.002887602 0.0 0.040097915 0.0 0.0 0.0 0.03350094 0.02500671 0.025620619 0.049857203 0.011132975 0.004110281 0.0 0.0 0.0 0.009121476 0.0
0.0305667 0.0 0.0067608333 0.01697145 0.022116264 0.06401546 0.014449982 0.0 0.016993916 0.044400074 0.026876256 0.061009016 0.0 0.0 0.0 0.03870763 0.04859476 0.0039631543 0.059146777 0.0 0.0 0.008319172 0.0 0.016593162 0.0 0.0 0.04203368 0.0013385161 0.0 0.03773183 0.0 0.0 0.0 0.0068045715 0.003788077 0.007947103 0.036711965 0.0007444616 0.026673185 0.0 0.040097915 0.04941977 0.06143207 0.049787726 0.002855617 0.0 0.055179317 0.0 0.0 0.008896606 0.0 0.0033345346 0.039543178 0.026242236 0.0122385295 0.0
0.0 0.010233119 0.108114645 0.0 0.0044326703 0.09154554 0.0 0.0 0.0 0.0462102 0.0 0.079668805 0.0024126458 0.011229356 0.061326753 0.013903636 0.01076221 0.036315497 0.004277082 0.0 0.037135385 0.0 0.0 0.010633097 0.0094725555 0.0 0.00612041 0.0 0.035911966 0.04694492 0.0 0.031898998 0.030229203 0.03143872 0.0 0.008388356 0.0 2.097754e-05 0.14260635 0.0 0.0 0.061432075 0.0 0.016971447 0.0019079194 0.022065263 0.012200392 0.0 0.0 0.0098274 0.0014392396 0.0 0.06880778 0.013317658 0.0 0.006673663
0.0 0.0 0.03206282 0.061503224 0.0 0.00087054324 0.042879634 0.0 0.03298048 0.034365863 0.0 0.04268327 0.0 0.0 0.033986308 0.012908923 0.0025113225 0.0013432528 0.035328064 0.09919144 0.018890614 0.05120486 0.021784397 0.0 0.0 0.014318861 0.047169667 0.0 0.06334783 0.013501959 0.012049033 0.028725563 0.020140542 0.0072639026 0.00084415433 0.006146227 0.0 0.0 0.08431661 0.0 0.0 0.049787726 0.016971447 0.0 0.017710146 0.06660833 0.03893923 0.0014918433 0.044529703 0.0334002 0.014002549 0.0 0.0 0.0 0.005776995 0.0
0.0 0.023537498 0.0 0.0 0.020839835 0.04340037 0.08511905 0.003988817 0.011491379 0.0 0.053341344 0.022499403 0.025664628 0.0 0.052714154 0.0 0.0 0.0 0.0027685454 0.024180641 0.066912666 0.005160118 0.017476415 0.002125625 0.024495343 0.034530025 0.0 0.036278214 0.0 0.06845434 0.014558882 0.04735185 0.04657089 0.0 0.0 0.0 0.0033049926 0.026945679 0.0 0.0 0.0 0.0028556173 0.0019079194 0.017710146 0.0 0.06783707 0.06405625 0.016905073 0.0420471 0.093912385 0.00058453943 0.0 0.028696269 0.0062542506 0.0 0.0
0.03211114 0.0 0.0 0.0 0.0 0.0 0.0 0.010124445 0.019182932 0.0 0.0 0.0 0.012610313 0.044441212 0.0 0.01808687 0.023444472 0.0 0.0 0.028050948 0.012343128 0.0 0.028282953 0.018455785 0.019430935 0.0 0.0 0.034841068 0.023001965 0.021673208 0.0 0.0 0.0 0.01408918 0.047846638 0.051996388 0.056093708 0.0 0.0 0.037918895 0.03350094 0.0 0.022065265 0.06660834 0.06783707 0.0 0.011051158 0.0 0.0 0.022446332 0.0 0.015936038 0.003078456 0.005357347 0.00823331 0.0863161
0.0 0.0 0.02691011 0.0005218717 0.040377907 0.0 0.0043896534 0.010503573 0.004742692 0.0 0.0 0.001983807 0.011935126 0.014590146 0.0 0.044342272 0.07511771 0.0 0.02654356 0.016794747 0.0 0.071082145 0.0 0.02841418 0.031158967 0.0 0.0021256572 0.0 0.054807004 0.030242128 0.0 0.0 0.0036749956 0.07449453 0.0 0.009316793 0.074474774 0.0 0.014403422 0.0 0.02500671 0.055179317 0.012200393 0.038939234 0.06405625 0.011051158 0.0 0.0 0.0 0.009100601 0.0 0.0 0.0 0.025660528 0.051758874 0.0111148255
0.042435195 0.021579418 0.0 0.030894484 0.014812643 0.0 0.0 0.0625503 0.023341563 0.035546135 0.0020795756 0.0 0.0 0.061854266 0.010089549 0.0025546667 0.0 0.021996148 0.0 0.013183215 0.0 0.0 0.025447663 0.10168618 0.0059294994 0.09104647 0.011441256 0.07502896 0.0 0.0 0.0 0.0 0.01333379 0.014028946 0.028379709 0.0068006977 0.0 0.0053300266 0.0 0.011212142 0.025620619 0.0 0.0 0.0014918433 0.016905073 0.0 0.0 0.012939805 0.015551736 0.037823766 0.021226656 0.07033705 0.0 0.034322616 0.032393456 0.0
0.038193963 0.0 0.008501357 0.0 0.0 0.0 0.0 0.0 0.0 0.016334152 0.0 0.0 0.121715166 0.02227517 0.0 0.010391117 0.04854141 0.04148488 0.012032401 0.0 0.0 0.074829616 0.00076970423 0.006931115 0.0 0.0 0.032237634 0.020145051 0.051153645 0.025209341 0.009850675 0.0 0.0 0.0 0.025232162 0.0 0.03235428 0.014100979 0.0 0.071558386 0.049857207 0.0 0.0 0.044529703 0.042047102 0.0 0.0 0.015551735 0.0 0.016762152 0.009518554 0.004380161 0.008692712 0.059071787 0.020101616 0.028987514
0.022202328 0.008863624 0.015178284 0.0 8.928428e-07 0.016355915 0.0 0.040873382 0.0 0.02714926 0.0 0.058103558 0.007914135 0.0 0.06202109 0.0 0.0 0.013259082 0.0 0.021666475 0.0 0.06196019 0.0 0.0 0.0 0.00796525 0.02338698 0.0 0.054870423 0.0 0.0 0.0068025603 0.024876561 0.008305358 0.022688113 0.02184973 0.0 0.0 0.069793396 0.0 0.011132975 0.008896606 0.009827401 0.0334002 0.093912385 0.02244633 0.0091006 0.037823766 0.01676215 0.0836112 0.028481178 0.038197827 0.0 0.030371908 0.026482847 0.011828605
0.050586753 0.020781452 0.00812395 0.0010790635 0.0 0.009473701 0.052543614 0.022524115 0.026071321 0.0 0.005966874 0.0 0.0 0.04719368 0.036247227 0.074219204 0.04563914 0.028735204 0.007915304 0.0028108242 0.0378791 0.0 0.020914692 0.055022597 0.0 0.051521834 0.016650164 0.008635592 0.0 0.040769953 0.0007624923 0.0 0.023427293 0.023671087 0.028943358 0.0 0.04609723 0.0 0.005425668 0.013392874 0.004110281 0.0 0.0014392396 0.0140025485 0.00058453943 0.0 0.0 0.021226656 0.009518554 0.028481178 0.00041281493 0.004273899 0.057075847 0.029029202 0.0042686067 0.0045697037
0.0 0.058085687 0.012134262 0.013452622 0.0 0.0 0.025088865 0.026892157 0.0 0.013100542 0.0 0.0 0.014367037 0.06634699 0.024307994 0.0 0.0 0.011827246 0.0 0.0 0.0012143584 0.0 0.041792367 0.03691763 0.0 0.02173005 0.0 0.021468839 0.009827172 0.0022554335 0.033763975 0.0021206795 0.021522235 0.000648872 0.05108981 0.0 0.0544395 0.0075518796 0.010404002 0.03476565 0.0 0.0033345346 0.0 0.0 0.0 0.015936038 0.0 0.07033705 0.004380161 0.038197827 0.0042738994 0.049006354 0.0024419199 0.08980786 0.037873343 0.024078973
0.013106507 0.0 0.053009443 0.06556035 0.032429326 0.009991122 0.0 0.0025159898 0.0 0.0015931051 0.007336285 0.0 0.0039172075 0.0 0.0 0.026442742 0.006891652 0.01433798 0.020389237 0.044379313 0.0 0.0 0.077315465 0.03133636 0.0 0.006552205 0.059757248 0.013512771 0.0 0.0 0.00037852296 0.08012957 0.004958912 0.0 0.019247355 0.056106787 0.029154519 0.08217646 0.0 0.0 0.0 0.03954318 0.06880778 0.0 0.028696269 0.0030784563 0.0 0.0 0.008692711 0.0 0.057075847 0.0024419199 0.0 0.02306359 0.010013221 0.0
0.0 0.0382808 0.010276322 0.022268683 0.033586003 0.03144084 0.0 0.017849019 0.061061814 0.04822747 0.03345312 0.0 0.0001285066 0.018102312 0.03150986 0.0 0.0050140624 0.03071832 0.014382122 0.0 0.041370146 0.0011640618 0.0 0.0028531875 0.0 0.042731613 0.024723923 0.0 0.0032109024 0.0022733312 0.032020967 0.013454106 0.026968407 0.00909598 0.0150914835 0.0 0.0016380544 0.026396232 0.016958527 0.0 0.0 0.026242236 0.013317657 0.0 0.0062542506 0.005357347 0.025660528 0.034322616 0.059071787 0.030371908 0.029029202 0.08980786 0.023063593 0.0 0.0047636465 0.0
0.0 0.015287393 0.013592867 0.034418423 0.016482051 0.0019320115 0.009708031 0.0038769776 0.010105715 0.017078687 0.030621817 0.08254971 0.006331773 0.010756223 0.10353224 0.013138179 0.032889973 0.0 0.0 0.008573833 0.060087495 0.028058732 0.03455768 0.012861377 0.0 0.04788058 0.006433718 0.0 0.008640855 0.03621818 0.020007212 0.019423418 0.04926929 0.0185697 0.0 0.0 0.0 0.01458889 0.007003464 0.0 0.009121476 0.0122385295 0.0 0.005776995 0.0 0.00823331 0.051758874 0.032393456 0.020101616 0.026482848 0.0042686067 0.037873346 0.01001322 0.0047636465 0.0 0.032268208
0.014940558 0.03463677 0.0 0.0 0.0 0.011558463 0.029006843 0.0 0.14033498 0.010573806 0.0 0.050633177 0.0 0.0 0.11060864 0.0039977105 0.0 0.0060275947 0.0 0.024649315 0.075793676 0.020800741 0.007874411 0.0 0.0 0.037954003 0.035886478 0.007206308 0.010928249 0.01612352 0.035063088 0.0 0.05232701 0.0 0.0 0.0 0.0 0.006551485 0.098483905 0.0 0.0 0.0 0.006673663 0.0 0.0 0.0863161 0.0111148255 0.0 0.028987516 0.011828605 0.0045697037 0.024078973 0.0 0.0 0.032268208 0.01707019
