0.025285847 0.029797448 0.06885114 0.044746324 0.0 0.0 0.04355818 0.0 0.020506876 0.0 0.043824177 0.0 0.0 0.0 0.05850565 0.03319352 0.054421827 0.018461501 0.035742953 0.0 0.060135044 0.0 0.029315596 0.0 0.082300045 0.0 0.0 0.0025406394 0.0 0.0 0.052392427 0.071088046 0.06725939 0.0 0.023112807 0.0 0.01857391 0.0 0.0 0.011388347 0.0 0.035366263 0.0 0.028931614 0.004811041 0.017934028 0.0 0.0 0.061749782 0.0 0.0 0.0 0.0 0.0 0.0 0.0
0.02979745 0.0 0.008118291 0.021426557 0.005962484 0.0 0.0 0.0 0.0 0.014952639 0.0067515173 0.030573202 0.026311588 0.0 0.0 0.008049449 0.0 0.057543233 0.0 0.003994715 0.079581015 0.011392375 0.022412306 0.0071898336 0.0 0.061470926 0.0098244 0.04011189 0.06322732 0.024194207 0.0010575184 0.006456709 0.0 0.051832695 0.014694811 0.027030604 0.014230891 0.0 0.00559934 0.0 0.0 0.029512353 0.022219472 0.0 0.01053523 0.02328449 0.0055864877 0.010473154 0.03179739 0.03248115 0.0 0.039373994 0.04151372 0.064024635 0.0 0.0
0.06885114 0.008118292 0.054338735 0.0 0.0 0.004302472 0.0 0.0011884763 0.0 0.0 0.0 0.010140212 0.0 0.0 0.0023708276 0.03975746 0.0 0.025661947 0.0 0.0 0.0 0.018530283 0.0 0.018229578 0.0013577696 0.008988921 0.008708449 0.024863373 0.0794764 0.017237974 0.0 0.0 0.0 0.046444718 0.0 0.0062964717 0.0100625325 0.0 0.0 0.0 0.015109954 0.08224045 0.0 0.0 0.07378033 0.0 0.0 0.04780071 0.0 0.0 0.0070096813 0.0023084916 0.024513664 0.009949819 0.022055786 0.05555825
0.044746324 0.021426557 0.0 0.0 0.0 0.02514914 0.019891422 0.0046638246 0.0 0.0 0.008533727 0.0 0.044963527 0.0 0.0 0.0 0.035141233 0.022655787 0.0 0.0 0.0 0.0 0.0 0.031093808 0.0073282565 0.054281857 0.06297238 0.0 0.0034128171 0.0 0.0 0.014455041 0.0 0.0 0.01619244 0.052899778 0.0 0.0 0.061389457 0.016240068 0.06299449 0.0 0.014280963 0.009383237 0.018887172 0.016136974 0.0 0.0062710177 0.025406815 0.0 0.0 0.02134849 0.089170404 0.06980051 0.0 0.0074781775
0.0 0.005962484 0.0 0.0 0.0 0.008940077 0.0 0.0030824174 0.0 0.0 0.051410962 0.020192344 0.0 0.0 0.0 0.0 0.05362005 0.027132317 0.008755718 0.061163675 0.041477133 0.02766764 0.0 0.005482001 3.3737833e-05 0.012293159 0.0 0.043933064 0.0 0.03768418 0.02186205 0.022404063 0.0037227662 0.011208802 0.0 0.11619281 0.02236398 0.056707628 0.075557366 0.012298216 0.0028675813 0.0 0.011971881 0.0073621604 0.0 0.0 0.0 0.04877972 0.05041694 0.007556662 0.0 0.0023600336 0.078580596 0.009660369 0.031793423 0.0
0.0 0.0 0.0043024723 0.02514914 0.008940077 0.10950371 0.042385474 0.0 0.00087695924 0.0 0.0 0.053588796 0.016050436 0.029288905 0.0 0.0 0.047028556 0.06591618 0.0 0.010789518 0.012293199 0.02807598 5.5530825e-07 0.0 0.021270199 0.03241685 0.037712075 0.0 0.0 0.044928372 0.0 0.0 0.0 0.034781326 0.0 0.025646383 0.0 0.036463875 0.069496915 0.013073231 0.0065837507 0.076866835 0.0 0.0 0.0 0.017314017 0.0 0.056446854 0.016424092 0.0 0.0 0.0 0.01713799 0.022633726 0.0 0.0
0.043558177 0.0 0.0 0.01989142 0.0 0.042385474 0.0 0.029289264 0.029801248 0.015901066 0.024586726 0.013709489 0.0014067815 0.019009475 0.0 0.012640144 0.018577443 0.008447309 0.0 0.02964895 0.0 0.023814388 0.06651468 0.08388514 0.0 0.0 0.018403746 0.066403866 0.0 0.01855836 0.0 0.0041967407 0.008250735 0.00656519 0.0 0.024727963 0.089537404 0.034629762 0.0 0.0 0.0018907414 0.0 0.0 0.0 0.05353732 0.0 0.0 0.030913236 0.009651898 0.015077947 0.03189258 0.053990126 0.0 0.0027978895 0.07321887 0.0
0.0 0.0 0.0011884762 0.004663825 0.0030824174 0.0 0.029289266 0.0016120897 0.0 0.028272953 0.0 0.0 0.012472686 0.016818501 0.010335213 0.0 0.013130861 0.0 0.0030927698 0.0030823927 0.0 0.05364771 0.06441857 0.0 0.032126106 0.0 0.0 0.0 0.015251425 0.023943137 0.019218361 0.026859207 0.08198008 0.005523628 0.0 0.0 0.04306264 0.011121437 0.02517569 0.03583333 0.014120367 0.0 0.0 0.06184351 0.0066250027 0.032382023 0.04032729 0.0 0.012055285 0.032560516 0.0353244 0.0 0.0 0.00607262 0.065363154 0.07454703
0.020506876 0.0 0.0 0.0 0.0 0.00087695924 0.02980125 0.0 0.0 0.0060506132 0.0070197806 0.0 0.0 0.025770556 0.0091337245 0.0 0.0035645342 0.0007774925 0.041127965 0.0 0.0137829995 0.003758761 0.0 0.020847829 0.0058493605 0.06381584 0.020212028 0.044897255 0.02065334 0.074908815 0.025902288 0.0 0.0 0.026540725 0.0 0.07217473 0.0138030015 0.0 0.0 0.005799076 0.11007684 0.0 0.0 0.0 0.0 0.0 0.013310206 0.0045049493 0.0 0.0 0.012931552 0.0 0.072473 0.06327899 0.0 0.05444752
0.0 0.01495264 0.0 0.0 0.0 0.0 0.015901066 0.028272955 0.006050613 0.019587556 0.0 0.0060370616 0.0 0.074938126 0.011861642 0.02852804 0.018492982 0.0004174264 0.045307435 0.0 0.0 0.023384707 0.048553698 0.0315937 0.003917964 0.0 0.0 0.021130618 0.04389278 0.0 0.038458604 0.035624206 0.030680457 0.06365804 0.048248705 0.0 0.02382964 0.0 0.0 0.07078853 0.0801982 0.007878372 0.00069012097 0.0067098797 0.01058781 0.0 0.0 0.0 0.0038644883 0.05211154 0.015385369 0.0 0.027875641 0.0 0.09028846 0.008476984
0.04382418 0.0067515173 0.0 0.008533727 0.051410962 0.0 0.024586726 0.0 0.0070197806 0.0 0.0 0.020434486 0.0020203958 0.023167847 0.0 0.00679582 0.005597442 0.02657958 0.039874468 0.016729087 0.0 0.013928885 0.006633158 0.060427375 0.0 0.05950753 0.0 0.04912905 0.0 0.0 0.0 0.009060878 0.0 0.0 0.018438837 0.06151455 0.0 0.013153058 0.056177724 0.0012926916 0.024975719 0.019188521 0.0 0.0028506615 0.0 0.0 0.030897396 0.011361743 0.0 0.005507848 0.03155254 0.0 0.06879974 0.02217403 0.011106747 0.0053652585
0.0 0.030573202 0.010140212 0.0 0.020192344 0.053588796 0.01370949 0.0 0.0 0.0060370616 0.020434488 0.03578834 0.00022770868 0.0 0.033846512 0.0063495087 0.0 0.0 0.0 0.11635187 0.038004193 0.0049802307 0.0 0.07554325 0.0 0.026122283 0.008038748 0.0 0.010625542 0.053122923 0.012395424 0.0 0.0 0.018993912 0.0071145915 0.01646755 0.004013907 0.0 0.04925383 0.08037822 0.0 0.030107597 0.0 0.0 0.010888542 0.0 0.009464241 0.0 0.028481532 0.032931488 0.0 0.0 0.04831927 0.0 0.0 0.0200478
0.0 0.026311588 0.0 0.044963527 0.0 0.016050437 0.0014067815 0.012472686 0.0 0.0 0.0020203958 0.00022770866 0.0 0.044777427 0.0 0.036290288 0.020559238 0.07410447 0.019105945 0.0 0.026031526 0.0 0.027263973 0.0015115566 0.0012808198 0.02957192 0.032395523 0.0 0.0 0.006386391 0.0064640604 0.04484407 0.026675297 0.009780557 0.020260144 0.0 0.0 0.025024569 0.013832698 0.011041132 0.039529383 0.0100090215 0.024323065 0.06454995 0.058120076 0.04084585 0.04215952 0.0 0.0031277423 0.003509619 0.016022932 0.0 0.039617807 0.036391262 0.018369427 0.025798466
0.0 0.0 0.0 0.0 0.0 0.029288907 0.019009475 0.016818501 0.025770556 0.07493812 0.023167847 0.0 0.044777423 0.0 0.03210982 0.0 0.048566278 0.0062006493 0.0 0.0 0.0 0.03132041 0.0 0.0 0.05239746 0.0 0.0 0.0 0.0 0.0 0.02851607 0.005258853 0.03531583 0.0 0.10653869 0.007303693 0.0005142968 0.016687093 0.017920252 0.06974158 0.0 0.037955485 0.027415069 0.038484804 0.031996284 0.036041338 0.020183064 0.0 0.0 0.041332792 0.019280346 0.0 0.011673336 0.018365502 0.024144845 0.027567074
0.05850565 0.0 0.0023708276 0.0 0.0 0.0 0.0 0.010335213 0.0091337245 0.011861643 0.0 0.033846512 0.0 0.03210982 0.0 0.0 0.030232573 0.0102420235 0.0 0.0022817848 0.009802111 0.0 0.0 0.042936496 0.0 0.036986176 0.0 0.0 0.07598266 0.012167062 0.0 0.0 0.0 0.055271782 0.0 0.017015984 0.044309426 0.0 0.015369541 0.015023044 0.015570526 0.020338386 0.011295328 0.053931918 0.045502376 0.0 0.0 0.056775667 0.008214362 0.013732426 0.027802996 0.015392833 0.0 0.0036677367 0.09050087 0.045769203
0.03319352 0.008049449 0.039757464 0.0 0.0 0.0 0.012640144 0.0 0.0 0.02852804 0.00679582 0.006349509 0.036290288 0.0 0.0 0.0 0.016036896 0.024039617 0.024458798 0.0 0.034839395 0.0640267 0.016654268 0.01606736 0.0010128005 0.0023014266 0.011295585 0.04785964 0.0 0.02888828 0.063852936 0.0025778452 0.0 0.0 0.0 0.0 0.0039281794 0.0 0.0034173212 0.057386804 0.039223585 0.02900966 0.0 0.0 0.010290617 0.0 0.014283782 0.0105618285 0.0 0.060092073 0.0 0.0138837425 0.056514595 0.055981755 0.031629942 0.019469503
0.054421827 0.0 0.0 0.035141237 0.05362005 0.047028556 0.018577443 0.013130861 0.0035645345 0.01849298 0.005597442 0.0 0.020559238 0.048566278 0.030232573 0.016036898 0.0 0.019545494 0.0 0.018371698 0.0 0.02527503 0.018975964 0.021890907 0.0 0.0057455753 0.0055298605 0.0 0.021814598 0.0 0.0 0.0 0.0 0.0 0.030568056 0.0005147279 0.0054424177 0.08393874 0.0008663864 0.045792755 0.0 0.027989376 0.0015800904 0.03031092 0.06689309 0.0 0.0 0.007913899 0.022968533 0.0 0.0608742 0.022614626 0.0 0.055139314 0.0 0.0
0.018461501 0.057543237 0.025661949 0.022655787 0.027132317 0.06591618 0.008447309 0.0 0.0007774925 0.00041742643 0.02657958 0.0 0.07410447 0.0062006493 0.0102420235 0.024039615 0.019545494 0.0 0.021053705 0.053491324 0.06752179 0.021651484 0.028026821 0.0050287214 0.0 0.022315037 0.0193193 0.0 0.0 0.0052831275 0.03175438 0.040808223 0.0007646519 0.0 0.0 0.045840334 0.0 0.08134173 0.011203276 0.0 0.015967002 0.0 0.0 0.0 0.0 0.02131037 0.0051728184 0.029097877 0.055875387 0.0 0.031973053 0.004472525 0.0 0.009013416 0.0 0.0
0.03574295 0.0 0.0 0.0 0.008755719 0.0 0.0 0.0030927698 0.04112796 0.04530744 0.03987447 0.0 0.019105947 0.0 0.0 0.024458798 0.0 0.021053705 0.0 0.022302076 0.0 0.0 0.034304064 0.052504137 0.0 0.008464314 0.005090727 0.0432788 0.0 0.0025701337 0.0 0.0 0.0 0.0 0.0020991014 0.05002537 0.12712069 0.09739591 0.028303327 0.02414245 0.041633133 0.0 0.00030649675 0.0 0.074198365 0.0 0.0 0.054202612 0.0 0.0 0.027595779 0.024397979 0.013268712 0.02046358 0.046929576 0.0
0.0 0.0039947145 0.0 0.0 0.06116368 0.010789518 0.029648952 0.0030823927 0.0 0.0 0.016729087 0.11635188 0.0 0.0 0.0022817848 0.0 0.018371698 0.053491324 0.022302076 0.0 0.0065773064 0.0 0.0 0.0 0.026750708 0.0056079905 0.0 0.0 0.0 0.0784532 0.0 0.008058243 0.0 0.0039879098 0.0 0.07046522 0.0 0.0 0.016354803 0.0 0.0 0.038694 0.0 0.0064155003 0.0 0.0 0.010637207 0.03964574 0.053490527 0.0 0.010566158 0.009890519 0.062405076 0.0 0.0 0.055054
0.06013504 0.079581015 0.0 0.0 0.041477133 0.0122932 0.0 0.0 0.013783 0.0 0.0 0.038004193 0.026031526 0.0 0.0098021105 0.034839395 0.0 0.06752179 0.0 0.0065773064 0.0041906633 0.027488569 0.02333514 0.036753315 0.0 0.06745112 0.04864407 0.017740743 0.016358048 0.0 0.028629173 0.0 0.0 0.0 0.0 0.043175887 0.0 0.0 0.0287625 0.0 0.0 0.0033834402 0.0056087407 0.0 0.0 0.0059444015 0.018410174 0.0009841103 0.010128191 0.006796828 0.03260569 0.013181955 0.037872877 0.0036829726 0.0 0.008741937
0.0 0.011392375 0.018530283 0.0 0.027667642 0.02807598 0.023814388 0.05364771 0.003758761 0.023384707 0.013928885 0.004980231 0.0 0.031320415 0.0 0.0640267 0.025275031 0.021651484 0.0 0.0 0.027488567 0.08716553 0.03372839 0.040299054 0.0 0.0 0.0 0.0 0.04736208 0.024321118 0.023698675 0.0041071707 0.0 0.039937776 0.014679969 0.025678959 0.003466934 0.050413698 0.04747998 0.0 0.0 0.0039758803 0.030589972 0.0019870035 0.0 0.00992859 0.018194657 0.008267626 0.0 0.0051237023 0.0024527612 0.006525841 0.004994121 0.022578921 0.0 0.005117845
0.029315598 0.022412304 0.0 0.0 0.0 5.553083e-07 0.06651468 0.06441857 0.0 0.048553698 0.006633158 0.0 0.027263973 0.0 0.0 0.016654268 0.018975964 0.028026821 0.034304064 0.0 0.02333514 0.03372839 0.064478874 0.04577644 0.021094404 0.016167097 0.0 0.0376844 0.0 0.0 0.0 0.0007100292 0.011862583 0.0 0.045366075 0.0142741585 0.027123323 0.0 0.0 0.0 0.036673006 0.0 0.01759562 0.015530617 0.0 0.0 0.0 0.0478334 0.0 0.056155507 0.0 0.037302583 0.01113098 0.02223491 0.010285326 0.031251702
0.0 0.007189834 0.018229578 0.031093808 0.005482001 0.0 0.08388514 0.0 0.020847829 0.0315937 0.060427375 0.07554325 0.0015115566 0.0 0.0429365 0.01606736 0.021890907 0.005028722 0.052504137 0.0 0.036753315 0.040299054 0.04577644 0.0 0.002715269 0.0 0.0 0.012102306 0.0 0.0 0.025771327 0.01133505 0.055831436 0.00060386054 0.0074474355 0.0535003 0.016351698 0.0 0.019565377 0.032842834 0.006616611 0.0 0.0057108514 0.042406857 0.008045824 0.018491356 0.019988984 0.042253725 0.021714648 0.03127176 0.0043152785 0.0 0.0 0.0 0.03245934 0.0
0.082300045 0.0 0.0013577696 0.0073282565 3.3737833e-05 0.021270197 0.0 0.032126103 0.00584936 0.003917964 0.0 0.0 0.0012808198 0.05239746 0.0 0.0010128005 0.0 0.0 0.0 0.026750708 0.0 0.0 0.021094406 0.002715269 0.0 0.11396579 0.10905947 0.024579797 0.0024950693 0.021303115 0.0 0.0 0.0 0.05070455 0.0 0.003419743 0.012841104 0.019183004 0.0 0.02676874 0.0016829676 0.0 0.0 0.0 0.0717 0.037277922 0.0021471884 0.05141437 0.0 0.0 0.062189274 0.06201871 0.0 0.0 0.008917424 0.0
0.0 0.06147093 0.008988921 0.054281857 0.012293159 0.032416854 0.0 0.0 0.06381584 0.0 0.059507534 0.026122283 0.029571922 0.0 0.03698618 0.0023014266 0.0057455753 0.022315037 0.008464314 0.00560799 0.06745112 0.0 0.016167097 0.0 0.11396579 0.039143294 0.0 0.0 0.0 0.0 0.076389536 0.03411471 0.03459508 0.0 0.0 0.00057102484 0.0 0.0808033 0.025020078 0.0 0.0 0.0 0.019604808 0.00094530097 0.0 0.060402717 0.03196437 0.0063294317 0.008314498 0.0 0.0 0.0 0.0 0.0 0.0 0.0
0.0 0.0098244 0.008708449 0.062972374 0.0 0.037712075 0.018403746 0.0 0.020212028 0.0 0.0 0.008038747 0.032395523 0.0 0.0 0.011295585 0.0055298605 0.0193193 0.005090727 0.0 0.04864407 0.0 0.0 0.0 0.10905946 0.0 0.0 0.028764209 0.0 0.046455562 0.06291093 0.03165688 0.0138138635 0.0 0.0 0.0 0.013628333 0.0 0.05560507 0.009189633 0.0 0.04112017 0.040709425 0.005301215 0.0 0.030399123 0.045791864 0.017291624 0.10216939 0.0025720198 0.0054870057 0.0 0.06709236 0.0 0.0 0.042250663
0.0025406394 0.040111884 0.024863373 0.0 0.043933064 0.0 0.066403866 0.0 0.044897255 0.021130618 0.049129054 0.0 0.0 0.0 0.0 0.04785964 0.0 0.0 0.0432788 0.0 0.017740741 0.0 0.037684403 0.012102307 0.024579799 0.0 0.028764209 0.0 0.0 0.009148595 0.027207704 0.049327448 0.07082676 0.007945482 0.0029993264 0.0 0.0 0.0 0.011078784 0.0015531287 0.0 0.004856578 0.08964093 0.03569929 0.0 0.08741353 0.039695494 0.011008074 0.012544625 0.003059128 0.015694119 0.0 0.008183391 0.0 0.01354255 0.010790585
0.0 0.06322732 0.07947641 0.003412817 0.0 0.0 0.0 0.015251424 0.02065334 0.04389278 0.0 0.010625542 0.0 0.0 0.07598267 0.0 0.0218146 0.0 0.0 0.0 0.016358048 0.04736208 0.0 0.0 0.0024950693 0.0 0.0 0.0 0.049006466 0.0 0.027045444 0.029707627 0.0038938592 0.001221739 0.009565095 0.0 0.018866345 0.008972148 0.0 0.037951775 0.012639233 0.009333838 0.08069417 0.066373065 0.03181183 0.0 0.03804934 0.010298314 0.0025888362 0.043580856 0.0 0.0 0.0 0.040398087 0.026820011 0.003921298
0.0 0.024194207 0.017237974 0.0 0.03768418 0.04492837 0.01855836 0.023943137 0.07490881 0.0 0.0 0.053122923 0.006386391 0.0 0.012167062 0.028888281 0.0 0.0052831275 0.0025701337 0.0784532 0.0 0.024321118 0.0 0.0 0.021303115 0.0 0.046455562 0.009148595 0.0 0.10565973 0.0 0.019532848 0.007669847 0.010402851 0.0 0.023109715 0.01215569 0.0032748596 0.060495373 0.0 0.00011516163 0.051797222 0.029199332 0.01212055 0.0 0.05515079 0.0 0.0 0.07318691 0.0 0.0 0.008048452 0.02358488 0.02062559 0.0 0.0
0.052392423 0.0010575184 0.0 0.0 0.02186205 0.0 0.0 0.019218361 0.025902288 0.038458604 0.0 0.012395424 0.0064640604 0.02851607 0.0 0.063852936 0.0 0.03175438 0.0 0.0 0.028629174 0.023698675 0.0 0.02577133 0.0 0.076389536 0.06291092 0.027207702 0.027045444 0.0 0.0 0.010100937 0.028339231 0.02890516 0.0 0.061906584 0.008132701 0.0 0.022033416 0.007759936 0.01300712 0.048609804 0.0 0.01560535 0.0045373077 0.0 0.008641144 0.008694123 0.0 0.0 0.025238737 0.0977635 0.02360107 0.07690556 0.0 0.021896843
0.071088046 0.006456709 0.0 0.014455041 0.022404065 0.0 0.00419674 0.026859205 0.0 0.035624206 0.009060878 0.0 0.04484407 0.005258853 0.0 0.002577845 0.0 0.040808223 0.0 0.008058243 0.0 0.0041071707 0.0007100292 0.01133505 0.0 0.03411471 0.03165688 0.049327444 0.029707627 0.019532848 0.010100938 0.0 0.016253809 0.0035717788 0.027250653 0.06309546 0.02227921 3.6836607e-09 0.05165711 0.019821674 0.061161246 0.047519498 0.0 0.015795063 0.0 0.0 0.022899138 0.07994599 0.0070243157 0.00074768974 0.031261005 0.033259436 0.050568193 0.012277601 0.059005287 0.032799292
0.067259386 0.0 0.0 0.0 0.003722766 0.0 0.008250735 0.08198008 0.0 0.030680457 0.0 0.0 0.026675299 0.03531583 0.0 0.0 0.0 0.0007646519 0.0 0.0 0.0 0.0 0.011862583 0.05583144 0.0 0.03459508 0.0138138635 0.07082676 0.003893859 0.0076698465 0.02833923 0.016253809 0.0 0.0018773252 0.052826304 0.0064231865 0.02642643 0.015534173 0.035490666 0.0 0.028402051 0.0 0.0 0.036041684 0.014889397 0.023228047 0.0 0.048253883 0.0 0.0 0.053124923 0.124267556 0.0 0.0 0.047767375 0.03398553
0.0 0.0518327 0.046444718 0.0 0.011208802 0.034781326 0.00656519 0.005523628 0.026540725 0.06365804 0.0 0.018993912 0.009780557 0.0 0.055271782 0.0 0.0 0.0 0.0 0.0039879098 0.0 0.039937776 0.0 0.00060386054 0.050704554 0.0 0.0 0.007945481 0.001221739 0.010402852 0.02890516 0.0035717788 0.001877325 0.0 0.037131913 0.0 0.039641928 0.0040058233 0.010024946 0.007071344 0.0 0.012814351 0.03637196 0.10752057 0.015221224 0.0067982385 0.06118774 0.015848823 0.039075572 0.007984169 0.0 0.0 0.003644125 0.018393796 0.03342738 0.012379582
0.023112806 0.014694812 0.0 0.01619244 0.0 0.0 0.0 0.0 0.0 0.048248705 0.018438838 0.007114592 0.020260142 0.10653869 0.0 0.0 0.030568058 0.0 0.0020991014 0.0 0.0 0.014679969 0.04536607 0.007447436 0.0 0.0 0.0 0.0029993264 0.009565095 0.0 0.0 0.027250653 0.052826304 0.037131913 0.066255294 0.01716836 0.03507216 0.011085286 0.012862617 0.08422219 0.047069285 0.010113679 0.045521345 0.019446546 0.026157148 0.0 0.01130437 0.019675793 0.018937781 0.030077169 0.020260174 0.012378955 0.0 0.05894928 0.008932413 0.0091239335
0.0 0.027030604 0.0062964717 0.052899778 0.11619281 0.025646381 0.024727963 0.0 0.07217473 0.0 0.061514553 0.01646755 0.0 0.007303693 0.017015986 0.0 0.0005147279 0.045840334 0.05002537 0.07046522 0.043175887 0.025678959 0.014274158 0.053500295 0.003419743 0.0005710248 0.0 0.0 0.0 0.023109717 0.061906584 0.06309545 0.0064231865 0.0 0.01716836 0.019897416 0.0 0.023977336 0.0 0.0 0.011281248 0.0030678685 0.014942941 0.023857981 0.0 0.0065197344 0.055013444 0.0063314578 0.010155585 0.0 0.01470689 0.011813813 0.046319764 0.0053433618 0.0 0.0
0.018573908 0.014230892 0.0100625325 0.0 0.02236398 0.0 0.089537404 0.043062635 0.013803001 0.02382964 0.0 0.004013907 0.0 0.0005142968 0.044309422 0.0039281794 0.0054424177 0.0 0.12712067 0.0 0.0 0.003466934 0.02712332 0.0163517 0.012841104 0.0 0.013628333 0.0 0.018866347 0.01215569 0.008132701 0.02227921 0.026426433 0.039641928 0.03507216 0.0 0.04522884 0.0 0.0 0.055362277 0.05471985 0.026583496 0.029099507 0.0 0.0 0.0011636724 0.0127852345 0.01081592 0.0 0.033494443 0.009758129 0.070893034 0.0 0.007282483 0.0035339931 0.05125567
0.0 0.0 0.0 0.0 0.056707624 0.036463875 0.034629762 0.011121436 0.0 0.0 0.013153058 0.0 0.025024569 0.016687095 0.0 0.0 0.08393874 0.08134172 0.09739591 0.0 0.0 0.0504137 0.0 0.0 0.019183004 0.0808033 0.0 0.0 0.008972148 0.0032748596 0.0 3.6836607e-09 0.015534174 0.0040058233 0.011085287 0.023977337 0.0 0.0 0.039765358 0.0 0.022712672 0.0 0.0 0.011129622 0.017380085 0.0 0.0 0.052482743 0.020988263 0.0 0.0 0.0 0.013280174 0.032436747 0.008909573 0.034316044
0.0 0.00559934 0.0 0.06138946 0.075557366 0.06949691 0.0 0.02517569 0.0 0.0 0.056177724 0.049253825 0.013832698 0.017920252 0.015369541 0.0034173212 0.0008663864 0.011203276 0.028303327 0.016354803 0.0287625 0.04747998 0.0 0.019565377 0.0 0.025020078 0.055605065 0.011078784 0.0 0.06049537 0.022033418 0.05165711 0.035490666 0.010024946 0.012862616 0.0 0.0 0.039765358 0.0051992745 0.0 0.0014507236 0.0 0.006266279 0.0 0.004194601 0.02656558 0.0074927644 0.0037999116 0.020391036 0.0 0.0 0.0 0.008053163 0.0 0.0 0.0
0.011388347 0.0 0.0 0.016240068 0.012298216 0.013073232 0.0 0.035833333 0.0057990765 0.07078854 0.0012926914 0.08037821 0.011041132 0.06974158 0.015023044 0.057386804 0.04579275 0.0 0.024142448 0.0 0.0 0.0 0.0 0.032842834 0.026768738 0.0 0.009189634 0.0015531287 0.037951775 0.0 0.0077599357 0.019821674 0.0 0.0070713446 0.08422218 0.0 0.05536228 0.0 0.0 0.0 0.014706579 0.0047019874 0.0 0.04905335 0.04925144 0.0 0.010693663 0.0 0.0065369643 0.057981838 0.0 0.004437014 0.0028509581 0.008004166 0.0 0.027959978
0.0 0.0 0.015109956 0.06299448 0.002867581 0.0065837507 0.0018907414 0.014120368 0.11007684 0.0801982 0.024975719 0.0 0.039529383 0.0 0.015570526 0.039223585 0.0 0.015967002 0.041633133 0.0 0.0 0.0 0.036673006 0.0066166106 0.0016829676 0.0 0.0 0.0 0.012639233 0.00011516162 0.013007119 0.061161246 0.028402051 0.0 0.04706929 0.011281248 0.054719854 0.022712674 0.0014507236 0.014706579 0.0 0.03838738 0.11266041 0.0 0.0 0.11218935 0.0004990629 0.0 0.0040034116 0.019820087 0.009224429 0.019826978 0.0 0.0 0.0 0.0
0.035366263 0.029512353 0.082240455 0.0 0.0 0.076866835 0.0 0.0 0.0 0.007878372 0.019188521 0.030107597 0.0100090215 0.03795548 0.020338388 0.02900966 0.027989376 0.0 0.0 0.038694 0.0033834402 0.00397588 0.0 0.0 0.0 0.0 0.04112017 0.004856578 0.009333838 0.051797222 0.048609804 0.047519498 0.0 0.012814351 0.010113679 0.0030678685 0.026583496 0.0 0.0 0.0047019874 0.03838738 0.0 0.0 0.027128398 0.050457373 0.01782496 0.000784539 0.05169949 0.032497603 0.0 0.0 0.0065699853 0.0 0.0012555951 0.021974163 0.033323094
0.0 0.022219472 0.0 0.014280962 0.011971882 0.0 0.0 0.0 0.0 0.00069012097 0.0 0.0 0.024323065 0.027415069 0.011295327 0.0 0.0015800904 0.0 0.00030649678 0.0 0.0056087403 0.03058997 0.01759562 0.005710852 0.0 0.019604808 0.040709425 0.08964093 0.08069417 0.02919933 0.0 0.0 0.0 0.036371958 0.045521345 0.014942942 0.029099511 0.0 0.006266279 0.0 0.112660415 0.0 0.0 0.049991902 0.038699962 0.0 0.0 0.019189551 0.0 0.03531019 0.004621698 0.024454096 0.0 0.021160379 0.07434403 0.056539178
0.028931614 0.0 0.0 0.009383238 0.0073621604 0.0 0.0 0.061843507 0.0 0.0067098797 0.0028506613 0.0 0.064549945 0.038484804 0.053931914 0.0 0.030310916 0.0 0.0 0.0064155003 0.0 0.0019870035 0.015530616 0.042406857 0.0 0.00094530097 0.005301215 0.03569929 0.066373065 0.01212055 0.01560535 0.015795063 0.036041684 0.10752058 0.019446548 0.023857981 0.0 0.011129622 0.0 0.04905335 0.0 0.027128398 0.049991902 0.012771687 0.06436968 0.0 0.01565615 0.008859955 0.0 0.0374074 0.011523429 0.036135074 0.0 0.003843113 0.008071192 0.021504086
0.004811041 0.01053523 0.07378033 0.018887173 0.0 0.0 0.05353732 0.006625003 0.0 0.01058781 0.0 0.010888543 0.05812008 0.031996284 0.045502372 0.010290617 0.06689309 0.0 0.074198365 0.0 0.0 0.0 0.0 0.008045824 0.0717 0.0 0.0 0.0 0.03181183 0.0 0.004537307 0.0 0.014889397 0.015221223 0.026157148 0.0 0.0 0.017380085 0.004194601 0.04925144 0.0 0.050457373 0.038699962 0.06436968 0.0020583794 0.022618584 0.0 0.0 0.0 0.061392818 0.0 0.0 0.0 0.0 0.009215846 0.003054904
0.017934028 0.02328449 0.0 0.016136974 0.0 0.017314017 0.0 0.032382023 0.0 0.0 0.0 0.0 0.040845845 0.036041334 0.0 0.0 0.0 0.02131037 0.0 0.0 0.0059444015 0.00992859 0.0 0.018491356 0.037277922 0.06040272 0.030399123 0.087413535 0.0 0.055150785 0.0 0.0 0.023228047 0.0067982385 0.0 0.0065197344 0.0011636723 0.0 0.02656558 0.0 0.11218935 0.01782496 0.0 0.0 0.022618584 0.0 0.0 0.020506226 0.013911058 0.0 0.0033137565 0.025270676 0.0072154794 0.0 0.020688737 0.009146119
0.0 0.0055864877 0.0 0.0 0.0 0.0 0.0 0.04032729 0.013310206 0.0 0.030897396 0.009464241 0.04215952 0.020183064 0.0 0.014283783 0.0 0.0051728184 0.0 0.010637207 0.018410174 0.018194659 0.0 0.019988984 0.0021471886 0.03196437 0.045791868 0.039695494 0.038049337 0.0 0.008641144 0.022899138 0.0 0.061187744 0.01130437 0.055013448 0.0127852345 0.0 0.0074927644 0.010693664 0.00049906294 0.00078453904 0.0 0.015656153 0.0 0.0 0.0 0.009014978 0.00575393 0.0 0.012520418 0.057116717 0.057787083 0.029067168 0.030546466 0.061234836
0.0 0.010473154 0.04780071 0.0062710177 0.048779722 0.056446854 0.030913237 0.0 0.0045049493 0.0 0.011361743 0.0 0.0 0.0 0.05677567 0.0105618285 0.007913899 0.02909788 0.054202616 0.03964574 0.0009841103 0.008267626 0.0478334 0.04225372 0.05141437 0.006329431 0.017291624 0.0110080745 0.0102983145 0.0 0.0086941235 0.07994599 0.048253883 0.015848823 0.019675793 0.0063314578 0.010815919 0.052482743 0.0037999114 0.0 0.0 0.051699493 0.019189551 0.008859955 0.0 0.020506226 0.009014978 0.006641712 0.03816562 0.0 0.0011096165 0.0 0.0062178113 0.0073645054 0.048852704 0.0
0.061749782 0.03179739 0.0 0.025406815 0.05041694 0.016424093 0.009651898 0.012055284 0.0 0.0038644883 0.0 0.028481532 0.0031277423 0.0 0.008214362 0.0 0.022968534 0.055875387 0.0 0.053490523 0.010128191 0.0 0.0 0.021714646 0.0 0.008314499 0.10216939 0.0125446245 0.0025888362 0.07318691 0.0 0.007024315 0.0 0.039075572 0.018937781 0.010155585 0.0 0.020988263 0.020391036 0.0065369643 0.0040034116 0.032497603 0.0 0.0 0.0 0.013911059 0.00575393 0.03816562 0.030832477 0.0 0.0 0.0 0.09881108 0.0262857 0.011528716 0.010492514
0.0 0.03248115 0.0 0.0 0.0075566615 0.0 0.015077947 0.032560516 0.0 0.052111536 0.0055078487 0.032931484 0.0035096188 0.04133279 0.013732427 0.060092077 0.0 0.0 0.0 0.0 0.006796828 0.0051237023 0.056155507 0.03127176 0.0 0.0 0.0025720198 0.003059128 0.043580856 0.0 0.0 0.0007476897 0.0 0.007984169 0.030077167 0.0 0.033494446 0.0 0.0 0.05798184 0.019820085 0.0 0.03531019 0.0374074 0.061392818 0.0 0.0 0.0 0.0 0.0027845232 0.09107481 0.028158229 0.017391644 0.027604539 0.033346634 0.043003432
0.0 0.0 0.007009682 0.0 0.0 0.0 0.03189258 0.0353244 0.012931553 0.01538537 0.031552542 0.0 0.016022932 0.019280346 0.027802994 0.0 0.060874205 0.031973053 0.027595779 0.010566159 0.03260569 0.0024527612 0.0 0.004315278 0.062189274 0.0 0.0054870057 0.015694119 0.0 0.0 0.025238737 0.031261005 0.053124927 0.0 0.020260174 0.014706889 0.009758129 0.0 0.0 0.0 0.009224429 0.0 0.004621698 0.011523429 0.0 0.0033137563 0.0125204185 0.0011096165 0.0 0.0910748 0.0 0.012502583 0.014922377 0.0 0.03492944 0.1008861
0.0 0.039373994 0.0023084919 0.02134849 0.0023600338 0.0 0.053990126 0.0 0.0 0.0 0.0 0.0 0.0 0.0 0.015392832 0.0138837425 0.022614626 0.004472525 0.024397979 0.009890519 0.013181956 0.006525841 0.037302583 0.0 0.062018707 0.0 0.0 0.0 0.0 0.008048453 0.09776351 0.033259436 0.12426756 0.0 0.012378955 0.011813813 0.07089304 0.0 0.0 0.004437014 0.019826978 0.0065699853 0.024454096 0.036135074 0.0 0.025270676 0.057116717 0.0 0.0 0.028158227 0.012502583 0.0 0.0 0.0 0.032790992 0.0
0.0 0.04151372 0.024513664 0.08917041 0.078580596 0.01713799 0.0 0.0 0.072473 0.02787564 0.068799734 0.04831927 0.039617807 0.011673336 0.0 0.056514595 0.0 0.0 0.013268713 0.062405076 0.037872877 0.004994121 0.01113098 0.0 0.0 0.0 0.06709236 0.008183391 0.0 0.023584882 0.02360107 0.050568197 0.0 0.0036441253 0.0 0.046319764 0.0 0.013280174 0.008053164 0.0028509581 0.0 0.0 0.0 0.0 0.0 0.0072154794 0.057787083 0.006217811 0.09881108 0.017391644 0.014922376 0.0 0.0 0.0 0.0 0.0
0.0 0.064024635 0.009949819 0.06980052 0.009660369 0.022633726 0.0027978893 0.0060726195 0.06327899 0.0 0.022174032 0.0 0.03639126 0.018365502 0.0036677367 0.05598176 0.055139314 0.009013416 0.02046358 0.0 0.0036829726 0.022578921 0.02223491 0.0 0.0 0.0 0.0 0.0 0.04039809 0.02062559 0.07690556 0.012277601 0.0 0.018393796 0.05894928 0.0053433613 0.007282483 0.032436747 0.0 0.008004166 0.0 0.0012555951 0.021160379 0.0038431128 0.0 0.0 0.029067168 0.007364505 0.026285702 0.027604539 0.0 0.0 0.0 0.022156652 0.04422924 0.0
0.0 0.0 0.022055788 0.0 0.031793423 0.0 0.073218875 0.065363154 0.0 0.09028845 0.011106747 0.0 0.018369427 0.024144847 0.09050087 0.03162994 0.0 0.0 0.046929576 0.0 0.0 0.0 0.010285326 0.03245934 0.008917424 0.0 0.0 0.013542551 0.026820013 0.0 0.0 0.059005287 0.047767375 0.03342738 0.008932413 0.0 0.0035339931 0.008909573 0.0 0.0 0.0 0.021974163 0.07434404 0.008071192 0.009215846 0.020688737 0.030546464 0.048852704 0.011528717 0.033346634 0.034929443 0.032790992 0.0 0.04422924 0.03431412 0.0043211924
0.0 0.0 0.05555825 0.007478178 0.0 0.0 0.0 0.07454703 0.054447517 0.008476983 0.0053652585 0.0200478 0.025798464 0.027567076 0.045769203 0.019469503 0.0 0.0 0.0 0.055054 0.008741937 0.0051178443 0.031251706 0.0 0.0 0.0 0.042250663 0.010790585 0.0039212983 0.0 0.021896843 0.032799292 0.03398553 0.012379582 0.0091239335 0.0 0.051255666 0.034316044 0.0 0.027959978 0.0 0.033323094 0.05653918 0.021504087 0.0030549038 0.009146119 0.061234836 0.0 0.010492515 0.043003432 0.1008861 0.0 0.0 0.0 0.0043211924 0.04956468
