0.0 0.0 0.007896211 0.037307456 0.0 0.0 0.0051308987 0.0 0.038960055 0.0017964463 0.12528183 0.0 0.0 0.0 0.024338974 0.006440832 0.0 0.010588674 0.03238384 0.07186403 0.0 0.0 1.7198894e-06 0.0 0.0 0.0 0.005609155 0.0 0.0 0.03626339 0.033618964 0.09151091 0.027455114 0.0 0.0 0.0 0.0 0.0949435 0.06705437 0.011868877 0.012008401 0.0 0.0060055796 0.11011663 0.026054634 0.0062305825 0.0 0.0 0.014830132 0.013940108 0.013073741 0.0 0.029417327 0.018388143 0.0009293236 0.0
0.0 0.116178654 0.009697263 0.011490311 0.07330506 0.030691924 0.0067349775 0.0024746417 0.023626251 0.03517885 0.0 0.015539913 0.0 0.0 0.056679428 0.0 0.0885731 0.00431609 0.030587249 0.025769256 0.0110543715 0.052461047 0.0 0.0 0.083657384 0.022185551 0.035150878 0.0 0.0 0.008156832 0.0015813789 0.004784958 0.042170182 0.0 0.0 0.042722072 0.0016462528 0.002217022 0.031247701 0.0 0.0 0.0053746304 0.0 0.0 0.0 0.018836295 0.045827284 0.0 0.0 0.006865973 0.0 0.0 0.028610853 0.0 0.0066288207 0.0
0.00789621 0.009697264 0.0 0.0 0.020099357 0.0 0.0 0.0 0.0001593127 0.0 0.020858882 0.0 0.08437317 0.032440893 0.015791588 0.007953796 0.0 0.0 0.047694735 0.019414289 0.0109369345 0.0018814403 0.0058371704 0.12586465 0.0 0.00597457 0.014972214 0.0049093333 0.042006794 0.007991252 0.034038078 0.0 0.009248276 0.0 0.009038046 0.100418225 0.0 0.013037645 0.0 0.03556139 5.5509914e-05 0.0 0.0 0.000855245 0.042452388 0.0 0.016472925 0.018650874 0.00950317 0.0 0.011678966 0.031613756 0.0 0.0 0.0140590295 0.029922003
0.037307452 0.0114903115 0.0 0.0 0.027324863 0.05393104 0.023881853 0.0040165414 0.014160575 0.0 0.0 0.0 0.0 0.03641598 0.032199915 0.019172017 0.1283994 0.0 0.057394207 0.016411558 0.0044302004 0.10035525 0.0 0.037110202 0.0 0.010271959 0.0056331917 0.002684629 0.020310951 0.008349666 0.0 0.008925658 0.03493406 0.0 0.0023836687 0.022277413 0.005571073 0.0 0.03518174 0.012385 0.0068100216 0.0 0.0 0.0 0.0 0.0 0.056518573 0.012399863 0.036925346 0.0068041505 0.0 0.016175603 0.021619326 0.0 0.0 0.0
0.0 0.07330506 0.020099357 0.02732486 0.0 0.020665037 0.0 0.0 0.044558432 0.0 0.0 0.0040962887 0.0 0.0 0.020619743 0.0 0.08042517 0.0 0.0 0.0 0.03819543 0.0128680095 0.0 0.0 0.15076385 0.0027568685 0.0 0.0 0.013500876 0.014718545 0.0 0.032035954 0.03812004 0.0 0.0026227015 0.0 0.0 0.002858876 0.0 0.017667606 0.0 0.0 0.0 0.0013249804 0.0 0.08834305 0.038971636 0.039148353 0.016904933 0.0 0.0 0.022712262 0.082762845 0.0 0.0 0.0
0.0 0.030691925 0.0 0.05393104 0.020665038 0.0 0.016763272 0.026062751 0.01845919 0.0 0.0 0.0 0.0046791933 0.0 0.031708512 0.0 0.026333503 0.0 0.042848337 0.016570892 0.028211901 0.0 0.0006466701 0.02907163 0.03399259 0.0 0.012711925 0.0 0.03322351 0.01998973 0.0 0.07474736 0.0 0.0 0.0 0.04425507 0.0 0.0268832 0.0 0.0 0.0107601965 0.0 0.022992058 0.0 0.0008840275 0.0030614054 0.08423449 0.040640354 0.0059173466 0.0 0.0 0.033952605 0.021230994 0.0 0.0 0.0
0.005130898 0.006734978 0.0 0.023881854 0.0 0.016763272 0.0 0.0013740811 0.026380088 0.0 0.0 0.0 0.007920948 0.035152033 0.0024470568 0.016373478 0.0 0.0122162895 0.0 0.0 0.0067445813 0.0 0.0 0.019238852 0.0 0.003441352 0.015851667 0.05546632 0.013331631 0.022868995 0.0 0.0 0.056145087 0.006939709 0.0015701614 0.077173196 0.0 0.022173695 0.0 0.029533265 0.038926166 0.006622464 0.0 0.0 0.009753359 0.046315413 0.0 0.00461015 0.015735317 0.0 0.04046559 0.029690498 0.0 0.017427688 0.030478261 0.012584119
0.0 0.0024746417 0.0 0.0040165414 0.0 0.02606275 0.0013740811 0.021837419 0.06888483 0.025770798 0.09997072 0.03032689 0.058280468 0.016062744 0.0 0.0097474335 0.0 0.0755065 0.0 0.019597912 0.0006305654 0.032336436 0.046873257 0.0071329214 0.0 0.020421972 0.012595726 0.06030079 0.0 0.0043551405 0.031724207 0.071214 0.022948947 0.0234522 0.047079742 0.0 0.0042219735 0.052714135 0.034505952 0.039105456 0.023057567 0.0 0.008383267 0.010568381 0.017116865 0.0 0.0004117146 0.0 0.0117917815 0.024407947 0.057561442 0.01341655 0.0 0.00698533 0.027765322 0.0024563493
0.038960055 0.02362625 0.00015931271 0.014160575 0.044558432 0.018459188 0.026380088 0.06888483 0.03142549 0.015781058 0.029453062 0.0 0.013506687 0.09210607 0.020324815 0.0 0.012957778 0.004632635 0.0 0.05161103 0.00747615 0.043055896 0.036025353 0.0 0.0 0.0 0.003912329 0.0850442 0.0 0.008579611 0.0 0.05499401 9.4424344e-05 0.0 0.0064190873 0.0 0.035364192 0.0057831346 0.0 0.009994958 0.0 0.0 0.0 0.039826725 0.0 0.046244405 0.0155968135 0.02583883 0.0 0.0033469999 0.018913187 0.025623143 0.010348855 0.001570373 0.0 0.017332917
0.0017964463 0.03517885 0.0 0.0 0.0 0.0 0.0 0.025770798 0.015781058 0.0 0.015727574 0.028777136 0.0 0.05814503 0.0030907453 0.03729047 0.008054076 0.04199419 0.0 0.023690803 0.008199938 0.0 0.0 0.017582033 0.019240808 0.0031155907 0.011647379 0.014293219 0.04478157 0.0 0.02638229 0.01753488 0.0 0.023642814 0.04152881 0.0 0.02831974 0.03073941 0.006293234 0.03302593 0.0 0.036451828 0.050125852 0.074232064 0.054438993 0.001589941 0.029527768 0.0 0.0 0.0024278713 0.024534054 0.0 0.034310207 0.005232333 0.010843107 0.00034483222
0.12528183 0.0 0.020858882 0.0 0.0 0.0 0.0 0.09997071 0.029453065 0.015727576 0.03212525 0.02679622 0.0 0.010980554 0.0072863526 0.0 0.0 0.014796864 0.0 0.016008234 0.0 0.0 0.037101865 0.07872064 0.010029423 0.0 0.050109655 0.027668871 0.024100503 0.0 0.0 0.04359329 0.012898005 0.040076572 0.0113635715 0.015578047 0.037123088 0.0 0.016216997 0.014078986 0.0 0.0 0.00056777947 0.0 0.022866987 0.03280979 0.008061251 0.008634064 0.005836768 0.0 0.026487272 0.017739767 0.0 0.0024634018 0.04135259 0.0
0.0 0.015539913 0.0 0.0 0.0040962887 0.0 0.0 0.030326888 0.0 0.028777136 0.02679622 0.0 0.027915714 0.0481115 0.02314419 0.0 0.0077744666 0.0 0.011049595 0.0 0.0 0.0 0.05066294 0.0753488 0.0 0.00046836332 0.05640307 0.0106022945 0.008012027 0.0 0.041863143 0.011963201 0.0040546376 0.005081251 0.012826242 0.075075954 0.029367143 0.00023099699 0.0 0.021632317 0.014463422 0.014347436 0.029036107 0.017252017 0.034259368 0.006156093 0.0 0.057254612 0.0 0.019800203 0.0065069413 0.06181562 0.0 0.028464207 0.025598526 0.00059449306
0.0 0.0 0.08437317 0.0 0.0 0.0046791937 0.007920948 0.058280464 0.013506687 0.0 0.0 0.027915714 0.047653377 0.02175467 0.0 0.0 0.014265745 0.0 0.0 0.029954668 0.0 0.0030988029 0.02217638 0.0 0.0029373993 0.017249657 0.022409786 0.0 0.038317986 0.018980946 0.0 0.008189002 0.0 0.04840682 0.035809822 0.0 0.0050244443 0.0 0.11389577 0.0067814393 0.0 0.023665786 0.019811384 0.015197221 0.011641976 0.004194965 0.047455095 0.023128761 0.0 0.05134377 0.0 0.007099793 0.023370257 0.03889878 0.015607885 0.020641198
0.0 0.0 0.032440897 0.03641598 0.0 0.0 0.035152033 0.016062742 0.09210607 0.058145028 0.010980554 0.0481115 0.02175467 0.0 0.0070406017 0.02090776 0.018513767 0.051694445 0.0 0.040739696 0.0024744424 0.0 0.0 0.0 0.007850095 0.02007829 0.0024472093 0.0 0.0 0.035056937 0.032299783 0.040713333 0.02520614 0.010975384 0.03768644 0.0 0.022100335 0.020801995 0.05110365 0.04246786 0.02988329 0.012971912 0.017094702 0.016964119 0.0030360234 0.0 0.0 0.0 0.03538265 0.054525666 0.020038132 0.0 0.008382364 0.040249594 0.056327783 0.04065131
0.024338972 0.056679428 0.015791588 0.032199915 0.020619743 0.03170851 0.0024470568 0.0 0.020324815 0.003090745 0.0072863526 0.023144191 0.0 0.0070406017 0.062196407 0.0 0.0 0.0 0.0060006254 0.048778277 0.04271617 0.05746851 0.013681893 0.0 0.04232793 0.007984405 0.0 0.0 0.053550553 0.028807523 0.0 0.008867049 0.0033447866 0.037404045 0.0 0.0 0.00398002 0.0 0.0 0.0 0.0018145802 0.043409966 0.025044391 0.009675493 0.005884214 0.049047172 0.022443874 0.0 0.0059286216 0.026054066 0.01495239 0.026816975 0.033940606 0.005714979 0.037410874 0.011888076
0.0064408313 0.0 0.007953796 0.019172018 0.0 0.0 0.016373478 0.0097474335 0.0 0.037290465 0.0 0.0 0.0 0.020907762 0.0 0.0 0.0 0.0019052505 0.0 0.0 0.0 0.0 0.015649822 0.0 0.037060905 0.038920496 0.0 0.03443058 0.014545632 0.0046304106 0.0 0.0004324098 0.0 0.013753078 0.032469075 0.04133661 0.0 0.0 0.009544858 0.07193467 0.057880316 0.022125361 0.0 0.035253063 0.09427347 0.0007274758 0.014018304 0.0 0.0 0.0037608873 0.0267416 0.026165813 0.0339245 0.05722466 0.00843957 0.09421923
0.0 0.0885731 0.0 0.12839942 0.08042517 0.026333503 0.0 0.0 0.012957778 0.008054076 0.0 0.0077744666 0.014265745 0.018513767 0.0 0.0 0.02156341 0.040583078 0.04901714 0.015075194 0.06574902 0.0 0.025857598 0.0 0.08235573 0.0 0.0 0.005471637 0.0 0.049187932 0.01361951 0.029525882 0.006544999 0.0223909 0.0 0.0 0.0 0.040279213 0.011760603 0.0 0.0 0.0478291 0.014157335 0.0 0.0 0.025658097 0.061873812 0.011156793 0.018642355 0.0 0.0 0.0 0.0117143085 0.0 0.0 0.0
0.010588674 0.00431609 0.0 0.0 0.0 0.0 0.01221629 0.0755065 0.004632635 0.041994188 0.014796864 0.0 0.0 0.051694445 0.0 0.0019052504 0.040583078 0.0 0.0 0.008615918 0.0180324 0.06808871 0.009643522 0.01881456 0.002861629 0.008838916 0.011629602 0.045378637 0.03057769 0.0016771312 0.0 0.003909285 0.0 0.0 0.012381831 0.025353584 0.035118327 0.008304773 0.008867734 0.027891714 0.0 0.0 0.0 0.01364671 0.057249334 0.007675745 0.019906592 0.0 0.0 0.0 0.0049226186 0.08580306 0.0 0.026838718 0.057120293 0.0
0.032383837 0.030587247 0.047694735 0.057394207 0.0 0.042848337 0.0 0.0 0.0 0.0 0.0 0.011049595 0.0 0.0 0.006000625 0.0 0.04901714 0.0 0.02582846 0.01964956 0.07907007 0.007999828 0.0 0.0 0.0 0.0 0.01814429 0.0 0.0 0.038749807 0.0 0.024477364 0.0 0.0029492902 0.0 0.011247382 0.0 0.045434855 0.017750602 0.0 0.020991744 0.039281614 0.0834186 0.0 0.0 0.05574568 0.038770672 0.03463584 0.0 0.0054237177 0.0 0.021282325 0.06911602 0.0 0.00417716 0.04254266
0.07186404 0.025769256 0.019414289 0.016411558 0.0 0.016570892 0.0 0.019597912 0.051611025 0.023690801 0.016008234 0.0 0.029954668 0.040739696 0.048778277 0.0 0.015075195 0.008615918 0.019649558 0.0 0.0 0.0 0.0 0.048118528 0.0 0.0 0.033396233 0.032857213 0.0 0.0028631121 0.0 0.0 0.0 0.02066444 0.0 0.010437965 0.034290195 0.011742734 0.0035162482 0.03669819 0.0 0.016451966 0.0048242738 0.0 0.03558343 0.07240147 0.012274541 0.0 0.0 0.019140039 0.036914624 0.0 0.0 0.0 0.0 0.0
0.0 0.0110543715 0.010936934 0.0044302004 0.03819543 0.028211903 0.0067445813 0.00063056545 0.00747615 0.008199938 0.0 0.0 0.0 0.0024744424 0.042716175 0.0 0.06574902 0.0180324 0.07907007 0.0 0.15389669 0.012167396 0.0 0.0 0.0625563 0.0 0.028272757 0.0 0.0 0.0143902395 0.0 0.0 0.024175987 0.0 0.0 0.034240603 0.0 0.028527245 0.0 0.030157426 0.036259107 0.01748489 0.0 0.0 0.0036130361 0.04607663 0.03995147 0.030658897 0.025143856 0.0 0.0 0.03522834 0.039508928 0.0 0.0 0.0
0.0 0.052461047 0.0018814403 0.10035525 0.012868009 0.0 0.0 0.032336436 0.043055896 0.0 0.0 0.0 0.0030988029 0.0 0.05746851 0.0 0.0 0.06808871 0.007999827 0.0 0.012167396 0.0 0.005735247 0.027618293 0.0074776206 0.0 0.0 0.0 0.0 0.0065676803 0.025155645 0.0 0.09842055 0.0 0.0 0.013809813 0.0 0.0 0.005497328 0.012249279 0.03435168 0.0 0.0 0.0 0.001139749 0.021936705 0.069625914 0.0 0.08431976 0.0004401913 0.0 0.0 0.0 0.0 0.036513653 0.0007234338
1.7198893e-06 0.0 0.005837171 0.0 0.0 0.0006466701 0.0 0.046873257 0.036025353 0.0 0.037101865 0.05066294 0.022176381 0.0 0.013681894 0.015649822 0.0258576 0.009643522 0.0 0.0 0.0 0.005735247 0.022233514 0.0 0.006073623 0.030728206 0.053432114 0.041225415 0.04285925 0.046117533 0.0 0.0 0.024422806 0.062178552 0.023067344 0.0 0.018970473 0.009869558 0.0025969327 0.0397661 0.015748305 0.0014700552 0.04164874 0.027819278 0.044022974 0.0034722718 0.0 0.0 0.0040090256 0.038198862 0.070176244 0.022255156 0.011335374 0.037451874 0.006377517 0.03922552
0.0 0.0 0.12586465 0.037110202 0.0 0.029071633 0.019238852 0.0071329214 0.0 0.017582031 0.07872063 0.0753488 0.0 0.0 0.0 0.0 0.0 0.018814558 0.0 0.048118528 0.0 0.02761829 0.0 0.0 0.0029216977 0.011062881 0.0 0.0 0.0011934926 0.035552017 0.01464168 0.054344326 0.0 0.02187898 0.018531358 0.0 0.038626906 0.032388087 0.028826457 0.0030437568 0.017112302 0.025209222 0.047284037 0.0368364 0.0022034778 0.015404563 0.0 0.0 0.03092201 0.029828977 0.0052703745 0.0 0.14433216 0.03115745 0.0 0.0
0.0 0.083657384 0.0 0.0 0.15076387 0.03399259 0.0 0.0 0.0 0.019240808 0.010029424 0.0 0.0029373995 0.007850095 0.04232793 0.0370609 0.08235572 0.002861629 0.0 0.0 0.0625563 0.0074776206 0.006073623 0.0029216977 0.0 0.0035774305 0.0 0.0 0.0 0.043371044 0.0 0.010013046 0.0 0.025365433 0.015967669 0.02648593 0.049097564 0.006995857 0.0 0.0 0.0 0.0055576228 0.0 0.0 0.015293868 0.0 0.08262411 0.121284865 0.052452575 0.0 0.0 0.018481798 0.0 0.0 0.0 0.0
0.0 0.022185553 0.00597457 0.010271959 0.0027568683 0.0 0.0034413517 0.020421972 0.0 0.0031155907 0.0 0.00046836332 0.017249657 0.020078288 0.007984405 0.038920496 0.0 0.008838916 0.0 0.0 0.0 0.0 0.030728208 0.011062882 0.0035774307 0.09662456 0.028450536 0.0 0.0 0.0 0.028142015 0.0 0.0 0.016907118 0.0 0.0 0.017071595 0.0 0.035698216 0.0028257042 0.10124931 0.011576243 0.014503009 0.017566642 0.015610396 0.021050844 0.0 0.0 0.0036631136 0.08849574 0.05851249 0.023172857 0.0057802317 0.08569115 0.04672898 0.042091537
0.005609155 0.035150878 0.014972215 0.0056331917 0.0 0.0127119245 0.015851667 0.012595725 0.003912329 0.011647379 0.05010966 0.05640307 0.022409784 0.0024472093 0.0 0.0 0.0 0.011629602 0.01814429 0.033396233 0.028272755 0.0 0.05343211 0.0 0.0 0.028450536 0.0 0.0 0.0 0.0001720589 0.013051514 0.006799606 0.0 0.035962306 0.01295487 0.0 0.09582857 0.065157294 0.026619682 0.0 0.002275923 0.072302476 0.051498394 0.05188593 0.018792251 0.0017780871 0.0 0.027187556 0.017644342 0.0 0.0030510488 0.0 0.012750966 0.0032382123 0.0029017215 0.00072214403
0.0 0.0 0.0049093333 0.002684629 0.0 0.0 0.05546632 0.06030079 0.08504419 0.014293219 0.027668873 0.010602295 0.0 0.0 0.0 0.03443058 0.005471637 0.045378637 0.0 0.032857217 0.0 0.0 0.04122542 0.0 0.0 0.0 0.0 0.0 0.0 0.016618056 0.10801711 0.050543383 0.029598188 0.0006002056 0.018697128 0.0 0.0031057354 0.03294406 0.006100921 0.0077138054 0.039181203 0.005534794 0.0 0.0 0.07912293 0.0 0.0 0.0 0.010799947 0.0 0.06765902 0.005881442 0.0 0.071640514 0.0 0.0053413752
0.0 0.0 0.042006794 0.020310951 0.013500876 0.03322351 0.013331631 0.0 0.0 0.04478157 0.024100503 0.008012026 0.038317986 0.0 0.053550553 0.014545631 0.0 0.030577688 0.0 0.0 0.0 0.0 0.04285925 0.0011934926 0.0 0.0 0.0 0.0 0.031647105 0.024979383 0.029611444 0.0 0.06627578 0.014861652 0.015332756 0.0 0.0 0.0 0.0009835402 0.045043197 0.006888677 0.084339105 0.0 0.0 0.0047005815 0.0009851626 0.049989488 0.031378616 0.0899094 0.03232757 0.005529153 0.0 0.008517387 0.026222045 0.0 0.033052932
0.03626339 0.008156832 0.0079912525 0.008349665 0.014718545 0.01998973 0.022868995 0.00435514 0.008579611 0.0 0.0 0.0 0.018980946 0.035056937 0.02880752 0.0046304106 0.049187932 0.0016771312 0.038749807 0.0028631121 0.014390239 0.0065676803 0.046117533 0.035552017 0.043371044 0.0 0.0001720589 0.016618056 0.024979385 0.0 0.0 0.0 0.039786506 0.023903392 0.009345673 0.014353909 0.00703442 0.027091695 0.012346422 0.024420986 0.03804505 0.031068537 0.01141041 0.045550153 0.0 0.0072144647 0.055587206 0.015027044 0.0 0.00052119914 0.022276575 0.05514376 0.0005948236 0.0015492972 0.0 0.03971212
0.033618964 0.001581379 0.034038078 0.0 0.0 0.0 0.0 0.03172421 0.0 0.02638229 0.0 0.041863143 0.0 0.032299787 0.0 0.0 0.0136195095 0.0 0.0 0.0 0.0 0.025155645 0.0 0.014641681 0.0 0.028142015 0.013051514 0.10801712 0.029611446 0.0 0.0 0.0 0.0 0.080359645 0.018330889 0.113621555 0.026595332 0.0 0.0 0.019409645 0.007485331 0.0 0.0 0.014214427 0.004564082 0.006242987 0.0 0.0 0.0 0.032142438 0.0 0.036753297 0.021226192 0.025191033 0.033260103 0.004889193
0.09151091 0.004784958 0.0 0.008925657 0.032035954 0.07474736 0.0 0.071214 0.054994006 0.01753488 0.04359329 0.0119632 0.008189002 0.040713333 0.008867049 0.0004324098 0.029525883 0.0039092847 0.024477364 0.0 0.0 0.0 0.0 0.05434433 0.010013046 0.0 0.0067996057 0.050543386 0.0 0.0 0.0 0.0 0.0022753056 0.037185542 0.018756475 0.046499137 0.035579477 0.0 0.0 0.01452905 0.011969896 0.0 0.0018875372 0.011267746 0.007230013 0.042141326 0.0 0.0 0.0 0.0 0.0 0.06580336 0.04943848 0.0 0.014741049 0.0
0.027455114 0.04217018 0.009248276 0.03493406 0.03812004 0.0 0.05614509 0.022948949 9.4424344e-05 0.0 0.012898005 0.0040546376 0.0 0.025206137 0.0033447864 0.0 0.006544999 0.0 0.0 0.0 0.024175987 0.09842055 0.024422808 0.0 0.0 0.0 0.0 0.029598188 0.06627578 0.039786503 0.0 0.0022753056 0.08739655 0.024433643 0.046192266 0.037854336 0.025223993 0.0 0.015723707 0.012228503 0.026294913 0.01485545 0.0054873037 0.029552283 0.0 0.01818026 0.008486359 0.0083602965 0.0 0.0 0.024053352 0.045217898 0.0050841337 0.0 0.0 0.04557209
0.0 0.0 0.0 0.0 0.0 0.0 0.0069397087 0.023452202 0.0 0.023642814 0.040076576 0.0050812513 0.048406817 0.010975383 0.037404045 0.013753079 0.0223909 0.0 0.0029492902 0.020664442 0.0 0.0 0.062178552 0.021878978 0.025365433 0.016907116 0.035962306 0.0006002057 0.014861653 0.023903392 0.080359645 0.037185542 0.024433643 0.0 0.031927433 0.0055648917 0.0 0.03588214 0.0 0.0 0.0 0.02426994 0.0 0.0027368169 0.0 0.004531845 0.0 0.04135565 0.03800541 0.0029238653 0.0013809603 0.050730787 0.0 0.010478382 0.0015092422 0.06676591
0.0 0.0 0.009038046 0.0023836687 0.0026227015 0.0 0.0015701615 0.047079742 0.0064190873 0.04152881 0.011363572 0.012826241 0.03580982 0.037686445 0.0 0.032469075 0.0 0.012381832 0.0 0.0 0.0 0.0 0.023067346 0.018531358 0.01596767 0.0 0.01295487 0.018697128 0.015332755 0.009345673 0.01833089 0.018756473 0.046192262 0.031927433 0.04736142 0.009778272 0.0 0.0 0.044018265 0.035317075 0.06330932 0.027092652 0.0038705699 0.0 0.06959397 0.0 0.0 0.0 0.0044713374 0.07548653 0.009746715 0.0 0.0 0.021300526 0.092216894 0.029340874
0.0 0.042722076 0.10041822 0.022277413 0.0 0.04425507 0.077173196 0.0 0.0 0.0 0.015578047 0.075075954 0.0 0.0 0.0 0.04133661 0.0 0.025353584 0.011247382 0.010437965 0.034240603 0.013809813 0.0 0.0 0.02648593 0.0 0.0 0.0 0.0 0.014353909 0.113621555 0.046499133 0.037854336 0.0055648913 0.009778272 0.0 0.0 0.09736321 0.019678125 0.0 0.0 0.009443482 0.035964586 0.041753814 0.0 0.00014839415 0.036378387 0.0 0.022734588 0.013542138 0.0 0.0 0.038126674 0.0 0.016063256 0.00064635
0.0 0.0016462528 0.0 0.005571073 0.0 0.0 0.0 0.0042219735 0.035364192 0.02831974 0.037123088 0.029367141 0.0050244443 0.022100335 0.00398002 0.0 0.0 0.035118323 0.0 0.034290195 0.0 0.0 0.018970473 0.038626906 0.049097568 0.017071595 0.09582857 0.0031057352 0.0 0.00703442 0.026595332 0.035579477 0.025223993 0.0 0.0 0.0 0.023271423 0.015083997 0.0 0.0 0.018217884 0.05391017 0.042688575 0.09894503 0.03555016 0.039674375 0.0136349285 0.0 0.0 0.0 0.005788655 0.037750497 0.0 0.0 0.012342064 0.0
0.0949435 0.002217022 0.013037645 0.0 0.002858876 0.0268832 0.022173695 0.052714135 0.005783134 0.030739408 0.0 0.00023099699 0.0 0.020801995 0.0 0.0 0.04027921 0.008304773 0.045434855 0.011742734 0.028527245 0.0 0.009869558 0.032388087 0.006995857 0.0 0.065157294 0.03294406 0.0 0.027091693 0.0 0.0 0.0 0.03588214 0.0 0.09736321 0.015083997 0.0 0.0 0.01747708 0.002120445 0.0 0.0 0.020447938 0.0 0.042665515 0.014583678 0.0 0.0 0.0023311796 0.0014912698 0.037242915 0.012069121 0.0 0.044100568 0.0
0.067054376 0.0312477 0.0 0.03518174 0.0 0.0 0.0 0.034505952 0.0 0.006293234 0.016216997 0.0 0.11389577 0.05110365 0.0 0.009544858 0.011760603 0.008867734 0.017750604 0.0035162484 0.0 0.0054973275 0.0025969327 0.028826458 0.0 0.035698216 0.026619682 0.0061009214 0.0009835402 0.012346422 0.0 0.0 0.015723707 0.0 0.044018265 0.019678125 0.0 0.0 0.0 0.012652181 0.003103376 0.0113507435 0.02162358 0.031661667 0.02088546 0.035004217 0.020456677 0.056110974 0.02030338 0.0 0.04051558 0.07578869 0.0 0.0 0.0040976508 0.026627092
0.011868877 0.0 0.03556139 0.012384999 0.017667606 0.0 0.029533265 0.03910546 0.009994957 0.03302593 0.014078986 0.021632317 0.0067814393 0.04246786 0.0 0.07193467 0.0 0.027891714 0.0 0.03669819 0.030157428 0.012249278 0.0397661 0.003043757 0.0 0.002825704 0.0 0.007713806 0.045043197 0.024420988 0.019409645 0.01452905 0.012228502 0.0 0.035317075 0.0 0.0 0.017477078 0.012652182 0.08341889 0.032099947 0.0 0.03354567 0.017436124 0.0069513335 0.034078233 0.012852418 0.025761593 0.018875659 0.03221228 0.017113272 0.0 0.050315317 0.042608436 0.039632395 0.007875395
0.012008401 0.0 5.5509914e-05 0.0068100216 0.0 0.010760196 0.038926166 0.023057567 0.0 0.0 0.0 0.014463422 0.0 0.02988329 0.0018145802 0.057880316 0.0 0.0 0.020991746 0.0 0.036259107 0.03435168 0.015748305 0.017112302 0.0 0.10124931 0.0022759228 0.039181203 0.0068886764 0.038045052 0.0074853306 0.011969896 0.026294915 0.0 0.06330933 0.0 0.018217882 0.002120445 0.003103376 0.032099947 0.0 0.043831687 0.0424565 0.0 0.030616751 0.0 0.0 0.022381099 0.04378887 0.07898142 0.0757258 0.023749279 0.0 0.04986422 0.046843342 0.060524926
0.0 0.0053746304 0.0 0.0 0.0 0.0 0.006622464 0.0 0.0 0.036451828 0.0 0.014347436 0.023665788 0.012971911 0.043409966 0.022125361 0.0478291 0.0 0.039281614 0.016451968 0.01748489 0.0 0.0014700552 0.025209224 0.0055576223 0.011576243 0.072302476 0.005534794 0.084339105 0.03106854 0.0 0.0 0.014855449 0.02426994 0.027092652 0.009443482 0.05391017 0.0 0.0113507435 0.0 0.043831684 0.023376742 0.007478497 0.0 0.0038195208 0.031972528 0.00035449237 0.016894652 0.10225099 0.022132024 0.0 0.0008310088 0.006481599 0.0 0.013374641 0.04723613
0.006005579 0.0 0.0 0.0 0.0 0.022992058 0.0 0.008383267 0.0 0.050125852 0.00056777947 0.029036105 0.019811384 0.0170947 0.025044391 0.0 0.014157335 0.0 0.08341861 0.0048242733 0.0 0.0 0.041648738 0.047284037 0.0 0.014503009 0.051498394 0.0 0.0 0.0114104105 0.0 0.0018875372 0.005487304 0.0 0.00387057 0.035964586 0.042688575 0.0 0.02162358 0.03354567 0.0424565 0.007478497 0.015854739 0.03749389 0.015680714 0.0015414578 0.0 0.0064725517 0.0 0.020284764 0.028525623 0.020168126 0.0 0.028688328 0.008006474 0.030847419
0.11011664 0.0 0.000855245 0.0 0.0013249804 0.0 0.0 0.010568381 0.039826725 0.074232064 0.0 0.017252017 0.015197221 0.016964119 0.009675493 0.035253063 0.0 0.01364671 0.0 0.0 0.0 0.0 0.027819278 0.036836404 0.0 0.017566644 0.05188593 0.0 0.0 0.045550153 0.014214427 0.011267747 0.029552283 0.0027368169 0.0 0.041753814 0.09894503 0.020447938 0.03166167 0.017436124 0.0 0.0 0.03749389 0.0 0.023020588 0.0 0.0 0.024734408 0.0 0.027659941 0.05149412 0.011112723 0.0 0.021753447 0.053349864 0.021566637
0.026054634 0.0 0.04245239 0.0 0.0 0.00088402757 0.0097533595 0.017116865 0.0 0.054438997 0.022866987 0.034259368 0.011641976 0.0030360236 0.0058842143 0.09427347 0.0 0.057249334 0.0 0.03558343 0.0036130361 0.001139749 0.044022974 0.002203478 0.015293867 0.015610397 0.018792251 0.07912294 0.0047005815 0.0 0.0045640822 0.007230013 0.0 0.0 0.069593966 0.0 0.03555016 0.0 0.020885462 0.006951333 0.030616751 0.003819521 0.015680714 0.023020588 0.0 0.027347136 0.0 0.018463902 0.0 0.030097442 0.03650627 0.016099505 0.0 0.0132434275 0.05174356 0.03698925
0.0062305825 0.018836295 0.0 0.0 0.08834305 0.0030614052 0.046315417 0.0 0.046244405 0.001589941 0.032809786 0.006156093 0.004194965 0.0 0.049047172 0.0007274758 0.025658097 0.007675746 0.055745684 0.07240148 0.046076633 0.021936703 0.003472272 0.015404563 0.0 0.021050846 0.0017780872 0.0 0.0009851626 0.0072144647 0.0062429863 0.042141326 0.018180259 0.0045318455 0.0 0.00014839416 0.03967438 0.042665515 0.035004217 0.034078233 0.0 0.031972528 0.0015414578 0.0 0.027347138 0.004664212 0.020497622 0.03851143 0.039264895 0.0 0.033090334 0.016947217 0.0 0.04993212 0.024499841 0.0
0.0 0.045827284 0.016472925 0.05651857 0.038971633 0.08423449 0.0 0.0004117146 0.015596814 0.029527768 0.008061251 0.0 0.0474551 0.0 0.022443874 0.014018305 0.06187381 0.01990659 0.038770676 0.012274541 0.039951466 0.069625914 0.0 0.0 0.08262411 0.0 0.0 0.0 0.04998949 0.055587206 0.0 0.0 0.008486359 0.0 0.0 0.03637839 0.013634929 0.014583678 0.02045668 0.012852418 0.0 0.0003544924 0.0 0.0 0.0 0.020497622 0.045932665 0.062272787 0.023451027 0.0 0.0075002685 0.007370187 0.02819313 0.0 0.0 0.0
0.0 0.0 0.018650876 0.0123998625 0.03914835 0.040640354 0.00461015 0.0 0.025838831 0.0 0.008634065 0.05725461 0.023128761 0.0 0.0 0.0 0.011156793 0.0 0.03463584 0.0 0.030658897 0.0 0.0 0.0 0.12128487 0.0 0.027187556 0.0 0.031378616 0.015027044 0.0 0.0 0.0083602965 0.04135565 0.0 0.0 0.0 0.0 0.056110974 0.025761593 0.0223811 0.01689465 0.0064725517 0.024734408 0.018463904 0.03851143 0.062272787 0.0 0.038541187 0.00358545 0.0 0.0 0.09481588 0.0 0.0 0.014456623
0.014830131 0.0 0.00950317 0.036925346 0.016904932 0.005917346 0.015735315 0.011791782 0.0 0.0 0.005836768 0.0 0.0 0.035382647 0.0059286216 0.0 0.018642355 0.0 0.0 0.0 0.025143856 0.08431977 0.004009025 0.03092201 0.05245258 0.0036631136 0.017644342 0.010799947 0.0899094 0.0 0.0 0.0 0.0 0.038005415 0.0044713374 0.02273459 0.0 0.0 0.02030338 0.018875659 0.043788865 0.102251 0.0 0.0 0.0 0.039264895 0.023451028 0.038541187 0.0 0.002121939 0.0 0.07599007 0.065535635 0.0 0.011108655 0.0
0.013940107 0.006865973 0.0 0.0068041505 0.0 0.0 0.0 0.024407947 0.003347 0.0024278713 0.0 0.019800203 0.05134377 0.054525666 0.026054066 0.003760887 0.0 0.0 0.0054237177 0.019140037 0.0 0.00044019133 0.03819886 0.029828977 0.0 0.08849573 0.0 0.0 0.03232757 0.00052119914 0.032142438 0.0 0.0 0.0029238656 0.07548653 0.013542138 0.0 0.0023311796 0.0 0.03221228 0.07898143 0.022132024 0.020284764 0.027659941 0.030097442 0.0 0.0 0.0035854497 0.0021219393 0.06265013 0.008829493 0.010183095 0.0 0.0 0.027244672 0.071954526
0.013073742 0.0 0.011678965 0.0 0.0 0.0 0.04046559 0.057561442 0.018913187 0.024534054 0.026487274 0.0065069413 0.0 0.020038132 0.0149523895 0.026741602 0.0 0.0049226186 0.0 0.036914624 0.0 0.0 0.070176244 0.0052703745 0.0 0.058512487 0.0030510488 0.06765902 0.005529153 0.022276575 0.0 0.0 0.024053352 0.0013809603 0.0097467145 0.0 0.0057886546 0.0014912697 0.04051558 0.017113272 0.0757258 0.0 0.028525624 0.05149412 0.03650627 0.033090334 0.007500269 0.0 0.0 0.008829493 0.082122095 0.001864495 0.0 0.04607635 0.04114641 0.0
0.0 0.0 0.031613756 0.016175605 0.022712262 0.03395261 0.0296905 0.01341655 0.025623143 0.0 0.017739767 0.06181562 0.0070997924 0.0 0.026816975 0.026165811 0.0 0.08580306 0.021282325 0.0 0.03522834 0.0 0.022255158 0.0 0.0184818 0.023172855 0.0 0.0058814418 0.0 0.055143755 0.036753297 0.06580336 0.045217898 0.050730787 0.0 0.0 0.037750497 0.037242915 0.07578869 0.0 0.023749279 0.0008310088 0.020168126 0.011112723 0.016099503 0.016947217 0.0073701865 0.0 0.07599008 0.010183095 0.001864495 0.0 0.008859416 0.011607968 0.0 0.0
0.029417329 0.028610853 0.0 0.021619326 0.082762845 0.021230996 0.0 0.0 0.010348854 0.034310203 0.0 0.0 0.023370257 0.008382364 0.03394061 0.0339245 0.0117143085 0.0 0.06911602 0.0 0.039508928 0.0 0.011335375 0.14433216 0.0 0.0057802317 0.012750966 0.0 0.008517387 0.00059482356 0.021226192 0.049438477 0.0050841337 0.0 0.0 0.038126674 0.0 0.012069121 0.0 0.050315317 0.0 0.006481599 0.0 0.0 0.0 0.0 0.02819313 0.09481588 0.065535635 0.0 0.0 0.008859416 0.0 0.0 0.0 0.0
0.018388143 0.0 0.0 0.0 0.0 0.0 0.017427688 0.00698533 0.001570373 0.0052323337 0.0024634018 0.028464206 0.038898785 0.040249594 0.005714979 0.05722466 0.0 0.02683872 0.0 0.0 0.0 0.0 0.037451874 0.031157449 0.0 0.08569115 0.0032382126 0.071640514 0.026222045 0.0015492974 0.025191035 0.0 0.0 0.010478382 0.021300526 0.0 0.0 0.0 0.0 0.042608436 0.04986422 0.0 0.02868833 0.021753447 0.0132434275 0.04993212 0.0 0.0 0.0 0.0 0.04607635 0.011607969 0.0 0.10060674 0.039716564 0.010754154
0.0009293236 0.0066288207 0.0140590295 0.0 0.0 0.0 0.03047826 0.027765322 0.0 0.010843107 0.041352585 0.025598524 0.015607884 0.05632778 0.037410874 0.008439569 0.0 0.057120293 0.00417716 0.0 0.0 0.03651365 0.0063775172 0.0 0.0 0.04672898 0.0029017215 0.0 0.0 0.0 0.033260103 0.014741048 0.0 0.0015092422 0.092216894 0.016063256 0.012342065 0.044100568 0.0040976508 0.039632395 0.04684334 0.013374641 0.008006474 0.05334986 0.05174356 0.024499841 0.0 0.0 0.011108655 0.027244674 0.04114641 0.0 0.0 0.039716568 0.0 0.07218848
0.0 0.0 0.029922003 0.0 0.0 0.0 0.012584119 0.0024563493 0.017332917 0.0003448322 0.0 0.0005944931 0.020641197 0.040651307 0.011888076 0.09421923 0.0 0.0 0.04254266 0.0 0.0 0.00072343374 0.039225522 0.0 0.0 0.042091537 0.0007221441 0.0053413752 0.033052932 0.039712124 0.004889193 0.0 0.04557209 0.06676592 0.029340874 0.00064635 0.0 0.0 0.026627092 0.007875394 0.06052493 0.04723613 0.030847419 0.021566639 0.03698925 0.0 0.0 0.014456623 0.0 0.071954526 0.0 0.0 0.0 0.010754154 0.07218849 0.09302784
