0.0 0.028056402 0.060186535 0.021674847 0.04821644 0.014141818 0.0 0.01646735 0.063981876 0.043249033 0.06525387 0.0 0.0 0.0 0.005157682 0.027858628 0.0 0.043948688 0.036234315 0.070758134 0.008168234 0.03462625 0.0 0.011162519 0.11352875 0.00417518 0.015685769 0.0 0.024430186 0.0017295968 0.063718304 0.009433704 0.0 0.013911772 0.029489344 0.0 0.05258871 0.024150826 0.01969517 0.01439133 0.0 0.0036731716 0.0021639443 0.0 0.0 0.06888293 0.0 0.0 0.02366409 0.0 0.0 0.0 0.0 0.0 0.0 0.0
0.0280564 0.0 0.0 0.021842351 0.0 0.018874815 0.033684645 0.07060359 0.0037044603 0.022592802 0.0023695114 0.0 0.0 0.028740978 0.0 0.025511013 0.0 0.0 0.011671725 0.0 0.032665048 0.0 0.065592855 0.07327483 0.0 0.045254406 0.06570213 0.015359352 0.0 0.0 0.0073709753 0.0 0.0 0.0 0.04553488 0.020254534 0.058317617 0.0 0.0 0.013617231 0.01229597 0.0 0.02309173 0.0026496702 0.024634158 0.0 0.0038610941 0.04952676 0.0 0.0 0.020240653 0.02949729 0.0 0.0 0.052235316 0.0
0.06018653 0.0 0.0 0.0 0.0 0.023706106 0.07269513 8.4029096e-05 0.0 0.0 0.016261876 0.011276261 0.041345336 0.0 0.0 0.0 0.02150254 0.0056600166 0.0 0.015887935 0.03996073 0.0 0.019602975 0.0 0.0064546233 0.01631908 0.033797104 0.08285292 0.045288704 0.0 0.0 0.0 0.023141522 0.02046484 0.0 0.026415328 0.0 0.004121487 0.025118915 0.021879232 0.0 0.0 0.0008509049 0.0049355105 0.0397957 0.024999037 0.012777954 0.0 0.01597297 0.0 0.0 0.016033867 0.0 0.016649222 0.021677949 0.10418891
0.021674847 0.02184235 0.0 0.03688933 0.0 0.0048474767 0.101698786 0.0 0.0 0.004180574 0.0 0.0 0.0 0.0 0.020220388 0.0 0.047595806 0.0 0.0 0.012534867 0.03536119 0.033494096 0.0 0.0 0.031266175 0.0 0.0 0.0 0.0 0.040641636 0.0 0.04284462 0.06536534 0.0 0.0 0.014310391 0.0 0.01807304 0.0 0.0 0.0 0.09653539 0.011804159 0.02212732 0.07346776 0.0 0.04895571 0.0 0.050044026 0.016845725 0.0 0.0 0.018134285 0.0 0.0 0.0
0.048216444 0.0 0.0 0.0 0.0 0.0 0.0 0.06886628 0.0 0.0 0.0 0.0 0.014131873 0.064092346 0.02460468 0.0 0.09844825 0.0 0.0 0.0 0.0 0.0 0.027500343 0.0024585994 0.016055083 0.0693535 0.030261613 0.006948065 0.0 0.04145977 0.0 0.014625647 0.007569229 0.009408281 0.10420852 0.0 0.019882405 0.0 0.0 0.0037902729 0.03419608 0.0 0.014701562 0.037376825 0.03252859 0.0 0.0 0.0 0.0 0.020335795 0.024454737 0.09396334 0.0 0.005283116 0.0 0.02267679
0.014141818 0.018874815 0.023706106 0.0048474767 0.0 0.0006107609 0.016506566 0.0 0.0 0.0 0.0 0.0 0.01859177 0.028034 0.0 0.0 0.04321882 0.0 0.0 0.0 0.019810615 0.0 0.052728236 0.0034854556 0.0 0.020591248 0.037783567 0.051609952 0.03571397 0.022291407 0.0 0.0 0.03581627 0.0 0.013245226 0.0011793053 0.038272135 0.0 0.0 0.04549727 0.055877894 0.071882784 0.0 0.0028159241 0.025293844 0.029948262 0.0 0.0013128386 0.04473943 0.071709394 0.034706447 0.03374073 0.0 0.0031300012 0.03511211 0.030993057
0.0 0.03368464 0.07269513 0.101698786 0.0 0.016506568 0.008094741 0.0 0.005984753 0.0 0.002642738 0.072353624 0.08312575 0.0 0.028619815 0.021488994 0.029637253 0.059154212 0.0 0.0 0.013578772 0.0 0.0 0.0 0.0 0.0 0.0 0.0 0.0 0.012504574 0.0 0.0662859 0.059746653 0.030533712 0.0 0.0 0.0 0.0373302 0.04387921 0.0 0.0 0.0016689856 0.010841134 0.0 0.0 0.044445276 0.0 0.0 0.0 0.0 0.0 0.0 0.06568428 0.041107085 0.0 0.0
0.016467348 0.07060359 8.40291e-05 0.0 0.068866275 0.0 0.0 0.0596374 0.038365588 0.0720142 0.027276775 0.0 0.0 0.0 0.0 0.0 0.0 0.0 0.04584543 0.0929494 0.0 0.0 0.018738676 0.079100765 0.0 0.0058371723 0.0010447259 0.028917825 0.0014033917 0.0 0.025607005 0.0 0.0 0.0 0.027313666 0.012241342 0.015418945 0.06602165 0.0 0.0 0.0 0.031008843 0.0 0.0 0.0315153 0.0 0.017382799 0.0563664 0.019690787 0.0 0.053960808 0.00950882 0.0 0.0 0.003970216 0.0
0.063981876 0.00370446 0.0 0.0 0.0 0.0 0.005984753 0.038365588 0.026758166 0.0 0.0 0.009574393 0.0 0.045856282 0.0013826493 0.0 0.0 0.0 0.0 0.0 0.023885218 0.0 0.020816945 0.05074278 0.0 0.026788943 0.0 0.0 0.0 0.0 0.027270053 0.14433436 0.030405743 0.0 0.035749428 0.0 0.049586292 0.0 0.0 0.0 0.0399595 0.02170274 0.0042594727 0.09017751 0.022264302 0.037863366 0.0 0.0 0.0 0.0 0.018370336 0.0 0.016337816 0.015930964 0.0 0.0
0.043249033 0.022592802 0.0 0.004180574 0.0 0.0 0.0 0.072014205 0.0 0.033915758 0.00983347 0.0 0.0 0.06432647 0.045703936 0.011189838 0.0 0.019650895 0.0 0.0 0.01402322 0.0 0.059422676 0.02059757 0.0 0.045065966 0.0053158263 0.016095666 0.0 0.0 0.010940022 0.015404059 0.045464557 0.005751238 0.10286879 0.0 0.03184276 0.0 0.0033244365 0.018204939 0.038170263 0.057492904 0.0 0.02048068 0.02400155 0.0 0.00634012 0.01485301 0.0 0.0 0.047851447 0.014791405 0.0 0.042362377 0.016702238 0.03170129
0.06525387 0.0023695114 0.016261874 0.0 0.0 0.0 0.002642738 0.027276775 0.0 0.00983347 0.010672985 0.0 0.018041655 0.1040447 0.012810986 0.0040650414 0.023596805 0.0 0.0 0.0 0.0 0.007478168 0.0 0.0 0.023734782 0.045671422 0.0 0.0 0.0 0.0 0.0 0.035572045 0.042524204 0.0 0.09409181 0.0 0.06855655 0.0 0.010237434 0.05075907 0.06888891 0.064297654 0.0 0.030481098 0.009912508 0.0 0.0 0.036392305 0.0 0.043164205 0.03103328 0.0 0.019682702 0.0 0.008987323 0.024782408
0.0 0.0 0.011276261 0.0 0.0 0.0 0.072353624 0.0 0.009574393 0.0 0.0 0.066057995 0.034382526 0.0031835074 0.013406753 0.0 0.105144635 0.0114496965 0.019416973 0.0 0.006769831 0.027287433 0.01142466 0.0 0.007588406 0.00025720536 0.01097658 0.030595236 0.045365278 0.047352716 0.0 0.012590796 0.0 0.010772242 0.0140544055 0.013881732 0.018017104 0.0 0.017855873 0.0492394 0.015759526 0.00890437 0.0 0.0 0.000623787 0.0053346036 0.0 0.016339883 0.030792817 0.016296377 0.0047102445 0.028484952 0.028092382 0.03105573 0.0 0.057790775
0.0 0.0 0.041345336 0.0 0.014131873 0.018591773 0.08312575 0.0 0.0 0.0 0.018041655 0.034382526 0.0 0.020353207 0.0 0.013136652 0.023916999 0.008572716 0.008465451 0.019793209 0.0 0.074192554 0.0035777192 0.0 0.0024806252 0.034305055 0.0 0.030350175 0.01071073 0.0067909854 0.0 0.0 0.01527767 0.04242284 0.0 0.045005966 0.0 0.0 0.0 0.043713298 0.026263908 0.017983295 0.0272918 0.06268764 0.0 0.021450192 0.0041036257 0.0 0.0 0.065211594 0.0 0.0 0.0064716297 0.07824017 0.03245823 0.062243603
0.0 0.028740976 0.0 0.0 0.06409235 0.028034 0.0 0.0 0.045856282 0.06432647 0.104044706 0.0031835074 0.020353206 0.009785086 0.015916508 0.05196664 0.0 0.042138185 0.055602785 0.012932227 0.0 0.0 0.0 0.0 0.0 0.012349867 0.027124096 0.056414753 0.062267367 0.029319184 0.018939547 0.0 0.0 0.008794793 0.013300113 0.008380489 0.0 0.043986816 0.012146966 0.0 0.022090942 0.0 0.009798979 0.013692134 0.0 0.015036163 0.052356202 0.07989258 0.0 0.0 0.0 0.01602685 0.0 0.0 0.032509957 0.0
0.005157682 0.0 0.0 0.020220388 0.024604678 0.0 0.028619815 0.0 0.0013826492 0.045703933 0.012810986 0.013406753 0.0 0.015916508 0.0 0.019804135 0.0 0.012482635 0.0 0.0050052223 0.023580363 0.0 0.040623024 0.057110157 0.0 0.07944991 0.09417767 0.030619588 0.011831289 0.0006476816 0.019306382 0.024261557 0.017412512 0.0 0.027267246 0.025134452 0.012786149 0.0 0.0 0.03652445 0.0 0.009542929 0.007789967 0.07278204 0.0176221 0.0036718834 0.0044724992 0.029309552 0.0 0.0 0.0032480361 0.058800377 0.0 0.023702983 0.0034545783 0.023431184
0.027858628 0.025511013 0.0 0.0 0.0 0.0 0.021488994 0.0 0.0 0.011189838 0.0040650414 0.0 0.013136652 0.05196664 0.019804135 0.011461638 0.03757023 0.0 0.0 0.0 0.0016719607 0.0 0.0022052233 0.035309292 0.0 0.07062663 0.0 0.008883293 0.0052117915 0.0 0.0 0.037809733 0.010171468 0.0 0.0 0.028521635 0.0020411918 0.0 0.0 0.011645907 0.021434035 0.029836936 0.0 0.009927614 0.09992424 0.0 0.0 0.018827079 0.0 0.050510395 0.0 0.09412603 0.026936026 0.034030657 0.024043767 0.115575895
0.0 0.0 0.02150254 0.047595806 0.09844825 0.04321882 0.029637253 0.0 0.0 0.0 0.023596805 0.105144635 0.023917 0.0 0.0 0.03757023 0.021373855 8.8213594e-05 0.0 0.0 0.039613288 0.0 0.029906996 0.0 0.003294285 0.0 0.043126572 0.0 0.0 0.051347353 0.020926667 0.029136717 0.0057395725 0.0 0.0 0.07702626 0.013575996 0.056358904 0.011743718 0.0 0.0 0.0 0.026049461 0.0 0.009149466 0.046321318 0.03003821 0.009865039 0.090854295 0.0027203008 0.0 0.0 0.060071934 0.029657066 0.0 0.0
0.043948688 0.0 0.0056600166 0.0 0.0 0.0 0.059154216 0.0 0.0 0.019650895 0.0 0.011449697 0.008572717 0.042138185 0.012482635 0.0 8.821359e-05 0.0 0.0 0.0075228075 0.014450136 0.0 0.03703651 0.0 0.0 0.00881691 0.011157976 0.020923244 0.0 0.011289651 0.01186058 0.021487778 0.0 0.0 0.077480376 0.0 0.027885769 0.0 0.0 0.046176773 0.025448214 0.049832378 0.031924233 0.043437697 0.013240561 0.0172364 0.013227929 0.016082931 0.013888528 0.110953346 0.0 0.0050499435 0.0 0.040382 0.02595457 0.044770934
0.03623431 0.011671725 0.0 0.0 0.0 0.0 0.0 0.04584543 0.0 0.0 0.0 0.019416973 0.00846545 0.055602785 0.0 0.0 0.0 0.0 0.0 0.0026349518 0.0 0.0 0.09140061 0.00538898 0.0 0.07544276 0.018319612 0.075816184 0.0 0.0 0.0048092264 0.010715177 0.008531274 0.015890433 0.060593523 0.0 0.08812354 0.0 0.0010725851 0.02851809 0.067958616 0.013887989 0.021770095 0.006065394 0.02242588 0.037277047 0.0057553304 0.02932628 0.009367336 0.01618436 0.032353975 0.060487926 0.0 0.017795399 0.04923475 0.04683724
0.070758134 0.0 0.015887935 0.012534867 0.0 0.0 0.0 0.0929494 0.0 0.0 0.0 0.0 0.019793209 0.012932227 0.005005222 0.0 0.0 0.0075228075 0.0026349518 0.0 0.0 0.006064761 0.016367964 0.026763758 0.017800631 0.032711994 0.002752708 0.03803845 0.030063827 0.049084514 0.0 0.043987952 0.0 0.0 0.016333884 0.064800106 0.0 0.0 0.0 0.014860886 0.092177436 0.12470198 0.0 0.014153606 0.054398052 0.0 0.0 0.0 0.0027351824 0.0 0.0 0.04214911 0.026605561 0.0010363263 0.033798456 0.0
0.008168234 0.032665048 0.03996073 0.035361193 0.0 0.019810617 0.013578772 0.0 0.023885218 0.014023219 0.0 0.006769831 0.0 0.0 0.023580363 0.0016719607 0.039613288 0.014450136 0.0 0.0 0.15815511 0.0 0.017323168 0.0 0.013998791 0.0 0.028017893 0.0 0.022154424 0.02660154 0.0 0.042329635 0.08094507 0.0 0.0 0.0 0.0 0.06314486 0.0005320275 0.0 0.008403527 0.03400151 0.020983607 0.0031237665 0.0 0.01024797 0.009441034 0.0036513037 0.027044555 0.0 0.0 0.018877264 0.10475196 0.0105460575 0.0 0.0
0.034626245 0.0 0.0 0.033494093 0.0 0.0 0.0 0.0 0.0 0.0 0.0074781673 0.027287435 0.074192554 0.0 0.0 0.0 0.0 0.0 0.0 0.0060647605 0.0 0.006295761 0.020033285 0.014670638 0.0 0.012024126 0.007145515 0.06641363 0.021373589 0.011563209 0.0 0.0 0.026677573 0.0 0.038029578 0.012359466 0.036959816 0.004076624 0.037455566 0.009376668 0.009763906 0.007169539 0.060181245 0.0 0.034745935 0.0032355585 0.0 0.03677574 0.008948881 0.019982371 0.020429162 0.059515163 0.008717216 0.062494155 0.08082716 0.034052547
0.0 0.06559286 0.019602975 0.0 0.027500343 0.052728236 0.0 0.018738676 0.020816945 0.05942267 0.0 0.01142466 0.0035777192 0.0 0.040623024 0.0022052233 0.029906996 0.037036512 0.091400616 0.016367964 0.017323168 0.020033285 0.038728647 0.0 0.0072778924 0.0 0.0 0.0 0.0 0.023387864 0.032664694 0.022734992 0.0 0.0 0.0 0.0 0.0 0.07715192 0.013047484 0.0066229245 0.0 0.0055581997 0.03197533 0.002527052 0.0 0.1231871 0.0 0.012104372 0.002995531 0.0 0.0020412412 0.0 0.046213936 0.0055532902 0.0 0.0
0.011162519 0.07327483 0.0 0.0 0.0024585994 0.0034854559 0.0 0.079100765 0.050742775 0.02059757 0.0 0.0 0.0 0.0 0.057110157 0.035309292 0.0 0.0 0.00538898 0.026763758 0.0 0.014670639 0.0 0.101809084 0.040565517 0.0 0.009595478 0.0 0.0 0.01388185 0.029912524 0.0 0.0 0.0 0.039283853 0.04779233 0.044275153 0.0 0.0 0.0 0.05143876 0.021508394 0.01719186 0.0 0.022313168 0.0 0.031187098 0.0028958002 0.0 0.0426647 0.011743983 0.03878633 0.0 0.026677322 0.00958119 0.0
0.113528736 0.0 0.006454623 0.03126618 0.016055085 0.0 0.0 0.0 0.0 0.0 0.023734782 0.0075884056 0.0024806252 0.0 0.0 0.0 0.003294285 0.0 0.0 0.017800633 0.013998791 0.0 0.0072778924 0.040565513 0.0 0.0 0.0 0.041859224 0.08388694 0.014756839 0.0 0.008727977 0.028665708 0.021829283 0.0302256 0.084630966 0.0099692745 0.0 0.0 0.0 0.0 0.0 0.015939172 0.029842934 0.04890813 0.0 0.0 0.0872651 0.034528825 0.036097676 0.0002753177 0.0 0.008879065 0.0 0.016762534 0.046129365
0.00417518 0.045254406 0.01631908 0.0 0.0693535 0.02059125 0.0 0.0058371727 0.026788943 0.045065966 0.045671422 0.00025720536 0.034305055 0.012349867 0.0794499 0.07062663 0.0 0.00881691 0.07544277 0.032711998 0.0 0.012024126 0.0 0.0 0.0 0.053863984 0.022260811 0.0771312 0.0 0.030488579 0.047627434 0.0 0.0 0.043471668 0.016108528 0.024674037 0.0042572855 0.0 0.027449563 0.0 0.01264956 0.0 0.0 0.0 0.0 0.0 0.0039286213 0.054245565 0.0 0.030759022 0.025682632 0.027885247 0.0 0.0 0.032709185 0.036944304
0.015685769 0.06570213 0.033797104 0.0 0.030261612 0.037783567 0.0 0.001044726 0.0 0.0053158263 0.0 0.01097658 0.0 0.027124094 0.09417767 0.0 0.043126572 0.011157976 0.01831961 0.002752708 0.028017895 0.0071455156 0.0 0.009595477 0.0 0.022260811 0.0 0.01573405 0.0 0.0 0.036844973 0.0 0.004414159 0.0 0.0 0.020878304 0.027358497 0.021532714 0.039299563 0.0 0.13752714 0.0 0.022836655 0.059628822 0.0 0.0 0.0 0.0 0.0 0.0 0.06732466 0.00981529 0.012557921 0.0053216745 0.0 0.0
0.0 0.015359353 0.08285292 0.0 0.006948065 0.051609952 0.0 0.028917823 0.0 0.016095664 0.0 0.030595234 0.030350177 0.056414753 0.030619588 0.008883293 0.0 0.020923244 0.075816184 0.03803845 0.0 0.06641364 0.0 0.0 0.04185923 0.0771312 0.015734052 0.0 0.046831034 0.039293244 0.0 0.0 0.014410245 0.044159863 0.0 0.032169558 0.0 0.0 0.0 0.021577045 0.007991005 0.007563377 0.005883833 0.01115195 0.021626981 0.0 0.0 0.011431858 0.0 0.004203487 0.011264877 0.028899092 0.0 0.0 0.014065104 0.055567108
0.024430186 0.0 0.045288704 0.0 0.0 0.035713974 0.0 0.0014033918 0.0 0.0 0.0 0.04536528 0.01071073 0.062267367 0.011831288 0.0052117915 0.0 0.0 0.0 0.030063828 0.022154426 0.021373589 0.0 0.0 0.08388693 0.0 0.0 0.046831034 0.097813606 0.019538607 0.0 0.0 0.0085014505 0.049199063 0.0 0.0 0.021963142 0.0 0.06979438 0.0 0.032647602 0.0 0.0 0.0 0.008124777 0.024506364 0.0 0.0 0.004731148 0.04412304 0.0 0.0 0.018793346 0.05905846 0.051625606 0.057740726
0.0017295969 0.0 0.0 0.040641636 0.04145977 0.022291407 0.012504575 0.0 0.0 0.0 0.0 0.04735272 0.0067909854 0.029319184 0.0006476816 0.0 0.051347353 0.011289651 0.0 0.04908451 0.02660154 0.011563209 0.023387864 0.01388185 0.014756838 0.030488579 0.0 0.039293244 0.019538606 0.021647492 0.022926915 0.0 0.00399836 0.04611093 0.04152767 0.010393307 0.010169865 0.015106947 0.0 0.022425735 0.027541168 0.0 0.015284815 0.0033016535 0.022984711 0.0 0.005546446 0.0 0.050257925 0.0 0.01344068 0.0 0.0 0.032102004 0.031816527 0.06917789
0.0637183 0.007370976 0.0 0.0 0.0 0.0 0.0 0.025607005 0.027270053 0.010940021 0.0 0.0 0.0 0.018939547 0.019306382 0.0 0.020926667 0.011860581 0.0048092264 0.0 0.0 0.0 0.032664694 0.029912522 0.0 0.047627438 0.036844973 0.0 0.0 0.022926915 0.0 0.0011496046 0.0 0.0 0.06556865 0.0060401186 0.05418189 0.0 0.0 0.065698326 0.0 0.046335902 0.05250744 0.01888204 0.06877199 0.0 0.0 0.0 0.0 0.0074267946 0.047025155 0.06677496 0.0 0.031185018 0.018073903 0.05259588
0.009433704 0.0 0.0 0.04284462 0.014625646 0.0 0.06628591 0.0 0.14433436 0.01540406 0.03557205 0.012590796 0.0 0.0 0.024261557 0.037809733 0.029136715 0.021487778 0.010715176 0.043987952 0.042329635 0.0 0.022734994 0.0 0.008727978 0.0 0.0 0.0 0.0 0.0 0.0011496044 0.0 0.0 0.0 0.0 0.012216199 0.05879542 0.07756778 0.0 0.020993726 0.0 0.0013031429 0.0 0.0 0.03491351 0.020068923 0.013131616 0.002810351 0.07608002 0.0 0.012580165 0.0 0.047066413 0.0 0.0 0.0
0.0 0.0 0.023141522 0.06536534 0.007569229 0.03581627 0.05974665 0.0 0.030405743 0.045464557 0.042524204 0.0 0.015277669 0.0 0.017412512 0.010171468 0.0057395725 0.0 0.008531274 0.0 0.08094507 0.026677573 0.0 0.0 0.028665707 0.0 0.0044141593 0.014410245 0.00850145 0.0039983606 0.0 0.0 0.0 0.038473763 0.0 0.0039635487 0.0 0.0093779545 0.035086844 0.03437992 0.0 0.0 0.023152359 0.0 0.0 0.031765178 0.0 0.0 0.0346524 0.016978763 0.067100115 0.0 0.030458873 0.0414388 0.0 0.0
0.0139117725 0.0 0.02046484 0.0 0.009408282 0.0 0.030533712 0.0 0.0 0.005751238 0.0 0.010772242 0.042422842 0.008794793 0.0 0.0 0.0 0.0 0.015890433 0.0 0.0 0.0 0.0 0.0 0.021829283 0.043471664 0.0 0.044159863 0.049199067 0.04611093 0.0 0.0 0.038473763 0.03994149 0.0 0.0 0.0 0.0 0.0459025 0.05195462 0.033978917 0.0 0.02730692 0.0 0.049436245 0.002726261 0.03872429 0.022693876 0.0 0.055141576 0.0 0.024727426 0.0 0.0 0.06892736 0.03460041
0.029489346 0.04553488 0.0 0.0 0.10420852 0.013245226 0.0 0.027313666 0.03574943 0.10286879 0.09409181 0.0140544055 0.0 0.013300112 0.027267246 0.0 0.0 0.077480376 0.060593523 0.016333882 0.0 0.038029578 0.0 0.039283853 0.030225597 0.016108528 0.0 0.0 0.0 0.04152767 0.06556865 0.0 0.0 0.0 0.022161882 0.0032216264 0.0 0.0 0.0 0.019406827 0.0 0.0 0.0 0.0042902525 0.023906793 0.009067592 0.010679104 0.0 0.0 0.0 0.055445522 0.0 0.0 0.0 0.0010038515 0.0
0.0 0.020254534 0.026415326 0.01431039 0.0 0.0011793051 0.0 0.012241342 0.0 0.0 0.0 0.013881733 0.045005966 0.008380489 0.025134454 0.028521633 0.07702626 0.0 0.0 0.0648001 0.0 0.012359466 0.0 0.04779233 0.084630966 0.024674037 0.020878302 0.032169558 0.0 0.010393307 0.006040118 0.012216199 0.003963548 0.0 0.0032216264 0.049437232 0.0 0.0512753 0.0365063 0.0463673 0.022285426 0.012460397 0.0 0.0 0.0451326 0.0114020975 0.020640414 0.028935166 0.0 0.0411133 0.0 0.0 0.003759135 0.016561905 0.0 0.0
0.052588705 0.058317613 0.0 0.0 0.019882407 0.038272135 0.0 0.015418944 0.049586292 0.03184276 0.06855655 0.018017104 0.0 0.0 0.012786148 0.0020411918 0.013575995 0.027885767 0.08812354 0.0 0.0 0.036959816 0.0 0.044275153 0.0099692745 0.0042572855 0.027358497 0.0 0.021963142 0.010169864 0.05418189 0.05879542 0.0 0.0 0.0 0.0 0.0 0.03708302 0.0 0.0039404817 0.0 0.013340859 0.014880455 0.0 0.0 0.0 0.07915558 0.0 0.0144110685 0.0 0.036316205 0.024970427 0.0 0.0 0.00069184246 0.008572517
0.024150826 0.0 0.004121487 0.018073041 0.0 0.0 0.0373302 0.06602165 0.0 0.0 0.0 0.0 0.0 0.043986816 0.0 0.0 0.056358904 0.0 0.0 0.0 0.06314486 0.004076624 0.07715191 0.0 0.0 0.0 0.021532714 0.0 0.0 0.015106947 0.0 0.07756778 0.0093779545 0.0 0.0 0.0512753 0.03708302 0.0 0.0 0.003489001 0.030020742 0.0172783 0.026496818 0.06406488 0.050402667 0.0 0.0 0.0149519155 0.008586731 0.0 0.008235947 0.011037545 0.03569111 0.0 0.0 0.03572938
0.019695168 0.0 0.025118917 0.0 0.0 0.0 0.04387921 0.0 0.0 0.0033244365 0.010237433 0.017855873 0.0 0.0121469665 0.0 0.0 0.011743718 0.0 0.0010725851 0.0 0.0005320275 0.03745557 0.013047484 0.0 0.0 0.027449563 0.039299563 0.0 0.06979437 0.0 0.0 0.0 0.035086848 0.045902498 0.0 0.0365063 0.0 0.0 0.0 0.063200675 0.0044644345 0.0 0.0290694 0.028421015 0.03679412 0.040969986 0.0 0.0075973105 0.0 0.07195034 0.0 0.0 0.015458634 0.08345554 0.0 0.017373025
0.014391329 0.013617231 0.021879232 0.0 0.003790273 0.04549727 0.0 0.0 0.0 0.018204939 0.05075907 0.0492394 0.043713298 0.0 0.03652445 0.011645908 0.0 0.046176773 0.02851809 0.014860885 0.0 0.009376668 0.0066229245 0.0 0.0 0.0 0.0 0.021577045 0.0 0.022425735 0.06569832 0.020993724 0.03437992 0.051954623 0.019406827 0.0463673 0.0039404817 0.003489001 0.063200675 0.017687622 0.0 0.0 0.0040827272 0.0 0.0 0.04133286 0.013956046 0.011933069 0.014856082 0.048559975 0.030072695 0.0 0.00125815 0.0 0.03354162 0.01276744
0.0 0.01229597 0.0 0.0 0.03419608 0.055877894 0.0 0.0 0.0399595 0.038170263 0.06888891 0.015759524 0.026263908 0.022090942 0.0 0.021434035 0.0 0.025448216 0.067958616 0.092177436 0.008403527 0.009763906 0.0 0.05143876 0.0 0.012649559 0.13752714 0.007991006 0.0326476 0.02754117 0.0 0.0 0.0 0.033978917 0.0 0.022285426 0.0 0.030020744 0.0044644345 0.0 0.0 0.015085618 0.0 0.0 0.0 0.023341803 0.07495848 0.037520714 0.0 0.0 0.0 0.009618221 0.03561354 0.02375394 0.016923845 0.0
0.0036731716 0.0 0.0 0.09653539 0.0 0.071882784 0.0016689855 0.031008847 0.021702738 0.0574929 0.064297654 0.008904369 0.017983295 0.0 0.009542929 0.029836936 0.0 0.049832378 0.01388799 0.124701984 0.03400151 0.007169538 0.0055581997 0.021508392 0.0 0.0 0.0 0.007563377 0.0 0.0 0.046335902 0.0013031428 0.0 0.0 0.0 0.012460397 0.013340858 0.0172783 0.0 0.0 0.015085618 0.037044775 0.024419155 0.0 0.031821586 0.021744464 0.0323205 0.0 0.053241026 0.0 0.036503423 0.0018782624 0.0 0.02114872 0.03068763 0.0
0.0021639443 0.02309173 0.0008509049 0.011804159 0.014701562 0.0 0.010841134 0.0 0.0042594727 0.0 0.0 0.0 0.027291803 0.009798978 0.0077899667 0.0 0.026049461 0.031924233 0.021770097 0.0 0.020983607 0.06018125 0.03197533 0.01719186 0.015939174 0.0 0.022836655 0.0058838334 0.0 0.015284816 0.05250744 0.0 0.023152359 0.027306922 0.0 0.0 0.014880455 0.026496816 0.029069398 0.0040827272 0.0 0.024419155 0.04191537 0.07194012 0.019784184 0.008223976 0.099568255 0.012936261 0.053338274 0.013308785 0.035920147 0.02305974 0.0 0.03143575 0.028588464 0.0
0.0 0.0026496705 0.00493551 0.022127321 0.037376825 0.0028159241 0.0 0.0 0.09017751 0.02048068 0.0304811 0.0 0.06268764 0.013692135 0.07278205 0.009927614 0.0 0.043437697 0.0060653933 0.014153605 0.0031237665 0.0 0.002527052 0.0 0.029842934 0.0 0.05962882 0.011151949 0.0 0.0033016533 0.01888204 0.0 0.0 0.0 0.0042902525 0.0 0.0 0.06406488 0.028421015 0.0 0.0 0.0 0.07194012 0.0 0.0011465994 0.0719903 0.04984192 0.02419575 0.08157655 0.0 0.0014990834 0.010068472 0.036710918 0.03287164 0.047681104 0.0
0.0 0.024634158 0.039795697 0.073467754 0.03252859 0.025293844 0.0 0.0315153 0.022264302 0.02400155 0.009912507 0.000623787 0.0 0.0 0.0176221 0.09992424 0.009149466 0.01324056 0.022425883 0.05439805 0.0 0.034745935 0.0 0.02231317 0.04890813 0.0 0.0 0.021626981 0.008124776 0.02298471 0.06877199 0.03491351 0.0 0.049436245 0.023906795 0.0451326 0.0 0.050402664 0.03679412 0.0 0.0 0.031821586 0.019784182 0.0011465994 0.0 0.0 5.837161e-05 0.0 0.0 0.0 0.007661963 0.0 0.015274263 0.014470217 0.0 0.013281367
0.06888293 0.0 0.02499904 0.0 0.0 0.029948262 0.044445276 0.0 0.037863366 0.0 0.0 0.0053346036 0.021450192 0.015036163 0.0036718836 0.0 0.046321314 0.0172364 0.037277047 0.0 0.010247969 0.0032355585 0.1231871 0.0 0.0 0.0 0.0 0.0 0.024506364 0.0 0.0 0.020068923 0.031765174 0.0027262608 0.009067592 0.0114020975 0.0 0.0 0.04096999 0.041332863 0.023341801 0.021744462 0.008223977 0.0719903 0.0 0.0 0.042847265 0.027077813 0.029793087 0.0 0.04172186 0.0 0.0 0.00984702 0.02304335 0.011453404
0.0 0.0038610941 0.012777954 0.048955712 0.0 0.0 0.0 0.017382799 0.0 0.0063401195 0.0 0.0 0.004103625 0.052356202 0.0044724992 0.0 0.03003821 0.013227929 0.005755331 0.0 0.009441033 0.0 0.0 0.031187097 0.0 0.0039286218 0.0 0.0 0.0 0.005546446 0.0 0.013131616 0.0 0.03872429 0.010679105 0.020640412 0.07915558 0.0 0.0 0.013956046 0.07495848 0.0323205 0.099568255 0.04984192 5.8371614e-05 0.04284727 0.019871298 0.0 0.041737087 0.0 0.016515628 0.0 0.051372416 0.03887302 0.0058806455 0.0
0.0 0.04952676 0.0 0.0 0.0 0.0013128386 0.0 0.0563664 0.0 0.01485301 0.036392305 0.016339883 0.0 0.07989258 0.02930955 0.018827079 0.009865039 0.016082931 0.02932628 0.0 0.0036513037 0.03677574 0.012104371 0.0028958002 0.087265104 0.05424557 0.0 0.011431858 0.0 0.0 0.0 0.0028103513 0.0 0.022693876 0.0 0.028935166 0.0 0.0149519155 0.0075973105 0.011933069 0.037520714 0.0 0.012936261 0.024195747 0.0 0.027077813 0.0 0.0 0.0 0.0 0.006222073 0.010635768 0.0 0.007455103 0.030586533 0.052404672
0.02366409 0.0 0.01597297 0.050044026 0.0 0.04473943 0.0 0.019690787 0.0 0.0 0.0 0.030792816 0.0 0.0 0.0 0.0 0.09085429 0.013888528 0.009367336 0.0027351824 0.027044557 0.008948881 0.0029955308 0.0 0.034528825 0.0 0.0 0.0 0.004731148 0.05025792 0.0 0.076080024 0.034652397 0.0 0.0 0.0 0.014411069 0.008586731 0.0 0.014856083 0.0 0.053241026 0.05333827 0.08157654 0.0 0.029793086 0.04173709 0.0 0.07185699 0.028178213 0.0007432051 0.0 0.05394481 0.004075402 0.016305348 0.025867537
0.0 0.0 0.0 0.016845725 0.020335795 0.07170939 0.0 0.0 0.0 0.0 0.043164205 0.016296377 0.065211594 0.0 0.0 0.0505104 0.002720301 0.11095334 0.01618436 0.0 0.0 0.019982371 0.0 0.042664703 0.036097676 0.030759022 0.0 0.004203487 0.04412304 0.0 0.0074267946 0.0 0.016978763 0.055141576 0.0 0.041113302 0.0 0.0 0.07195034 0.048559975 0.0 0.0 0.013308785 0.0 0.0 0.0 0.0 0.0 0.028178213 0.0 0.013015309 0.0 0.0 0.0 0.0 0.007815185
0.0 0.020240655 0.0 0.0 0.024454739 0.034706447 0.0 0.05396081 0.018370336 0.047851447 0.031033281 0.0047102445 0.0 0.0 0.0032480361 0.0 0.0 0.0 0.032353975 0.0 0.0 0.020429162 0.0020412412 0.011743983 0.0002753177 0.02568263 0.06732466 0.011264878 0.0 0.01344068 0.047025155 0.012580165 0.067100115 0.0 0.055445522 0.0 0.036316205 0.008235947 0.0 0.030072698 0.0 0.036503423 0.035920147 0.0014990834 0.007661963 0.04172186 0.016515628 0.0062220725 0.0007432051 0.013015309 0.13259116 0.029171767 0.0 0.006846834 0.0101647675 0.0
0.0 0.029497288 0.016033867 0.0 0.09396334 0.03374073 0.0 0.00950882 0.0 0.014791405 0.0 0.028484952 0.0 0.016026853 0.05880038 0.09412603 0.0 0.0050499435 0.060487926 0.04214911 0.018877264 0.059515163 0.0 0.03878633 0.0 0.027885249 0.00981529 0.028899092 0.0 0.0 0.06677496 0.0 0.0 0.024727426 0.0 0.0 0.024970427 0.011037544 0.0 0.0 0.009618221 0.0018782623 0.02305974 0.010068472 0.0 0.0 0.0 0.010635768 0.0 0.0 0.029171767 0.007401599 0.0 0.0 0.0888985 0.0013447854
0.0 0.0 0.0 0.018134285 0.0 0.0 0.06568428 0.0 0.016337816 0.0 0.019682702 0.02809238 0.00647163 0.0 0.0 0.026936026 0.060071934 0.0 0.0 0.026605563 0.10475196 0.008717216 0.046213936 0.0 0.008879064 0.0 0.012557921 0.0 0.018793348 0.0 0.0 0.047066413 0.030458871 0.0 0.0 0.003759135 0.0 0.03569111 0.015458635 0.00125815 0.03561354 0.0 0.0 0.036710918 0.015274262 0.0 0.051372416 0.0 0.053944807 0.0 0.0 0.0 0.13866809 0.008043012 0.0 0.015629629
0.0 0.0 0.01664922 0.0 0.005283116 0.0031300012 0.041107085 0.0 0.015930964 0.042362377 0.0 0.03105573 0.07824017 0.0 0.023702983 0.034030657 0.029657068 0.040382005 0.017795399 0.0010363263 0.010546057 0.062494148 0.0055532902 0.026677324 0.0 0.0 0.005321674 0.0 0.059058458 0.032102004 0.031185018 0.0 0.041438796 0.0 0.0 0.016561905 0.0 0.0 0.08345554 0.0 0.02375394 0.02114872 0.03143575 0.032871645 0.014470217 0.00984702 0.03887302 0.007455103 0.004075402 0.0 0.006846834 0.0 0.008043012 0.07246644 0.0340795 0.017665135
0.0 0.052235313 0.021677947 0.0 0.0 0.035112105 0.0 0.003970216 0.0 0.016702238 0.008987323 0.0 0.03245823 0.032509957 0.0034545783 0.024043765 0.0 0.02595457 0.049234748 0.033798456 0.0 0.08082716 0.0 0.00958119 0.016762534 0.03270919 0.0 0.014065104 0.05162561 0.03181653 0.018073902 0.0 0.0 0.06892736 0.0010038514 0.0 0.00069184246 0.0 0.0 0.03354162 0.016923845 0.030687632 0.028588468 0.0476811 0.0 0.02304335 0.0058806455 0.030586531 0.016305348 0.0 0.0101647675 0.0888985 0.0 0.034079503 0.045201275 0.007968125
0.0 0.0 0.10418891 0.0 0.02267679 0.03099306 0.0 0.0 0.0 0.03170129 0.02478241 0.057790775 0.0622436 0.0 0.023431184 0.11557589 0.0 0.044770934 0.04683724 0.0 0.0 0.034052543 0.0 0.0 0.046129365 0.036944304 0.0 0.055567104 0.05774073 0.06917789 0.05259588 0.0 0.0 0.034600407 0.0 0.0 0.008572517 0.035729382 0.017373025 0.01276744 0.0 0.0 0.0 0.0 0.013281367 0.011453404 0.0 0.052404676 0.025867539 0.007815185 0.0 0.0013447856 0.015629629 0.017665133 0.007968125 0.0
