0.0 0.054802988 0.005443337 0.011887916 0.0 0.04572184 0.08096534 0.0051287594 0.03762766 0.03565463 0.028362585 0.042849578 0.002141326 0.0 0.019750765 0.0057868115 0.0 0.05470031 0.0 0.0 0.02818066 0.0 0.0 0.0 0.025534704 0.014075582 0.011110015 0.0 0.005026849 0.10202477 0.0077977283 0.020543542 0.0093908645 0.006138055 0.0 0.00030686375 0.0 0.054094587 0.037518024 0.042895578 0.0 0.0469676 0.05494954 0.024859581 0.025948629 0.02110404 0.0 0.037124526 0.0 0.010811616 0.014931744 0.029394737 0.0 0.0 0.0 0.0018890244
0.054802988 0.0 0.0 0.01097292 0.0 0.024298178 0.002769268 0.030089242 0.0 0.0 0.0 0.0 0.027449423 0.0795437 0.0020323815 0.0021303848 0.0 0.009685141 0.006285799 0.0 0.016690627 0.0 0.0072480133 0.032542508 0.0008452065 0.00011661256 0.04071341 0.059507966 0.027525634 0.0 0.0019947384 0.0019156206 0.10369034 0.02205751 0.06944902 0.0 0.07235798 0.0 0.0 0.0 0.0018445833 0.0 0.06290178 0.0 0.0 0.0 0.03283956 0.009467238 0.002386266 0.0 0.027390983 0.0 0.0 0.0 0.042821206 0.03863017
0.0054433364 0.0 0.0 0.011664547 0.011856755 0.0 0.0 0.006393895 0.0 0.025803486 0.0 0.0 0.009776659 0.0035271787 0.0 0.03462871 0.0 0.0 0.0 0.0 0.00107785 0.01221039 0.051185228 0.036810968 0.0 0.0 0.0007181259 0.017022878 0.03426757 0.0 0.0065132263 0.0055695693 0.022134233 0.052626435 0.046713714 0.055695448 0.077718645 0.01156647 0.0 0.023672048 0.040091902 0.011527406 0.038040794 0.01518574 0.0 0.0 0.010801299 0.0 0.018075401 0.07346638 0.021036692 0.0 0.003408714 0.071948275 0.0024541437 0.076871224
0.011887916 0.01097292 0.011664548 0.0 0.0022151482 0.0 0.0 0.033023536 0.0 0.0 0.0 0.0 0.049189635 0.023222147 0.01640917 0.005984152 0.04051149 0.0080106305 0.0 0.0 0.0 0.013268737 0.0 0.0121534085 0.01773293 0.027016137 0.0 0.015693767 0.0 0.00022744072 0.020117717 0.046891563 0.09345666 0.0034842035 0.098782055 0.0 0.11642584 0.0061353124 0.052895833 0.0 0.0141494395 0.0 0.043018587 0.043838765 0.0073554656 0.0 0.0036593294 0.0 0.03353191 0.021721855 0.0 0.0 0.03833648 0.0031694495 0.015233256 0.028620973
0.0 0.0 0.011856756 0.0022151484 0.09357288 0.0 0.0 0.0022496444 0.034181792 0.0 0.0 0.00049880816 0.0 0.021789867 0.011330797 0.020578252 0.07695681 0.0 0.051915698 0.00600841 0.0 0.0014124454 0.0 0.073824614 0.0061717946 0.039549373 0.011817949 0.05173567 0.0 0.0 0.0 0.0149162505 0.047860146 0.0 0.065530606 0.028450066 0.0033085675 0.0 0.007222719 0.0120608555 0.009766645 0.042722013 0.049127616 0.0 0.0 0.013556574 0.030809028 0.0 0.04580718 0.011656651 0.0070008067 0.0 0.07791599 0.011275821 0.0 0.0
0.04572184 0.024298178 0.0 0.0 0.0 0.0 0.0 0.043202043 0.0035197125 0.022258699 0.015446568 0.0 0.058351338 0.011203887 0.0 0.06691048 0.0 0.006063759 0.0 0.0 0.0 0.040624715 0.020338552 0.061404325 0.0 0.022507811 0.007088399 0.026842471 0.016792595 0.0 0.0 0.009552302 0.026207607 0.006983522 0.04419984 0.040948108 0.040613174 0.0 0.0077109137 0.0011689162 0.00043361142 0.023524305 0.03037564 0.00017027656 0.009358759 0.0 0.021753276 0.0032999504 0.0064313426 0.022130277 0.07219247 0.003939511 0.017488042 0.03998853 0.049114447 0.0331006
0.08096534 0.002769268 0.0 0.0 0.0 0.0 0.0 0.084169686 0.0 0.0 0.0 0.001905682 0.055656433 0.074254125 0.006566469 0.0 0.03357643 0.0 0.03132303 0.0 0.0 0.00082596624 0.00957076 0.028283564 0.0 0.02224166 0.017067607 0.06170712 0.025556425 0.0 0.0 0.0 0.0 0.01867217 0.014950779 0.03996116 0.0 0.0 0.0 0.0129420515 0.0 0.011266405 0.0 0.020162111 0.061979327 0.028303122 0.023004096 3.6344634e-05 0.0 0.0 0.105812706 0.006924514 0.0 0.0109806005 0.012474894 0.025145737
0.00512876 0.030089239 0.006393895 0.033023536 0.0022496446 0.043202043 0.084169686 0.005449913 0.0 0.029209223 0.033826787 0.0610358 0.0 0.011652858 0.0 0.0 0.080363624 0.025818925 0.0 0.00978222 0.08385825 0.0 0.00038879056 0.0 0.0 0.023553357 0.06626887 0.0 0.008505884 0.049920022 0.058969453 0.0 0.016841862 0.0014549992 0.0055247936 0.0 0.021196168 0.050468218 0.061614364 0.023905823 0.0 0.0 0.0 0.032080084 0.045046292 0.0 0.043202847 0.03820634 0.0 0.020422496 0.0 0.0 0.0 0.0 0.0 0.029046861
0.037627663 0.0 0.0 0.0 0.034181796 0.0035197125 0.0 0.0 0.0 0.024305653 0.0 0.0101611 0.0 0.0 0.0 0.04208108 0.038797654 0.0 0.014681364 0.0 0.0 0.0 0.0 0.022605648 0.022992494 0.021030236 0.0 0.03140467 0.03802932 0.01837577 0.004995199 0.03892045 0.08686538 0.0 0.051184084 0.060178027 0.0 0.0 0.028453697 0.0024575721 0.0 0.06949476 0.060994595 0.08399948 0.0 0.06790722 0.02154534 0.022491569 0.0 0.026368234 0.0 0.032126747 0.021903124 0.0006425573 0.0013681117 0.065755315
0.03565463 0.0 0.025803486 0.0 0.0 0.0222587 0.0 0.029209223 0.024305651 0.0 0.0 0.0 0.0 0.014923233 0.0011744779 0.0 0.006162243 0.01299251 0.001999258 0.0 0.0 0.0 0.025573565 0.0 0.0 0.0066418448 0.0020965678 0.0021361597 0.0 0.0 0.0 0.0090433555 0.004724433 0.0 0.0 0.0057459725 0.026014691 0.0 0.009422654 0.043646302 0.070520796 0.015576698 0.042501956 0.0 0.03650929 0.0 0.008107683 0.106125265 0.0 0.0 0.0 0.1097155 0.005958692 0.0 0.05071839 0.008970313
0.028362587 0.0 0.0 0.0 0.0 0.015446569 0.0 0.03382679 0.0 0.0 0.0 0.0 0.0 0.030737922 0.047322325 0.0 0.06629632 0.03918178 0.0 0.0 0.0 0.0 0.0 0.0048476364 0.0 0.0059582694 0.0 0.0 0.0062396647 0.011694846 0.0 0.0 0.04401222 0.0038167797 0.027463943 0.039249856 0.0045874636 0.0 0.0 0.0902132 0.07112192 0.083197884 0.011147461 0.006134025 0.06376675 0.0 0.028612338 0.0 0.0 0.015474904 0.0 0.008392326 0.0 0.02371377 0.015029806 0.07852978
0.042849578 0.0 0.0 0.0 0.00049880816 0.0 0.0019056819 0.0610358 0.010161099 0.0 0.0 0.0 0.029277284 0.08086749 0.0 0.0073395367 0.018558126 0.0 0.0030630215 0.0 0.0 0.013969121 0.04935027 0.0 0.021427074 0.0 0.015179263 0.027886368 0.0035039268 0.002091487 0.0 0.044471193 0.018928865 0.07506504 0.052529547 0.0 0.017081939 0.0 0.007816678 0.023913318 0.06873038 0.0 0.021726126 0.042126548 0.040262163 0.0060911532 0.0065768645 0.0 0.061196424 0.0 0.0 0.0 0.009090843 0.06433191 0.0 0.06579997
0.002141326 0.027449425 0.009776659 0.04918963 0.0 0.058351338 0.05565643 0.0 0.0 0.0 0.0 0.029277286 0.0 0.0 0.0 0.04437242 0.03391864 0.03403991 0.02859755 0.008869584 0.034454286 0.053765476 0.0 0.0 0.043316875 0.0 0.0 0.0 0.0044238786 0.03970384 0.018821368 0.0075204545 0.0010409475 0.088323705 0.0009235626 0.0 0.043814708 0.0031202156 0.0068156957 0.014012697 0.0 0.008350759 0.025655305 0.023428902 0.009009986 0.026965363 0.028893389 0.02380793 0.013483393 0.062856644 0.0 0.0 0.048618615 0.0012837927 0.0 0.0019644063
0.0 0.079543695 0.003527179 0.023222147 0.021789867 0.011203888 0.074254125 0.011652858 0.0 0.014923234 0.030737922 0.08086749 0.0 0.0 0.054757603 0.0 0.008154218 0.055268366 0.0 0.0 0.0449444 0.05188425 0.02797442 0.020871842 0.010223799 0.036912426 0.026785677 0.0 0.08488598 0.015004804 0.0003172191 0.0 0.010500547 0.009952064 0.0 0.0 0.03602321 0.026680825 0.04878228 0.053320672 0.022351231 0.007532579 0.0 0.0 0.00024347503 0.0 0.0 0.033905234 0.0 0.0066357953 0.0 0.0 0.0 0.0 0.006095948 0.024899293
0.019750766 0.0020323815 0.0 0.01640917 0.011330797 0.0 0.0065664686 0.0 0.0 0.001174478 0.047322325 0.0 0.0 0.054757603 0.14645779 0.027822247 0.0 0.0 0.0 0.012255244 0.00083595735 0.06043547 0.0 0.026389664 0.008023225 0.0056159236 0.0 0.08754641 0.021669678 0.0 0.0 0.039525427 0.01760103 0.037014037 0.015830727 0.01627667 0.0 0.0 0.0043709353 0.0 0.010148219 0.0 0.03651624 0.011383528 0.0 0.0 0.0 0.0 0.0 0.0 0.03694408 0.0 0.0 0.07950087 0.020394048 0.025771055
0.0057868115 0.0021303848 0.03462871 0.005984152 0.020578252 0.06691048 0.0 0.0 0.04208108 0.0 0.0 0.007339537 0.044372417 0.0 0.027822247 0.0063435473 0.025228193 0.035655826 0.017942462 0.013547162 0.0 0.005662949 0.021619117 0.0 0.01627488 0.0 0.0 0.021773819 0.015266339 0.0 0.020107886 0.0148480395 0.03691192 0.007025276 0.019807752 0.0 0.059060197 0.06241429 0.0 0.0 0.0 0.011121179 0.05468848 0.01687218 0.027931277 0.01687153 0.010427746 0.03782363 0.012653943 0.0 0.013902103 0.0 0.005744575 0.0059573133 0.0 0.0
0.0 0.0 0.0 0.04051149 0.07695681 0.0 0.03357643 0.080363624 0.03879765 0.006162243 0.06629631 0.018558126 0.033918645 0.008154218 0.0 0.025228193 0.0 0.0 0.0 0.028793871 0.0 0.018497888 0.053235326 0.026148846 0.0 1.9727633e-05 0.0 0.05969357 0.035245545 0.0 0.0 0.0 0.007714182 0.024722049 0.0 0.076605834 0.031048283 0.0 0.0 0.0 0.036073998 0.0 7.3623734e-05 0.0 0.0 0.0 0.0 0.0 0.04721021 0.021314463 0.06713084 0.0 0.0044772225 0.01708868 0.033981815 0.0
0.054700308 0.009685141 0.0 0.0080106305 0.0 0.006063759 0.0 0.025818923 0.0 0.01299251 0.03918178 0.0 0.03403991 0.05526837 0.0 0.035655826 0.0 0.02434364 0.014110588 0.005123236 0.0 0.038507648 0.033130907 0.05792586 0.0 0.03692857 0.0 0.019104196 0.039164566 0.0 0.015200834 0.0 0.0 0.0024602967 0.07594953 0.008217792 0.006068014 0.0 0.0 0.00031787122 0.037159633 0.021132272 0.025055423 0.04812938 0.021201437 0.034295294 0.0 0.016732424 0.0 0.0 0.074007414 0.011029699 0.0 0.045006838 0.05672601 0.030370262
0.0 0.006285799 0.0 0.0 0.051915698 0.0 0.03132303 0.0 0.014681365 0.001999258 0.0 0.0030630215 0.028597552 0.0 0.0 0.017942464 0.0 0.014110588 0.041502353 0.036775555 0.0 0.03049118 0.010138611 0.0 0.018717041 0.0018299957 0.0 0.0 0.0 0.0 0.0 0.06939411 0.004068579 0.004097824 0.017884979 0.0119346 0.016906511 7.026453e-05 0.008934732 0.0 0.0 0.0 0.004518689 0.071883015 0.0 0.0516399 0.0 0.0 0.081719585 0.0 0.030706609 0.0 0.105155535 0.04680649 0.009302896 0.034530666
0.0 0.0 0.0 0.0 0.00600841 0.0 0.0 0.00978222 0.0 0.0 0.0 0.0 0.008869584 0.0 0.012255244 0.013547162 0.028793871 0.0051232358 0.036775555 0.036337838 0.0 0.033873703 0.0 0.0 0.023132531 0.0 0.032945026 0.0 0.028360814 0.027249094 0.0 0.0 0.026300251 0.046969872 0.023483949 0.0031060297 0.0 0.0 0.03352857 0.0 0.06965779 0.03445391 0.04707625 0.042131674 0.017750002 0.0 0.07606647 0.028454265 0.028752554 0.013443129 0.0 0.0 0.0059194416 0.0 0.0 0.07228546
0.02818066 0.016690627 0.0010778499 0.0 0.0 0.0 0.0 0.08385826 0.0 0.0 0.0 0.0 0.03445429 0.044944398 0.00083595735 0.0 0.0 0.0 0.0 0.0 0.0 0.08354314 0.0 0.010132515 0.0 0.0 0.0 0.003451486 0.038638417 0.0 0.0 0.017758746 0.046460826 0.01653655 0.054635294 0.0 0.0 0.019219872 0.0 0.0 0.0 0.0 0.0093305465 0.014395099 0.017684719 0.009134057 0.0 0.023493947 0.0 0.012960948 0.031639367 0.0025828993 0.02059696 0.040967967 0.06442915 0.09310311
0.0 0.0 0.01221039 0.013268737 0.0014124454 0.040624715 0.00082596624 0.0 0.0 0.0 0.0 0.01396912 0.053765476 0.051884245 0.06043547 0.005662949 0.01849789 0.038507648 0.03049118 0.033873703 0.08354314 0.0 0.03435952 0.0 0.022587124 0.03026857 0.017149024 0.016562082 0.041788034 0.06258464 0.005759312 0.0 0.01654113 0.03675796 0.0 0.0 0.019706039 0.0 0.018548515 0.0 0.013062916 0.0 0.0 0.03001858 0.021096988 0.004275161 0.043518715 0.0086637465 0.00545491 0.030096294 0.0 0.0 0.018295633 0.0 0.01862658 0.04921529
0.0 0.0072480137 0.051185228 0.0 0.0 0.020338552 0.00957076 0.0003887906 0.0 0.025573565 0.0 0.04935027 0.0 0.02797442 0.0 0.021619117 0.053235326 0.03313091 0.010138611 0.0 0.0 0.034359515 0.084822014 0.023251416 0.0 0.017711936 0.0 0.01630065 0.009999935 0.02472764 0.0 0.0 0.0 0.0054982873 0.0 0.08374263 0.0075503374 0.0 0.0049764807 0.047389552 0.050936285 0.053017482 0.024088461 0.012770342 0.040565178 0.0 0.014483599 0.014991466 0.0 0.06708175 0.0 0.0 0.0037353907 0.025750028 0.0 0.030334197
0.0 0.032542504 0.036810968 0.012153409 0.073824614 0.06140432 0.028283566 0.0 0.022605648 0.0 0.0048476364 0.0 0.0 0.020871842 0.026389664 0.0 0.026148848 0.05792586 0.0 0.0 0.010132514 0.0 0.023251416 0.0 0.037755102 0.026534539 0.032284997 0.0 0.0 0.021787535 0.0 0.02751411 0.0 0.0 0.0066227326 0.022239586 0.021563541 0.09974544 0.075141095 0.011541611 0.021708649 0.040505342 0.0 0.0 0.0 0.03813363 0.0 0.0044425884 0.0 0.00835502 0.0 0.040446796 0.0 0.0 0.03679518 0.0
0.025534706 0.0008452065 0.0 0.01773293 0.0061717946 0.0 0.0 0.0 0.022992494 0.0 0.0 0.021427076 0.043316875 0.010223799 0.008023225 0.01627488 0.0 0.0 0.018717041 0.023132531 0.0 0.022587124 0.0 0.037755102 0.0 0.007603297 0.0 0.0 0.0 0.0 0.0 0.018451277 0.056660805 0.008603633 0.0 0.024338482 0.0 0.0 0.0 0.0 0.0 0.0 0.095283344 0.029622812 0.0 0.034017712 0.0 0.0 0.0 0.0 0.07247036 0.0 0.064199045 0.052829444 0.030365083 0.029604357
0.014075581 0.00011661256 0.0 0.027016137 0.039549373 0.022507811 0.022241658 0.023553357 0.021030236 0.0066418443 0.0059582694 0.0 0.0 0.03691243 0.005615923 0.0 1.9727635e-05 0.03692857 0.0018299957 0.0 0.0 0.030268572 0.017711937 0.026534539 0.0076032975 0.022499338 0.032688085 0.015379945 0.0 0.0007595832 0.019185407 0.062289942 0.0 0.0042063775 0.0 0.0 0.026496677 0.07720762 0.0 0.10032406 0.029560614 0.0 0.009757885 0.0 0.0 0.0 0.0 0.062319368 0.0 0.025750395 0.0 0.026736923 0.0 0.05597115 0.047425255 0.017244952
0.011110015 0.04071341 0.00071812584 0.0 0.01181795 0.0070883986 0.01706761 0.06626887 0.0 0.0020965675 0.0 0.015179263 0.0 0.026785677 0.0 0.0 0.0 0.0 0.0 0.032945026 0.0 0.017149022 0.0 0.032284997 0.0 0.03268809 0.072924644 0.057188235 0.008478275 0.0060383836 0.0 0.0 0.0 0.017400412 0.0 0.0023778589 0.023485048 0.0 0.06598528 0.0013752099 0.023937522 0.044279773 0.0147004565 0.051196735 0.0 0.0062617455 0.0032954575 0.008630156 0.0 0.056950342 0.0 0.027935004 0.0 0.038343284 0.034669217 0.06251415
0.0 0.059507962 0.017022878 0.015693769 0.05173567 0.026842471 0.061707128 0.0 0.03140467 0.00213616 0.0 0.02788637 0.0 0.0 0.08754641 0.021773819 0.059693567 0.019104194 0.0 0.0 0.003451486 0.01656208 0.01630065 0.0 0.0 0.015379945 0.057188235 0.0 0.0 0.12672976 0.0 0.017247727 0.0 0.0 0.0 0.0 0.0 0.041111615 0.015526977 0.0 0.008842176 0.009503285 0.015927464 0.059159506 0.0 0.0502121 0.005701997 0.045622464 6.208565e-05 0.0 0.0015897066 0.0 0.0 0.0 0.0 0.0
0.0050268485 0.027525634 0.03426757 0.0 0.0 0.016792595 0.025556425 0.008505884 0.03802932 0.0 0.0062396647 0.0035039268 0.0044238786 0.084885985 0.021669678 0.015266339 0.035245545 0.039164566 0.0 0.028360814 0.03863842 0.041788038 0.009999935 0.0 0.0 0.0 0.008478275 0.0 0.0 0.04129737 0.11825974 0.0 0.0070430147 0.014855729 0.0 0.0 0.010461966 0.013016654 0.018228874 0.04286841 0.006924172 0.0 0.013914251 0.0 0.0 0.0 0.0051778597 0.0 0.022251384 0.010314952 0.0012257284 0.0 0.012248292 0.08219875 0.016859332 0.030174522
0.102024764 0.0 0.0 0.00022744072 0.0 0.0 0.0 0.049920026 0.01837577 0.0 0.011694845 0.002091487 0.03970384 0.015004804 0.0 0.0 0.0 0.0 0.0 0.027249094 0.0 0.06258464 0.02472764 0.021787537 0.0 0.0007595832 0.0060383836 0.12672974 0.041297365 0.0 0.056468185 0.0 0.010222845 0.0 0.031245772 0.032212842 0.046475664 0.00058461603 0.0 0.0010258147 0.008166514 0.0 0.022941776 0.0 0.022407206 0.013436559 0.0 0.0 0.0 0.0 0.08854707 0.0 0.0 0.05650937 0.0003803018 0.0
0.0077977288 0.0019947381 0.0065132263 0.020117717 0.0 0.0 0.0 0.05896945 0.0049951985 0.0 0.0 0.0 0.018821368 0.0003172191 0.0 0.020107884 0.0 0.015200834 0.0 0.0 0.0 0.005759312 0.0 0.0 0.0 0.019185409 0.0 0.0 0.11825975 0.056468185 0.0 0.0 0.018742835 0.006904824 0.0074857343 0.0 0.0 0.038228422 0.0 0.021374442 0.021865064 0.0 0.101643756 0.014822568 0.0060399924 0.02420858 0.0 0.0 0.0 0.07437642 0.003251408 0.0 0.042275034 0.0 0.0 0.030050084
0.020543542 0.0019156209 0.0055695693 0.046891563 0.014916251 0.009552302 0.0 0.0 0.038920455 0.0090433555 0.0 0.04447119 0.0075204545 0.0 0.039525427 0.0148480395 0.0 0.0 0.06939411 0.0 0.017758746 0.0 0.0 0.027514108 0.018451275 0.062289946 0.0 0.017247725 0.0 0.0 0.0 0.07602205 0.028266149 0.0 0.0039674346 0.0521737 0.014300471 0.0 0.0031557307 0.0 0.0 0.005974471 0.070942804 0.0 0.0 0.004335688 0.081047975 0.0 0.08625045 0.0 0.0027639847 0.0 0.10780127 0.0030533893 0.011063679 0.0
0.0093908645 0.10369033 0.022134235 0.093456656 0.047860146 0.02620761 0.0 0.01684186 0.08686538 0.004724433 0.04401222 0.018928865 0.0010409475 0.010500547 0.017601032 0.03691192 0.007714181 0.0 0.0040685795 0.02630025 0.046460826 0.01654113 0.0 0.0 0.056660805 0.0 0.0 0.0 0.007043015 0.010222845 0.018742837 0.02826615 0.03236888 0.030271726 0.0 0.0 0.0 0.05316889 0.00011137551 0.0 0.0 0.0 0.002846796 0.005173274 0.0 0.033102855 0.030527882 0.0 0.049977705 0.0 0.0029453116 0.0 0.052562576 0.012918705 0.0041554784 0.0
0.006138055 0.022057509 0.05262644 0.0034842035 0.0 0.0069835223 0.01867217 0.0014549993 0.0 0.0 0.00381678 0.07506504 0.088323705 0.009952064 0.037014037 0.007025276 0.024722049 0.0024602967 0.004097824 0.046969872 0.01653655 0.03675796 0.005498287 0.0 0.008603633 0.004206378 0.01740041 0.0 0.014855729 0.0 0.006904824 0.0 0.030271728 0.0 0.014434719 0.0 0.010094098 0.007311674 0.011717876 0.0 0.024731034 0.0 0.011071842 0.052067284 0.0 0.069572635 0.002280193 0.0 0.00064398657 0.0 0.0 0.0 0.064761385 0.009835075 0.025667677 0.029035354
0.0 0.06944902 0.046713714 0.09878205 0.065530606 0.044199836 0.014950779 0.005524793 0.05118408 0.0 0.02746394 0.05252955 0.0009235627 0.0 0.015830725 0.019807752 0.0 0.07594952 0.017884979 0.023483949 0.054635294 0.0 0.0 0.0066227326 0.0 0.0 0.0 0.0 0.0 0.031245774 0.007485734 0.0039674346 0.0 0.0144347185 0.0 0.02530776 0.02752506 0.04015499 0.013527378 0.02841169 0.0015513813 0.026382118 0.0019000139 0.0102555575 0.0 0.06626899 0.02311974 0.046463776 0.0 0.017580302 0.0 0.041937705 0.0 0.0 0.011478861 0.0
0.00030686375 0.0 0.055695448 0.0 0.028450064 0.040948104 0.039961163 0.0 0.060178027 0.0057459725 0.039249856 0.0 0.0 0.0 0.016276672 0.0 0.076605834 0.008217792 0.0119346 0.0031060297 0.0 0.0 0.083742626 0.022239586 0.024338482 0.0 0.0023778589 0.0 0.0 0.032212846 0.0 0.0521737 0.0 0.0 0.02530776 0.0 0.0 0.0 0.0180427 0.0036874486 0.005950715 0.0212821 0.047959007 0.025819099 0.00030301465 0.0130232675 0.0251471 0.017166683 0.0 0.03587092 0.01806816 0.04644296 0.0 0.0 0.026632398 0.0
0.0 0.07235798 0.077718645 0.11642584 0.0033085675 0.040613174 0.0 0.021196168 0.0 0.02601469 0.004587463 0.01708194 0.043814704 0.036023207 0.0 0.059060197 0.031048283 0.006068014 0.016906511 0.0 0.0 0.019706039 0.007550337 0.021563541 0.0 0.026496679 0.023485048 0.0 0.010461966 0.046475664 0.0 0.014300471 0.0 0.010094098 0.02752506 0.0 0.0 0.0 0.0 0.044245947 0.041008804 0.040950842 0.011269967 0.0010021788 0.03504875 0.01632757 1.8174742e-05 0.0075019957 0.0 0.009765748 0.032697327 0.008617125 0.0 0.022599552 0.03186502 0.021125153
0.054094583 0.0 0.01156647 0.0061353124 0.0 0.0 0.0 0.050468214 0.0 0.0 0.0 0.0 0.0031202156 0.026680825 0.0 0.062414285 0.0 0.0 7.026452e-05 0.0 0.01921987 0.0 0.0 0.09974544 0.0 0.07720762 0.0 0.041111615 0.013016654 0.00058461603 0.038228422 0.0 0.05316889 0.007311674 0.04015499 0.0 0.0 0.0 0.006116083 0.024111427 0.037633386 0.008563521 0.015560319 0.0 0.018106913 0.0 0.0 0.009776888 0.0102353785 0.0 0.04921638 0.036583822 0.0 0.021979004 0.118799046 0.028148182
0.03751802 0.0 0.0 0.052895837 0.007222719 0.007710914 0.0 0.06161436 0.028453697 0.009422654 0.0 0.007816678 0.006815696 0.048782285 0.004370935 0.0 0.0 0.0 0.008934731 0.03352857 0.0 0.018548515 0.0049764807 0.075141095 0.0 0.0 0.06598528 0.015526977 0.018228875 0.0 0.0 0.0031557307 0.000111375506 0.011717876 0.0135273775 0.0180427 0.0 0.0061160834 0.0 0.014271359 0.07576283 0.015604141 0.036620237 0.0018423247 0.01233979 0.032900434 0.017059514 0.008917223 0.0 0.070210636 0.09770199 0.023545695 0.023755597 0.052593835 0.045643304 0.022943854
0.042895578 0.0 0.023672046 0.0 0.0120608555 0.0011689162 0.012942051 0.023905823 0.0024575721 0.043646302 0.090213194 0.023913318 0.014012696 0.053320676 0.0 0.0 0.0 0.00031787125 0.0 0.0 0.0 0.0 0.047389552 0.01154161 0.0 0.10032406 0.0013752098 0.0 0.04286841 0.0010258147 0.021374444 0.0 0.0 0.0 0.028411688 0.0036874488 0.044245947 0.024111427 0.01427136 0.0 0.027353043 0.0037019467 0.0 0.0 0.064101234 0.015706714 0.0 0.08755979 0.0 0.0679902 0.011870881 0.04442384 0.0 0.0458792 0.015176694 0.020131698
0.0 0.0018445831 0.040091902 0.01414944 0.009766645 0.0004336114 0.0 0.0 0.0 0.0705208 0.07112192 0.06873038 0.0 0.022351231 0.010148219 0.0 0.036073998 0.037159633 0.0 0.06965778 0.0 0.013062915 0.050936285 0.021708649 0.0 0.029560616 0.023937522 0.008842177 0.0069241724 0.008166515 0.021865064 0.0 0.0 0.024731034 0.0015513813 0.0059507145 0.041008808 0.037633386 0.07576283 0.027353043 0.0 0.01250053 0.0 0.01729053 0.04459099 0.008587653 0.021730851 0.042772524 0.0020161679 0.022841489 0.0 0.025427205 0.0 8.029542e-05 0.04616564 0.020779135
0.0469676 0.0 0.011527406 0.0 0.042722013 0.023524305 0.011266405 0.0 0.06949476 0.015576698 0.083197884 0.0 0.008350759 0.007532579 0.0 0.011121178 0.0 0.021132272 0.0 0.03445391 0.0 0.0 0.053017486 0.040505342 0.0 0.0 0.044279777 0.009503286 0.0 0.0 0.0 0.005974471 0.0 0.0 0.02638212 0.0212821 0.040950842 0.008563521 0.015604142 0.003701947 0.01250053 0.0 0.0 0.018621663 0.02201087 0.028529612 0.0 0.0 0.05629505 0.0 0.06624825 0.00776705 0.019734034 0.014695481 0.0 0.0051812576
0.05494954 0.06290178 0.038040794 0.043018583 0.049127616 0.03037564 0.0 0.0 0.060994595 0.042501956 0.011147461 0.021726126 0.025655307 0.0 0.03651624 0.054688476 7.362373e-05 0.025055422 0.004518689 0.047076255 0.0093305465 0.0 0.02408846 0.0 0.095283344 0.009757885 0.014700456 0.015927462 0.013914251 0.022941776 0.10164375 0.070942804 0.002846796 0.011071842 0.0019000141 0.04795901 0.011269967 0.015560318 0.036620237 0.0 0.0 0.0 0.012643214 0.023956364 0.009543468 0.025895908 0.038516875 0.0014279735 0.0 0.0 0.006838856 0.0 0.00313673 0.0 0.00017042558 0.0
0.024859581 0.0 0.01518574 0.04383877 0.0 0.00017027657 0.020162111 0.032080084 0.08399948 0.0 0.006134025 0.042126548 0.023428902 0.0 0.011383528 0.01687218 0.0 0.04812938 0.071883015 0.04213167 0.014395099 0.030018577 0.012770341 0.0 0.02962281 0.0 0.051196735 0.059159506 0.0 0.0 0.014822568 0.0 0.0051732734 0.05206728 0.0102555575 0.025819099 0.0010021788 0.0 0.0018423247 0.0 0.01729053 0.018621663 0.023956364 0.0 0.0 0.0 0.0 0.042829063 0.01964962 0.0022791268 0.003692509 0.026743053 0.026837414 0.002697415 0.036186017 0.0
0.025948629 0.0 0.0 0.007355466 0.0 0.009358759 0.061979327 0.045046292 0.0 0.03650929 0.06376675 0.040262163 0.009009986 0.00024347505 0.0 0.027931279 0.0 0.021201437 0.0 0.017750004 0.01768472 0.021096986 0.040565178 0.0 0.0 0.0 0.0 0.0 0.0 0.022407204 0.0060399924 0.0 0.0 0.0 0.0 0.00030301465 0.03504875 0.018106913 0.01233979 0.064101234 0.04459099 0.02201087 0.009543468 0.0 0.11190168 0.0 0.0 0.037874147 0.0 0.021900345 0.02066734 0.034978557 0.011070455 0.0 0.017140055 0.0
0.02110404 0.0 0.0 0.0 0.013556574 0.0 0.028303124 0.0 0.06790722 0.0 0.0 0.0060911532 0.026965361 0.0 0.0 0.01687153 0.0 0.034295294 0.0516399 0.0 0.009134057 0.004275161 0.0 0.03813363 0.034017712 0.0 0.0062617455 0.0502121 0.0 0.013436559 0.02420858 0.0043356884 0.033102855 0.069572635 0.06626899 0.0130232675 0.01632757 0.0 0.032900434 0.015706714 0.008587653 0.02852961 0.025895908 0.0 0.0 0.056350462 0.04070345 0.0039381543 0.00980447 0.0 0.004542183 0.0 0.011720406 0.019871281 0.0 0.0
0.0 0.03283956 0.010801298 0.0036593296 0.030809028 0.021753276 0.023004098 0.043202844 0.02154534 0.008107682 0.028612338 0.0065768645 0.028893387 0.0 0.0 0.010427745 0.0 0.0 0.0 0.07606647 0.0 0.04351871 0.014483599 0.0 0.0 0.0 0.0032954575 0.005701997 0.0051778597 0.0 0.0 0.081047975 0.030527879 0.002280193 0.02311974 0.0251471 1.8174744e-05 0.0 0.017059514 0.0 0.021730851 0.0 0.03851688 0.0 0.0 0.04070345 0.0 0.0 0.05101415 0.0 0.047270786 0.0 0.06745736 0.04352166 0.0 0.0
0.03712453 0.009467239 0.0 0.0 0.0 0.0032999504 3.6344634e-05 0.03820634 0.022491569 0.106125265 0.0 0.0 0.02380793 0.033905234 0.0 0.037823625 0.0 0.016732424 0.0 0.028454266 0.023493947 0.008663746 0.014991465 0.004442589 0.0 0.062319364 0.008630156 0.045622464 0.0 0.0 0.0 0.0 0.0 0.0 0.046463773 0.017166683 0.007501996 0.009776888 0.008917223 0.0875598 0.042772524 0.0 0.0014279736 0.04282906 0.03787415 0.0039381543 0.0 0.0 0.0 0.0002664796 0.001230557 0.032358263 0.0 0.026214616 0.04855807 0.0172178
0.0 0.002386266 0.0180754 0.033531908 0.04580718 0.0064313426 0.0 0.0 0.0 0.0 0.0 0.06119642 0.013483393 0.0 0.0 0.012653943 0.04721021 0.0 0.081719585 0.028752552 0.0 0.0054549095 0.0 0.0 0.0 0.0 0.0 6.208565e-05 0.022251384 0.0 0.0 0.08625045 0.04997771 0.00064398657 0.0 0.0 0.0 0.0102353785 0.0 0.0 0.002016168 0.05629505 0.0 0.019649617 0.0 0.00980447 0.05101415 0.0 0.20559739 0.0 0.0 0.0 0.08051364 0.0 0.0 0.0
0.010811615 0.0 0.07346639 0.021721855 0.011656651 0.022130277 0.0 0.020422496 0.026368234 0.0 0.015474905 0.0 0.062856644 0.0066357953 0.0 0.0 0.021314465 0.0 0.0 0.013443129 0.012960947 0.030096294 0.06708175 0.00835502 0.0 0.025750395 0.056950342 0.0 0.010314953 0.0 0.07437642 0.0 0.0 0.0 0.017580302 0.035870925 0.009765748 0.0 0.070210636 0.0679902 0.022841489 0.0 0.0 0.0022791268 0.021900345 0.0 0.0 0.00026647962 0.0 0.025343252 0.016551055 0.09833578 0.0 0.0 0.0 0.034422413
0.014931743 0.027390983 0.021036692 0.0 0.0070008067 0.07219246 0.105812706 0.0 0.0 0.0 0.0 0.0 0.0 0.0 0.03694408 0.0139021035 0.06713084 0.074007414 0.030706607 0.0 0.031639367 0.0 0.0 0.0 0.07247035 0.0 0.0 0.0015897066 0.0012257284 0.08854707 0.003251408 0.002763985 0.0029453114 0.0 0.0 0.018068159 0.032697327 0.04921638 0.09770199 0.011870881 0.0 0.06624825 0.006838856 0.003692509 0.020667339 0.004542183 0.047270782 0.001230557 0.0 0.016551053 0.0 0.0 0.0010606217 0.012013311 0.0 0.0
0.029394737 0.0 0.0 0.0 0.0 0.0039395113 0.006924514 0.0 0.032126747 0.1097155 0.008392326 0.0 0.0 0.0 0.0 0.0 0.0 0.011029699 0.0 0.0 0.0025828993 0.0 0.0 0.0404468 0.0 0.026736923 0.027935004 0.0 0.0 0.0 0.0 0.0 0.0 0.0 0.04193771 0.046442956 0.008617125 0.036583822 0.023545695 0.04442384 0.025427207 0.0077670505 0.0 0.026743053 0.034978557 0.0 0.0 0.032358263 0.0 0.09833579 0.0 0.12826213 0.0 0.0 0.07024353 0.010442246
0.0 0.0 0.0034087142 0.03833648 0.07791599 0.017488042 0.0 0.0 0.021903124 0.005958692 0.0 0.009090843 0.04861862 0.0 0.0 0.005744575 0.0044772225 0.0 0.105155535 0.0059194416 0.02059696 0.018295633 0.0037353905 0.0 0.064199045 0.0 0.0 0.0 0.012248292 0.0 0.042275038 0.10780127 0.05256258 0.064761385 0.0 0.0 0.0 0.0 0.023755597 0.0 0.0 0.019734034 0.0031367298 0.026837414 0.0110704545 0.011720406 0.06745736 0.0 0.08051365 0.0 0.0010606217 0.0 0.07550534 0.0 0.0016059004 0.0
0.0 0.0 0.071948275 0.0031694497 0.011275821 0.03998853 0.0109806005 0.0 0.0006425573 0.0 0.023713771 0.06433191 0.0012837927 0.0 0.07950087 0.0059573133 0.017088681 0.045006838 0.04680649 0.0 0.04096797 0.0 0.025750028 0.0 0.052829444 0.05597115 0.038343284 0.0 0.08219875 0.056509368 0.0 0.0030533893 0.012918705 0.009835075 0.0 0.0 0.02259955 0.021979004 0.05259384 0.0458792 8.029542e-05 0.014695481 0.0 0.002697415 0.0 0.01987128 0.04352166 0.026214616 0.0 0.0 0.01201331 0.0 0.0 0.0 0.0 0.0
0.0 0.042821206 0.002454144 0.015233256 0.0 0.049114447 0.0124748945 0.0 0.0013681117 0.05071839 0.015029805 0.0 0.0 0.0060959486 0.020394048 0.0 0.033981815 0.05672601 0.009302896 0.0 0.06442915 0.018626578 0.0 0.03679518 0.030365083 0.047425255 0.034669217 0.0 0.016859332 0.0003803018 0.0 0.011063679 0.004155479 0.025667677 0.011478861 0.026632398 0.03186502 0.118799046 0.045643304 0.015176694 0.04616564 0.0 0.00017042557 0.036186017 0.017140055 0.0 0.0 0.04855807 0.0 0.0 0.0 0.07024353 0.0016059004 0.0 0.05902365 0.0
0.0018890244 0.03863017 0.07687122 0.028620973 0.0 0.033100598 0.025145736 0.02904686 0.065755315 0.008970313 0.07852978 0.06579997 0.0019644066 0.02489929 0.025771055 0.0 0.0 0.030370262 0.034530662 0.07228546 0.09310311 0.049215283 0.030334199 0.0 0.029604357 0.017244952 0.062514156 0.0 0.030174524 0.0 0.030050082 0.0 0.0 0.029035354 0.0 0.0 0.021125153 0.02814818 0.022943852 0.020131698 0.020779137 0.0051812576 0.0 0.0 0.0 0.0 0.0 0.017217802 0.0 0.034422413 0.0 0.010442247 0.0 0.0 0.0 0.0
