0.005800478 0.016247874 0.0 0.0047066156 0.008129259 0.095463164 0.02984518 0.026890468 0.06725097 0.049555693 0.049689937 0.0017614072 0.0 0.0050926264 0.010171113 0.0038084437 0.0 0.04629921 0.039792065 0.0 0.06455201 0.0044225757 0.024292426 0.030780338 0.0 0.0 0.06956299 0.0 0.013739443 0.013393725 0.0 0.0693876 0.04235637 0.021751028 0.0 0.0 0.018416252 0.1201453 0.0 0.0 0.0 0.03572287 0.0 0.0019416419 0.0014673205 0.038689975 0.035216145 0.01875824 0.04902121 0.0 0.003004756 0.0071196617 0.013397688 0.0 0.056930825 0.006032512
0.016247874 0.0 0.0023852936 0.0 0.0063938317 0.036420032 0.0 0.05055584 0.009057628 0.00919328 0.0 0.035760045 0.0 0.008208232 0.0 0.053226043 0.01429138 0.0 0.0 0.0 0.021063697 0.0 0.025283024 0.0 0.0074357037 0.0 0.030527666 0.06417067 0.018398574 0.031896353 0.06756919 0.010238531 0.008974096 0.008314671 0.016781328 0.10723593 0.0 0.0 0.016789045 0.0 0.0 0.0 0.0068434547 0.029133273 0.0 0.012989034 0.0 0.031511012 0.08089845 0.0 0.014806304 0.007515922 0.05599016 0.0 0.0 0.0
0.0 0.0023852938 0.0 0.10704155 0.02881425 0.015094662 0.05207218 0.0 1.2246566e-05 0.0 0.04336074 0.05626594 0.0 0.0 0.025207492 0.0022805394 0.03751174 0.03092248 0.01705653 0.06236815 0.0 0.015637161 0.0 0.0 0.052425984 0.0 0.0 0.0 0.0 0.06319578 0.0 0.012219889 0.0002255584 0.0 0.0 0.0 0.0 0.0 0.009104229 0.0 0.0 0.056027215 0.021307487 0.028252752 0.035001222 0.051444855 0.05094213 0.0012475041 0.0 8.901447e-05 0.0 0.0 0.053853072 0.0 0.0 0.0
0.0047066156 0.0 0.10704155 0.0 0.0 0.0 0.0 0.0 0.03641054 0.0 0.0 0.029322822 0.0 0.0 0.0 0.0621693 0.024324408 0.036153145 0.0 0.0 0.041304942 0.0 0.0 0.0 0.0 0.0 0.011117206 0.054345712 0.061323177 0.01628082 0.004601382 0.0 0.0 0.006098342 0.0 0.0 0.0 0.0 0.09494319 0.0 0.0 0.10671121 0.023481993 0.033495974 0.021186046 0.009734789 0.0033252526 0.0 0.0 0.027416114 0.0 0.005511567 0.05878102 0.040343206 0.0 0.0
0.008129259 0.0063938317 0.028814249 0.0 0.025669705 0.007691638 0.0011106 0.061336234 0.043319527 0.0 0.0075168847 0.026369303 0.001955371 0.0030542545 0.0 0.14361459 0.029423289 0.040541228 0.0065667466 0.0 0.037132435 0.0054928917 0.021670243 0.0033143186 0.014006749 0.0 0.0007928631 0.021948218 0.01859893 0.0 0.05843338 0.0 0.0 0.0 0.033848092 0.0047994484 0.012948815 0.0 0.034452368 0.01215494 0.0 0.0 0.04184995 0.059852146 0.0 0.018703502 0.01628799 0.0 0.0 0.0 0.0 0.009934072 0.0127507895 0.0 0.0 0.016794179
0.095463164 0.036420032 0.015094663 0.0 0.007691638 0.0 0.0 0.0 0.019410687 0.010899598 0.0 0.008304008 0.016311595 0.0 0.0 0.0 0.035626147 0.0 0.04711462 0.0076652435 0.041420758 0.0 0.0 0.001213529 0.0 0.0 0.030140188 0.009591317 0.0 0.0 0.09371394 0.0 0.010585795 0.0 0.06318014 0.052011 0.0 0.0214606 0.05122177 0.0 0.010803103 0.0 0.05821079 0.01596462 0.010546726 0.0 0.0 0.020545859 0.014855884 0.014192422 0.0 0.02032098 0.009912911 0.00056608097 0.0 0.043969303
0.02984518 0.0 0.05207218 0.0 0.0011106 0.0 0.0 0.02236052 0.01065172 0.0005747786 0.02526664 0.07111996 0.0045912554 0.00477911 0.0 0.0 0.038809903 0.0 0.037258923 0.0 0.036829144 0.01990314 0.0070107547 0.03769044 0.015803577 0.0 0.0 0.019924315 0.0 0.006577405 0.0 0.008325569 0.027794136 0.035682533 0.059818767 0.006037656 0.0 0.004648767 0.0057032537 0.0 0.04174042 0.021448784 0.0074528554 0.0 0.040355444 0.0061098128 0.032560904 0.0518717 0.003479003 0.0063925893 0.0 0.028659545 0.0 0.01901818 0.050221704 0.05136168
0.026890468 0.050555844 0.0 0.0 0.06133623 0.0 0.02236052 0.0 0.0176578 0.041241046 0.05855408 0.0 0.0 0.02245021 0.0 0.0 0.0 0.059417985 0.005766939 0.0 0.021774247 0.016792592 0.046712033 0.051950112 0.015951918 0.035237983 0.044855237 0.0 0.03501677 0.0 0.0 0.05987046 0.0061300723 0.051165335 0.0023168118 0.0009016238 0.070896156 0.06324271 0.0 0.0038009547 0.0 0.0141383 0.0 0.034220092 0.0 0.007622227 0.0 0.008426391 0.005097554 0.03806739 0.052217707 0.015710916 0.0 0.018178694 0.08535384 0.0
0.06725097 0.009057628 1.2246566e-05 0.03641054 0.043319527 0.019410687 0.01065172 0.0176578 0.07486884 0.0 0.08642076 0.0 0.0 0.0 0.0 0.0 0.023108851 0.088896506 0.008786648 0.013315921 0.025983691 0.0308176 0.056606054 0.024160339 0.0 0.0 0.028373927 0.0033771307 0.0 0.0 0.04428942 0.037858676 0.0 0.0 0.040359147 0.010439701 0.016293544 0.02379338 0.0 0.0077298856 0.028958617 0.0 0.0 0.058858283 0.01176826 0.0 0.0 0.0502597 0.0 0.000577264 0.029544141 0.0048766527 0.0 0.015291749 0.007339946 0.0
0.049555697 0.00919328 0.0 0.0 0.0 0.010899599 0.0005747786 0.041241042 0.0 0.0 0.0 0.013733964 0.03351036 0.06889377 0.008135708 0.0 0.032497026 0.003144581 0.0015185828 0.0 0.0 0.013300561 0.0 0.01578303 0.009261914 0.06492801 0.03312568 0.029125303 0.052770432 0.0 0.0 0.052028418 0.019869791 0.0 0.054480985 0.001911607 0.0 0.0 0.036528833 0.0 0.011078798 0.0208653 0.0 0.009370986 0.0290012 0.012279749 0.0 0.0 0.0 0.05600716 0.0017776256 0.06256965 0.0 0.051456273 0.0054810788 0.11557658
0.049689937 0.0 0.043360744 0.0 0.0075168847 0.0 0.025266642 0.058554083 0.08642076 0.0 0.019350825 0.016082382 0.0 0.0 0.0 0.02561081 0.0 0.0 0.0 0.0 0.0 0.0 0.045165937 0.0 0.0 0.0 0.0 0.06325297 0.0 0.0008402117 0.0 0.039265845 0.0 0.012485473 0.0612535 0.0 0.0056531597 0.0 0.023629524 0.0 0.0 0.0 0.013455223 0.022832477 0.042956255 0.022458801 0.0 0.0 0.0 0.0 0.016580008 0.0835372 0.0 0.049399488 0.0 0.03880856
0.0017614072 0.035760045 0.056265935 0.029322822 0.026369302 0.008304007 0.071119964 0.0 0.0 0.0137339635 0.01608238 0.029148096 0.026749948 0.0 0.02056967 0.038431983 0.04593211 0.0023152903 0.02072281 0.0 0.08317464 0.03982619 0.002542259 0.0 0.04237841 0.0 0.0 0.0 0.0 0.05064829 0.04681437 0.0 0.03592977 0.008585923 0.0 0.025279846 0.0 0.0 0.019746928 0.0 0.0123785585 0.009172482 0.020222982 0.0032736647 0.03661991 0.023215322 0.033254653 0.05355135 0.0 0.0 0.0 0.0 0.037400525 0.0 0.0 0.006536637
0.0 0.0 0.0 0.0 0.001955371 0.016311597 0.0045912554 0.0 0.0 0.03351036 0.0 0.026749948 0.0 0.0 0.0 0.0 0.036506042 0.009072726 0.000624859 0.022731466 0.039953463 0.07676975 0.028122699 0.004860824 0.042919032 0.01374505 0.008944054 0.0 0.06966838 0.06629923 0.008680438 0.003018016 0.0 0.03629214 0.0077751363 0.0 0.0 0.0 0.0 0.031570487 0.009122521 0.015042781 0.0 0.021971649 0.0 0.0 0.088505894 0.01033411 0.04434366 0.06747583 0.0 0.0 0.039006088 0.012060252 0.0 0.015798222
0.0050926264 0.008208232 0.0 0.0 0.0030542545 0.0 0.00477911 0.02245021 0.0 0.06889376 0.0 0.0 0.0 0.0 0.0 0.0 0.0016002166 0.0 0.035811078 0.0 0.015764333 0.029405447 0.03068894 0.06822982 0.0 0.04509191 0.00878362 0.0 0.015041446 0.0045738034 0.0 0.022640234 0.057400756 0.13658133 0.021438207 0.039878175 0.045619268 0.0 0.0028061126 0.08096898 0.01461248 0.0 0.0020036185 0.028539913 0.010974751 0.000851275 0.023565076 0.05498853 0.0 0.06769127 0.011261216 0.0 0.0 0.0 0.06091899 0.03485338
0.010171113 0.0 0.025207493 0.0 0.0 0.0 0.0 0.0 0.0 0.008135708 0.0 0.02056967 0.0 0.0 0.0 0.006454297 0.041358903 0.0 0.0070640086 0.011942889 0.0 0.0 0.0 0.006497478 0.04670394 0.0 0.0 0.0070816698 0.02191597 0.0 0.021921236 0.0 0.0 0.0 0.05155179 0.073886886 0.0003409873 0.0 0.004365601 0.0 0.0 0.005045932 0.0 0.046241175 0.0 0.0 0.0 0.0 0.0 0.0029327462 0.014824828 0.049330838 0.00016762243 0.016570622 0.0 0.13230138
0.0038084434 0.053226043 0.0022805396 0.0621693 0.14361458 0.0 0.0 0.0 0.0 0.0 0.02561081 0.03843198 0.0 0.0 0.006454297 0.053838544 0.0 0.046837337 0.05453014 0.026526941 0.062051777 0.0 0.027533038 0.035840943 0.012993529 0.0 0.0 0.0 0.013936316 0.0 0.037414804 0.07871643 0.024540182 0.0 0.005581623 0.09143135 0.0064603738 0.0 0.0 0.003811761 0.0 0.0024357263 0.006880238 0.0 0.0 0.0433155 0.014160715 0.0 0.0057913046 0.0 0.004587315 0.0 0.019656856 0.0 0.0 0.0
0.0 0.01429138 0.037511744 0.024324406 0.029423289 0.035626147 0.038809907 0.0 0.023108851 0.032497026 0.0 0.04593211 0.03650604 0.0016002165 0.041358903 0.0 0.1297854 0.023785695 0.06120149 0.018752689 0.02109399 0.0070485817 0.0023783378 0.0 0.025895253 0.0 0.0 0.004083465 0.0132483775 0.110347174 0.021697214 0.025511289 0.0 0.0069106366 0.0 0.012315571 0.0 0.0081326105 0.040306095 0.0 0.0 0.0 0.001440598 0.0035039275 0.050837114 0.012589507 0.0722348 0.0 0.085538104 0.0 0.0 0.0 0.0058196583 0.0 0.0 0.021165248
0.046299208 0.0 0.03092248 0.036153145 0.040541224 0.0 0.0 0.05941798 0.088896506 0.003144581 0.0 0.0023152903 0.009072726 0.0 0.0 0.046837337 0.023785697 0.0 0.0 0.020472331 0.0012844687 0.0 0.02765684 0.0 0.0 0.0 0.017815698 0.0 0.0 0.0 0.014290996 0.077187814 0.0 0.0 0.013099834 0.015900522 0.02474072 0.107750416 0.0048608813 0.0 0.0 0.0 0.041996025 0.0077491733 0.0033129097 0.019624596 0.0 0.0 0.04062895 0.0 0.017929599 0.08258978 0.0 0.0 0.0 0.007939133
0.039792065 0.0 0.017056528 0.0 0.006566746 0.04711462 0.037258923 0.005766939 0.0087866485 0.0015185828 0.0 0.020722808 0.00062485907 0.03581108 0.007064009 0.05453014 0.061201487 0.0 0.0 0.0 0.024309713 0.043688208 0.01821677 0.0 0.0 0.0 0.0 0.0024151334 0.009223797 0.0 0.031716846 0.0 0.0 0.0 0.026884183 0.060343128 0.0 0.0 0.0 0.016107963 0.026697032 0.0 0.10426178 0.09696738 0.0316212 0.0015073206 0.0 0.002477128 0.0 0.0 0.0 0.009954335 0.009986289 0.037278168 0.0 0.005632815
0.0 0.0 0.06236815 0.0 0.0 0.0076652435 0.0 0.0 0.013315922 0.0 0.0 0.0 0.022731466 0.0 0.011942888 0.026526941 0.01875269 0.020472331 0.0 0.0 0.0 0.0 0.0 0.0 0.0 0.0 0.0 0.042916037 0.052072182 0.0 0.0 0.0031334886 0.03660225 0.024184737 0.017350696 0.0 0.0 0.0 0.030928554 0.020650605 0.023425596 0.003065092 0.029684937 0.096801944 0.0 0.0026904808 0.0 0.0 0.018951042 0.08990421 0.0044968436 0.08640403 0.03337207 0.010089297 0.0 0.040813435
0.06455201 0.021063697 0.0 0.041304942 0.037132435 0.041420758 0.036829144 0.021774247 0.025983691 0.0 0.0 0.08317464 0.039953463 0.015764333 0.0 0.062051773 0.02109399 0.0012844687 0.024309715 0.0 0.0073387125 0.0 0.009468759 0.013620436 0.0 0.010714675 0.0 0.0255294 0.01071831 0.010952728 0.0 0.0 0.0 0.0 0.0035910313 0.0 0.016643552 0.0 0.038231347 0.0 0.0023441466 0.0139902765 0.0 0.078906156 0.006769693 0.0 0.032722075 0.0 0.0 0.030257247 0.0 0.0 0.034490883 0.009182814 0.0 0.0
0.0044225757 0.0 0.015637163 0.0 0.0054928917 0.0 0.01990314 0.016792592 0.030817602 0.013300561 0.0 0.03982619 0.07676975 0.029405449 0.0 0.0 0.0070485813 0.0 0.043688204 0.0 0.0 0.0 0.0 0.007195234 0.012231916 0.0 0.008600449 0.0062949564 0.0 0.03177545 0.0 0.0 0.020876894 0.0 0.07909237 0.020824188 0.016618816 0.005475854 0.0069620404 0.0 0.09879325 0.042947087 0.021023678 0.030390905 0.020959655 0.0 0.0 0.029469922 0.0 0.013952593 0.035585158 0.0 0.028393153 0.03418111 0.031186203 0.0
0.024292428 0.025283022 0.0 0.0 0.021670245 0.0 0.0070107547 0.046712033 0.05660605 0.0 0.045165937 0.002542259 0.028122699 0.030688941 0.0 0.02753304 0.0023783378 0.02765684 0.01821677 0.0 0.009468759 0.0 0.0 0.03252172 0.0 0.0009216707 0.027873905 0.02720525 0.06545921 0.01647687 0.0 0.0 0.05129677 0.020910403 0.0 0.0 0.036142748 0.015199539 0.029942619 0.040457137 0.0033248719 0.0 0.0 0.0 0.0 0.06042599 0.003649845 0.0 0.0071775694 0.010183119 0.02373405 0.036185972 0.05624177 0.04839318 0.0 0.0
0.030780338 0.0 0.0 0.0 0.0033143186 0.001213529 0.037690435 0.051950112 0.02416034 0.015783029 0.0 0.0 0.004860824 0.06822982 0.0064974786 0.035840943 0.0 0.0 0.0 0.0 0.013620436 0.007195234 0.03252172 0.14171152 0.012896386 0.010967833 0.024898145 0.018201651 0.010968562 0.0 0.0 0.010216833 0.0 0.033095308 0.012910086 0.0 0.025195064 0.01317653 0.016480045 0.08239614 0.0084354 0.0 0.0 0.030267809 0.012985269 0.0 0.0 0.018043386 0.0 0.036548585 0.049742717 0.064255595 0.0 0.015582929 0.06467903 0.04840754
0.0 0.0074357037 0.052425988 0.0 0.014006749 0.0 0.015803577 0.015951918 0.0 0.009261914 0.0 0.042378414 0.042919032 0.0 0.046703942 0.0129935285 0.025895253 0.0 0.0 0.0 0.0 0.012231915 0.0 0.012896386 0.022678073 0.057272166 0.0 0.07664715 0.009191366 0.015008713 0.0060922196 0.0 0.041680306 0.0 0.03595198 0.022080498 0.03348662 0.0 0.0 0.0 0.022570819 0.0610291 0.027648482 0.05382263 0.062489755 0.0 0.015653549 0.0 0.036721356 0.02341469 0.0 0.01581752 0.0 0.01862391 0.0 0.036608376
0.0 0.0 0.0 0.0 0.0 0.0 0.0 0.03523798 0.0 0.064928 0.0 0.0 0.01374505 0.045091912 0.0 0.0 0.0 0.0 0.0 0.0 0.010714675 0.0 0.00092167064 0.010967833 0.057272166 0.016449997 0.0028734873 0.017793138 0.03832776 0.020364344 0.0 0.01523404 0.02424776 0.099395506 0.0109718405 0.022137813 0.051234584 0.0 0.005471588 0.0 0.038389176 0.0 0.0 0.001113565 0.0 0.0 0.0 0.018871143 0.0015342464 0.025800195 0.048968885 0.024450235 0.0 0.032849353 0.052490853 0.07633532
0.06956299 0.030527668 0.0 0.011117205 0.0007928631 0.030140188 0.0 0.044855233 0.028373929 0.033125676 0.0 0.0 0.008944054 0.008783619 0.0 0.0 0.0 0.017815698 0.0 0.0 0.0 0.008600449 0.027873907 0.024898143 0.0 0.0028734875 0.030536255 0.0 0.056811586 0.0 0.0 0.0 0.014312664 0.009027331 0.054520767 0.017669 0.05176003 0.020087361 0.0026038017 0.0125217745 0.0 0.0 0.004536824 0.0088966135 0.005350985 0.0 0.0 0.03523365 0.0 0.009929186 0.045359306 0.023947066 0.0 0.051524427 0.0071027777 0.048122875
0.0 0.06417067 0.0 0.054345716 0.021948218 0.009591318 0.019924315 0.0 0.0033771307 0.029125305 0.06325297 0.0 0.0 0.0 0.0070816698 0.0 0.0040834653 0.0 0.0024151334 0.042916033 0.025529398 0.006294956 0.02720525 0.018201651 0.076647155 0.01779314 0.0 0.0 0.0134849055 0.0022056457 0.025958925 0.060725663 0.078968935 0.056741122 0.0 0.045317866 0.0 0.0 0.021308303 0.03336882 0.0 0.034078237 0.05602774 0.008912847 0.0 0.01869404 0.06882482 0.03523229 0.044632487 0.005913917 0.042172298 0.0 0.011686556 0.016888326 0.0 0.004532416
0.013739443 0.018398574 0.0 0.061323177 0.01859893 0.0 0.0 0.035016775 0.0 0.052770436 0.0 0.0 0.06966838 0.015041447 0.021915972 0.013936316 0.0132483775 0.0 0.009223796 0.05207218 0.01071831 0.0 0.06545921 0.010968562 0.009191366 0.038327757 0.056811586 0.0134849055 0.078625925 0.0 0.0 0.0 0.012078314 0.0 0.0 0.006059976 0.0 0.003517002 0.0 0.03934764 0.048982114 0.012648748 0.0 0.0 0.026119247 0.030006379 0.0 0.025906337 0.06855908 0.0 0.026398141 0.0005389512 0.0 0.045880657 0.053247795 0.028152607
0.013393725 0.031896353 0.06319578 0.016280819 0.0 0.0 0.0065774056 0.0 0.0 0.0 0.00084021164 0.05064829 0.06629923 0.0045738034 0.0 0.0 0.11034718 0.0 0.0 0.0 0.010952728 0.03177545 0.016476868 0.0 0.015008713 0.020364344 0.0 0.0022056457 0.0 0.0 0.0636199 0.001978922 0.0057606157 0.0 0.021893926 0.059884623 0.0 0.0 0.0010925636 0.0 0.005587763 0.08972602 0.07700595 0.03710037 0.0 0.018887404 0.0 0.0 0.0 0.0 0.035283376 0.0 0.033794884 0.0 0.0 0.0007578472
0.0 0.06756919 0.0 0.004601382 0.05843338 0.09371394 0.0 0.0 0.04428942 0.0 0.0 0.04681437 0.008680437 0.0 0.021921238 0.037414804 0.021697214 0.014290997 0.031716846 0.0 0.0 0.0 0.0 0.0 0.0060922196 0.0 0.0 0.025958924 0.0 0.0636199 0.08656135 0.03122095 0.0 0.0 0.0 0.0003134623 0.0 0.0 0.09018695 0.010281365 0.02823915 0.030138478 0.06901856 0.00446412 0.0 0.034376007 0.0 0.0 0.0 0.0 0.0 0.0 0.036188614 0.03355884 0.0 0.0
0.0693876 0.01023853 0.012219889 0.0 0.0 0.0 0.008325569 0.059870455 0.037858676 0.052028414 0.039265845 0.0 0.003018016 0.022640232 0.0 0.07871643 0.025511289 0.077187814 0.0 0.0031334886 0.0 0.0 0.0 0.010216833 0.0 0.015234042 0.0 0.060725663 0.0 0.001978922 0.031220948 0.0 0.0 0.0 0.03361484 0.01452505 0.0035109713 0.0004610787 0.03819163 0.0 0.0 0.0 0.03558695 0.028880417 0.019609297 0.021230347 0.0013410131 0.0 0.0 0.015212101 0.054051522 0.04869194 0.0 0.0011338368 0.0 0.021407856
0.04235637 0.008974096 0.0002255584 0.0 0.0 0.010585794 0.027794138 0.0061300723 0.0 0.019869791 0.0 0.035929773 0.0 0.057400756 0.0 0.024540182 0.0 0.0 0.0 0.036602255 0.0 0.020876894 0.05129677 0.0 0.041680306 0.024247758 0.014312664 0.07896893 0.012078314 0.0057606157 0.0 0.0 0.0 0.0 0.018024266 0.0 0.021154009 0.0 0.034932926 0.0053504966 0.04764713 0.0 0.0 0.029837802 0.039480496 0.0 0.005243112 0.0 0.0 0.010452096 0.08097005 0.045440625 0.004615891 0.044119604 0.034716133 0.01366922
0.021751028 0.008314672 0.0 0.006098342 0.0 0.0 0.035682533 0.051165335 0.0 0.0 0.012485473 0.008585923 0.03629214 0.13658133 0.0 0.0 0.0069106366 0.0 0.0 0.024184735 0.0 0.0 0.020910403 0.033095308 0.0 0.09939551 0.009027331 0.056741126 0.0 0.0 0.0 0.0 0.0 0.0 0.053105116 0.0399768 0.0 0.0 0.0 0.0 0.08006565 0.0 0.0 0.0 0.028606232 0.0 0.0 0.0 0.0 0.0 0.0053253626 0.013352087 0.01708043 0.03236582 0.124319464 0.051658466
0.0 0.016781326 0.0 0.0 0.033848092 0.06318013 0.05981877 0.0023168118 0.040359147 0.05448099 0.0612535 0.0 0.0077751363 0.021438207 0.051551785 0.005581623 0.0 0.013099834 0.026884183 0.017350696 0.0035910313 0.07909237 0.0 0.012910086 0.03595198 0.010971841 0.054520767 0.0 0.0 0.021893926 0.0 0.03361484 0.018024266 0.053105116 0.027751807 0.0 0.028725374 0.07982815 0.0 0.02085565 0.0013328479 0.0046074414 0.0 0.0 0.016093891 0.0 0.053480618 0.037578356 0.017413737 0.0 0.018890582 0.0042495583 0.0 0.002697484 0.055478927 0.0
0.0 0.10723594 0.0 0.0 0.0047994484 0.052011 0.0060376558 0.00090162386 0.010439701 0.0019116069 0.0 0.025279846 0.0 0.039878175 0.07388689 0.09143134 0.012315571 0.015900522 0.060343128 0.0 0.0 0.020824188 0.0 0.0 0.0220805 0.022137813 0.017669 0.045317866 0.006059976 0.059884626 0.0003134623 0.014525049 0.0 0.0399768 0.0 0.0 0.0 0.003173839 0.009871339 0.0 0.025576081 0.0 0.018302757 0.008846852 0.0 0.0 0.025375959 0.036358707 0.017211284 0.0170933 0.0045537036 0.0 0.07885616 0.013811631 0.0 0.0
0.01841625 0.0 0.0 0.0 0.012948815 0.0 0.0 0.070896156 0.016293546 0.0 0.0056531597 0.0 0.0 0.045619268 0.00034098732 0.0064603738 0.0 0.024740722 0.0 0.0 0.016643554 0.016618816 0.036142748 0.025195064 0.03348662 0.051234584 0.05176003 0.0 0.0 0.0 0.0 0.0035109713 0.021154009 0.0 0.02872537 0.0 0.035983235 0.008060996 0.07246369 0.039540328 0.032358814 0.04102281 0.018401865 0.0 0.015885478 0.06142203 0.0289774 0.04214018 0.0 0.006997423 0.052141085 0.009870439 0.03655349 0.08826745 0.018917387 0.017945979
0.1201453 0.0 0.0 0.0 0.0 0.0214606 0.004648767 0.06324271 0.02379338 0.0 0.0 0.0 0.0 0.0 0.0 0.0 0.0081326105 0.107750416 0.0 0.0 0.0 0.005475854 0.015199541 0.013176529 0.0 0.0 0.020087361 0.0 0.0035170023 0.0 0.0 0.0004610787 0.0 0.0 0.07982816 0.0031738393 0.008060996 0.0 0.029330485 0.005382283 0.050773483 0.0 0.042232264 0.0 0.032119196 0.043960646 0.0 0.0 0.0 0.04986679 0.036141198 0.06798908 0.009040823 0.05571337 0.0 0.00031837923
0.0 0.016789045 0.009104229 0.09494319 0.034452368 0.051221766 0.0057032537 0.0 0.0 0.036528833 0.023629524 0.01974693 0.0 0.0028061126 0.0043656016 0.0 0.0403061 0.0048608813 0.0 0.030928554 0.038231343 0.00696204 0.029942617 0.016480045 0.0 0.005471588 0.0026038014 0.021308303 0.0 0.0010925636 0.09018696 0.038191628 0.034932926 0.0 0.0 0.009871339 0.072463684 0.029330485 0.0 0.0 0.040935494 0.0047957157 0.036842994 0.0 0.0415825 0.03235317 0.014287954 0.0 0.0067849206 0.0 0.003589468 0.014491648 0.010482446 0.024804082 0.0 0.0041417
0.0 0.0 0.0 0.0 0.01215494 0.0 0.0 0.0038009547 0.0077298856 0.0 0.0 0.0 0.03157049 0.08096898 0.0 0.0038117613 0.0 0.0 0.016107963 0.020650605 0.0 0.0 0.040457137 0.08239614 0.0 0.0 0.0125217745 0.03336882 0.03934764 0.0 0.010281365 0.0 0.0053504966 0.0 0.02085565 0.0 0.03954033 0.005382283 0.0 0.06034935 0.074116044 0.0 0.0 0.0 0.007098836 0.032286394 0.0 0.06309022 0.0 0.0075013596 0.059340496 0.042182058 0.0 0.009538096 0.034804597 0.0059819072
0.0 0.0 0.0 0.0 0.0 0.010803104 0.04174042 0.0 0.028958615 0.011078798 0.0 0.012378558 0.009122521 0.014612479 0.0 0.0 0.0 0.0 0.02669703 0.023425598 0.0023441468 0.09879325 0.003324872 0.008435399 0.022570819 0.03838918 0.0 0.0 0.048982114 0.005587763 0.02823915 0.0 0.047647126 0.08006565 0.0013328479 0.025576081 0.032358814 0.050773483 0.040935494 0.074116044 0.0 0.0019681642 0.0 0.0010646723 0.009306411 0.0 0.010863311 0.0 0.061495475 0.057461407 0.002330856 0.0 0.056922797 0.021069745 0.0 0.06655365
0.03572287 0.0 0.05602721 0.10671121 0.0 0.0 0.021448784 0.014138299 0.0 0.0208653 0.0 0.0091724815 0.015042782 0.0 0.005045932 0.0024357263 0.0 0.0 0.0 0.003065092 0.0139902765 0.042947084 0.0 0.0 0.0610291 0.0 0.0 0.034078237 0.012648747 0.08972603 0.030138478 0.0 0.0 0.0 0.0046074414 0.0 0.041022815 0.0 0.0047957157 0.0 0.0019681642 0.015379397 0.036047343 0.0034970639 0.09849414 0.0 0.053752564 0.0 0.005494286 0.013697511 0.0016857316 0.03132523 0.020880507 0.0054754596 0.0 0.025607081
0.0 0.0068434547 0.021307489 0.023481995 0.04184995 0.05821079 0.007452856 0.0 0.0 0.0 0.013455223 0.020222984 0.0 0.0020036187 0.0 0.0068802377 0.001440598 0.041996025 0.10426178 0.029684935 0.0 0.021023678 0.0 0.0 0.02764848 0.0 0.004536824 0.05602774 0.0 0.07700595 0.06901856 0.03558695 0.0 0.0 0.0 0.018302757 0.018401863 0.042232264 0.036842994 0.0 0.0 0.036047343 0.011679747 0.037736688 0.0035645205 0.03352583 0.014609969 0.00053881994 0.041073333 0.0 0.018111227 0.0 0.027248155 0.02006339 0.0 0.0
0.0019416419 0.029133273 0.028252752 0.033495978 0.05985215 0.01596462 0.0 0.034220092 0.058858283 0.009370986 0.022832477 0.0032736645 0.021971649 0.028539913 0.046241175 0.0 0.0035039275 0.007749174 0.09696738 0.096801944 0.07890616 0.030390907 0.0 0.030267807 0.053822633 0.001113565 0.0088966135 0.008912847 0.0 0.037100367 0.00446412 0.02888042 0.0298378 0.0 0.0 0.008846852 0.0 0.0 0.0 0.0 0.0010646723 0.003497064 0.037736684 0.0 0.015988573 0.0008799163 0.11157746 0.04715043 0.037785448 0.0 0.0 0.0029480373 0.0 0.0 0.0 0.0
0.0014673205 0.0 0.035001222 0.021186046 0.0 0.010546726 0.04035544 0.0 0.01176826 0.0290012 0.04295626 0.03661991 0.0 0.010974751 0.0 0.0 0.050837114 0.00331291 0.0316212 0.0 0.006769693 0.020959655 0.0 0.012985269 0.06248975 0.0 0.005350985 0.0 0.026119245 0.0 0.0 0.019609299 0.039480496 0.02860623 0.016093891 0.0 0.015885478 0.032119196 0.041582495 0.0070988364 0.009306412 0.09849414 0.0035645203 0.015988573 0.058340833 0.0 0.014180286 0.002288107 0.06502263 0.02525039 0.015650913 0.018837878 0.033554655 0.006823191 0.0 0.033637658
0.03868998 0.012989034 0.05144486 0.00973479 0.018703504 0.0 0.0061098128 0.007622227 0.0 0.012279749 0.022458803 0.023215322 0.0 0.000851275 0.0 0.0433155 0.012589507 0.019624596 0.0015073206 0.002690481 0.0 0.0 0.06042599 0.0 0.0 0.0 0.0 0.01869404 0.030006379 0.018887404 0.034376003 0.021230347 0.0 0.0 0.0 0.0 0.06142203 0.043960646 0.03235317 0.032286394 0.0 0.0 0.033525832 0.0008799163 0.0 0.078701265 0.0 0.013718609 0.0 0.0 0.0110844225 0.04553212 0.041878223 0.0 0.0 0.0
0.035216145 0.0 0.05094213 0.0033252526 0.016287992 0.0 0.032560904 0.0 0.0 0.0 0.0 0.033254653 0.088505894 0.023565074 0.0 0.014160716 0.0722348 0.0 0.0 0.0 0.03272208 0.0 0.003649845 0.0 0.015653549 0.0 0.0 0.06882482 0.0 0.0 0.0 0.0013410132 0.005243112 0.0 0.053480618 0.025375957 0.0289774 0.0 0.014287954 0.0 0.010863311 0.053752564 0.01460997 0.11157746 0.014180287 0.0 0.0015308568 0.0 0.0 0.07907702 0.0 0.0026384017 0.03682122 0.029216476 0.0029029818 0.0
0.018758241 0.031511012 0.0012475041 0.0 0.0 0.020545859 0.051871695 0.008426391 0.0502597 0.0 0.0 0.05355135 0.01033411 0.054988526 0.0 0.0 0.0 0.0 0.0024771283 0.0 0.0 0.02946992 0.0 0.018043386 0.0 0.018871143 0.03523365 0.03523229 0.025906337 0.0 0.0 0.0 0.0 0.0 0.037578356 0.03635871 0.04214018 0.0 0.0 0.06309023 0.0 0.0 0.00053881994 0.04715043 0.002288107 0.01371861 0.0 0.0 0.0 0.06579218 0.006874121 0.05200904 0.0 0.010025063 0.010894096 0.04599817
0.04902121 0.08089845 0.0 0.0 0.0 0.014855884 0.003479003 0.005097554 0.0 0.0 0.0 0.0 0.04434366 0.0 0.0 0.0057913046 0.085538104 0.04062895 0.0 0.018951043 0.0 0.0 0.00717757 0.0 0.03672136 0.0015342464 0.0 0.044632487 0.06855907 0.0 0.0 0.0 0.0 0.0 0.01741374 0.017211286 0.0 0.0 0.006784921 0.0 0.061495475 0.005494286 0.04107333 0.037785448 0.06502264 0.0 0.0 0.0 0.0 0.053130478 0.0 0.052222513 0.0067779617 0.04074242 0.0 0.011625687
0.0 0.0 8.901447e-05 0.027416114 0.0 0.014192421 0.0063925893 0.038067386 0.000577264 0.05600716 0.0 0.0 0.06747583 0.06769126 0.002932746 0.0 0.0 0.0 0.0 0.08990421 0.030257246 0.013952593 0.01018312 0.036548585 0.023414688 0.025800195 0.009929185 0.0059139174 0.0 0.0 0.0 0.0152121 0.010452096 0.0 0.0 0.0170933 0.006997423 0.049866796 0.0 0.0075013596 0.057461407 0.013697511 0.0 0.0 0.02525039 0.0 0.07907701 0.06579219 0.053130478 0.0 0.041490212 0.0 0.009921174 0.0 0.008903568 0.0
0.0030047558 0.014806304 0.0 0.0 0.0 0.0 0.0 0.05221771 0.029544141 0.0017776255 0.016580008 0.0 0.0 0.011261216 0.014824828 0.004587315 0.0 0.017929599 0.0 0.004496843 0.0 0.035585158 0.023734052 0.049742717 0.0 0.048968885 0.045359306 0.042172298 0.02639814 0.03528338 0.0 0.054051522 0.08097004 0.0053253626 0.018890584 0.0045537036 0.052141085 0.036141194 0.0035894678 0.059340492 0.002330856 0.0016857316 0.018111227 0.0 0.015650915 0.011084423 0.0 0.006874121 0.0 0.041490212 0.0 0.046674248 0.03758398 0.0 0.04051807 0.0
0.0071196617 0.0075159227 0.0 0.005511567 0.009934071 0.02032098 0.028659543 0.015710918 0.0048766527 0.062569655 0.0835372 0.0 0.0 0.0 0.049330834 0.0 0.0 0.08258979 0.009954335 0.08640404 0.0 0.0 0.036185972 0.064255595 0.01581752 0.024450235 0.023947068 0.0 0.0005389512 0.0 0.0 0.048691943 0.04544062 0.013352086 0.0042495583 0.0 0.009870439 0.06798909 0.014491648 0.042182058 0.0 0.031325232 0.0 0.002948037 0.018837877 0.04553212 0.0026384015 0.05200904 0.05222251 0.0 0.046674248 0.0 0.000954187 0.0 0.007695147 0.0
0.013397689 0.05599016 0.053853072 0.058781024 0.01275079 0.009912911 0.0 0.0 0.0 0.0 0.0 0.037400525 0.039006088 0.0 0.00016762243 0.019656857 0.0058196583 0.0 0.009986289 0.03337207 0.034490887 0.028393155 0.056241766 0.0 0.0 0.0 0.0 0.011686556 0.0 0.033794884 0.036188614 0.0 0.004615891 0.01708043 0.0 0.07885616 0.03655349 0.009040824 0.010482446 0.0 0.0569228 0.020880507 0.027248155 0.0 0.033554655 0.04187822 0.03682122 0.0 0.0067779617 0.009921174 0.037583984 0.00095418695 0.0 0.0 0.006510285 0.0
0.0 0.0 0.0 0.040343206 0.0 0.00056608097 0.01901818 0.018178696 0.015291749 0.051456276 0.049399488 0.0 0.012060252 0.0 0.016570622 0.0 0.0 0.0 0.037278168 0.010089297 0.009182814 0.03418111 0.04839318 0.01558293 0.01862391 0.032849353 0.051524423 0.016888324 0.045880653 0.0 0.03355884 0.0011338367 0.0441196 0.03236582 0.002697484 0.013811632 0.08826745 0.055713367 0.024804082 0.009538096 0.021069745 0.0054754596 0.020063391 0.0 0.0068231905 0.0 0.029216478 0.0100250635 0.04074242 0.0 0.0 0.0 0.0 0.03283273 0.0 0.0
0.056930825 0.0 0.0 0.0 0.0 0.0 0.050221704 0.085353844 0.007339946 0.0054810788 0.0 0.0 0.0 0.060918994 0.0 0.0 0.0 0.0 0.0 0.0 0.0 0.0311862 0.0 0.06467903 0.0 0.052490853 0.007102778 0.0 0.053247795 0.0 0.0 0.0 0.034716133 0.124319464 0.055478923 0.0 0.018917385 0.0 0.0 0.034804594 0.0 0.0 0.0 0.0 0.0 0.0 0.0029029818 0.0108940955 0.0 0.008903568 0.040518075 0.0076951473 0.0065102847 0.0 0.00886772 0.09222959
0.006032512 0.0 0.0 0.0 0.016794179 0.043969303 0.05136168 0.0 0.0 0.11557658 0.03880856 0.006536637 0.01579822 0.03485338 0.13230138 0.0 0.02116525 0.007939132 0.005632815 0.040813435 0.0 0.0 0.0 0.048407536 0.03660838 0.07633532 0.048122875 0.004532416 0.02815261 0.0007578472 0.0 0.021407856 0.01366922 0.051658463 0.0 0.0 0.01794598 0.0003183792 0.0041417 0.0059819072 0.06655365 0.025607083 0.0 0.0 0.033637658 0.0 0.0 0.04599817 0.011625687 0.0 0.0 0.0 0.0 0.0 0.09222959 0.012266659
