0.0 0.010865998 0.08743575 0.0638101 0.03821459 0.025186924 0.009683533 0.0 0.035553657 0.0 0.0 0.006979532 0.0 0.0 0.0 0.0 0.06174795 0.00043747548 0.044493362 0.0 0.10597877 0.006120979 0.040002283 0.047520246 0.11689608 0.0007817168 0.012228848 0.018194938 0.0 0.0 0.029727004 0.04760235 0.022263797 0.0 0.0 0.0 0.01336076 0.02553784 0.012403579 0.0 0.0 0.042244278 0.029235037 0.0057814205 0.0 0.014519197 0.05948131 0.0 0.0 0.038618904 0.0 0.0 0.122852474 0.0059638675 0.0010851863 0.0
0.010865999 0.0 0.0 0.0 0.0 0.0006624789 0.035389706 0.042318232 0.0066238875 0.0 0.024186565 0.0 0.084340855 0.07548192 0.0 0.0 0.034789808 0.055056587 0.023090962 0.0 0.0 0.0 0.040142942 0.04171844 0.020447059 0.0678496 0.027073896 0.018212168 0.048929524 0.0 0.030039864 0.0 0.0 0.0 0.007250053 0.0 0.01945405 0.0074165994 0.030040417 0.029735249 0.0 0.0 0.0 0.0059266197 0.0 0.009757953 0.0 0.0 0.0 0.0 0.015255197 0.007839635 0.0 0.0 0.012992398 0.016307276
0.08743575 0.0 0.0 0.0 0.0117221195 0.0073028784 0.0 0.008790417 0.04881924 0.0 0.015637541 0.0 0.02681776 0.035198167 0.015203425 0.018616397 0.00064234185 0.020118617 0.0 0.017813439 0.0 0.02394435 0.015628396 0.041591898 0.0 0.051320937 0.008046537 0.0 0.010535394 0.0 0.0 0.0 0.0 0.011721794 0.062822744 0.06763245 0.024582068 0.0041202586 0.024189722 0.02923913 0.0141236745 0.0 0.0 0.019593611 0.027915832 1.2177038e-05 0.0 0.0073422506 0.0001811524 0.025546497 0.07789895 0.0 0.011822372 0.028206034 0.0049839052 0.0
0.0638101 0.0 0.0 0.0033999777 0.009901255 0.0 0.0005146449 0.0 0.008703301 0.0 0.13878697 0.0 0.007229514 0.045979794 0.0 0.07138021 0.0 0.0 0.018103866 0.027090501 0.0 0.0 0.08908856 0.024133047 0.0013748801 0.03315236 0.0 0.0 0.0 0.0 0.0 0.0 0.0 0.019937074 0.0 0.049327277 0.02539537 0.006648901 0.0 0.00021725056 0.058535222 0.0 0.03354558 0.0 0.067055285 0.0014279857 0.037526306 0.030688664 0.0 0.0 0.03346443 0.010848648 0.0 0.0 0.0130442735 0.0
0.038214594 0.0 0.0117221195 0.009901255 0.0 0.0 0.0017141314 0.015683107 0.0 0.004130397 0.021121988 0.0 0.0042836065 0.07929498 0.0 0.010265858 0.012751733 0.059325885 0.010986788 0.003982391 0.0035214066 0.0 0.0 0.0128235845 0.0 0.0367021 0.007496907 0.0 0.0008677767 0.040204253 0.0065134987 0.0 0.015249829 0.027728813 0.043464147 0.025493206 0.019970257 0.0031588317 0.012223555 0.0 0.0 0.015549355 0.084583275 0.023126282 0.0 0.01992439 0.0 0.041396726 0.0 0.0 0.09551187 0.034963503 0.0 0.035333864 0.035476927 0.025801908
0.025186924 0.0006624789 0.0073028784 0.0 0.0 0.063455045 0.014959553 0.0515447 0.0 0.0 0.03890782 0.0 0.05455223 0.012736525 0.0052944054 0.054603122 0.0 0.016203415 0.0 0.042890668 0.0 0.051224705 0.025956234 0.0 0.02991825 0.0 0.0019788418 0.0 0.03975038 0.0 0.0 0.0 0.0005502759 0.050991036 0.0 0.07358892 0.08702764 0.03308981 0.049187105 0.0 0.0 0.0 0.0 0.0 0.052163858 0.0 0.02119948 0.05592905 0.0 0.0 0.0037504998 0.0 0.029428368 0.015847577 0.022610694 0.0150464
0.009683532 0.035389703 0.0 0.0005146449 0.0017141314 0.014959552 0.0 0.0042602527 0.011730473 0.05509473 0.04185251 0.0 0.011472937 0.0 0.0071418774 0.043261483 0.0 0.0035996896 0.049666308 0.026090799 0.02912574 0.009497453 0.030961864 0.0 0.035021685 0.00220525 0.00010503563 0.0 0.04398368 0.0 0.0062388396 0.0 0.0 0.043146383 0.042919524 0.020709025 0.012790273 0.028996693 0.057767835 0.045590065 0.04642228 0.0 0.009056088 0.001917701 0.030562932 0.0 0.0 0.0 0.06158153 0.0 0.035021987 0.0 0.0 0.012199585 0.0 0.0
0.0 0.042318232 0.008790416 0.0 0.015683107 0.0515447 0.0042602527 0.051124047 0.044628154 0.0 0.0 0.0127827525 0.043580443 0.0061674234 0.026506653 0.013134913 0.014706722 0.004996417 0.002834274 0.02286545 0.012777365 0.0 0.0 0.042336233 0.06227286 0.0 0.032368764 0.07132135 0.0 0.018257005 0.025879756 0.041386165 0.07170114 0.03404828 0.0 0.031589758 0.0 0.024691775 0.0 0.006033114 0.004475314 0.10413296 0.006172071 0.0030920624 0.0 0.075572014 0.0 0.0 0.0 0.0 0.010697581 0.021273656 0.043183435 0.016913652 0.05277632 0.0
0.03555366 0.0066238875 0.04881924 0.008703301 0.0 0.0 0.011730472 0.044628154 0.041163035 0.0133356415 0.05576635 0.007692588 0.0387927 0.0 0.0 0.020816281 0.0 0.08130814 0.009826167 0.029855276 0.0035400603 0.0 0.023330137 0.0064814095 0.0 0.023690473 0.003016587 0.0 0.00095892657 0.0 0.038880423 0.0 0.00955332 0.02235169 0.012751077 0.040934253 0.038748723 0.016892696 0.0 0.0 0.015505224 0.021652244 0.022990404 0.0 0.015929025 0.0 0.0 0.018179292 0.0021742636 0.0 0.07066698 0.0 0.0 0.017263679 0.07621114 0.06952284
0.0 0.0 0.0 0.0 0.004130397 0.0 0.05509473 0.0 0.0133356415 0.14124645 0.0 0.0038096227 0.016757265 0.0 0.0 0.0 0.0054348777 0.0 0.0140197035 0.0035711878 0.0 0.003020321 0.019074405 0.06620588 0.0 0.016631825 0.0 0.041464116 0.0 0.0 0.0 0.02263551 0.046275944 0.0 0.08009123 0.06720499 0.0 0.0 0.012797022 0.008433327 0.031378884 0.0015645219 0.010631833 0.012183474 0.052343518 0.011861688 0.022480294 0.017109465 0.0 0.0 0.05551289 0.061093546 0.019902498 0.03206156 0.02223155 0.016786778
0.0 0.024186565 0.01563754 0.13878696 0.021121988 0.038907815 0.04185251 0.0 0.05576635 0.0 0.08356703 0.0 0.007159694 0.020180896 0.0 0.039102554 0.0 0.0 0.02033867 0.010073243 0.03968625 0.040317625 0.0 0.022659274 0.051840756 0.019960111 0.0 0.0 0.0 0.0 0.0033747342 0.04381851 0.0043712263 0.026012504 0.0 0.0 0.0017282562 0.033768628 0.037112154 0.0 0.0075034224 0.0 0.014554102 0.0 0.0 0.0 0.008712075 0.019179879 0.06343753 0.0 0.0021388617 0.0 0.029941075 0.027023802 0.0 0.0
0.006979532 0.0 0.0 0.0 0.0 0.0 0.0 0.012782752 0.007692588 0.0038096227 0.0 0.0 0.048860047 0.027474836 0.01940507 0.0 0.0 0.04612643 0.0 0.022018718 0.0 0.018229151 0.0 0.0 0.03153174 0.0014934011 0.0 0.0 0.086933054 0.04067703 0.0 0.0171415 0.0 0.018758737 0.042454787 0.0 0.0388183 0.023380335 0.040333297 0.005013847 0.06288128 0.0 0.06882221 0.0 0.0 0.0 0.004182606 0.033340704 0.04985595 0.0 0.05898073 0.0 0.0 0.062170707 0.0 0.014232982
0.0 0.084340855 0.026817761 0.0072295144 0.0042836065 0.05455223 0.011472937 0.04358044 0.038792703 0.016757265 0.007159694 0.048860047 0.0 0.019593606 0.06479951 0.02313825 0.016950883 0.0 0.055129074 0.027659055 0.00925534 0.01150093 0.0 0.015538926 0.036681987 0.0 0.0 0.0 0.010850335 0.053884674 0.036923915 0.016020764 0.0 0.0 0.0 0.018520856 0.0032245182 0.013099831 0.019497894 0.002086751 0.0 0.018796736 0.027841985 0.012938619 0.012372992 0.0143450145 0.029678943 0.037819147 0.06238234 0.015065928 0.018983698 0.0 0.03318409 0.0 0.0018416342 0.0
0.0 0.075481914 0.03519817 0.045979794 0.07929498 0.012736525 0.0 0.0061674234 0.0 0.0 0.020180896 0.027474836 0.019593606 0.0 0.051953744 0.02592396 0.042750373 0.0 0.035196412 0.0037674832 0.032508776 0.008376479 0.0 0.043534342 0.061050467 0.0 0.029946944 0.020853337 0.0 0.01869535 0.071016245 0.0003435947 0.01924152 0.0014025845 0.0 0.0074741705 0.0 0.043673933 0.0 0.029749274 0.0 0.014535254 0.01567596 0.010274363 0.0 0.0510399 0.015780935 0.06307339 0.021926275 0.02453857 0.0 0.012735598 0.036881737 0.0 0.0 0.0
0.0 0.0 0.015203425 0.0 0.0 0.0052944054 0.0071418774 0.026506653 0.0 0.0 0.0 0.019405073 0.0647995 0.05195374 0.0 0.05692308 0.0 0.003757156 0.0 0.0 0.0 0.10059556 0.029189112 0.0 0.021176482 0.015788306 0.01576699 0.0046499535 0.071288705 0.0 0.0 0.0 0.02095003 0.03644197 0.07261131 0.0 0.0 0.0 0.023022935 0.0 0.015858293 0.03032856 0.0 0.013724333 0.004247736 0.0 0.0051568416 0.022104457 0.0 0.05615875 0.0020465944 0.0 0.0 0.049246278 0.056133922 0.025608916
0.0 0.0 0.018616397 0.07138021 0.010265858 0.054603126 0.04326148 0.013134913 0.020816283 0.0 0.039102554 0.0 0.02313825 0.025923962 0.056923077 0.02157133 0.0 0.055117823 0.016195333 0.025106022 0.04982498 0.012973207 0.0 0.0 0.013152755 0.0 0.020807926 0.0 0.0 0.0 0.0047779954 0.03988267 0.0 0.0075089415 0.0060424926 0.034702573 0.022554427 0.06406264 0.0 0.0 0.0 0.007424814 0.020550983 0.0 0.0 0.041818302 0.0 0.0 0.014803588 0.0 0.041074008 0.022285549 0.031015921 0.022684235 0.0 0.0
0.061747946 0.034789808 0.0006423418 0.0 0.012751732 0.0 0.0 0.014706722 0.0 0.0054348777 0.0 0.0 0.016950885 0.042750373 0.0 0.0 0.0 0.047012262 0.0 0.021952935 0.0 0.0 0.0067243837 0.0 0.0 0.0 0.0 0.0 0.08495628 0.0 0.016895039 0.010381063 0.0 0.0070136795 0.086811945 0.011401619 0.05656572 0.03050849 0.0045629432 0.05632588 0.029619187 0.01029017 0.0031892427 0.0097452095 0.11489498 0.0 0.0216627 0.015616577 0.0 0.0 0.026256915 0.0103180865 0.0 0.061598156 0.011338908 0.040892437
0.0004374755 0.055056587 0.020118618 0.0 0.05932588 0.016203413 0.0035996896 0.004996417 0.08130814 0.0 0.0 0.04612643 0.0 0.0 0.003757156 0.055117823 0.047012262 0.06433299 0.018723508 0.010892178 0.06246965 0.0 0.006245517 0.0 0.043947324 0.0 0.0049207 0.010849274 0.0 0.044723164 0.010556987 0.03213954 0.0 0.0011177828 0.0 0.0 0.0 0.038617477 0.023306146 0.0 0.0 0.0 0.0 0.0 0.026907843 0.018792648 0.008002046 0.027081238 0.0 0.0 0.002570112 0.0 0.0889933 0.0 0.0 0.0
0.044493362 0.023090964 0.0 0.018103864 0.010986788 0.0 0.049666308 0.0028342742 0.009826167 0.0140197035 0.02033867 0.0 0.05512907 0.035196412 0.0 0.016195333 0.0 0.01872351 0.02487745 0.005270004 0.0 0.007758411 0.0 0.008391037 0.005911243 0.04374558 0.06349298 0.0 0.039150126 0.021680871 0.034211103 0.0069405218 0.0 0.0720427 0.012895614 0.0 0.07023356 0.014930705 0.0 0.0 0.0 0.0 0.0 0.0 0.03620419 0.0 0.0016920966 0.02473537 0.0 0.0 0.012469604 0.0 0.0 0.0 0.06947735 0.0
0.0 0.0 0.017813439 0.027090501 0.003982391 0.042890668 0.026090799 0.02286545 0.029855274 0.0035711878 0.010073243 0.022018718 0.027659055 0.0037674832 0.0 0.02510602 0.021952935 0.010892179 0.0052700043 0.0 0.0 0.06007981 0.05192739 0.029076943 0.0 0.0 0.0 0.0 0.0 0.016678683 0.0041008717 0.04008062 0.018260024 0.046736717 0.0 0.07256621 0.069581136 0.04203342 0.03829095 0.0 0.008114204 0.0 0.013634526 0.0 0.008517032 0.016010184 0.015944777 0.02354379 0.0 0.02809398 0.014243735 0.0 0.0 0.003781465 0.019660374 0.0
0.10597877 0.0 0.0 0.0 0.0035214066 0.0 0.02912574 0.012777364 0.0035400605 0.0 0.039686248 0.0 0.009255341 0.032508776 0.0 0.049824983 0.0 0.06246965 0.0 0.0 0.0 0.0 0.03870025 1.4156531e-08 0.0045183124 0.05559465 0.0 0.0 0.042335417 0.0 0.0 0.0 0.0 0.055418797 0.0 0.023854496 0.0 0.0 0.0 0.015144597 0.07381963 0.0 0.0 0.029919457 0.036241096 0.0 0.04172451 0.03024466 0.0 0.017750867 0.030816145 0.0 0.030586557 0.0025008959 0.013397626 0.02057982
0.006120979 0.0 0.02394435 0.0 0.0 0.051224705 0.009497453 0.0 0.0 0.0030203213 0.04031762 0.018229151 0.01150093 0.008376479 0.10059557 0.012973207 0.0 0.0 0.0077584116 0.06007981 0.0 0.13374376 0.04147373 0.0 0.04095214 0.004938532 0.0 0.0 0.09541913 0.038372334 0.0 0.0 0.004778939 0.043383673 0.0 0.0 0.0 0.0 0.063563175 0.0 0.0 0.0 0.0 0.008573861 0.0 0.0 0.032095507 3.8838123e-05 0.031003417 0.0 0.013974619 0.0 0.044797517 0.0041972236 0.0 0.0
0.040002283 0.040142942 0.015628396 0.08908857 0.0 0.025956234 0.030961864 0.0 0.023330137 0.019074405 0.0 0.0 0.0 0.0 0.029189112 0.0 0.0067243837 0.006245517 0.0 0.051927388 0.03870025 0.04147373 0.02067336 0.045031544 0.0009610712 0.0 0.009662599 0.0075989612 0.0 0.024258258 0.0 0.0 0.03084913 0.013761615 0.033398867 0.031109676 0.021860123 0.07970821 0.022754936 0.0 0.0 0.0069686854 0.038500402 0.0 0.026154933 0.063893415 0.02335168 0.00233113 0.0539748 0.0 0.01980309 0.0 0.0 0.0026676194 0.030132335 0.0
0.047520246 0.04171844 0.041591898 0.024133045 0.0128235845 0.0 0.0 0.04233623 0.006481409 0.06620589 0.022659274 0.0 0.015538926 0.043534342 0.0 0.0 0.0 0.0 0.008391038 0.029076943 1.415653e-08 0.0 0.045031544 0.04279718 0.004222759 0.014052656 0.057806853 0.023679301 0.00015228434 0.0 0.043291785 0.0 0.05122184 0.0022022354 0.004627596 0.028836038 0.028815601 0.026973018 0.0 0.018125543 0.013130396 0.04351964 0.009644722 0.00021438481 0.0 0.032647405 0.0 0.0073121996 0.0 0.0 0.024077544 0.07666697 0.0 0.0 0.057808172 0.00014950674
0.11689608 0.020447059 0.0 0.0013748802 0.0 0.02991825 0.035021685 0.062272865 0.0 0.0 0.051840756 0.031531744 0.036681987 0.06105047 0.021176482 0.013152755 0.0 0.043947324 0.005911243 0.0 0.0045183124 0.04095214 0.00096107123 0.004222759 0.012689373 0.029227225 0.0 0.0031914688 0.03617397 0.0 0.0 0.0 0.030066216 0.023153258 0.0069844425 0.0 0.005002224 0.0 0.0 0.016822048 0.011053352 0.02702274 0.0 0.0 0.02083203 0.0 0.031779543 0.005060716 0.005494822 0.005104799 0.012937578 0.004749037 0.0 0.025328686 0.0 0.008038441
0.00078171684 0.0678496 0.05132094 0.03315236 0.0367021 0.0 0.00220525 0.0 0.023690473 0.016631823 0.01996011 0.001493401 0.0 0.0 0.015788306 0.0 0.0 0.0 0.04374558 0.0 0.05559465 0.004938532 0.0 0.014052655 0.029227223 0.0 0.026791167 0.0 0.0 0.032245953 0.059595693 0.065976836 0.03999506 0.0039865756 0.018473528 0.023062605 0.0 0.0380316 0.000774962 0.0007985986 0.0 0.0029805533 0.025638523 0.030378392 0.0 0.05473371 0.07608411 0.035311133 0.013997529 0.0 0.0039959275 0.016354311 0.0348762 0.0 0.023259869 0.0
0.012228848 0.027073896 0.008046538 0.0 0.0074969064 0.0019788418 0.00010503564 0.032368764 0.003016587 0.0 0.0 0.0 0.0 0.029946946 0.01576699 0.020807926 0.0 0.0049207 0.06349298 0.0 0.0 0.0 0.0096626 0.057806857 0.0 0.026791167 0.1022863 0.0 0.0 0.036917992 0.0 0.0 0.032482095 0.039146822 0.0 0.03188151 0.0 0.010085222 0.0010093696 0.0 0.09406769 0.05870097 0.06854273 0.017696796 0.032890394 0.0058400678 0.0 0.0 0.01599751 0.026810026 0.048432212 0.010703739 0.00930984 0.044627402 0.02141792 0.023614898
0.018194938 0.018212166 0.0 0.0 0.0 0.0 0.0 0.07132135 0.0 0.041464116 0.0 0.0 0.0 0.020853337 0.0046499535 0.0 0.0 0.010849275 0.0 0.0 0.0 0.0 0.0075989617 0.023679301 0.0031914685 0.0 0.0 0.09603964 0.028127477 0.0 0.0 0.0019548517 0.00950237 0.02428769 0.044000506 0.033890218 0.0 0.0 0.0 0.054599248 0.0061786533 0.0007994252 0.068878874 0.1033577 0.03815784 0.0041390774 0.0 0.0 0.0 0.022604099 0.017054008 0.052343428 0.0 0.057592876 0.10131703 0.07194902
0.0 0.04892952 0.010535394 0.0 0.00086777675 0.03975038 0.04398368 0.0 0.00095892657 0.0 0.0 0.086933054 0.010850335 0.0 0.071288705 0.0 0.08495628 0.0 0.039150123 0.0 0.042335417 0.09541913 0.0 0.00015228434 0.036173973 0.0 0.0 0.028127477 0.006427588 0.07311051 0.0 0.02727232 0.0 0.0 0.0 0.0 0.015000536 0.0 0.03093022 0.017202659 0.0 0.018177 0.0 0.021492727 0.0 0.0 0.0029943709 0.0 0.0 0.06346496 0.0 0.0 0.07699631 0.036258202 0.0 0.0
0.0 0.0 0.0 0.0 0.04020425 0.0 0.0 0.018257005 0.0 0.0 0.0 0.04067703 0.053884674 0.01869535 0.0 0.0 0.0 0.044723164 0.021680871 0.016678683 0.0 0.038372334 0.024258258 0.0 0.0 0.032245953 0.036917992 0.0 0.07311051 0.0 0.0 0.023209965 0.0 0.008656367 0.011922804 0.0 0.014201072 0.0028659732 0.054943796 0.062697925 0.07660724 0.0 0.019305063 0.0 0.05614706 0.0 0.063998155 0.0 0.028962051 0.017806815 0.009605608 0.0 0.007915779 0.0 0.0 0.03128265
0.029727006 0.030039866 0.0 0.0 0.0065134987 0.0 0.0062388396 0.025879756 0.038880426 0.0 0.0033747342 0.0 0.036923915 0.071016245 0.0 0.0047779954 0.016895039 0.010556987 0.034211103 0.0041008717 0.0 0.0 0.0 0.043291785 0.0 0.059595693 0.0 0.0 0.0 0.0 0.0 0.014480094 0.0 0.013957112 0.043672606 0.026067836 0.048103154 0.0 0.0 0.0 0.11627927 0.030688046 0.0 0.0 0.029363899 0.0 0.008535766 0.017854776 0.0 0.021302411 0.0 0.037437517 0.026674498 0.0039430647 0.030016461 0.055821743
0.04760235 0.0 0.0 0.0 0.0 0.0 0.0 0.041386165 0.0 0.022635508 0.04381851 0.0171415 0.016020764 0.0003435947 0.0 0.039882675 0.010381063 0.032139536 0.0069405213 0.04008062 0.0 0.0 0.0 0.0 0.0 0.065976836 0.0 0.0019548517 0.02727232 0.023209965 0.014480095 0.03968535 0.0057076835 0.07248842 0.0 0.0023336238 0.09304997 0.026070446 0.0 0.0 0.008568393 0.0011575075 0.0 0.01770656 0.050075285 0.0 0.0 0.049118567 0.01843833 0.0 0.0265509 0.0 0.0 0.012344225 0.0094634 0.006359132
0.022263797 0.0 0.0 0.0 0.01524983 0.00055027584 0.0 0.07170114 0.00955332 0.04627594 0.0043712263 0.0 0.0 0.01924152 0.02095003 0.0 0.0 0.0 0.0 0.018260024 0.0 0.004778939 0.030849129 0.05122184 0.030066215 0.03999506 0.032482095 0.009502371 0.0 0.0 0.0 0.0057076835 0.0 0.0 0.06445285 0.035606768 0.007851909 0.016361242 0.014929308 0.025331296 0.024088793 0.0 0.0 0.00079230237 0.026292762 0.0 0.0018340056 0.003525509 0.0 0.02201162 0.01953771 0.14630546 0.0 0.05397845 0.011619295 0.07259067
0.0 0.0 0.011721794 0.019937074 0.027728813 0.050991036 0.04314638 0.03404828 0.02235169 0.0 0.026012506 0.018758737 0.0 0.0014025845 0.03644197 0.007508941 0.007013679 0.0011177829 0.0720427 0.046736713 0.055418797 0.043383673 0.013761615 0.0022022354 0.023153258 0.0039865756 0.039146822 0.02428769 0.0 0.008656367 0.013957112 0.07248842 0.0 0.010776851 0.0022736995 0.0 0.008889741 0.04476909 0.0011801979 0.024024138 0.0 0.0 0.008558225 0.0 0.0 0.029296309 0.039209522 0.0 0.092829265 0.0 0.024327185 0.0 0.018676642 0.0 0.0 0.0
0.0 0.0072500533 0.06282275 0.0 0.043464147 0.0 0.042919524 0.0 0.012751078 0.08009122 0.0 0.042454787 0.0 0.0 0.07261131 0.0060424926 0.08681194 0.0 0.012895614 0.0 0.0 0.0 0.033398867 0.0046275966 0.006984443 0.018473528 0.0 0.044000503 0.0 0.011922804 0.043672606 0.0 0.06445285 0.0022736995 0.003032581 0.0 0.0 0.0 0.0 0.03810808 0.033885915 0.07239494 0.0006883779 0.014326933 0.0 0.07219039 0.0 0.0 0.0003030229 0.043594137 0.0 0.028645556 0.039747253 0.017939454 0.024753943 0.020665728
0.0 0.0 0.06763245 0.049327277 0.025493208 0.07358892 0.020709025 0.03158976 0.040934253 0.06720499 0.0 0.0 0.018520856 0.0074741705 0.0 0.034702573 0.011401619 0.0 0.0 0.072566204 0.023854496 0.0 0.031109678 0.028836038 0.0 0.023062605 0.03188151 0.033890218 0.0 0.0 0.026067836 0.0023336238 0.03560677 0.0 0.0 0.0 0.0031701296 0.0582049 0.0 0.0 0.0 0.006345607 0.041021485 0.0 0.010328317 0.058030844 0.0 0.0 0.005948351 0.0 0.0 0.00842099 0.0 0.0 0.0 0.01972591
0.01336076 0.01945405 0.024582068 0.025395371 0.019970257 0.08702764 0.012790273 0.0 0.038748723 0.0 0.0017282561 0.0388183 0.0032245182 0.0 0.0 0.022554427 0.056565717 0.0 0.07023357 0.069581136 0.0 0.0 0.02186012 0.028815603 0.005002224 0.0 0.0 0.0 0.015000536 0.014201071 0.048103154 0.09304997 0.007851909 0.008889742 0.0 0.0031701296 0.0 0.0877561 0.0 0.0 0.02465561 0.0 0.06916163 0.0 0.0 0.018262256 0.0046314383 0.0 0.035314463 0.0 0.0 0.015910467 0.007961193 0.0 0.021694599 0.0
0.02553784 0.0074166 0.0041202586 0.006648901 0.003158832 0.03308981 0.028996695 0.024691775 0.016892696 0.0 0.033768628 0.023380335 0.013099831 0.043673933 0.0 0.06406264 0.030508492 0.038617477 0.014930704 0.042033423 0.0 0.0 0.07970821 0.026973018 0.0 0.0380316 0.010085222 0.0 0.0 0.0028659732 0.0 0.026070446 0.016361242 0.044769093 0.0 0.0582049 0.0877561 0.026067747 0.0 0.0 0.0031584823 0.0 0.0 0.023918856 0.0 0.04565256 0.0 0.0 0.0 0.0 0.0073097176 0.0031525518 0.004147793 0.0 0.0 0.0
0.0124035785 0.030040417 0.024189722 0.0 0.012223555 0.049187105 0.057767835 0.0 0.0 0.012797022 0.037112154 0.040333297 0.019497892 0.0 0.023022935 0.0 0.0045629432 0.023306146 0.0 0.03829095 0.0 0.063563175 0.022754934 0.0 0.0 0.000774962 0.0010093696 0.0 0.03093022 0.054943793 0.0 0.0 0.014929308 0.0011801979 0.0 0.0 0.0 0.0 0.09249369 0.017000705 0.014592811 0.003202713 0.0031221928 0.042376634 0.019674234 0.0 0.039611895 0.010303792 0.030788621 0.055622693 0.0 0.0 0.012981455 0.07579034 0.0 0.02657837
0.0 0.029735249 0.02923913 0.00021725056 0.0 0.0 0.045590065 0.006033114 0.0 0.008433327 0.0 0.0050138473 0.002086751 0.029749274 0.0 0.0 0.05632588 0.0 0.0 0.0 0.015144597 0.0 0.0 0.018125543 0.016822048 0.0007985986 0.0 0.054599248 0.017202659 0.062697925 0.0 0.0 0.025331296 0.02402414 0.03810808 0.0 0.0 0.0 0.017000703 0.019399919 0.01220337 0.03906102 0.07552491 0.034598824 0.03386819 0.009375772 0.011839269 0.051426016 0.0 0.11441429 0.0 0.010215888 0.045063205 0.037385985 0.0 0.08522698
0.0 0.0 0.0141236745 0.05853522 0.0 0.0 0.046422284 0.004475314 0.015505223 0.031378884 0.0075034224 0.06288129 0.0 0.0 0.015858294 0.0 0.029619189 0.0 0.0 0.008114203 0.07381963 0.0 0.0 0.013130395 0.011053352 0.0 0.09406769 0.006178654 0.0 0.07660724 0.116279274 0.008568393 0.024088793 0.0 0.033885915 0.0 0.024655608 0.003158482 0.014592811 0.012203371 0.0022878672 0.03830766 0.03666171 0.055208895 0.0 0.040215634 0.038475506 0.012982117 0.02348032 0.0008757291 0.02361913 0.033053298 0.0041279253 0.0 0.018355003 0.013132336
0.042244278 0.0 0.0 0.0 0.015549355 0.0 0.0 0.10413296 0.021652246 0.0015645219 0.0 0.0 0.018796736 0.014535253 0.030328559 0.007424814 0.01029017 0.0 0.0 0.0 0.0 0.0 0.0069686854 0.04351964 0.027022742 0.0029805533 0.058700968 0.0007994252 0.018177 0.0 0.030688044 0.0011575074 0.0 0.0 0.07239494 0.0063456064 0.0 0.0 0.003202713 0.03906102 0.03830766 0.006941023 0.0 0.0316722 0.017101483 0.0 0.0 0.024054429 0.0 0.0031974632 0.050462835 0.0 0.0 0.0131676905 0.0 0.07049074
0.029235035 0.0 0.0 0.03354558 0.08458328 0.0 0.009056088 0.006172071 0.022990406 0.010631833 0.014554101 0.06882221 0.027841985 0.015675962 0.0 0.020550983 0.0031892427 0.0 0.0 0.013634526 0.0 0.0 0.038500406 0.009644722 0.0 0.02563852 0.068542734 0.068878874 0.0 0.019305063 0.0 0.0 0.0 0.008558225 0.0006883779 0.041021485 0.06916163 0.0 0.003122193 0.07552491 0.03666171 0.0 0.0 0.008115488 0.03512199 0.0 0.0 0.012691722 0.021604197 0.0 0.028865004 0.0 0.0 0.0 0.0 0.0
0.0057814205 0.0059266197 0.019593611 0.0 0.023126282 0.0 0.0019177011 0.0030920627 0.0 0.012183475 0.0 0.0 0.012938619 0.010274363 0.013724333 0.0 0.0097452095 0.0 0.0 0.0 0.029919459 0.008573861 0.0 0.00021438483 0.0 0.030378392 0.017696796 0.1033577 0.021492727 0.0 0.0 0.017706558 0.00079230237 0.0 0.014326933 0.0 0.0 0.023918856 0.042376634 0.034598824 0.055208895 0.031672195 0.008115488 0.069085404 0.0294783 0.0 0.058157403 0.0063423086 0.0 0.0013695059 0.0065071736 0.038013715 0.004829648 0.052333243 0.04396623 0.062623486
0.0 0.0 0.027915834 0.067055285 0.0 0.052163854 0.03056293 0.0 0.015929025 0.052343518 0.0 0.0 0.012372993 0.0 0.0042477367 0.0 0.114894986 0.026907843 0.03620419 0.0085170325 0.0362411 0.0 0.026154932 0.0 0.020832028 0.0 0.032890394 0.03815784 0.0 0.05614706 0.029363899 0.050075285 0.026292762 0.0 0.0 0.010328317 0.0 0.0 0.019674234 0.03386819 0.0 0.017101485 0.035121992 0.0294783 0.0 0.0058881673 0.054047868 0.013692913 0.012270257 0.07268674 0.0 0.0027772207 0.0020383548 0.0 0.0 0.0029990908
0.014519198 0.009757953 1.2177038e-05 0.0014279857 0.01992439 0.0 0.0 0.075572014 0.0 0.0118616875 0.0 0.0 0.014345015 0.0510399 0.0 0.0418183 0.0 0.018792648 0.0 0.016010184 0.0 0.0 0.063893415 0.032647405 0.0 0.054733712 0.0058400673 0.0041390774 0.0 0.0 0.0 0.0 0.0 0.02929631 0.07219039 0.058030844 0.018262256 0.045652557 0.0 0.009375773 0.040215634 0.0 0.0 0.0 0.0058881673 0.04076161 0.0 0.01167005 0.0 0.0 0.061408095 0.042108838 0.0 0.022896321 0.0704425 0.0
0.059481308 0.0 0.0 0.037526302 0.0 0.02119948 0.0 0.0 0.0 0.022480296 0.008712074 0.004182606 0.029678944 0.015780933 0.0051568416 0.0 0.021662699 0.008002046 0.0016920967 0.015944777 0.041724514 0.032095507 0.02335168 0.0 0.031779543 0.076084115 0.0 0.0 0.0029943709 0.06399815 0.008535766 0.0 0.0018340056 0.039209526 0.0 0.0 0.0046314388 0.0 0.039611895 0.011839269 0.038475506 0.0 0.0 0.058157403 0.05404787 0.0 0.0 0.036043745 0.020192321 0.036434524 0.029880175 0.0 0.0 0.01916667 0.00917732 0.0
0.0 0.0 0.0073422506 0.030688664 0.041396726 0.055929046 0.0 0.0 0.018179294 0.017109465 0.019179877 0.033340704 0.03781915 0.06307339 0.022104455 0.0 0.015616577 0.027081238 0.02473537 0.023543788 0.03024466 3.883812e-05 0.00233113 0.007312199 0.0050607165 0.03531113 0.0 0.0 0.0 0.0 0.017854778 0.049118567 0.0035255093 0.0 0.0 0.0 0.0 0.0 0.010303793 0.051426016 0.012982118 0.024054429 0.012691722 0.006342308 0.013692913 0.01167005 0.03604374 0.0 0.03049317 0.039036494 0.0 0.0 0.05022252 0.07041013 0.0 0.017778344
0.0 0.0 0.0001811524 0.0 0.0 0.0 0.061581526 0.0 0.0021742636 0.0 0.06343753 0.04985595 0.06238234 0.021926275 0.0 0.014803587 0.0 0.0 0.0 0.0 0.0 0.03100342 0.053974796 0.0 0.005494822 0.013997528 0.01599751 0.0 0.0 0.028962053 0.0 0.01843833 0.0 0.09282926 0.0003030229 0.005948351 0.035314463 0.0 0.030788623 0.0 0.02348032 0.0 0.021604199 0.0 0.012270256 0.0 0.02019232 0.030493168 0.14665885 0.026973551 0.0 0.0 0.0026536558 0.009436096 0.004252 0.0
0.0386189 0.0 0.025546497 0.0 0.0 0.0 0.0 0.0 0.0 0.0 0.0 0.0 0.015065928 0.02453857 0.05615875 0.0 0.0 0.0 0.0 0.02809398 0.017750867 0.0 0.0 0.0 0.0051047984 0.0 0.026810026 0.022604099 0.063464954 0.017806815 0.021302413 0.0 0.02201162 0.0 0.043594137 0.0 0.0 0.0 0.055622693 0.11441429 0.0008757291 0.0031974632 0.0 0.0013695059 0.07268674 0.0 0.036434524 0.039036494 0.026973551 0.069188036 0.0015632526 0.0 0.0 0.030595595 0.0013115346 0.05837659
0.0 0.015255196 0.07789894 0.03346443 0.09551187 0.0037504998 0.035021987 0.010697581 0.07066698 0.055512894 0.0021388617 0.05898073 0.018983698 0.0 0.0020465944 0.041074008 0.026256915 0.0025701122 0.012469603 0.014243734 0.030816145 0.01397462 0.019803088 0.024077542 0.012937578 0.003995928 0.048432212 0.017054008 0.0 0.009605608 0.0 0.0265509 0.01953771 0.024327185 0.0 0.0 0.0 0.0073097176 0.0 0.0 0.02361913 0.050462835 0.028865004 0.006507173 0.0 0.061408095 0.029880172 0.0 0.0 0.0015632526 0.031913057 0.0 0.0173248 0.010797308 0.0 0.0
0.0 0.007839635 0.0 0.010848648 0.034963503 0.0 0.0 0.021273654 0.0 0.061093543 0.0 0.0 0.0 0.012735598 0.0 0.022285549 0.010318087 0.0 0.0 0.0 0.0 0.0 0.0 0.07666698 0.004749037 0.016354313 0.010703739 0.052343424 0.0 0.0 0.037437517 0.0 0.14630547 0.0 0.028645556 0.00842099 0.015910467 0.0031525518 0.0 0.010215889 0.033053298 0.0 0.0 0.038013715 0.0027772207 0.042108838 0.0 0.0 0.0 0.0 0.0 0.062030733 0.0 0.022195052 0.099035524 0.08715364
0.12285247 0.0 0.011822373 0.0 0.0 0.029428368 0.0 0.04318344 0.0 0.019902498 0.029941075 0.0 0.03318409 0.036881734 0.0 0.03101592 0.0 0.0889933 0.0 0.0 0.03058656 0.04479752 0.0 0.0 0.0 0.0348762 0.00930984 0.0 0.07699631 0.007915779 0.026674498 0.0 0.0 0.018676642 0.039747253 0.0 0.007961193 0.0041477936 0.012981454 0.045063205 0.004127925 0.0 0.0 0.004829648 0.0020383548 0.0 0.0 0.05022252 0.0026536558 0.0 0.0173248 0.0 0.0 0.032629106 0.0 0.011685947
0.0059638675 0.0 0.028206034 0.0 0.035333864 0.015847579 0.012199585 0.016913652 0.017263679 0.032061554 0.0270238 0.06217071 0.0 0.0 0.049246278 0.022684235 0.06159815 0.0 0.0 0.003781465 0.0025008959 0.0041972236 0.0026676194 0.0 0.025328686 0.0 0.044627402 0.057592873 0.036258202 0.0 0.003943065 0.012344225 0.05397845 0.0 0.017939454 0.0 0.0 0.0 0.07579034 0.037385985 0.0 0.0131676905 0.0 0.052333247 0.0 0.022896321 0.019166673 0.07041013 0.009436096 0.030595597 0.010797309 0.022195052 0.032629106 0.0 0.010346206 0.0005586196
0.0010851863 0.012992398 0.0049839052 0.0130442735 0.035476923 0.022610694 0.0 0.052776325 0.07621115 0.02223155 0.0 0.0 0.0018416343 0.0 0.056133922 0.0 0.011338908 0.0 0.06947736 0.019660374 0.013397625 0.0 0.030132335 0.05780817 0.0 0.023259867 0.02141792 0.10131703 0.0 0.0 0.030016461 0.0094634 0.011619295 0.0 0.024753941 0.0 0.021694599 0.0 0.0 0.0 0.018355003 0.0 0.0 0.04396623 0.0 0.0704425 0.009177319 0.0 0.0042519993 0.0013115346 0.0 0.099035524 0.0 0.010346206 0.033629123 0.005163994
0.0 0.016307276 0.0 0.0 0.025801908 0.0150464 0.0 0.0 0.06952284 0.01678678 0.0 0.014232982 0.0 0.0 0.025608918 0.0 0.040892437 0.0 0.0 0.0 0.020579822 0.0 0.0 0.00014950674 0.00803844 0.0 0.023614898 0.07194902 0.0 0.03128265 0.055821743 0.006359132 0.07259067 0.0 0.020665728 0.01972591 0.0 0.0 0.026578369 0.08522698 0.013132335 0.07049074 0.0 0.062623486 0.0029990908 0.0 0.0 0.017778344 0.0 0.058376595 0.0 0.08715364 0.011685947 0.0005586196 0.005163994 0.046837028
