0.0 0.03907478 0.012187711 0.0 0.0 0.0 0.011810783 0.014288467 0.002914089 0.02637821 0.003361902 0.0 0.0684087 0.019898811 0.0 0.0 0.06502346 0.0 0.02844337 0.031152831 0.0 0.0 0.0118166115 0.0 0.031588692 0.081636705 0.06281531 0.0 0.016186023 0.0 0.0 0.033527743 0.006375236 0.058371957 0.040513754 0.031227848 0.0 0.014183621 0.0 0.010421241 0.0 0.021418901 0.0 0.010789072 0.03953831 0.0 0.042964462 0.016344301 0.0 0.0 0.0 0.018636538 0.02627062 0.024498243 0.023044067 0.08515035
0.039074775 0.034840498 0.0 0.0 0.009870849 0.0 0.0 0.047784522 0.00682602 0.0131412875 0.022443447 0.040502008 0.024134459 0.032806505 0.0 0.036082976 0.0 0.0 0.0 0.0 0.0 0.023728296 0.009262286 0.041158706 0.038361438 0.011920142 0.00791485 0.036791626 0.0 0.014536409 0.0 0.0 0.0 0.0 0.0 0.008069852 0.07420047 0.0 0.048506923 0.010520481 0.0071922685 0.006432747 0.050328698 0.0 0.04036359 0.0 0.0 0.018924909 0.02847606 0.0 0.05791555 0.010536414 0.0300036 0.0 0.023265125 0.0049476377
0.012187711 0.0 0.013805196 0.012271608 0.04101849 0.008114479 0.049262024 0.0007411416 0.008321445 0.0 0.0 0.0072827777 0.04664767 0.04553774 0.0 0.07326796 0.048774227 0.03773494 0.0 0.0 0.047411524 0.0020632031 0.015340254 0.038865417 0.01740494 0.0 0.020202357 0.07102458 0.0 0.0 0.049417842 0.0 0.0 0.0 0.022902342 0.057110682 0.038596928 0.035380986 0.023204422 0.0 0.02261417 0.022590002 0.05552409 0.0 0.021697698 0.0 0.012890889 0.0 0.038977105 0.0 0.016887445 0.0 0.0 0.00337055 0.0 0.0
0.0 0.0 0.012271608 0.0 0.00064401823 0.07562594 0.0 0.0 0.0 0.0 0.0 0.060525898 0.0 0.0 0.0 0.04905335 0.0 0.005317996 0.0 0.0 0.0 0.042365577 0.0 0.039337322 0.0 0.0 0.0002658658 0.0488294 0.0 0.036485877 0.0 0.0 0.0 0.0 0.024019161 0.022807833 0.04051135 0.0 0.16472632 0.027945843 0.024199434 0.03732594 0.11925686 0.0 0.0 0.084200814 0.0 0.0 0.010566811 0.0 0.03491513 0.0 0.0 0.0 0.004911494 0.0
0.0 0.009870849 0.04101849 0.0006440183 0.0 0.02936909 0.0 0.0 0.0 0.0014167384 0.0 0.10356717 0.0 0.0 0.051705375 0.0 0.0 0.0 0.0 0.011520098 0.0 0.055436295 0.0 0.0018359751 0.0 0.0053358544 0.0 0.052362535 0.0 0.10734673 0.0 0.0 0.004549681 0.0 0.0 0.0 0.03733547 0.0 0.108426206 0.0 0.03388332 0.0 0.08866513 0.0 0.0 0.08539151 0.0 0.0 0.0 0.017348355 0.051494002 0.035688356 0.0036231922 0.011802273 0.0 0.0
0.0 0.0 0.0081144795 0.07562594 0.02936909 0.0 0.028805902 0.0 0.033891466 0.0 0.025748419 0.027345052 0.010308721 0.008182392 0.040568583 0.024166372 0.0 0.0 0.031018134 0.022917042 0.05790732 0.0 0.073480085 0.04444069 0.011604382 0.056354452 0.0 0.0 0.0 0.0051196897 0.00021425061 0.010237255 0.024165904 0.029986564 0.014206219 0.0 0.03282619 0.0 0.026399923 0.0 0.010857208 0.050095625 0.0131322425 0.0 0.0 0.0396192 0.0 0.007489413 0.049289092 0.0 0.0 0.0 0.0 0.003563112 0.012057751 0.0
0.011810783 0.0 0.049262024 0.0 0.0 0.0288059 0.0 0.0 0.0 0.0045080525 0.0 0.0 0.03079785 0.0030760171 0.03510521 0.0 0.06329093 0.0 0.01213185 0.0 0.024813097 0.013598471 0.0 0.013097015 0.027875258 0.0 0.035332378 0.0 0.005276741 0.0 0.0 0.0001233828 0.04581964 0.0 0.0 0.0 0.0 0.0 0.038031995 0.01305181 0.051201392 0.0 0.0 0.10747657 0.0 0.09144377 0.026306476 0.029860074 0.009007658 0.00061377377 0.0 0.0 0.06516119 0.050022207 0.005174907 0.0
0.014288468 0.047784522 0.0007411416 0.0 0.0 0.0 0.0 0.0 0.0 0.008970127 0.068536654 0.0 0.016718 0.08689631 0.049465816 0.0 0.07420357 0.0 0.005535276 0.0 0.0052691246 0.028714616 0.010071345 0.0 0.0066963383 0.08628946 0.048663586 0.0 0.033481956 0.0 0.088218026 0.0020827227 0.0024154517 0.0 0.0 0.014985743 0.0 0.0 0.0 0.03620035 0.0 0.025269 0.0 0.0 0.026509626 0.0 0.0032766499 0.057188917 0.0 0.03550205 0.034231253 0.0 0.048661966 0.026289476 0.0 0.005113692
0.002914089 0.0068260194 0.008321445 0.0 0.0 0.03389146 0.0 0.0 0.0 0.051177684 0.0 0.0037541504 0.0 0.0 0.018940687 0.0026684997 0.0 0.0 0.0 0.0 0.0 0.02066909 0.015863232 0.0 0.004643061 0.054976143 0.0 0.028789066 0.0 0.0 0.0 0.045284525 0.028811965 0.0 0.0 0.021825913 0.049586546 0.0 0.04589817 0.08700719 0.042347543 0.0120203495 0.0 0.033841297 0.0 0.100414164 0.039028995 0.0 0.0 0.0 0.09115406 0.043234877 0.0 0.0 0.0054567563 0.017754469
0.02637821 0.013141288 0.0 0.0 0.0014167385 0.0 0.0045080525 0.008970127 0.051177684 0.13657148 0.0516817 0.0 0.0 0.0 0.026821563 0.0023863167 0.0 0.03960908 0.0 0.044567402 0.0 0.0 0.023764959 0.0076114074 0.0 0.0 0.022287814 0.0 0.0 0.0 0.0 0.12620948 0.0 0.0 0.0352345 0.0033872721 0.026251435 0.01977005 0.0 0.00196784 0.0015254214 0.016710998 0.0 0.0 0.05539504 0.024540361 0.006361926 0.018667486 0.0 0.00061208906 0.048851274 0.12041856 0.00049606303 0.018301085 0.0 0.0
0.003361902 0.02244345 0.0 0.0 0.0 0.025748419 0.0 0.068536654 0.0 0.051681697 0.0 0.0067782104 0.0 0.0 0.0144326845 0.04724513 0.0 0.0 0.0 0.024184903 0.0 0.037897818 0.0 0.019086571 0.0 0.058478363 0.04380814 0.0589136 0.0024518564 0.012495803 0.0 0.013252102 0.0 0.004736106 0.0 0.06249417 0.042966664 0.081034295 0.026610833 0.0 0.08202439 0.012682847 0.031984575 0.0 0.016788619 0.005217717 0.0 0.011230332 0.0 0.0 0.009268705 0.102127224 0.0 0.014151013 0.012453786 0.018413765
0.0 0.040502008 0.007282778 0.060525898 0.103567176 0.02734505 0.0 0.0 0.0037541504 0.0 0.0067782104 0.0 0.0 0.010224619 0.054809295 0.03282213 0.018011397 0.095336966 0.059414133 0.01169762 0.06695114 0.0 0.0 0.0 0.038314942 0.0 0.0017529788 0.0 0.0 0.023052203 0.0214525 0.0 0.0064860675 0.0 0.0 0.0 0.0 0.053515527 0.020553814 0.0 0.022177787 0.08045694 0.021913862 0.00398972 0.004447529 0.021120552 0.017799057 0.02231713 0.061138015 0.0 0.0 0.0 0.056811992 0.0 0.0 0.0
0.0684087 0.024134459 0.046647675 0.0 0.0 0.010308721 0.030797852 0.016718002 0.0 0.0 0.0 0.0 0.0 0.0 0.005334501 0.03224283 0.029427344 0.0 0.0 0.0017329196 0.0 0.011204539 0.0 0.0 0.058572672 0.018117694 0.0031735227 0.0 0.042179942 0.0 0.0 0.0 0.0 0.051749818 0.05921471 0.057987716 0.0 0.0 0.03789609 0.00935381 0.039634775 0.07378019 0.05347309 0.047736205 0.0028839072 0.0 0.0 0.0415926 0.0 0.060002502 0.0 0.011801455 0.00020448046 0.0031614525 0.02710025 0.034771774
0.019898811 0.0328065 0.04553774 0.0 0.0 0.008182392 0.0030760171 0.08689631 0.0 0.0 0.0 0.010224619 0.0 0.03540403 0.0036825142 0.0 0.011429586 0.0 0.0 0.028994892 0.015471155 0.0 0.0 0.0 0.008923331 0.036135137 0.028333185 0.0 0.06779874 0.023561588 0.065090485 0.004157255 0.004805982 0.0064868983 0.012409544 0.0 0.0 0.014738805 0.0 0.078475505 0.0 0.013274063 0.0 0.058882393 0.047656383 0.0 0.05727179 0.017404284 0.0076162545 0.08429759 0.012625624 0.0 0.004933528 0.019171203 0.005703967 0.048379116
0.0 0.0 0.0 0.0 0.05170537 0.040568583 0.035105214 0.04946582 0.018940685 0.026821561 0.014432685 0.054809295 0.0053345016 0.0036825142 0.0 0.050689798 0.0 0.0 0.0009350178 0.0 0.0 0.014512429 0.0 0.076459125 0.03846967 0.0 0.008611125 0.008267029 0.0010078679 0.0 0.0 0.0 0.0 0.0267047 0.012121137 0.0 0.031331647 0.048194803 0.0 0.044233657 0.0 0.028578915 0.007446107 0.012985795 0.02756665 0.03696626 0.0 0.0 0.0 0.0 0.052498743 0.017868146 0.0034330606 0.0 0.062345054 0.0
0.0 0.03608297 0.07326796 0.04905335 0.0 0.024166372 0.0 0.0 0.0026684997 0.0023863167 0.04724513 0.032822125 0.03224283 0.0 0.0506898 0.039808683 0.022527194 0.058325592 0.04834074 0.0 0.027639655 0.01917905 0.0 0.010980013 0.022767518 0.0 0.013966542 0.017982328 0.0 0.035520203 0.0 0.0 0.0 0.009816465 0.022421915 0.02912699 0.0 0.0 0.0 0.023415593 0.009917314 0.029734412 0.05379655 0.020037394 0.0 0.0 0.00012807993 0.037689343 0.05454293 0.0 0.010210477 0.0 0.081715085 0.0 0.0076082777 0.0
0.06502346 0.0 0.048774227 0.0 0.0 0.0 0.06329094 0.074203566 0.0 0.0 0.0 0.018011397 0.029427344 0.011429586 0.0 0.022527194 0.023353813 0.0 0.0 0.027948102 0.010505681 0.013017618 0.0 0.00088905566 0.02349483 0.0 0.008512435 0.026756596 0.026492516 0.0 0.0 0.0 0.0037735351 0.012917155 0.056824237 0.013236974 0.0 0.0 0.012764168 0.0 0.031154692 0.06643553 0.0006374859 0.03950055 0.06789281 0.0 0.024289161 0.0 0.0012668474 0.076822534 0.010736429 0.0 0.02245896 0.011262894 0.046361085 0.02676312
0.0 0.0 0.03773494 0.005317996 0.0 0.0 0.0 0.0 0.0 0.039609075 0.0 0.09533697 0.0 0.0 0.0 0.058325596 0.0 0.0 0.0 0.0 0.0 0.046075106 0.039582234 0.0 0.025914371 0.0 0.0 0.048227146 0.0 0.040661544 0.0020134686 0.0 0.0 0.0 0.0 0.018474417 0.09597233 0.0 0.0052345362 0.0019876496 0.008261027 0.0 0.051773623 0.06940091 0.0 0.012329406 0.0 0.07743884 0.048000216 0.0 0.011402828 0.009275294 0.016809436 0.0 0.0133648785 0.0
0.02844337 0.0 0.0 0.0 0.0 0.031018134 0.01213185 0.005535276 0.0 0.0 0.0 0.059414137 0.0 0.0 0.0009350177 0.04834074 0.0 0.0 0.0 0.0 0.012473733 0.03008575 0.0 0.028148783 0.004125953 0.0 0.01854979 0.017351087 0.055649474 0.0 0.0 0.0 0.0 0.0 0.0568082 0.009911181 0.08868901 0.033900917 0.069863856 0.040294204 0.044631016 0.0 0.016862068 0.025800347 0.027649075 0.12411256 0.0 0.0 0.0 0.009949602 0.04051138 0.0014462257 0.0029767612 0.0 0.0638571 0.01612823
0.031152831 0.0 0.0 0.0 0.011520098 0.022917042 0.0 0.0 0.0 0.044567406 0.024184903 0.01169762 0.0017329195 0.028994894 0.0 0.0 0.027948102 0.0 0.0 0.0 0.002092497 0.057137605 0.024911225 0.0 0.018956792 0.0630848 0.00958612 0.0 0.014591317 0.018640555 0.0 0.0 0.0 0.0 0.052311238 0.0018039894 0.07440443 0.0 0.023476122 0.014080242 0.014410927 0.011422672 0.07916031 0.029298227 0.0 0.0 0.0 0.017119449 0.0 0.0 0.024745863 0.059652466 0.0 0.0 0.03367935 0.071519576
0.0 0.0 0.047411524 0.0 0.0 0.057907324 0.024813097 0.005269125 0.0 0.0 0.0 0.06695114 0.0 0.015471154 0.0 0.027639655 0.010505681 0.0 0.012473733 0.002092497 0.0 0.04986174 0.0 0.0 0.030297687 0.012511676 0.0 0.06008313 0.015625685 0.011478978 0.0 0.0 0.0 0.0 0.0 0.0 0.010463977 0.0 0.053460155 0.0 0.053601168 0.0 0.059536885 0.019788306 0.0 0.014277196 0.0 0.011369317 0.024062213 0.008211485 0.012559016 0.0 0.0 0.004090488 0.0 0.0
0.0 0.023728296 0.0020632031 0.042365577 0.0554363 0.0 0.013598471 0.028714612 0.02066909 0.0 0.037897818 0.0 0.011204539 0.0 0.01451243 0.01917905 0.013017618 0.04607511 0.030085752 0.057137605 0.04986174 0.0 0.0032783723 0.0906743 0.034252122 0.0 0.0077550025 0.0027465087 0.0 0.023118602 0.07685037 0.019834798 0.026692124 0.0 0.0 0.060015615 0.0 0.061592255 0.0 0.0062146 0.0 0.01686625 0.0 0.0 0.0 0.011979618 0.056443572 0.0 0.04902894 0.0 0.041668996 0.0 0.0106984 0.0 0.0 0.0
0.0118166115 0.009262286 0.015340254 0.0 0.0 0.073480085 0.0 0.010071345 0.015863232 0.02376496 0.0 0.0 0.0 0.0 0.0 0.0 0.0 0.039582238 0.0 0.024911225 0.0 0.0032783723 0.17874196 0.012909145 0.0 0.0 0.036685195 0.0 0.018026726 0.06764316 0.0 0.0 0.0 0.001207056 0.0 0.018709762 0.010678175 0.053056486 0.011837556 0.045281988 0.019241003 0.014531986 0.008137254 0.020359958 0.021782236 0.0014720516 0.0 0.0 0.0 0.009756651 0.04455198 0.07104233 0.0 0.013357028 0.04502916 0.022471959
0.0 0.041158706 0.038865417 0.039337322 0.001835975 0.04444069 0.013097015 0.0 0.0 0.007611407 0.019086573 0.0 0.0 0.0 0.076459125 0.010980013 0.0008890556 0.0 0.028148783 0.0 0.0 0.0906743 0.012909145 0.0 0.027770665 0.0 0.023181349 0.0 0.0 0.0556453 0.02469231 0.09257229 0.030222695 0.0779545 0.0 0.0 0.0 0.07517793 0.0 0.0 0.0 0.016989822 0.0 0.016409762 0.0 0.0 0.0 0.038662665 0.024072524 0.0 0.008592194 0.014218489 0.03634844 0.0 0.0 0.0074452525
0.031588696 0.038361438 0.01740494 0.0 0.0 0.011604382 0.02787526 0.006696338 0.004643061 0.0 0.0 0.038314942 0.058572672 0.00892333 0.03846967 0.022767518 0.02349483 0.025914373 0.004125953 0.018956792 0.030297687 0.034252122 0.0 0.027770666 0.041825246 0.008195553 0.0 0.08805159 0.006733485 0.0 0.0101037165 0.0 0.007823475 0.022349987 0.026048683 0.069320895 0.013867921 0.0 0.025726156 0.04792195 0.05471529 0.012134511 0.016494699 0.04583297 0.003143189 0.0037605672 0.0 0.0 0.009404816 0.0 0.042587858 0.0 0.030704716 0.008860267 0.056207992 0.0059274225
0.081636705 0.011920143 0.0 0.0 0.005335854 0.056354452 0.0 0.086289465 0.054976147 0.0 0.05847836 0.0 0.018117694 0.036135133 0.0 0.0 0.0 0.0 0.0 0.06308481 0.012511676 0.0 0.0 0.0 0.008195553 0.0 0.027335748 0.0030676078 0.0 0.0 0.047921203 0.000601123 0.0 0.004284637 0.013964703 0.016799135 0.00997655 0.043998312 0.0 0.0 0.032829776 0.029308842 0.0 0.0 0.09512669 0.0 0.0 0.03007525 0.0 0.0 0.0 0.034247316 0.02007392 0.0010443606 0.0 0.032234855
0.062815316 0.00791485 0.020202355 0.00026586576 0.0 0.0 0.03533238 0.048663586 0.0 0.022287814 0.04380814 0.0017529787 0.0031735227 0.028333183 0.008611126 0.013966542 0.008512435 0.0 0.01854979 0.009586121 0.0 0.007755002 0.036685195 0.023181349 0.0 0.027335748 0.01401321 0.01892793 0.014102567 0.024577057 0.04225404 0.022575855 0.0 0.02197587 0.042101514 0.0 0.0 0.028397141 0.017951822 0.028985906 0.009349538 0.0 0.0 0.0 0.008697533 0.0010157416 0.004733343 0.058026668 0.0 0.025399648 0.0 0.078731366 0.0 0.017047316 0.024754195 0.025793167
0.0 0.036791626 0.07102458 0.0488294 0.052362535 0.0 0.0 0.0 0.028789066 0.0 0.058913596 0.0 0.0 0.0 0.008267029 0.017982328 0.026756594 0.048227146 0.017351087 0.0 0.06008313 0.0027465085 0.0 0.0 0.08805159 0.0030676078 0.01892793 0.0 0.0 0.030275278 0.049645178 0.016551666 0.06572142 0.0 0.0 0.0 0.0 0.009136391 0.0 0.0 0.0 0.0 0.0010122077 0.010856545 0.0 0.0 0.05744445 0.0 0.0 0.014566103 0.004174245 0.0 0.08532786 0.0 0.0 0.0
0.016186023 0.0 0.0 0.0 0.0 0.0 0.0052767405 0.033481956 0.0 0.0 0.0024518564 0.0 0.042179946 0.06779874 0.0010078679 0.0 0.026492514 0.0 0.05564947 0.014591315 0.015625685 0.0 0.018026726 0.0 0.006733485 0.0 0.014102568 0.0 0.034952395 0.009783611 0.016614836 0.026918648 0.035242084 9.183648e-05 0.0021362547 0.031974703 0.0 0.0 0.0 0.0010079698 0.031348202 0.050835155 0.0 0.0 0.06837194 0.0 0.021449847 0.04881361 0.023055239 0.04774369 0.02266383 0.015490854 0.031257782 0.09534367 0.037084818 0.0
0.0 0.014536408 0.0 0.036485877 0.107346736 0.00511969 0.0 0.0 0.0 0.0 0.012495804 0.023052203 0.0 0.023561588 0.0 0.035520207 0.0 0.040661544 0.0 0.018640555 0.011478977 0.023118602 0.06764316 0.0556453 0.0 0.0 0.024577059 0.030275278 0.009783611 0.0 0.0 0.0 0.020009354 0.0 0.0 0.0792862 0.0 0.028136903 0.028159032 0.02281839 0.08768537 0.0 0.00791738 0.012917408 0.012685367 0.025266893 0.0 0.05509069 0.073900655 0.0 0.0 0.0 0.0045675086 0.0 0.025336292 0.0
0.0 0.0 0.049417842 0.0 0.0 0.00021425061 0.0 0.088218026 0.0 0.0 0.0 0.0214525 0.0 0.065090485 0.0 0.0 0.0 0.0020134689 0.0 0.0 0.0 0.07685038 0.0 0.024692308 0.0101037165 0.047921203 0.04225404 0.049645174 0.016614836 0.0 0.0 0.020999284 0.0 0.013229774 0.064395525 0.0 0.034405313 0.0 0.028262522 0.01655297 0.04190364 0.008851522 0.05394693 0.01353443 0.002676926 0.0 0.019562386 0.04080926 0.02071724 0.057829455 0.036931437 0.0 0.014853633 0.0 0.09003873 0.04119483
0.033527747 0.0 0.0 0.0 0.0 0.010237255 0.0001233828 0.0020827227 0.04528452 0.12620948 0.013252103 0.0 0.0 0.004157255 0.0 0.0 0.0 0.0 0.0 0.0 0.0 0.019834798 0.0 0.09257229 0.0 0.000601123 0.022575857 0.016551666 0.02691865 0.0 0.020999284 0.0 0.0 0.0019268327 0.0073516318 0.03831588 0.17255758 0.0059511457 0.018101903 0.0 0.009238796 0.0 0.03863214 0.0 0.0020862857 0.03695245 0.0 0.0 0.0 0.0 0.058140885 0.036174282 0.0 0.0 0.06437247 0.0
0.006375236 0.0 0.0 0.0 0.004549681 0.024165904 0.045819644 0.0024154517 0.028811965 0.0 0.0 0.0064860675 0.0 0.004805982 0.0 0.0 0.0037735354 0.0 0.0 0.0 0.0 0.026692122 0.0 0.030222699 0.007823475 0.0 0.0 0.06572142 0.03524209 0.020009356 0.0 0.0 0.0 0.042221323 0.04095804 0.0 0.0 0.0 0.046122186 0.02996508 0.05655614 0.0 0.0 0.06279821 0.015991857 0.009189768 0.0 0.0276002 0.0 0.038773004 0.05361409 0.013467695 0.0 0.060381062 0.0 0.08791372
0.05837196 0.0 0.0 0.0 0.0 0.029986566 0.0 0.0 0.0 0.0 0.004736106 0.0 0.051749814 0.0064868983 0.0267047 0.009816465 0.012917156 0.0 0.0 0.0 0.0 0.0 0.0012070559 0.0779545 0.022349987 0.0042846375 0.021975871 0.0 9.183648e-05 0.0 0.013229774 0.0019268327 0.042221323 0.025225138 0.044316135 0.003237506 0.0 0.0 0.0 0.009092101 0.021105178 0.02702662 0.07711248 0.023431493 0.030483834 0.0 0.017370049 0.026795201 0.06330075 0.07880999 0.005428301 0.0 0.008204651 0.015801298 0.010328268 0.08080373
0.040513754 0.0 0.022902343 0.024019161 0.0 0.0142062185 0.0 0.0 0.0 0.035234496 0.0 0.0 0.059214707 0.012409544 0.012121138 0.022421915 0.056824237 0.0 0.0568082 0.052311238 0.0 0.0 0.0 0.0 0.026048683 0.013964702 0.042101514 0.0 0.0021362547 0.0 0.064395525 0.007351632 0.040958043 0.044316135 0.0140201375 0.0 0.0 0.005189497 0.0 0.06004955 0.0 0.0 0.025744721 0.010955297 0.06811297 0.0 0.009686553 0.026894625 0.0 0.010245685 0.0 0.033987936 0.04139509 0.05812708 0.0 0.07329638
0.031227848 0.008069852 0.057110686 0.022807833 0.0 0.0 0.0 0.014985744 0.021825913 0.0033872721 0.06249417 0.0 0.057987712 0.0 0.0 0.02912699 0.013236975 0.018474417 0.0099111805 0.0018039894 0.0 0.06001562 0.018709762 0.0 0.069320895 0.016799135 0.0 0.0 0.031974703 0.07928621 0.0 0.038315877 0.0 0.003237506 0.0 0.06105814 0.0 0.0 0.0 0.0 0.0 0.0 0.0 0.012602728 0.009033572 0.0 0.0057751024 0.0 0.0 0.045540247 0.014126601 0.026522843 0.061936807 0.02320408 0.0 0.0
0.0 0.07420046 0.038596924 0.040511355 0.03733547 0.032826185 0.0 0.0 0.049586546 0.026251437 0.042966664 0.0 0.0 0.0 0.031331647 0.0 0.0 0.09597233 0.088689 0.07440444 0.010463977 0.0 0.010678175 0.0 0.013867923 0.00997655 0.0 0.0 0.0 0.0 0.034405313 0.17255756 0.0 0.0 0.0 0.0 0.0 0.038701 0.0 0.0 0.0015565031 0.0063701435 0.023097742 0.0038829912 0.0 0.0 0.029882725 0.005583555 0.05560445 0.0 0.0115142455 0.0 0.008724771 0.0 0.0 0.0
0.014183622 0.0 0.035380986 0.0 0.0 0.0 0.0 0.0 0.0 0.01977005 0.08103429 0.05351553 0.0 0.014738804 0.048194807 0.0 0.0 0.0 0.033900913 0.0 0.0 0.06159225 0.053056486 0.07517794 0.0 0.04399831 0.02839714 0.009136391 0.0 0.028136905 0.0 0.0059511457 0.0 0.0 0.005189497 0.0 0.038701 0.007965079 0.009235256 0.028963393 0.023006951 0.0 0.0 0.006296455 0.0022636866 0.07693179 0.0 0.030242441 0.0 0.013744731 0.06073027 0.029467905 0.0 0.0064245476 0.03181315 0.0
0.0 0.048506927 0.023204422 0.16472632 0.108426206 0.026399923 0.038032 0.0 0.04589817 0.0 0.02661083 0.020553814 0.03789609 0.0 0.0 0.0 0.012764169 0.0052345362 0.06986386 0.023476122 0.05346016 0.0 0.011837556 0.0 0.025726156 0.0 0.017951822 0.0 0.0 0.02815903 0.028262522 0.0181019 0.046122186 0.0 0.0 0.0 0.0 0.009235256 0.0 0.0 0.0033571026 0.03458397 0.012471674 0.0 0.0 0.016265094 0.036793936 0.0 0.07129836 0.0 0.0 0.0 0.031441625 0.0 0.003486595 0.0
0.010421241 0.01052048 0.0 0.027945843 0.0 0.0 0.013051809 0.03620035 0.08700719 0.0019678397 0.0 0.0 0.00935381 0.078475505 0.044233654 0.023415593 0.0 0.0019876496 0.040294204 0.014080242 0.0 0.0062146 0.045281988 0.0 0.04792195 0.0 0.028985905 0.0 0.0010079698 0.022818392 0.01655297 0.0 0.029965084 0.009092102 0.060049545 0.0 0.0 0.028963394 0.0 0.0 0.033101514 0.0 0.0 0.0040445477 0.0 0.015684431 0.05527813 0.0 0.034826804 0.044089753 0.033761125 0.0 0.0 0.03815267 0.0 0.0
0.0 0.007192268 0.022614172 0.024199434 0.03388332 0.010857208 0.051201392 0.0 0.042347543 0.0015254214 0.08202438 0.022177787 0.039634775 0.0 0.0 0.009917315 0.031154692 0.008261027 0.044631016 0.014410926 0.053601168 0.0 0.019241005 0.0 0.05471529 0.03282978 0.009349539 0.0 0.031348202 0.08768537 0.04190364 0.009238796 0.05655614 0.02110518 0.0 0.0 0.0015565031 0.023006951 0.0033571026 0.033101518 0.0 0.035093423 0.0 0.0 0.0 0.03288915 0.08226408 0.0 0.0 0.027577862 0.0 0.0 0.049760845 0.0038880787 0.0 0.0
0.0214189 0.006432747 0.022590002 0.03732594 0.0 0.050095625 0.0 0.025269002 0.0120203495 0.016710998 0.012682847 0.08045695 0.073780194 0.013274062 0.028578917 0.029734414 0.06643552 0.0 0.0 0.011422672 0.0 0.01686625 0.014531986 0.01698982 0.012134511 0.02930884 0.0 0.0 0.050835155 0.0 0.008851522 0.0 0.0 0.02702662 0.0 0.0 0.0063701435 0.0 0.03458397 0.0 0.035093423 0.0 0.011661747 0.052844297 0.02425893 0.0 0.014060432 0.0 0.016162086 0.036529064 0.003830355 0.0019312705 0.027074045 0.028470868 0.0 0.0277988
0.0 0.050328698 0.055524092 0.11925686 0.08866513 0.0131322425 0.0 0.0 0.0 0.0 0.031984575 0.021913862 0.05347309 0.0 0.0074461065 0.053796552 0.0006374859 0.051773626 0.01686207 0.07916031 0.05953688 0.0 0.008137254 0.0 0.0164947 0.0 0.0 0.0010122077 0.0 0.00791738 0.05394693 0.03863214 0.0 0.07711248 0.02574472 0.0 0.023097742 0.0 0.012471674 0.0 0.0 0.011661747 0.0 0.0 0.0 0.013869299 0.059302364 0.0 0.04395969 0.0 0.013330077 0.0 0.004735193 0.0 0.0 0.0
0.010789072 0.0 0.0 0.0 0.0 0.0 0.10747657 0.0 0.033841293 0.0 0.0 0.00398972 0.047736205 0.058882393 0.012985795 0.020037392 0.03950055 0.069400914 0.02580035 0.029298227 0.019788306 0.0 0.02035996 0.016409762 0.04583297 0.0 0.0 0.0108565455 0.0 0.012917408 0.01353443 0.0 0.06279821 0.023431495 0.010955297 0.012602728 0.0038829916 0.0062964554 0.0 0.0040445477 0.0 0.052844297 0.0 0.0 0.03462243 0.0 0.02361638 0.0 0.016314093 0.058211375 0.0 0.0 0.0075372322 0.04569576 0.0 0.006208265
0.03953831 0.04036359 0.021697698 0.0 0.0 0.0 0.0 0.026509624 0.0 0.05539504 0.016788619 0.0044475296 0.0028839072 0.047656383 0.02756665 0.0 0.06789281 0.0 0.027649077 0.0 0.0 0.0 0.021782236 0.0 0.0031431888 0.09512669 0.008697533 0.0 0.06837194 0.012685367 0.0026769263 0.0020862855 0.01599186 0.030483834 0.06811297 0.009033572 0.0 0.0022636864 0.0 0.0 0.0 0.024258932 0.0 0.03462243 0.067663975 0.0 0.0257089 0.017922787 0.010021249 0.040499266 0.0 0.059565194 0.009366329 0.039906185 0.0 0.033794437
0.0 0.0 0.0 0.084200814 0.08539151 0.039619204 0.09144377 0.0 0.100414164 0.024540361 0.005217717 0.021120554 0.0 0.0 0.036966264 0.0 0.0 0.012329406 0.124112554 0.0 0.014277195 0.011979618 0.0014720516 0.0 0.0037605667 0.0 0.0010157415 0.0 0.0 0.025266891 0.0 0.03695245 0.009189768 0.0 0.0 0.0 0.0 0.07693178 0.016265094 0.015684431 0.032889154 0.0 0.013869299 0.0 0.0 0.0 0.06707767 0.0 0.059176046 0.0 0.0 0.0 0.011406604 0.0033959239 0.0 0.0
0.042964462 0.0 0.012890889 0.0 0.0 0.0 0.026306476 0.0032766499 0.039028995 0.006361926 0.0 0.017799057 0.0 0.057271793 0.0 0.00012807993 0.024289161 0.0 0.0 0.0 0.0 0.056443572 0.0 0.0 0.0 0.0 0.004733343 0.057444453 0.021449849 0.0 0.019562384 0.0 0.0 0.01737005 0.009686553 0.005775102 0.029882725 0.0 0.03679394 0.05527813 0.08226407 0.014060432 0.05930236 0.02361638 0.0257089 0.06707767 0.052591827 0.008562684 0.0 0.0 0.04358578 0.010397592 0.0 0.0 0.00920883 0.021120926
0.016344301 0.018924909 0.0 0.0 0.0 0.007489413 0.029860072 0.057188924 0.0 0.018667486 0.011230332 0.02231713 0.041592598 0.017404284 0.0 0.037689343 0.0 0.07743884 0.0 0.017119449 0.011369316 0.0 0.0 0.038662665 0.0 0.030075248 0.058026675 0.0 0.04881361 0.05509069 0.040809263 0.0 0.027600203 0.026795201 0.026894623 0.0 0.0055835554 0.030242443 0.0 0.0 0.0 0.0 0.0 0.0 0.017922787 0.0 0.008562683 0.0 0.01096564 0.0 0.0 0.06214111 0.0 0.004548468 0.040590458 0.048373617
0.0 0.02847606 0.03897711 0.01056681 0.0 0.049289096 0.009007658 0.0 0.0 0.0 0.0 0.061138015 0.0 0.0076162545 0.0 0.054542933 0.0012668474 0.048000216 0.0 0.0 0.02406221 0.049028944 0.0 0.024072524 0.009404816 0.0 0.0 0.0 0.023055239 0.073900655 0.02071724 0.0 0.0 0.06330075 0.0 0.0 0.055604447 0.0 0.07129836 0.034826804 0.0 0.016162086 0.04395969 0.016314095 0.010021248 0.059176046 0.0 0.010965639 0.028751776 0.0 0.005293894 0.0 0.0 0.037435956 0.0 0.0
0.0 0.0 0.0 0.0 0.017348355 0.0 0.00061377377 0.03550205 0.0 0.000612089 0.0 0.0 0.060002502 0.08429759 0.0 0.0 0.07682254 0.0 0.009949602 0.0 0.008211485 0.0 0.009756651 0.0 0.0 0.0 0.02539965 0.014566104 0.04774369 0.0 0.05782945 0.0 0.038773004 0.07880999 0.010245685 0.04554025 0.0 0.013744732 0.0 0.044089753 0.027577862 0.036529064 0.0 0.058211375 0.040499266 0.0 0.0 0.0 0.0 0.030332465 0.0 0.010857894 0.0 0.10472704 0.0 0.061290067
0.0 0.057915546 0.016887445 0.03491513 0.051494002 0.0 0.0 0.034231253 0.09115406 0.048851278 0.009268705 0.0 0.0 0.012625624 0.05249874 0.010210477 0.010736429 0.011402828 0.040511377 0.024745863 0.012559015 0.041668996 0.04455198 0.008592194 0.04258786 0.0 0.0 0.004174245 0.02266383 0.0 0.036931437 0.05814088 0.05361409 0.0054283007 0.0 0.014126601 0.0115142455 0.06073027 0.0 0.03376113 0.0 0.003830355 0.013330077 0.0 0.0 0.0 0.043585785 0.0 0.0052938946 0.0 0.0 0.008304489 0.0 0.0 0.01666652 0.0
0.018636538 0.010536414 0.0 0.0 0.035688356 0.0 0.0 0.0 0.043234877 0.120418556 0.102127224 0.0 0.011801455 0.0 0.017868144 0.0 0.0 0.009275294 0.0014462257 0.059652463 0.0 0.0 0.07104233 0.01421849 0.0 0.034247316 0.078731366 0.0 0.015490855 0.0 0.0 0.036174286 0.013467695 0.0 0.033987936 0.026522843 0.0 0.029467905 0.0 0.0 0.0 0.0019312704 0.0 0.0 0.059565194 0.0 0.010397592 0.06214111 0.0 0.010857895 0.008304489 0.0 0.0 0.0 0.06897781 0.0
0.026270622 0.030003604 0.0 0.0 0.0036231922 0.0 0.06516119 0.048661966 0.0 0.00049606303 0.0 0.056811992 0.00020448047 0.004933528 0.0034330608 0.081715085 0.02245896 0.016809434 0.0029767612 0.0 0.0 0.010698401 0.0 0.03634844 0.030704718 0.020073922 0.0 0.08532787 0.03125778 0.0045675086 0.014853632 0.0 0.0 0.008204651 0.041395094 0.06193681 0.008724772 0.0 0.031441625 0.0 0.04976084 0.027074045 0.004735193 0.0075372327 0.009366329 0.011406604 0.0 0.0 0.0 0.0 0.0 0.0 0.0 0.0007683639 0.020204445 0.061176002
0.024498241 0.0 0.0033705502 0.0 0.011802273 0.003563112 0.05002221 0.026289476 0.0 0.018301083 0.014151015 0.0 0.0031614525 0.019171204 0.0 0.0 0.011262894 0.0 0.0 0.0 0.004090488 0.0 0.013357029 0.0 0.008860267 0.0010443606 0.017047316 0.0 0.09534367 0.0 0.0 0.0 0.060381062 0.015801296 0.058127083 0.023204079 0.0 0.006424547 0.0 0.03815267 0.0038880787 0.028470868 0.0 0.045695756 0.039906185 0.0033959236 0.0 0.004548468 0.037435953 0.10472704 0.0 0.0 0.0007683638 0.11427455 0.042816844 0.06606811
0.023044065 0.023265125 0.0 0.004911494 0.0 0.012057751 0.0051749065 0.0 0.0054567563 0.0 0.012453786 0.0 0.027100252 0.005703967 0.062345058 0.007608277 0.046361085 0.0133648785 0.0638571 0.033679347 0.0 0.0 0.045029156 0.0 0.056207992 0.0 0.024754195 0.0 0.037084818 0.025336294 0.09003873 0.06437247 0.0 0.010328268 0.0 0.0 0.0 0.03181315 0.003486595 0.0 0.0 0.0 0.0 0.0 0.0 0.0 0.00920883 0.04059046 0.0 0.0 0.01666652 0.06897781 0.020204445 0.042816848 0.016227096 0.0
0.08515035 0.0049476377 0.0 0.0 0.0 0.0 0.0 0.0051136916 0.017754469 0.0 0.018413765 0.0 0.034771774 0.048379116 0.0 0.0 0.026763119 0.0 0.01612823 0.071519576 0.0 0.0 0.022471959 0.007445253 0.0059274225 0.032234855 0.025793169 0.0 0.0 0.0 0.04119483 0.0 0.08791372 0.08080374 0.07329638 0.0 0.0 0.0 0.0 0.0 0.0 0.027798798 0.0 0.0062082657 0.033794437 0.0 0.021120926 0.04837362 0.0 0.061290067 0.0 0.0 0.061176 0.06606811 0.0 0.0631147
