0.0 0.068270735 0.0077524814 0.0 0.0 0.0067122905 0.0025981206 0.0058088438 0.0 0.0 0.0 0.025988039 0.055831935 0.034559038 0.053848658 0.0316691 0.08249336 0.009088529 0.0 0.0 0.0 0.07977637 0.030713806 0.012039898 0.09013366 0.06183557 0.0 0.03231543 0.014157145 0.015049044 0.013550098 0.0 0.0 0.041008256 0.023034565 0.0 0.011878639 0.0 0.040682692 0.0552718 0.0 0.0025625445 0.036538266 0.0146401925 0.0 0.017076 0.0 0.01332783 0.0 0.021901991 0.0 0.0055099074 0.04337379 0.0 0.0 0.025424678
0.068270735 0.0 0.0 0.0 0.0 0.0 0.0 0.07537059 0.0 0.0 0.032049105 0.0 0.026135111 0.07082383 0.01892823 0.020887509 0.0 0.0046121525 0.0 0.0 0.0 0.0 0.0 0.038707517 0.0051107407 0.043313507 0.023093568 0.07909087 0.032175645 0.0 0.0 0.0 0.01715106 0.0 0.041128945 0.0 0.0 0.0 0.0 0.053569745 0.0 0.0 0.007872925 0.023437146 0.014775573 0.059024464 0.0 0.0 0.0 0.023479125 0.02946916 0.07509526 0.0 0.0 0.079242736 0.01618713
0.0077524814 0.0 0.010669482 0.04036743 0.105357766 0.03226383 0.01743745 0.0 0.06455281 0.0 0.123889394 0.037502028 0.0 0.0 0.0 0.04109086 0.0 0.023689242 0.02178062 0.0 0.020649066 0.0 0.0 0.0 0.0 0.0 0.05887413 0.0 0.0 0.0031070553 0.09265588 0.065229215 0.06733856 0.0 0.0 0.053282395 0.0 0.0 0.0 0.0 0.0 0.012992791 0.0 0.0 0.0 0.011181526 0.060536075 0.0 0.0 0.0 0.0028518243 0.0 0.05222709 0.015166639 0.0 0.0
0.0 0.0 0.04036743 0.0 0.009060561 0.0 0.0 0.0021306619 0.0 0.0105073685 0.09939312 0.0 0.0 0.0009963943 0.0 0.008190554 0.0 0.0 0.0695072 0.0 0.0 0.0 0.0 0.02032331 0.0 0.0 0.09530696 0.0702844 0.0 0.0 0.01760594 0.029514493 0.011144964 0.0 0.0 0.07905583 0.009202708 0.0 0.0 0.01150323 0.0059267306 0.0 0.0 0.0 0.015925415 0.0 0.05139109 0.0 0.0 0.025743678 0.05788383 0.062067047 0.0 0.054734908 0.0 0.0012620467
0.0 0.0 0.105357766 0.009060561 0.0 0.0 0.0 0.0 0.0 0.0 0.0 0.008625814 0.0 0.023459006 0.0033093507 0.0 0.018535968 0.0 0.0 0.0 0.0 0.0 0.0 0.0 0.026001222 0.0 0.059134237 0.0 0.091314256 0.026230743 0.0 0.0 0.07467518 0.0062192497 0.0 0.0 0.0 0.0 0.0 0.009784302 0.03652254 0.044082396 0.0 0.03935219 0.0 0.0 0.031575948 0.0002466747 0.0 0.13331538 0.04946986 0.00046449326 0.0 0.09325596 0.012483464 0.04141826
0.0067122905 0.0 0.032263827 0.0 0.0 0.062056463 0.0 0.011856578 0.033009138 0.0 0.071991876 0.051174022 0.0 0.0 0.0 0.0 0.0 0.0 0.0 0.0 0.058937512 0.0 0.0 0.0 0.055052876 0.0 0.053945083 0.0 0.0 0.009410421 0.0 0.16350979 0.07132994 0.0 0.0 0.044698324 0.0 0.0 0.0 0.0 0.0 0.09413271 0.012695907 0.0 0.0 0.010236389 0.07274325 0.0 0.017312163 0.0 0.0 0.0 0.0 0.0 0.0 0.0
0.0025981206 0.0 0.01743745 0.0 0.0 0.0 0.0 0.0 0.0 0.04252931 0.0 0.008479443 0.0 0.0 0.0059103793 0.0 0.045525745 0.0 0.0 0.0 0.0062525882 0.0 0.0 0.008446581 0.0 0.04794745 0.098817684 0.0 0.048004262 0.0 0.0 0.005649646 0.042819392 1.6501279e-08 0.07183074 0.037795674 0.016084293 0.0 0.0329275 0.0 0.024904685 0.0 0.0 0.0052388427 0.0 0.021099856 0.016523177 0.06152206 0.0 0.07466141 0.015865622 0.016540479 0.0 0.02801032 0.0653583 0.025505275
0.0058088438 0.07537058 0.0 0.0021306619 0.0 0.011856578 0.0 0.0004046316 0.0 0.0 0.0 0.0 0.02070787 0.04334593 0.011875951 0.02372885 0.0 0.005277299 0.0 0.0 0.0 0.029915933 0.08864933 0.05440488 0.06261687 0.026998514 0.0 0.047349673 0.0078205215 0.004664126 0.0064067207 0.0 0.0 0.09298207 0.06500883 0.0 0.03166289 0.028671429 0.055366985 0.03116651 0.0 0.0 0.028632967 0.031689636 0.010792201 0.0 0.0 0.07699437 0.0 0.0 0.035215013 0.04544235 0.009365127 0.0013633224 0.05037357 0.04293976
0.0 0.0 0.06455281 0.0 0.0 0.033009134 0.0 0.0 0.0 0.0 0.0 0.013187109 0.0 0.057126224 0.020464232 0.0 0.0 0.0 0.0 0.0 0.050953675 0.010184361 0.0 0.026363915 0.0 0.0 0.05923365 0.0 0.09121881 0.012658824 0.0 0.0 0.005291005 0.0 0.0 0.0 0.008551767 0.0 0.011948364 0.061699945 0.087544516 0.017048657 0.0 0.1065208 0.0 0.0 0.0 0.0 0.0 0.020031745 0.022184605 0.0 0.0039153923 0.03278223 0.0 0.0
0.0 0.0 0.0 0.0105073685 0.0 0.0 0.04252931 0.0 0.0 0.0 0.0 0.0 0.023079233 0.1206276 0.038432747 0.008051017 0.009964141 0.0 0.0 0.0 0.0 0.020085592 0.0023183238 0.005997009 0.0 0.055663187 0.032383006 0.0 0.0 0.0 0.0 0.0 0.0070512197 0.02414337 0.0556048 0.0 0.0 0.0 0.00720561 0.078656845 0.02473418 0.00026309985 0.0 0.048914053 0.018001981 0.014120236 0.010651974 0.07083549 0.0 0.11663476 0.01086218 0.07164728 0.0 0.0 0.034906663 0.014075719
0.0 0.032049105 0.1238894 0.09939312 0.0 0.07199188 0.0 0.0 0.0 0.0 0.050652906 0.022093827 0.0 0.0 0.0 0.0 0.0 0.041457873 0.0 0.0 0.024753222 0.0 0.0 0.00016477083 0.0 0.0 0.00739112 0.0 0.014221645 0.0 0.0 0.03946291 0.014051701 0.028194891 0.0 0.0 0.0 0.0 0.0 0.022316897 0.03300745 0.04201757 0.02323982 0.01907688 0.0 0.0 0.057908386 0.03255159 0.03171381 0.027018376 0.023914346 0.031024935 0.04247695 0.006127634 0.0 0.0
0.02598804 0.0 0.03750203 0.0 0.008625813 0.051174022 0.008479442 0.0 0.013187109 0.0 0.022093827 0.017981282 0.020665657 0.0 0.00642075 0.0 0.009592247 0.00319461 0.029180827 0.0 0.018900145 0.0 0.0 0.0032582642 0.03588631 0.0 0.011491336 0.0 0.0 0.012656779 0.0 0.11093608 0.033159934 0.044208877 0.0 0.09653022 0.0 0.01738051 0.006590525 0.0 0.0 0.0795449 0.0 0.0 0.01078501 0.06273855 0.056392305 0.0 0.030329842 0.030907921 0.0 0.0 0.05937834 0.0 0.0024756659 0.0
0.055831935 0.026135111 0.0 0.0 0.0 0.0 0.0 0.02070787 0.0 0.023079233 0.0 0.020665657 0.069720864 0.03650917 0.0005374292 0.010675883 0.051340174 0.06455901 0.011244652 0.0 0.0 0.11071034 0.013431552 0.03303125 0.0 0.039459717 0.0 0.07922092 0.07881918 0.01582506 0.0 0.0 0.0 0.02755785 0.023684824 0.0 0.029931247 0.0 0.011717774 0.010025522 0.0 0.0034575053 0.0093226 0.0 0.0 0.033201154 0.0 0.0 0.0 0.009600132 0.0 0.031184414 0.009774043 0.0 0.02109315 0.04990363
0.03455904 0.07082383 0.0 0.0009963943 0.023459006 0.0 0.0 0.043345932 0.057126224 0.120627604 0.0 0.0 0.036509167 0.0 0.010047112 0.04080149 0.0 0.0 0.031953473 0.0 0.0 0.0059129233 0.07282608 0.034127202 0.0 0.017851215 0.0 0.03771979 0.0 0.0 0.03988256 0.0 0.0 0.0 0.054953687 0.0 0.07606631 0.016808059 0.06877457 0.037595388 0.0 0.0 0.0320094 0.0 0.058314957 0.0 0.0 0.008506714 0.0 0.0 0.020585172 0.03988705 0.0 0.0 0.023882939 0.008685154
0.053848658 0.01892823 0.0 0.0 0.0033093507 0.0 0.005910379 0.011875951 0.020464232 0.038432747 0.0 0.0064207506 0.0005374292 0.010047112 0.0 0.0 0.0 0.025608722 0.0 0.0 0.0 0.0 0.030107642 0.00010098064 0.031836145 0.0 0.019094337 0.0 0.020881815 0.0 0.0 0.0 0.11182421 0.0131560555 0.02688184 0.037646037 0.053505007 0.0043360065 0.014685942 0.0 0.039538812 0.003542614 0.040992662 0.0 0.04253041 0.014085197 0.024877982 0.036210056 0.0 0.07370727 0.018668845 0.0 0.0 0.014211649 0.036159042 0.014150471
0.031669095 0.020887509 0.04109086 0.008190554 0.0 0.0 0.0 0.023728848 0.0 0.008051017 0.0 0.0 0.010675882 0.04080149 0.0 0.0 0.0033128792 0.04036915 0.0 0.0 0.0 0.008961475 0.0047505 0.0 0.0 0.0 0.00012453977 0.050842848 0.06321851 0.0 0.0 0.0 0.0 0.076081015 0.04052753 0.016015612 0.04889346 0.0 0.00096515584 0.029952344 0.08382813 0.021339202 0.03360654 0.028932296 0.016417459 0.0 0.0 0.006694241 0.0010516817 0.031448178 0.0 0.018290803 0.0 0.0065772557 0.0044429135 0.025071075
0.08249336 0.0 0.0 0.0 0.018535968 0.0 0.045525745 0.0 0.0 0.00996414 0.0 0.009592247 0.051340174 0.0 0.0 0.0033128792 0.019632706 0.013955152 0.06433733 0.0 0.006789994 0.012681556 0.0 0.004482092 0.041497957 0.0 0.018483961 0.0 0.0 0.0045641772 0.0 0.0 0.015606385 0.0 0.0 0.005620857 0.0 0.0 0.08323134 0.0 0.03101062 0.0 0.0 0.0 0.005097196 0.0 0.0 0.0 0.028175944 0.04427752 0.03509947 0.0 0.014662034 0.003948867 0.12904379 0.07456106
0.009088529 0.0046121525 0.02368924 0.0 0.0 0.0 0.0 0.005277299 0.0 0.0 0.041457873 0.0031946101 0.06455901 0.0 0.025608722 0.040369153 0.013955153 0.021801226 0.0 0.0 0.004804712 0.0 0.0 0.0179944 0.0 0.007607472 0.060924646 0.0 0.0 0.0 0.0 0.0 0.0 0.0 0.034761976 0.0636367 0.0 0.034764923 0.0 0.0 0.085465126 0.0 0.0 0.042235773 0.023851713 0.0 0.0 0.0 0.0 0.017023226 0.0060242387 0.044745218 0.026761644 0.017282737 0.00896233 0.02043459
0.0 0.0 0.02178062 0.0695072 0.0 0.0 0.0 0.0 0.0 0.0 0.0 0.029180828 0.011244653 0.031953476 0.0 0.0 0.06433732 0.0 0.0 0.0 0.0 0.028890004 0.0 0.0 0.0050423127 0.018581033 0.033266015 0.0081012305 0.0335298 0.0070385146 0.0 0.0 0.035136342 0.015711673 0.0 0.0 0.0 0.018387603 0.030480664 0.0002256904 0.03917429 0.08680179 0.016210636 0.03917304 0.007226536 0.0 0.08332553 0.0063208463 0.037137195 0.082811296 0.0 5.9431287e-08 0.0 0.061478484 0.0 0.04620547
0.0 0.0 0.0 0.0 0.0 0.0 0.0 0.0 0.0 0.0 0.0 0.0 0.0 0.0 0.0 0.0 0.0 0.0 0.0 0.0 0.0 0.0 0.0 0.0 0.0 0.013494131 0.019023618 0.0 0.0 0.0 0.0 0.12870646 0.0047440105 0.0 0.0119826505 0.0 0.0 0.0 0.0 0.109437004 0.10648538 0.008752842 0.041945916 0.043110944 0.0 0.0 0.11912547 0.02037185 0.02896594 0.0 0.0 0.0 0.0 0.0 0.0 0.061066
0.0 0.0 0.020649064 0.0 0.0 0.058937512 0.0062525882 0.0 0.050953675 0.0 0.024753222 0.018900145 0.0 0.0 0.0 0.0 0.006789994 0.004804712 0.0 0.0 0.053033523 0.0 0.0 0.0028372812 0.0 0.0 0.09820685 0.0 0.04013961 0.0 0.0 0.014705721 0.033268694 0.0 0.0 0.023213223 0.0 0.0 0.0 0.0 0.045115087 0.042689633 0.0 0.013175259 0.0 0.0 0.091128655 0.0070859394 0.0 0.040558115 0.025057146 0.0 0.0 0.10638472 0.021761462 0.0
0.07977637 0.0 0.0 0.0 0.0 0.0 0.0 0.02991593 0.010184361 0.02008559 0.0 0.0 0.11071034 0.0059129233 0.0 0.0089614745 0.012681556 0.0 0.028890004 0.0 0.0 0.0 0.039868906 0.0 0.0 0.06481111 0.0004760707 0.04705986 0.0047378954 0.041321866 0.018159559 0.0 0.0 0.0 0.010249573 0.020726675 0.0002492832 0.0 0.003750742 0.0028769353 0.1077171 0.011510946 0.005375943 0.0395456 0.0 0.0 0.0 0.0006530226 0.0 0.019306507 0.018824028 0.0 0.0017919481 0.08688273 0.009972356 0.0046782843
0.030713806 0.0 0.0 0.0 0.0 0.0 0.0 0.08864934 0.0 0.0023183238 0.0 0.0 0.013431551 0.07282608 0.030107643 0.0047505 0.0 0.0 0.0 0.0 0.0 0.03986891 0.0 0.050987866 0.022974627 0.02090436 0.0052860593 0.057752553 0.010284107 0.0 0.0 0.009091367 0.0070403623 0.027535873 0.03489933 0.008072313 0.0 0.0 0.01502936 0.026136436 0.0 0.015064016 0.026744127 0.031157088 0.024658471 0.0 0.0054315776 0.05231703 0.0 0.05470905 0.034034267 0.00605285 0.0 0.0 0.028851897 0.082441114
0.012039898 0.038707517 0.0 0.020323308 0.0 0.0 0.00844658 0.054404877 0.026363915 0.005997009 0.00016477084 0.003258264 0.03303125 0.034127202 0.000100980644 0.0 0.004482092 0.0179944 0.0 0.0 0.0028372812 0.0 0.050987866 0.02990621 0.0 0.0 0.0 0.052310802 0.028057523 0.0 0.009457412 0.0 0.0 0.0 0.082115196 0.014600734 0.030792857 0.0016958232 0.0 0.07517951 0.0 0.0 0.04329838 0.069265924 0.05541076 0.0 0.037705578 0.045760695 0.0 0.020439027 0.02895551 0.02752901 0.0065833814 0.0023319742 0.0 0.105879605
0.09013367 0.0051107407 0.0 0.0 0.026001222 0.055052876 0.0 0.06261687 0.0 0.0 0.0 0.035886306 0.0 0.0 0.03183614 0.0 0.041497953 0.0 0.0050423127 0.0 0.0 0.0 0.022974627 0.0 0.0 0.05964926 0.026084017 0.0063027088 0.001088857 0.0 0.005771852 0.0 0.0 0.0 0.0 0.02117896 0.010422094 0.0 0.0 0.0 0.041388802 0.047679666 0.0 0.027430829 0.012292095 0.0 0.0 0.0 0.0 0.031162128 0.04652799 0.03175723 0.0 0.09655046 0.07084121 0.016431417
0.061835565 0.043313507 0.0 0.0 0.0 0.0 0.04794745 0.026998514 0.0 0.05566319 0.0 0.0 0.039459713 0.017851215 0.0 0.0 0.0 0.0076074726 0.01858103 0.013494131 0.0 0.06481111 0.020904362 0.0 0.05964926 0.0 0.0 0.0 0.0 0.070639625 0.041638207 0.0 0.0 0.065778956 0.012346285 0.0 0.03374137 0.0 0.02531596 0.0 0.0 0.0 0.041078016 0.0 0.12971233 0.0 0.0 0.040106628 0.0 0.0 0.0 0.0 0.0 0.0 0.0 0.017376117
0.0 0.02309357 0.05887413 0.09530696 0.059134237 0.053945087 0.09881769 0.0 0.059233647 0.032383006 0.00739112 0.011491335 0.0 0.0 0.019094337 0.00012453977 0.018483961 0.060924646 0.033266015 0.019023616 0.09820684 0.0004760707 0.0052860593 0.0 0.026084017 0.0 0.0 0.0 0.0 0.071278304 0.0 0.0467232 0.0 0.0 0.0 0.023884045 0.011432818 0.09359684 0.038426585 0.0 0.0 0.0075167567 0.0 0.0 0.0 0.059033398 0.0 0.000643171 0.04265708 0.0 0.008427649 0.0 0.07101619 0.0 0.007201983 0.0
0.03231543 0.07909087 0.0 0.07028439 0.0 0.0 0.0 0.047349676 0.0 0.0 0.0 0.0 0.07922092 0.037719786 0.0 0.050842848 0.0 0.0 0.008101231 0.0 0.0 0.04705986 0.057752553 0.0523108 0.006302709 0.0 0.0 0.08751713 0.0 0.0 0.0 0.0 0.0 0.0 0.009671883 0.0 0.07201718 0.0 0.0 0.106919944 0.0 0.0 0.07390345 0.0138292145 0.030237494 0.0 0.0 0.006267109 0.0 0.007540665 0.023998715 0.042492222 0.0 0.0 0.0 0.0
0.014157145 0.032175645 0.0 0.0 0.09131426 0.0 0.04800426 0.0078205215 0.09121881 0.0 0.014221645 0.0 0.07881918 0.0 0.020881815 0.06321851 0.0 0.0 0.0335298 0.0 0.04013961 0.004737895 0.010284107 0.028057523 0.001088857 0.0 0.0 0.0 0.0 0.0 0.0922413 0.0 0.0 0.0 0.025249308 0.0032711474 0.0 0.00019452542 0.09864429 0.0 0.0 0.010587518 0.0 0.0 0.0109309135 0.019113764 0.0 0.0013020955 0.09276539 0.0 0.0 0.0 0.0 0.0 0.05591209 0.0
0.015049044 0.0 0.0031070553 0.0 0.026230743 0.009410421 0.0 0.0046641263 0.012658824 0.0 0.0 0.012656778 0.01582506 0.0 0.0 0.0 0.0045641772 0.0 0.0070385146 0.0 0.0 0.041321862 0.0 0.0 0.0 0.070639625 0.07127831 0.0 0.0 0.0 0.01570781 0.015946837 0.0 0.001366252 0.0 0.08166731 0.0 0.0 0.018150937 0.0 0.06281411 0.09794087 0.0 0.054481585 0.0 0.01117264 0.024699189 0.0 0.0 0.022944074 0.032198846 0.0 0.023334334 0.030081863 0.05469247 0.0
0.013550097 0.0 0.09265588 0.017605942 0.0 0.0 0.0 0.0064067207 0.0 0.0 0.0 0.0 0.0 0.03988256 0.0 0.0 0.0 0.0 0.0 0.0 0.0 0.01815956 0.0 0.009457412 0.005771852 0.041638207 0.0 0.0 0.09224131 0.01570781 0.0 0.0 0.0 0.018954573 0.0067094746 0.024721913 0.0 0.013506286 0.07445833 0.0083252285 0.068734534 0.0 0.0032898725 0.071655676 0.0 0.0 0.0 0.021196378 0.0 0.017309431 0.027284842 0.026427915 0.0 0.05732445 0.0 0.0152443545
0.0 0.0 0.065229215 0.029514493 0.0 0.16350979 0.0056496453 0.0 0.0 0.0 0.039462913 0.11093608 0.0 0.0 0.0 0.0 0.0 0.0 0.0 0.12870644 0.014705722 0.0 0.009091368 0.0 0.0 0.0 0.046723194 0.0 0.0 0.015946837 0.0 0.008028645 0.054892205 0.0 0.005977161 0.0 0.0 0.048564184 0.002661559 0.016408714 0.0 0.015001334 0.022679467 0.0 0.0 0.0022930007 0.07081565 4.524218e-05 0.123984896 0.02325021 0.0 0.0 0.014638588 0.088678546 0.0 0.0005469292
0.0 0.01715106 0.06733857 0.011144964 0.07467518 0.07132994 0.04281939 0.0 0.005291005 0.007051219 0.014051702 0.033159934 0.0 0.0 0.111824214 0.0 0.015606386 0.0 0.035136346 0.004744011 0.033268694 0.0 0.007040362 0.0 0.0 0.0 0.0 0.0 0.0 0.0 0.0 0.054892205 0.0 0.034804683 0.0 0.028148282 0.0 0.10882463 0.003992353 0.0 0.0 0.09753019 0.01480452 0.016629787 0.0 0.045488946 0.0074440446 0.0 0.09516756 0.0 0.0 0.0 0.05200458 0.0 0.011712616 0.0
0.041008256 0.0 0.0 0.0 0.00621925 0.0 1.6501279e-08 0.09298207 0.0 0.02414337 0.028194891 0.044208873 0.027557852 0.0 0.0131560555 0.07608102 0.0 0.0 0.015711673 0.0 0.0 0.0 0.027535873 0.0 0.0 0.065778956 0.0 0.0 0.0 0.0013662521 0.018954571 0.0 0.034804683 0.0 0.0 0.10729062 0.00622566 0.0047719665 0.0 0.0 0.0 0.007098076 0.0 0.0 0.0003519465 0.0 0.0 0.0 0.0 0.035564337 0.04364751 0.009631084 0.023093853 0.034417797 0.06639108 0.014914038
0.023034565 0.041128945 0.0 0.0 0.0 0.0 0.07183075 0.06500883 0.0 0.0556048 0.0 0.0 0.023684826 0.054953683 0.026881842 0.04052753 0.0 0.034761976 0.0 0.01198265 0.0 0.010249574 0.03489933 0.0821152 0.0 0.012346285 0.0 0.009671883 0.02524931 0.0 0.0067094746 0.005977161 0.0 0.0 0.02526587 0.0 0.04776281 0.0 0.03483205 0.08462753 0.006944032 0.0 0.018599585 0.0061583817 0.06633243 0.0 0.0 0.067230076 0.0 0.00042133348 0.0 0.051480476 0.016584935 0.0 0.0072959834 0.062386673
0.0 0.0 0.053282395 0.07905583 0.0 0.044698324 0.037795678 0.0 0.0 0.0 0.0 0.09653022 0.0 0.0 0.037646033 0.016015613 0.005620857 0.0636367 0.0 0.0 0.023213223 0.020726675 0.008072312 0.014600735 0.02117896 0.0 0.023884045 0.0 0.0032711474 0.08166731 0.024721913 0.0 0.028148284 0.10729062 0.0 0.0155350175 0.003629804 0.02730197 0.042635094 0.017307831 0.0 0.014427341 0.03199928 0.018630939 0.027931873 0.0079517 0.023609858 0.011734939 0.0 0.0031438502 0.0 0.0 0.033587378 0.0 0.0 0.0
0.0118786385 0.0 0.0 0.0092027085 0.0 0.0 0.016084293 0.03166289 0.008551767 0.0 0.0 0.0 0.029931247 0.07606631 0.053505007 0.04889346 0.0 0.0 0.0 0.0 0.0 0.0002492832 0.0 0.030792857 0.010422094 0.03374137 0.011432818 0.072017185 0.0 0.0 0.0 0.0 0.0 0.00622566 0.047762807 0.0036298037 0.091428824 0.0 0.027626103 0.1277503 0.0 0.037077527 0.0 0.0042217607 0.0 0.0 0.0 0.015057993 0.0 0.0028360053 0.0774443 0.055364996 0.007201245 0.0 0.0 0.03569625
0.0 0.0 0.0 0.0 0.0 0.0 0.0 0.028671429 0.0 0.0 0.0 0.01738051 0.0 0.01680806 0.0043360065 0.0 0.0 0.034764923 0.018387605 0.0 0.0 0.0 0.0 0.001695823 0.0 0.0 0.093596846 0.0 0.00019452543 0.0 0.013506287 0.048564184 0.10882463 0.0047719665 0.0 0.02730197 0.0 0.0 0.0 0.0028330074 0.09355079 0.0052632536 0.044197947 0.05949071 0.021911617 0.0 0.014268433 0.03841679 0.0 0.07736813 0.0263448 0.0 0.0 0.05800628 0.0010346909 0.02125679
0.040682692 0.0 0.0 0.0 0.0 0.0 0.0329275 0.05536698 0.011948364 0.00720561 0.0 0.006590525 0.011717774 0.06877457 0.014685943 0.00096515584 0.083231345 0.0 0.030480664 0.0 0.0 0.0037507422 0.015029361 0.0 0.0 0.02531596 0.03842658 0.0 0.09864429 0.018150935 0.07445833 0.002661559 0.0039923536 0.0 0.03483205 0.042635094 0.027626103 0.0 0.0 0.002789775 0.06715888 0.03423433 0.0 0.04293723 0.011930594 0.0 0.0053458195 0.0 0.0 0.032762904 0.003987381 0.0 0.0 0.0067260475 0.0 0.01087886
0.0552718 0.053569745 0.0 0.011503231 0.009784302 0.0 0.0 0.031166507 0.061699945 0.078656845 0.022316897 0.0 0.010025522 0.037595388 0.0 0.029952345 0.0 0.0 0.0002256904 0.10943701 0.0 0.0028769353 0.026136434 0.07517952 0.0 0.0 0.0 0.10691994 0.0 0.0 0.0083252285 0.016408714 0.0 0.0 0.08462753 0.017307831 0.12775029 0.0028330076 0.002789775 0.0 0.0 0.0 0.0 0.0 0.023988964 0.0 0.0 0.033939708 0.0 0.0 0.0 0.038495608 0.0 0.0 0.0 0.0
0.0 0.0 0.0 0.0059267306 0.03652254 0.0 0.024904687 0.0 0.08754451 0.024734177 0.03300745 0.0 0.0 0.0 0.039538812 0.08382813 0.031010622 0.085465126 0.03917429 0.106485374 0.04511509 0.1077171 0.0 0.0 0.041388802 0.0 0.0 0.0 0.0 0.06281411 0.06873453 0.0 0.0 0.0 0.006944032 0.0 0.0 0.09355079 0.067158885 0.0 0.0 0.0 0.055944536 0.0 0.0 0.050843522 0.0017254198 0.014840482 0.024963494 0.0 0.0037008168 0.0 0.06166679 0.0 0.0 0.0
0.0025625445 0.0 0.012992791 0.0 0.044082392 0.09413271 0.0 0.0 0.017048659 0.00026309985 0.04201757 0.0795449 0.0034575053 0.0 0.003542614 0.021339204 0.0 0.0 0.08680179 0.008752842 0.042689633 0.011510946 0.015064016 0.0 0.047679663 0.0 0.0075167567 0.0 0.010587519 0.09794088 0.0 0.015001333 0.09753019 0.007098076 0.0 0.014427341 0.03707753 0.0052632536 0.034234334 0.0 0.0 0.0 0.0 0.010953681 0.0 0.009903956 0.032464527 0.0 0.037525594 0.0 0.0 0.0 0.07394086 0.0 0.0 0.0
0.036538266 0.007872925 0.0 0.0 0.0 0.012695907 0.0 0.028632967 0.0 0.0 0.023239817 0.0 0.0093225995 0.0320094 0.040992666 0.033606544 0.0 0.0 0.016210636 0.041945916 0.0 0.005375943 0.026744127 0.04329838 0.0 0.041078012 0.0 0.07390345 0.0 0.0 0.0032898725 0.022679467 0.01480452 0.0 0.018599585 0.03199928 0.0 0.044197947 0.0 0.0 0.055944536 0.0 0.0 0.0017677613 0.0 0.04858176 0.0 0.027749214 0.0 0.0 0.021325717 0.056880597 0.0 0.0 0.051951665 0.0
0.014640193 0.023437146 0.0 0.0 0.039352193 0.0 0.005238842 0.031689636 0.1065208 0.048914056 0.01907688 0.0 0.0 0.0 0.0 0.028932296 0.0 0.042235773 0.03917304 0.043110944 0.013175259 0.0395456 0.031157088 0.069265924 0.02743083 0.0 0.0 0.0138292145 0.0 0.05448158 0.07165567 0.0 0.016629787 0.0 0.0061583812 0.018630939 0.0042217607 0.059490714 0.04293723 0.0 0.0 0.010953681 0.0017677614 0.0 0.021204919 0.06340246 0.03468952 0.021902632 0.023001097 0.0 0.0 0.0 0.0025238562 0.0 0.02195299 0.0
0.0 0.014775574 0.0 0.015925415 0.0 0.0 0.0 0.010792201 0.0 0.01800198 0.0 0.01078501 0.0 0.058314957 0.042530414 0.016417459 0.005097196 0.023851713 0.007226536 0.0 0.0 0.0 0.024658471 0.055410758 0.012292096 0.12971233 0.0 0.030237492 0.010930913 0.0 0.0 0.0 0.0 0.0003519465 0.06633242 0.027931875 0.0 0.021911617 0.011930593 0.023988964 0.0 0.0 0.0 0.021204919 0.073486686 0.0 0.0 0.038281698 0.0068812952 0.0 0.07310877 0.08282659 0.0 0.0 0.016312646 0.05800916
0.017076 0.059024464 0.011181526 0.0 0.0 0.010236388 0.021099858 0.0 0.0 0.014120235 0.0 0.062738545 0.033201154 0.0 0.014085196 0.0 0.0 0.0 0.0 0.0 0.0 0.0 0.0 0.0 0.0 0.0 0.0590334 0.0 0.019113766 0.01117264 0.0 0.002293001 0.045488946 0.0 0.0 0.007951701 0.0 0.0 0.0 0.0 0.050843526 0.009903957 0.04858176 0.06340247 0.0 0.0 0.008506176 0.00064485054 0.011494091 0.06392739 0.040646907 0.0 0.0 0.10532329 0.03671169 0.04048813
0.0 0.0 0.06053607 0.051391095 0.031575948 0.07274325 0.016523177 0.0 0.0 0.010651974 0.057908386 0.0563923 0.0 0.0 0.024877984 0.0 0.0 0.0 0.08332553 0.11912547 0.091128655 0.0 0.0054315776 0.037705578 0.0 0.0 0.0 0.0 0.0 0.024699187 0.0 0.07081565 0.007444045 0.0 0.0 0.02360986 0.0 0.014268434 0.0053458195 0.0 0.0017254198 0.032464523 0.0 0.03468952 0.0 0.008506175 0.0 0.0029551836 0.08746027 0.008876167 0.03359688 0.0 0.0349185 0.0 0.0 0.0
0.0133278305 0.0 0.0 0.0 0.0002466747 0.0 0.061522063 0.07699437 0.0 0.07083549 0.032551594 0.0 0.0 0.008506714 0.036210056 0.006694241 0.0 0.0 0.0063208463 0.020371849 0.00708594 0.0006530226 0.05231703 0.045760695 0.0 0.04010663 0.00064317096 0.006267109 0.0013020954 0.0 0.021196378 4.524218e-05 0.0 0.0 0.06723007 0.011734939 0.015057992 0.038416788 0.0 0.033939708 0.014840482 0.0 0.027749214 0.021902632 0.0382817 0.0006448506 0.0029551836 0.0 0.0 0.007978209 0.0 0.08234673 0.0 0.0 0.0063066953 0.03423255
0.0 0.0 0.0 0.0 0.0 0.017312165 0.0 0.0 0.0 0.0 0.03171381 0.030329842 0.0 0.0 0.0 0.0010516816 0.028175944 0.0 0.037137195 0.028965943 0.0 0.0 0.0 0.0 0.0 0.0 0.04265708 0.0 0.0927654 0.0 0.0 0.123984896 0.09516756 0.0 0.0 0.0 0.0 0.0 0.0 0.0 0.024963493 0.037525594 0.0 0.023001097 0.0068812952 0.011494091 0.08746027 0.0 0.0 0.0 0.001041704 0.0 0.0 0.013793035 0.045674168 0.0
0.021901991 0.023479125 0.0 0.025743678 0.13331538 0.0 0.074661404 0.0 0.020031745 0.11663476 0.027018378 0.030907923 0.009600132 0.0 0.07370727 0.031448178 0.044277515 0.017023226 0.082811296 0.0 0.040558115 0.019306507 0.05470905 0.020439027 0.031162128 0.0 0.0 0.0075406656 0.0 0.022944076 0.017309431 0.02325021 0.0 0.035564337 0.00042133348 0.00314385 0.0028360053 0.07736813 0.0327629 0.0 0.0 0.0 0.0 0.0 0.0 0.06392738 0.008876167 0.007978209 0.0 0.0 0.0 0.0 0.0492037 0.0 0.034240432 0.0
0.0 0.029469159 0.0028518243 0.057883833 0.04946986 0.0 0.015865622 0.035215013 0.022184605 0.010862181 0.023914348 0.0 0.0 0.020585172 0.018668845 0.0 0.035099465 0.0060242387 0.0 0.0 0.025057144 0.018824028 0.034034267 0.02895551 0.04652799 0.0 0.008427649 0.023998715 0.0 0.032198846 0.02728484 0.0 0.0 0.043647505 0.0 0.0 0.0774443 0.0263448 0.003987381 0.0 0.0037008165 0.0 0.021325717 0.0 0.07310877 0.040646907 0.03359688 0.0 0.001041704 0.0 0.055342805 0.012920254 0.03681662 0.009202484 0.0 0.03809384
0.005509908 0.07509526 0.0 0.062067047 0.00046449323 0.0 0.016540479 0.04544235 0.0 0.07164727 0.031024935 0.0 0.031184414 0.039887045 0.0 0.018290803 0.0 0.044745218 5.9431287e-08 0.0 0.0 0.0 0.0060528493 0.02752901 0.03175723 0.0 0.0 0.042492222 0.0 0.0 0.026427913 0.0 0.0 0.009631085 0.051480476 0.0 0.055364996 0.0 0.0 0.038495608 0.0 0.0 0.0568806 0.0 0.08282659 0.0 0.0 0.08234673 0.0 0.0 0.012920254 0.048348535 0.0037071405 0.0 0.0 0.0
0.04337379 0.0 0.052227087 0.0 0.0 0.0 0.0 0.009365128 0.0039153923 0.0 0.042476945 0.05937834 0.009774043 0.0 0.0 0.0 0.014662033 0.026761644 0.0 0.0 0.0 0.0017919481 0.0 0.0065833814 0.0 0.0 0.071016185 0.0 0.0 0.023334334 0.0 0.014638587 0.05200458 0.023093853 0.016584935 0.03358738 0.0072012446 0.0 0.0 0.0 0.06166679 0.073940866 0.0 0.0025238562 0.0 0.0 0.034918502 0.0 0.0 0.049203694 0.036816616 0.0037071405 0.0 0.09171595 0.03720174 0.0
0.0 0.0 0.015166638 0.05473491 0.09325597 0.0 0.028010322 0.0013633224 0.03278223 0.0 0.006127634 0.0 0.0 0.0 0.014211648 0.0065772557 0.0039488664 0.017282736 0.061478484 0.0 0.10638472 0.08688273 0.0 0.0023319742 0.09655045 0.0 0.0 0.0 0.0 0.030081863 0.05732445 0.088678546 0.0 0.034417797 0.0 0.0 0.0 0.058006283 0.006726048 0.0 0.0 0.0 0.0 0.0 0.0 0.10532329 0.0 0.0 0.013793036 0.0 0.009202484 0.0 0.09171594 0.0 0.0 0.0
0.0 0.079242736 0.0 0.0 0.012483464 0.0 0.065358296 0.050373565 0.0 0.034906667 0.0 0.0024756659 0.02109315 0.023882939 0.036159042 0.0044429135 0.12904377 0.00896233 0.0 0.0 0.021761462 0.009972355 0.028851897 0.0 0.07084121 0.0 0.0072019836 0.0 0.055912085 0.05469247 0.0 0.0 0.011712616 0.06639109 0.0072959834 0.0 0.0 0.0010346909 0.0 0.0 0.0 0.0 0.051951665 0.02195299 0.016312646 0.036711685 0.0 0.0063066953 0.045674168 0.034240432 0.0 0.0 0.03720174 0.0 0.0 0.043101788
0.025424678 0.01618713 0.0 0.0012620467 0.041418266 0.0 0.025505275 0.04293976 0.0 0.014075719 0.0 0.0 0.049903635 0.008685154 0.014150471 0.025071077 0.07456107 0.02043459 0.04620547 0.061066 0.0 0.0046782843 0.082441114 0.105879605 0.016431415 0.017376117 0.0 0.0 0.0 0.0 0.0152443545 0.0005469292 0.0 0.014914037 0.062386673 0.0 0.03569625 0.02125679 0.01087886 0.0 0.0 0.0 0.0 0.0 0.05800916 0.040488135 0.0 0.03423255 0.0 0.0 0.03809384 0.0 0.0 0.0 0.043101788 0.03904925
