0.02044281 0.017226772 0.02489888 0.001294563 0.0 0.0095009385 0.06235573 0.06279536 0.0 0.025687527 0.02619167 0.0 0.07041335 0.01612126 0.037345443 0.0 0.0 0.014377133 0.0 0.0322349 0.0 0.08153251 0.043970514 0.0 0.01182117 0.05630448 0.0068667857 0.047946233 0.0 0.032712813 0.008982018 0.0 0.020417918 0.010440828 0.0 0.03359601 0.0 0.0 0.0 0.0 0.073962495 0.022652874 0.02893512 0.049370844 0.0 0.018655997 0.056449465 0.009942236 0.0 0.0 0.029644808 0.0049176053 0.0 0.0 0.003649887 0.0
0.017226772 0.035258703 0.0 0.032378245 0.101904355 0.015424749 0.00794959 0.0 0.049197197 0.015642153 0.0 0.00566729 0.0 0.0 0.0007480668 0.0040871426 0.018383197 0.048088502 0.0 0.0 0.009893172 0.0032388882 0.03741026 0.053981975 0.0 0.0 0.019482711 0.0 0.0 0.0 0.033281792 0.0 0.022732565 0.0 0.075818025 0.0 0.061241582 0.0 0.098354906 0.0 0.0 0.0 0.0 0.0 0.06229701 0.009011932 0.007875017 0.0 0.019259602 0.0 0.03185377 0.026245313 0.014619032 0.0 0.021526521 0.0
0.024898881 0.0 0.0 0.0005080536 0.0 0.03777633 0.0 0.048642784 0.0070285723 0.0 0.012413227 0.0033472984 0.03259191 0.0 0.0 0.04733657 0.014033688 0.0245601 0.0 0.037689254 0.037086304 0.0 0.011202941 0.07776432 0.0 0.035074923 0.006417579 0.0 0.0 0.030925402 0.05452139 0.0 0.007505592 0.008661618 0.031940535 0.0 0.0058439844 0.031469043 0.018260945 0.01408047 0.0 0.0 0.0 0.011898603 0.05604008 0.026050506 0.0 0.0 0.04591935 0.0026757612 0.07127218 0.07797415 0.0 0.0 0.04845217 0.0
0.0012945628 0.032378245 0.0005080536 0.0 0.05742029 0.015530163 0.0 0.0 0.0027527825 0.0 0.0 0.010165547 0.0 0.041237343 0.0 0.0921608 0.050394073 0.0 0.023895852 0.015597177 0.0 0.0 0.011583831 0.0 0.005087403 0.0 0.08210897 0.0 0.0 0.0 0.053262144 0.0 0.0045544333 0.0 0.05032698 0.0 0.0 0.0 0.02012613 0.0 0.0101682935 0.0020951023 0.0 0.0 0.0 0.0 0.0 0.092445254 0.0 0.0 0.039926697 0.055249747 0.054447632 0.019065117 0.04886092 0.0
0.0 0.101904355 0.0 0.05742029 0.07547512 0.03682317 0.0 0.0014808204 0.0 0.031263895 0.0 0.013663673 0.07783305 0.017876286 0.0 0.0 0.06479687 0.0013596134 0.08546634 0.0 0.0 0.0 0.02117092 0.0 0.008747701 0.025133984 0.01498531 0.0 0.009357003 0.0 0.0 0.019484863 0.0 0.0 0.0 0.011064185 0.018566007 0.0 0.0 0.0 0.0 0.0 0.013296995 0.0 0.09296976 0.0 0.102276266 0.061056815 0.0 0.0 0.0 0.015804017 0.022210862 0.01284936 0.003110465 0.0
0.0095009385 0.015424749 0.03777633 0.015530165 0.036823165 0.0 2.7313858e-05 0.028446032 0.040382013 0.017100377 0.0073867347 0.026709467 0.0 0.0046978793 0.0 0.05475012 0.0 0.004466217 0.018765433 0.0 0.0132278735 0.0 0.022088472 0.036849525 0.0 0.024266837 0.029089425 0.0 0.02675454 0.072996475 0.026740864 0.026008464 0.0 0.0 0.009061485 0.0 0.019771425 0.0 0.0 0.0 0.0076347543 0.0 0.021121616 0.005050417 0.011961963 0.018487714 0.023337245 0.018512167 0.0532209 0.003190816 0.02097646 0.011561754 0.0 0.0034969463 0.028732644 0.0
0.06235573 0.00794959 0.0 0.0 0.0 2.731386e-05 0.0 0.052092366 0.0025919047 0.015680226 0.0 0.0 0.0 0.041558936 0.0 0.0 0.0 0.0 0.0 0.0 0.009113861 0.01204253 0.009654158 0.022497144 0.0 0.017429313 0.03668695 0.036104247 0.056726046 0.0063963444 0.009273835 0.0 0.0055083106 0.0 0.023470499 0.034832813 0.0042052725 0.012330547 0.047014233 0.03946117 0.025674526 0.028328117 0.0 0.013768338 0.044502646 0.008198902 0.0 0.0010573284 0.018657483 0.065037325 0.044713162 0.052469414 0.0 0.07107342 0.024132347 0.021895872
0.06279536 0.0 0.048642784 0.0 0.0014808204 0.02844603 0.05209237 0.063614875 0.0 0.0 0.0 0.010351557 0.024362074 0.015361228 0.055686973 0.0 0.04079283 0.0153461285 0.013279884 0.079927675 0.0 0.0 0.0007252084 0.0070209103 0.072635956 0.0 0.01647032 0.027734375 0.0019399732 0.015781157 0.01321374 0.041914497 0.036020163 0.017342381 0.0 0.035131853 0.01496937 0.0 0.011789055 0.039201897 0.018990507 0.0025129062 0.006577157 0.05316073 0.0042996244 0.001247398 0.008777043 0.0 0.020021943 0.08366856 0.0039579053 0.0 0.0076221274 0.0 0.0 0.018039746
0.0 0.049197197 0.0070285723 0.0027527825 0.0 0.04038201 0.0025919047 0.0 0.0 0.047711924 0.00054013776 0.0360312 0.023033954 0.05753776 0.08848234 0.012764316 0.11125775 0.0 0.051649928 0.0 0.0 0.0014307487 0.0 0.0 0.001687293 0.0 0.03455577 0.0 0.057854876 0.0 0.048882283 0.00636858 0.0 1.0753687e-08 0.010474587 0.011266483 0.0 0.0 0.0 0.0 0.026716134 0.0 0.0 0.0 0.04672752 0.0 0.014099553 0.05890818 0.0 0.0 0.023240639 0.07908556 7.6701525e-09 0.0 0.018062199 0.008666718
0.025687529 0.015642153 0.0 0.0 0.031263895 0.017100379 0.015680226 0.0 0.047711924 0.0 0.0 0.0 0.08622738 0.044974547 0.033867925 0.013943859 0.01948214 0.027914288 0.019672541 0.0 0.0 0.0 0.025755307 0.0 0.0 0.0 0.007510401 0.032596014 0.006614654 0.0023316683 0.036204375 0.0 0.0040425034 0.0653213 0.08627268 0.05984711 0.0 0.01885658 0.0 0.0101388525 0.037552122 7.8528305e-05 0.01005779 0.0 0.015296848 0.01223502 0.0049850815 0.008874009 0.010090091 0.029145554 0.019084666 0.0039035967 0.0037462455 0.0 0.057343386 0.03467037
0.026191669 0.0 0.012413227 0.0 0.0 0.0073867347 0.0 0.0 0.00054013776 0.0 0.0 0.0015344465 0.03935447 0.06491875 0.0 0.0 0.02784178 0.0034044324 0.014562566 0.008098246 0.0 0.0 0.08508618 0.01853893 0.0 0.0 0.020941064 0.034539305 0.06028255 0.0 0.0023440497 0.0 0.0 0.0 0.04002283 0.014090804 0.039546933 0.015827963 0.046344116 0.065290794 0.079332635 0.0 0.022407385 0.0 0.05282841 0.009702682 0.0 0.0407813 0.0 0.00090698 0.0037385153 0.0 0.0 0.0 0.0024513418 0.01808369
0.0 0.00566729 0.0033472986 0.010165547 0.013663672 0.026709467 0.0 0.010351557 0.0360312 0.0 0.0015344465 0.037479028 0.0 0.029346487 1.65226e-08 0.0 0.0730094 0.0025937753 0.0 0.0 0.009254891 0.0 0.0 0.0 0.0 0.043160994 0.007967708 0.0 0.0 0.020436483 0.019338857 0.08028028 0.0 0.051256698 0.0 0.0 0.0 0.039610256 0.05476868 0.006291611 0.0 0.0 0.026936738 0.038823124 0.0 0.014137716 0.0 0.0 0.03566868 0.071705475 0.014702881 0.038294367 0.07339235 0.0 0.0 0.008735539
0.07041334 0.0 0.032591905 0.0 0.07783305 0.0 0.0 0.024362072 0.023033954 0.08622738 0.039354473 0.0 0.0 0.0 0.0026874607 0.0 0.0 0.059531182 0.0053887786 0.06688706 0.0 0.0 0.014316881 0.052015707 0.0 0.0 0.004582862 0.0 0.0 0.0 0.0032933825 0.03870228 0.0 0.00437274 0.024938093 0.0 0.045609538 0.083821274 0.058097567 0.0 0.0 5.587021e-08 0.0 0.0 0.0 0.015834183 0.0 0.0038425517 0.0336117 0.0 0.035802096 0.00093245885 0.014478997 0.0 0.0 0.0
0.01612126 0.0 0.0 0.041237343 0.017876286 0.0046978793 0.041558936 0.015361228 0.05753776 0.044974547 0.06491875 0.029346485 0.0 0.0 0.030192265 0.059308033 0.0 0.039725628 0.0 0.0 0.0 0.04091889 0.03314917 0.0 0.01632321 0.006827503 0.0023857614 0.0 0.0 0.03548057 0.0 0.08300559 0.04494109 0.0315524 0.010143752 0.027192065 0.0037069952 0.03834737 0.00073115824 0.0 0.0 0.08790474 0.08557374 0.0 0.032139774 0.008855291 0.0 0.0 0.06222653 0.0 0.003863761 0.0 0.023683518 0.0 0.026270313 0.0
0.037345443 0.0007480668 0.0 0.0 0.0 0.0 0.0 0.05568697 0.08848235 0.033867925 0.0 1.65226e-08 0.0026874605 0.030192265 0.0 0.0 0.0 0.012823716 0.0 0.008813153 0.0 0.0 0.05628828 0.056850217 0.0 0.036446217 0.015214566 0.021176929 0.0180821 0.0 0.02811742 0.019523298 0.0 0.0 0.053774424 0.0 0.04955337 0.07161592 0.0 0.019281281 0.0 0.0046821986 0.0 0.0 0.011907541 0.0 0.0 0.030842898 0.0 0.0 0.011333403 0.05509578 0.0 0.016087288 0.08267208 0.0
0.0 0.0040871426 0.04733657 0.09216079 0.0 0.05475012 0.0 0.0 0.012764315 0.013943859 0.0 0.0 0.0 0.059308033 0.0 0.04769358 0.017494377 0.0044039865 0.004358545 0.0 0.013170394 0.026735958 0.0 0.0 0.0 0.03302831 0.0 0.0 0.0 0.026967587 0.0 0.0 0.020996597 0.0 0.0 0.0065622893 0.011068678 0.0055238055 0.01427073 0.054121144 0.046062723 0.023503773 0.0 0.0274995 0.00869746 0.009485323 0.009335651 0.0 0.026819715 0.05278035 0.0 0.0 0.06926876 0.026649198 0.026637293 0.0
0.0 0.018383197 0.014033688 0.050394073 0.064796865 0.0 0.0 0.04079283 0.11125774 0.019482141 0.027841782 0.07300941 0.0 0.0 0.0 0.017494377 0.0 0.021418864 0.02549221 0.0 0.067674406 0.008703402 0.01828624 0.032773778 0.0 0.010226408 0.0 0.001075493 0.021602208 0.03718784 0.0 0.037552018 0.0 0.04039483 0.003422724 0.008321218 0.0 0.06750864 0.023550995 0.0 0.0 0.009119148 0.016276706 0.0024395064 0.0033017222 0.045712445 0.006670075 0.024242193 0.0 0.0 0.0 0.005118688 0.054468125 0.0 0.003546838 0.0
0.014377133 0.048088502 0.024560098 0.0 0.0013596134 0.004466217 0.0 0.0153461285 0.0 0.027914286 0.0034044324 0.0025937753 0.05953118 0.039725628 0.012823715 0.004403986 0.021418864 0.003590336 0.004021662 0.006132649 0.0 0.006198142 0.0 0.020286892 0.0 0.0044228076 0.02546515 0.06217973 0.020467782 0.0047510033 0.02179322 0.0017647396 0.0 0.0055262274 0.035257798 0.011649279 0.00413105 0.0 0.056458272 0.030641366 0.01993422 0.015069571 0.026277145 0.0 0.068231076 0.0 0.008069526 0.0037784448 0.0 0.0 0.024367332 0.048472337 0.001289571 0.032533064 0.015804539 0.05135686
0.0 0.0 0.0 0.023895852 0.08546634 0.018765435 0.0 0.013279884 0.051649924 0.019672541 0.014562566 0.0 0.0053887786 0.0 0.0 0.0043585454 0.02549221 0.004021662 0.04976817 0.0114759 0.027619667 0.0 0.025566164 0.005587807 0.0 0.0 0.08086111 0.016531464 0.003375813 0.0 0.07334447 0.03014379 0.013042172 0.0 0.0 0.0018309789 0.0 0.032665115 0.013973453 0.0064702323 0.0 0.0 0.0 0.0 0.05076192 0.0058703753 0.007026807 0.026501857 0.015785776 0.0 0.009535754 0.04956601 0.027646642 0.0066565033 0.033061177 0.0
0.0322349 0.0 0.037689254 0.015597177 0.0 0.0 0.0 0.079927675 0.0 0.0 0.008098246 0.0 0.06688705 0.0 0.008813153 0.0 0.0 0.006132649 0.0114759 0.0 0.009480134 0.00479278 0.0 0.004213155 0.0 0.004342418 0.0 0.0045945775 0.078140125 0.0 0.019371334 0.0 0.0 0.0 0.04121435 0.0 0.049497757 0.0 0.0 0.07644686 0.03442643 0.020225864 0.0 0.00015744807 0.077229254 0.0049944366 0.0 0.060395148 0.000357303 0.0 0.033552602 0.03597271 0.0 0.0667669 0.014389253 0.07778808
0.0 0.009893172 0.037086308 0.0 0.0 0.013227873 0.009113861 0.0 0.0 0.0 0.0 0.009254891 0.0 0.0 0.0 0.013170394 0.067674406 0.0 0.027619667 0.009480134 0.09634256 0.033802487 0.0 0.0 0.00043858882 0.038919713 0.0 0.0 0.09627705 0.0043737185 0.017227788 0.0007637137 0.021060407 0.0 0.007053534 0.0 0.0 0.0 0.026516266 0.003028339 0.0047154175 0.0 0.016048208 0.0 0.021674491 0.0 0.030813856 0.0070057837 0.0 0.0037687274 0.035189357 0.05065866 0.06545513 0.057055257 0.085320465 0.027132358
0.0815325 0.0032388885 0.0 0.0 0.0 0.0 0.01204253 0.0 0.0014307486 0.0 0.0 0.0 0.0 0.040918894 0.0 0.026735958 0.008703402 0.006198142 0.0 0.0047927806 0.033802487 0.008153858 0.0 0.07993484 0.0 0.04285225 0.017118743 0.019116102 0.042366136 0.06156441 0.015972808 0.0 0.0 0.038042683 0.018425234 0.0 0.039626908 0.029273167 0.015794517 0.024713377 0.027043216 0.008945909 0.0 0.037098102 0.04585207 0.016119326 0.015986362 0.0 0.010023326 0.027288504 0.0 0.018585803 0.017813692 0.057584357 0.0 0.03092509
0.043970514 0.03741026 0.01120294 0.011583831 0.02117092 0.022088472 0.009654158 0.0007252084 0.0 0.025755305 0.08508618 0.0 0.014316881 0.03314917 0.056288276 0.0 0.018286237 0.0 0.025566164 0.0 0.0 0.0 0.027359266 0.010481207 0.0 0.0 0.045937285 0.033623867 0.0 0.0 0.03050438 0.016073642 0.0 0.011716955 0.027505893 0.0036650258 0.069917135 0.0 0.047293633 0.002408474 0.019729603 0.0 0.0 0.0 0.003994258 0.015462891 0.01504594 0.068153955 0.0075969715 0.0018092121 0.081552275 0.0018643667 0.0 0.0 0.021038245 0.011196004
0.0 0.05398197 0.077764325 0.0 0.0 0.03684953 0.022497142 0.0070209103 0.0 0.0 0.01853893 0.0 0.052015707 0.0 0.05685022 0.0 0.032773778 0.020286892 0.005587807 0.004213155 0.0 0.07993484 0.010481207 0.0 0.0 0.0 0.02213845 0.0 0.0154324975 0.030535374 0.053112783 0.00044281525 0.02556032 0.042319186 0.017719865 0.015617667 0.016887318 0.034476213 0.0 0.0011984312 0.009561299 0.050550576 0.04801688 0.06339551 0.0 0.0033580936 0.02741704 0.014597468 0.0053295074 0.0047732643 0.0 0.0 0.0 0.004673385 0.0016834218 0.0541503
0.01182117 0.0 0.0 0.0050874026 0.008747701 0.0 0.0 0.072635956 0.001687293 0.0 0.0 0.0 0.0 0.01632321 0.0 0.0 0.0 0.0 0.0 0.0 0.00043858882 0.0 0.0 0.0 0.0 0.07097272 0.03916014 0.021170374 0.0 0.0 0.020147866 0.013703189 0.005584741 0.0065122223 0.027259765 0.020374402 0.0 0.0 0.0 0.11150615 0.081798665 0.042349968 0.052076142 0.0 0.03492247 0.029536694 0.0 0.017617773 0.008856333 0.0031282385 0.0643179 0.021646183 0.0 0.041442614 0.05658893 0.0
0.056304477 0.0 0.035074927 0.0 0.025133982 0.024266835 0.017429313 0.0 0.0 0.0 0.0 0.043160994 0.0 0.006827503 0.036446217 0.03302831 0.010226408 0.0044228076 0.0 0.004342418 0.038919713 0.04285225 0.0 0.0 0.07097272 0.059550527 0.0 0.02740648 0.021143984 0.016326517 0.0016893812 0.0 0.009466029 0.033127043 0.0 0.0 0.0 0.0 0.0 4.1771686e-06 0.008434379 0.024135727 0.0 0.045461986 0.0 0.038393527 0.0 0.0 0.045399316 0.13740315 0.0 0.0 0.02252465 0.0018425108 0.0 0.06214072
0.006866786 0.019482711 0.006417579 0.08210897 0.014985309 0.029089427 0.036686946 0.01647032 0.03455577 0.007510401 0.020941062 0.007967708 0.004582862 0.0023857614 0.015214567 0.0 0.0 0.02546515 0.08086111 0.0 0.0 0.017118743 0.045937285 0.02213845 0.03916014 0.0 0.0 0.0 0.022852017 0.018639617 0.008172074 0.0150104305 0.04055711 0.0 0.0 0.0037099228 0.0 0.012037403 0.009390356 0.0 0.0 0.055153046 0.05833024 0.028007003 0.021884894 0.02738946 0.04694444 0.01643064 0.07282692 0.012455767 0.0014709557 0.0 0.052150805 0.0 0.0 0.0
0.047946233 0.0 0.0 0.0 0.0 0.0 0.036104247 0.027734373 0.0 0.032596014 0.034539305 0.0 0.0 0.0 0.021176929 0.0 0.0010754929 0.06217973 0.016531464 0.0045945775 0.0 0.019116102 0.033623867 0.0 0.021170374 0.027406482 0.0 0.0 0.0127513185 0.0 0.0 0.0 0.050675984 0.005014052 0.0 0.054880094 0.09419546 0.022346435 0.0 0.0 0.026272349 0.0109963035 0.0079783425 0.08202552 0.0 0.007022042 0.010260806 0.0 0.05159516 0.042409237 0.015226926 0.0 0.014324262 0.0 0.0 0.074727155
0.0 0.0 0.0 0.0 0.009357003 0.02675454 0.056726042 0.0019399732 0.05785488 0.006614654 0.060282554 0.0 0.0 0.0 0.0180821 0.0 0.021602208 0.020467782 0.003375813 0.078140125 0.09627706 0.042366136 0.0 0.0154324975 0.0 0.021143982 0.022852015 0.012751319 0.0 0.08544204 0.0 0.026527822 0.02754144 0.0770792 0.0 0.005996558 0.0058409097 0.0063832337 0.025778525 0.0 0.0 0.0 0.01051013 0.015849404 0.0 0.047203995 0.00046304803 0.002020446 0.062481046 0.041156687 0.0 0.0 0.0 0.0 0.032592744 0.0
0.03271281 0.0 0.030925402 0.0 0.0 0.072996475 0.006396344 0.015781159 0.0 0.0023316685 0.0 0.020436483 0.0 0.03548057 0.0 0.026967587 0.03718784 0.0047510033 0.0 0.0 0.0043737185 0.06156441 0.0 0.030535374 0.0 0.016326519 0.018639617 0.0 0.08544203 0.036618784 0.0022887941 0.0 0.0 0.04511176 0.010630573 0.0 0.035679303 0.0 0.0 0.0181368 0.022882486 0.0 0.030823711 0.037523266 0.017497225 0.0 0.0 0.030532807 0.028587064 0.0 0.03176106 0.059263546 0.005646415 0.05491696 0.03871937 0.028496977
0.008982018 0.033281792 0.054521393 0.053262144 0.0 0.026740864 0.009273835 0.01321374 0.048882283 0.03620437 0.0023440497 0.019338856 0.0032933825 0.0 0.028117422 0.0 0.0 0.02179322 0.07334447 0.019371336 0.017227788 0.015972808 0.03050438 0.05311278 0.020147864 0.0016893813 0.008172074 0.0 0.0 0.0022887944 0.029178167 0.010773654 0.030596783 0.0 0.0 0.032003462 0.0 0.018958522 0.048749667 0.0 0.01994026 0.0 0.0 0.0034965607 0.00403867 0.0 0.014462469 0.013537305 0.0 0.0 0.07304176 0.050821688 0.02829435 0.0 0.0 0.0025469784
0.0 0.0 0.0 0.0 0.019484863 0.026008464 0.0 0.0419145 0.00636858 0.0 0.0 0.08028028 0.03870228 0.08300559 0.0195233 0.0 0.03755202 0.0017647396 0.030143792 0.0 0.00076371373 0.0 0.016073644 0.00044281525 0.013703189 0.0 0.0150104305 0.0 0.02652782 0.0 0.010773654 0.0 0.0 0.0 0.048271373 0.0 0.0 0.0014830324 0.011545356 0.03320449 0.010337148 0.028017022 0.01121661 0.0 0.09835019 0.013139166 0.0 0.03708385 0.0 0.0 0.030353725 0.071479194 0.0011686313 0.103711456 0.011840246 0.020325651
0.020417918 0.022732567 0.0075055924 0.0045544333 0.0 0.0 0.00550831 0.036020163 0.0 0.0040425034 0.0 0.0 0.0 0.04494109 0.0 0.020996599 0.0 0.0 0.013042172 0.0 0.021060409 0.0 0.0 0.025560318 0.0055847405 0.009466029 0.04055711 0.050675984 0.02754144 0.0 0.030596783 0.0 0.0 0.02810609 0.11236372 0.0035049818 0.049884155 0.00015444361 0.056209333 0.0 0.022050265 0.0 0.03605578 0.022565642 0.011747122 0.027228843 0.0 0.03744643 0.014337365 0.0 0.07485147 0.03302608 0.0 0.034194868 0.028817428 0.029491764
0.010440829 0.0 0.008661618 0.0 0.0 0.0 0.0 0.017342383 1.0753687e-08 0.06532129 0.0 0.051256698 0.0043727397 0.0315524 0.0 0.0 0.040394828 0.0055262274 0.0 0.0 0.0 0.038042683 0.011716954 0.042319182 0.006512223 0.033127043 0.0 0.005014052 0.0770792 0.04511176 0.0 0.0 0.02810609 0.027661877 0.0028114684 0.0016734012 0.01127918 0.0 0.0 0.0 0.02917497 0.0 0.018502653 0.04741761 0.0 0.0027001672 0.008656973 0.011596647 0.0 0.09313665 0.0 0.003908138 0.024510903 0.024849832 0.0 0.0722394
0.0 0.075818025 0.031940535 0.05032698 0.0 0.009061485 0.023470497 0.0 0.010474587 0.08627269 0.040022835 0.0 0.024938093 0.010143752 0.053774424 0.0 0.0034227239 0.035257798 0.0 0.04121435 0.007053534 0.018425232 0.027505893 0.017719867 0.027259765 0.0 0.0 0.0 0.0 0.010630572 0.0 0.048271373 0.11236372 0.0028114684 0.0 0.06324221 0.0 0.03832221 0.0 0.0 0.0032881468 0.0 0.04655652 0.011755258 0.0 0.07832489 0.06951099 0.0 0.0070909117 0.0030568473 0.0012229865 0.0 0.0 0.0 0.0 0.0
0.03359601 0.0 0.0 0.0 0.011064184 0.0 0.034832817 0.035131853 0.011266483 0.05984711 0.014090803 0.0 0.0 0.027192064 0.0 0.006562289 0.008321219 0.011649279 0.0018309788 0.0 0.0 0.0 0.003665026 0.015617667 0.020374404 0.0 0.003709923 0.054880094 0.0059965583 0.0 0.032003462 0.0 0.0035049818 0.0016734011 0.06324221 0.021378605 0.09193931 0.027480854 0.0036372642 0.022965914 0.041878164 0.00921394 0.011615965 0.00783891 0.024441196 0.0021115695 0.0319172 0.027499331 0.0 0.025800418 0.0 0.04355758 0.0 0.0 0.0068487157 0.08899874
0.0 0.061241586 0.005843984 0.0 0.018566007 0.019771423 0.004205273 0.014969371 0.0 0.0 0.03954693 0.0 0.04560954 0.0037069952 0.04955337 0.0110686775 0.0 0.00413105 0.0 0.049497757 0.0 0.039626908 0.069917135 0.016887318 0.0 0.0 0.0 0.09419546 0.00584091 0.035679303 0.0 0.0 0.04988416 0.011279179 0.0 0.091939315 0.0025298414 0.0 0.014478641 0.0 0.0026116045 0.0 0.012620466 0.047941912 0.014730004 0.0 0.0061214697 0.03351084 0.03387391 0.034814112 0.008732382 0.0 0.0 0.0 0.0 0.030529179
0.0 0.0 0.031469043 0.0 0.0 0.0 0.012330547 0.0 0.0 0.01885658 0.015827963 0.039610256 0.08382127 0.03834737 0.07161592 0.0055238055 0.06750863 0.0 0.032665115 0.0 0.0 0.029273165 0.0 0.03447621 0.0 0.0 0.012037403 0.022346437 0.0063832337 0.0 0.018958522 0.0014830324 0.00015444361 0.0 0.03832221 0.027480854 0.0 0.0 0.027170243 0.0 0.0575865 0.0 0.0 0.0 0.017089557 0.0 0.017731912 0.024464373 0.0 0.0 0.00525007 0.07336803 0.0 0.0066143605 0.033837922 0.036140453
0.0 0.09835491 0.018260945 0.02012613 0.0 0.0 0.047014233 0.011789055 0.0 0.0 0.046344116 0.054768685 0.058097567 0.00073115824 0.0 0.01427073 0.023550995 0.056458276 0.013973453 0.0 0.026516266 0.01579452 0.047293633 0.0 0.0 0.0 0.009390356 0.0 0.025778525 0.0 0.048749667 0.011545355 0.056209333 0.0 0.0 0.0036372642 0.014478641 0.02717024 0.033849325 0.013293234 0.0024200196 0.05974838 0.0 0.0 0.0018161284 0.022759724 0.0 0.023401674 0.0 0.050945707 0.0 0.0 0.006371339 0.012363708 0.0 0.0
0.0 0.0 0.014080471 0.0 0.0 0.0 0.039461173 0.0392019 0.0 0.010138852 0.065290794 0.006291611 0.0 0.0 0.019281281 0.054121144 0.0 0.030641368 0.0064702323 0.07644686 0.003028339 0.024713377 0.002408474 0.0011984312 0.11150615 4.1771686e-06 0.0 0.0 0.0 0.0181368 0.0 0.03320449 0.0 0.0 0.0 0.022965914 0.0 0.0 0.013293234 0.0 0.019053496 0.13692145 0.010293495 0.059554588 0.0 0.005058956 0.00150114 0.0 0.007976809 0.030679252 0.0035559188 0.0 0.054009557 0.007262367 0.0 0.008814877
0.073962495 0.0 0.0 0.0101682935 0.0 0.0076347543 0.025674526 0.018990507 0.026716132 0.037552122 0.07933264 0.0 0.0 0.0 0.0 0.04606272 0.0 0.01993422 0.0 0.03442643 0.0047154175 0.027043216 0.019729603 0.009561299 0.081798665 0.008434379 0.0 0.026272349 0.0 0.022882484 0.01994026 0.010337148 0.022050265 0.02917497 0.0032881468 0.041878168 0.0026116045 0.057586502 0.0024200196 0.019053496 0.0 0.051496252 0.0 0.037141353 0.014198212 0.049601693 0.0 0.019397326 0.041884776 0.0708548 0.0 0.0057699285 0.0063903956 0.0 0.032326527 0.0
0.022652872 0.0 0.0 0.002095102 0.0 0.0 0.028328115 0.0025129062 0.0 7.8528305e-05 0.0 0.0 5.5870206e-08 0.08790474 0.0046821986 0.023503771 0.009119148 0.015069572 0.0 0.020225862 0.0 0.008945909 0.0 0.050550576 0.042349964 0.02413573 0.055153042 0.010996304 0.0 0.0 0.0 0.028017022 0.0 0.0 0.0 0.00921394 0.0 0.0 0.059748378 0.13692144 0.05149625 0.02553222 0.0 0.06256483 0.0 0.0 0.0 0.002085355 0.0 0.0030429643 0.040080406 0.0066183163 0.016864734 0.028724171 0.021031316 0.013543687
0.02893512 0.0 0.0 0.0 0.013296995 0.021121616 0.0 0.0065771565 0.0 0.01005779 0.022407385 0.026936738 0.0 0.08557374 0.0 0.0 0.016276706 0.026277144 0.0 0.0 0.01604821 0.0 0.0 0.048016883 0.052076142 0.0 0.058330245 0.007978342 0.010510129 0.03082371 0.0 0.01121661 0.036055785 0.018502653 0.046556517 0.011615964 0.012620467 0.0 0.0 0.010293495 0.0 0.0 0.0 0.0 0.015798071 0.02722121 0.0012898728 0.031540878 0.024723846 0.0 0.037698865 0.015063508 0.01743088 0.00042049735 0.060594935 0.038328517
0.04937084 0.0 0.011898603 0.0 0.0 0.0050504175 0.013768338 0.053160734 0.0 0.0 0.0 0.038823128 0.0 0.0 0.0 0.027499499 0.0024395064 0.0 0.0 0.00015744807 0.0 0.037098102 0.0 0.0633955 0.0 0.045461986 0.028007003 0.08202553 0.015849402 0.03752327 0.0034965607 0.0 0.02256564 0.047417615 0.011755258 0.00783891 0.047941916 0.0 0.0 0.05955459 0.037141353 0.06256483 0.0 0.030952549 0.0 0.019978613 0.0 0.0 0.001793955 0.039416887 0.0 0.0 0.063609265 0.028163364 0.005987832 0.045436025
0.0 0.06229701 0.05604008 0.0 0.09296976 0.011961963 0.044502646 0.0042996244 0.04672752 0.0152968485 0.05282841 0.0 0.0 0.032139778 0.011907541 0.0086974595 0.0033017222 0.06823108 0.05076192 0.077229254 0.021674491 0.04585207 0.0039942577 0.0 0.03492247 0.0 0.021884894 0.0 0.0 0.017497225 0.00403867 0.09835018 0.011747123 0.0 0.0 0.024441194 0.014730004 0.017089557 0.0018161286 0.0 0.014198213 0.0 0.015798071 0.0 0.0 0.01711419 0.045581885 0.0 0.004491841 0.0 0.018111603 0.0 0.0 0.0 0.0 0.014066363
0.018655997 0.009011932 0.026050504 0.0 0.0 0.018487714 0.008198901 0.0012473979 0.0 0.01223502 0.009702682 0.014137716 0.015834184 0.008855291 0.0 0.009485323 0.045712445 0.0 0.0058703753 0.0049944366 0.0 0.016119326 0.015462891 0.0033580933 0.029536692 0.038393524 0.027389457 0.0070220414 0.04720399 0.0 0.0 0.013139166 0.027228845 0.0027001672 0.07832489 0.0021115695 0.0 0.0 0.022759724 0.005058956 0.049601693 0.0 0.02722121 0.019978613 0.01711419 0.026605949 0.0 0.021396969 0.01921885 0.020196075 0.0020924767 0.037148792 0.047215886 0.018889228 0.028197838 0.053829722
0.056449465 0.007875017 0.0 0.0 0.102276266 0.023337243 0.0 0.008777043 0.014099553 0.004985082 0.0 0.0 0.0 0.0 0.0 0.00933565 0.0066700745 0.008069526 0.0070268065 0.0 0.030813856 0.01598636 0.015045941 0.02741704 0.0 0.0 0.04694444 0.010260806 0.00046304803 0.0 0.01446247 0.0 0.0 0.008656974 0.06951098 0.031917196 0.0061214697 0.017731912 0.0 0.00150114 0.0 0.0 0.0012898728 0.0 0.04558189 0.0 0.0 0.02970053 0.0 0.019635538 0.01513727 0.06666514 0.0 0.021978239 0.07805837 0.0
0.009942236 0.0 0.0 0.09244525 0.06105681 0.018512167 0.0010573283 0.0 0.058908176 0.00887401 0.0407813 0.0 0.0038425517 0.0 0.030842898 0.0 0.024242194 0.0037784453 0.026501857 0.060395148 0.007005784 0.0 0.06815395 0.014597467 0.017617773 0.0 0.016430639 0.0 0.002020446 0.030532809 0.0135373045 0.03708385 0.03744643 0.011596647 0.0 0.027499333 0.03351084 0.024464374 0.023401674 0.0 0.019397326 0.002085355 0.031540874 0.0 0.0 0.021396969 0.02970053 0.06785656 0.0072787204 0.0 0.05671038 0.0 0.009343643 0.0 0.0 0.0
0.0 0.019259602 0.045919348 0.0 0.0 0.053220905 0.018657483 0.020021943 0.0 0.010090091 0.0 0.035668682 0.0336117 0.06222653 0.0 0.026819713 0.0 0.0 0.015785776 0.00035730298 0.0 0.010023325 0.0075969715 0.0053295074 0.008856334 0.045399312 0.072826914 0.05159516 0.062481046 0.028587064 0.0 0.0 0.014337365 0.0 0.0070909113 0.0 0.03387391 0.0 0.0 0.007976809 0.04188478 0.0 0.024723845 0.001793955 0.0044918405 0.01921885 0.0 0.00727872 0.0 0.0 0.008378265 0.039103214 0.050090864 0.107290484 0.048892632 0.01876501
0.0 0.0 0.0026757612 0.0 0.0 0.0031908157 0.065037325 0.08366856 0.0 0.029145552 0.00090698 0.071705475 0.0 0.0 0.0 0.052780353 0.0 0.0 0.0 0.0 0.0037687276 0.027288508 0.0018092123 0.0047732643 0.0031282383 0.13740315 0.012455767 0.042409234 0.041156683 0.0 0.0 0.0 0.0 0.09313665 0.0030568473 0.025800418 0.03481411 0.0 0.050945707 0.030679254 0.070854805 0.0030429643 0.0 0.039416887 0.0 0.020196075 0.019635536 0.0 0.0 0.016458357 0.0 0.0 0.0 0.0074780425 0.040114 0.07875396
0.029644808 0.031853765 0.07127218 0.039926697 0.0 0.02097646 0.044713166 0.0039579053 0.023240639 0.019084666 0.0037385153 0.014702881 0.035802096 0.003863761 0.011333403 0.0 0.0 0.024367332 0.009535754 0.033552602 0.035189357 0.0 0.081552275 0.0 0.0643179 0.0 0.0014709557 0.015226926 0.0 0.03176106 0.07304176 0.030353725 0.07485147 0.0 0.0012229866 0.0 0.008732383 0.00525007 0.0 0.0035559188 0.0 0.040080406 0.037698865 0.0 0.018111603 0.0020924767 0.01513727 0.056710385 0.008378265 0.0 0.020606147 0.008951545 0.028431945 0.0061328267 0.00587665 0.0
0.0049176053 0.02624531 0.07797415 0.055249743 0.015804017 0.011561755 0.052469414 0.0 0.07908556 0.0039035967 0.0 0.038294364 0.00093245885 0.0 0.055095777 0.0 0.005118688 0.048472334 0.04956601 0.03597271 0.05065866 0.018585803 0.0018643666 0.0 0.021646183 0.0 0.0 0.0 0.0 0.059263546 0.05082169 0.071479194 0.03302608 0.003908138 0.0 0.043557577 0.0 0.07336803 0.0 0.0 0.005769928 0.0066183163 0.0150635075 0.0 0.0 0.037148792 0.06666514 0.0 0.039103214 0.0 0.008951545 0.0 0.008572768 0.0 0.016939744 0.0
0.0 0.014619032 0.0 0.05444763 0.022210862 0.0 0.0 0.0076221274 7.6701525e-09 0.0037462455 0.0 0.073392354 0.014478997 0.023683518 0.0 0.06926876 0.054468125 0.001289571 0.027646642 0.0 0.065455124 0.017813692 0.0 0.0 0.0 0.02252465 0.052150805 0.014324263 0.0 0.005646415 0.028294351 0.0011686313 0.0 0.024510903 0.0 0.0 0.0 0.0 0.006371339 0.054009557 0.006390395 0.016864736 0.017430877 0.063609265 0.0 0.047215886 0.0 0.009343643 0.05009086 0.0 0.028431945 0.008572769 0.0 0.06693967 0.0 0.0
0.0 0.0 0.0 0.019065117 0.01284936 0.0034969463 0.07107342 0.0 0.0 0.0 0.0 0.0 0.0 0.0 0.016087286 0.026649198 0.0 0.03253307 0.0066565033 0.0667669 0.057055257 0.057584353 0.0 0.004673385 0.041442614 0.0018425108 0.0 0.0 0.0 0.054916963 0.0 0.103711456 0.034194868 0.024849834 0.0 0.0 0.0 0.0066143605 0.012363708 0.0072623664 0.0 0.028724171 0.00042049735 0.028163364 0.0 0.018889228 0.021978239 0.0 0.10729048 0.0074780425 0.0061328267 0.0 0.06693967 0.02444463 0.0 0.0
0.0036498867 0.021526521 0.04845217 0.04886092 0.0031104647 0.028732643 0.024132347 0.0 0.018062199 0.057343386 0.0024513418 0.0 0.0 0.026270313 0.08267208 0.026637292 0.003546838 0.015804539 0.03306118 0.014389253 0.085320465 0.0 0.021038245 0.001683422 0.056588933 0.0 0.0 0.0 0.032592744 0.038719367 0.0 0.011840247 0.02881743 0.0 0.0 0.0068487157 0.0 0.03383792 0.0 0.0 0.032326523 0.021031316 0.06059494 0.0059878323 0.0 0.028197838 0.07805837 0.0 0.048892632 0.040114 0.00587665 0.016939744 0.0 0.0 0.0 0.024432655
0.0 0.0 0.0 0.0 0.0 0.0 0.02189587 0.018039746 0.008666719 0.03467037 0.01808369 0.008735538 0.0 0.0 0.0 0.0 0.0 0.05135686 0.0 0.07778808 0.02713236 0.030925088 0.011196004 0.054150295 0.0 0.062140718 0.0 0.074727155 0.0 0.028496977 0.0025469784 0.020325651 0.029491765 0.0722394 0.0 0.08899874 0.030529177 0.036140453 0.0 0.008814876 0.0 0.013543688 0.038328517 0.04543602 0.014066363 0.05382972 0.0 0.0 0.01876501 0.07875396 0.0 0.0 0.0 0.0 0.024432655 0.011244652
