0.03820782 0.03820969 0.04442324 0.013634281 0.0 0.033817958 0.0290945 0.07153672 0.0047436072 0.0 0.00087164255 0.0 0.017290616 0.013500655 0.07018873 0.034255728 0.0 0.0 0.0 0.0 0.0 0.0 0.0018166216 0.067840904 0.0 0.03789422 0.027303526 0.03361065 0.0 0.0 0.049322005 0.023551302 0.0076222196 0.04839591 0.0 0.0 0.011075025 0.0 0.0 0.0260505 0.0 0.016261686 0.010135146 0.0 0.011937849 0.0027155252 0.0 0.0053047226 0.0 0.018274069 0.026535906 0.092887335 0.0011349126 0.09172179 0.058034074 0.0
0.038209688 0.057418708 0.0394952 0.0 0.0 0.0 0.0023295083 0.0 0.0 0.10874153 0.015344192 0.06812957 0.0 0.055582326 0.0 0.0 0.052552834 0.0 0.0 0.0 0.0 0.0687506 0.019157372 7.5136256e-07 0.022630759 0.0 0.0 0.0 0.049327195 0.0069648945 0.0 0.0 0.0 0.0 0.02580869 0.0 0.041277684 0.0 0.020668797 0.0 0.05327747 0.0044671954 0.0 0.04788947 0.0 0.006996905 0.0 0.0 0.0 0.014272541 0.046231814 0.0 0.04279986 0.002934663 0.024764035 0.036407217
0.04442324 0.039495204 0.0 0.0 0.0 0.0 0.0040670033 0.043132205 0.0 0.061884567 0.0 0.0 0.0059896205 0.0 0.0 0.019312587 0.07618757 0.0 0.005340524 0.0 0.0 0.07445581 0.03653227 0.0009666533 0.0 0.10368035 0.0113380235 0.0 0.10570581 0.0 0.0 0.007226918 0.0 0.0 0.008068972 0.0 0.03171992 0.0 0.0028428196 0.0 0.008652235 0.01728909 0.007963826 0.040717855 0.009602494 0.014361498 0.0 0.007633089 0.0 0.059548218 0.0058809565 0.0 0.016815703 0.0 0.0 0.045016773
0.013634283 0.0 0.0 0.0 0.0 0.002056815 0.04585387 0.0914424 0.0 0.0 0.019452788 0.0 0.0 0.0 0.0 0.01607688 0.07143449 0.004118509 0.0 0.0 0.0019483175 0.048293747 0.0 0.0 0.03410742 0.0029700398 0.0026003423 0.043137122 0.06914819 0.019885015 0.022722134 0.0 0.0 0.009989438 0.013610321 0.0 0.017022848 0.0 0.005956735 0.0 0.08473122 0.019519422 0.0 0.10551303 0.048054356 0.0 0.0 0.0 0.037199717 0.051382095 0.03199043 0.005304018 0.0 0.0 0.028356645 0.046092585
0.0 0.0 0.0 0.0 0.0 0.0 0.040921625 0.020244926 0.0801901 0.0 0.0 0.0 0.0044471757 0.040251955 0.0 0.0 0.013358523 0.0 0.0 0.0 0.0 0.039336167 0.0 0.0 0.023132097 0.031815983 0.013734181 0.0020738961 0.0 0.0 0.0 0.0 0.012240198 0.0 0.08535192 0.0 0.008034876 0.0 0.03059355 0.0 0.11798171 0.016078917 0.0 0.005187195 0.0 0.0 0.0 0.0 0.0087020565 0.0 0.0038399245 0.0001926368 0.0 0.05095401 0.029915482 0.10411089
0.033817958 0.0 0.0 0.0020568147 0.0 0.0 0.02863874 0.027889244 0.0 0.025037967 0.022320418 0.051768325 0.033534374 0.024158875 0.0 0.010357505 0.060299836 0.0 0.0 0.0 0.0 0.052083895 0.0010569148 0.0 0.0 0.004999595 0.039579082 0.02742167 0.03313162 0.0 0.0 0.007229934 0.0 0.0 0.05412732 0.0018312262 0.015637727 0.0 0.038078014 0.0 0.061652575 0.0 0.0 0.030995836 0.0027576503 0.0 0.052528396 0.0 0.005565461 0.0 0.016281819 0.0 0.00724344 0.0 0.023625776 0.048405487
0.0290945 0.0023295083 0.0040670033 0.04585387 0.040921625 0.02863874 0.010392221 0.01274995 0.060270052 0.0 0.05327204 0.014544627 0.039119814 0.0 0.011194288 0.0 0.0 0.0 0.017014483 0.09788166 0.044425376 0.0 0.0 0.02144105 0.045003343 0.0 0.0 0.03402882 0.00859755 0.012097421 0.010317938 0.04737046 0.0075479997 0.0 0.021640936 0.024993636 0.01816562 0.06860808 0.009689723 0.0 0.0 0.0 0.04377404 0.0034244691 0.0139818685 0.008617954 0.013527311 0.005767696 0.047396097 0.0 0.018678049 0.0052911914 0.0 0.0 0.022658974 0.0
0.07153672 0.0 0.043132205 0.091442406 0.020244926 0.027889244 0.012749951 0.0 0.0 0.028225841 0.012759273 0.0 0.010563543 0.0 0.10126502 0.02352394 0.0 0.0 0.0 0.0 0.038915813 0.0 0.021281136 0.025659138 0.0 0.0030673835 0.013953048 0.02516038 0.009477343 0.0034118143 0.054423604 0.02465771 0.0 0.014986853 0.033186927 0.022555087 0.0 0.02985856 0.0 0.04102695 0.0 0.0 0.049200077 0.0 0.014068242 0.027280299 0.031885777 0.062295303 0.0 0.03356259 0.0 0.062105685 0.038485307 0.021851249 0.0 0.0
0.0047436077 0.0 0.0 0.0 0.08019009 0.0 0.060270052 0.0 0.01960338 0.017235296 0.04092522 0.016143993 0.033160016 0.0018100102 0.0 0.0 0.0 0.0 0.014825652 0.01448203 0.0 0.03342635 0.013568724 0.0 0.0 0.006456867 0.0 0.06384521 0.0 0.0 0.046616152 0.023388019 0.030376231 0.0 0.026348358 0.022195062 0.0 0.07945859 0.007988877 0.0 0.013168045 0.0 0.0 0.0032494569 0.05199304 0.036690455 0.0 0.017014172 0.018661806 0.0 0.057125695 0.0368548 0.0 0.0 0.029374199 0.024677558
0.0 0.10874154 0.061884567 0.0 0.0 0.025037967 0.0 0.028225841 0.017235296 0.0 0.006314334 0.0 0.04476634 0.00888469 0.02324452 0.0 0.0 0.010290673 0.027668199 0.011991102 0.04643621 0.0 0.0 0.0 0.03179984 0.0 0.0015267287 0.002933263 0.0 0.030504376 0.03342121 0.080829516 0.0 0.040639564 0.0 0.0 0.0 0.013956413 0.0054821693 0.008972638 0.0 0.0 0.033479966 0.01760333 0.0 0.033961244 0.049185656 0.0 0.025175974 0.0 0.0009980518 0.0 0.059745226 0.0 0.021700423 0.0
0.0008716426 0.015344192 0.0 0.019452786 0.0 0.022320418 0.05327204 0.012759272 0.04092522 0.006314334 0.097036116 0.08800996 0.0 0.0012208238 0.0 0.0 0.0035679839 0.0 0.07719803 0.0 0.0 0.035208672 0.0 0.0 0.025787102 0.0 0.04294462 0.023948383 0.019418554 0.0 0.016473783 0.0 0.0 0.0 0.004024045 0.0 0.0 0.04693309 0.032599114 0.0 0.0640422 0.021847526 0.029562093 0.014651442 0.0 0.0 0.011539348 0.006654346 0.01737887 0.039470997 0.008217073 0.0 0.0 0.003412639 0.006494803 0.0
0.0 0.06812957 0.0 0.0 0.0 0.051768325 0.014544626 0.0 0.016143993 0.0 0.08800995 0.0 0.0 0.0 0.0 0.0 0.0 0.0 0.0462725 0.0 0.027642585 0.0 0.0 0.013567684 0.0 0.029020976 0.059073746 0.0023319996 0.006429134 0.0 0.013402459 0.05056737 0.04310435 0.0 0.0 0.024224788 0.04740911 0.014863758 0.08992543 0.0 0.0 0.02282317 0.0382936 0.04591062 0.0 0.0026257825 0.034535427 0.0 0.0 0.020626038 0.05578 0.009805692 0.0 0.0055462043 0.04788415 0.0
0.017290616 0.0 0.0059896205 0.0 0.0044471757 0.033534374 0.039119817 0.010563543 0.033160016 0.04476634 0.0 0.0 0.023058143 0.0 0.10699838 0.061308507 0.0 0.0 0.0 0.0 0.0 0.0 0.053009924 0.003852887 0.0 0.0529293 0.023105796 0.0 0.0 0.017734744 0.035721242 0.0 0.008991704 0.0 0.0017212908 0.005986484 0.024553437 0.0 0.0 0.0028875624 0.012038019 0.0011210906 0.02506573 0.0 0.053031456 0.042575706 0.019399645 0.0 0.002911372 0.0057284907 0.07382293 0.019199252 0.0 0.0 0.015717784 0.045187254
0.013500657 0.055582326 0.0 0.0 0.04025196 0.024158875 0.0 0.0 0.0018100102 0.00888469 0.0012208237 0.0 0.0 0.017418116 0.0 0.08857725 0.0 0.07618698 0.02747446 0.11549772 0.04223326 0.0 0.055163085 0.06579262 0.00478238 0.05148491 0.025623946 0.0 0.0 0.013804926 0.032512434 0.039288957 0.019180017 0.009279185 0.0303677 0.0862328 0.041603837 0.011654561 0.0 0.020540517 0.011446737 0.058180198 0.019133529 0.0 0.0 0.0 0.0 0.061325185 0.012222351 0.0 0.0 0.058469128 0.021833757 0.0 0.010992432 0.0
0.07018874 0.0 0.0 0.0 0.0 0.0 0.011194289 0.10126502 0.0 0.023244519 0.0 0.0 0.10699838 0.0 0.018659372 0.0 0.034584038 0.00037703884 0.0 0.0050774706 0.0 0.03233324 0.0 0.019854033 0.0 0.043275736 0.034461923 0.011253011 0.01509092 0.0 0.023238616 0.0 0.0 0.0 0.016647052 0.0066351076 0.048482023 0.022834169 0.0 0.0 0.00641664 0.0 0.034836512 0.019141769 0.09801853 0.043840665 0.0 0.0044976897 0.0 0.0 0.045206405 0.0 0.0 0.0 0.004331523 0.06749708
0.034255728 0.0 0.019312587 0.01607688 0.0 0.010357505 0.0 0.02352394 0.0 0.0 0.0 0.0 0.06130851 0.08857725 0.0 0.0 0.0 0.0 0.0 0.0 0.0 0.0 0.0 0.0034682509 0.0 0.015591659 0.00833735 0.044545483 0.0 0.022004006 0.0 0.009522039 0.0 0.0 0.0 0.0 0.0 0.0 0.0062421565 0.12613009 0.05893552 0.044229575 0.0 0.0096041 0.020887293 0.0 0.0 0.0 0.0050094924 0.02735599 0.0 0.008924046 0.012853867 0.029058972 0.032789644 0.077430174
0.0 0.052552834 0.07618757 0.07143448 0.013358524 0.06029984 0.0 0.0 0.0 0.0 0.0035679839 0.0 0.0 0.0 0.034584038 0.0 0.0 0.005763908 0.099798426 0.03671643 0.026837844 0.0020554597 0.031789377 0.019174362 0.035295837 0.026429005 0.04606514 0.0034583095 0.032405347 0.058550484 0.0 0.044515625 0.0 0.0 0.0 0.021531317 0.0 0.037159633 0.0024748845 0.0009595212 0.0 0.0015891341 0.0 0.021541903 0.0012264005 0.04397867 0.023973867 0.0 0.03214896 0.0 0.038097512 0.0 0.0 0.0 0.0 0.0
0.0 0.0 0.0 0.004118509 0.0 0.0 0.0 0.0 0.0 0.010290673 0.0 0.0 0.0 0.07618698 0.00037703884 0.0 0.0057639075 0.0 0.004030311 0.0 0.0 0.0 0.0 0.0 0.039166067 0.011774488 0.04570561 0.041983295 0.0 0.0 0.016435565 0.0 0.01303608 0.0044773086 0.027222337 0.044452228 0.04302774 0.02368533 0.013824736 0.0005646276 0.06006797 0.004321355 0.0 0.051226825 0.0 0.016554508 0.02774605 0.0 0.033753585 0.006070005 0.06830489 0.0 0.005192007 0.0 0.0642083 0.04811011
0.0 0.0 0.005340524 0.0 0.0 0.0 0.017014483 0.0 0.014825651 0.027668199 0.07719803 0.0462725 0.0 0.02747446 0.0 0.0 0.09979843 0.004030311 0.0 0.062688515 0.0 0.013687602 0.0 0.0054841936 0.018511647 0.028929932 0.087560885 0.035873044 0.0 0.0 0.037541017 0.0 0.062365647 0.0 0.0 0.0227443 0.0 0.0 0.0 0.023186946 0.07619328 0.0 0.0 0.018564116 0.0 0.0 0.0 0.0 0.0 0.00703298 0.0 0.0 0.0 0.0 0.0 0.020730654
0.0 0.0 0.0 0.0 0.0 0.0 0.09788166 0.0 0.014482029 0.011991102 0.0 0.0 0.0 0.115497716 0.00507747 0.0 0.03671643 0.0 0.062688515 0.0 0.0 0.07739338 0.0 0.0 0.0 0.039096553 0.024801988 0.040358055 0.0057011805 0.0 0.0 0.0 0.0 0.002943709 0.0038214729 0.0 0.0 0.0 0.0 0.0 0.030286456 0.072717726 0.0 0.036855485 0.0010960343 0.0 0.0 0.0 0.008129903 0.0063327295 0.08031785 0.0 0.012342963 0.011603649 0.0 0.023632817
0.0 0.0 0.0 0.0019483175 0.0 0.0 0.04442538 0.038915817 0.0 0.04643621 0.0 0.027642585 0.0 0.04223326 0.0 0.0 0.026837844 0.0 0.0 0.0 0.012750347 0.027907459 0.016892973 0.0 0.0 0.06598448 0.008072213 0.0 0.03231628 0.0 0.0 0.0 0.047301996 0.0 0.0 0.0 0.05589101 0.06923224 0.0 0.0 0.008618351 0.02311819 0.0048938743 0.021294523 0.059122525 0.0 0.0 0.0 0.009765269 0.009282149 0.05644776 0.0 0.0 0.0017874651 0.016382014 0.08033246
0.0 0.068750605 0.07445581 0.048293747 0.039336164 0.05208389 0.0 0.0 0.03342635 0.0 0.035208676 0.0 0.0 0.0 0.03233324 0.0 0.0020554597 0.0 0.013687603 0.077393375 0.027907459 0.0 0.0071161804 0.0025752163 0.001052246 0.0 0.0 0.0 0.0 0.08509768 0.06268527 0.062954 0.045868546 0.0 0.0 0.0 0.036978014 0.021651383 0.08101609 0.012963851 0.0 0.07608102 0.022048231 0.0004700075 0.0 0.0 0.031265173 0.018772995 0.058201227 0.0 0.0052974164 0.0031934748 0.0 0.0 0.0 0.0
0.0018166216 0.019157372 0.03653227 0.0 0.0 0.0010569148 0.0 0.021281134 0.013568724 0.0 0.0 0.0 0.053009924 0.05516308 0.0 0.0 0.031789377 0.0 0.0 0.0 0.016892973 0.007116181 0.0007928227 0.005660787 0.01851729 0.022334218 0.001133867 0.037180834 0.0085964305 0.013125695 0.0 0.0 0.00022805261 0.013818595 0.06686194 0.027907846 0.0035594043 0.0 0.02889953 0.06103835 0.022542572 0.04059524 0.01713012 0.020820444 0.02737382 0.0006330848 0.0 0.0010496186 0.046530336 0.07341938 0.035022046 0.032374207 0.0 0.033035364 0.04973498 0.008965907
0.06784091 7.5136256e-07 0.00096665334 0.0 0.0 0.0 0.02144105 0.025659138 0.0 0.0 0.0 0.013567684 0.0038528873 0.06579262 0.019854033 0.0034682509 0.019174362 0.0 0.005484193 0.0 0.0 0.0025752163 0.005660787 0.0068973578 0.0 0.015008928 0.0 0.059137598 0.026614733 0.0 0.008425857 0.0 0.0 0.044282854 0.0 0.057526022 0.0 0.0 0.0 0.015531695 0.032987766 0.026214845 0.0 0.0 0.0045253565 0.013835289 0.030894848 0.0 0.0 0.04067227 0.0 0.015601924 0.046010308 0.121315375 0.034108527 0.03728432
0.0 0.022630759 0.0 0.034107417 0.023132097 0.0 0.045003343 0.0 0.0 0.03179984 0.025787102 0.0 0.0 0.00478238 0.0 0.0 0.035295837 0.03916607 0.018511647 0.0 0.0 0.001052246 0.01851729 0.0 0.0027546964 0.0 0.0 0.0 0.0 0.06367502 0.0 0.038865965 0.034099605 0.0 0.0009325044 0.049461585 0.07136468 0.0556929 0.0904936 0.040645815 0.013235986 0.002318326 0.0 0.07332616 0.0 0.0 0.0 0.031556204 0.009687716 0.0 0.044703726 0.022196548 0.0 0.0 0.006480876 0.0013157204
0.037894215 0.0 0.10368035 0.00297004 0.031815983 0.004999595 0.0 0.0030673838 0.006456867 0.0 0.0 0.029020976 0.0529293 0.05148491 0.043275736 0.01559166 0.026429003 0.011774488 0.028929932 0.039096557 0.06598448 0.0 0.022334218 0.015008929 0.0 0.027516361 0.0053884625 0.03006151 0.016161341 0.015307862 0.038738094 0.021746013 0.0 0.008056557 0.03353978 0.0 0.0035496575 0.0 0.0 0.006441507 0.0 0.06294264 0.019911481 0.03390032 0.0 0.004452633 0.0 0.0 0.004587207 0.012959177 0.0 0.06822497 0.035337016 0.054167476 0.0011903896 0.004809477
0.027303526 0.0 0.011338023 0.0026003423 0.0137341805 0.039579082 0.0 0.013953048 0.0 0.0015267287 0.042944625 0.059073746 0.023105798 0.025623946 0.034461923 0.008337351 0.046065144 0.04570561 0.08756089 0.024801988 0.008072213 0.0 0.001133867 0.0 0.0 0.0053884625 0.0 0.0 0.06342678 0.050723433 0.0 0.0 0.0 0.0022969956 0.012214263 0.0005865949 0.0 0.018155398 0.0 0.042063087 0.0 0.018673593 0.024005912 0.0 0.015430171 0.0 0.02343713 0.0109296 0.0 0.016909603 0.055850577 0.0 0.030170389 0.028065229 0.031272933 0.019827014
0.03361065 0.0 0.0 0.043137122 0.0020738961 0.02742167 0.03402882 0.02516038 0.0638452 0.002933263 0.023948383 0.0023319996 0.0 0.0 0.011253011 0.044545487 0.0034583095 0.041983295 0.035873044 0.04035805 0.0 0.0 0.037180834 0.059137598 0.0 0.03006151 0.0 0.07120368 0.0 0.0 0.0041632983 0.0 0.0377788 0.04704295 0.0 0.034469623 0.055971667 0.0 0.0 0.036455218 0.0 0.0 0.0 0.0 0.024263632 0.03935696 0.01209348 0.086086325 0.0 0.0 0.0040467726 0.029085208 0.0 0.026807 0.028545795 0.0026405586
0.0 0.049327195 0.10570581 0.06914819 0.0 0.03313162 0.00859755 0.009477344 0.0 0.0 0.019418554 0.006429134 0.0 0.0 0.015090919 0.0 0.032405347 0.0 0.0 0.0057011805 0.03231628 0.0 0.0085964305 0.026614733 0.0 0.016161341 0.06342678 0.0 0.0 0.058741365 0.013305588 0.0 0.021061953 0.0 0.024185715 0.0 0.012725173 0.025474027 0.0 0.05782201 3.1618112e-07 0.0 0.061370555 0.0 0.0 0.015650086 0.055524062 0.04635441 0.015419954 0.026155928 0.0021091918 0.0293211 0.06268043 0.0 0.00664085 0.0
0.0 0.0069648945 0.0 0.019885017 0.0 0.0 0.012097421 0.003411814 0.0 0.030504378 0.0 0.0 0.017734744 0.013804927 0.0 0.022004008 0.058550484 0.0 0.0 0.0 0.0 0.08509767 0.013125695 0.0 0.06367503 0.015307862 0.050723437 0.0 0.058741365 0.0 0.0 0.0 0.0 0.0 0.034002118 0.020362051 0.029743057 0.011513463 0.02636042 0.021903895 0.0039140186 0.043045927 0.005806271 0.06480035 0.0055636773 0.0021250697 0.0037998483 0.0 0.044303834 0.0131353475 0.06774249 0.0 0.0 0.0 0.016836084 0.009576312
0.049322005 0.0 0.0 0.022722136 0.0 0.0 0.010317938 0.054423604 0.046616152 0.033421215 0.016473783 0.013402459 0.035721242 0.032512434 0.023238616 0.0 0.0 0.016435565 0.037541013 0.0 0.0 0.06268527 0.0 0.008425856 0.0 0.038738098 0.0 0.0041632983 0.013305588 0.0 0.07444653 0.011121963 0.0 0.0 0.06714515 0.0 0.03398485 0.0 0.0 0.0 0.0 0.016174614 0.0 0.07303394 0.0 0.0 0.011228515 0.0 0.0065617557 0.015372485 0.04510178 0.054960933 0.0 0.0 0.0089287 0.0022835617
0.023551302 0.0 0.007226918 0.0 0.0 0.0072299344 0.047370464 0.024657708 0.023388019 0.08082951 0.0 0.05056737 0.0 0.03928896 0.0 0.009522039 0.04451563 0.0 0.0 0.0 0.0 0.062954 0.0 0.0 0.038865965 0.021746011 0.0 0.0 0.0 0.0 0.011121962 0.0 0.0 0.0047920155 0.07266016 0.0 0.07723464 0.0 0.0 0.0 0.0063417447 0.008929045 0.0 0.06352489 0.08705203 0.0033179715 0.0 0.0 0.0 0.010273087 0.01750527 0.027405662 0.0 0.016020432 0.0 0.06159067
0.00762222 0.0 0.0 0.0 0.012240198 0.0 0.007547999 0.0 0.030376231 0.0 0.0 0.043104354 0.008991703 0.019180015 0.0 0.0 0.0 0.013036081 0.062365644 0.0 0.047301996 0.04586855 0.00022805261 0.0 0.034099605 0.0 0.0 0.0377788 0.021061955 0.0 0.0 0.0 0.023623234 0.0 0.055553813 0.004739014 0.0 0.0 0.07292826 0.0 0.0 0.023543142 0.0 0.0314381 0.07633946 0.05784187 0.0 0.0 0.0002750994 0.0 0.0 0.0 0.0 0.0 0.04666317 0.049376946
0.04839591 0.0 0.0 0.009989438 0.0 0.0 0.0 0.014986853 0.0 0.040639564 0.0 0.0 0.0 0.009279186 0.0 0.0 0.0 0.004477309 0.0 0.002943709 0.0 0.0 0.013818596 0.044282854 0.0 0.008056557 0.0022969958 0.04704295 0.0 0.0 0.0 0.0047920155 0.0 0.0 0.06609202 0.0 0.07515615 0.07834966 0.0 0.08309533 0.013135533 0.020121325 0.0 0.0013413879 0.07077538 0.0048422953 0.0 0.0 0.0 0.016543275 0.03789665 0.09193308 0.0 0.036090557 0.05839639 0.0310669
0.0 0.02580869 0.008068972 0.013610319 0.08535192 0.05412732 0.021640938 0.033186927 0.026348356 0.0 0.0040240446 0.0 0.0017212906 0.030367699 0.016647052 0.0 0.0 0.027222337 0.0 0.003821473 0.0 0.0 0.06686194 0.0 0.0009325044 0.03353978 0.012214263 0.0 0.024185715 0.034002118 0.067145154 0.072660156 0.055553813 0.066092014 0.017243207 0.03235581 0.0 0.013606733 0.005939246 0.026711192 0.0010976662 0.021279551 0.07146065 0.0038064988 0.0 0.0 0.0 0.0 0.019143304 0.0 0.0 0.018918745 0.045268856 0.039444543 0.021524142 0.0
0.0 0.0 0.0 0.0 0.0 0.0018312262 0.024993636 0.022555087 0.022195062 0.0 0.0 0.024224786 0.0059864842 0.0862328 0.006635108 0.0 0.021531316 0.044452228 0.0227443 0.0 0.0 0.0 0.027907845 0.057526026 0.049461585 0.0 0.0005865949 0.034469623 0.0 0.020362051 0.0 0.0 0.004739014 0.0 0.032355815 0.0 0.005800517 0.041102555 0.024236506 0.0 0.07478794 0.020895567 0.015989989 0.0 0.017790359 0.022637935 0.0 0.060425553 0.0 0.035280418 0.0 0.010117408 0.0345979 0.01101689 0.019656593 0.03240764
0.011075025 0.041277688 0.03171992 0.01702285 0.008034876 0.015637726 0.018165622 0.0 0.0 0.0 0.0 0.04740911 0.024553437 0.041603837 0.048482023 0.0 0.0 0.04302774 0.0 0.0 0.055891015 0.036978014 0.0035594045 0.0 0.07136468 0.0035496573 0.0 0.055971667 0.012725173 0.029743057 0.033984855 0.07723465 0.0 0.07515615 0.0 0.005800517 0.0 0.0022538793 0.044637628 0.0 0.0 0.002954159 0.04796109 0.0 0.012913591 0.0037920198 0.035044998 0.014047203 0.010151726 0.03837898 0.0 0.0 0.041456938 0.018585537 0.00079751277 0.0
0.0 0.0 0.0 0.0 0.0 0.0 0.06860808 0.029858558 0.079458594 0.013956414 0.04693309 0.014863759 0.0 0.011654562 0.02283417 0.0 0.037159633 0.02368533 0.0 0.0 0.06923223 0.021651383 0.0 0.0 0.0556929 0.0 0.018155398 0.0 0.025474027 0.011513462 0.0 0.0 0.0 0.07834966 0.013606733 0.041102555 0.0022538793 0.014201528 0.028712343 0.0 0.057044383 0.0 0.021177106 0.034798805 0.022159405 0.022240993 0.022502763 0.0 0.0043525207 0.0014520162 0.04081726 0.0 0.013454791 0.0025172872 0.0 0.06862178
0.0 0.020668799 0.0028428196 0.0059567345 0.03059355 0.038078014 0.009689723 0.0 0.007988877 0.0054821693 0.032599114 0.08992543 0.0 0.0 0.0 0.0062421565 0.0024748845 0.013824736 0.0 0.0 0.0 0.08101609 0.028899528 0.0 0.090493605 0.0 0.0 0.0 0.0 0.02636042 0.0 0.0 0.07292825 0.0 0.0059392457 0.024236506 0.044637624 0.028712342 0.0071912818 0.025641091 0.0 0.0014957617 0.026319064 0.011869452 0.0 0.014540098 0.06025411 0.030309038 0.009777272 0.0 0.0022220227 0.0 0.054118153 0.0009484238 0.0 0.01540016
0.0260505 0.0 0.0 0.0 0.0 0.0 0.0 0.04102695 0.0 0.008972638 0.0 0.0 0.0028875622 0.020540517 0.0 0.12613009 0.0009595212 0.0005646275 0.023186948 0.0 0.0 0.012963851 0.061038345 0.015531696 0.040645815 0.0064415066 0.042063087 0.036455218 0.057822015 0.021903895 0.0 0.0 0.0 0.08309532 0.026711192 0.0 0.0 0.0 0.02564109 0.08927733 0.0 0.0 0.0035093173 0.0 0.004597034 0.0 0.0 0.08372402 0.0386883 0.043143064 0.0 0.031028315 0.0 0.017003508 0.029175488 0.0203042
0.0 0.053277466 0.008652234 0.08473122 0.11798172 0.061652575 0.0 0.0 0.013168045 0.0 0.0640422 0.0 0.0120380195 0.011446737 0.0064166393 0.05893552 0.0 0.06006797 0.07619328 0.030286456 0.008618351 0.0 0.022542572 0.032987766 0.013235986 0.0 0.0 0.0 3.1618112e-07 0.0039140186 0.0 0.006341745 0.0 0.013135533 0.0010976662 0.07478794 0.0 0.057044383 0.0 0.0 0.0 0.03680044 0.009418522 0.0 0.0 0.062866494 0.0 0.08270978 0.060614616 0.0 0.0 0.0 0.045100395 0.0027508528 0.0 0.0038861223
0.016261686 0.004467195 0.01728909 0.019519424 0.016078917 0.0 0.0 0.0 0.0 0.0 0.021847526 0.02282317 0.0011210906 0.058180198 0.0 0.04422958 0.0015891341 0.004321355 0.0 0.072717726 0.02311819 0.07608103 0.04059524 0.026214845 0.002318326 0.06294264 0.018673593 0.0 0.0 0.043045927 0.016174616 0.008929045 0.023543142 0.020121323 0.021279553 0.020895565 0.0029541592 0.0 0.0014957617 0.0 0.03680044 0.0072889696 0.01231223 0.0 0.0 0.032302544 0.025478508 0.0315542 0.018944254 0.012881972 0.012392494 0.0 0.0 0.0 0.029904058 0.004405668
0.010135145 0.0 0.007963826 0.0 0.0 0.0 0.04377404 0.049200073 0.0 0.033479966 0.029562093 0.038293596 0.02506573 0.019133529 0.03483651 0.0 0.0 0.0 0.0 0.0 0.0048938743 0.022048231 0.01713012 0.0 0.0 0.019911481 0.024005912 0.0 0.061370555 0.005806271 0.0 0.0 0.0 0.0 0.07146064 0.015989989 0.047961093 0.021177107 0.026319062 0.003509317 0.009418522 0.01231223 0.0 0.025529426 0.05069951 0.016090957 0.0 0.021428108 0.0006573416 0.01914272 0.0 0.00094274303 0.03372452 0.0 0.032380857 0.029264847
0.0 0.047889467 0.040717855 0.10551303 0.005187195 0.030995836 0.003424469 0.0 0.003249457 0.01760333 0.014651443 0.04591062 0.0 0.0 0.01914177 0.009604101 0.021541903 0.051226825 0.018564116 0.036855485 0.021294523 0.0004700075 0.020820444 0.0 0.07332616 0.03390032 0.0 0.0 0.0 0.064800344 0.07303393 0.06352489 0.0314381 0.0013413879 0.0038064988 0.0 0.0 0.03479881 0.011869453 0.0 0.0 0.0 0.025529426 0.0 0.0 0.0879301 0.06252122 0.0 0.06894578 0.0 0.0 0.0 0.060971953 0.0 0.035484653 0.0
0.011937849 0.0 0.009602494 0.048054356 0.0 0.0027576503 0.013981869 0.014068243 0.05199304 0.0 0.0 0.0 0.053031452 0.0 0.09801853 0.020887295 0.0012264005 0.0 0.0 0.0010960343 0.05912252 0.0 0.027373819 0.0045253565 0.0 0.0 0.01543017 0.024263632 0.0 0.0055636773 0.0 0.08705203 0.07633945 0.07077538 0.0 0.017790357 0.012913591 0.022159405 0.0 0.004597034 0.0 0.0 0.050699506 0.0 0.006322921 0.025592146 0.031502858 0.013314994 0.037408367 0.04458951 0.03286744 0.0 0.024637762 0.0909882 0.046330247 0.009135718
0.0027155252 0.006996905 0.014361497 0.0 0.0 0.0 0.008617954 0.027280299 0.036690455 0.033961244 0.0 0.0026257825 0.042575706 0.0 0.043840665 0.0 0.04397867 0.016554508 0.0 0.0 0.0 0.0 0.00063308474 0.013835289 0.0 0.004452633 0.0 0.03935696 0.015650086 0.00212507 0.0 0.0033179715 0.05784187 0.0048422953 0.0 0.022637935 0.0037920198 0.02224099 0.014540099 0.0 0.06286649 0.032302544 0.016090956 0.08793009 0.025592148 0.0 0.03310052 0.0 0.031139018 0.041939214 0.043603998 0.0048010293 0.0 0.0 0.0 0.063063756
0.0 0.0 0.0 0.0 0.0 0.052528396 0.013527311 0.031885777 0.0 0.049185656 0.011539348 0.034535427 0.019399645 0.0 0.0 0.0 0.023973867 0.02774605 0.0 0.0 0.0 0.031265173 0.0 0.030894848 0.0 0.0 0.02343713 0.01209348 0.055524062 0.0037998485 0.011228515 0.0 0.0 0.0 0.0 0.0 0.035044994 0.022502763 0.060254112 0.0 0.0 0.025478508 0.0 0.06252122 0.03150286 0.03310052 0.0 0.0 0.0 0.0 0.0073175994 0.016005611 0.013348275 0.040191036 0.014431718 0.03200973
0.0053047226 0.0 0.0076330896 0.0 0.0 0.0 0.0057676965 0.062295303 0.017014172 0.0 0.0066543454 0.0 0.0 0.06132518 0.0044976897 0.0 0.0 0.0 0.0 0.0 0.0 0.018772997 0.0010496186 0.0 0.0315562 0.0 0.0109296 0.08608632 0.046354413 0.0 0.0 0.0 0.0 0.0 0.0 0.06042555 0.014047203 0.0 0.030309038 0.08372402 0.08270979 0.031554203 0.021428106 0.0 0.013314993 0.0 0.0 0.0072065457 0.0 0.05423882 0.03588394 0.0036878837 0.0 0.008072789 0.027177677 0.052214995
0.0 0.0 0.0 0.037199717 0.0087020565 0.0055654603 0.047396094 0.0 0.018661804 0.025175972 0.017378869 0.0 0.002911372 0.012222351 0.0 0.005009493 0.03214896 0.03375358 0.0 0.008129902 0.00976527 0.058201227 0.046530336 0.0 0.009687715 0.004587207 0.0 0.0 0.0154199535 0.044303834 0.0065617557 0.0 0.00027509942 0.0 0.019143304 0.0 0.010151726 0.0043525207 0.009777272 0.0386883 0.060614616 0.018944254 0.0006573416 0.06894579 0.037408367 0.03113902 0.0 0.0 0.024371998 0.028679775 0.037793092 0.020610504 0.038106803 0.0 0.0 0.052146275
0.018274069 0.014272542 0.059548214 0.05138209 0.0 0.0 0.0 0.03356259 0.0 0.0 0.039470997 0.02062604 0.0057284907 0.0 0.0 0.02735599 0.0 0.006070005 0.0070329797 0.0063327295 0.009282148 0.0 0.07341938 0.04067227 0.0 0.012959176 0.016909605 0.0 0.026155926 0.0131353475 0.015372485 0.010273087 0.0 0.016543275 0.0 0.035280418 0.03837898 0.0014520162 0.0 0.043143064 0.0 0.012881971 0.01914272 0.0 0.04458951 0.041939214 0.0 0.054238815 0.028679777 0.0 0.017785678 0.006965148 0.025303522 0.034663938 0.06833713 0.0
0.026535904 0.046231814 0.0058809565 0.03199043 0.0038399245 0.016281819 0.018678049 0.0 0.05712569 0.0009980518 0.008217073 0.05578 0.07382293 0.0 0.045206405 0.0 0.038097512 0.06830489 0.0 0.080317855 0.05644776 0.0052974164 0.03502205 0.0 0.04470373 0.0 0.055850577 0.004046773 0.0021091916 0.06774248 0.045101777 0.017505271 0.0 0.03789665 0.0 0.0 0.0 0.040817257 0.0022220227 0.0 0.0 0.012392494 0.0 0.0 0.03286744 0.043603994 0.0073175994 0.035883937 0.037793096 0.01778568 0.0 0.0 0.018284883 0.0 0.0 0.0
0.092887335 0.0 0.0 0.005304018 0.0001926368 0.0 0.0052911914 0.062105685 0.0368548 0.0 0.0 0.009805692 0.019199252 0.05846913 0.0 0.008924046 0.0 0.0 0.0 0.0 0.0 0.0031934748 0.032374203 0.015601923 0.02219655 0.068224974 0.0 0.029085206 0.029321099 0.0 0.05496093 0.027405664 0.0 0.09193309 0.018918745 0.010117408 0.0 0.0 0.0 0.031028317 0.0 0.0 0.000942743 0.0 0.0 0.0048010293 0.016005613 0.0036878837 0.020610506 0.006965148 0.0 0.043719593 0.035221808 0.08799588 0.073152296 0.0
0.0011349126 0.04279986 0.016815703 0.0 0.0 0.0072434396 0.0 0.038485304 0.0 0.05974523 0.0 0.0 0.0 0.021833757 0.0 0.012853866 0.0 0.005192007 0.0 0.012342963 0.0 0.0 0.0 0.046010304 0.0 0.035337016 0.030170389 0.0 0.06268043 0.0 0.0 0.0 0.0 0.0 0.045268856 0.034597903 0.041456938 0.013454792 0.054118153 0.0 0.04510039 0.0 0.03372452 0.060971953 0.02463776 0.0 0.013348275 0.0 0.038106803 0.02530352 0.018284883 0.035221808 0.0 0.0 0.0130349165 0.019160233
0.09172179 0.002934663 0.0 0.0 0.05095401 0.0 0.0 0.021851249 0.0 0.0 0.003412639 0.0055462043 0.0 0.0 0.0 0.029058972 0.0 0.0 0.0 0.01160365 0.001787465 0.0 0.033035364 0.121315375 0.0 0.05416748 0.028065229 0.026807 0.0 0.0 0.0 0.016020432 0.0 0.036090553 0.039444543 0.01101689 0.018585535 0.0025172872 0.00094842375 0.017003508 0.0027508526 0.0 0.0 0.0 0.090988204 0.0 0.040191036 0.008072789 0.0 0.034663938 0.0 0.08799589 0.0 0.0 0.015450332 0.022287691
0.058034074 0.024764033 0.0 0.028356645 0.029915484 0.023625778 0.022658974 0.0 0.0293742 0.021700423 0.006494803 0.04788415 0.015717784 0.010992432 0.004331523 0.032789644 0.0 0.06420829 0.0 0.0 0.016382013 0.0 0.04973498 0.034108527 0.0064808764 0.0011903896 0.031272933 0.028545795 0.00664085 0.016836084 0.0089287 0.0 0.04666317 0.058396395 0.02152414 0.019656593 0.00079751277 0.0 0.0 0.029175488 0.0 0.02990406 0.032380857 0.035484653 0.046330247 0.0 0.014431718 0.027177677 0.0 0.06833713 0.0 0.073152296 0.0130349165 0.015450332 0.0 0.0023814884
0.0 0.036407217 0.04501677 0.04609258 0.10411089 0.048405487 0.0 0.0 0.024677556 0.0 0.0 0.0 0.045187257 0.0 0.06749708 0.077430174 0.0 0.048110105 0.020730654 0.023632817 0.08033246 0.0 0.008965907 0.037284322 0.0013157204 0.004809477 0.019827014 0.0026405586 0.0 0.009576312 0.0022835617 0.061590675 0.049376942 0.0310669 0.0 0.03240764 0.0 0.068621784 0.01540016 0.0203042 0.0038861223 0.0044056685 0.029264845 0.0 0.009135718 0.063063756 0.03200973 0.05221499 0.052146275 0.0 0.0 0.0 0.019160233 0.022287691 0.0023814884 0.0
