0.0 0.0 0.0 0.009254854 0.0 0.0 0.010197718 0.067566685 0.0 0.0 0.0 0.031406816 0.008131508 0.017443191 0.070915826 0.03179819 0.050916087 0.0 0.036234383 0.036722425 0.0 0.017879862 0.0025089832 0.0147186285 0.0 0.0042501823 0.0 0.0037268978 0.022008568 0.0 0.0 0.0 0.004942294 0.0070308573 0.023038082 0.029237235 0.00803218 0.0036461442 0.03341109 0.04051569 0.04964748 0.026002271 0.0 0.07188052 0.02329836 0.0 0.038248852 0.011216373 0.0 0.08821503 0.0066691586 0.054823063 0.0019338297 0.010931796 0.02713453 0.046147395
0.0 0.034757264 0.0 0.0 0.0 0.025723422 0.0 0.009839786 0.01822183 0.0625232 0.0 0.0 0.0 0.07387295 0.0 0.056569822 0.03937865 0.030130278 0.0085156765 0.026335383 0.016372057 0.0 0.016606716 0.004067027 0.004824931 0.044109 0.015203753 0.05137155 0.009727653 0.0 0.012612237 0.0 0.0 0.0 0.010774127 0.0 0.0 0.0 0.015796645 0.03175927 0.0599805 0.03505164 0.011215477 0.033688046 0.06319002 0.011350193 0.020235825 0.0 0.031497575 0.0 0.01234667 0.0 0.0 0.044493873 0.0 0.028545607
0.0 0.0 0.07426316 0.048370797 0.013555722 0.020957999 0.0 0.0 0.06405592 0.0 0.035358008 0.0005912309 0.0 0.0 0.0048075183 0.025504734 0.008067369 0.0033957546 0.012264294 0.051477365 0.04760772 0.0 0.0 0.0 0.061054595 0.0 5.5964264e-09 0.018197099 0.031658903 0.04474879 0.06176315 0.040974442 0.004877461 0.0 0.012564424 0.00741996 0.0 0.08826809 0.042156015 0.0 0.0 0.047640298 0.10398894 0.0049803425 0.0 0.040053245 0.029563516 0.0 0.0 0.0009871982 0.010088359 0.0 0.0 0.0 0.01610861 0.0
0.009254853 0.0 0.048370793 0.0 0.038217712 0.054243676 0.0 0.0 0.049087513 0.062508956 0.044888005 0.0 0.0 0.0 0.056492608 0.014903995 0.0 0.0 0.05484191 0.014251647 0.0 0.0 0.040201228 0.01771638 0.13281576 0.006498131 0.05120867 0.0 0.0 0.009997877 0.028147703 0.117437676 0.018127078 0.0 0.0 0.0 0.023437057 0.039503176 0.0025411434 0.014836751 0.0 0.0 0.0 0.0 0.0 0.003545868 0.021651998 0.0 0.0 0.0 0.016188756 0.0043040174 0.004231994 0.0 0.02283458 0.0012304139
0.0 0.0 0.013555722 0.038217712 0.0 0.0409165 0.0 0.0096081365 0.01541121 0.0 0.06422997 0.0 0.037269622 0.0 0.0031606385 0.004946246 0.0063585346 0.11511452 0.013726452 0.024858115 0.0 0.0 0.020623054 0.036137972 0.059397884 0.0025192185 0.03849486 0.0024757679 0.09615756 0.0 0.023692293 0.05167183 0.0022669134 0.0 0.0 0.0 0.022995539 0.0002509623 0.019035924 0.0 0.024744648 0.0 0.041861054 0.0 0.0 0.0 0.0 0.0 0.0 0.0 0.06055676 0.0 0.0 0.071459904 0.0 0.0
0.0 0.025723422 0.020958 0.05424368 0.0409165 0.0 0.0 0.0 0.0078013907 0.01151449 0.0 0.0 0.0 0.044392712 0.0 0.07389264 0.0 0.0 0.050335117 0.0 0.0 0.0 0.07203527 0.0 0.027983319 0.0 0.012607005 0.0 0.0 0.0 0.012540477 0.03569751 0.01468035 0.0 0.014050994 0.07215395 0.0023406988 0.03805593 0.006843019 0.0 0.026846414 0.0 0.0 0.0 0.0 0.0 0.0 0.0 0.0 0.0 0.0808952 0.006987729 0.005425767 0.0 0.010087602 0.0
0.010197718 0.0 0.0 0.0 0.0 0.0 0.0 0.030504532 0.0 0.07553049 0.0 0.023646241 0.013760007 0.010947394 0.0 0.022313958 0.0 0.015785407 0.0 0.05047134 0.0 0.0 0.03536474 0.03247717 0.0 0.04004585 0.032145906 0.049447887 0.0 0.0 0.0 0.0 0.0 0.0 0.018752018 0.0 0.035838332 0.0 0.0 0.0 0.00517451 0.004268806 0.0 0.030368863 0.03776126 0.0 0.046410706 0.015702147 0.0 0.037545867 0.049952745 0.039552722 0.0 0.027911816 0.011422127 0.0077581313
0.067566685 0.009839786 0.0 0.0 0.009608136 0.0 0.030504532 0.053760245 0.0 0.0 0.0 0.007851297 0.009155621 0.0 0.013821672 0.016858744 0.0 0.008830303 0.0 0.0 0.0043255743 0.113011666 0.0 0.022688946 0.002969514 0.06385495 0.0 0.020569878 0.0042954693 0.0 0.0 0.0 0.022725718 0.040093638 0.016345046 0.043537077 0.011031134 0.0 0.0 0.030990526 0.0 0.030988835 0.020446615 0.044429 0.097566865 0.04220969 0.033187993 0.018877422 0.021902753 0.014440594 0.0 0.043066517 0.023662256 0.02825003 0.008250897 0.017745335
0.0 0.01822183 0.06405591 0.049087513 0.015411211 0.0078013907 0.0 0.0 0.0 0.0 0.0074417004 0.0 0.025314255 0.03690812 0.0092849685 0.019707836 0.0 0.09939054 0.04151013 0.008268667 0.0 0.0 0.038715333 0.07214407 0.048887633 0.011575057 0.00921417 0.0130928205 0.0074683325 0.0 0.0 0.016350279 0.020259352 0.0 0.014803226 0.0 0.0 0.0 0.011927454 0.003098404 0.064871885 0.0 0.00363535 0.015936099 0.004204188 0.031364705 0.021104284 0.0 0.0151104005 0.0 0.017080905 0.008802801 0.029804556 0.055556305 0.0 0.0
0.0 0.06252319 0.0 0.062508956 0.0 0.01151449 0.075530484 0.0 0.0 0.0 0.097769395 0.0 0.0 0.0 0.08145572 0.01858935 0.022978833 0.012385718 0.03635985 0.04048919 0.0 0.0 0.029454192 0.004233559 0.0 0.0 0.06564727 0.0 0.0 0.012505045 0.0 0.018243 0.026718719 0.0 0.0 0.0 0.016556064 0.039024014 0.0 0.0 0.024803096 0.03637197 0.031771597 0.0029214923 0.0070406366 0.026098028 0.036397096 0.05462828 0.021437133 0.0 0.015125096 0.0 0.079204306 0.008354133 0.014988071 0.0
0.0 0.0 0.035358008 0.044888005 0.064229965 0.0 0.0 0.0 0.0074416995 0.097769395 0.11998086 0.0 0.086215466 0.0 0.028583514 0.0 0.0 0.11754141 0.016081724 0.01482342 0.0 0.0 0.022392966 0.010538439 0.010414596 0.0 0.0010569445 0.0 0.026705982 0.0 0.039980765 0.0 0.0 0.0 0.0 0.046688 0.011987243 0.0 0.038624767 0.0 0.0 0.0 0.018032022 0.01648144 0.017747903 0.0034041596 0.0 0.0 0.024462992 0.0019497152 0.011908446 0.0 0.0038938553 0.0 0.0 0.0
0.031406812 0.0 0.0005912309 0.0 0.0 0.0 0.023646241 0.007851298 0.0 0.0 0.0 0.0 0.022648409 0.0 0.0 0.009288283 0.03676261 0.0 0.0 0.0 0.0 0.0026737386 0.07433975 0.01882652 0.00458204 0.0012772429 0.041282758 0.027141245 0.061123535 0.030314473 0.07290316 0.0 0.013277444 0.022147559 0.016748425 0.017739816 0.016164225 0.08854376 0.03337932 0.02339744 0.039037947 0.039019313 0.010386421 0.009454117 0.0 0.0 0.010689927 0.0 0.0 0.019271774 0.042055503 0.0 0.011395466 0.01488878 0.040029604 0.0028384791
0.008131508 0.0 0.0 0.0 0.037269622 0.0 0.013760006 0.009155621 0.025314255 0.0 0.08621547 0.022648409 0.038027037 0.0028490038 0.0015951189 0.017589863 0.0 0.0 0.0 0.023714315 0.13164999 0.035304677 0.0 0.019923706 0.0 0.034702107 0.0 0.0 0.0 0.0 0.0023151268 0.0 0.018300058 0.06268799 0.024978787 0.0 0.0 0.0 0.0 0.038120482 0.0 0.01549821 0.028140169 0.045491252 0.05781223 0.03508913 0.010373395 0.015740283 0.0 0.011042639 0.0 0.0 0.0 0.0048158136 0.0 0.010336891
0.017443191 0.07387295 0.0 0.0 0.0 0.044392712 0.010947394 0.0 0.03690812 0.0 0.0 0.0 0.002849004 0.07822602 0.012651734 0.0233117 0.045486636 0.0 0.0 0.005473993 0.0897457 0.033754535 0.0 0.0031008208 0.004802979 0.027855435 0.0 0.07310248 0.0 0.0 0.0 0.0 0.012814804 0.06899825 0.0 0.0038186675 0.008246092 0.0 0.0 0.10122798 0.036836248 0.0 0.0 0.0065190285 0.0 0.019071609 0.0 0.04188845 0.025724975 0.028730968 0.0 0.01986586 0.0036556553 0.08522175 0.03234626 0.014149452
0.070915826 0.0 0.0048075183 0.056492604 0.0031606385 0.0 0.0 0.013821671 0.0092849685 0.08145572 0.028583514 0.0 0.0015951189 0.012651735 0.0 0.0 0.0 0.01654069 0.02416761 0.014995676 0.0 0.0 0.023122177 0.04649097 0.0 0.014344756 0.023087217 0.005973868 0.052201603 0.0 0.0 0.0 0.0042625326 0.0 0.012653108 0.02922191 0.023090813 0.0 0.019851211 0.0021314095 0.010131113 0.050401315 0.0065859496 0.0 0.014090504 0.016914988 0.014302026 0.0 0.0019140618 0.0 0.04114189 0.025978215 0.0 0.0 0.041131236 0.031511445
0.03179819 0.056569826 0.025504734 0.014903994 0.0049462463 0.07389264 0.022313958 0.016858745 0.019707836 0.01858935 0.0 0.009288283 0.017589865 0.0233117 0.0 0.0 0.0 0.0 0.035291404 0.05479216 0.023619115 0.012271035 0.0 0.07541135 0.012354947 0.013225923 0.014284701 0.048696976 0.0 0.0 0.024598673 0.0 0.0 0.0 0.03249648 0.048896097 0.018642547 0.0 0.00915685 0.028365629 0.0 0.017812988 0.0 0.0055511915 0.0024514352 0.026491955 0.009444542 0.05067192 0.044972815 0.0 0.012653742 0.02513975 0.013152633 0.043206193 0.0028759118 0.018665388
0.050916087 0.039378654 0.008067369 0.0 0.0063585346 0.0 0.0 0.0 0.0 0.022978833 0.0 0.03676261 0.0 0.045486636 0.0 0.0 0.041146286 0.0 0.0 0.0 0.028688038 0.0 0.020892901 0.02678088 0.0 0.056518055 0.008809004 0.0136282025 0.012710056 0.03474693 0.0 0.0 0.0 0.08254503 0.045905825 0.0 0.040731307 0.0 0.0138778575 0.004585676 0.034247346 0.028857527 0.06671399 0.008794109 0.0 0.0 0.0 0.0018228149 0.0 0.024821201 0.0 0.047371946 0.012657634 0.025827538 0.07339163 0.052234877
0.0 0.03013028 0.0033957548 0.0 0.115114525 0.0 0.015785407 0.008830302 0.09939054 0.012385718 0.1175414 0.0 0.0 0.0 0.01654069 0.0 0.0 0.0 0.057840083 0.045930196 0.0 0.0056671025 0.039458632 0.05325729 0.0 0.0 0.070717216 0.0 0.0 0.0 0.0 0.06074403 0.0 0.0 0.0 0.0 0.02423747 0.016077219 0.0 0.019522352 0.0 0.013303997 0.0 0.0 0.0 0.06528057 0.02607287 0.0 0.0037597066 0.008152366 0.050305557 0.0 0.024660314 0.00386674 0.0 0.0
0.036234383 0.0085156765 0.012264293 0.054841902 0.013726452 0.050335117 0.0 0.0 0.04151013 0.03635985 0.016081724 0.0 0.0 0.0 0.02416761 0.035291404 0.0 0.057840083 0.028326038 0.0 0.014806404 0.0 0.0025281997 0.08877978 0.05479597 0.0 0.007404326 0.0 0.042773552 0.0 0.043710295 0.10437527 0.016745165 0.0 0.00484399 0.013500293 0.035341185 0.030887596 0.0037943893 0.014030437 0.0 0.026093392 0.020342177 0.0 0.008663109 0.008878382 0.012337445 0.0 0.01088813 0.00036091756 0.0 0.0018880835 0.0 0.0 0.001342072 0.0
0.036722425 0.026335383 0.051477365 0.014251646 0.024858117 0.0 0.05047134 0.0 0.008268667 0.04048919 0.014823419 0.0 0.023714317 0.005473993 0.014995676 0.054792162 0.0 0.045930196 0.0 0.0 0.020019324 0.0 0.010027171 0.025762776 0.05389697 0.02760331 0.018124359 0.0 0.0 0.0 0.00557192 0.012246828 0.0 0.004624255 0.018318664 0.065595865 0.009305248 0.039057657 0.073797375 0.012186927 0.0 0.003570042 0.0022078012 0.021405349 0.0 0.0010435615 0.0 0.0 0.025931494 0.0 0.06284631 0.0 0.02728948 0.0 0.016512463 0.0
0.0 0.016372057 0.04760772 0.0 0.0 0.0 0.0 0.004325574 0.0 0.0 0.0 0.0 0.13164999 0.0897457 0.0 0.023619115 0.028688038 0.0 0.014806405 0.020019324 0.05922383 0.0052293693 0.08660633 0.0 0.0 0.056059998 0.030871058 0.03775408 0.041324563 0.0 0.0 0.007787977 0.0 0.0010124069 0.025923727 0.0 0.0019688488 0.019300072 0.019713923 0.0 0.022579795 0.008832426 0.0 0.006877986 0.0 0.0 0.014835792 0.0 0.0 0.01094515 0.027473066 0.014656911 0.0043393523 0.033588994 0.0 0.0049555684
0.01787986 0.0 0.0 0.0 0.0 0.0 0.0 0.113011666 0.0 0.0 0.0 0.0026737386 0.035304673 0.033754535 0.0 0.012271035 0.0 0.005667102 0.0 0.0 0.0052293693 0.0 0.042255446 0.0012321295 0.0 0.024812816 0.005042327 0.117099695 0.006270967 0.006869615 0.0061448733 0.0 0.0 0.0 0.07587567 0.0022075388 0.033429597 0.042048845 0.0 0.002243058 0.02019806 0.022229955 0.0 0.043855757 0.022828478 0.0060210037 0.005328173 0.0 0.0 0.003253386 0.0 0.06979955 0.0 0.034196194 0.019561255 0.034990184
0.0025089832 0.016606715 0.0 0.040201228 0.020623056 0.07203526 0.035364743 0.0 0.038715333 0.029454192 0.022392966 0.07433975 0.0 0.0 0.023122177 0.0 0.020892901 0.039458632 0.0025282 0.010027171 0.08660634 0.042255446 0.0018975673 0.017071955 0.020332046 0.0 0.00078812253 0.0 0.0 0.015326094 0.035872057 0.03304782 0.0103382915 0.0 0.007325822 0.049480055 0.04527103 0.0 0.012317932 0.0 0.005352793 0.015165747 0.0 0.0 0.0 0.04711413 0.01470209 0.022474831 0.05520385 0.002520674 0.0 0.0 0.07621105 0.018256325 0.013810803 0.0
0.0147186285 0.0040670265 0.0 0.01771638 0.036137972 0.0 0.03247717 0.022688946 0.07214407 0.0042335596 0.010538439 0.01882652 0.019923707 0.003100821 0.04649097 0.07541135 0.02678088 0.053257294 0.08877978 0.025762776 0.0 0.0012321296 0.017071955 0.0 0.014506992 0.0 0.012357373 0.0 0.0 0.0 0.0 0.0 0.016495895 0.0 0.05355355 0.008631595 0.03711516 0.012569767 0.017211167 0.0105984835 0.0 0.0 0.032285806 0.0 0.07962918 0.015792483 0.018998837 0.013132365 0.04041499 0.0027544973 0.0 0.011400766 0.0 0.00022146011 0.046852894 0.0
0.0 0.0048249313 0.061054595 0.13281578 0.05939788 0.027983319 0.0 0.002969514 0.048887633 0.0 0.010414596 0.00458204 0.0 0.0048029795 0.0 0.012354947 0.0 0.0 0.054795973 0.05389697 0.0 0.0 0.020332046 0.014506992 0.0 0.005356285 0.0024479195 0.0 0.023297576 0.022182966 0.0 0.069453984 0.039068177 0.0 0.016499177 0.011920248 0.049586087 0.13809209 0.019927178 0.0 0.0 0.005377123 0.0 0.007886346 0.0 0.0069605177 0.014805815 0.011441727 0.005192681 0.0 0.015087025 0.0 0.0 0.0 0.0 0.0
0.0042501823 0.044109 0.0 0.006498131 0.0025192185 0.0 0.04004585 0.06385495 0.011575057 0.0 0.0 0.0012772429 0.034702107 0.027855434 0.014344756 0.013225924 0.05651806 0.0 0.0 0.02760331 0.05606 0.024812816 0.0 0.0 0.005356285 0.047103893 0.0 0.034149952 0.015406615 0.0 0.022910506 0.0 0.015814554 0.037235457 0.03350374 0.064030066 0.009060572 0.004463417 0.0 0.058928434 0.046385836 0.024485387 0.0 0.04544818 0.043552145 0.013787399 0.009130344 0.0 0.0 0.037747014 0.015360457 0.0057701194 0.0 0.044840243 0.043978225 0.02899984
0.0 0.015203753 5.5964264e-09 0.051208675 0.038494855 0.012607005 0.032145906 0.0 0.00921417 0.06564727 0.0010569446 0.04128276 0.0 0.0 0.023087217 0.014284702 0.008809004 0.070717216 0.007404326 0.018124359 0.030871062 0.005042327 0.00078812253 0.012357374 0.0024479195 0.0 0.0 0.0 0.0 0.037356988 0.031080823 0.015852913 0.039741643 0.01106104 0.0040337187 0.009147706 0.0029871732 0.018113231 0.008639806 0.017374236 0.0023905067 0.05677096 0.0 0.0 0.03469175 0.043448962 0.014721326 0.07558196 0.08490379 0.0 0.0 0.002382589 0.045713127 0.0 0.0 0.0
0.0037268978 0.051371552 0.018197099 0.0 0.0024757679 0.0 0.049447883 0.020569876 0.01309282 0.0 0.0 0.027141247 0.0 0.07310248 0.005973868 0.048696976 0.013628202 0.0 0.0 0.0 0.03775408 0.117099695 0.0 0.0 0.0 0.034149952 0.0 0.065059505 0.0029090352 0.06647045 0.0038439506 0.0 0.047322366 0.04601091 0.0 0.0 0.03266488 0.0 0.0 0.0 0.011567271 0.0 0.019424694 0.035416663 0.0 0.0 0.0067523234 0.02494629 0.02090712 0.07661762 0.0036714077 0.027624063 0.0 0.037190806 0.009290438 0.0
0.022008566 0.009727653 0.031658903 0.0 0.09615756 0.0 0.0 0.0042954693 0.0074683325 0.0 0.026705982 0.061123535 0.0 0.0 0.052201603 0.0 0.012710055 0.0 0.042773556 0.0 0.041324563 0.0062709674 0.0 0.0 0.023297578 0.015406616 0.0 0.0029090352 0.0 0.06661292 0.064622864 0.031360496 0.011227395 0.051164307 0.0 0.0 0.003724778 0.019172776 0.03986963 0.002010823 0.0 0.0601935 0.0 0.018988086 0.0143076135 0.020260243 0.031243363 0.07820909 0.008576337 0.025445737 0.0 0.0024806224 0.0 0.011021729 0.0045075133 0.026054636
0.0 0.0 0.04474879 0.009997877 0.0 0.0 0.0 0.0 0.0 0.012505045 0.0 0.030314475 0.0 0.0 0.0 0.0 0.034746926 0.0 0.0 0.0 0.0 0.0068696155 0.015326094 0.0 0.022182966 0.0 0.037356984 0.06647045 0.06661293 0.07087026 0.0 0.0071008434 0.04585115 0.018548397 0.043551605 0.0 0.015825367 0.045996454 0.11177555 0.025517488 0.01563971 0.019732473 0.014542045 0.0 0.0 0.01631653 0.033554565 0.019562278 0.0 0.026300091 0.03901484 0.0047192844 0.03618309 0.020032583 0.0 0.0
0.0 0.012612237 0.061763152 0.028147703 0.023692293 0.012540477 0.0 0.0 0.0 0.0 0.039980765 0.07290315 0.0023151268 0.0 0.0 0.024598673 0.0 0.0 0.043710295 0.0055719195 0.0 0.0061448733 0.035872057 0.0 0.0 0.022910506 0.031080823 0.0038439506 0.064622864 0.0 0.09716189 0.0019140773 0.047004595 0.02435995 0.020421255 0.018481534 0.0 0.0 0.015328385 0.033993736 0.0 0.01833957 0.06535046 0.0 0.01921461 0.0 0.0399898 0.0 0.0 0.0071777874 0.059707344 0.0 0.0 0.0 0.033705983 0.0
0.0 0.0 0.040974442 0.117437676 0.05167183 0.03569751 0.0 0.0 0.01635028 0.018243 0.0 0.0 0.0 0.0 0.0 0.0 0.0 0.06074403 0.10437527 0.012246828 0.0077879764 0.0 0.033047818 0.0 0.069453984 0.0 0.015852913 0.0 0.031360496 0.0071008434 0.0019140773 0.0 0.010420879 0.02596907 0.0069005047 0.0 0.0 0.091978975 0.0 0.0 0.0 0.0 0.013877113 0.00027810154 0.0 0.0021854483 0.049266916 0.0 0.13399757 0.005832878 0.01687488 0.022587186 0.079088606 0.0 0.0 0.0
0.004942294 0.0 0.004877461 0.018127076 0.0022669132 0.01468035 0.0 0.022725718 0.020259352 0.026718717 0.0 0.013277444 0.01830006 0.012814804 0.004262533 0.0 0.0 0.0 0.016745165 0.0 0.0 0.0 0.010338291 0.016495895 0.039068177 0.015814554 0.039741643 0.04732237 0.011227395 0.04585115 0.047004595 0.010420879 0.034327272 0.0 0.025008794 0.00055616576 0.0 0.033206154 0.009511555 0.051986046 0.060179237 0.023925595 0.032731816 0.0 0.0 0.004016103 0.0 0.01788315 0.0 0.019259483 0.0 0.076049194 0.0 0.0034632434 0.0 0.0014736298
0.0070308577 0.0 0.0 0.0 0.0 0.0 0.0 0.04009364 0.0 0.0 0.0 0.022147559 0.06268799 0.06899825 0.0 0.0 0.08254503 0.0 0.0 0.004624255 0.0010124069 0.0 0.0 0.0 0.0 0.03723546 0.011061039 0.04601091 0.051164307 0.018548397 0.024359949 0.02596907 0.0 0.0 0.007260295 0.027169826 0.0 0.0 0.053611 0.0068755653 0.018942438 0.036234975 0.0078079654 0.032230612 0.0 0.0 0.030980326 0.0 0.0 0.004490167 0.011097576 0.0 0.0 0.04643193 0.008401472 0.06921923
0.023038082 0.010774128 0.012564425 0.0 0.0 0.014050995 0.01875202 0.016345046 0.014803225 0.0 0.0 0.016748425 0.024978789 0.0 0.012653108 0.03249648 0.045905825 0.0 0.0048439894 0.018318662 0.025923729 0.07587567 0.007325822 0.05355355 0.016499177 0.03350374 0.0040337187 0.0 0.0 0.043551605 0.020421255 0.006900504 0.025008794 0.0072602946 0.010168961 0.01359064 0.03249747 0.0 0.0 0.022102037 0.014227985 0.011302185 0.0 0.03869207 0.025039993 0.035992734 0.026278624 0.058855586 0.048706267 0.040669013 0.016330361 0.07307158 0.030658053 0.036366276 0.0 0.022878274
0.029237235 0.0 0.00741996 0.0 0.0 0.07215395 0.0 0.04353708 0.0 0.0 0.046688005 0.017739816 0.0 0.0038186675 0.029221911 0.048896097 0.0 0.0 0.013500293 0.065595865 0.0 0.0022075388 0.04948005 0.008631596 0.011920247 0.06403007 0.009147706 0.0 0.0 0.0 0.018481534 0.0 0.00055616576 0.027169824 0.01359064 0.004770444 0.035922118 0.0 0.030204304 0.020812703 0.063347116 0.0 0.0 0.0 0.02502855 0.05562618 0.0 0.022602024 0.020688204 0.008087002 0.0038586059 0.039798032 0.0 0.028447285 0.024031803 0.038904566
0.00803218 0.0 0.0 0.023437055 0.022995537 0.0023406988 0.035838332 0.011031134 0.0 0.016556062 0.011987243 0.016164225 0.0 0.008246093 0.023090813 0.018642547 0.040731307 0.02423747 0.035341185 0.009305248 0.0019688485 0.033429593 0.04527103 0.03711516 0.049586084 0.009060573 0.002987173 0.03266488 0.003724778 0.015825367 0.0 0.0 0.0 0.0 0.03249747 0.035922118 0.09752333 0.00034048234 0.0 0.026010325 0.06000551 0.029679814 0.048412956 0.0063517317 0.05965289 0.011789555 0.0068599433 0.02685744 0.0 0.019124728 0.0094072735 0.05436186 0.0 0.032281283 0.06731132 0.006894345
0.0036461444 0.0 0.08826809 0.039503176 0.0002509623 0.03805593 0.0 0.0 0.0 0.039024014 0.0 0.088543765 0.0 0.0 0.0 0.0 0.0 0.016077217 0.030887596 0.039057657 0.019300072 0.042048845 0.0 0.012569767 0.1380921 0.0044634175 0.018113231 0.0 0.019172776 0.045996454 0.0 0.09197898 0.033206154 0.0 0.0 0.0 0.00034048234 0.010988695 0.017076354 0.0 0.0 0.014045977 0.024857603 0.0 0.0072730538 0.007472246 0.022261767 0.0 0.0 0.0 0.006464356 0.033718184 0.028800396 0.009580604 0.007408297 0.0
0.033411093 0.015796645 0.042156015 0.0025411434 0.019035924 0.006843019 0.0 0.0 0.011927454 0.0 0.038624767 0.03337932 0.0 0.0 0.019851211 0.00915685 0.013877858 0.0 0.003794389 0.073797375 0.019713923 0.0 0.012317932 0.017211167 0.01992718 0.0 0.008639806 0.0 0.039869633 0.111775555 0.015328385 0.0 0.009511555 0.053611 0.0 0.030204304 0.0 0.017076354 0.049240954 0.0052079624 0.0 0.041840132 0.0025442792 0.009975208 0.0 0.047869317 0.021836089 0.020618768 0.011570855 0.054878842 0.0 0.0 0.034946937 0.0 0.0 0.0
0.040515687 0.03175927 0.0 0.014836752 0.0 0.0 0.0 0.030990524 0.003098404 0.0 0.0 0.023397442 0.038120482 0.10122798 0.0021314092 0.028365629 0.004585676 0.019522352 0.014030437 0.012186927 0.0 0.002243058 0.0 0.010598484 0.0 0.058928434 0.017374236 0.0 0.002010823 0.025517488 0.03399374 0.0 0.05198605 0.0068755653 0.02210204 0.020812703 0.026010325 0.0 0.0052079624 0.02860345 0.039634 0.0 0.018137215 0.027685065 0.0054576537 0.0 0.001350045 0.0 0.0 0.031883527 0.020534653 0.030125774 0.00046262133 0.077789746 0.058458526 0.05006998
0.04964748 0.059980508 0.0 0.0 0.024744648 0.026846414 0.00517451 0.0 0.06487189 0.024803098 0.0 0.039037947 0.0 0.036836248 0.010131113 0.0 0.03424735 0.0 0.0 0.0 0.022579797 0.02019806 0.005352793 0.0 0.0 0.046385832 0.0023905067 0.011567271 0.0 0.01563971 0.0 0.0 0.06017924 0.018942438 0.014227985 0.063347116 0.06000551 0.0 0.0 0.039634 0.010439901 0.0 0.0 0.017074088 0.0143383695 0.036994703 0.013527332 0.054834127 0.031443432 0.010478396 0.013089426 0.028716749 0.0049796 0.043011803 0.01978942 0.058876216
0.026002271 0.03505164 0.0476403 0.0 0.0 0.0 0.004268806 0.030988837 0.0 0.036371965 0.0 0.039019313 0.01549821 0.0 0.050401315 0.01781299 0.028857527 0.013303996 0.026093392 0.0035700426 0.008832426 0.022229955 0.015165748 0.0 0.0053771227 0.024485389 0.056770954 0.0 0.060193498 0.019732472 0.018339572 0.0 0.023925595 0.036234975 0.011302185 0.0 0.029679814 0.014045977 0.041840132 0.0 0.0 0.0 0.0 0.059111286 0.0 0.013260964 0.0 0.019202812 0.0 0.055436496 0.0033246248 0.0 0.03251893 0.0 0.02778573 0.02584983
0.0 0.011215476 0.10398894 0.0 0.041861054 0.0 0.0 0.020446615 0.00363535 0.031771597 0.018032022 0.010386421 0.028140169 0.0 0.0065859496 0.0 0.06671398 0.0 0.020342179 0.0022078014 0.0 0.0 0.0 0.03228581 0.0 0.0 0.0 0.019424694 0.0 0.014542045 0.06535046 0.013877113 0.032731816 0.0078079654 0.0 0.0 0.048412956 0.024857601 0.0025442792 0.018137215 0.0 0.0 0.061311286 0.0 0.0 0.0645656 0.0098959105 0.011652337 0.013243138 0.0323096 0.0013352601 0.0 0.047136176 0.0 0.0 0.035503864
0.07188052 0.033688046 0.0049803425 0.0 0.0 0.0 0.030368863 0.044429004 0.015936099 0.0029214923 0.016481439 0.009454118 0.04549125 0.006519029 0.0 0.005551192 0.008794109 0.0 0.0 0.021405349 0.0068779862 0.04385576 0.0 0.0 0.007886346 0.04544818 0.0 0.03541666 0.018988086 0.0 0.0 0.00027810154 0.0 0.032230612 0.03869207 0.0 0.0063517317 0.0 0.009975209 0.027685063 0.017074088 0.059111286 0.0 0.029679777 0.025747214 0.0 0.0016483548 0.008165412 0.0 0.069664046 0.025405636 0.031522524 0.0063088005 0.02729191 0.026801879 0.09929303
0.02329836 0.06319002 0.0 0.0 0.0 0.0 0.037761264 0.097566865 0.004204188 0.0070406366 0.017747903 0.0 0.05781223 0.0 0.014090503 0.0024514352 0.0 0.0 0.008663108 0.0 0.0 0.022828478 0.0 0.079629175 0.0 0.043552145 0.03469175 0.0 0.014307614 0.0 0.019214608 0.0 0.0 0.0 0.025039995 0.025028551 0.059652895 0.0072730538 0.0 0.005457654 0.0143383695 0.0 0.0 0.025747212 0.067516446 0.0 0.014856944 0.005885335 0.009716702 0.0 0.011939109 0.07528624 0.0031536976 0.0031900266 0.0647955 0.0
0.0 0.011350193 0.04005325 0.0035458682 0.0 0.0 0.0 0.042209685 0.031364705 0.02609803 0.0034041596 0.0 0.035089128 0.019071609 0.01691499 0.026491955 0.0 0.06528057 0.008878382 0.0010435614 0.0 0.0060210037 0.047114126 0.015792483 0.0069605177 0.0137874 0.043448962 0.0 0.020260243 0.01631653 0.0 0.0021854483 0.004016103 0.0 0.035992734 0.055626184 0.011789554 0.0074722455 0.047869317 0.0 0.036994703 0.013260964 0.06456561 0.0 0.0 0.0 0.033070814 0.0 0.0045344885 0.0 0.01703387 0.010442282 0.0 0.003986099 0.023157807 0.0
0.038248856 0.020235825 0.029563515 0.021651996 0.0 0.0 0.046410702 0.033187993 0.021104282 0.036397096 0.0 0.010689927 0.010373396 0.0 0.014302026 0.009444541 0.0 0.02607287 0.012337445 0.0 0.014835793 0.005328173 0.014702091 0.018998837 0.014805816 0.009130344 0.014721326 0.006752323 0.031243363 0.03355456 0.0399898 0.049266916 0.0 0.030980324 0.026278624 0.0 0.006859943 0.022261767 0.021836089 0.001350045 0.013527333 0.0 0.0098959105 0.0016483547 0.014856943 0.03307081 0.076206416 0.0 0.03919725 0.0 0.07294545 0.0 0.0 0.0 0.03012178 0.007414497
0.011216373 0.0 0.0 0.0 0.0 0.0 0.015702149 0.01887742 0.0 0.054628275 0.0 0.0 0.015740283 0.041888453 0.0 0.050671924 0.0018228149 0.0 0.0 0.0 0.0 0.0 0.022474831 0.013132365 0.011441727 0.0 0.07558196 0.024946287 0.07820909 0.019562278 0.0 0.0 0.01788315 0.0 0.058855586 0.022602024 0.02685744 0.0 0.020618768 0.0 0.05483413 0.019202812 0.011652336 0.008165412 0.005885335 0.0 0.0 0.034203008 0.0 0.026210658 0.060829442 0.032367297 0.01641715 0.0046782894 0.047113262 0.014829934
0.0 0.031497575 0.0 0.0 0.0 0.0 0.0 0.021902751 0.015110401 0.02143713 0.024462992 0.0 0.0 0.025724975 0.0019140618 0.04497282 0.0 0.0037597069 0.01088813 0.025931494 0.0 0.0 0.05520385 0.04041499 0.005192681 0.0 0.08490379 0.02090712 0.008576338 0.0 0.0 0.13399756 0.0 0.0 0.048706267 0.020688204 0.0 0.0 0.011570856 0.0 0.031443432 0.0 0.013243138 0.0 0.009716702 0.0045344885 0.039197255 0.0 0.0 0.0 0.0 0.015254886 0.0 0.0004773406 0.033853233 0.0
0.08821504 0.0 0.0009871982 0.0 0.0 0.0 0.037545867 0.014440593 0.0 0.0 0.0019497152 0.019271774 0.01104264 0.02873097 0.0 0.0 0.0248212 0.008152367 0.00036091756 0.0 0.01094515 0.0032533857 0.002520674 0.002754497 0.0 0.03774701 0.0 0.07661762 0.025445737 0.02630009 0.007177788 0.0058328775 0.019259483 0.004490167 0.040669013 0.008087002 0.019124728 0.0 0.054878842 0.031883527 0.010478396 0.055436496 0.032309595 0.06966404 0.0 0.0 0.0 0.02621066 0.0 0.03180573 0.014599951 0.04204108 0.0 0.0 0.024581525 0.09965994
0.0066691586 0.012346669 0.01008836 0.016188756 0.06055676 0.08089521 0.049952745 0.0 0.017080905 0.015125097 0.011908446 0.042055503 0.0 0.0 0.04114189 0.012653742 0.0 0.050305553 0.0 0.06284632 0.027473066 0.0 0.0 0.0 0.015087025 0.015360457 0.0 0.0036714077 0.0 0.03901484 0.059707344 0.01687488 0.0 0.011097576 0.016330361 0.0038586056 0.0094072735 0.006464356 0.0 0.020534653 0.013089426 0.003324625 0.0013352602 0.025405638 0.011939109 0.01703387 0.07294545 0.060829442 0.0 0.014599951 0.0 0.0 0.11655114 0.0010830214 0.0 0.01570016
0.05482307 0.0 0.0 0.004304017 0.0 0.006987729 0.039552722 0.043066517 0.0088028 0.0 0.0 0.0 0.0 0.01986586 0.025978215 0.025139753 0.047371946 0.0 0.0018880836 0.0 0.014656912 0.06979955 0.0 0.011400767 0.0 0.0057701194 0.002382589 0.027624061 0.0024806224 0.0047192844 0.0 0.022587186 0.0760492 0.0 0.07307158 0.039798032 0.05436186 0.033718184 0.0 0.030125774 0.02871675 0.0 0.0 0.031522524 0.07528623 0.010442282 0.0 0.032367297 0.015254885 0.04204108 0.0 0.020007467 0.0 0.023032596 0.0 0.011707009
0.0019338297 0.0 0.0 0.004231994 0.0 0.0054257675 0.0 0.023662256 0.029804558 0.079204306 0.0038938548 0.011395466 0.0 0.003655655 0.0 0.013152632 0.012657635 0.024660315 0.0 0.02728948 0.0043393523 0.0 0.07621105 0.0 0.0 0.0 0.045713127 0.0 0.0 0.03618309 0.0 0.079088606 0.0 0.0 0.030658051 0.0 0.0 0.028800394 0.034946937 0.00046262136 0.0049796 0.03251893 0.047136176 0.0063088005 0.0031536976 0.0 0.0 0.01641715 0.0 0.0 0.11655113 0.0 0.0 0.025018523 0.039758544 0.0
0.010931796 0.04449387 0.0 0.0 0.071459904 0.0 0.027911818 0.028250027 0.0555563 0.008354132 0.0 0.014888781 0.0048158136 0.085221745 0.0 0.043206193 0.02582754 0.0038667403 0.0 0.0 0.033588994 0.034196194 0.018256325 0.00022146011 0.0 0.044840246 0.0 0.037190806 0.011021729 0.020032585 0.0 0.0 0.0034632431 0.04643193 0.036366276 0.028447285 0.032281283 0.009580604 0.0 0.077789746 0.043011803 0.0 0.0 0.02729191 0.0031900269 0.003986099 0.0 0.004678289 0.0004773406 0.0 0.0010830214 0.023032596 0.025018523 0.07385539 0.0013237855 0.0
0.02713453 0.0 0.01610861 0.02283458 0.0 0.010087602 0.011422127 0.008250897 0.0 0.014988072 0.0 0.0400296 0.0 0.03234626 0.041131236 0.0028759118 0.07339163 0.0 0.001342072 0.016512463 0.0 0.019561253 0.013810804 0.046852898 0.0 0.043978225 0.0 0.009290438 0.0045075133 0.0 0.033705983 0.0 0.0 0.008401472 0.0 0.024031803 0.06731132 0.007408297 0.0 0.058458526 0.01978942 0.02778573 0.0 0.02680188 0.064795494 0.023157809 0.03012178 0.047113262 0.033853233 0.024581527 0.0 0.0 0.03975854 0.0013237855 0.0 0.08976378
0.046147395 0.028545609 0.0 0.0012304139 0.0 0.0 0.007758131 0.017745335 0.0 0.0 0.0 0.0028384791 0.01033689 0.014149451 0.03151145 0.018665388 0.052234873 0.0 0.0 0.0 0.004955568 0.034990188 0.0 0.0 0.0 0.02899984 0.0 0.0 0.026054636 0.0 0.0 0.0 0.0014736297 0.06921923 0.022878274 0.03890457 0.0068943445 0.0 0.0 0.050069984 0.058876216 0.025849832 0.035503864 0.09929303 0.0 0.0 0.0074144965 0.014829934 0.0 0.09965994 0.01570016 0.011707009 0.0 0.0 0.08976378 0.044055257
