0.0 0.0 0.0 0.11592999 0.007032419 0.006144216 0.0 0.0 0.24089545 0.0 0.009378767 0.0 2.0936934e-05 0.0 0.029818574 0.0 0.02953916 0.11839918 0.0039904118 0.0 0.0 0.0 0.0 0.0 0.0 0.0 0.0 0.0 0.0 0.016661724 0.0 0.035645515 0.035639483 0.0 0.0 0.02373707 0.0 0.0015950305 0.0 0.0 0.036535457 0.013292882 0.0 0.0 0.0 0.05146453 0.0022360338 0.0 0.029755289 0.0 0.019603701 0.003366549 0.0 0.08644817 0.0067761373 0.0
0.0 0.0 0.0 0.009943113 0.0 0.0 0.01979165 0.0029585883 0.0 0.036467485 0.0 0.042205967 0.043252695 0.0019051881 0.0022195918 0.013194929 0.024308661 0.0 0.0148682 0.0 0.0 0.050095476 0.0065828552 0.038567018 0.0 0.05702376 0.0018855315 0.046519015 0.036667988 0.063471116 0.0 0.0 0.0188993 0.042889126 0.011867117 0.029823884 0.04886923 0.026483484 0.11905521 0.0129378 0.0 0.0 0.0 0.03624848 0.010949538 0.0 0.0 0.0 0.0 0.03389782 0.0 0.0 0.03518275 0.0 0.0 0.004106433
0.0 0.0 0.059391983 0.0 0.06481427 0.0 0.0 0.0 0.0 0.0 0.04544849 0.0 0.0 0.0 0.0713375 0.01733117 0.041407105 0.062361177 0.0 0.06409466 0.048219725 0.0 0.0 0.0 0.020203512 0.0 0.0 0.0 0.0 0.06979943 0.004203723 0.00990454 0.058224786 0.0 0.007516174 0.0 0.0 0.06960171 0.016762797 0.0 0.0049290173 0.0 0.059123784 0.028387552 0.012369058 0.0053050774 0.016813464 0.0 0.016049372 0.0 0.0 0.0 0.060386833 0.0 0.0034218677 0.0
0.11592999 0.009943113 0.0 0.0 0.0 0.0 0.009699146 0.014892195 0.0 0.010295732 0.0 0.0063578575 0.13869894 0.0023481678 0.010575786 0.050764956 0.011369777 0.0 0.0 0.008946569 0.0 0.01855386 0.0 0.022569364 0.0075339642 0.04065059 0.0 0.060306657 0.01802115 0.020242877 0.0 0.0 0.0 0.016138412 0.005207866 0.0077377213 0.09131558 0.0 0.0 0.013352701 0.0 0.003912813 0.0 0.050257597 0.06839715 0.0 0.0 0.0 0.0 0.022688491 0.0 0.0 0.0 0.019602545 0.0 0.05601847
0.0070324196 0.0 0.06481428 0.0 0.0 0.031795967 0.0 0.063747294 0.0 0.013114055 0.025319954 0.0 0.07053793 0.032892432 0.0017579707 0.06984928 0.022027185 0.0 0.0 0.0 0.0 0.043149028 0.0061051864 0.014146059 0.03428403 0.03477719 0.0022393204 0.05673862 0.061413515 0.027826827 0.00032737182 0.02410756 0.0 0.08033556 0.022615885 0.04860907 0.0 0.0 0.0005443159 0.041815326 0.0 0.0 0.000389402 0.014179247 0.0 0.0 0.040440038 0.0 0.0 0.0 0.0 0.0 0.0 0.0 0.0 0.025388196
0.006144216 0.0 0.0 0.0 0.031795964 0.0 0.02087828 0.035585973 0.009476226 0.012238699 0.06960325 0.0015331791 0.009126815 0.0 0.0 0.0 0.0 0.004295463 0.011606697 0.013162514 0.022851072 0.021539384 0.010770907 0.03242903 0.0 0.012830993 0.0596277 0.01970618 0.0 0.0 0.039117113 0.0 0.0 0.0 0.09639451 0.0 0.0047903545 0.04206755 0.0 0.04867902 0.0019460361 0.0071638995 0.02838894 0.0 0.0 0.102543764 0.042805783 0.0 0.0 0.0 0.005017251 0.047528327 0.0 0.021872971 0.0 0.0
0.0 0.01979165 0.0 0.009699146 0.0 0.020878281 0.0 0.09682456 0.0 0.0 0.0 0.0 0.0 0.07771421 0.0 0.0 0.0 0.033593282 0.0 0.0 0.0 0.03951823 0.041556016 0.025647203 0.0 0.025144858 0.09245085 0.02535171 0.013612281 0.0 0.0 0.0 0.019467492 0.0 0.061163507 0.0056512468 0.008686684 0.0 0.0 0.02141482 0.028306816 0.0 0.019797264 0.052570697 0.024968892 0.018534193 0.0 0.0 0.0 0.06069254 0.0073524876 0.0014277957 0.0 0.0 0.03665714 0.057410102
0.0 0.0029585883 0.0 0.014892195 0.06374729 0.035585973 0.09682455 0.0 0.056433283 0.018605657 0.008411999 0.0 0.030667916 0.05572373 0.0 0.0023764437 0.0 0.0 0.034246325 0.04596133 0.052008733 0.0 0.026573388 0.024934849 0.027918633 0.0 0.0 0.0 0.046577226 0.0 0.02527043 0.031483185 0.029407235 0.0 0.0052337116 0.05405942 0.01938734 0.00012799248 0.013767211 0.0008834259 0.015406974 0.010962222 0.015510204 0.034426343 0.0 0.046390112 0.006036452 0.043282848 0.018879598 0.0 0.12423733 0.033134304 0.0186075 0.021603884 0.023850953 0.0
0.24089545 0.0 0.0 0.0 0.0 0.009476226 0.0 0.056433287 0.0 0.09377638 0.0075449855 0.0 0.05432281 0.0 0.0 0.058134116 0.0 0.0 0.0 0.0 0.0028009315 0.00038809096 0.0 0.0108942585 0.0 0.07443087 0.01321425 0.0851465 0.045724668 0.007346685 0.0 0.0 0.0 0.0056318273 0.016549023 0.0 0.0 0.0 0.0035638697 0.0033222581 0.009056381 0.0 0.0 0.0 0.073058054 0.0 0.0 0.0 0.0 0.0 0.013733999 0.036080077 0.0 0.0 0.0 0.0
0.0 0.03646749 0.0 0.010295732 0.013114056 0.012238699 0.0 0.018605655 0.093776375 0.013003092 0.051691536 0.04543194 0.005903477 0.0 0.014021801 0.010836755 0.0 0.05269083 0.03852112 0.0008330008 0.0 0.0 0.0 0.012311585 0.011998533 0.0 0.0 0.0 0.0 0.02240789 0.0 0.08548246 0.006673406 0.0038181236 0.0 0.031450413 0.032723583 0.03866074 0.055564083 0.0066776634 0.0011396694 0.06572662 0.0 0.0 0.026794242 0.15139906 0.031477757 0.03654406 0.018226046 0.016241096 0.003767787 0.0 0.0 0.019098295 0.0 0.0
0.009378768 0.0 0.045448493 0.0 0.025319954 0.06960325 0.0 0.008411999 0.0075449855 0.051691536 0.009794401 0.008774201 0.041760262 0.0036860507 0.030110138 0.023997625 0.02888326 0.0 0.0 0.028624205 0.0002552521 0.03161457 0.03915705 0.0038890324 0.060726132 0.002346684 0.117766276 0.0 0.016367273 0.0063160807 0.053148184 0.0 0.0 0.053272296 0.004240614 0.0 0.0065541044 0.0 0.04889609 0.03299397 0.0 0.027176647 0.0 0.014109799 0.0 0.0 0.030758964 0.0 0.0020110973 0.0074177897 0.0 0.0051286276 0.0 0.0 0.0 0.01798353
0.0 0.042205967 0.0 0.0063578575 0.0 0.0015331791 0.0 0.0 0.0 0.045431945 0.0087742 0.0 0.0 0.0 0.010476553 0.0 0.0 0.0 0.023930915 0.0 0.0 0.052304108 0.043209746 0.017259156 0.038720015 0.01598054 0.023320373 0.018927397 0.01852375 0.0 0.0 0.0 0.0 0.012530565 0.05437764 0.0 0.0 0.11662917 0.0 0.02997301 0.0047958014 0.0 0.07298933 0.0 0.034515668 0.0 0.0 0.0 0.023229768 0.08191902 0.0 0.0 0.015902465 0.0 0.0 0.040499553
2.0936934e-05 0.043252695 0.0 0.13869894 0.070537925 0.009126815 0.0 0.030667918 0.054322813 0.005903477 0.041760262 0.0 0.0 0.0 0.015652532 0.0 0.0 0.020201474 0.0 0.046241064 0.0 0.0 0.030872744 0.09300208 0.0024206527 0.0 0.0 0.032754317 0.0 0.01531794 0.012644511 0.06024906 0.041452598 0.0 0.0 0.017139807 0.0 0.007910022 0.0 0.0 0.031105926 0.07636555 0.0 0.0 0.0043316795 0.020246813 0.0 0.0062610894 0.021850672 0.0 0.0 0.0 0.023768466 0.0 0.056722116 0.0
0.0 0.001905188 0.0 0.0023481678 0.032892432 0.0 0.07771421 0.055723734 0.0 0.0 0.0036860507 0.0 0.0 0.0007924862 0.0 0.0 0.0 0.0070663374 0.07219879 0.0 0.010158047 0.0 0.046476144 0.028764822 0.0 0.008529391 0.03603204 0.0030746933 0.0 0.0 0.022595417 0.0 0.019500088 0.03193667 0.019069115 0.004531705 0.006416539 0.0 0.022572638 0.0 0.07598189 0.0 0.03127046 0.009887015 0.005867341 0.0016151728 0.01360896 0.032211997 0.010828127 0.015259849 0.11430564 0.066949055 0.024089444 0.046331774 0.051006787 0.034540303
0.029818572 0.002219592 0.071337506 0.010575786 0.0017579705 0.0 0.0 0.0 0.0 0.014021802 0.030110138 0.010476553 0.015652532 0.0 0.013949358 0.0 0.045755945 0.00890887 0.0 0.07547779 0.003914565 0.0 0.0 0.018713523 0.046027973 0.0043241093 0.0 0.022584528 0.056858838 0.060548525 0.0 0.0070006805 0.0 0.038371544 0.0 0.0 0.0 0.0 0.09869527 0.06294134 0.03533125 0.033556446 0.029996473 0.0 0.0 0.016752347 0.038830712 0.0 0.054736976 0.0 0.0 0.0 0.097192176 0.0030539085 0.0 0.00788126
0.0 0.013194928 0.01733117 0.050764956 0.06984929 0.0 0.0 0.0023764435 0.05813412 0.010836755 0.023997625 0.0 0.0 0.0 0.0 0.0919304 0.007972231 0.030275028 0.05142254 0.03907326 0.0068935254 0.0 0.0 0.03965435 0.0 0.0 0.0 0.0 0.0 0.013469743 0.042963438 0.06382416 0.0 0.0034690034 0.054255884 0.08748409 0.0 0.039150685 0.0055119125 0.0 0.016838556 0.065296754 0.035431318 0.00068729906 0.0 0.009745182 0.027727949 0.0 0.08693584 0.0 0.0 0.007856689 0.0 0.0 0.0021747067 0.0
0.02953916 0.024308661 0.041407105 0.011369777 0.022027187 0.0 0.0 0.0 0.0 0.0 0.028883262 0.0 0.0 0.0 0.045755945 0.00797223 0.0 0.0 0.017729877 0.060943868 0.0 0.0 0.010113024 0.020414405 0.004950609 0.003566026 0.0 0.0023641097 0.01577786 0.11750077 0.011458743 0.03158417 0.053274006 0.0040105795 0.034665372 0.0 0.010564529 0.089641266 0.009784182 0.0 0.0 0.0 0.028234806 0.009783219 0.010046639 0.0 0.0 0.06763107 0.037491538 0.018783225 0.0 0.0 0.0 0.00046354657 0.017886087 0.0
0.11839919 0.0 0.062361177 0.0 0.0 0.004295463 0.033593282 0.0 0.0 0.05269083 0.0 0.0 0.020201474 0.007066338 0.00890887 0.030275028 0.0 0.0 0.0 0.0046057873 0.0042880783 0.051282242 0.006683799 0.024364503 0.0 0.014597113 0.0 0.122127265 0.05553222 0.018433334 0.014888619 0.0 0.0 0.0 0.05506941 0.030171365 0.07268287 0.0 0.0 0.0 0.0 0.0 0.0 0.06009035 0.011967217 0.0 0.0 0.012724894 0.0 0.0 0.008112 0.0037741791 0.0 0.0 0.009489049 0.027816137
0.0039904118 0.014868201 0.0 0.0 0.0 0.011606697 0.0 0.03424633 0.0 0.03852112 0.0 0.023930915 0.0 0.07219879 0.0 0.05142254 0.017729877 0.0 0.0 0.0043981485 0.014334338 0.010499811 0.061034266 0.0067349356 0.0 0.06203544 0.03851269 0.056472458 0.032292075 0.0 0.0 0.0 0.0 0.0070428005 0.016877385 0.019144194 0.0 0.0 0.08726805 0.0806406 0.031008985 0.0 0.0 0.0041280747 0.010065419 0.0 0.015091239 0.0 0.024196276 0.022341901 0.011504644 0.0 0.01216157 0.0 0.004754807 0.0025411195
0.0 0.0 0.06409466 0.008946569 0.0 0.013162514 0.0 0.04596133 0.0 0.0008330009 0.028624205 0.0 0.046241064 0.0 0.07547779 0.03907326 0.060943868 0.004605787 0.0043981485 0.0 0.0 0.064174615 0.0 0.005621134 0.020602405 0.030765872 0.0 0.0 0.052773725 0.06956147 0.061042663 0.0 0.0 0.015422481 0.023811134 0.0036917867 0.0032745686 0.017153481 0.0 0.0 0.026282484 0.0038637493 0.0 0.0 0.017023705 0.0 0.014952698 0.0 0.0 0.011600095 0.0 0.0 0.0 0.0 0.0 0.0
0.0 0.0 0.04821973 0.0 0.0 0.022851074 0.0 0.052008733 0.0028009312 0.0 0.00025525206 0.0 0.0 0.010158046 0.0039145644 0.006893526 0.0 0.004288078 0.014334337 0.0 0.06340767 0.046164505 0.0012485741 0.03031919 0.0652407 0.025484797 0.044536017 0.016725676 0.0075850696 0.0 0.0 0.0 0.0 0.02303995 0.059657656 0.037220195 0.010857621 0.0 0.0009923633 0.025055123 0.0 0.016568102 0.008003186 0.0 0.0 0.019963754 0.06320222 0.0 0.006904553 0.0 0.021635752 0.0 0.04723944 0.0 0.0 0.007374798
0.0 0.05009548 0.0 0.01855386 0.043149028 0.021539384 0.03951823 0.0 0.00038809094 0.0 0.03161457 0.052304108 0.0 0.0 0.0 0.0 0.0 0.051282246 0.010499812 0.06417461 0.046164505 0.0 0.016426824 0.03680998 0.013644664 0.0035653447 0.0 0.0 0.0 0.044829637 0.0 0.05108216 0.027234118 0.028650673 0.012145114 0.0069718864 0.0 0.05148578 0.0153013365 0.014820578 0.0013357182 0.029103747 0.0237735 0.0 0.0004156021 0.036270518 0.053662404 0.0796634 0.0624734 0.0 0.0 0.0 0.0710272 0.07412908 0.0035665596 0.011372238
0.0 0.0065828557 0.0 0.0 0.0061051864 0.010770907 0.041556016 0.026573386 0.0 0.0 0.03915705 0.04320975 0.030872742 0.04647614 0.0 0.0 0.010113024 0.0066837985 0.061034266 0.0 0.0012485741 0.016426824 0.010626005 0.028839631 0.0 0.012285868 0.009374504 0.0050472487 0.0 0.0 0.013941101 0.0 0.003187337 0.0 0.021982975 0.0064370045 0.03288065 0.0 0.0 0.009268442 0.07535803 0.017735146 0.023940785 0.017220542 0.0 0.05664254 0.0 0.0 0.07188674 0.028059226 0.007604966 0.06957949 0.0 0.048380397 0.0021282122 0.0
0.0 0.03856702 0.0 0.022569364 0.014146059 0.03242903 0.025647203 0.024934849 0.010894258 0.012311585 0.0038890322 0.017259156 0.09300207 0.028764822 0.018713523 0.03965435 0.020414405 0.024364503 0.006734935 0.005621134 0.03031919 0.03680998 0.028839631 0.0042858454 0.0 0.0038432004 0.0670278 0.0 0.026677882 0.0 0.0541343 0.0 0.0 0.022425162 0.0 0.10022038 0.0114816325 0.0 0.025486112 0.0045447485 0.0075227865 0.0 0.0 0.036355294 0.017961135 0.039232034 0.012463052 0.0 0.0 0.012394444 0.016373454 0.05834754 0.0 0.0 0.025382442 0.005716691
0.0 0.0 0.02020351 0.0075339647 0.03428403 0.0 0.0 0.027918635 0.0 0.011998533 0.06072613 0.038720015 0.0024206524 0.0 0.046027973 0.0 0.004950609 0.0 0.0 0.020602405 0.0652407 0.013644663 0.0 0.0 0.0 0.017268578 0.0 0.0109162675 0.0 0.1216295 0.029380945 0.0 0.0 0.056424912 0.0008065012 0.036227204 0.040558953 0.08320472 0.045546632 0.029225461 0.005831251 0.029256841 0.079048336 0.013004712 0.0 0.0 0.023958715 0.029422695 0.0 0.0 0.03345223 0.0 0.022049027 0.0 0.0 0.007784001
0.0 0.05702376 0.0 0.04065059 0.03477719 0.012830993 0.025144856 0.0 0.07443087 0.0 0.002346684 0.015980542 0.0 0.008529391 0.0043241093 0.0 0.0035660262 0.014597113 0.062035445 0.030765874 0.025484797 0.0035653447 0.012285868 0.0038432004 0.01726858 0.0 0.0 0.0 0.0 0.0326476 0.03473392 0.06266639 0.12878583 0.0 0.0 0.007650215 0.0 0.0 0.07313201 0.0 0.02467357 0.0 0.005346086 0.0015386109 0.0019507648 0.05179168 0.027755804 0.0 0.030950055 0.039651565 0.0024988423 0.0 0.04737295 0.033795487 0.050876267 0.0
0.0 0.0018855315 0.0 0.0 0.0022393204 0.059627704 0.09245086 0.0 0.01321425 0.0 0.11776627 0.023320373 0.0 0.03603204 0.0 0.0 0.0 0.0 0.03851269 0.0 0.044536013 0.0 0.009374504 0.0670278 0.0 0.0 0.017395604 0.05078239 0.036800463 0.0 0.0 0.01631682 0.0 0.0 0.0 0.09155206 0.00514243 0.0 0.008752442 0.0039071897 0.015529459 0.026343703 0.040136408 0.0 0.018962309 0.017776921 0.0 0.0 0.0028828762 0.009525693 0.05871983 0.040160414 0.0494739 0.0 0.031674583 0.0
0.0 0.046519015 0.0 0.060306657 0.056738615 0.01970618 0.02535171 0.0 0.0851465 0.0 0.0 0.018927397 0.032754317 0.0030746935 0.022584528 0.0 0.0023641097 0.122127265 0.056472454 0.0 0.016725674 0.0 0.0050472487 0.0 0.010916267 0.0 0.05078239 0.0 0.0 0.0 0.009195293 0.058235444 0.036173612 0.0045089014 0.0 0.022324026 0.0 0.0 0.03474038 0.0019103804 0.023157468 0.07321372 0.0 0.0 0.0 0.0 0.0 0.0 0.033729203 0.008070197 0.023562975 0.0017915069 0.042945653 0.04419218 0.01027097 0.0
0.0 0.036667988 0.0 0.01802115 0.061413515 0.0 0.013612281 0.046577226 0.045724664 0.0 0.016367273 0.01852375 0.0 0.0 0.05685884 0.0 0.01577786 0.055532224 0.03229208 0.052773725 0.0075850696 0.0 0.0 0.026677884 0.0 0.0 0.036800466 0.0 0.0 0.032087646 0.0 0.033250038 0.018694399 0.0 0.0 0.0 0.008593762 0.06327918 0.0 0.0 0.032866217 0.0067658024 0.0255662 0.0 0.0 0.037237156 0.0 0.055719852 0.03753014 0.0097210035 0.011306931 0.00055547815 0.04277092 0.0 0.052810535 0.0
0.016661722 0.063471116 0.06979943 0.020242877 0.027826827 0.0 0.0 0.0 0.007346685 0.022407888 0.0063160807 0.0 0.015317939 0.0 0.060548533 0.013469743 0.11750077 0.018433334 0.0 0.06956147 0.0 0.044829637 0.0 0.0 0.1216295 0.032647595 0.0 0.0 0.032087646 0.003497654 0.0 0.012843487 0.0 0.0 0.00024819173 0.0 0.0 0.075790584 0.0 0.064188726 0.0 0.0 0.007841559 0.006553398 0.0 0.0 0.005654769 0.0 0.0 0.0 0.0063178674 0.0 0.0039964183 0.0 0.00029971017 0.0
0.0 0.0 0.004203723 0.0 0.00032737182 0.039117113 0.0 0.02527043 0.0 0.0 0.053148184 0.0 0.012644511 0.022595417 0.0 0.042963438 0.011458743 0.01488862 0.0 0.061042663 0.0 0.0 0.013941101 0.0541343 0.029380947 0.03473392 0.0 0.009195293 0.0 0.0 0.05329911 0.0 0.0 0.038024593 0.064133525 0.0 0.0 0.0032478988 0.035163723 0.0062630437 0.0011725252 0.0075414605 0.002740995 0.0 0.06664486 0.015001681 0.0 0.0 0.00179596 0.03590139 0.0 0.0403227 0.0 0.0074306577 0.018003587 0.043065235
0.03564551 0.0 0.00990454 0.0 0.02410756 0.0 0.0 0.031483185 0.0 0.085482456 0.0 0.0 0.06024906 0.0 0.007000681 0.06382417 0.03158417 0.0 0.0 0.0 0.0 0.051082164 0.0 0.0 0.0 0.06266638 0.016316818 0.058235444 0.033250038 0.012843487 0.0 0.0 0.0 0.05686805 0.046409067 0.01954365 0.032587092 0.06425685 0.0 0.034981344 0.0 0.0 0.0 0.012289682 0.091830656 0.0 0.0050970083 0.0 0.029211935 0.0028840583 0.0 0.033256322 0.0 0.0 0.0 0.06518727
0.035639487 0.0188993 0.058224782 0.0 0.0 0.0 0.01946749 0.029407235 0.0 0.006673406 0.0 0.0 0.0414526 0.019500088 0.0 0.0 0.053274002 0.0 0.0 0.0 0.0 0.02723412 0.0031873372 0.0 0.0 0.12878585 0.0 0.03617361 0.018694397 0.0 0.0 0.0 0.0 0.020270163 0.11199331 0.0 0.020953085 0.0 0.014215193 0.06546751 0.018018167 0.0 0.013844225 0.01685337 0.009290524 0.0 0.0 0.0054844758 0.0031202873 0.020336164 0.0 0.0007844772 0.0 0.032323863 0.020236371 0.0816288
0.0 0.042889126 0.0 0.016138412 0.080335565 0.0 0.0 0.0 0.005631827 0.0038181238 0.053272296 0.012530565 0.0 0.03193667 0.038371544 0.0034690036 0.0040105795 0.0 0.0070428005 0.01542248 0.023039948 0.028650673 0.0 0.022425162 0.056424916 0.0 0.0 0.0045089014 0.0 0.0 0.038024593 0.056868047 0.020270161 0.0 0.0 0.0 0.0 0.035070047 0.009303295 0.017389681 0.022476383 0.003093571 0.045327492 0.012434955 0.008732042 0.0548292 0.012635552 0.0 0.0525026 0.0017343587 0.0 0.026589077 0.0050274115 0.0046398 0.012592909 0.0
0.0 0.011867118 0.0075161746 0.005207866 0.022615883 0.09639451 0.061163507 0.005233711 0.016549023 0.0 0.0042406134 0.05437764 0.0 0.019069115 0.0 0.054255884 0.034665372 0.05506941 0.016877385 0.023811134 0.059657656 0.012145114 0.021982973 0.0 0.0008065012 0.0 0.0 0.0 0.0 0.0002481917 0.064133525 0.046409067 0.11199331 0.0 0.0 0.013425403 0.0 0.0 0.017102871 0.01836685 0.05956939 0.03886511 0.0 0.0 0.024052192 0.010688249 0.0042420244 0.021143124 0.04042218 0.008330147 0.021066962 0.06630597 0.037929345 0.011412229 0.011759324 0.0
0.02373707 0.029823886 0.0 0.007737722 0.04860907 0.0 0.0056512468 0.054059424 0.0 0.031450413 0.0 0.0 0.017139807 0.004531705 0.0 0.08748409 0.0 0.030171365 0.019144194 0.0036917867 0.037220195 0.0069718864 0.006437004 0.100220375 0.036227204 0.0076502147 0.09155206 0.022324026 0.0 0.0 0.0 0.01954365 0.0 0.0 0.013425403 0.012559597 0.008273117 0.0 0.002786178 0.019213656 0.0038495332 0.0 0.012169737 0.028992731 0.0377272 0.004546845 0.024652908 0.08429406 0.0012271896 0.03091625 0.006484971 0.012155346 0.0 0.0 0.0423854 0.0
0.0 0.04886923 0.0 0.09131558 0.0 0.0047903545 0.008686684 0.01938734 0.0 0.03272358 0.006554105 0.0 0.0 0.006416539 0.0 0.0 0.010564529 0.07268287 0.0 0.0032745686 0.010857621 0.0 0.03288065 0.0114816325 0.040558953 0.0 0.0051424303 0.0 0.008593762 0.0 0.0 0.032587092 0.020953083 0.0 0.0 0.008273118 0.1883562 0.0 0.0 0.02229404 0.023317156 0.009005258 0.0 0.0 0.028099235 0.016476022 0.021678366 0.014135538 0.016816007 0.0 0.03654569 0.042141993 0.0 0.004295828 0.0 0.09601064
0.0015950305 0.026483484 0.06960171 0.0 0.0 0.042067554 0.0 0.00012799248 0.0 0.03866074 0.0 0.116629176 0.007910022 0.0 0.0 0.03915069 0.08964127 0.0 0.0 0.017153481 0.0 0.051485777 0.0 0.0 0.08320472 0.0 0.0 0.0 0.06327918 0.075790584 0.0032478985 0.06425685 0.0 0.03507005 0.0 0.0 0.0 0.007512894 0.047334496 0.012317644 0.0 0.017597815 0.002665042 0.010273226 0.0 0.0 0.031272635 0.0 0.0132276565 0.031596836 0.0 0.0 0.018050779 0.0 0.0 0.0316426
0.0 0.11905521 0.016762797 0.0 0.0005443159 0.0 0.0 0.01376721 0.0035638697 0.05556408 0.04889609 0.0 0.0 0.022572638 0.09869526 0.005511912 0.009784182 0.0 0.08726804 0.0 0.0009923634 0.0153013365 0.0 0.02548611 0.045546632 0.07313201 0.008752442 0.03474038 0.0 0.0 0.035163727 0.0 0.014215194 0.009303295 0.017102871 0.002786178 0.0 0.0473345 0.0 0.021156305 0.030972019 0.0027776014 0.0 0.0 0.0 0.0 0.019719712 0.013965418 0.0 0.0012023353 0.0 0.0 0.0 0.0 0.0 0.03455114
0.0 0.0129378 0.0 0.0133527005 0.041815326 0.04867902 0.021414818 0.0008834259 0.0033222581 0.0066776634 0.03299397 0.029973008 0.0 0.0 0.06294134 0.0 0.0 0.0 0.08064059 0.0 0.025055122 0.0148205785 0.009268442 0.0045447485 0.029225461 0.0 0.0039071897 0.0019103804 0.0 0.064188726 0.0062630437 0.034981344 0.06546751 0.017389681 0.01836685 0.019213656 0.02229404 0.0123176435 0.021156305 0.0 0.0 0.07150283 0.0 0.04790457 0.00060862186 0.0050111995 0.0 0.013868184 0.04509856 0.04017245 0.0 0.0 0.06766173 0.0058441493 0.029886326 0.014076639
0.036535457 0.0 0.0049290173 0.0 0.0 0.001946036 0.028306816 0.015406975 0.009056381 0.0011396696 0.0 0.0047958014 0.031105926 0.07598189 0.03533125 0.016838558 0.0 0.0 0.031008985 0.026282486 0.0 0.0013357182 0.07535803 0.0075227865 0.005831251 0.024673568 0.01552946 0.023157468 0.032866213 0.0 0.0011725252 0.0 0.018018167 0.022476384 0.05956939 0.0038495332 0.023317156 0.0 0.03097202 0.0 0.0 0.0 0.0019611388 0.05965845 0.013463709 0.0041526817 0.0 0.030269342 0.017051592 0.10286023 0.08730198 0.099201806 0.0 0.0034897595 0.09389637 0.0
0.013292883 0.0 0.0 0.003912813 0.0 0.0071638995 0.0 0.010962222 0.0 0.06572663 0.027176647 0.0 0.07636555 0.0 0.03355645 0.065296754 0.0 0.0 0.0 0.003863749 0.016568102 0.029103749 0.017735148 0.0 0.02925684 0.0 0.026343701 0.07321372 0.0067658024 0.0 0.00754146 0.0 0.0 0.003093571 0.03886511 0.0 0.009005257 0.017597815 0.0027776011 0.071502835 0.0 0.0 0.028626053 0.049795598 0.0086536985 0.0041960785 0.0 0.0 0.0 0.049118165 0.0 0.0 0.0 0.027463049 0.0 0.043028306
0.0 0.0 0.059123784 0.0 0.00038940203 0.028388938 0.019797262 0.015510205 0.0 0.0 0.0 0.07298933 0.0 0.03127046 0.029996475 0.035431318 0.028234806 0.0 0.0 0.0 0.008003186 0.0237735 0.023940785 0.0 0.079048336 0.005346086 0.04013641 0.0 0.025566202 0.007841559 0.0027409953 0.0 0.013844226 0.045327492 0.0 0.012169737 0.0 0.0026650417 0.0 0.0 0.0019611388 0.028626053 0.0 0.06034024 0.007254417 0.01583474 0.09072557 0.0 0.018162584 0.043320753 0.0 0.0 0.05265209 0.0012720443 0.0 0.004627541
0.0 0.036248475 0.02838755 0.050257597 0.014179248 0.0 0.0525707 0.034426343 0.0 0.0 0.014109799 0.0 0.0 0.009887015 0.0 0.00068729906 0.009783219 0.060090356 0.0041280747 0.0 0.0 0.0 0.017220542 0.036355294 0.013004712 0.0015386109 0.0 0.0 0.0 0.006553398 0.0 0.012289682 0.01685337 0.012434955 0.0 0.02899273 0.0 0.010273226 0.0 0.04790457 0.05965845 0.049795598 0.06034024 0.0 0.004089444 0.0022257704 0.0 0.09502518 0.0 0.0022402825 0.0 0.0 0.05649714 0.054661617 0.04192906 0.012935147
0.0 0.010949538 0.012369057 0.06839714 0.0 0.0 0.02496889 0.0 0.07305805 0.026794238 0.0 0.03451567 0.004331679 0.005867341 0.0 0.0 0.010046639 0.011967217 0.010065419 0.017023705 0.0 0.0004156021 0.0 0.017961133 0.0 0.0019507647 0.01896231 0.0 0.0 0.0 0.06664486 0.091830656 0.009290525 0.008732042 0.024052192 0.0377272 0.028099237 0.0 0.0 0.0006086218 0.013463709 0.0086536985 0.007254417 0.004089444 0.08309217 0.017464349 0.0 0.0 0.060732603 0.006775428 0.019264698 0.031406116 0.0 0.077661335 0.0 0.0
0.051464535 0.0 0.0053050774 0.0 0.0 0.102543764 0.018534193 0.046390116 0.0 0.15139906 0.0 0.0 0.020246815 0.0016151728 0.016752345 0.009745182 0.0 0.0 0.0 0.0 0.019963754 0.036270518 0.05664254 0.039232038 0.0 0.05179168 0.017776921 0.0 0.037237156 0.0 0.01500168 0.0 0.0 0.054829203 0.010688249 0.004546845 0.016476022 0.0 0.0 0.005011199 0.0041526817 0.004196079 0.01583474 0.0022257701 0.017464349 0.013061954 0.026986094 0.0 0.0 0.0012327419 0.0 0.0037464749 0.0 0.0 0.0 0.06056197
0.0022360336 0.0 0.016813464 0.0 0.040440038 0.042805787 0.0 0.006036452 0.0 0.031477757 0.030758964 0.0 0.0 0.01360896 0.038830712 0.027727949 0.0 0.0 0.015091238 0.014952698 0.06320222 0.053662404 0.0 0.012463052 0.023958717 0.027755804 0.0 0.0 0.0 0.005654769 0.0 0.0050970083 0.0 0.012635552 0.0042420244 0.024652908 0.021678368 0.03127263 0.019719712 0.0 0.0 0.0 0.09072557 0.0 0.0 0.026986092 0.060137708 0.0 0.057928715 0.023397066 0.0 0.0 0.07662531 0.0 0.013230385 0.0
0.0 0.0 0.0 0.0 0.0 0.0 0.0 0.043282848 0.0 0.03654406 0.0 0.0 0.006261089 0.032212 0.0 0.0 0.06763107 0.012724894 0.0 0.0 0.0 0.0796634 0.0 0.0 0.029422695 0.0 0.0 0.0 0.05571985 0.0 0.0 0.0 0.0054844753 0.0 0.021143124 0.08429406 0.014135538 0.0 0.013965419 0.013868184 0.030269343 0.0 0.0 0.095025174 0.0 0.0 0.0 0.0 0.0 0.048102334 0.04318079 0.0 0.0 0.020840086 0.0 0.04573292
0.029755289 0.0 0.016049374 0.0 0.0 0.0 0.0 0.018879596 0.0 0.018226048 0.0020110975 0.023229767 0.02185067 0.010828127 0.05473698 0.08693584 0.037491538 0.0 0.024196276 0.0 0.0069045536 0.062473405 0.07188674 0.0 0.0 0.030950055 0.0028828762 0.033729203 0.03753014 0.0 0.0017959599 0.029211935 0.0031202873 0.0525026 0.04042218 0.0012271896 0.016816007 0.013227656 0.0 0.04509856 0.01705159 0.0 0.018162582 0.0 0.060732607 0.0 0.057928715 0.0 0.0 0.018591426 0.0 0.0069056465 0.02616857 0.005579988 0.0 0.067301705
0.0 0.03389782 0.0 0.022688491 0.0 0.0 0.060692545 0.0 0.0 0.016241094 0.007417789 0.081919014 0.0 0.015259848 0.0 0.0 0.018783225 0.0 0.022341901 0.011600095 0.0 0.0 0.028059226 0.012394443 0.0 0.039651565 0.009525692 0.008070197 0.0097210035 0.0 0.035901386 0.0028840583 0.020336164 0.0017343587 0.008330146 0.030916251 0.0 0.031596836 0.0012023353 0.04017245 0.10286022 0.049118165 0.043320753 0.0022402825 0.006775428 0.0012327419 0.023397066 0.048102334 0.018591424 0.0 0.027241474 0.03532779 0.017971082 0.08593706 0.07177221 0.0132494895
0.019603701 0.0 0.0 0.0 0.0 0.005017251 0.007352487 0.12423733 0.013733999 0.003767787 0.0 0.0 0.0 0.114305645 0.0 0.0 0.0 0.008112 0.0115046445 0.0 0.021635752 0.0 0.0076049664 0.016373454 0.03345223 0.0024988423 0.058719832 0.023562977 0.011306932 0.0063178674 0.0 0.0 0.0 0.0 0.021066962 0.006484971 0.03654569 0.0 0.0 0.0 0.08730198 0.0 0.0 0.0 0.019264698 0.0 0.0 0.043180786 0.0 0.027241474 0.0 0.11410464 0.0 0.013426774 0.009715255 0.06960607
0.003366549 0.0 0.0 0.0 0.0 0.047528327 0.0014277957 0.033134304 0.03608008 0.0 0.0051286276 0.0 0.0 0.066949055 0.0 0.007856689 0.0 0.0037741794 0.0 0.0 0.0 0.0 0.0695795 0.05834754 0.0 0.0 0.04016041 0.0017915068 0.00055547815 0.0 0.040322702 0.033256322 0.0007844772 0.026589077 0.066305965 0.012155346 0.042141996 0.0 0.0 0.0 0.099201806 0.0 0.0 0.0 0.03140612 0.0037464746 0.0 0.0 0.006905647 0.03532779 0.114104636 0.052925657 0.0 0.036642827 0.060949013 0.0
0.0 0.035182755 0.060386833 0.0 0.0 0.0 0.0 0.0186075 0.0 0.0 0.0 0.015902463 0.023768466 0.024089444 0.097192176 0.0 0.0 0.0 0.012161571 0.0 0.047239445 0.0710272 0.0 0.0 0.022049028 0.047372952 0.049473897 0.042945653 0.04277092 0.003996419 0.0 0.0 0.0 0.0050274115 0.03792934 0.0 0.0 0.018050779 0.0 0.06766174 0.0 0.0 0.05265209 0.05649714 0.0 0.0 0.07662531 0.0 0.026168568 0.017971082 0.0 0.0 0.0 0.0 0.0 0.003837777
0.08644818 0.0 0.0 0.019602545 0.0 0.021872973 0.0 0.021603884 0.0 0.019098297 0.0 0.0 0.0 0.046331774 0.0030539085 0.0 0.00046354657 0.0 0.0 0.0 0.0 0.07412908 0.048380397 0.0 0.0 0.03379549 0.0 0.04419218 0.0 0.0 0.0074306577 0.0 0.032323863 0.0046398 0.01141223 0.0 0.0042958283 0.0 0.0 0.0058441497 0.0034897595 0.02746305 0.0012720443 0.054661613 0.077661335 0.0 0.0 0.020840088 0.005579988 0.08593706 0.013426774 0.036642827 0.0 0.0 0.07491279 0.070089884
0.0067761373 0.0 0.0034218677 0.0 0.0 0.0 0.036657136 0.023850955 0.0 0.0 0.0 0.0 0.056722112 0.05100679 0.0 0.0021747067 0.01788609 0.009489049 0.004754807 0.0 0.0 0.0035665596 0.0021282122 0.025382444 0.0 0.050876267 0.031674583 0.01027097 0.05281053 0.00029971017 0.018003589 0.0 0.02023637 0.012592909 0.011759324 0.0423854 0.0 0.0 0.0 0.029886328 0.093896374 0.0 0.0 0.04192906 0.0 0.0 0.013230385 0.0 0.0 0.07177222 0.009715254 0.06094901 0.0 0.074912794 0.022843674 0.040364448
0.0 0.004106433 0.0 0.05601847 0.025388196 0.0 0.0574101 0.0 0.0 0.0 0.01798353 0.040499553 0.0 0.034540307 0.007881259 0.0 0.0 0.027816137 0.0025411195 0.0 0.007374798 0.011372238 0.0 0.0057166913 0.0077840015 0.0 0.0 0.0 0.0 0.0 0.043065235 0.06518727 0.0816288 0.0 0.0 0.0 0.09601064 0.031642605 0.03455114 0.014076639 0.0 0.043028302 0.004627541 0.012935146 0.0 0.06056197 0.0 0.04573292 0.067301705 0.013249489 0.06960607 0.0 0.003837777 0.070089884 0.040364448 0.0
