0.0 0.013969132 0.0 0.09085051 0.00239844 0.017908448 0.024415059 0.0 0.041570812 0.0 0.0 0.017672056 0.018602734 0.0074112252 0.092677586 0.02936244 0.0 0.019259384 0.015199862 0.013419275 0.0 0.0 0.06551347 0.0 0.0053942236 0.054763746 0.10441143 0.0 0.0 0.0 0.0 0.0 0.0030547546 0.004736397 0.005551487 0.0 0.015696546 0.018744312 0.0 0.063003354 0.05543126 0.024379853 0.0 0.0054300693 0.0020692756 0.0 0.028638368 0.0 0.0 0.011213421 0.044497438 0.0 0.0 0.0 0.0 0.051111232
0.013969133 0.0 0.0 0.0 0.016252501 0.03426517 0.0 0.0 0.028102674 0.073952466 0.039863307 0.016689738 0.039374586 0.0115741715 0.01531926 0.0 0.0 0.025251176 0.0 0.002763724 0.03693579 0.013181748 0.00427343 0.08937811 0.0011932044 0.011236725 0.0047555408 0.057065975 0.0074036852 0.022933254 0.0019714923 0.098072484 0.011231797 0.0 0.0 0.0 0.037132714 0.031984806 0.0076096156 0.0 0.0110806925 0.0 0.012220983 0.02172455 0.0 0.0605753 0.0 0.0048827 0.035285875 0.0 0.0036464937 0.01903219 0.035544742 0.015953625 0.0 0.0
0.0 0.0 0.0 0.0069444906 0.012435432 0.0 0.0 0.057310425 0.0 0.043554265 0.0 0.0 0.033966333 0.0 0.0 0.0289014 0.042167116 0.0 0.0 0.0 0.019407623 0.005095028 0.0 0.052075233 0.0024596672 0.022023924 0.0 0.04957335 0.06914196 0.049484625 0.0 0.0 0.0 0.029231997 0.0058830883 0.047720797 0.042766187 0.0 0.0 0.0 0.0 0.019828059 0.0067378897 0.04238064 0.0 0.010920652 0.0 0.0 0.044460088 0.003922703 0.004466499 0.041273046 0.004030025 0.03718073 0.012285067 0.025250887
0.0908505 0.0 0.0069444906 0.0 0.0 0.0 0.016050478 0.014586154 0.0 0.0109981345 0.0025388706 0.031497505 0.0 0.044845823 0.0 0.0 0.00016138484 0.0 0.0 0.001975296 0.0 0.056204617 0.0 0.0 0.07257349 0.0008384641 0.014515285 0.0670522 0.10565685 0.08486526 0.0 0.0 0.005549272 0.025619948 0.042204555 0.007869724 0.014689469 0.0 0.0016061458 0.0013009064 0.024949491 0.013572073 0.0 0.0075460332 0.013027692 0.04144902 0.0 0.006585701 0.0 0.079149835 0.005172327 0.022454688 0.0 0.0 0.021978982 0.049756963
0.00239844 0.016252501 0.012435432 0.0 0.005930791 0.0041041607 0.0 0.045292594 0.016390316 0.0013961708 0.0 0.039126355 0.0 0.034351777 0.0108472025 0.0 0.007622176 0.0 0.050914846 0.0 0.011000717 0.0 0.012429622 0.09952565 0.002504897 0.00976739 0.0 0.025370864 0.06690488 0.032551225 0.00023071351 0.04693612 0.0 0.020097516 0.074645855 0.004882012 0.019490547 0.0 0.0014492478 0.02001293 0.0 0.09215504 0.0 0.021874465 0.041717365 0.04153618 0.0 0.011213623 0.0 0.012167785 0.0 0.066548206 0.015608891 0.0 0.01276899 0.028634012
0.017908448 0.034265175 0.0 0.0 0.0041041607 0.0 0.00012349038 0.034023628 0.04794493 0.08144773 0.058724385 0.08417662 0.030454444 0.0 0.0 0.0 0.0 0.0 0.0071127163 0.0 0.043420345 0.005343957 0.0 0.04121778 0.0 0.0 0.024687134 0.0 0.00069284387 0.0 0.047898993 0.03114084 0.0102220345 0.0 0.015368222 0.03213931 0.0 0.08778162 0.017527647 0.0 0.0 0.0 0.0 0.01009057 0.0 0.01027952 0.0 0.0 0.0 0.010377756 0.04355517 0.04276032 0.0 0.012670969 0.0 0.03152797
0.024415057 0.0 0.0 0.01605048 0.0 0.00012349038 0.014897187 0.05143077 0.0 0.0799585 0.0 0.0040521957 0.012363605 0.018300008 0.0064345407 0.007940485 0.0 0.0 0.06587536 0.014639091 0.0 0.0 0.020502346 0.095636725 0.014331913 0.023114929 0.01114026 0.0061759874 0.016232358 0.0 0.00882207 0.0 0.0 0.0 0.0037892922 0.07579186 0.022029748 0.0054304143 0.0 0.03554293 0.06184825 0.0 0.01673499 2.0065424e-06 0.028343786 0.011459367 0.008793284 0.012794959 0.0 0.005497964 0.09359384 0.021157725 0.0 0.023716431 0.06631333 0.0
0.0 0.0 0.057310425 0.014586153 0.045292594 0.034023624 0.051430773 0.0 0.03414572 0.011184629 0.013560089 0.0 0.0 0.0 0.07004544 0.016662862 0.010531636 0.026677238 0.06968759 0.023330541 0.023996014 0.0 0.029867599 0.0 0.0 0.091883756 0.040523484 0.0 0.0062568556 0.0028648633 0.016650926 0.024077384 0.056251604 0.0004663712 0.017334199 0.0 0.0 0.04562325 0.0 0.049327616 0.027264187 0.009839223 0.040707927 0.00071887206 0.015351058 0.02652296 0.02817449 0.040612184 0.0 0.006285786 0.0 0.0031064337 0.030082442 0.008474474 0.0138974255 0.058392424
0.041570812 0.028102674 0.0 0.0 0.016390316 0.047944933 0.0 0.03414572 0.066683665 0.015512083 0.032492112 0.011290511 0.014984463 0.03360692 0.00063322403 0.002636752 0.0 0.0 0.013008883 0.061106116 0.009145196 0.0 0.0 0.039643366 0.043330546 0.010129238 0.007283248 0.034574166 0.004021888 0.025862785 0.0 0.0 0.0 0.0 0.039948903 0.0 0.015568779 0.01549489 0.0 0.0 0.030842856 0.008426842 0.0 0.027338056 0.009470209 0.033304386 0.0 0.007924022 0.0 0.030791443 0.016454447 0.042547017 0.0019840733 0.04228252 0.0060146465 0.031411298
0.0 0.073952466 0.043554265 0.010998134 0.0013961708 0.08144772 0.0799585 0.011184629 0.015512082 0.03483724 0.0058463356 0.048441224 0.00046056262 0.0 0.047858566 0.01196545 0.016473187 0.018693851 0.04381096 0.0 0.0 0.0038377324 0.012459977 0.0 0.038286768 0.0 0.0 0.0 0.0 0.0 0.0070274184 0.0 0.07184067 0.0 0.03541317 0.017295672 0.0 0.012691872 0.058744557 0.0 0.015358584 0.0191777 0.038794678 0.0319034 0.0 0.0 0.021274135 0.016553845 0.050998367 0.021232013 0.0 0.0 0.0424467 0.017224133 0.0 0.008493007
0.0 0.039863307 0.0 0.0025388703 0.0 0.05872439 0.0 0.013560089 0.03249211 0.0058463356 0.1362916 0.009543198 0.06017449 0.0 0.046574138 0.0 0.0 0.024342323 0.015786301 0.04505422 0.00919778 0.0 0.0 0.013295583 0.0 0.00020531408 0.0047087125 0.0 0.013815317 0.0014538624 0.027019951 0.048652217 0.054298494 0.0 0.016201554 0.0057612066 0.0 0.014955631 0.07668178 0.0 0.027259003 0.02431903 0.0 0.017861672 0.0 0.06779635 0.0 0.033519007 0.0483795 0.03729583 0.001085498 0.0 0.027059827 0.0 0.021756265 0.0
0.017672056 0.01668974 0.0 0.03149751 0.039126355 0.08417662 0.0040521957 0.0 0.011290512 0.048441224 0.009543198 0.0 0.032304145 0.0 0.0038233765 0.060267776 0.0 0.030306825 0.0 0.0 0.039237525 0.0 0.00052157283 0.052642334 0.017887859 0.0 0.007695551 0.00012536545 0.010250484 0.008903412 0.025088359 0.053823087 0.0 0.01172232 0.0029583839 0.045552753 0.002022332 0.06246461 0.0058385585 0.01840867 0.0 0.0 0.019897083 0.016559081 0.0 0.04714384 0.029014057 0.0 0.019971255 0.0043810015 0.0166782 0.04468784 0.007867036 0.0 0.0 0.0
0.018602734 0.039374586 0.033966333 0.0 0.0 0.030454444 0.012363605 0.0 0.014984464 0.0004605626 0.060174488 0.03230414 0.020524573 0.0 0.0047672614 0.01954488 0.0006691875 0.0013772793 0.03284872 0.0 0.018399915 0.004952909 0.006347135 0.0 0.0 0.013583104 0.043614075 0.0 0.0 0.015554754 0.06897624 0.034948375 0.05789729 0.017713938 0.034855 0.0 0.0 0.0042368295 0.038495474 0.0 0.0 0.0033875075 0.054778077 0.010465805 0.030989848 0.0 0.032609858 0.0140534565 0.13386568 0.03432177 0.0 0.009575157 0.0055633774 0.0 0.0 0.0
0.007411225 0.0115741715 0.0 0.044845827 0.03435178 0.0 0.018300006 0.0 0.03360692 0.0 0.0 0.0 0.0 0.10000162 0.0046365443 0.015094395 0.113934666 0.015479572 0.0 0.0 0.0 0.0 0.057699114 0.013379485 0.0 0.02936323 0.0 0.04954729 0.01041805 0.014324423 0.0 0.019456675 0.015109191 0.0 0.0 0.0 0.0 0.0 0.0 0.08069579 0.012238924 0.0 0.02792488 0.015274467 0.005570762 0.0031769832 0.0741387 0.0 0.037027087 0.0 0.0038953987 0.0 0.0 0.034193177 0.016801601 0.06416283
0.092677586 0.015319261 0.0 0.0 0.0108472025 0.0 0.0064345407 0.07004544 0.00063322403 0.047858566 0.046574138 0.0038233765 0.004767261 0.0046365443 0.0 0.013629008 0.0 0.06731807 0.0031533798 0.021397589 0.0 0.022374855 0.0 0.021153126 0.0 0.030332452 0.0 0.014505678 0.007330805 0.0 0.0 0.0 0.02413795 0.015898116 0.05062862 0.05996688 0.020667717 0.0 0.003073867 0.026199937 0.0 0.029047038 0.019637436 0.0 0.030082095 0.022755774 0.0 0.04878383 0.0 0.05009912 0.057188906 0.015471826 0.006280403 0.0036457279 0.026408112 0.035066694
0.02936244 0.0 0.0289014 0.0 0.0 0.0 0.007940485 0.01666286 0.002636752 0.01196545 0.0 0.06026778 0.01954488 0.015094395 0.013629009 0.017251961 0.016630605 0.0 0.0 0.0 0.0 0.016768605 0.0 0.054769926 0.019019503 0.034609687 0.0 0.004310256 0.017874377 0.0 0.0 0.005003812 0.0 0.012403723 0.0346117 0.015274791 0.01687718 0.004825634 0.032389905 0.015306246 0.032228 0.0 0.0 0.04764181 0.058548693 0.005818049 0.004976055 0.03418994 0.03398682 0.0 0.031286344 0.0 0.0 0.05386333 0.028737787 0.04527851
0.0 0.0 0.042167116 0.00016138484 0.0076221763 0.0 0.0 0.010531636 0.0 0.016473187 0.0 0.0 0.0006691875 0.11393466 0.0 0.016630605 0.0 0.0 0.0 0.008144266 0.022998065 0.08834272 0.028097993 0.008346417 0.0 0.0 0.043333665 0.05367236 0.10989616 0.0 0.0 0.0 0.0 0.055580065 0.0 0.016511716 0.0 0.0 0.0 0.04828267 0.0 0.004923763 0.0 0.007685222 0.0 0.0 0.0010459581 0.037268266 0.0 0.017834425 0.010398811 0.053150967 0.0 0.0457012 0.019403262 0.01773269
0.019259384 0.025251176 0.0 0.0 0.0 0.0 0.0 0.026677238 0.0 0.018693851 0.024342323 0.030306825 0.0013772794 0.015479571 0.06731806 0.0 0.0 0.0 0.0525778 0.021096475 0.0140913995 0.020601535 0.0 0.0015054754 0.024615431 0.018023476 0.0 0.03217231 0.040906407 0.041011073 0.0027626173 0.019826299 0.0013896984 0.014866366 0.0059623197 0.024269568 0.0 0.0 0.00825609 0.007819386 0.027896509 0.02880995 0.015232052 0.025142938 0.036993794 0.0 0.013728136 0.0 0.0 0.051419403 0.03696072 0.0 0.08282304 0.0 0.020213453 0.008552394
0.015199863 0.0 0.0 0.0 0.050914846 0.0071127163 0.06587536 0.06968759 0.013008883 0.04381096 0.015786301 0.0 0.03284872 0.0 0.0031533798 0.0 0.0 0.052577805 0.0034108628 0.010567754 0.0 0.01872256 0.041044384 0.05594618 0.0 0.0 0.008475478 0.028831095 0.04979607 0.0 0.0 0.017567227 0.0 0.0 0.06031697 0.041430797 0.014159265 0.0 0.0 0.023561712 0.0 0.0 0.0 0.0 0.0 0.008869809 0.0 0.0 0.009668224 0.012474723 0.08444734 0.039705016 0.0 0.0002596265 0.021480454 0.04865837
0.013419276 0.002763724 0.0 0.001975296 0.0 0.0 0.014639092 0.023330543 0.061106116 0.0 0.04505422 0.0 0.0 0.0 0.021397589 0.0 0.008144266 0.021096475 0.010567754 0.063932225 0.012133457 0.054767467 0.0 0.041523956 0.022900157 0.030173283 0.0 0.035634432 0.0 0.0 0.0 0.03390969 0.0065964106 0.008828176 0.07385343 0.0 0.02964151 0.0075504803 0.010545203 0.014768509 0.0 0.0 0.004994224 0.0 0.0060408856 0.072654456 0.0 0.039586414 0.020015242 0.005407695 0.027495146 0.002832314 0.005863332 0.026868265 0.057190944 0.0
0.0 0.036935795 0.019407624 0.0 0.011000717 0.04342034 0.0 0.023996014 0.0091451965 0.0 0.00919778 0.039237525 0.018399917 0.0 0.0 0.0 0.022998065 0.0140913995 0.0 0.012133457 0.0 0.04145735 0.0 0.03939127 0.0011199804 0.0 0.0 0.0 0.03921132 0.0 0.05998539 0.042214513 0.0 0.0 0.01971247 0.0425207 0.0 0.018096766 0.028732676 0.0 0.0 0.0048958883 0.0049789236 0.0 0.033358485 0.051239256 0.0 0.05332809 0.043551438 0.08449133 0.03269094 0.030660372 0.058013845 0.0 0.0 0.0
0.0 0.013181748 0.005095028 0.05620462 0.0 0.005343957 0.0 0.0 0.0 0.0038377326 0.0 0.0 0.0049529085 0.0 0.022374855 0.016768603 0.08834272 0.020601535 0.01872256 0.054767467 0.04145735 0.00562707 0.05402891 0.0 0.0 0.0 0.083807625 0.0 0.0002671136 0.036134172 0.016914137 0.0 0.0 0.08792952 0.0 0.05053962 0.0 0.011406895 0.0 0.005134935 0.013118617 0.0 0.039692335 0.005230029 0.0 0.0 0.059318256 0.0 0.0 0.0 0.048987027 0.0 0.05423465 0.035174467 0.0 0.0
0.06551347 0.0042734295 0.0 0.0 0.012429622 0.0 0.020502347 0.029867597 0.0 0.012459977 0.0 0.00052157283 0.006347135 0.057699114 0.0 0.0 0.028097993 0.0 0.04104438 0.0 0.0 0.05402891 0.0 0.0026823448 0.0072308145 0.040876035 0.013817913 0.06546888 0.0037513238 0.0 0.0027869097 0.00054795743 0.0 0.05147389 0.0317289 0.0 0.029725436 0.0 0.07624822 0.0236585 0.012814679 0.0 0.0 0.016568001 0.02706065 0.0 0.0 0.0 0.0 0.15823108 0.0 0.0 0.0006914896 0.017066132 0.005580134 0.04509426
0.0 0.08937811 0.052075237 0.0 0.09952565 0.041217785 0.095636725 0.0 0.03964337 0.0 0.013295584 0.05264233 0.0 0.013379485 0.021153126 0.054769926 0.008346417 0.0015054755 0.055946182 0.041523956 0.03939127 0.0 0.0026823448 0.0 0.029322946 0.04220046 0.0 0.0 0.0 0.0034983086 0.013932344 0.011323143 0.03731648 0.0 0.0 0.009525149 0.0 0.0047604004 0.0074365013 0.00020488886 0.0 0.0036591333 0.0 0.021061882 0.0 0.0152294645 0.0016643844 0.014419214 0.054427765 0.0053623496 0.02069448 0.0 0.028682843 0.004450554 0.000241522 0.0
0.0053942236 0.0011932045 0.0024596674 0.07257349 0.002504897 0.0 0.014331913 0.0 0.043330546 0.03828677 0.0 0.017887857 0.0 0.0 0.0 0.019019503 0.0 0.024615431 0.0 0.022900157 0.0011199804 0.0 0.0072308145 0.029322946 0.0 0.0 0.0 0.059428718 0.047155086 0.061506853 0.027286932 0.0077758227 0.0 0.0 0.040291682 0.054868065 0.025102478 0.0 0.0480986 0.018098958 0.0 0.0040744785 0.0 0.0 0.027865145 0.02757567 0.006101759 0.03135832 0.0 0.0 0.034700993 0.025093393 0.0 0.0005102819 0.034142844 4.802057e-07
0.054763746 0.011236725 0.022023922 0.0008384641 0.009767389 0.0 0.023114929 0.091883756 0.010129238 0.0 0.00020531408 0.0 0.013583104 0.029363228 0.03033245 0.034609687 0.0 0.018023474 0.0 0.030173285 0.0 0.0 0.04087603 0.04220046 0.0 0.0 0.03397454 0.026285695 0.0 0.0 0.0 0.010664942 0.0 0.0 0.020121984 0.012609701 0.05904037 0.02696498 0.005605435 0.025088053 0.01954067 0.0 0.04482557 0.006588443 0.051482815 0.0 0.019569017 0.0005412917 0.016562713 0.0 0.062062994 0.034348927 0.0 0.0 0.024945818 0.0
0.10441142 0.0047555408 0.0 0.014515286 0.0 0.024687134 0.01114026 0.040523484 0.0072832485 0.0 0.0047087125 0.0076955515 0.043614075 0.0 0.0 0.0 0.043333665 0.0 0.008475478 0.0 0.0 0.083807625 0.013817913 0.0 0.0 0.033974543 0.016413946 0.0003253451 0.010820815 0.0 0.007242241 0.0 0.0 0.030198246 0.05471492 0.0 0.047794726 0.002194872 0.0 0.06383703 0.027593417 0.0 0.0 0.021773716 0.027106088 0.009172209 0.0018560753 0.04926345 0.018055473 0.0 0.027490316 0.010102815 0.017256645 0.08878807 0.036216747 0.025547484
0.0 0.057065975 0.049573354 0.0670522 0.025370864 0.0 0.006175988 0.0 0.034574166 0.0 0.0 0.00012536545 0.0 0.04954729 0.014505678 0.004310256 0.05367236 0.03217231 0.028831095 0.035634432 0.0 0.0 0.06546888 0.0 0.05942872 0.026285697 0.0003253451 0.0 0.0 0.0 0.017217236 0.0029169703 0.07520254 0.0 0.0 0.0 0.0 0.053658217 0.033148155 0.059030734 0.025650846 0.0 0.017054234 0.016909167 0.0 0.03187058 0.084046744 0.0 0.0 0.02548623 0.0 0.0 0.035162058 0.0 0.0 0.029936027
0.0 0.0074036852 0.06914196 0.105656855 0.06690487 0.00069284387 0.016232358 0.006256856 0.004021888 0.0 0.013815317 0.010250484 0.0 0.010418051 0.007330805 0.017874377 0.10989617 0.040906407 0.04979607 0.0 0.03921132 0.0002671136 0.0037513236 0.0 0.047155086 0.0 0.010820816 0.0 0.0 0.0 0.001024245 0.042315375 0.027216041 0.05121898 0.0 0.004917609 0.0 0.02911639 0.00399001 0.002623355 0.013751126 0.0 0.022148885 0.014366139 0.010521828 0.019291542 0.102104984 0.0 0.0 0.0 0.0 0.019142523 0.04228366 0.0 0.0 0.0
0.0 0.022933254 0.049484625 0.08486526 0.032551225 0.0 0.0 0.002864863 0.025862785 0.0 0.0014538624 0.008903412 0.015554753 0.014324422 0.0 0.0 0.0 0.041011073 0.0 0.0 0.0 0.036134172 0.0 0.0034983084 0.061506853 0.0 0.0 0.0 0.0 0.104088575 0.0 0.010249882 0.004188592 0.0 0.0 0.053222355 0.0 0.025171712 0.07377208 0.0 0.0 0.0555363 0.003186142 0.031902708 0.0 0.07048503 0.002298258 0.0 0.02369228 0.0 0.018118737 0.022281963 0.006467653 0.012107589 0.0 0.0
0.0 0.0019714925 0.0 0.0 0.00023071351 0.04789899 0.008822071 0.016650926 0.0 0.0070274184 0.027019951 0.02508836 0.06897624 0.0 0.0 0.0 0.0 0.0027626173 0.0 0.0 0.059985388 0.016914137 0.0027869097 0.013932344 0.027286934 0.0 0.0072422414 0.017217236 0.001024245 0.0 0.00536436 0.056363866 0.0 0.0 0.08105955 0.0 0.027367828 0.014528049 0.01631319 0.0 0.0 0.0 0.03622593 0.0 0.0 0.036609218 0.018293934 0.019446949 0.030188777 0.031212838 0.019709907 0.035683896 0.056422714 0.06697819 0.023844799 0.0
0.0 0.09807248 0.0 0.0 0.04693612 0.031140842 0.0 0.024077384 0.0 0.0 0.04865222 0.053823087 0.034948375 0.019456677 0.0 0.0050038113 0.0 0.019826299 0.017567227 0.03390969 0.04221451 0.0 0.00054795743 0.011323143 0.007775822 0.010664942 0.0 0.0029169703 0.042315375 0.010249881 0.05636387 0.057394903 0.013535823 0.0 0.0 0.019231578 0.007062851 0.0036681027 0.007031891 0.0 0.026660958 0.01233619 0.0 0.004540357 0.0 0.025742915 0.0 0.037952 0.04290845 0.0 0.0 0.0 0.08229338 0.06244297 0.006841275 0.0
0.0030547543 0.011231797 0.0 0.005549272 0.0 0.0102220345 0.0 0.056251608 0.0 0.07184067 0.054298494 0.0 0.057897285 0.015109191 0.024137951 0.0 0.0 0.0013896984 0.0 0.0065964106 0.0 0.0 0.0 0.03731648 0.0 0.0 0.0 0.07520255 0.027216041 0.004188592 0.0 0.013535824 0.0 0.0 0.05365606 0.0 0.04384815 0.02340018 0.011878919 0.0 0.0 0.0 0.03554055 0.0057486435 0.0 0.0 0.016788814 0.008659544 0.038413245 0.018549772 0.023867218 0.012620741 0.0 0.041024864 0.07453937 0.0
0.0047363974 0.0 0.029231997 0.025619948 0.020097516 0.0 0.0 0.00046637116 0.0 0.0 0.0 0.01172232 0.017713938 0.0 0.015898116 0.012403723 0.05558007 0.014866367 0.0 0.008828177 0.0 0.08792952 0.05147389 0.0 0.0 0.0 0.030198246 0.0 0.05121898 0.0 0.0 0.0 0.0 0.0 0.02951122 0.0 0.04556984 0.0 0.016376259 0.0033440178 0.0 0.0 5.724277e-05 0.024263695 0.05988392 0.0 0.0 0.004156532 0.0 0.09036747 0.005406415 0.0 0.0 0.0017236527 0.034605835 0.16861491
0.0055514867 0.0 0.005883088 0.042204555 0.074645855 0.015368222 0.0037892922 0.017334199 0.0399489 0.03541317 0.016201554 0.0029583839 0.034855004 0.0 0.050628625 0.034611695 0.0 0.0059623197 0.060316965 0.07385343 0.01971247 0.0 0.031728897 0.0 0.040291682 0.020121984 0.054714926 0.0 0.0 0.0 0.08105955 0.0 0.05365606 0.02951122 0.0 0.0 0.02067784 0.07013488 0.0 0.0046979534 0.008001848 0.0 0.049989317 0.025729248 0.0 0.042263165 0.061996166 0.0 0.0027133955 0.003678656 0.0 0.0 0.03610703 0.0 0.0 0.002972306
0.0 0.0 0.047720797 0.007869724 0.004882012 0.03213931 0.07579186 0.0 0.0 0.017295672 0.0057612066 0.045552753 0.0 0.0 0.05996688 0.015274792 0.016511716 0.024269568 0.041430797 0.0 0.0425207 0.050539616 0.0 0.009525149 0.05486807 0.012609701 0.0 0.0 0.004917609 0.053222355 0.0 0.019231578 0.0 0.0 0.0 0.0 0.0 0.0 0.02378258 0.0017765142 0.032724902 0.08552156 0.0 0.036598776 0.0 0.038211342 0.0 0.03906046 0.02596487 0.015326117 0.0 0.0 0.011546432 0.025105389 0.0041731284 0.007283434
0.015696544 0.037132718 0.042766187 0.014689469 0.019490547 0.0 0.022029746 0.0 0.015568779 0.0 0.0 0.002022332 0.0 0.0 0.020667717 0.016877182 0.0 0.0 0.014159264 0.02964151 0.0 0.0 0.029725436 0.0 0.025102476 0.05904037 0.047794722 0.0 0.0 0.0 0.027367827 0.0070628505 0.04384815 0.04556984 0.020677838 0.0 0.0 0.0 0.0 0.04815216 0.015526688 0.0061723697 0.060087346 0.0 0.023627378 0.0045586396 0.026996588 0.06046362 0.0 0.026264021 0.0 0.0 0.0 0.05615702 0.021231575 0.026785806
0.018744314 0.031984802 0.0 0.0 0.0 0.08778162 0.0054304143 0.04562325 0.0154948905 0.012691872 0.014955631 0.062464606 0.0042368295 0.0 0.0 0.004825634 0.0 0.0 0.0 0.0075504803 0.018096766 0.011406895 0.0 0.0047604004 0.0 0.026964977 0.002194872 0.053658217 0.029116387 0.025171712 0.014528049 0.003668103 0.02340018 0.0 0.07013488 0.0 0.0 0.0013256675 0.0 0.0 0.024017598 0.04796011 0.063848436 0.024290051 0.0 0.010917498 0.0 0.030966882 0.00616654 0.05939636 0.023075383 0.057220224 0.0010384332 0.05017447 0.0 0.010920625
0.0 0.0076096156 0.0 0.0016061459 0.0014492478 0.017527645 0.0 0.0 0.0 0.058744557 0.07668178 0.0058385585 0.038495474 0.0 0.003073867 0.032389905 0.0 0.00825609 0.0 0.010545203 0.028732676 0.0 0.07624822 0.007436501 0.048098598 0.005605435 0.0 0.033148155 0.00399001 0.07377207 0.01631319 0.0070318906 0.011878919 0.01637626 0.0 0.02378258 0.0 0.0 0.03862727 0.019795839 0.0 0.060873065 0.007307661 0.0 0.0 0.014417089 0.0 0.011791468 0.05259012 0.0 0.015686776 0.034211803 0.017850408 0.08108795 0.03659434 0.015799986
0.063003354 0.0 0.0 0.0013009063 0.02001293 0.0 0.035542928 0.04932762 0.0 0.0 0.0 0.018408671 0.0 0.0806958 0.026199939 0.0153062465 0.04828267 0.007819386 0.023561712 0.014768508 0.0 0.005134935 0.023658501 0.00020488886 0.018098956 0.025088055 0.06383702 0.059030738 0.0026233548 0.0 0.0 0.0 0.0 0.0033440178 0.004697954 0.0017765141 0.04815216 0.0 0.019795839 0.053251237 0.053120997 0.0 0.0029342992 0.08992582 0.0 0.0042545004 0.0 0.012239267 0.0 0.0 0.018983828 0.0020133066 0.0 0.0021169474 0.014812697 0.026003739
0.055431258 0.0110806925 0.0 0.024949491 0.0 0.0 0.061848253 0.027264187 0.030842854 0.015358585 0.027259005 0.0 0.0 0.012238924 0.0 0.032227997 0.0 0.027896507 0.0 0.0 0.0 0.013118617 0.012814678 0.0 0.0 0.01954067 0.027593419 0.025650848 0.013751126 0.0 0.0 0.026660958 0.0 0.0 0.008001848 0.032724902 0.015526688 0.0240176 0.0 0.053121 0.067880675 0.0 0.0 0.046598103 0.13164543 0.0 0.04382767 0.042716965 0.0 0.0 0.020580454 0.04069407 0.0 0.027505059 0.04595097 0.0038245074
0.024379853 0.0 0.019828059 0.013572073 0.09215505 0.0 0.0 0.009839222 0.008426841 0.019177701 0.024319032 0.0 0.0033875075 0.0 0.029047042 0.0 0.0049237628 0.02880995 0.0 0.0 0.0048958883 0.0 0.0 0.003659133 0.0040744785 0.0 0.0 0.0 0.0 0.0555363 0.0 0.01233619 0.0 0.0 0.0 0.08552156 0.00617237 0.04796011 0.06087307 0.0 0.0 0.00807972 0.040829983 0.07986672 0.016704975 0.088903986 0.01555266 1.5944952e-05 0.0 0.022398733 0.0070047677 0.021768566 0.0 0.033825547 0.015959661 0.0
0.0 0.012220983 0.0067378893 0.0 0.0 0.0 0.01673499 0.040707927 0.0 0.03879468 0.0 0.019897083 0.054778073 0.02792488 0.019637438 0.0 0.0 0.015232053 0.0 0.004994224 0.004978924 0.03969233 0.0 0.0 0.0 0.04482557 0.0 0.017054234 0.022148885 0.0031861423 0.03622593 0.0 0.03554055 5.724277e-05 0.04998932 0.0 0.060087346 0.063848436 0.007307661 0.0029342994 0.0 0.040829983 0.0 0.008425905 0.0 0.0074134218 0.012850767 0.059710298 0.0 0.0023651635 0.059690997 0.019322447 0.011098392 0.043270025 0.038644306 0.0
0.0054300693 0.02172455 0.04238064 0.0075460337 0.021874465 0.01009057 2.0065424e-06 0.00071887206 0.027338054 0.0319034 0.017861672 0.016559081 0.010465805 0.015274467 0.0 0.04764181 0.007685222 0.02514294 0.0 0.0 0.0 0.005230029 0.016568001 0.02106188 0.0 0.006588443 0.021773716 0.016909165 0.014366139 0.03190271 0.0 0.004540357 0.005748643 0.024263695 0.025729248 0.036598776 0.0 0.024290051 0.0 0.08992582 0.046598103 0.079866715 0.008425906 0.055059694 0.003261202 0.0 0.090043604 0.0054584816 0.0 0.004296336 0.029925663 0.06533496 0.0010737161 0.0 0.03726844 0.0
0.0020692756 0.0 0.0 0.013027691 0.041717365 0.0 0.028343786 0.015351059 0.009470209 0.0 0.0 0.0 0.03098985 0.005570762 0.030082094 0.05854869 0.0 0.036993794 0.0 0.0060408856 0.033358485 0.0 0.02706065 0.0 0.027865147 0.051482815 0.02710609 0.0 0.010521828 0.0 0.0 0.0 0.0 0.05988392 0.0 0.0 0.023627378 0.0 0.0 0.0 0.13164543 0.016704975 0.0 0.0032612022 0.010627773 0.0 0.044089463 0.02168835 0.012394703 0.046817265 0.0 0.0039693923 0.04328146 0.0 0.06981482 0.040433407
0.0 0.0605753 0.010920653 0.04144902 0.041536175 0.01027952 0.011459366 0.026522959 0.03330439 0.0 0.06779635 0.04714384 0.0 0.0031769834 0.022755774 0.005818049 0.0 0.0 0.008869809 0.072654456 0.051239252 0.0 0.0 0.015229464 0.02757567 0.0 0.009172209 0.031870577 0.019291542 0.07048503 0.036609218 0.025742915 0.0 0.0 0.042263165 0.038211342 0.00455864 0.010917498 0.014417088 0.004254501 0.0 0.088903986 0.007413422 0.0 0.0 0.020871695 0.004108077 0.0 0.05489631 0.0 0.0 0.0005942673 0.032405593 0.0 0.047429003 0.0
0.02863837 0.0 0.0 0.0 0.0 0.0 0.008793283 0.028174492 0.0 0.021274133 0.0 0.02901406 0.032609858 0.0741387 0.0 0.0049760547 0.0010459581 0.013728137 0.0 0.0 0.0 0.059318256 0.0 0.0016643844 0.006101759 0.019569015 0.0018560753 0.084046744 0.102104984 0.002298258 0.018293934 0.0 0.016788816 0.0 0.061996166 0.0 0.026996588 0.0 0.0 0.0 0.04382767 0.01555266 0.012850767 0.090043604 0.044089463 0.004108077 0.0 0.0 0.0 0.015905377 0.0031131953 0.023625078 0.0005701283 0.029814657 0.0 0.09472867
0.0 0.0048827 0.0 0.006585701 0.011213623 0.0 0.012794959 0.040612184 0.007924022 0.016553845 0.033519007 0.0 0.014053456 0.0 0.04878383 0.034189936 0.037268262 0.0 0.0 0.039586417 0.053328086 0.0 0.0 0.014419214 0.03135832 0.0005412917 0.049263455 0.0 0.0 0.0 0.01944695 0.037952 0.008659544 0.004156532 0.0 0.039060455 0.06046362 0.030966885 0.011791468 0.012239267 0.042716965 1.5944952e-05 0.0597103 0.005458481 0.02168835 0.0 0.0 0.0 0.1051985 0.012070453 0.027069356 0.0 0.0 0.0 0.0 0.0
0.0 0.035285875 0.04446009 0.0 0.0 0.0 0.0 0.0 0.0 0.050998367 0.048379503 0.019971255 0.13386568 0.037027087 0.0 0.03398682 0.0 0.0 0.009668223 0.020015243 0.043551438 0.0 0.0 0.054427765 0.0 0.016562713 0.018055473 0.0 0.0 0.02369228 0.030188777 0.04290845 0.038413245 0.0 0.0027133955 0.02596487 0.0 0.00616654 0.052590124 0.0 0.0 0.0 0.0 0.0 0.012394704 0.05489631 0.0 0.1051985 0.0 0.004707401 0.010960583 0.0052888757 0.0 0.0 0.0 0.0
0.011213421 0.0 0.003922703 0.079149835 0.012167785 0.010377757 0.0054979646 0.006285786 0.030791443 0.021232013 0.037295833 0.0043810015 0.034321766 0.0 0.05009912 0.0 0.017834425 0.051419403 0.012474723 0.005407695 0.08449133 0.0 0.15823108 0.0053623496 0.0 0.0 0.0 0.025486229 0.0 0.0 0.031212838 0.0 0.018549772 0.09036747 0.0036786557 0.015326118 0.026264021 0.059396356 0.0 0.0 0.0 0.02239873 0.0023651635 0.0042963354 0.046817265 0.0 0.015905377 0.012070453 0.004707401 0.0 0.0013024007 0.033613395 0.0 0.0 0.0 0.0
0.044497438 0.0036464937 0.004466499 0.0051723267 0.0 0.04355517 0.09359384 0.0 0.016454447 0.0 0.0010854981 0.016678201 0.0 0.0038953987 0.05718891 0.031286344 0.01039881 0.03696072 0.08444734 0.027495148 0.032690935 0.048987027 0.0 0.02069448 0.034700993 0.062062997 0.027490314 0.0 0.0 0.018118737 0.019709907 0.0 0.023867218 0.005406415 0.0 0.0 0.0 0.023075383 0.015686776 0.018983828 0.020580454 0.0070047677 0.059690997 0.029925667 0.0 0.0 0.0031131953 0.027069356 0.010960583 0.0013024007 0.02801706 0.0 0.03059312 0.009348666 0.02817634 0.012474319
0.0 0.01903219 0.041273046 0.022454688 0.066548206 0.04276032 0.021157723 0.003106434 0.042547017 0.0 0.0 0.04468784 0.009575157 0.0 0.015471825 0.0 0.05315097 0.0 0.039705016 0.002832314 0.030660372 0.0 0.0 0.0 0.025093393 0.034348927 0.010102815 0.0 0.019142523 0.022281963 0.035683896 0.0 0.012620741 0.0 0.0 0.0 0.0 0.057220228 0.034211803 0.0020133066 0.04069407 0.021768566 0.019322447 0.06533495 0.0039693923 0.0005942673 0.023625076 0.0 0.005288876 0.033613395 0.0 0.0 0.05013579 0.006259363 0.0056190444 0.018144147
0.0 0.035544742 0.0040300246 0.0 0.015608892 0.0 0.0 0.030082442 0.0019840733 0.0424467 0.027059829 0.007867036 0.0055633774 0.0 0.0062804036 0.0 0.0 0.08282304 0.0 0.005863332 0.05801385 0.05423465 0.0006914896 0.028682841 0.0 0.0 0.017256644 0.035162058 0.04228366 0.0064676525 0.056422718 0.08229338 0.0 0.0 0.03610703 0.011546432 0.0 0.0010384332 0.017850408 0.0 0.0 0.0 0.011098392 0.001073716 0.04328146 0.032405593 0.0005701284 0.0 0.0 0.0 0.030593121 0.05013579 0.0479053 0.0 0.0008311582 0.007857926
0.0 0.015953625 0.037180733 0.0 0.0 0.012670969 0.023716433 0.008474474 0.042282518 0.017224133 0.0 0.0 0.0 0.034193177 0.0036457279 0.05386333 0.045701202 0.0 0.0002596265 0.026868265 0.0 0.035174467 0.017066134 0.004450554 0.0005102819 0.0 0.08878807 0.0 0.0 0.012107589 0.06697819 0.06244297 0.04102486 0.0017236527 0.0 0.02510539 0.05615702 0.050174467 0.08108795 0.0021169474 0.027505057 0.033825547 0.043270025 0.0 0.0 0.0 0.029814659 0.0 0.0 0.0 0.009348666 0.006259363 0.0 0.0 0.0 0.0
0.0 0.0 0.012285067 0.021978982 0.01276899 0.0 0.06631333 0.0138974255 0.006014647 0.0 0.021756265 0.0 0.0 0.0168016 0.026408114 0.028737787 0.019403262 0.020213453 0.021480454 0.05719094 0.0 0.0 0.005580134 0.00024152201 0.034142844 0.024945818 0.036216747 0.0 0.0 0.0 0.023844799 0.0068412754 0.07453937 0.03460583 0.0 0.0041731284 0.021231575 0.0 0.036594342 0.014812696 0.04595097 0.015959661 0.038644303 0.037268437 0.069814816 0.047429003 0.0 0.0 0.0 0.0 0.02817634 0.0056190444 0.0008311582 0.0 0.006956111 0.0
0.051111232 0.0 0.025250887 0.049756963 0.028634014 0.03152797 0.0 0.058392424 0.031411298 0.008493007 0.0 0.0 0.0 0.06416283 0.035066694 0.045278504 0.01773269 0.008552393 0.04865837 0.0 0.0 0.0 0.045094255 0.0 4.802057e-07 0.0 0.025547484 0.029936027 0.0 0.0 0.0 0.0 0.0 0.16861491 0.0029723062 0.007283434 0.026785806 0.010920625 0.015799984 0.026003739 0.0038245074 0.0 0.0 0.0 0.040433407 0.0 0.09472866 0.0 0.0 0.0 0.01247432 0.018144147 0.007857927 0.0 0.0 0.008424736
