0.0 0.0 0.0 0.0 0.0 0.0 0.03487513 0.09343324 0.0 0.0 0.0 0.0 0.0005693906 0.04220913 0.029184474 0.02613652 0.0334909 0.010347281 0.032188784 0.0 0.0 0.050736614 0.0 0.0 0.0 0.046463605 0.019972319 0.0 0.040039834 0.023850622 0.0 0.0 0.026313074 0.0 0.011874664 0.0 0.0 0.15242548 0.01765536 0.058521625 0.0053466423 0.026415836 0.0 0.023565948 0.0044750823 0.009958172 0.043223437 0.0 0.0 0.049178988 0.0 0.0 0.034376692 0.0 0.0 0.033442587
0.0 0.07650313 0.0 0.08003047 0.053638387 0.010098105 0.0 0.0 0.0 0.0 0.04113103 0.07169748 0.021255981 0.0012869365 0.0 0.015280433 0.0 0.0 0.09019598 0.09506753 0.0431184 0.026488107 0.03137852 0.0 0.07462612 0.0 0.0050841975 0.018017024 0.0 0.0 0.016697977 0.011148157 0.0 0.027574616 0.0 0.0 0.0 0.0 0.0 0.015275333 0.0 0.03877156 0.021252887 0.0 0.0 0.028873516 0.0024708984 0.0016508623 0.03289846 0.016939212 0.0 0.0 0.04026601 0.026412893 0.017291013 0.0
0.0 0.0 0.096322544 0.0 0.0 0.0 0.017576942 0.00487721 0.0 0.07454156 0.0 0.027794495 0.021091677 0.0 0.0 0.0 0.1272531 0.01561589 0.0 0.0 0.0 0.0021716096 0.053511072 0.0 0.009186646 0.0 0.03920173 0.0075198035 0.0 0.0035099222 0.0 0.0 0.0 0.0 0.057316963 0.006790467 0.028925264 0.0 0.032697853 0.017028462 0.030651947 0.050344314 0.0 0.008171159 0.0012606762 0.0 0.0 0.03368842 0.016370095 0.008422952 0.06602558 0.0 0.0 0.0 0.0 0.023750126
0.0 0.08003046 0.0 0.0 0.05135328 0.0 0.0 0.0 0.05380903 0.013052618 0.08775316 0.012203841 0.06316285 0.0 0.030747516 0.0 0.0 0.008141057 0.018928345 0.04819306 0.013641495 0.0 0.038222022 0.028490426 0.051302947 0.0 0.0 0.010740506 0.0 0.0 0.0 0.10496994 0.022547556 0.0034009588 0.02462687 0.016890172 0.0 0.020664714 0.0015990362 0.0014342045 0.0 0.0 0.031085422 0.0 0.033199962 0.0 0.0 0.02206815 0.00163657 0.0 0.03813525 0.0060051293 0.0 0.018122882 0.0 0.0
0.0 0.053638387 0.0 0.05135328 0.09243073 0.0 0.0 0.019301329 0.07282374 0.0 0.06298137 0.0154281575 0.029987842 0.0 0.0 0.0 0.0 0.004862119 0.030587299 0.0 0.0 0.0024689063 0.082418226 0.05043355 0.048431344 0.0 0.0 0.0 0.0 0.0029215754 0.007085872 0.034608793 0.03006676 0.049593095 0.01382859 0.07915439 0.0 0.0 0.0 0.0 0.012431816 0.008729877 0.028776595 0.0 0.0 0.023796463 0.01359512 0.10046754 0.07097357 0.0 0.05540389 0.0021497644 0.0 0.045624536 0.0027081422 0.0
0.0 0.010098105 0.0 0.0 0.0 0.0025333965 0.022866825 0.0 0.012193145 0.0 0.0 0.024914015 0.111028224 0.069410294 0.0 0.0 0.0 0.0 0.0 0.040271364 0.010890385 0.0 0.014488899 0.11346557 0.014754167 0.0 0.0 0.0 0.0 0.0 0.0 0.04987521 0.036606934 0.012620268 0.005123216 0.053536214 0.0 0.0 0.0 0.0006696006 0.022742247 0.0 0.035362422 0.0 0.0 0.010520152 0.0 0.0 0.0652987 0.0 0.013194863 0.039371025 0.0 0.07088315 0.0 0.0
0.03487513 0.0 0.017576944 0.0 0.0 0.022866825 0.0 0.0 0.0 0.0 0.024828983 0.013664503 0.036963977 0.05167188 0.0009144325 0.02733663 0.025565641 0.0 0.0 0.0 0.0 0.03473789 0.03529756 0.05155969 0.0 0.02266871 0.009438054 0.0 0.05343131 0.02363878 0.015446472 0.010317927 0.0 0.008787745 0.029019834 0.0 0.029738247 0.0 0.024788592 0.0 0.0069184573 0.041084383 0.0 0.061137684 0.0 0.00991722 0.0035390658 0.03583366 0.0 0.06353867 0.0 0.08209187 0.0 0.02773774 0.0 0.0611257
0.09343324 0.0 0.00487721 0.0 0.01930133 0.0 0.0 0.0 0.0 0.0014523647 0.0 0.009764068 0.0 0.070865735 0.0 0.003046047 0.0 0.021433007 0.013617836 0.0 0.0 0.016677711 0.0 0.0 0.016316257 0.048472747 0.0 0.041660447 0.058033146 0.0049194763 0.0 0.0 0.0 0.029986352 0.09310591 0.0 0.0 0.0 0.018348081 0.011253653 0.083237916 0.0 0.004286015 0.040927246 0.0 0.03721665 0.07329075 0.0 0.0 0.042404816 0.029084215 0.03011962 0.0 0.029676443 0.0004980455 0.008768085
0.0 0.0 0.0 0.053809028 0.07282374 0.012193145 0.0 0.0 0.0 0.0 0.057036754 0.0 0.020919697 0.0 0.035544164 0.026101304 0.0 0.0 0.058609065 0.0 0.0 0.0 0.008944943 0.029914146 0.09011953 0.013906551 0.0 0.0 0.0 0.0 0.011333397 0.098715276 0.037924837 0.0 0.0 0.015355549 0.0 0.0048554935 0.005062041 0.0 0.0056637274 0.0 0.0 0.0 0.0 0.017286096 0.004734226 0.0 0.17115422 0.0 0.018919501 0.0 0.0 0.0013749619 0.0 0.0
0.0 0.0 0.07454156 0.013052618 0.0 0.0 0.0 0.0014523646 0.0 0.0 0.0 0.016826566 0.0 0.025724554 0.036622517 0.06253668 0.0 0.0 0.056584977 0.012327722 0.0 0.02849446 0.0 0.017321447 0.025442662 0.07230264 0.06991684 0.011995489 0.052124478 0.009666178 0.0 0.0 0.024563072 0.0 0.0 0.048978996 0.014258704 0.0 0.0 0.0536463 0.0 0.0 0.0049773413 0.0 0.0091905175 0.061693504 0.0 0.035887584 0.020573502 0.0 0.0 0.0 0.02381173 0.02243163 0.0 0.0
0.0 0.04113103 0.0 0.08775316 0.06298137 0.0 0.024828983 0.0 0.057036754 0.0 0.09548409 0.0 0.00068378483 0.0 0.0 0.025890814 0.0038891232 0.025244437 0.0 0.0 0.0 0.004346777 0.022347294 0.022281874 0.12948705 0.0 0.0 0.0 0.0 0.0 0.0012051925 0.09292778 0.014371531 0.011683301 0.0 0.06208469 0.0 0.0 0.0 0.0 0.008274588 0.0 0.0 0.0 0.0 0.082437485 0.0 0.05422385 0.044489183 0.0 0.0 0.0 0.0 0.0 0.0 0.0
0.0 0.07169748 0.027794495 0.012203841 0.0154281575 0.024914017 0.013664503 0.009764068 0.0 0.016826568 0.0 0.0 0.019904016 0.04717773 0.0 0.02724646 0.009123156 0.036854945 0.06036913 0.0 0.01432953 0.0 0.0 0.013947479 0.0 0.006864176 0.049922127 0.0039031967 0.0 0.0 0.0 0.0 0.007997907 0.042810563 0.0 0.017786404 0.04450933 0.0 0.0 0.006127966 0.03130352 0.0 0.0 0.0 0.0 0.0 0.0 0.03356282 0.020359932 0.014780047 0.0 0.0056763883 0.0 0.0 0.01601419 0.04239386
0.0005693906 0.021255981 0.02109168 0.063162856 0.02998784 0.111028224 0.036963977 0.0 0.020919697 0.0 0.00068378483 0.019904017 0.015631061 0.0039255824 0.052924007 0.0 0.026612552 0.0 0.05435142 0.07006612 0.03476841 0.034099374 0.0 0.009157297 0.022237245 0.0 0.0 0.0 0.0 0.0044779764 0.034051597 0.0305365 0.01180357 0.007946541 0.0 0.0 0.006146989 0.06598451 0.0143580735 0.013188295 0.0 0.04391437 0.030607706 0.0 0.019243546 0.017679647 0.028287675 0.0 0.054225232 0.0053704428 0.0 0.0 0.02880121 0.035416145 0.0 0.0
0.04220913 0.0012869365 0.0 0.0 0.0 0.069410294 0.051671885 0.070865735 0.0 0.025724556 0.0 0.047177725 0.0039255824 0.0 0.0052989502 0.025698112 0.013598317 0.01656443 0.0 0.0 0.0 0.0086894315 0.0 0.0 0.0 0.0040139244 0.0 0.09927917 0.07060317 0.027143678 0.0023273875 0.0 0.001727395 0.013326142 0.021780815 0.0 0.06372703 0.079629056 0.05551307 0.07482223 0.018050482 0.0 0.04485225 0.0027885933 0.012354939 0.0 0.022334691 0.0 0.016329447 0.015398949 0.00056142535 0.0 0.035425376 0.02212403 0.056678258 0.036831122
0.029184476 0.0 0.0 0.030747518 0.0 0.0 0.00091443246 0.0 0.035544164 0.036622513 0.0 0.0 0.052924007 0.00529895 0.0 0.0 0.0 0.0 0.0 0.0 0.0 0.0 0.06184808 0.092638455 0.0 0.0 0.0 0.0 0.0 0.0 0.0 0.0074287257 0.006839599 0.022804199 0.01857697 0.073913366 0.0043797605 0.0 0.0 0.0 0.012436036 0.021559488 0.00302608 0.0 0.101439215 0.0 0.0 0.03305202 0.027276352 0.002288024 0.11931039 0.011961624 0.0 0.022305233 0.014532626 0.0
0.026136518 0.015280434 0.0 0.0 0.0 0.0 0.02733663 0.0030460467 0.026101302 0.06253668 0.025890814 0.02724646 0.0 0.025698114 0.0 0.0 0.0 0.019814638 0.04260959 0.0 0.0 0.0 0.098725595 0.028419986 0.0 0.0 0.0 0.0 0.0 0.0 0.0 0.0 0.009676203 0.058974944 0.081524946 0.03840415 0.039142843 0.0 0.0 0.0 0.079755574 0.0 0.0 0.0 0.056885734 0.022776937 0.0 0.0 0.0 0.019232955 0.00558803 0.0061420496 0.0 0.0 0.0 0.0
0.0334909 0.0 0.1272531 0.0 0.0 0.0 0.025565641 0.0 0.0 0.0 0.003889123 0.009123156 0.026612552 0.013598316 0.0 0.0 0.14692153 0.034258664 0.0 0.0 0.035453055 0.008332927 0.0 0.0 0.0 0.0 0.0 0.0 0.033279147 0.025006343 0.008342049 0.0 0.0 0.024893293 0.0042673885 0.0 0.0 0.0 0.0 0.03945015 0.0054120035 0.024442472 0.019306893 0.035545792 0.058202602 0.036294412 0.04639433 0.0 0.0 0.034779865 0.0 0.0 0.005384712 0.041637205 0.0 0.11276143
0.010347282 0.0 0.015615889 0.008141057 0.004862119 0.0 0.0 0.021433007 0.0 0.0 0.025244437 0.03685495 0.0 0.01656443 0.0 0.019814638 0.034258664 0.0 0.0 0.0 0.0 0.0 0.0 0.055243235 0.0001624871 0.0 0.010148238 0.024940535 0.0659627 0.01896187 0.05744838 0.0 0.0047324137 0.023781097 0.0 0.0 0.044349413 0.0 0.005609187 0.0 0.11887793 0.030267179 0.0 0.11302201 0.0 0.020641783 0.0 0.0 0.0 0.0 0.00931463 0.0024817379 0.0 0.026653364 0.022491463 0.0
0.032188784 0.09019598 0.0 0.018928345 0.030587303 0.0 0.0 0.013617837 0.058609065 0.056584977 0.0 0.060369134 0.05435142 0.0 0.0 0.04260959 0.0 0.0 0.035762 0.0 0.0 0.0 0.057774328 0.027268361 0.12748136 0.0 0.0 0.0 0.0 0.0 0.0 0.0 0.014239594 0.020369893 0.013213109 0.050555944 0.0244389 0.0 0.0 0.0 0.0 0.0 0.002768334 0.029301386 0.04455799 0.022585927 0.0 0.0 0.02947109 0.0038303891 0.040365703 0.011201496 0.0049711387 0.010061444 0.012090563 0.007409913
0.0 0.09506753 0.0 0.04819306 0.0 0.040271364 0.0 0.0 0.0 0.012327722 0.0 0.0 0.07006611 0.0 0.0 0.0 0.0 0.0 0.0 0.0 0.0 0.0 0.0 0.047577113 0.0 0.0 0.0 0.0 0.0 0.0 0.030704241 0.0048930934 0.057189662 0.0539221 0.0 0.040479805 0.0 0.0 0.0 0.0 0.012114146 0.0 0.051559586 0.062264983 0.031598292 0.0 0.0 0.017148485 0.07065445 0.0 0.08503254 0.01709555 0.00823661 0.09805005 0.00044019223 0.005650555
0.0 0.043118395 0.0 0.013641494 0.0 0.010890385 0.0 0.0 0.0 0.0 0.0 0.01432953 0.034768414 0.0 0.0 0.0 0.03545305 0.0 0.0 0.0 0.0 0.010500947 0.021760711 0.036354087 0.06555345 0.0 0.0 0.0 0.041352384 0.0 0.0 0.0 0.040380556 0.0 0.031886965 0.0596976 0.0 0.0 0.0 0.0 0.044986475 0.014941972 0.0 0.038000595 0.01775697 0.017542543 0.0 0.019247022 0.0 0.0 0.10701655 0.0072078304 0.0 0.14397687 0.0031838578 0.0063692243
0.050736614 0.026488109 0.0021716096 0.0 0.0024689063 0.0 0.034737892 0.016677711 0.0 0.028494459 0.0043467777 0.0 0.034099374 0.0086894315 0.0 0.0 0.008332928 0.0 0.0 0.0 0.010500947 0.0 0.0 0.018231122 0.0 0.0 0.017670771 0.018533213 0.026032396 0.0 0.01569908 0.0 0.0 0.0 0.03232668 0.0 0.09110587 0.054444745 0.0070881266 0.021304758 0.026597157 0.022327175 0.019309228 0.0 0.090686545 0.0 0.055528276 0.0 0.0 0.009330874 0.029477226 0.07217308 0.0 0.0015028262 0.022005215 0.02913542
0.0 0.03137852 0.053511072 0.03822202 0.082418226 0.0144889 0.03529756 0.0 0.008944942 0.0 0.022347294 0.0 0.0 0.0 0.06184808 0.098725595 0.0 0.0 0.057774328 0.0 0.02176071 0.0 0.01574386 0.033090506 0.022860901 0.0 0.0 0.012247138 0.0 0.0034520857 0.07306117 0.043293577 0.0 0.012736456 0.0 0.029372737 0.01626063 0.03588642 0.010746171 0.026140498 0.0 0.0 0.036174234 0.008683148 0.018185167 0.020688053 0.0 0.0 0.0 0.0 0.0 0.007140127 0.07022061 0.0 0.0 0.0
0.0 0.0 0.0 0.028490426 0.05043355 0.11346557 0.051559687 0.0 0.029914146 0.017321447 0.022281874 0.013947479 0.009157297 0.0 0.09263845 0.028419985 0.0 0.05524323 0.027268363 0.047577113 0.036354087 0.01823112 0.033090506 0.0 0.0 0.0070817852 0.043504074 0.0051890644 0.0277308 0.008546136 0.018841263 0.065690316 0.0005776162 0.0 0.0 0.0 0.0 0.0 0.063898854 0.025093244 0.0057504824 0.0 0.0067059686 0.005677717 0.009541476 0.020142464 0.020795725 0.035200357 0.024643328 0.0 0.0 0.0 0.05432522 0.0 0.0 0.0
0.0 0.07462612 0.009186646 0.051302947 0.04843134 0.014754168 0.0 0.01631626 0.09011953 0.025442664 0.12948704 0.0 0.022237243 0.0 0.0 0.0 0.0 0.00016248708 0.12748136 0.0 0.06555346 0.0 0.022860903 0.0 0.0 0.0050209323 0.0 0.0 0.0 0.022483276 0.05530237 0.015309696 0.043557845 0.0 0.011602201 0.0 0.0 0.0 0.0 0.0 0.0 0.0 0.0 0.0 0.0 0.0 0.0 0.0 0.04873292 0.0 0.049814112 0.0 0.0 0.0 0.0 0.0
0.046463605 0.0 0.0 0.0 0.0 0.0 0.02266871 0.048472747 0.013906551 0.07230263 0.0 0.006864176 0.0 0.0040139244 0.0 0.0 0.0 0.0 0.0 0.0 0.0 0.0 0.0 0.007081785 0.0050209323 0.0 0.03076691 0.03203667 0.0073723234 0.036786817 0.026520846 0.0 0.010843098 0.0 0.047660988 0.0 0.04193085 0.0 0.10763463 0.06819192 0.035655502 0.0 0.0 0.030384123 0.050769918 0.0 0.054769285 0.0 0.0 0.0831342 0.0 0.025096023 0.0 0.0292703 0.0732093 0.07109414
0.019972319 0.0050841975 0.03920173 0.0 0.0 0.0 0.009438054 0.0 0.0 0.069916844 0.0 0.049922127 0.0 0.0 0.0 0.0 0.0 0.010148238 0.0 0.0 0.0 0.017670771 0.0 0.043504074 0.0 0.030766912 0.0 0.058402672 0.025640912 0.0 0.005235817 0.0 0.01393722 0.08265402 0.07020501 0.0 0.0 0.0 0.030287541 0.0 0.028363472 0.0035584655 0.047667958 0.0958644 0.03207882 0.0 0.014147274 0.0 0.0 0.0135264015 0.054770585 0.05651088 0.0 0.029055836 0.03164096 0.086247794
0.0 0.018017024 0.007519803 0.010740507 0.0 0.0 0.0 0.041660447 0.0 0.011995489 0.0 0.0039031967 0.0 0.09927917 0.0 0.0 0.0 0.024940534 0.0 0.0 0.0 0.018533213 0.012247138 0.0051890644 0.0 0.03203667 0.058402672 0.08352305 0.007157617 0.042701636 0.014041969 0.0 0.0 0.0 0.0 0.0 0.024839694 0.013384634 0.07714504 0.06337189 0.028319828 0.0 0.0039609163 0.0 0.0 0.0 0.047378127 0.0 0.0 0.04343001 0.0 0.0 0.010177187 0.039137326 0.0012202852 0.0
0.040039834 0.0 0.0 0.0 0.0 0.0 0.053431313 0.058033142 0.0 0.052124474 0.0 0.0 0.0 0.07060317 0.0 0.0 0.033279147 0.0659627 0.0 0.0 0.041352384 0.026032394 0.0 0.0277308 0.0 0.007372323 0.02564091 0.007157617 0.0 0.06309992 0.0 0.0 0.011171627 0.0072741196 0.01349506 0.0 0.001689571 0.0 0.008617613 0.08976835 0.0 0.008892389 0.0 0.051889624 0.01047193 0.0025437647 0.047215413 0.028245894 0.0 0.07760881 0.0 0.034038547 0.0 0.0 0.0 0.109026074
0.023850624 0.0 0.0035099222 0.0 0.0029215754 0.0 0.023638781 0.004919476 0.0 0.009666178 0.0 0.0 0.0044779764 0.02714368 0.0 0.0 0.025006345 0.018961867 0.0 0.0 0.0 0.0 0.003452086 0.008546136 0.022483276 0.03678682 0.0 0.042701636 0.06309992 0.008883308 0.021503864 0.0 0.0 0.0 0.04382646 0.031312864 0.02860849 0.0 0.014312173 0.029675987 0.018528685 0.083667 0.033997193 0.010951413 0.01413443 0.0 0.0 0.045931194 0.0 0.044807266 0.008065146 0.09451985 0.0 0.006867089 0.037113655 0.048227392
0.0 0.016697975 0.0 0.0 0.007085872 0.0 0.015446471 0.0 0.011333397 0.0 0.0012051925 0.0 0.034051597 0.0023273875 0.0 0.0 0.008342049 0.057448383 0.0 0.03070424 0.0 0.01569908 0.07306117 0.018841263 0.05530237 0.026520846 0.005235817 0.014041969 0.0 0.021503864 0.0 0.003005029 0.117902294 0.09568388 0.013315342 0.038930636 0.0 0.0 0.0 0.0 0.012548994 0.002642509 0.038625184 0.0 0.0 0.0 0.008781005 0.00485392 0.08120262 0.0 0.033578053 0.044376705 0.0 0.063774474 0.018268855 0.0030606992
0.0 0.011148157 0.0 0.10496994 0.034608793 0.04987521 0.010317927 0.0 0.098715276 0.0 0.09292778 0.0 0.0305365 0.0 0.0074287253 0.0 0.0 0.0 0.0 0.0048930934 0.0 0.0 0.043293577 0.065690316 0.015309697 0.0 0.0 0.0 0.0 0.0 0.003005029 0.13987496 0.0019799273 0.06536272 0.0 0.03182882 0.0 0.0 0.0 0.0 0.0 0.0 0.035509985 0.0 0.034740675 0.0 0.006426842 0.0061579887 0.042201374 0.0 0.1105297 0.0 0.0053639687 0.037119765 0.0 0.0
0.026313072 0.0 0.0 0.022547554 0.03006676 0.036606938 0.0 0.0 0.037924837 0.024563072 0.014371532 0.007997907 0.01180357 0.001727395 0.006839599 0.009676203 0.0 0.0047324137 0.014239595 0.057189666 0.04038056 0.0 0.0 0.0005776162 0.043557845 0.010843098 0.013937221 0.0 0.011171627 0.0 0.11790229 0.0019799273 0.09185073 0.021377884 0.0 0.022942265 0.03772631 0.011369557 0.03122431 0.0 0.0 0.011324956 0.026088575 0.0 0.012899965 0.022346428 0.0 0.06548985 0.008675723 0.015611275 0.007821356 0.049079105 0.0 0.0 0.036741216 0.0
0.0 0.027574616 0.0 0.0034009588 0.049593095 0.012620268 0.008787746 0.029986354 0.0 0.0 0.011683301 0.04281056 0.007946541 0.013326142 0.022804199 0.05897494 0.024893293 0.023781095 0.020369893 0.0539221 0.0 0.0 0.012736456 0.0 0.0 0.0 0.082654014 0.0 0.0072741196 0.0 0.09568388 0.06536272 0.021377884 0.0 0.02347509 0.0 0.03144649 0.10889456 0.017348912 0.0 0.0 0.014283754 0.018717533 0.0 0.0 0.0 0.03291825 0.027531235 0.0 0.0022018908 0.0 0.0 0.022739105 0.0036630195 0.041801903 0.0
0.011874664 0.0 0.057316963 0.024626872 0.01382859 0.005123216 0.029019834 0.093105905 0.0 0.0 0.0 0.0 0.0 0.021780815 0.018576972 0.081524946 0.004267388 0.0 0.013213109 0.0 0.031886965 0.03232668 0.0 0.0 0.011602201 0.047660988 0.07020501 0.0 0.01349506 0.04382646 0.013315342 0.0 0.0 0.02347509 0.0 0.0 0.0047581545 0.013483203 0.008698119 0.02043546 0.0043897545 0.06931828 0.012929291 0.06258152 0.0 0.0 0.053300317 0.047746036 0.0 0.07432091 0.0073032295 0.0 0.07773708 0.0016716484 0.0 0.0
0.0 0.0 0.0067904675 0.016890174 0.079154395 0.053536218 0.0 0.0 0.015355549 0.048978996 0.06208469 0.017786406 0.0 0.0 0.073913366 0.03840415 0.0 0.0 0.050555944 0.040479805 0.059697594 0.0 0.029372735 0.0 0.0 0.0 0.0 0.0 0.0 0.031312864 0.038930636 0.03182882 0.022942264 0.0 0.0 0.045571595 0.03466909 0.0 0.0 0.0 0.029810742 0.0 0.0 0.0 0.0 0.033131737 0.017069016 0.0 0.043048367 0.0 0.03609438 0.0025336698 0.0 0.0042820526 0.0 0.0
0.0 0.0 0.028925262 0.0 0.0 0.0 0.029738246 0.0 0.0 0.014258704 0.0 0.04450933 0.006146989 0.06372703 0.0043797605 0.039142843 0.0 0.044349413 0.0244389 0.0 0.0 0.09110587 0.01626063 0.0 0.0 0.04193085 0.0 0.024839694 0.001689571 0.02860849 0.0 0.0 0.037726305 0.03144649 0.0047581545 0.03466909 0.0 0.03301938 0.0 0.061312992 0.07469055 0.018632913 0.0 0.009534552 0.0 0.038503516 0.0 0.0 0.029709488 0.022412399 0.0 0.0 0.045735292 0.010557189 0.011557605 0.0
0.15242548 0.0 0.0 0.020664714 0.0 0.0 0.0 0.0 0.0048554935 0.0 0.0 0.0 0.06598451 0.079629056 0.0 0.0 0.0 0.0 0.0 0.0 0.0 0.05444474 0.03588642 0.0 0.0 0.0 0.0 0.013384634 0.0 0.0 0.0 0.0 0.011369558 0.10889456 0.013483203 0.0 0.03301938 0.0 0.0 0.0 0.12224786 0.0 0.0006269677 0.0 0.053692505 0.0 0.0 0.030331 0.03768675 0.0 0.026881058 0.054866236 0.0034709326 0.011113908 0.0 0.0
0.01765536 0.0 0.032697853 0.0015990363 0.0 0.0 0.024788592 0.018348081 0.0050620413 0.0 0.0 0.0 0.014358073 0.05551307 0.0 0.0 0.0 0.005609187 0.0 0.0 0.0 0.0070881266 0.010746171 0.063898854 0.0 0.107634634 0.030287541 0.07714504 0.0086176125 0.014312173 0.0 0.0 0.031224307 0.017348912 0.008698119 0.0 0.0 0.0 0.015354986 0.056466956 0.0 0.0 0.0 0.0 0.044063814 0.0064338357 0.0 0.019239241 0.0 0.020083671 0.04650299 0.1366866 0.0 0.0 0.028597696 0.015935542
0.058521625 0.015275334 0.017028462 0.0014342044 0.0 0.0006696006 0.0 0.011253653 0.0 0.0536463 0.0 0.006127966 0.013188295 0.074822225 0.0 0.0 0.039450146 0.0 0.0 0.0 0.0 0.021304756 0.026140498 0.025093246 0.0 0.06819192 0.0 0.06337189 0.08976835 0.029675985 0.0 0.0 0.0 0.0 0.02043546 0.0 0.061312992 0.0 0.056466956 0.048518524 0.048065234 0.0 0.006304101 0.0029334456 0.013872871 0.0 0.0 0.0 0.0 0.056455918 0.0 0.04325486 0.0 0.013108888 0.018771434 0.06434966
0.0053466423 0.0 0.030651947 0.0 0.012431815 0.02274225 0.0069184573 0.08323791 0.0056637274 0.0 0.008274589 0.03130352 0.0 0.018050482 0.012436035 0.07975558 0.0054120035 0.118877925 0.0 0.012114147 0.04498648 0.026597155 0.0 0.005750482 0.0 0.035655502 0.028363472 0.028319828 0.0 0.018528685 0.012548994 0.0 0.0 0.0 0.0043897545 0.029810742 0.07469055 0.12224786 0.0 0.048065234 0.0 0.0 0.041549806 0.0 0.0 0.03246617 0.046015672 0.0 0.0 0.0 0.0115196 0.010958176 0.0 0.0 0.023980869 0.0
0.026415838 0.03877156 0.05034432 0.0 0.008729877 0.0 0.041084386 0.0 0.0 0.0 0.0 0.0 0.04391437 0.0 0.021559488 0.0 0.02444247 0.03026718 0.0 0.0 0.014941973 0.022327175 0.0 0.0 0.0 0.0 0.0035584655 0.0 0.00889239 0.083667 0.002642509 0.0 0.011324955 0.014283755 0.06931828 0.0 0.018632913 0.0 0.0 0.0 0.0 0.095252305 0.0 0.0 0.04078309 0.010360499 0.008642339 0.010038231 0.004662289 0.021603556 0.016661866 0.0 0.0 0.0 0.029388128 0.053613566
0.0 0.021252887 0.0 0.031085422 0.028776597 0.035362422 0.0 0.004286015 0.0 0.004977341 0.0 0.0 0.03060771 0.04485225 0.00302608 0.0 0.019306893 0.0 0.002768334 0.051559586 0.0 0.019309228 0.03617423 0.0067059686 0.0 0.0 0.047667954 0.0039609163 0.0 0.033997193 0.03862518 0.035509985 0.026088577 0.018717533 0.0129292905 0.0 0.0 0.0006269677 0.0 0.0063041016 0.04154981 0.0 0.12538846 0.016839132 0.0 0.0 0.015980456 0.0 0.05461642 0.0 0.028570317 0.0 0.030343534 0.027001884 0.0 0.0
0.023565948 0.0 0.008171158 0.0 0.0 0.0 0.061137687 0.04092725 0.0 0.0 0.0 0.0 0.0 0.002788593 0.0 0.0 0.035545792 0.11302201 0.029301386 0.062264983 0.038000595 0.0 0.008683148 0.005677717 0.0 0.030384123 0.09586441 0.0 0.05188962 0.010951413 0.0 0.0 0.0 0.0 0.06258152 0.0 0.009534552 0.0 0.0 0.0029334456 0.0 0.0 0.016839132 0.0 0.0034477091 0.028381776 0.075456 0.0 0.0 0.0 0.0 0.020143582 0.038961343 0.010003977 0.060369194 0.0
0.0044750823 0.0 0.0012606762 0.033199966 0.0 0.0 0.0 0.0 0.0 0.0091905175 0.0 0.0 0.019243546 0.012354939 0.101439215 0.05688573 0.058202606 0.0 0.04455799 0.031598292 0.01775697 0.090686545 0.018185167 0.009541476 0.0 0.050769918 0.03207882 0.0 0.010471931 0.014134431 0.0 0.03474068 0.012899965 0.0 0.0 0.0 0.0 0.053692505 0.04406381 0.013872872 0.0 0.04078309 0.0 0.0034477091 0.0 0.0054920083 0.061430164 0.0 0.0 0.0 0.0 0.0 0.13847701 0.0 0.0008102602 0.0
0.009958172 0.028873514 0.0 0.0 0.023796463 0.010520152 0.00991722 0.03721665 0.017286098 0.061693504 0.08243749 0.0 0.017679647 0.0 0.0 0.022776937 0.036294412 0.020641783 0.022585927 0.0 0.017542543 0.0 0.020688053 0.020142466 0.0 0.0 0.0 0.0 0.0025437647 0.0 0.0 0.0 0.02234643 0.0 0.0 0.033131737 0.03850352 0.0 0.0064338357 0.0 0.03246617 0.010360499 0.0 0.028381774 0.0054920088 0.0 0.0044184066 0.0942366 0.0 0.0 0.052824076 0.0 0.017031638 0.0029584598 0.0 0.0
0.043223437 0.0024708984 0.0 0.0 0.01359512 0.0 0.003539066 0.07329075 0.004734226 0.0 0.0 0.0 0.028287673 0.02233469 0.0 0.0 0.046394326 0.0 0.0 0.0 0.0 0.05552828 0.0 0.020795725 0.0 0.054769285 0.014147273 0.047378127 0.047215413 0.0 0.008781004 0.006426842 0.0 0.03291825 0.053300317 0.017069016 0.0 0.0 0.0 0.0 0.046015672 0.008642339 0.015980456 0.07545599 0.061430164 0.004418406 0.0 0.0 0.0 0.01849227 0.0 0.04405651 0.0042602103 0.014187311 0.108761236 0.0912145
0.0 0.0016508624 0.033688415 0.02206815 0.10046754 0.0 0.03583366 0.0 0.0 0.035887584 0.05422385 0.03356282 0.0 0.0 0.03305202 0.0 0.0 0.0 0.0 0.017148485 0.019247022 0.0 0.0 0.03520036 0.0 0.0 0.0 0.0 0.028245894 0.045931194 0.00485392 0.0061579887 0.06548985 0.027531235 0.04774604 0.0 0.0 0.030331 0.019239243 0.0 0.0 0.01003823 0.0 0.0 0.0 0.094236605 0.0 0.0 0.0 0.021081172 0.0 0.0048116613 0.04055046 0.019859193 0.021448346 0.0
0.0 0.03289846 0.016370095 0.0016365701 0.070973575 0.06529871 0.0 0.0 0.17115422 0.020573502 0.044489183 0.020359932 0.054225232 0.016329447 0.027276354 0.0 0.0 0.0 0.02947109 0.07065445 0.0 0.0 0.0 0.024643328 0.048732925 0.0 0.0 0.0 0.0 0.0 0.08120261 0.042201374 0.008675722 0.0 0.0 0.043048367 0.029709486 0.03768675 0.0 0.0 0.0 0.004662289 0.054616425 0.0 0.0 0.0 0.0 0.0 0.0 0.0 0.041142244 0.0 0.0 0.0 0.026659288 0.004153406
0.049178988 0.016939212 0.008422952 0.0 0.0 0.0 0.06353866 0.04240482 0.0 0.0 0.0 0.014780048 0.0053704423 0.015398948 0.002288024 0.019232957 0.03477987 0.0 0.0038303891 0.0 0.0 0.009330874 0.0 0.0 0.0 0.0831342 0.0135264015 0.043430015 0.07760881 0.044807266 0.0 0.0 0.015611275 0.0022018906 0.07432091 0.0 0.022412399 0.0 0.020083671 0.05645592 0.0 0.021603556 0.0 0.0 0.0 0.0 0.01849227 0.021081172 0.0 0.06347147 0.0 0.035120863 0.0 0.0 0.07373728 0.11516526
0.0 0.0 0.066025585 0.03813525 0.05540389 0.013194863 0.0 0.029084215 0.0189195 0.0 0.0 0.0 0.0 0.00056142535 0.11931039 0.0055880295 0.0 0.009314629 0.040365703 0.08503253 0.10701655 0.029477226 0.0 0.0 0.04981411 0.0 0.05477059 0.0 0.0 0.008065145 0.033578057 0.1105297 0.007821356 0.0 0.0073032295 0.036094382 0.0 0.026881058 0.04650299 0.0 0.011519601 0.016661866 0.028570315 0.0 0.0 0.052824073 0.0 0.0 0.041142244 0.0 0.0 0.0 0.03880802 0.009237794 0.0 0.0
0.0 0.0 0.0 0.0060051293 0.0021497644 0.03937102 0.08209186 0.03011962 0.0 0.0 0.0 0.005676388 0.0 0.0 0.011961625 0.00614205 0.0 0.0024817376 0.011201496 0.01709555 0.00720783 0.07217309 0.0071401265 0.0 0.0 0.025096023 0.056510873 0.0 0.034038547 0.09451985 0.044376705 0.0 0.049079105 0.0 0.0 0.0025336698 0.0 0.054866232 0.13668661 0.04325486 0.010958176 0.0 0.0 0.020143582 0.0 0.0 0.04405651 0.0048116613 0.0 0.035120863 0.0 0.0 0.07393929 0.009616791 0.0 0.0
0.034376692 0.04026601 0.0 0.0 0.0 0.0 0.0 0.0 0.0 0.02381173 0.0 0.0 0.028801208 0.035425376 0.0 0.0 0.005384712 0.0 0.0049711387 0.00823661 0.0 0.0 0.07022061 0.054325223 0.0 0.0 0.0 0.010177187 0.0 0.0 0.0 0.0053639687 0.0 0.022739105 0.07773708 0.0 0.045735292 0.0034709328 0.0 0.0 0.0 0.0 0.030343534 0.038961343 0.13847701 0.017031638 0.0042602103 0.04055046 0.0 0.0 0.03880802 0.07393929 0.0 0.0 0.098388866 0.078530885
0.0 0.026412893 0.0 0.018122884 0.045624536 0.07088314 0.027737739 0.029676445 0.0013749619 0.022431633 0.0 0.0 0.035416145 0.02212403 0.022305233 0.0 0.04163721 0.026653364 0.010061444 0.09805005 0.14397687 0.0015028262 0.0 0.0 0.0 0.029270299 0.029055834 0.039137326 0.0 0.0068670884 0.063774474 0.037119765 0.0 0.0036630193 0.0016716485 0.0042820526 0.010557189 0.011113909 0.0 0.013108887 0.0 0.0 0.027001882 0.0100039765 0.0 0.0029584598 0.014187313 0.019859195 0.0 0.0 0.009237794 0.009616792 0.0 0.0043559386 0.006640863 0.0
0.0 0.017291013 0.0 0.0 0.002708142 0.0 0.0 0.0004980455 0.0 0.0 0.0 0.016014189 0.0 0.056678258 0.014532626 0.0 0.0 0.02249146 0.012090563 0.00044019223 0.0031838578 0.022005215 0.0 0.0 0.0 0.0732093 0.03164096 0.0012202851 0.0 0.037113655 0.018268855 0.0 0.036741216 0.041801907 0.0 0.0 0.011557604 0.0 0.028597696 0.018771432 0.02398087 0.02938813 0.0 0.060369194 0.0008102602 0.0 0.10876124 0.021448346 0.026659286 0.073737286 0.0 0.0 0.09838887 0.006640863 0.0 0.0
0.033442587 0.0 0.023750126 0.0 0.0 0.0 0.0611257 0.008768085 0.0 0.0 0.0 0.04239386 0.0 0.036831122 0.0 0.0 0.11276143 0.0 0.007409914 0.0056505543 0.0063692243 0.02913542 0.0 0.0 0.0 0.07109414 0.086247794 0.0 0.109026074 0.048227392 0.0030606994 0.0 0.0 0.0 0.0 0.0 0.0 0.0 0.015935542 0.06434966 0.0 0.053613566 0.0 0.0 0.0 0.0 0.0912145 0.0 0.004153406 0.11516526 0.0 0.0 0.078530885 0.0 0.0 0.02800968
