0.0 0.0 0.0 0.0016962134 0.0 0.07708256 0.025523657 0.052193046 0.0 0.0113897165 0.039003823 0.0 0.022735406 0.031632286 0.057849955 0.0 0.0 0.00296379 0.0 0.0 0.0 0.0055314577 0.03719627 0.0 0.00812332 0.023154799 0.047702014 0.12140103 0.06834997 0.0 0.0 0.018447312 0.019707177 0.039212923 0.008211729 0.0 0.0 0.072052315 0.011253115 0.007119144 0.01790477 0.0 0.0 0.026306044 0.034961563 0.024497315 0.0 0.016309924 0.0 0.014738092 0.0 0.06549913 0.0 0.011283568 0.0 0.0
0.0 0.0 0.04218298 0.008753903 0.011208314 0.0058762794 0.03579122 0.0042768596 0.0 0.0 0.022192499 0.10271596 0.0203003 0.0 0.0 0.0 0.0514658 0.024448186 0.018822182 0.069696106 0.011489299 0.043052737 0.0 0.0 0.04594231 0.0 0.0 0.0 0.028174961 0.03460617 0.026726758 0.032287758 0.0 0.013895854 0.0 0.04862087 0.0 0.0 0.03839923 0.009070725 0.0066781566 0.02913511 0.031791124 0.07566874 0.030614233 0.01737995 0.0 0.0 0.035556495 0.02872356 0.0 0.0 0.09429199 0.0 0.0 0.0
0.0 0.042182975 0.014817324 0.09324097 0.114849165 0.019298125 0.0 0.00841817 0.06252845 0.049518783 0.01650898 0.0 0.042710323 0.00011041216 0.0 0.061427627 0.0 0.023297785 0.059418127 0.0 0.0 0.01951007 0.011868554 0.03047281 0.0 0.009198725 0.014330846 0.015776835 0.0 0.020791106 0.0 0.02859759 0.0021871692 0.0 0.0 0.0 0.0 0.0 0.02814804 0.0 0.0090208575 0.021438405 0.054394744 0.0 0.021895712 0.0 0.0 0.045920808 0.021863146 0.0 0.008733396 0.035591364 0.022740526 0.0 0.002926098 0.0
0.0016962134 0.008753903 0.09324097 0.0 0.05211692 0.03293679 0.0 0.0 0.016177792 0.0 0.009367393 0.0038807616 0.0 0.0 0.0 0.009225347 0.0 0.045803644 0.0 0.05876791 0.007349621 0.019473415 0.0 0.0 0.009334984 0.0 0.0 0.0 0.0 0.019866154 0.0658618 0.02710488 0.0 0.0 0.0 0.06727814 0.0078071584 0.010266914 0.0 0.0 0.0 0.025793975 0.04795676 0.00085995824 0.017884629 0.04579908 0.081806354 0.009515496 0.024333281 0.0013815433 0.008330649 0.0032953986 0.106125884 0.008334879 0.0 0.0
0.0 0.011208314 0.114849165 0.05211692 0.0 0.0 0.0 0.0 0.020228956 0.0 0.0 0.038386974 0.0 0.0 0.0 0.0 0.0 0.07464358 0.0 0.05205752 0.0 0.08386678 0.0 0.0 0.0 0.0 0.0 0.0 0.0 0.0 0.06350167 0.023053393 0.0 0.008879189 0.0 0.04856463 0.0 0.0 0.0 0.014607559 0.0030558058 0.043293398 0.08938877 0.09185495 0.009776521 0.0 0.007967392 0.0 0.0 0.0 0.0027457993 0.0 0.1406831 0.009547038 0.0 0.0
0.07708256 0.0058762794 0.019298125 0.03293679 0.0 0.0 0.0 0.009656694 0.030222477 0.0 0.0 0.058780402 0.0 0.010816018 0.0050220876 0.013899736 0.008488235 0.0032147858 0.0 0.0 0.0 0.031135293 0.0 0.074132346 0.0 0.027417304 0.020574067 0.0 0.0 0.012854705 0.0 0.0020317235 0.0 0.0010754218 0.046725664 0.020892337 0.0 0.0054555302 0.0 0.058712807 0.015052615 0.0037144714 0.011370551 0.034324557 0.015251969 0.0 0.038817946 0.0 0.0 0.028264655 0.01842647 0.0 0.0045252745 0.052922323 0.03853645 0.041365564
0.025523655 0.03579122 0.0 0.0 0.0 0.0 0.05685492 0.03204489 0.037200198 0.0042017708 0.0 0.0 0.029586028 0.060942784 0.0008936125 0.022466995 0.015174895 0.0 0.021738576 0.0 0.0 0.0 0.065214194 0.053751703 0.0 0.028045984 0.07218404 0.0 0.0 0.0 0.0 0.0 0.0 0.0 0.018801536 0.0014586465 0.050069287 0.0 0.0 0.0206798 0.046980515 0.0 0.0 0.002316769 0.055847634 0.0 0.0 0.0048857382 0.0 0.010677285 0.0743032 0.004275085 0.0 0.0 0.034990873 0.103391215
0.052193046 0.0042768596 0.008418169 0.0 0.0 0.009656695 0.03204489 0.09458426 0.0 0.038979262 0.013278773 0.0 0.029283632 0.0119736055 0.047843345 0.02460949 0.0 0.0 0.0 0.0 0.0 0.0 0.0087804375 0.02335985 0.0009234795 0.0033955644 0.04298895 0.049412377 0.025988577 0.0 0.010055685 0.0 0.008822145 0.07825563 0.038293265 0.019303937 0.019483473 0.0 0.0 0.03507953 0.005184847 0.0034425408 0.0 0.012697717 0.06940667 0.006350608 0.0 0.01626999 0.0 0.078729756 0.0 0.05180291 0.0038608667 0.046082437 0.029704684 0.036306743
0.0 0.0 0.062528454 0.016177792 0.020228956 0.030222476 0.037200198 0.0 0.019159695 0.0 0.0 0.12175512 0.0 0.0 0.0 0.010079731 0.032245867 0.033110935 0.0 0.042329635 0.053510074 0.011761941 0.0 0.0 0.004490987 0.0 0.0 0.0 0.0 0.0 0.0870621 0.019134793 0.003431108 0.016844574 0.0 0.05676945 0.011446503 0.0 0.0 0.04524892 0.0 0.060579922 0.03771289 0.01625501 0.03990321 0.06087751 0.017733939 0.0 0.036453146 0.027914852 0.009476833 0.0 0.03727399 0.0 0.0 0.0
0.011389716 0.0 0.04951878 0.0 0.0 0.0 0.0042017708 0.03897926 0.0 0.0056422637 0.0 0.0 0.0 0.08531982 0.022888359 0.035553634 0.0 0.0 0.0 0.0 0.009163009 0.0 0.0 0.036632463 0.0061237393 0.101470456 0.01864925 0.09940058 0.034645893 0.0 0.0 0.0 0.0 0.016316254 0.053579062 0.0 0.0 0.0 0.0 0.017770082 0.028337976 0.0 0.0 0.054550305 0.021982023 0.007366211 0.0 0.016786804 0.0 0.00678511 0.061003342 0.0610706 0.0 0.010707033 0.047853313 0.012244746
0.039003823 0.022192499 0.01650898 0.009367393 0.0 0.0 0.0 0.013278772 0.0 0.0 0.024273532 0.024605574 0.0 0.0 0.0 0.0 0.0 0.024837596 0.0 0.06143862 0.04459995 0.067256235 0.036327463 0.034175333 0.0 0.07792423 0.0 0.0 0.0 0.002995098 0.038281262 8.5476124e-05 0.0 0.0059507573 0.0 0.0 0.016991997 0.0 0.0055323225 0.09982029 0.0 0.03456729 0.016336398 0.0046809535 0.008121777 0.08113871 0.0 0.0 0.0008285902 0.0 0.0226736 0.0 0.070068784 0.0 0.0 0.0
0.0 0.10271597 0.0 0.0038807613 0.038386974 0.058780402 0.0 0.0 0.12175512 0.0 0.024605574 0.0 0.012059343 0.0018933968 0.0 6.538417e-06 0.006486976 0.04772337 0.02548264 0.0 0.0040176776 0.015570246 0.0 0.0 0.0 0.0 0.018065298 0.0 0.0 0.038628157 0.063736856 0.023092872 0.0 0.0 0.0184176 0.0 0.0568957 0.0 0.00025082013 0.03301522 0.0035440663 0.011059219 0.026819056 0.01544099 0.027013483 0.0 0.02844485 0.0 0.010467076 0.0005409974 0.06494514 0.0 0.0 0.0 0.0 0.0
0.022735404 0.020300303 0.04271032 0.0 0.0 0.0 0.029586026 0.029283632 0.0 0.0 0.0 0.012059343 0.0 0.06934109 0.020551668 0.0 0.0 0.0 0.057449654 0.0 0.079192616 0.0 0.035425857 0.0043919324 0.028513355 0.0008919023 0.0 0.017094709 0.0 0.0 0.013234396 0.0 0.0 0.0 0.052214358 0.025720866 0.0 0.01989915 0.014214767 0.01184984 0.0050787753 0.017636653 0.0 0.0 0.0020781734 0.0 0.0 0.0 0.007520172 0.0 0.0 0.040331576 0.0 0.056775812 0.0013370938 0.0675854
0.031632286 0.0 0.000110412155 0.0 0.0 0.010816018 0.060942784 0.0119736055 0.0 0.08531982 0.0 0.0018933968 0.069341086 0.06106133 0.00245965 0.0 0.029796572 0.0 0.00948854 0.0 0.0 0.0 0.029247947 0.018395104 0.016269282 0.014790911 0.0025013767 0.03138802 0.08218048 0.002810015 0.012044871 0.0 0.0008699886 0.034411006 0.051058505 0.023690877 0.0 0.0 0.01926446 0.003465572 0.06760593 0.014271321 0.0 0.005589759 0.01831876 0.001920568 0.0 0.0034745736 0.0 0.04758061 0.0 0.069117226 0.0 0.092678934 0.0063872407 0.0
0.05784995 0.0 0.0 0.0 0.0 0.005022087 0.00089361257 0.047843345 0.0 0.022888359 0.0 0.0 0.020551668 0.00245965 0.0 0.01442648 0.0 0.026496112 0.0 0.0 0.0 0.020409018 0.031852927 0.062364195 0.049141094 0.025951052 0.009555146 0.0 0.0 0.0105223935 0.0 0.0 0.001811196 0.017614646 0.09098614 0.11668566 0.016954768 0.018438252 0.030023005 0.0 0.0 0.015281715 0.035429187 0.03698344 0.0 0.0 0.0045961095 0.0 0.0 0.0 0.016237117 0.0034044334 0.0 0.038979728 0.026112873 0.0
0.0 0.0 0.061427627 0.009225347 0.0 0.013899736 0.022466997 0.02460949 0.010079731 0.03555363 0.0 6.538417e-06 0.0 0.0 0.01442648 0.0 0.0 0.03249993 0.051151562 0.0 0.020776806 0.009284878 0.0 0.007822687 0.06579708 0.0 1.7270824e-07 0.0 0.0 0.02811497 0.0415838 0.008502826 0.084120385 0.03980591 0.0 0.018348126 0.0076838336 0.066677615 0.04450157 0.016541919 0.029155245 0.017759446 0.071080364 0.0 0.0 0.018310193 0.004858706 0.019917719 0.048812512 0.0 0.011145723 0.0 0.03346421 0.009947011 0.007963925 0.0
0.0 0.0514658 0.0 0.0 0.0 0.008488235 0.015174895 0.0 0.032245867 0.0 0.0 0.0064869756 0.0 0.029796576 0.0 0.0 0.07085761 0.0 0.049356192 0.0 0.0 0.030179203 0.0014610462 0.0 0.06466102 0.018424239 0.0 0.0 0.0 0.11126899 0.0 0.0 0.061859492 0.0 0.0 0.0 0.0 0.0 0.0 0.00043631092 0.06418885 0.0 0.0 0.027919475 0.006418471 0.028844932 0.07183109 0.05951843 0.0 0.08689495 0.0 0.0 0.016297104 0.0045260205 0.0 0.06461274
0.0029637902 0.024448186 0.023297785 0.045803644 0.07464358 0.0032147858 0.0 0.0 0.03311093 0.0 0.024837596 0.04772337 0.0 0.0 0.026496114 0.03249993 0.0 0.052968226 0.05606315 0.041970722 0.0063450113 0.0115281725 0.0043154354 0.002252941 0.05732478 0.0 0.048369125 0.006645674 0.0 0.023661658 0.027491648 0.024521366 0.007557008 0.0 0.0 0.002839109 0.018845497 0.0 0.019397588 0.00017552674 0.0 0.048105344 0.010944563 0.0 0.0 0.089396 0.056291968 0.008058985 0.03692614 0.0 0.0024631105 0.0 0.028161012 0.012666002 0.030886235 0.0
0.0 0.018822182 0.05941813 0.0 0.0 0.0 0.021738576 0.0 0.0 0.0 0.0 0.025482638 0.057449654 0.00948854 0.0 0.05115156 0.049356192 0.056063153 0.010816867 0.020893272 0.017872928 0.085127175 0.0 0.03210619 0.0 0.091080025 0.018642552 0.0 0.0 0.010594146 0.0 0.010483361 0.028145976 0.0 0.0 0.01077057 0.0 0.0 0.0 0.04435767 0.0 0.03895684 0.0 0.033666864 0.014589648 0.01978236 0.0226371 0.0 0.0 0.021469362 0.058099113 0.0 0.0135759385 0.013078518 0.035234164 0.0
0.0 0.06969611 0.0 0.05876791 0.05205752 0.0 0.0 0.0 0.042329635 0.0 0.061438613 0.0 0.0 0.0 0.0 0.0 0.0 0.041970726 0.020893272 0.0 0.04966733 0.0 0.0 0.076895304 0.0 0.00055604463 0.006207351 0.0 0.0 0.0 0.016461013 0.05456671 0.042859774 0.0011844946 0.0 0.0 0.0 0.0 0.037359945 0.027890947 0.0 0.058342718 0.0 0.029812027 0.0 0.011643627 0.0 0.0 0.11817085 0.0 0.043676034 0.0022437712 0.0 0.0 0.0 0.0
0.0 0.011489299 0.0 0.0073496215 0.0 0.0 0.0 0.0 0.053510077 0.009163009 0.044599954 0.004017677 0.079192616 0.0 0.0 0.020776808 0.0 0.0063450113 0.017872926 0.04966733 0.0 0.008477468 0.0022520379 0.0 0.0 0.039861478 0.0 0.0 0.0 0.014371878 0.027761718 0.0 0.0 0.0 0.014532514 0.046683203 0.009113794 0.0 0.0 0.017577983 0.049865708 0.020312624 0.07261684 0.08921697 0.0021397148 0.01446485 0.015323046 0.0 0.0 0.0 0.03736451 0.018434085 0.005584125 0.0 0.05322074 0.0
0.0055314577 0.043052737 0.01951007 0.019473415 0.08386678 0.03113529 0.0 0.0 0.01176194 0.0 0.067256235 0.015570245 0.0 0.0 0.020409018 0.009284878 0.0301792 0.0115281725 0.08512718 0.0 0.008477469 0.0 0.03063987 0.0 0.022541542 0.0 0.020196853 0.0 0.00023579557 0.022043047 0.0 0.030966584 0.0 0.0 0.0 0.005288349 0.027596302 0.021819448 0.0011723391 0.0 0.008143093 0.0312221 0.011462777 0.0 0.0 0.0 0.091116406 0.035548717 0.04537603 0.053277075 0.013537672 0.025057808 0.02679918 0.016102275 0.018759968 0.015836649
0.037196275 0.0 0.011868554 0.0 0.0 0.0 0.065214194 0.008780437 0.0 0.0 0.036327463 0.0 0.035425857 0.029247947 0.03185293 0.0 0.0014610462 0.0043154354 0.0 0.0 0.0022520376 0.030639866 0.0 0.03173872 0.0 0.059256844 0.006746886 0.00873642 0.0055693495 0.0 0.014849671 0.017792871 0.0052579707 0.032286108 0.0012893599 0.0 0.0 0.0152562605 0.0 0.06387612 0.035377514 0.04796881 0.025144862 0.05092098 0.009003344 0.005773744 0.0 0.0011144653 0.014851711 0.018004118 0.028395575 0.019493023 0.00376576 0.063690625 0.02867445 0.057648055
0.0 0.0 0.03047281 0.0 0.0 0.074132346 0.053751703 0.02335985 0.0 0.036632467 0.034175336 0.0 0.004391932 0.018395104 0.062364195 0.007822687 0.0 0.0022529408 0.032106195 0.07689531 0.0 0.0 0.03173872 0.0 0.048412595 0.0 0.0 0.041063096 0.005316546 0.0 0.0 0.0028373897 0.11036644 0.038704354 0.043975636 0.0039877826 0.0 0.018129513 0.020038031 0.021757979 0.0 0.035361648 0.03654305 0.023531113 0.0 0.039694883 0.01486979 0.0014826709 0.00054450316 0.020743098 0.029571515 0.028125402 0.0 0.025386598 0.0 0.03787581
0.0081233205 0.04594231 0.0 0.009334983 0.0 0.0 0.0 0.0009234795 0.004490987 0.006123739 0.0 0.0 0.028513355 0.016269282 0.04914109 0.06579709 0.06466101 0.05732478 0.0 0.0 0.0 0.022541542 0.0 0.048412595 0.0 0.0 0.0 0.0 0.0 0.014790344 0.011393218 0.0 0.0 0.0 0.02492531 0.012179754 0.04968304 0.017403983 0.0 0.032785628 0.002327073 0.0 0.013299448 0.012704539 0.0 0.019827697 0.0 0.10719835 0.0 0.008777762 0.07885524 0.0057030516 0.0 0.0 0.081477076 0.0
0.023154799 0.0 0.009198726 0.0 0.0 0.027417304 0.028045986 0.003395564 0.0 0.10147046 0.07792423 0.0 0.00089190225 0.01479091 0.025951052 0.0 0.018424239 0.0 0.09108002 0.00055604463 0.039861474 0.0 0.059256844 0.0 0.0 0.0 0.012784578 0.00823518 0.069244966 0.0 0.0 0.050592985 0.03367694 0.012120975 0.03010017 0.0150471525 0.0 0.1086102 0.0 0.0072669857 0.027368626 0.0 0.0 0.0 0.00029688294 0.0074738106 0.026818702 0.07235078 0.0 0.019460177 0.01843913 0.028166316 0.0 0.02970095 0.0 0.022884728
0.04770202 0.0 0.014330846 0.0 0.0 0.020574069 0.07218404 0.04298895 0.0 0.018649248 0.0 0.018065298 0.0 0.0025013764 0.009555147 1.7270823e-07 0.0 0.048369125 0.018642552 0.0062073506 0.0 0.020196851 0.006746886 0.0 0.0 0.012784577 0.0 0.0 0.015591404 0.012317732 0.015884858 0.07877495 0.07379085 0.042486712 0.031386964 0.0 0.04306999 0.05466095 0.0 0.0038954935 0.008673517 0.0 0.0 0.0 0.041150246 0.04711517 0.027125642 0.0 0.009572248 0.011495681 0.0 0.0 0.0046948083 0.022213949 0.0 0.007878163
0.12140103 0.0 0.015776835 0.0 0.0 0.0 0.0 0.049412377 0.0 0.09940058 0.0 0.0 0.017094707 0.03138802 0.0 0.0 0.0 0.006645674 0.0 0.0 0.0 0.0 0.00873642 0.041063096 0.0 0.00823518 0.0 0.031234972 0.08249361 0.008392802 0.0 0.0 0.026738029 0.06627495 0.0450377 0.0 0.048678298 0.022634469 0.0 0.0 0.021390067 0.0 0.012569617 0.0 0.06769126 0.0 0.0 0.0 0.0 0.068820536 0.019070009 0.051117525 0.0 0.039672058 0.03034646 0.03459224
0.06834997 0.028174961 0.0 0.0 0.0 0.0 0.0 0.025988577 0.0 0.034645893 0.0 0.0 0.0 0.08218048 0.0 0.0 0.0 0.0 0.0 0.0 0.0 0.00023579557 0.00556935 0.005316546 0.0 0.069244966 0.0155914035 0.08249361 0.0 0.008622662 0.0 0.0 0.0 0.0 0.07370252 0.0 0.09338213 0.0 0.0 0.0 0.062115747 0.0 0.0 0.0 0.09398159 0.0 0.0 0.015299557 0.0 0.016896069 0.0090729 0.07273132 0.0 0.026222674 0.03925609 0.0
0.0 0.03460617 0.020791106 0.019866154 0.0 0.012854705 0.0 0.0 0.0 0.0 0.002995098 0.038628157 0.0 0.002810015 0.0105223935 0.028114973 0.11126898 0.023661658 0.010594147 0.0 0.014371878 0.022043047 0.0 0.0 0.014790344 0.0 0.012317733 0.008392802 0.008622662 0.15520646 0.008004959 0.0 0.0 0.0 0.0038914059 0.00282421 0.051878482 0.0 0.06301512 0.0 0.0 0.00895061 0.011386236 0.009576089 0.0 0.012005278 0.08529611 0.0 0.0 0.0068526254 0.0 0.005496275 0.08404277 0.0 0.0 0.019345295
0.0 0.026726758 0.0 0.065861806 0.06350166 0.0 0.0 0.010055685 0.08706209 0.0 0.03828126 0.063736856 0.013234396 0.01204487 0.0 0.0415838 0.0 0.027491648 0.0 0.016461013 0.027761718 0.0 0.01484967 0.0 0.011393219 0.0 0.015884858 0.0 0.0 0.008004959 0.08866238 0.037866727 0.0 0.0 0.0 0.016150938 0.0 0.0 0.06357559 0.0 0.02085056 0.021881005 0.045898933 0.0 0.0 0.0 0.054571148 0.0 0.024976393 0.0 0.033438873 0.0 0.056761798 0.0 0.034474883 0.0
0.018447312 0.032287754 0.028597588 0.02710488 0.023053393 0.0020317237 0.0 0.0 0.019134793 0.0 8.5476124e-05 0.02309287 0.0 0.0 0.0 0.008502827 0.0 0.024521366 0.010483362 0.054566707 0.0 0.030966586 0.017792871 0.0028373897 0.0 0.050592985 0.078774944 0.0 0.0 0.0 0.037866727 0.015353468 0.0 0.0033443961 0.016082838 0.10241782 0.008232255 0.0 0.0076299985 0.053989597 0.0 0.059269097 0.06261076 0.018508162 0.017430313 0.07199806 0.0 0.0 0.0 0.0 0.046386767 0.0 0.046594158 0.0 0.0 0.0
0.019707177 0.0 0.002187169 0.0 0.0 0.0 0.0 0.008822145 0.0034311083 0.0 0.0 0.0 0.0 0.0008699886 0.001811196 0.08412038 0.061859492 0.007557008 0.028145976 0.042859778 0.0 0.0 0.0052579707 0.110366434 0.0 0.033676945 0.073790856 0.026738029 0.0 0.0 0.0 0.0 0.0 0.0 0.0 0.036827367 0.045378245 0.0 0.0 0.048141163 0.00058103557 0.059509847 0.0 0.0 0.0 0.002304435 0.014498323 0.0 0.0077540525 0.020604042 0.03717375 0.0 0.0 0.00025515698 0.04017216 0.0
0.039212923 0.013895854 0.0 0.0 0.008879188 0.0010754218 0.0 0.07825563 0.016844574 0.016316256 0.0059507573 0.0 0.0 0.034411006 0.017614646 0.03980591 0.0 0.0 0.0 0.0011844946 0.0 0.0 0.03228611 0.038704354 0.0 0.012120975 0.042486712 0.06627495 0.0 0.0 0.0 0.0033443961 0.0 0.0 0.09418798 0.0 0.10061038 0.0 0.0 0.017585075 0.0 0.0 0.0 0.0037797627 0.037218485 0.0 0.0 0.015503704 0.0 0.004626926 0.028709691 0.055538636 0.0 0.026572067 0.035856847 0.0
0.008211729 0.0 0.0 0.0 0.0 0.046725668 0.018801536 0.038293265 0.0 0.053579062 0.0 0.018417602 0.052214358 0.051058505 0.09098614 0.0 0.0 0.0 0.0 0.0 0.014532514 0.0 0.0012893599 0.043975633 0.02492531 0.030100172 0.031386968 0.045037698 0.07370252 0.0038914059 0.0 0.016082836 0.0 0.09418798 0.029218659 0.0 0.0 0.003983618 0.013995458 0.0 0.016919354 0.010275872 0.0 0.012986552 0.03292751 0.0 0.0 0.05304252 0.027463755 0.03906293 0.00027795613 0.026199887 0.0 0.045335893 0.0075548496 0.02143057
0.0 0.04862087 0.0 0.06727813 0.04856463 0.020892337 0.0014586465 0.019303937 0.05676945 0.0 0.0 0.0 0.025720866 0.023690877 0.116685666 0.018348124 0.0 0.002839109 0.01077057 0.0 0.046683207 0.005288349 0.0 0.003987782 0.012179755 0.0150471525 0.0 0.0 0.0 0.0028242103 0.016150938 0.10241783 0.036827363 0.0 0.0 0.015639072 0.0 0.039537434 0.008782662 0.0 0.0 0.039077133 0.004361925 0.0 0.0 0.046912767 0.0415494 0.015718268 0.0 0.0 0.0 0.0 0.028325092 0.003238098 0.0 0.0
0.0 0.0 0.0 0.007807158 0.0 0.0 0.050069287 0.019483473 0.011446503 0.0 0.016991995 0.056895692 0.0 0.0 0.016954768 0.0076838336 0.0 0.018845499 0.0 0.0 0.009113794 0.027596302 0.0 0.0 0.04968304 0.0 0.04306999 0.048678294 0.09338213 0.051878482 0.0 0.008232255 0.045378245 0.100610375 0.0 0.0 0.0 0.047731217 0.0143876085 0.012630054 0.0 0.016845329 0.0029769528 0.064583756 0.043187376 0.0019320691 0.0 0.0033049071 0.0054808203 0.012545684 0.0 0.034839753 0.02315521 0.04559336 0.0 0.00067518104
0.072052315 0.0 0.0 0.010266914 0.0 0.0054555302 0.0 0.0 0.0 0.0 0.0 0.0 0.01989915 0.0 0.018438252 0.06667762 0.0 0.0 0.0 0.0 0.0 0.021819448 0.015256261 0.018129513 0.01740398 0.1086102 0.05466095 0.022634467 0.0 0.0 0.0 0.0 0.0 0.0 0.0039836187 0.039537434 0.047731213 0.0 0.100955874 0.045287047 0.055371497 0.024011184 0.0 0.056244895 0.00076614355 0.027181525 0.0 0.01840306 0.017298322 0.0 0.0134526 0.0005669633 0.0 0.0 0.056733683 0.021408133
0.011253115 0.03839923 0.028148038 0.0 0.0 0.0 0.0 0.0 0.0 0.0 0.005532323 0.00025082016 0.014214768 0.019264458 0.030023005 0.044501573 0.0 0.019397588 0.0 0.03735995 0.0 0.0011723391 0.0 0.02003803 0.0 0.0 0.0 0.0 0.0 0.06301512 0.063575596 0.007629998 0.0 0.0 0.013995458 0.008782662 0.014387609 0.10095588 0.015266369 0.0105118435 0.0 0.0 0.0 0.027673287 0.059120487 0.053460333 0.0 0.06878756 0.0 0.03600666 0.021654898 0.0 0.00926588 0.0 0.014416535 0.011330486
0.0071191443 0.009070725 0.0 0.0 0.014607559 0.058712807 0.0206798 0.035079535 0.045248922 0.01777008 0.09982029 0.033015225 0.011849839 0.003465572 0.0 0.01654192 0.00043631095 0.00017552676 0.04435767 0.027890945 0.017577983 0.0 0.06387612 0.021757979 0.032785624 0.0072669853 0.0038954932 0.0 0.0 0.0 0.0 0.0539896 0.04814116 0.017585075 0.0 0.0 0.012630054 0.045287047 0.0105118435 0.0 0.028532766 0.015169706 0.01084195 0.0 0.0 0.007370151 0.07183507 0.03137504 0.037522573 0.0 0.040412746 0.02975059 0.0 0.018909 0.026792625 0.0
0.01790477 0.006678157 0.0090208575 0.0 0.0030558058 0.015052615 0.046980515 0.005184847 0.0 0.028337974 0.0 0.0035440663 0.005078776 0.06760593 0.0 0.029155247 0.06418886 0.0 0.0 0.0 0.049865708 0.0081430925 0.03537751 0.0 0.0023270731 0.027368627 0.008673517 0.021390066 0.062115744 0.0 0.020850558 0.0 0.0005810356 0.0 0.016919356 0.0 0.0 0.055371497 0.0 0.028532766 0.08326036 0.008337618 0.008673654 0.021794364 0.0 0.005159067 0.0082632275 0.008582069 0.0 0.018201936 0.0074789147 0.06779209 0.01745072 0.0477865 0.0073873242 0.02189243
0.0 0.029135112 0.021438405 0.025793973 0.0432934 0.0037144714 0.0 0.0034425408 0.060579926 0.0 0.03456729 0.011059219 0.017636653 0.014271322 0.015281715 0.017759446 0.0 0.048105344 0.03895684 0.05834272 0.020312624 0.0312221 0.04796881 0.035361648 0.0 0.0 0.0 0.0 0.0 0.008950609 0.021881003 0.059269097 0.059509847 0.0 0.010275872 0.039077133 0.016845327 0.024011185 0.0 0.015169705 0.008337619 0.0 0.0098484475 0.0 0.0 0.05924122 0.0 0.0404569 0.11859527 0.0 0.053144988 0.0116804205 0.026947325 0.0030225476 0.0078009 0.0
0.0 0.03179113 0.054394744 0.04795676 0.08938877 0.01137055 0.0 0.0 0.03771289 0.0 0.016336396 0.026819056 0.0 0.0 0.03542919 0.07108036 0.0 0.010944564 0.0 0.0 0.07261684 0.011462776 0.025144862 0.036543053 0.013299448 0.0 0.0 0.012569617 0.0 0.011386236 0.045898933 0.06261075 0.0 0.0 0.0 0.0043619247 0.0029769528 0.0 0.0 0.01084195 0.008673654 0.0098484475 0.0 0.0 0.0 0.04282733 0.012305297 0.016147267 0.09242746 0.0 0.0042773653 0.015746241 0.0026155002 0.0021897398 0.0 0.0
0.026306046 0.075668745 0.0 0.0008599583 0.09185495 0.03432456 0.0023167692 0.012697717 0.01625501 0.0545503 0.0046809535 0.015440989 0.0 0.005589759 0.03698344 0.0 0.027919473 0.0 0.033666864 0.029812027 0.08921697 0.0 0.05092098 0.023531115 0.012704539 0.0 0.0 0.0 0.0 0.009576089 0.0 0.01850816 0.0 0.0037797624 0.012986553 0.0 0.064583756 0.0562449 0.027673285 0.0 0.021794366 0.0 0.0 0.0 0.0049800123 0.00753667 0.0 0.047448244 0.0 0.029147765 0.0022643565 0.0074139438 0.0 0.0030111729 0.076035455 0.01320334
0.034961566 0.030614235 0.021895712 0.017884629 0.009776521 0.015251969 0.055847634 0.069406666 0.039903205 0.021982023 0.008121778 0.02701348 0.0020781734 0.01831876 0.0 0.0 0.006418471 0.0 0.014589648 0.0 0.0021397148 0.0 0.009003344 0.0 0.0 0.00029688294 0.041150246 0.06769126 0.09398159 0.0 0.0 0.017430313 0.0 0.037218485 0.03292751 0.0 0.043187376 0.0007661436 0.05912049 0.0 0.0 0.0 0.0 0.0049800123 0.035154354 0.015223618 0.0062865224 0.011706114 0.0 0.026186785 0.0010604619 0.024378723 0.0 0.016369512 0.022656929 0.030241266
0.024497315 0.017379949 0.0 0.045799077 0.0 0.0 0.0 0.0063506076 0.060877506 0.0073662116 0.08113871 0.0 0.0 0.0019205681 0.0 0.018310193 0.028844932 0.089396 0.019782359 0.011643627 0.014464851 0.0 0.005773744 0.039694883 0.019827697 0.007473811 0.04711517 0.0 0.0 0.012005278 0.0 0.07199806 0.0023044348 0.0 0.0 0.046912763 0.0019320691 0.027181525 0.053460333 0.007370151 0.0051590675 0.059241224 0.04282733 0.007536671 0.015223618 0.015723856 0.009769782 0.009789165 0.0 0.0 0.04640398 0.0010327987 0.04336813 0.007822887 0.009497056 0.0
0.0 0.0 0.0 0.08180636 0.007967393 0.038817946 0.0 0.0 0.01773394 0.0 0.0 0.028444849 0.0 0.0 0.0045961095 0.0048587057 0.07183109 0.056291968 0.0226371 0.0 0.015323046 0.09111641 0.0 0.0148697905 0.0 0.026818704 0.027125644 0.0 0.0 0.08529611 0.054571148 0.0 0.014498323 0.0 0.0 0.041549403 0.0 0.0 0.0 0.07183507 0.0082632275 0.0 0.012305297 0.0 0.0062865224 0.009769782 0.0 0.0 0.034248583 0.0 0.054840386 0.0 0.02088684 0.0 0.0 0.0
0.016309924 0.0 0.045920808 0.009515496 0.0 0.0 0.0048857382 0.01626999 0.0 0.016786804 0.0 0.0 0.0 0.0034745736 0.0 0.019917719 0.059518427 0.008058984 0.0 0.0 0.0 0.035548713 0.0011144653 0.0014826709 0.10719836 0.07235078 0.0 0.0 0.015299557 0.0 0.0 0.0 0.0 0.015503703 0.05304252 0.015718268 0.0033049071 0.01840306 0.06878756 0.031375043 0.008582069 0.0404569 0.016147269 0.047448244 0.011706114 0.009789164 0.0 0.049223706 0.0012999651 0.0 0.0070123808 0.0 0.0029257035 0.063723564 0.0 0.052361757
0.0 0.035556495 0.021863146 0.024333281 0.0 0.0 0.0 0.0 0.036453143 0.0 0.0008285901 0.010467076 0.0075201723 0.0 0.0 0.048812516 0.0 0.03692614 0.0 0.11817084 0.0 0.04537603 0.014851711 0.0005445032 0.0 0.0 0.009572248 0.0 0.0 0.0 0.024976393 0.0 0.007754052 0.0 0.027463755 0.0 0.0054808203 0.017298322 0.0 0.037522573 0.0 0.11859527 0.092427455 0.0 0.0 0.0 0.03424858 0.0012999651 0.0 0.019913044 0.0330152 0.0 0.0 0.0 0.005934001 0.0
0.014738091 0.028723562 0.0 0.0013815432 0.0 0.028264655 0.010677285 0.078729756 0.027914852 0.00678511 0.0 0.0005409974 0.0 0.04758061 0.0 0.0 0.08689495 0.0 0.021469362 0.0 0.0 0.053277075 0.01800412 0.0207431 0.008777763 0.019460177 0.011495681 0.068820536 0.016896069 0.0068526254 0.0 0.0 0.020604042 0.004626926 0.03906293 0.0 0.012545685 0.0 0.036006663 0.0 0.018201936 0.0 0.0 0.029147765 0.026186785 0.0 0.0 0.0 0.019913044 0.0 0.003161601 0.01871299 0.0 0.04471136 0.0038132158 0.07035005
0.0 0.0 0.008733396 0.008330649 0.0027457993 0.01842647 0.074303195 0.0 0.009476833 0.06100334 0.022673601 0.06494514 0.0 0.0 0.016237117 0.011145723 0.0 0.0024631105 0.058099113 0.043676034 0.03736451 0.013537671 0.028395576 0.029571513 0.07885524 0.01843913 0.0 0.019070009 0.0090729 0.0 0.033438873 0.046386767 0.03717375 0.028709691 0.00027795613 0.0 0.0 0.013452599 0.021654898 0.040412746 0.007478914 0.053144984 0.0042773653 0.0022643567 0.001060462 0.04640398 0.05484038 0.0070123808 0.0330152 0.003161601 0.0 0.015376251 0.0066397307 0.020587137 0.0 0.0
0.06549913 0.0 0.035591368 0.0032953988 0.0 0.0 0.004275085 0.051802915 0.0 0.06107059 0.0 0.0 0.040331576 0.069117226 0.0034044336 0.0 0.0 0.0 0.0 0.002243771 0.018434085 0.02505781 0.019493023 0.028125403 0.005703051 0.028166316 0.0 0.05111753 0.07273132 0.005496275 0.0 0.0 0.0 0.055538636 0.026199885 0.0 0.034839753 0.0005669633 0.0 0.02975059 0.06779209 0.0116804205 0.015746241 0.0074139438 0.02437872 0.0010327986 0.0 0.0 0.0 0.018712988 0.01537625 0.030236516 0.0 0.04776563 0.02607078 0.086120255
0.0 0.09429199 0.022740524 0.10612589 0.14068311 0.0045252745 0.0 0.003860867 0.03727399 0.0 0.070068784 0.0 0.0 0.0 0.0 0.033464205 0.016297106 0.028161012 0.0135759385 0.0 0.005584125 0.026799181 0.0037657598 0.0 0.0 0.0 0.004694808 0.0 0.0 0.08404277 0.056761794 0.046594158 0.0 0.0 0.0 0.028325092 0.02315521 0.0 0.00926588 0.0 0.01745072 0.026947323 0.0026155002 0.0 0.0 0.04336813 0.02088684 0.0029257035 0.0 0.0 0.0066397307 0.0 0.035599682 0.0 0.027062075 0.0
0.011283568 0.0 0.0 0.00833488 0.009547038 0.05292232 0.0 0.04608244 0.0 0.010707033 0.0 0.0 0.05677581 0.09267893 0.038979728 0.009947011 0.004526021 0.012666002 0.013078519 0.0 0.0 0.016102273 0.063690625 0.025386596 0.0 0.029700948 0.022213949 0.03967206 0.026222672 0.0 0.0 0.0 0.00025515695 0.026572067 0.045335893 0.003238098 0.045593355 0.0 0.0 0.018909 0.0477865 0.0030225476 0.0021897396 0.0030111729 0.016369512 0.007822886 0.0 0.06372357 0.0 0.04471136 0.020587137 0.047765628 0.0 0.03812398 0.058824815 0.043562934
0.0 0.0 0.002926098 0.0 0.0 0.03853645 0.034990873 0.029704684 0.0 0.047853313 0.0 0.0 0.0013370938 0.0063872403 0.026112875 0.007963925 0.0 0.030886237 0.035234164 0.0 0.05322074 0.018759966 0.02867445 0.0 0.081477076 0.0 0.0 0.03034646 0.03925609 0.0 0.034474883 0.0 0.04017216 0.035856847 0.0075548496 0.0 0.0 0.056733683 0.014416536 0.026792625 0.007387324 0.0078009004 0.0 0.076035455 0.022656929 0.009497056 0.0 0.0 0.0059340005 0.003813216 0.0 0.026070777 0.027062075 0.05882481 0.0 0.045983844
0.0 0.0 0.0 0.0 0.0 0.041365564 0.103391215 0.036306743 0.0 0.012244745 0.0 0.0 0.0675854 0.0 0.0 0.0 0.06461274 0.0 0.0 0.0 0.0 0.015836649 0.057648055 0.037875805 0.0 0.022884728 0.007878163 0.03459224 0.0 0.019345295 0.0 0.0 0.0 0.0 0.02143057 0.0 0.000675181 0.021408133 0.011330486 0.0 0.02189243 0.0 0.0 0.01320334 0.030241268 0.0 0.0 0.052361753 0.0 0.07035005 0.0 0.086120255 0.0 0.043562934 0.045983844 0.13291815
