0.06067038 0.029654767 0.0 0.0 0.0 0.0 0.0077493466 0.04333967 0.0 0.0 0.0092986105 0.0 0.016420754 0.055507928 0.0 0.060062837 0.011820957 0.011862937 0.015494059 0.0 0.0 0.04104466 0.020067984 0.009859125 0.0021492825 0.014137941 0.0130241895 0.07214366 0.021740561 0.009091593 0.0 0.0 0.0077542257 0.0 0.025027944 0.0026142579 0.0 0.0 0.023890294 0.052709706 0.05152851 0.06483481 0.0 0.053769175 0.03126178 0.008045645 0.0058619953 0.036676414 0.0 0.0 0.062243134 0.018007448 0.0 0.0 0.03625912 0.048072692
0.029654764 0.0 0.0 0.0 0.0 0.0 0.0 0.024986364 0.0 0.025017062 0.0 0.0011649235 0.0 0.020913376 0.029020613 0.0 0.020379309 0.0 0.0 0.040395677 0.0 0.019945683 0.0 0.018033782 0.0 0.026314631 0.0 0.09020972 0.019536002 0.0 0.0 0.0 0.02364471 0.0024870052 0.066572405 0.027706074 0.0075489804 0.0 0.03291091 0.026615096 0.06447835 0.0 0.0 0.063688174 0.005842574 0.021427313 0.0 0.003438637 0.0 0.028646857 0.0 0.01616046 0.0 0.010914063 0.04075203 0.07243537
0.0 0.0 0.0 0.0 0.0 0.0 0.0 0.088337176 0.003769892 0.02050887 0.01701347 0.0 0.0033234553 0.033106763 0.0 0.0 0.0 0.002141233 0.0 0.023571113 0.0 0.0 0.051199663 0.061121784 0.0 0.0 0.0010532148 0.006707385 0.015096504 0.0 0.03113968 0.046799015 0.010979869 0.0 0.051284194 0.026669797 0.041004643 0.018303247 0.004100893 0.0 0.05156241 0.0 0.028596973 0.0 0.0 0.0 0.03069493 0.0 0.0 0.025645794 0.0 0.091736205 0.0 0.032179147 0.05320692 0.0008755669
0.0 0.0 0.0 0.0 0.009639947 0.0 0.0 0.0 0.016732082 0.0 0.028121935 0.086776994 0.02497991 0.0 0.022466958 0.0 0.0016607242 0.02974287 0.016993515 0.0 0.0 0.0 0.0006400109 0.0 0.0 0.0 0.0 0.0 0.033736885 0.0 0.0 0.0 0.0 0.0 0.0 0.072404526 0.007996955 0.0 0.058537364 0.015677406 0.109554306 0.0381974 0.10216595 0.0013487212 0.0050149993 0.007862975 0.11194661 0.013231193 0.0 0.010246451 0.013644847 0.0028209768 0.0 0.0 0.0 0.050277155
0.0 0.0 0.0 0.009639947 0.0 0.013096669 0.0 0.0 0.0 0.0 0.0 0.08823535 0.10534987 0.013033657 0.07563109 0.03336009 0.0 0.0 0.020571154 0.047510907 0.016636044 0.02178499 0.0 0.0 0.02663554 0.0 0.02743064 0.0049920697 0.045588795 0.0071312366 0.0078642545 0.009786664 0.102368765 0.0 0.023382645 0.07941526 0.015809752 0.0 0.041280724 0.07006717 0.01750061 0.007797261 0.040759627 0.0 0.0 0.016704803 0.0 0.0 0.0 0.02528056 0.0 0.0 0.0 0.0 0.0011062003 0.06871177
0.0 0.0 0.0 0.0 0.013096669 0.0 0.0 0.013679361 0.017609993 0.095741026 0.0038087496 0.09615095 0.012350317 0.0 0.048030596 0.0 0.045831632 0.0 0.0 0.023397049 0.0 0.0 0.0403766 0.007252462 0.039839167 0.0 0.028597733 0.0 0.023131132 0.0 0.0 0.039895356 0.08263894 0.0 0.0 0.0 0.03881922 0.0022200162 0.007853197 0.00585061 0.027759876 0.0 0.07214111 0.0 0.0 0.0 0.04447002 0.004043694 0.0 0.036390033 0.0 0.0 0.0 0.0 0.0106397 0.004988615
0.007749346 0.0 0.0 0.0 0.0 0.0 0.0 0.07105191 0.03916246 0.035006803 0.0 0.0 0.0 0.010660025 0.0 0.0 0.0 0.0 0.021376207 0.0 0.0 0.054292288 0.0 0.0 0.0 0.03231608 0.0012781555 0.010565012 0.041836023 0.0 0.0 0.017584896 0.0 0.016844086 0.004157447 0.0 0.017016783 0.0 0.019179154 0.005200676 0.03111601 0.0 0.004853795 0.013320074 0.12670434 0.0 0.0093002 0.0 0.0 0.07375704 0.0 0.078065544 0.0 0.08034575 0.0546957 0.0
0.04333967 0.024986364 0.08833717 0.0 0.0 0.01367936 0.0710519 0.0 0.0 0.0 0.087423906 0.03348234 0.0 0.005605967 0.0 0.038449697 0.062358815 0.0 0.014632829 0.0 0.028391128 0.03547392 0.03998018 0.0 0.00914469 0.0024270169 0.0127521865 0.0 0.0004854659 0.048574086 0.05530634 0.0 0.0066478397 0.0508105 0.028994 0.0 0.0 0.0 0.051141772 0.0042503714 0.0 0.07777391 0.0 0.0 0.0 0.0 0.016836138 0.10096417 0.0 0.0 0.011436474 0.0 0.0018673708 0.047126297 0.0 0.022638498
0.0 0.0 0.003769892 0.016732082 0.0 0.017609993 0.03916246 0.0 0.072850175 0.01775653 0.0 0.058036555 0.0 0.0 0.02331244 0.0 0.026508834 0.0 0.019067064 0.053232465 0.025160523 0.0 0.0 0.0 0.0005641728 0.0 0.05370786 0.0 0.01985609 0.045215443 0.017183574 0.0 0.030914677 0.006022897 0.00921266 0.004831781 0.0024920956 0.0 0.102973044 0.0019799247 0.02127549 0.016722804 0.05193674 0.0 0.012136459 0.048127007 0.10804722 0.016991664 0.012387293 0.0042369585 0.013997778 0.0 0.028355444 0.02764883 0.046003528 0.013886531
0.0 0.025017062 0.02050887 0.0 0.0 0.09574102 0.035006803 0.0 0.017756527 0.0 0.05945171 0.0 0.07774436 0.0014466901 0.013641214 0.034643505 0.0 0.012279985 0.0 0.0 0.07777115 0.02424442 0.0062198215 0.0 0.026327841 0.0046409946 0.062491916 0.0 0.022848917 0.065250665 0.0019154903 0.0 0.0059189484 0.0 0.0 0.0 0.0 0.03183553 0.054347504 0.018321248 0.0 0.0 0.011506347 0.07031799 0.0 0.0 0.0246328 0.0 0.0053294096 0.012672581 0.014383499 0.0 0.034680236 0.0 0.0 0.029350761
0.00929861 0.0 0.017013468 0.028121935 0.0 0.0038087494 0.0 0.087423906 0.0 0.059451714 0.0 0.0 0.05052361 0.0 0.0059293997 0.04062546 0.0 0.0 0.027638376 0.0 0.0 0.029764159 0.009005884 0.01605681 0.0 0.009856626 0.032082636 0.03724343 0.0436203 0.0 0.014060703 0.0 0.0060507287 0.0 0.01917425 0.043007534 0.05138354 0.0 0.018703248 0.04601532 0.02183287 0.0050056837 0.0 0.0 0.05944718 0.0 0.013052644 0.022797402 0.0 0.003431955 0.03952542 0.0 0.0 0.002667635 0.09466494 0.052570414
0.0 0.0011649235 0.0 0.086776994 0.08823535 0.09615095 0.0 0.033482343 0.05803655 0.0 0.0 0.0 0.046163224 0.0 0.0036892458 0.0 0.0 0.0 0.0 0.023188623 0.06557463 0.008778801 0.0 0.0126833115 0.02209312 0.0 0.0 0.03715568 0.007369188 0.02501405 0.0 0.01949429 0.0 0.0 0.019439092 0.0 0.0 0.0 0.0 0.0 0.00058157084 0.0 0.0021246972 0.0 0.0 0.039211262 0.0645435 0.0 0.07621647 0.0019836826 0.0 0.0 0.09084515 0.0 0.0008127919 0.0
0.016420754 0.0 0.0033234553 0.02497991 0.10534987 0.012350317 0.0 0.0 0.0 0.077744365 0.05052361 0.04616322 0.0 0.0 0.0 0.0 0.04016579 0.0280803 0.02665966 0.005427813 0.006536365 0.027778322 0.07778009 0.0 0.009229167 0.0 0.017054614 0.00517843 0.0 0.007457814 0.013976998 0.032137103 0.056303337 0.0 0.0077171777 0.0 0.0016804535 0.08313184 0.011391219 0.0 0.0 0.0 0.022547694 0.022189915 0.022148738 0.034052778 0.0 0.06471822 0.010404485 0.0 0.0046230443 0.0 0.0 0.0 0.01566123 0.0066453265
0.05550793 0.020913376 0.033106763 0.0 0.013033656 0.0 0.010660024 0.005605967 0.0 0.0014466901 0.0 0.0 0.0 0.16733913 0.0 0.007643661 0.012636072 0.0 0.0 0.0 0.0 0.008644142 0.041252304 0.013798157 0.0029247857 0.033090502 0.0092958445 0.050625235 0.0 0.0 0.0 0.016250778 0.0 0.04913464 0.029398123 0.0 0.003871669 0.0 0.001178666 0.05055612 0.0 0.0072191143 0.009310401 0.050462097 0.029576896 0.0 0.0 0.059389725 0.02052109 0.012148871 0.02454363 0.05310027 0.0 0.04533584 0.034950227 0.019197654
0.0 0.029020611 0.0 0.022466958 0.07563109 0.048030596 0.0 0.0 0.02331244 0.013641214 0.0059293997 0.003689246 0.0 0.0 0.116338 0.0 0.0 0.12745261 0.051500782 0.034472145 0.03372486 0.0 0.009127958 0.02980742 0.07549051 0.01635545 0.0 0.0 0.0 0.036238465 0.0 0.029651014 0.0 0.0 0.0061285277 0.08142494 0.0 0.019736119 0.044557527 0.0 0.0 0.0 0.0 0.0 0.0 0.015625242 0.0 0.0 0.03117738 0.004401897 0.0 0.0 0.058916092 0.0 0.004774841 0.0
0.060062837 0.0 0.0 0.0 0.03336009 0.0 0.0 0.038449697 0.0 0.034643505 0.040625457 0.0 0.0 0.007643661 0.0 0.0 0.0 0.0022311436 0.0 0.0 0.0 0.028373541 0.0 0.0 0.0 0.0 0.050630007 0.037037473 0.0 0.0 0.0 0.0 0.0002596195 0.0 0.028002761 0.05040004 0.04142244 0.0642342 0.0 0.0 0.03789951 0.029414054 0.0 0.0 0.03898546 0.051492147 0.0 0.013540414 0.0 0.043597866 0.0 0.07958206 0.0 0.032088246 0.08477658 0.007033121
0.011820956 0.020379309 0.0 0.0016607242 0.0 0.045831632 0.0 0.06235881 0.026508836 0.0 0.0 0.0 0.040165786 0.012636072 0.0 0.0 0.0 0.0 0.0 0.021947088 0.010063343 0.0 0.05876038 0.094943285 0.039259624 0.081744544 0.00043183367 0.01972207 0.0 0.0 0.0 0.05261813 0.0 0.0 0.006101313 0.0 0.06873132 0.029503526 0.0 0.020692283 0.0074859974 0.0 0.009944528 0.0063796923 0.0 8.680364e-05 0.0 0.0 0.0 0.0 0.038254336 0.12183347 0.0 0.021285733 0.05364793 0.0041036275
0.011862937 0.0 0.002141233 0.02974287 0.0 0.0 0.0 0.0 0.0 0.012279985 0.0 0.0 0.028080298 0.0 0.12745261 0.0022311436 0.0 0.026411053 0.048357807 0.0 0.02078371 0.02290687 0.0 0.007361414 0.03403038 0.0077924505 0.037991032 0.0 0.01313854 0.05634683 0.0 0.0 0.0 0.0 0.0 0.017964974 0.021235745 0.0020039077 0.02704119 0.0021162636 0.0 0.016605252 0.056756653 0.0022956557 0.009269844 0.0054274774 0.051148087 0.033816732 0.02789434 0.07715524 0.020128861 0.0047099805 0.018182833 0.00888207 0.0 0.01708588
0.015494059 0.0 0.0 0.016993517 0.020571154 0.0 0.021376207 0.014632829 0.019067062 0.0 0.027638376 0.0 0.02665966 0.0 0.051500782 0.0 0.0 0.048357807 0.0 0.119242325 0.0 0.0 0.021261057 0.02724677 0.021894164 0.009085537 0.0350418 0.0 0.0 0.0 0.007827362 0.0 0.00014381105 0.0 0.009229341 0.009964781 0.016249133 0.037021182 0.033976678 0.0 0.008928824 0.0 0.050125737 0.0 0.023669692 0.04248616 0.026976 0.028695652 0.0 0.0 0.0080202315 0.0 0.0 0.010021282 0.04939834 0.0
0.0 0.04039568 0.023571111 0.0 0.047510907 0.02339705 0.0 0.0 0.053232465 0.0 0.0 0.023188623 0.005427813 0.0 0.034472145 0.0 0.021947088 0.0 0.119242325 0.04481398 0.016033841 0.05011417 0.0 0.0 0.05940243 0.0 0.0 0.0 0.0 0.063900776 0.0 0.038065247 0.07049944 0.0 0.0 0.030401386 0.0 0.03726904 0.05515344 0.0 0.0 0.0 0.048977155 0.0 0.0 0.0 0.0540416 0.011472966 0.024349663 0.0068118963 0.009889538 0.0 0.099474095 0.0014940882 0.017518556 0.023435822
0.0 0.0 0.0 0.0 0.016636044 0.0 0.0 0.02839113 0.025160521 0.07777116 0.0 0.06557464 0.006536365 0.0 0.033724863 0.0 0.010063342 0.02078371 0.0 0.01603384 0.0 0.0 0.0 0.025324093 0.0 0.0 0.027664946 0.0 0.09928554 0.0 0.0 0.018286385 0.0 0.0 0.0072848503 0.019058887 0.032797687 0.0 0.0019580303 0.0 0.0 0.0 0.084286295 0.0 0.0 0.0 0.036627613 0.0 0.0 0.078750804 0.0 0.0053194137 0.0 0.00600923 0.02694315 0.04764731
0.04104466 0.019945683 0.0 0.0 0.02178499 0.0 0.054292288 0.03547392 0.0 0.02424442 0.02976416 0.008778801 0.027778322 0.008644142 0.0 0.028373541 0.0 0.02290687 0.0 0.05011417 0.0 0.0 0.024524046 0.057564046 0.0 0.070211135 0.005235503 0.022005586 0.031282324 0.0 0.0 0.024166487 0.009366734 0.03162287 0.052640527 0.0 0.055078555 0.021591293 0.0 0.01665069 0.0 0.0 0.042142447 0.0 0.0146060595 0.005159017 0.0 0.0 0.0 0.017846081 0.0 0.015250766 0.0 0.0 0.018803226 0.015896484
0.020067984 0.0 0.051199667 0.0006400109 0.0 0.0403766 0.0 0.03998018 0.0 0.006219822 0.009005885 0.0 0.07778008 0.041252308 0.009127958 0.0 0.05876038 0.0 0.021261057 0.0 0.0 0.024524044 0.02264982 0.011052033 0.0 0.068600684 0.0034203732 0.07747528 0.038299013 0.020934496 0.0 0.0 0.0 0.07355866 0.03295651 0.04111921 0.0 0.0 0.020619983 0.04899036 0.05840245 0.025156511 0.0 0.0 0.046761893 0.0 0.0 0.024201846 0.0 0.006239623 0.011903361 0.00071372814 0.0 0.01710929 0.0 0.02863671
0.009859125 0.018033782 0.06112178 0.0 0.0 0.0072524627 0.0 0.0 0.0 0.0 0.01605681 0.0126833115 0.0 0.013798158 0.02980742 0.0 0.094943285 0.007361414 0.02724677 0.0 0.025324093 0.057564046 0.011052033 0.0 0.0015484701 0.0 0.0 0.025123483 0.0 0.014025252 0.016062263 0.013116813 0.0 0.0 0.028104592 0.046855886 0.0 0.024536826 0.06535802 0.07184276 0.011138669 0.041173216 0.0 0.010311651 0.0 0.025999654 0.0 0.086089276 0.0 0.0 0.032901756 0.0 0.0 0.030691182 0.0 0.0
0.0021492823 0.0 0.0 0.0 0.026635543 0.039839167 0.0 0.00914469 0.00056417275 0.026327841 0.0 0.02209312 0.009229167 0.0029247855 0.07549051 0.0 0.039259624 0.03403038 0.021894164 0.05940243 0.0 0.0 0.0 0.0015484701 0.0 0.0 0.0 0.0 0.10243209 0.0 0.0 0.05086684 0.052340046 0.0 0.02213329 0.0 0.029680463 0.0 0.0010185753 0.0 0.06250172 0.0 0.02342543 0.017476574 0.020696035 0.04818719 0.034079425 0.0 0.048746407 0.01985977 0.0 0.009572025 0.04685727 0.027127683 1.05081e-07 0.034670196
0.014137941 0.02631463 0.0 0.0 0.0 0.0 0.032316078 0.0024270169 0.0 0.004640995 0.009856626 0.0 0.0 0.033090502 0.01635545 0.0 0.081744544 0.00779245 0.009085537 0.0 0.0 0.07021113 0.068600684 0.0 0.0 0.0473685 0.004388502 0.06586629 0.0 0.0 0.0 0.00915724 0.0 0.053590715 0.04291411 0.017006965 0.0 0.03184807 0.02459977 0.019614218 0.06647928 0.0 0.010086298 0.04553678 0.0 0.00079055305 0.0 0.054697916 0.0 0.017640064 0.035085835 0.02003192 0.0 0.06898848 0.02185998 0.0
0.0130241895 0.0 0.0010532149 0.0 0.02743064 0.028597733 0.0012781555 0.0127521865 0.05370786 0.062491916 0.032082632 0.0 0.017054612 0.0092958445 0.0 0.050630007 0.00043183367 0.037991032 0.0350418 0.0 0.027664946 0.005235503 0.0034203732 0.0 0.0 0.004388502 0.0 0.025793033 0.0 0.016700007 0.032390207 0.009114082 0.009167714 0.008763549 0.071241155 0.002647847 0.0 0.05921509 0.0 0.015107183 0.075514905 0.037591517 0.02639534 0.0 0.0 0.007640128 0.0071164086 0.04725056 0.010911642 0.0 0.05892739 0.0 0.0 0.0 0.03454486 0.0
0.07214366 0.090209715 0.006707385 0.0 0.0049920697 0.0 0.010565012 0.0 0.0 0.0 0.03724343 0.03715568 0.00517843 0.050625235 0.0 0.037037473 0.01972207 0.0 0.0 0.0 0.0 0.022005586 0.07747527 0.02512348 0.0 0.06586629 0.025793033 0.09754879 0.0 0.0 0.0 0.0 0.0 0.0 0.0039436985 0.013206986 0.0 0.04309428 0.023889925 0.106688574 0.0 0.010827445 0.0 0.025848154 0.0 0.009086223 0.0 0.02403641 0.0 0.0 0.046094432 0.013592065 0.0 0.054787014 0.0018077218 0.0
0.021740561 0.019536002 0.015096504 0.033736885 0.045588795 0.023131132 0.041836027 0.0004854659 0.01985609 0.022848917 0.043620296 0.0073691877 0.0 0.0 0.0 0.0 0.0 0.01313854 0.0 0.0 0.09928554 0.031282324 0.038299013 0.0 0.10243209 0.0 0.0 0.0 0.0 0.0 0.044764016 0.05063633 0.0028671133 0.044675868 0.0 0.0 0.0 0.07505133 0.0 0.0 0.012611292 0.0 0.0 0.019591765 0.0 0.02006288 0.0 0.0 0.035026997 0.0 0.005785226 0.0 0.035583455 0.032523643 0.0 0.0
0.009091593 0.0 0.0 0.0 0.0071312366 0.0 0.0 0.048574086 0.045215443 0.065250665 0.0 0.02501405 0.0074578146 0.0 0.036238465 0.0 0.0 0.05634683 0.0 0.06390078 0.0 0.0 0.020934498 0.014025253 0.0 0.0 0.016700005 0.0 0.0 0.0 0.022396972 0.078723766 0.0 0.0012094463 0.05076468 0.0 0.052236665 0.0 0.0066249548 0.029435905 0.0333037 0.0 0.0 0.010370344 0.030046538 0.0 0.0 0.0 0.0 0.032431394 0.0 0.039299343 0.008535658 0.035140283 0.030659392 0.015185488
0.0 0.0 0.031139681 0.0 0.0078642545 0.0 0.0 0.055306338 0.017183574 0.0019154901 0.014060702 0.0 0.013976997 0.0 0.0 0.0 0.0 0.0 0.007827362 0.0 0.0 0.0 0.0 0.016062263 0.0 0.0 0.032390207 0.0 0.044764016 0.022396974 0.0 0.03915377 0.04334684 0.0 0.072280705 0.0 0.03493613 0.0 0.01048602 0.034641586 0.026537597 0.015356217 0.060635366 0.0 0.026757259 0.08246454 0.015551788 0.0 0.0 0.005952799 0.010009662 0.0 0.029317912 0.009448061 0.019425848 0.0374045
0.0 0.0 0.04679901 0.0 0.009786664 0.03989536 0.017584896 0.0 0.0 0.0 0.0 0.01949429 0.032137103 0.016250778 0.02965101 0.0 0.052618127 0.0 0.0 0.03806525 0.018286385 0.024166487 0.0 0.013116813 0.05086684 0.00915724 0.009114082 0.0 0.050636332 0.078723766 0.03915377 0.0 0.10642292 0.0 0.0 0.0 0.0 0.0 0.013044009 0.0 0.010202282 0.0 0.058548916 0.007471552 0.0067300415 0.007084727 0.04268576 0.018079635 0.0 0.05399823 0.0 0.0 0.048452258 0.0 0.0 0.03210412
0.007754226 0.02364471 0.01097987 0.0 0.10236877 0.08263895 0.0 0.0066478397 0.030914677 0.0059189484 0.006050729 0.0 0.056303337 0.0 0.0 0.0002596195 0.0 0.0 0.00014381106 0.07049945 0.0 0.009366734 0.0 0.0 0.05234004 0.0 0.009167714 0.0 0.002867113 0.0 0.04334684 0.10642292 0.13918519 0.0 0.011667855 0.0 0.0 0.029063437 0.012666293 0.008254289 0.0 0.0 0.03296181 0.0 0.010801853 0.012949002 0.01752507 0.015475244 0.02697754 0.0 0.0 0.0 0.071532756 0.0 0.004923018 0.0
0.0 0.0024870052 0.0 0.0 0.0 0.0 0.016844086 0.0508105 0.006022897 0.0 0.0 0.0 0.0 0.04913464 0.0 0.0 0.0 0.0 0.0 0.0 0.0 0.031622875 0.07355866 0.0 0.0 0.053590715 0.008763549 0.0 0.044675868 0.0012094465 0.0 0.0 0.0 0.038809024 0.05150104 0.0 0.075643554 0.0 0.0 0.0 0.051787365 0.0 0.0 0.013012681 0.02434989 0.0 0.0 0.035354387 0.011519917 0.13832133 0.0 0.027345918 0.0 0.08719045 0.027105534 0.022974769
0.025027944 0.066572405 0.051284194 0.0 0.023382645 0.0 0.0041574473 0.028994 0.009212661 0.0 0.01917425 0.019439092 0.007717178 0.029398123 0.006128527 0.028002765 0.0061013135 0.0 0.00922934 0.0 0.007284851 0.052640527 0.03295651 0.028104592 0.02213329 0.04291411 0.071241155 0.003943699 0.0 0.050764684 0.072280705 0.0 0.011667854 0.05150104 0.006292551 0.03204142 0.0 0.065966986 0.04188442 0.0047679227 0.0 0.07242778 0.0 0.0094133215 0.0 0.018229889 0.0 0.04784657 0.0 6.833279e-05 0.04379672 0.0 0.0 0.0155338375 0.0 0.0
0.0026142579 0.027706075 0.026669797 0.072404526 0.07941526 0.0 0.0 0.0 0.004831781 0.0 0.043007534 0.0 0.0 0.0 0.08142494 0.05040004 0.0 0.017964972 0.00996478 0.03040139 0.019058889 0.0 0.041119214 0.046855886 0.0 0.017006965 0.002647847 0.013206986 0.0 0.0 0.0 0.0 0.0 0.0 0.03204142 0.06939078 0.015041546 0.0 0.05191965 0.0 0.0 0.01169483 0.0 0.010853286 0.0 0.0 0.0 0.0 0.0 0.005413503 0.0483269 0.05049064 0.0 0.0 0.026168842 0.0
0.0 0.0075489804 0.041004643 0.007996955 0.01580975 0.03881922 0.017016783 0.0 0.0024920953 0.0 0.05138354 0.0 0.0016804535 0.0038716688 0.0 0.04142244 0.06873132 0.021235747 0.016249131 0.0 0.03279769 0.055078555 0.0 0.0 0.029680463 0.0 0.0 0.0 0.0 0.05223666 0.03493613 0.0 0.0 0.075643554 0.0 0.015041546 0.0 0.043931834 0.0062403125 0.05996771 0.0 0.08418521 0.005026678 0.07527595 0.0 0.0 0.020028379 0.023115281 0.06789585 0.0 0.03632702 0.011321168 0.06063492 0.0023641943 0.0 0.0
0.0 0.0 0.018303249 0.0 0.0 0.0022200162 0.0 0.0 0.0 0.031835526 0.0 0.0 0.08313184 0.0 0.01973612 0.0642342 0.029503528 0.0020039077 0.03702118 0.037269037 0.0 0.021591293 0.0 0.024536826 0.0 0.031848066 0.059215087 0.04309428 0.07505132 0.0 0.0 0.0 0.029063437 0.0 0.065966986 0.0 0.043931834 0.0 0.005425381 0.051052764 0.03147912 0.0 0.0093410695 0.0 0.027493244 0.0 0.029894529 0.009764787 0.0 0.04529427 0.0 0.0 0.0 0.0 0.0 0.1212528
0.023890294 0.032910906 0.004100893 0.058537368 0.041280724 0.007853198 0.019179154 0.051141772 0.102973044 0.0543475 0.018703248 0.0 0.011391218 0.001178666 0.044557527 0.0 0.0 0.027041188 0.033976678 0.05515344 0.0019580305 0.0 0.020619981 0.06535802 0.0010185754 0.02459977 0.0 0.023889925 0.0 0.006624955 0.01048602 0.013044009 0.012666294 0.0 0.04188442 0.05191965 0.006240312 0.005425381 0.0 0.0 0.0 0.0 0.0 0.017395161 0.0 0.032605305 0.029265396 0.0 0.013545145 0.0 0.021673156 0.011825196 0.01164728 0.0 0.0 0.0
0.052709706 0.026615096 0.0 0.015677406 0.07006717 0.0058506103 0.005200676 0.004250371 0.0019799247 0.018321248 0.04601532 0.0 0.0 0.05055612 0.0 0.0 0.020692281 0.0021162634 0.0 0.0 0.0 0.01665069 0.04899036 0.07184277 0.0 0.019614218 0.015107183 0.106688574 0.0 0.029435901 0.034641583 0.0 0.00825429 0.0 0.0047679227 0.0 0.05996771 0.05105276 0.0 0.0 0.016736913 0.0 0.0 0.04129866 0.00720663 0.021841861 0.008967139 0.0 0.0 0.009367197 0.058535386 0.057402015 0.0 0.020675363 0.0 0.0
0.051528506 0.06447835 0.051562414 0.109554306 0.01750061 0.027759876 0.03111601 0.0 0.02127549 0.0 0.02183287 0.00058157084 0.0 0.0 0.0 0.03789951 0.0074859974 0.0 0.008928824 0.0 0.0 0.0 0.05840244 0.011138669 0.06250172 0.06647927 0.075514905 0.0 0.012611292 0.0333037 0.026537597 0.010202282 0.0 0.051787365 0.0 0.0 0.0 0.03147912 0.0 0.016736913 0.0 0.004920534 0.0 0.015926981 0.03325815 0.016569182 0.0 0.0069767213 0.049688455 0.0 0.0 0.0 0.0 0.018691024 0.0 0.0
0.06483481 0.0 0.0 0.0381974 0.0077972603 0.0 0.0 0.07777391 0.016722804 0.0 0.005005684 0.0 0.0 0.0072191143 0.0 0.029414054 0.0 0.016605252 0.0 0.0 0.0 0.0 0.025156511 0.041173216 0.0 0.0 0.037591517 0.010827445 0.0 0.0 0.015356217 0.0 0.0 0.0 0.07242779 0.01169483 0.08418521 0.0 0.0 0.0 0.0049205334 0.0 0.004268581 0.0 0.04760905 0.06384461 0.0 0.0047994833 0.0 0.0 0.0 0.043310367 0.0 0.053524487 0.06306029 0.035284024
0.0 0.0 0.028596973 0.10216595 0.040759627 0.07214111 0.004853795 0.0 0.05193674 0.011506347 0.0 0.002124697 0.022547696 0.009310401 0.0 0.0 0.009944528 0.056756657 0.050125737 0.048977155 0.084286295 0.042142447 0.0 0.0 0.02342543 0.010086298 0.02639534 0.0 0.0 0.0 0.060635366 0.05854892 0.03296181 0.0 0.0 0.0 0.0050266786 0.0093410695 0.0 0.0 0.0 0.0042685806 0.026448198 0.0 0.0 0.035714176 0.0 0.0 0.079775415 0.0 0.0014194446 0.013036181 0.040559728 0.011045004 0.0 0.0
0.05376918 0.06368818 0.0 0.0013487211 0.0 0.0 0.013320074 0.0 0.0 0.07031799 0.0 0.0 0.022189917 0.050462097 0.0 0.0 0.0063796923 0.0022956557 0.0 0.0 0.0 0.0 0.0 0.010311651 0.017476575 0.04553678 0.0 0.025848154 0.019591765 0.010370344 0.0 0.007471552 0.0 0.013012681 0.009413322 0.010853286 0.07527595 0.0 0.017395161 0.04129866 0.015926981 0.0 0.0 0.027983308 0.060675863 0.0067460597 0.041730214 0.0 0.04915014 0.05234607 0.0 0.050715547 0.009436248 0.043201856 0.0 0.034446545
0.03126178 0.005842574 0.0 0.0050149993 0.0 0.0 0.12670434 0.0 0.01213646 0.0 0.059447184 0.0 0.022148738 0.029576898 0.0 0.03898546 0.0 0.009269843 0.023669694 0.0 0.0 0.0146060595 0.046761893 0.0 0.020696035 0.0 0.0 0.0 0.0 0.030046536 0.026757259 0.0067300415 0.010801852 0.02434989 0.0 0.0 0.0 0.027493244 0.0 0.0072066295 0.033258148 0.04760905 0.0 0.060675863 0.0 0.0 0.04203169 0.011022163 0.0 0.0021636693 0.08009391 0.0 0.020397548 0.015193168 0.0017201821 0.0536417
0.008045645 0.021427313 0.0 0.007862975 0.016704803 0.0 0.0 0.0 0.048127007 0.0 0.0 0.039211262 0.034052778 0.0 0.015625242 0.051492147 8.680364e-05 0.0054274774 0.04248616 0.0 0.0 0.005159017 0.0 0.025999654 0.04818719 0.00079055305 0.0076401285 0.009086222 0.02006288 0.0 0.082464546 0.007084727 0.012949002 0.0 0.018229887 0.0 0.0 0.0 0.032605305 0.021841861 0.016569184 0.06384461 0.03571417 0.0067460593 0.0 0.05742739 0.039160762 0.011976196 0.0 0.0330574 0.022039197 0.005445828 0.0291335 0.0 0.04575075 0.0057041035
0.0058619953 0.0 0.03069493 0.11194662 0.0 0.04447002 0.0093002 0.016836138 0.10804721 0.024632802 0.013052644 0.0645435 0.0 0.0 0.0 0.0 0.0 0.051148083 0.026976002 0.054041598 0.036627613 0.0 0.0 0.0 0.03407942 0.0 0.0071164086 0.0 0.0 0.0 0.015551787 0.04268576 0.01752507 0.0 0.0 0.0 0.02002838 0.029894529 0.029265396 0.008967138 0.0 0.0 0.0 0.041730214 0.04203169 0.039160762 0.07696548 0.002745971 0.043320253 0.0 0.016068216 0.0 0.019323012 0.0 0.0 0.0
0.036676414 0.0034386367 0.0 0.013231192 0.0 0.004043694 0.0 0.10096417 0.016991664 0.0 0.0227974 0.0 0.06471822 0.059389725 0.0 0.013540414 0.0 0.033816732 0.02869565 0.011472966 0.0 0.0 0.024201844 0.086089276 0.0 0.054697916 0.04725056 0.02403641 0.0 0.0 0.0 0.018079635 0.015475243 0.035354387 0.047846567 0.0 0.023115283 0.009764787 0.0 0.0 0.0069767213 0.0047994833 0.0 0.0 0.011022163 0.011976196 0.002745971 0.0 0.0 0.0 0.021607319 0.1094093 0.0 0.02947697 0.0 0.004489865
0.0 0.0 0.0 0.0 0.0 0.0 0.0 0.0 0.012387293 0.00532941 0.0 0.07621647 0.010404485 0.02052109 0.03117738 0.0 0.0 0.02789434 0.0 0.024349663 0.0 0.0 0.0 0.0 0.048746403 0.0 0.010911641 0.0 0.035026997 0.0 0.0 0.0 0.026977543 0.011519917 0.0 0.0 0.06789585 0.0 0.013545146 0.0 0.049688455 0.0 0.079775415 0.04915014 0.0 0.0 0.04332025 0.0 0.052658554 0.056648675 0.009319095 0.0 0.025061103 0.030921442 0.0 0.013034552
0.0 0.028646858 0.025645796 0.010246451 0.02528056 0.036390033 0.07375704 0.0 0.004236959 0.012672581 0.0034319551 0.0019836826 0.0 0.012148871 0.004401897 0.043597866 0.0 0.07715524 0.0 0.006811896 0.078750804 0.017846081 0.006239623 0.0 0.01985977 0.017640064 0.0 0.0 0.0 0.03243139 0.005952799 0.05399823 0.0 0.13832133 6.833279e-05 0.005413503 0.0 0.045294274 0.0 0.009367197 0.0 0.0 0.0 0.052346066 0.0021636696 0.033057403 0.0 0.0 0.056648675 0.09478482 0.0022180155 0.0 0.03268124 0.024959689 0.0 0.0
0.062243134 0.0 0.0 0.013644847 0.0 0.0 0.0 0.011436474 0.013997779 0.0143834995 0.03952542 0.0 0.0046230443 0.024543632 0.0 0.0 0.038254336 0.020128863 0.0080202315 0.009889538 0.0 0.0 0.0119033605 0.032901756 0.0 0.03508584 0.05892739 0.046094432 0.005785226 0.0 0.010009661 0.0 0.0 0.0 0.04379672 0.0483269 0.03632702 0.0 0.021673154 0.058535382 0.0 0.0 0.0014194447 0.0 0.08009391 0.022039197 0.016068216 0.021607319 0.009319095 0.0022180155 0.10363127 0.0671348 0.0 0.030692728 0.0757819 0.024574887
0.018007446 0.01616046 0.09173621 0.002820977 0.0 0.0 0.078065544 0.0 0.0 0.0 0.0 0.0 0.0 0.05310027 0.0 0.07958206 0.12183348 0.0047099805 0.0 0.0 0.0053194133 0.015250766 0.00071372814 0.0 0.009572025 0.020031918 0.0 0.013592064 0.0 0.039299343 0.0 0.0 0.0 0.027345916 0.0 0.05049064 0.011321168 0.0 0.011825197 0.057402015 0.0 0.043310367 0.013036182 0.050715547 0.0 0.0054458287 0.0 0.1094093 0.0 0.0 0.0671348 0.0 0.0 0.014497304 0.0 0.027353076
0.0 0.0 0.0 0.0 0.0 0.0 0.0 0.0018673708 0.028355444 0.034680232 0.0 0.09084515 0.0 0.0 0.058916092 0.0 0.0 0.01818283 0.0 0.0994741 0.0 0.0 0.0 0.0 0.04685727 0.0 0.0 0.0 0.035583455 0.008535659 0.029317912 0.048452254 0.07153276 0.0 0.0 0.0 0.060634922 0.0 0.01164728 0.0 0.0 0.0 0.040559728 0.009436248 0.020397548 0.0291335 0.019323012 0.0 0.025061104 0.03268124 0.0 0.0 0.08412266 0.008197547 0.0 0.013963784
0.0 0.010914063 0.032179147 0.0 0.0 0.0 0.08034575 0.047126297 0.02764883 0.0 0.002667635 0.0 0.0 0.045335837 0.0 0.032088246 0.021285733 0.00888207 0.010021281 0.0014940883 0.0060092304 0.0 0.017109288 0.030691182 0.027127685 0.06898847 0.0 0.054787014 0.032523643 0.035140283 0.009448062 0.0 0.0 0.08719045 0.0155338375 0.0 0.0023641943 0.0 0.0 0.020675365 0.018691024 0.053524487 0.011045004 0.043201856 0.015193169 0.0 0.0 0.029476972 0.030921442 0.024959689 0.030692726 0.014497303 0.008197546 0.04025831 0.03658094 0.022880131
0.036259115 0.04075203 0.05320692 0.0 0.0011062003 0.010639701 0.054695703 0.0 0.046003528 0.0 0.09466494 0.000812792 0.01566123 0.034950227 0.004774841 0.08477658 0.053647935 0.0 0.04939834 0.017518556 0.026943153 0.018803226 0.0 0.0 1.0508099e-07 0.02185998 0.03454486 0.0018077219 0.0 0.030659394 0.01942585 0.0 0.004923018 0.027105533 0.0 0.026168842 0.0 0.0 0.0 0.0 0.0 0.06306028 0.0 0.0 0.0017201822 0.04575075 0.0 0.0 0.0 0.0 0.0757819 0.0 0.0 0.03658094 0.0 0.0104263015
0.04807269 0.07243537 0.00087556685 0.05027715 0.06871178 0.004988615 0.0 0.022638498 0.013886531 0.029350763 0.05257041 0.0 0.0066453265 0.019197654 0.0 0.007033121 0.0041036275 0.01708588 0.0 0.023435824 0.04764731 0.015896486 0.02863671 0.0 0.034670196 0.0 0.0 0.0 0.0 0.015185488 0.0374045 0.03210412 0.0 0.022974769 0.0 0.0 0.0 0.12125278 0.0 0.0 0.0 0.035284024 0.0 0.03444655 0.0536417 0.0057041035 0.0 0.004489865 0.013034551 0.0 0.024574887 0.027353076 0.013963785 0.022880131 0.010426301 0.0
