0.077341154 0.054795023 0.0 0.0 0.0 0.07570605 0.0 0.040998094 0.0 0.0 0.0 0.013607239 0.0 0.05052995 0.0 0.0 0.07469669 0.0 0.007778037 0.0 0.0 0.0 0.06928748 0.0 0.023659758 0.0 0.0 0.0 0.13487919 0.058752935 0.0 0.0 0.0 0.0 0.00223954 0.0 0.004951964 0.0 0.0 0.015877897 0.007954072 0.016867578 0.009645143 0.04470572 0.055459335 0.0 0.0 0.023496814 0.0651687 0.011652522 0.0 0.021944713 0.0 0.02516372 0.0124451425 0.00888133
0.054795023 0.0 0.0 0.026708849 0.005832812 0.033850323 0.0056401626 0.0070623825 0.043489564 0.054860365 0.0052942266 0.014515958 0.0043502036 0.0 0.0 0.0 0.0038681526 0.04269459 0.0 0.0 0.00559408 0.0 0.0 0.0075026844 0.0 0.002946223 0.0 0.0 0.0 0.0 0.034079533 0.0 0.05278036 0.003195446 0.025263328 0.032632153 0.027128948 0.116568364 0.098348245 0.011707449 0.0059283613 0.0012951641 0.03489297 0.00258821 0.009752908 0.07393033 0.0330014 0.0060010734 0.00038419358 0.0062183235 0.0027380683 0.049658194 0.007026636 0.0 0.041633848 0.018411767
0.0 0.0 0.0 0.0 0.0 0.025676424 0.0 0.06500514 0.0 0.0022210658 0.0 0.0 0.005985361 0.08394753 0.005711857 0.03590362 0.0 0.0 0.0036887892 0.0026522796 0.0 0.010725509 0.0 0.047895115 0.06572436 0.01162849 0.024098238 0.0590167 0.018578138 0.0 0.0 0.011084979 0.01247275 0.010287158 0.010166983 0.026184212 0.0 0.02284403 0.019548832 0.031845395 0.12961477 0.0 0.00076752936 0.034018643 0.0 0.0003557503 0.0 0.08275026 0.0 0.028770616 0.0 0.03402741 0.0 0.0 0.0012962268 0.04639329
0.0 0.02670885 0.0 5.954843e-05 0.15803574 0.0 0.0 0.005490964 0.014474253 0.011634777 0.030831417 0.0 0.10047802 0.0 0.012215979 0.0 0.0 0.0 0.0 0.0 0.0 0.040350933 0.0 0.04001498 0.0 0.020028455 0.019032255 0.046801277 0.0 0.0 0.020955663 0.0 0.026018076 0.0 0.0 0.028645338 0.0 0.06863033 0.0 0.0 0.003328168 0.0 0.050104544 0.0 0.0 0.041505374 0.048425376 0.037507534 0.0 0.0 0.0 0.023773964 0.0031824198 0.0 0.0 0.0
0.0 0.0058328114 0.0 0.15803574 0.11281523 0.0 0.0 0.0 0.06137491 0.0 0.018960752 0.0 0.054081406 0.0 0.0050400547 0.005804072 0.0 0.0 0.0 0.01705837 0.00010784023 0.05044176 0.0 0.0 0.0 0.012908786 0.007955248 0.0 0.02214577 0.032624498 0.08859061 0.048449755 0.0 0.0 0.0 0.030992644 0.011266384 0.054414764 0.0 0.0 0.0 0.0 0.093048915 0.0 0.0 0.0 0.0053635277 0.010614945 0.030485937 0.0 0.0 0.0 0.0 0.046631828 0.02842653 0.004242222
0.07570605 0.033850323 0.025676426 0.0 0.0 0.0 0.0 0.06003715 2.7667292e-08 0.10154946 0.0 0.0 0.0 0.0 0.0 0.0011371151 0.0 0.022037862 0.0 0.0 0.0 0.0 0.0 0.0101356 0.0 0.048972607 0.027614614 0.089189954 0.0 0.0066749617 0.0 0.0053220345 0.0 0.018162051 0.07277835 0.029812645 0.033248443 0.006819569 0.0 0.0 0.032817885 0.0 0.0 0.0 0.03596099 0.016863031 0.0 0.05993612 0.0 0.030173138 0.015638374 0.038915936 0.0011261827 0.0 0.012848072 0.104316026
0.0 0.005640163 0.0 0.0 0.0 0.0 0.02143636 0.027213015 0.041651748 0.037690766 0.009591253 0.0 0.046369616 0.049338415 0.007967865 0.0 0.016548175 0.009405876 0.0 0.0 0.0 0.01353054 0.020596867 0.044957057 0.0022749295 0.03514649 0.0 0.10926746 0.020313466 0.0 0.030867226 0.026128069 0.0 0.0 0.0 0.06738636 0.006871094 0.023850406 0.06961783 0.05916019 0.030139647 0.0 0.0 0.006380837 0.017954035 0.03950866 0.009545809 0.0209302 0.0 0.004062764 0.016867755 0.0 0.0 0.0 0.023822952 0.0
0.040998094 0.0070623825 0.06500514 0.005490964 0.0 0.06003715 0.027213015 0.06635448 0.0025746338 0.0 0.024789672 0.035480816 0.0 0.009568186 0.020276785 0.03550165 0.032520726 0.030991409 0.008275333 0.0 0.03390204 0.0 0.043614905 0.0 0.040159706 0.00027793425 0.0 0.009815864 0.04256618 0.027464615 0.006774517 0.0010206291 0.018912092 0.016586788 0.020242492 0.0 0.051019687 0.0 0.008322095 0.0 0.0 0.041161317 0.0 0.03652981 0.037448 0.008127577 0.0 0.014343228 0.0377116 0.018851161 0.040246483 0.0 0.022779007 0.008929849 0.042150363 0.038525157
0.0 0.043489564 0.0 0.014474252 0.06137491 2.7667292e-08 0.041651748 0.0025746338 0.029423542 0.0 0.0086745955 0.01988386 0.0 0.0 0.014815438 0.031800743 0.0 0.03865039 0.021937093 0.048553996 0.011034081 0.0134261055 0.052386913 0.012860449 0.011721981 0.0 0.0 0.0 0.0 0.0 0.052404728 0.030302031 0.0 0.0 0.005326249 0.0 0.025519056 0.032620635 0.01865066 0.0 0.010554273 0.0667198 0.028878992 0.0 0.0 0.036336694 0.06910506 0.020552788 0.015447001 0.0 0.0 0.04907141 0.038528956 0.011856014 0.0013259569 0.0
0.0 0.054860365 0.0022210658 0.011634777 0.0 0.10154946 0.037690762 0.0 0.0 0.03480761 0.002530784 0.0455586 0.0020289866 0.0 0.03748924 0.0 0.038030926 0.03258311 0.1139338 0.050223608 0.038552336 0.01342918 0.035097286 0.0024970523 0.009543494 0.03699675 0.0 0.0 0.023983525 0.014062167 0.0 0.0 0.0 0.0 0.010801576 0.0 0.0 0.0 0.020505613 0.0 0.0 0.008611754 0.0 0.065573506 0.0 0.013736999 0.031866156 0.0 0.033752464 0.0 0.0 0.0 0.06966069 0.0 0.0 0.0
0.0 0.005294227 0.0 0.030831417 0.018960753 0.0 0.009591253 0.024789672 0.0086745955 0.002530784 0.0 0.014529268 0.0 0.010257641 0.03160344 0.030394103 0.0 0.0 0.0 0.0 0.0 0.025082005 0.0 0.004201075 0.0 0.0 0.06764515 0.020563727 0.020918014 0.011265062 0.06192389 0.055566687 0.0 0.0 0.0 0.056801274 0.0 0.0020009945 0.0 0.0 0.030009199 0.026246278 0.10412403 0.0 0.0 0.0064783343 0.0 0.04293392 0.0056560896 0.0 0.020566503 0.00024898042 0.0 0.03250125 0.029060664 0.0
0.013607238 0.014515958 0.0 0.0 0.0 0.0 0.0 0.03548082 0.01988386 0.0455586 0.014529269 0.0 0.0 0.050891317 0.0001474535 0.049983766 0.010027596 0.0 0.012859793 0.0 0.0 0.009320441 0.0 0.06151878 0.020026257 0.021578565 0.015156032 0.05494375 0.0037362166 0.0 0.006103367 0.013483882 0.0 0.0 0.01974493 0.0 0.07750453 0.0 0.0036792436 0.090568006 0.067254975 0.0052573844 0.0033910444 0.07104841 0.023943963 0.0 0.0 0.0 0.0 0.015226913 0.06580188 0.0629942 0.0 0.0060876682 0.0 0.04808495
0.0 0.004350204 0.005985361 0.10047802 0.054081406 0.0 0.046369616 0.0 0.0 0.0020289866 0.0 0.0 0.0 0.0 0.0 0.0 0.030213818 0.020932319 0.027949257 0.04286817 0.13157788 0.016285533 0.0038627682 0.0 0.010954085 0.0 0.025806623 0.0 0.0 0.0 0.070853174 0.034040693 0.0 0.03748737 0.0 0.022086358 0.0030965733 0.0 0.0 0.007110328 0.0 0.0021846637 0.0 0.0 0.017704863 0.03811474 0.055928204 0.0 0.06971882 0.0 0.0073660156 0.013850948 0.046886418 0.059057306 0.0 0.0
0.05052995 0.0 0.08394753 0.0 0.0 0.0 0.049338415 0.009568186 0.0 0.0 0.010257641 0.050891317 0.0 0.0 0.0 0.0 0.038003292 0.060025733 0.0 0.0038715494 0.0023824358 0.0 0.049611673 0.0 0.0 0.000171667 0.043461774 0.0 0.05490545 0.0071068667 0.0 0.0 0.025993919 0.02037608 0.046794087 0.0 0.0 0.0 0.0052146763 0.023265019 0.038356647 0.074867316 0.0 0.021673724 0.031011635 0.0 0.0 0.0 0.0 0.06589031 0.0 0.0 0.10881931 0.013010219 0.00082216767 0.06988213
0.0 0.0 0.005711857 0.012215979 0.0050400547 0.0 0.007967865 0.020276785 0.014815439 0.037489235 0.03160344 0.0001474535 0.0 0.0 0.0 0.0 0.023952033 0.0 0.014254251 0.046473783 0.0 0.06331916 0.0 0.019251002 0.049961653 0.0074937707 0.01515686 0.02289756 0.0012891135 0.059860777 0.027006695 0.034131326 0.028434778 0.0 0.01084363 0.030009486 0.0 0.058674924 0.005976322 0.0 0.047377296 0.027144866 0.029799996 0.047395088 0.0 0.0 0.02169001 0.0066182986 0.01604991 0.0 0.06526871 0.0037884074 0.0 0.041599374 0.004486525 0.027003614
0.0 0.0 0.03590362 0.0 0.005804072 0.0011371152 0.0 0.03550165 0.031800743 0.0 0.030394102 0.049983762 0.0 0.0 0.0 0.006232045 0.052511126 0.010945359 0.0186187 0.06648244 0.048548 0.0066432646 0.012635696 0.0 0.06768283 0.0 0.045846798 0.0013739531 0.0 0.04175558 0.024907222 0.06340612 0.04487691 0.06367342 0.0 0.0 0.003861065 0.0 0.0 0.0 0.0 0.030951552 0.0 0.0 0.0036267512 0.0 0.03250157 0.03731134 0.008064504 0.0 0.020502264 0.0 0.08888548 0.0 0.0 0.021579191
0.0746967 0.0038681524 0.0 0.0 0.0 0.0 0.016548175 0.032520726 0.0 0.03803093 0.0 0.010027596 0.030213818 0.038003292 0.023952033 0.052511126 0.04452858 0.0 0.041631903 0.00039929495 0.0 0.010139546 0.017766848 0.0 0.0 0.122082576 0.026955035 0.045708954 0.000979431 0.008944367 0.0 0.0 0.039796803 0.002041797 0.015013962 0.0 0.007918092 0.0 0.025237465 0.043437157 0.027794609 0.0 0.0 0.0 0.0 0.01936381 0.028636435 0.0 0.02209324 0.070739165 0.011839561 0.0 0.0 0.027977575 0.004960712 0.0
0.0 0.04269459 0.0 0.0 0.0 0.02203786 0.009405876 0.030991409 0.03865039 0.032583106 0.0 0.0 0.020932319 0.060025737 0.0 0.010945358 0.0 0.0 0.013112213 0.018309489 0.0023947423 0.07461629 0.0 0.030099379 0.0 0.047120355 0.030474054 0.0 0.0 0.0 0.021967437 0.0 0.0 0.002083664 0.035792883 0.0 0.0 0.014455715 0.060600534 0.032102145 0.028362636 0.0 0.017597012 0.0 0.0 0.0 0.020325296 0.06553052 0.0 0.0 0.0 0.02108386 0.0 0.0 0.004816466 0.041902244
0.0077780364 0.0 0.003688789 0.0 0.0 0.0 0.0 0.008275333 0.021937093 0.1139338 0.0 0.012859794 0.027949257 0.0 0.0142542515 0.0186187 0.041631907 0.0131122125 0.0 0.0 0.0 0.0 0.0 0.088528275 0.0 0.045726202 0.0 0.013882796 0.013836234 0.0 0.0 0.004861183 0.026994739 0.0 0.0 0.061021037 0.027986195 0.0 0.022064487 0.005147488 6.9568e-07 0.0 0.01931035 0.007916431 0.031258307 0.09694814 0.0 0.018365337 0.0 0.019362124 0.0 0.07621374 0.0 0.028347755 0.050681807 0.011501682
0.0 0.0 0.0026522798 0.0 0.017058369 0.0 0.0 0.0 0.048554 0.050223608 0.0 0.0 0.04286817 0.0038715494 0.046473783 0.06648244 0.00039929495 0.018309489 0.0 0.0 0.02608213 0.0 0.0 0.006574472 0.012459611 0.0 0.024443135 0.0 0.0 0.016377887 0.0 0.029944044 0.07286865 0.0 0.050167922 0.1034646 0.0 0.027508665 0.0303976 0.0 0.03971598 0.0 0.0 0.0 0.0 0.0 0.0 0.050195564 0.0 0.0 0.0 0.026513144 0.0076445257 0.0 0.031908646 0.0
0.0 0.00559408 0.0 0.0 0.00010784022 0.0 0.0 0.033902045 0.011034081 0.038552336 0.0 0.0 0.13157788 0.0023824358 0.0 0.048547998 0.0 0.002394742 0.0 0.02608213 0.0 0.0 0.0 0.0 0.0 0.03151533 0.0016410609 0.023031026 0.0 0.0 0.012119541 0.0 0.075914286 0.0 0.00656767 0.04628392 0.0 3.5193465e-05 0.07881924 0.029313345 0.029954039 0.0 0.044234533 0.068920396 0.0 0.0010497578 0.0441552 0.0 0.01625504 0.062410172 0.016837142 0.06224707 0.0 0.0 0.008149205 0.00071897137
0.0 0.0 0.010725508 0.040350933 0.050441757 0.0 0.013530541 0.0 0.013426106 0.01342918 0.025082005 0.009320441 0.016285535 0.0 0.06331916 0.006643264 0.010139547 0.0746163 0.0 0.0 0.0 0.0 0.06424117 0.0141407205 0.13282469 0.0 0.004312409 0.048790477 0.003497124 0.022929283 0.00021797292 0.08236024 0.0 0.0 0.0 0.036236085 0.032413356 0.025444979 0.027008528 0.06976102 0.01708872 0.0 0.023991352 0.0 0.0 0.0026207336 0.0 0.0022285557 0.0 0.0 0.0 0.018801615 0.028773708 0.0 0.0 0.0
0.06928748 0.0 0.0 0.0 0.0 0.0 0.020596867 0.043614905 0.052386917 0.03509729 0.0 0.0 0.0038627684 0.049611673 0.0 0.012635695 0.017766848 0.0 0.0 0.0 0.0 0.06424117 0.0 0.01368602 0.0 0.013545529 0.0074819652 0.0 0.0 0.0 0.0 0.0 0.0 0.016322622 0.07141305 0.0 0.027129268 0.0 0.008647226 0.004327886 0.069725595 0.0 0.016029065 0.017361581 0.03600714 0.041359287 0.0 0.0 0.0 0.038285132 0.006136968 0.08138316 0.023902204 0.04510879 0.035332683 0.014655171
0.0 0.007502684 0.047895115 0.04001498 0.0 0.010135601 0.044957057 0.0 0.012860448 0.0024970525 0.004201075 0.061518777 0.0 0.0 0.019251 0.0 0.0 0.030099379 0.088528275 0.006574472 0.0 0.014140721 0.013686019 0.008109954 0.06448494 0.0 0.0 0.0 0.0 0.012677183 0.021082813 0.03092376 0.015369665 0.013357553 0.0036926903 0.011300479 0.017038638 0.04293403 0.034873392 0.0 0.0 0.012625251 0.0 0.0 0.0 0.044318736 0.07668253 0.0 0.06929985 0.015350077 0.0 0.0 0.04270694 0.003096721 0.009701915 0.0
0.02365976 0.0 0.06572436 0.0 0.0 0.0 0.0022749295 0.040159702 0.011721982 0.009543493 0.0 0.020026257 0.010954085 0.0 0.049961653 0.06768284 0.0 0.0 0.0 0.01245961 0.0 0.13282469 0.0 0.06448494 0.0 0.0 0.021739623 0.04173527 0.008998605 0.0 0.026285138 0.0069048596 0.019222531 0.0 0.03195906 0.02979146 0.0 0.04723246 0.0 0.032996386 0.021368435 0.0 0.018869562 0.052377593 0.0031746312 0.02106238 0.003617285 0.025267534 0.0 0.020200333 0.013157981 0.024683947 0.0 0.067196324 0.023325326 0.0
0.0 0.0029462227 0.011628491 0.020028455 0.012908786 0.048972607 0.035146493 0.00027793425 0.0 0.036996752 0.0 0.021578565 0.0 0.000171667 0.0074937707 0.0 0.122082576 0.04712035 0.045726206 0.0 0.03151533 0.0 0.013545528 0.0 0.0 0.018461604 0.0 0.0 0.0 0.052795965 0.0 0.0 0.0 0.085442126 0.0 0.0 0.0 0.016594155 0.014341328 0.03679327 0.032766335 0.03313914 0.00200707 0.057702757 0.0 0.0014357897 0.0 0.016436825 0.09211349 0.009532642 0.0 0.002061831 0.047548622 0.0 0.0 0.004437843
0.0 0.0 0.024098238 0.019032255 0.007955248 0.027614614 0.0 0.0 0.0 0.0 0.06764515 0.015156032 0.025806624 0.043461774 0.01515686 0.045846798 0.026955035 0.030474056 0.0 0.024443137 0.0016410608 0.004312409 0.0074819652 0.0 0.021739623 0.0 0.06606855 0.0 0.0062963436 0.0 0.053910755 0.042909455 0.0 0.048760355 0.0030493191 0.0 0.03089427 0.061073355 0.0 0.00024734045 0.041074652 0.0 0.015505272 0.0 0.043337237 0.024917379 0.08745523 0.037306666 0.008258471 0.00011325667 0.01943345 0.030373508 0.02403033 0.026858669 0.0 0.0
0.0 0.0 0.059016697 0.046801273 0.0 0.08918995 0.10926746 0.009815864 0.0 0.0 0.020563727 0.05494375 0.0 0.0 0.02289756 0.001373953 0.045708954 0.0 0.013882797 0.0 0.023031026 0.048790477 0.0 0.0 0.041735273 0.0 0.0 0.0 0.0891575 0.061559547 0.0 0.0 0.013452453 0.03538002 0.02347976 0.0 0.0 0.0 0.0 0.0 0.0085479235 0.022442197 0.0037355504 0.0065588 0.0 0.008360724 0.0 0.0 0.0069737034 0.01754657 0.0 0.0 0.049167603 0.0032051008 0.013154853 0.06919859
0.13487919 0.0 0.018578136 0.0 0.02214577 0.0 0.020313466 0.04256618 0.0 0.023983525 0.020918014 0.0037362163 0.0 0.05490545 0.0012891135 0.0 0.0009794309 0.0 0.013836235 0.0 0.0 0.0034971242 0.0 0.0 0.008998605 0.0 0.0062963436 0.0891575 0.0 0.0 0.0 0.0 0.0 0.016675463 0.0 0.026527649 0.0 0.0 0.0 0.030048832 0.042386528 0.0 0.0 0.09509393 0.018267307 0.0 0.0 0.0018685822 0.0 0.023733437 0.026366336 0.056843046 0.0037093547 0.003110184 0.0 0.039655674
0.05875293 0.0 0.0 0.0 0.0326245 0.0066749617 0.0 0.027464615 0.0 0.014062167 0.011265062 0.0 0.0 0.0071068667 0.059860777 0.04175558 0.008944367 0.0 0.0 0.016377887 0.0 0.022929283 0.0 0.012677184 0.0 0.052795965 0.0 0.06155955 0.0 0.0 0.0 0.0 0.05190261 0.0 0.0011107997 0.030030413 0.038724903 0.0 0.0 0.038603038 0.08086988 0.0 0.02172176 0.000809219 0.0 0.0 0.0 0.0376583 0.0 0.062779725 0.02396272 0.081231795 0.020116244 0.016842816 0.0026642974 0.0031622197
0.0 0.034079537 0.0 0.020955663 0.08859061 0.0 0.030867226 0.0067745172 0.052404728 0.0 0.061923895 0.006103367 0.070853174 0.0 0.027006695 0.024907222 0.0 0.021967435 0.0 0.0 0.012119541 0.0002179729 0.0 0.021082815 0.026285136 0.0 0.05391075 0.0 0.0 0.0 0.025251713 0.060515463 0.010232925 0.02037319 0.0 0.044470754 0.0 0.033045337 0.015283643 0.022992097 0.0 0.0069619603 0.055656016 0.0 0.003950051 0.0 0.029585963 0.016151605 0.0 0.0 0.0 0.004737229 0.014692096 0.011900561 0.0 0.0
0.0 0.0 0.011084979 0.0 0.048449755 0.0053220345 0.02612807 0.001020629 0.030302033 0.0 0.05556669 0.013483882 0.034040693 0.0 0.034131326 0.06340611 0.0 0.0 0.004861183 0.029944044 0.0 0.08236024 0.0 0.03092376 0.006904859 0.0 0.04290945 0.0 0.0 0.0 0.06051546 0.04633944 0.032517947 0.0 0.031061996 0.0 0.005448618 0.0123832645 0.0 0.0 0.0 0.0023097824 0.04985357 0.0 0.010312931 0.028350301 0.06626218 0.0037828884 0.007231382 0.0 0.0026420911 0.026022263 0.013324545 0.009120207 0.055262186 0.0
0.0 0.05278036 0.01247275 0.026018076 0.0 0.0 0.0 0.01891209 0.0 0.0 0.0 0.0 0.0 0.025993917 0.028434778 0.04487691 0.039796803 0.0 0.02699474 0.07286865 0.075914286 0.0 0.0 0.015369666 0.019222531 0.0 0.0 0.013452453 0.0 0.05190261 0.010232925 0.03251795 0.0 0.002951021 0.0 0.03844494 0.003838549 0.06058309 0.057455733 0.0 0.017701948 0.0003603279 0.036760613 0.0 0.0 0.023240117 0.0 0.05777903 0.0 0.0 0.0 0.04208625 0.0 0.0 0.013251726 0.039408933
0.0 0.0031954458 0.010287158 0.0 0.0 0.018162051 0.0 0.016586788 0.0 0.0 0.0 0.0 0.03748737 0.02037608 0.0 0.06367342 0.002041797 0.002083664 0.0 0.0 0.0 0.0 0.016322624 0.013357554 0.0 0.085442126 0.04876036 0.03538002 0.016675463 0.0 0.02037319 0.0 0.002951021 0.1267624 0.0026337532 0.0 0.00093851995 0.0 0.015194797 0.023674976 0.07909217 0.01599784 0.016283317 0.030136017 0.0 0.0005052267 0.0 0.04000865 0.0 0.05606765 0.000312843 0.003128117 0.013109657 0.009815246 0.04807929 0.050794665
0.0022395402 0.025263328 0.010166982 0.0 0.0 0.07277835 0.0 0.020242492 0.005326249 0.010801576 0.0 0.01974493 0.0 0.04679409 0.010843631 0.0 0.015013961 0.035792883 0.0 0.050167922 0.0065676705 0.0 0.071413055 0.0036926903 0.03195906 0.0 0.0030493191 0.02347976 0.0 0.0011107997 0.0 0.031061996 0.0 0.002633753 0.0746732 0.03498285 0.0038412027 0.0 0.038428046 0.0 0.029758813 0.025467608 0.0 0.0 0.08566585 0.008830667 0.0 0.0 0.022774335 0.0 0.013482764 0.0 0.0 0.045940027 0.014642234 0.02082784
0.0 0.032632157 0.026184212 0.02864534 0.030992644 0.029812643 0.06738636 0.0 0.0 0.0 0.056801274 0.0 0.022086358 0.0 0.030009484 0.0 0.0 0.0 0.061021037 0.1034646 0.046283923 0.03623608 0.0 0.011300479 0.02979146 0.0 0.0 0.0 0.026527649 0.030030413 0.044470754 0.0 0.038444936 0.0 0.034982853 0.0 0.003911035 0.0073776855 0.013982001 0.01983783 0.0030269772 0.03914103 0.039828107 0.01422013 0.0 0.0 0.027026478 0.00097635575 0.016145555 0.0 0.0 0.0 0.012753752 0.039969176 0.0 0.0
0.004951964 0.027128948 0.0 0.0 0.011266384 0.033248443 0.006871094 0.051019687 0.025519056 0.0 0.0 0.07750453 0.0030965733 0.0 0.0 0.003861065 0.007918093 0.0 0.027986193 0.0 0.0 0.032413356 0.027129268 0.017038638 0.0 0.0 0.03089427 0.0 0.0 0.038724903 0.0 0.0054486184 0.003838549 0.00093852 0.0038412027 0.003911035 0.014989195 0.013330408 0.018707892 0.0 0.0 0.06306427 0.015699929 0.016124275 0.03159735 0.008451459 0.0 0.0 0.098626845 0.008005568 0.0 0.0 0.064253025 0.07536964 0.07630817 0.008414889
0.0 0.116568364 0.02284403 0.06863033 0.054414768 0.006819569 0.023850404 0.0 0.032620635 0.0 0.0020009943 0.0 0.0 0.0 0.058674928 0.0 0.0 0.014455714 0.0 0.027508665 3.519346e-05 0.025444979 0.0 0.04293403 0.047232457 0.016594155 0.06107335 0.0 0.0 0.0 0.033045337 0.0123832645 0.06058309 0.0 0.0 0.007377685 0.013330408 0.0111361705 0.025873503 0.00924423 0.0 0.0046559176 0.054994956 0.022354644 0.0 0.0 0.046519745 0.01476159 0.049335323 0.0 0.0 0.0 0.0 0.0 0.02593342 0.0
0.0 0.09834824 0.019548833 0.0 0.0 0.0 0.06961783 0.008322095 0.01865066 0.020505613 0.0 0.003679244 0.0 0.0052146767 0.0059763216 0.0 0.025237465 0.060600534 0.022064487 0.0303976 0.07881924 0.02700853 0.008647225 0.034873396 0.0 0.014341329 0.0 0.0 0.0 0.0 0.015283643 0.0 0.057455737 0.015194797 0.038428046 0.013982001 0.018707894 0.025873503 0.035526477 0.044789616 0.04040288 0.014320638 0.011632646 0.0 0.0019292292 0.0 0.009202596 0.0 0.016096182 0.01416348 0.00028442897 0.03218612 0.0 0.0 0.0040849354 0.0
0.015877897 0.011707449 0.031845395 0.0 0.0 0.0 0.059160188 0.0 0.0 0.0 0.0 0.090568006 0.0071103284 0.02326502 0.0 0.0 0.043437157 0.032102145 0.005147488 0.0 0.029313345 0.06976103 0.004327886 0.0 0.032996386 0.03679327 0.00024734045 0.0 0.030048834 0.038603038 0.022992097 0.0 0.0 0.023674976 0.0 0.01983783 0.0 0.00924423 0.044789616 0.04623578 0.024891123 0.05471768 0.0 0.02234614 0.020644102 0.05187529 0.010234591 0.0 0.04479967 0.064185545 0.0032920192 0.0 0.01844851 0.060279228 0.0 0.012971725
0.007954072 0.005928361 0.12961477 0.0033281678 0.0 0.032817885 0.030139647 0.0 0.010554273 0.0 0.030009197 0.067254975 0.0 0.038356647 0.047377296 0.0 0.027794607 0.028362636 6.9568006e-07 0.03971598 0.029954039 0.01708872 0.069725595 0.0 0.021368435 0.032766335 0.041074652 0.0085479235 0.042386528 0.08086988 0.0 0.0 0.017701948 0.07909217 0.029758813 0.0030269774 0.0 0.0 0.04040288 0.024891125 0.012469878 0.007719176 0.001367232 0.038032487 0.04139049 0.035848677 0.024404692 0.0 0.009953978 0.0 0.002208826 0.0 0.030008355 0.013118509 0.0 0.0062743435
0.016867576 0.0012951641 0.0 0.0 0.0 0.0 0.0 0.041161314 0.0667198 0.0086117545 0.02624628 0.0052573844 0.0021846637 0.074867316 0.027144866 0.030951552 0.0 0.0 0.0 0.0 0.0 0.0 0.0 0.012625251 0.0 0.03313914 0.0 0.022442197 0.0 0.0 0.0069619603 0.0023097824 0.00036032786 0.01599784 0.025467608 0.039141033 0.06306427 0.0046559176 0.014320638 0.05471768 0.007719176 0.0 0.026375826 0.008839267 0.056419477 0.0 0.0011332647 0.0 0.0 0.017997183 0.02425151 0.050856844 0.0 0.031270064 0.062875256 0.051786363
0.0096451435 0.034892973 0.00076752936 0.050104544 0.093048915 0.0 0.0 0.0 0.028878992 0.0 0.104124025 0.0033910442 0.0 0.0 0.029799996 0.0 0.0 0.017597014 0.019310351 0.0 0.044234533 0.023991352 0.016029065 0.0 0.018869562 0.00200707 0.015505272 0.0037355504 0.0 0.02172176 0.05565602 0.04985357 0.036760613 0.016283317 0.0 0.039828107 0.015699927 0.054994956 0.011632646 0.0 0.001367232 0.026375826 0.032671876 0.0 0.01994787 0.0066883457 0.057310108 0.056992114 0.0 0.0 0.021344524 0.0 0.00069383136 0.0 0.0 0.0
0.04470572 0.00258821 0.034018643 0.0 0.0 0.0 0.006380837 0.03652981 0.0 0.0655735 0.0 0.07104841 0.0 0.021673722 0.047395088 0.0 0.0 0.0 0.007916432 0.0 0.068920396 0.0 0.017361581 0.0 0.052377593 0.057702754 0.0 0.0065588 0.09509393 0.000809219 0.0 0.0 0.0 0.030136017 0.0 0.01422013 0.016124275 0.022354646 0.0 0.02234614 0.038032487 0.008839267 0.0 0.0 0.016232494 0.012712638 0.0 0.028568238 0.037819196 0.030954769 0.022820774 0.037312496 0.03648066 0.0 0.0 0.0
0.05545933 0.009752907 0.0 0.0 0.0 0.03596099 0.017954035 0.037448 0.0 0.0 0.0 0.023943964 0.017704865 0.031011635 0.0 0.003626751 0.0 0.0 0.031258304 0.0 0.0 0.0 0.03600714 0.0 0.0031746312 0.0 0.043337237 0.0 0.018267307 0.0 0.003950051 0.010312931 0.0 0.0 0.08566585 0.0 0.03159735 0.0 0.0019292292 0.020644102 0.04139049 0.056419477 0.019947868 0.016232494 0.040664323 0.01267648 0.0005731832 0.0012276861 0.025441576 0.0 0.08400385 0.0 0.03860041 0.04318995 0.069072925 0.039297264
0.0 0.07393032 0.00035575032 0.041505374 0.0 0.016863031 0.03950866 0.008127576 0.036336694 0.013736999 0.0064783343 0.0 0.038114745 0.0 0.0 0.0 0.01936381 0.0 0.09694814 0.0 0.0010497579 0.0026207336 0.04135929 0.04431874 0.02106238 0.0014357897 0.02491738 0.008360723 0.0 0.0 0.0 0.028350301 0.023240117 0.00050522666 0.008830667 0.0 0.008451458 0.0 0.0 0.051875293 0.035848677 0.0 0.0066883457 0.012712638 0.01267648 0.07607695 0.01613806 0.02439486 0.0 0.0 0.084350675 0.026496569 0.0021477437 0.0 0.00025523928 0.0
0.0 0.033001397 0.0 0.048425376 0.0053635277 0.0 0.009545808 0.0 0.06910507 0.03186615 0.0 0.0 0.055928204 0.0 0.02169001 0.03250157 0.028636435 0.020325296 0.0 0.0 0.044155195 0.0 0.0 0.07668253 0.0036172853 0.0 0.08745523 0.0 0.0 0.0 0.029585963 0.06626218 0.0 0.0 0.0 0.027026476 0.0 0.046519745 0.009202595 0.010234591 0.024404692 0.0011332647 0.057310108 0.0 0.0005731832 0.016138058 0.0 0.05596205 0.0 0.012509976 0.0018245366 0.016852716 0.0035403674 0.017570786 0.0015387232 0.029600259
0.023496812 0.006001073 0.08275026 0.037507534 0.010614945 0.05993612 0.0209302 0.014343228 0.020552788 0.0 0.042933922 0.0 0.0 0.0 0.0066182986 0.03731134 0.0 0.065530516 0.018365338 0.050195564 0.0 0.0022285557 0.0 0.0 0.025267532 0.016436826 0.037306666 0.0 0.0018685822 0.037658297 0.016151603 0.0037828882 0.057779025 0.04000865 0.0 0.00097635575 0.0 0.01476159 0.0 0.0 0.0 0.0 0.056992114 0.028568236 0.0012276861 0.02439486 0.05596205 0.0 0.052960336 0.0 0.015102504 0.0 0.041911278 0.0 0.014848258 0.0
0.0651687 0.00038419358 0.0 0.0 0.030485937 0.0 0.0 0.0377116 0.015447001 0.033752464 0.0056560896 0.0 0.06971882 0.0 0.01604991 0.008064503 0.02209324 0.0 0.0 0.0 0.01625504 0.0 0.0 0.06929984 0.0 0.09211349 0.008258471 0.006973704 0.0 0.0 0.0 0.007231382 0.0 0.0 0.022774337 0.016145555 0.098626845 0.04933532 0.016096184 0.04479967 0.009953978 0.0 0.0 0.037819196 0.025441576 0.0 0.0 0.052960336 0.0 0.0 0.017666025 0.06713777 0.006905903 0.018087842 0.017323056 0.029800186
0.011652522 0.006218324 0.028770618 0.0 0.0 0.030173136 0.004062764 0.018851161 0.0 0.0 0.0 0.015226913 0.0 0.06589031 0.0 0.0 0.070739165 0.0 0.019362124 0.0 0.062410172 0.0 0.038285136 0.015350077 0.020200334 0.009532641 0.00011325667 0.01754657 0.023733437 0.062779725 0.0 0.0 0.0 0.05606765 0.0 0.0 0.008005568 0.0 0.01416348 0.06418554 0.0 0.017997183 0.0 0.030954769 0.0 0.0 0.012509975 0.0 0.0 0.0 0.0 0.009761744 0.06617618 0.015451015 0.002150669 0.025575954
0.0 0.0027380683 0.0 0.0 0.0 0.015638372 0.016867755 0.040246483 0.0 0.0 0.020566503 0.06580188 0.0073660156 0.0 0.06526871 0.020502264 0.011839562 0.0 0.0 0.0 0.016837142 0.0 0.0061369673 0.0 0.013157981 0.0 0.01943345 0.0 0.026366336 0.023962721 0.0 0.0026420914 0.0 0.00031284298 0.013482764 0.0 0.0 0.0 0.00028442897 0.0032920195 0.002208826 0.02425151 0.021344524 0.022820774 0.08400385 0.084350675 0.0018245366 0.015102505 0.017666027 0.0 0.0 0.005035756 0.00887501 0.059230983 0.093306154 0.07016481
0.021944711 0.04965819 0.03402741 0.023773964 0.0 0.03891594 0.0 0.0 0.04907141 0.0 0.00024898045 0.0629942 0.013850948 0.0 0.0037884072 0.0 0.0 0.02108386 0.07621374 0.026513143 0.062247068 0.018801615 0.08138316 0.0 0.024683949 0.0020618313 0.03037351 0.0 0.05684305 0.081231795 0.004737229 0.026022265 0.04208625 0.0031281167 0.0 0.0 0.0 0.0 0.032186124 0.0 0.0 0.050856844 0.0 0.0373125 0.0 0.026496569 0.016852718 0.0 0.06713777 0.009761744 0.0050357557 0.0 0.050049018 0.020634139 0.022603972 0.003791293
0.0 0.0070266365 0.0 0.0031824196 0.0 0.0011261827 0.0 0.022779007 0.038528956 0.069660686 0.0 0.0 0.046886418 0.10881931 0.0 0.08888548 0.0 0.0 0.0 0.0076445253 0.0 0.028773708 0.023902204 0.042706937 0.0 0.047548622 0.02403033 0.049167603 0.0037093547 0.020116244 0.014692096 0.013324545 0.0 0.013109657 0.0 0.012753751 0.064253025 0.0 0.0 0.01844851 0.030008357 0.0 0.0006938313 0.03648066 0.03860041 0.002147744 0.0035403674 0.041911278 0.0069059036 0.06617618 0.00887501 0.050049018 0.0 0.0 0.008360691 0.0
0.02516372 0.0 0.0 0.0 0.046631824 0.0 0.0 0.008929849 0.011856014 0.0 0.03250125 0.0060876682 0.059057306 0.013010219 0.041599374 0.0 0.027977575 0.0 0.028347755 0.0 0.0 0.0 0.04510879 0.003096721 0.067196324 0.0 0.02685867 0.003205101 0.0031101839 0.016842816 0.011900561 0.009120207 0.0 0.009815246 0.045940023 0.039969172 0.07536965 0.0 0.0 0.060279228 0.013118509 0.03127006 0.0 0.0 0.04318995 0.0 0.017570786 0.0 0.018087842 0.015451014 0.059230987 0.020634139 0.0 0.068250135 0.007787334 0.012826548
0.0124451425 0.041633848 0.0012962268 0.0 0.02842653 0.012848073 0.023822952 0.042150363 0.0013259568 0.0 0.029060666 0.0 0.0 0.0008221676 0.0044865254 0.0 0.004960712 0.004816466 0.050681807 0.031908646 0.008149205 0.0 0.035332683 0.009701915 0.023325326 0.0 0.0 0.013154853 0.0 0.0026642971 0.0 0.055262186 0.0132517265 0.04807929 0.014642233 0.0 0.07630817 0.02593342 0.0040849354 0.0 0.0 0.062875256 0.0 0.0 0.069072925 0.00025523928 0.0015387234 0.014848259 0.017323054 0.002150669 0.093306154 0.022603972 0.008360691 0.0077873343 0.0 0.06442142
0.00888133 0.018411765 0.046393286 0.0 0.0042422214 0.104316026 0.0 0.038525157 0.0 0.0 0.0 0.04808495 0.0 0.06988213 0.027003614 0.021579191 0.0 0.041902244 0.011501682 0.0 0.00071897137 0.0 0.014655171 0.0 0.0 0.004437843 0.0 0.06919859 0.039655674 0.0031622194 0.0 0.0 0.039408933 0.050794665 0.02082784 0.0 0.008414889 0.0 0.0 0.012971725 0.006274343 0.051786363 0.0 0.0 0.039297264 0.0 0.02960026 0.0 0.029800188 0.025575954 0.07016481 0.003791293 0.0 0.012826549 0.064421415 0.081470795
