0.0 0.045949902 0.049545452 0.097504586 0.013526979 0.026341617 0.0 0.0 0.0 0.0 0.00012819657 0.013412885 0.0 0.0 0.048288655 0.0 0.04484328 0.0 0.0008410864 0.0403396 0.027164932 0.0111590745 0.0 0.0 0.03524452 0.0 0.0 0.0 0.02970833 0.0 0.026462827 0.056629494 0.012024128 0.011065627 0.0 0.018720623 0.0 0.014437034 0.024149403 0.004545831 0.0 0.037119906 0.017619595 0.0 0.002497609 0.0 0.08359984 0.0 0.059412237 0.009763065 0.0 0.0 0.05620934 0.09772991 0.0 0.01002667
0.0459499 0.0 0.0 0.0 0.016014531 0.0 0.0 0.017983766 0.0 0.0 0.0 0.033126645 0.004536889 0.053574502 0.0 0.0 0.04177244 0.0 0.0 0.0 0.0 0.0 0.022304948 0.08205732 0.0 0.0054361154 0.032397293 0.037320487 0.0 0.0 0.008913778 0.0 0.0 0.03182255 0.053445373 0.012302839 0.0 0.0 0.0 0.0 0.074227974 0.015068386 0.045495603 0.007200584 0.05319929 0.05569285 0.065757185 0.0113707315 0.0 0.0 0.024635037 0.025604976 0.0 0.0 0.015793558 0.008691583
0.049545452 0.0 0.0 0.03396654 0.0 0.0053740344 0.009230773 0.0 0.0 0.0033877844 0.0 0.0 0.0 0.06845174 0.04852699 0.0 0.0 0.01367569 0.027092487 0.0 0.0 0.0 0.0 0.07469127 0.0 0.037334904 0.0 0.0664116 0.0 0.038287 0.0 0.02572925 0.0 0.0 0.09359997 0.0 0.0 0.0 0.0 0.03875839 0.020084664 0.022935633 0.0 0.055256646 0.0 0.014953246 0.0 0.0 0.017687522 0.09246385 0.010643966 0.0 0.014786465 0.0 0.044451043 0.036352552
0.09750458 0.0 0.033966545 0.0 0.0 0.0 0.0 0.0 0.0 0.04671354 0.0012947983 0.050990745 0.05400324 0.09924415 0.024606634 0.009149526 0.010220812 0.015324135 0.017271029 0.0 0.0 0.0 0.008685133 0.02323019 0.0034558615 0.010504231 0.026987959 0.0 0.09074241 0.011205401 0.0 0.0 0.0 0.008712189 0.043536656 0.0 0.0 0.0 0.0 0.0 0.0 0.048172265 0.02464464 0.055684853 0.0011161204 0.0 0.027107703 0.0 0.0073929024 0.024164718 0.028228126 0.021396622 0.0 0.008741619 0.0 0.0030190875
0.013526979 0.016014531 0.0 0.0 0.0 0.020421539 0.016584737 0.011297981 0.012807358 0.0 0.016519707 0.001508246 0.0105910795 0.022977384 0.008137421 0.036409765 0.0 0.037899848 0.0 0.0 0.0 0.0 0.048267145 0.007616891 0.0 0.0 0.029724102 0.02413303 0.006149452 0.0 0.0 0.022005605 0.0 0.0 0.04024541 0.0 0.0 0.054121777 0.0 0.0 0.011796608 0.04129406 0.13303287 0.0 0.07057785 0.013377377 0.010230044 0.006584244 0.029154642 0.03192956 0.10266438 0.029502403 0.0 0.0 0.011853377 0.042589154
0.026341617 0.0 0.0053740344 0.0 0.020421539 0.0 0.065766186 0.0 0.084043965 0.0 0.0 0.010624374 0.009932938 0.013673538 0.0 0.11971145 0.0 0.0 0.12971993 0.046316575 0.0640132 0.0 0.039161846 0.022062441 0.0 0.0 0.060927324 0.010994161 0.0073246807 0.0045396932 0.0146779595 0.0502485 0.0 0.0 0.0 0.06659509 0.0 0.0 0.0 0.0 0.0 0.0 0.0021914619 0.010783625 0.0 0.007515914 0.031108707 0.02880646 0.0 0.01912148 0.0148472935 0.0 0.0 0.0 0.0 0.0
0.0 0.0 0.009230774 0.0 0.016584737 0.065766186 0.023423508 0.0 0.06880183 0.016751835 0.0 0.029203365 0.0068777273 0.0 0.0055950657 0.0 0.029235521 0.010360572 0.0417421 0.0 0.11807043 0.0 0.0026252319 0.031713895 0.037491813 2.495179e-07 0.032618914 0.0 0.024187785 0.09635403 0.0 0.013176412 0.0052435547 0.0092297485 0.0 0.01770859 0.0 0.005054873 0.025597956 0.00020070343 0.01785265 0.017701617 0.0 0.018335257 0.018825922 0.005962136 0.020477792 0.05943462 0.036409285 0.01569175 0.018346999 0.0 0.005815737 0.0 0.01659296 0.021869639
0.0 0.017983766 0.0 0.0 0.011297982 0.0 0.0 0.06629536 0.0 0.0 0.0 0.009659908 0.0059476 7.36396e-07 0.029083615 0.034526557 0.101029545 0.010344702 0.0 0.0 0.0048396713 0.057682943 0.03485809 0.0 0.049805813 0.036004357 0.0 0.052284192 0.033562653 0.008774508 0.006159129 0.026172651 0.036592927 0.0 0.0 0.014585258 0.06462499 0.0 0.12645282 0.016849713 0.053963978 0.002841018 0.02036649 0.010020827 0.0 0.007522978 0.0008514854 0.0 0.0 0.038777914 0.0 0.0089626545 0.02151742 0.05030021 0.019406468 0.05916779
0.0 0.0 0.0 0.0 0.012807358 0.084043965 0.06880182 0.0 0.0 0.012546204 0.055234186 0.007397193 0.0 0.0 0.0 0.0 0.03871872 0.0 0.0 0.013730308 0.11587008 0.0 0.041236505 0.0 0.0 0.06060242 0.005583823 0.0 0.040932316 0.0 0.0 0.0 0.0 0.023535307 0.01037806 0.0 0.0 0.029370777 0.022479285 0.0 1.3034872e-07 0.07697834 0.01756658 0.0 0.009528333 0.054885045 0.03130182 0.020132186 0.03730146 0.018974908 0.0 0.0 0.0 0.029029097 0.018704044 0.009390085
0.0 0.0 0.0033877844 0.04671354 0.0 0.0 0.016751835 0.0 0.012546203 0.0 0.059743542 0.06624709 0.0 0.0 0.0 0.01888786 0.03728791 0.03134719 0.0 0.0 0.0 0.009078932 0.056305744 0.0 0.0 0.0 0.0 0.0 0.019034624 0.08348995 0.0 0.02439273 0.017042186 0.0 0.0 0.024911312 0.052793667 0.029552462 0.018641846 0.00977411 0.012514695 0.0066838535 0.0010115621 0.022534564 0.020976083 0.0 0.05588732 0.0 0.040070247 0.0 0.05542346 0.0 0.041688297 0.0 0.0 0.0
0.00012819655 0.0 0.0 0.0012947985 0.016519707 0.0 0.0 0.0 0.055234183 0.059743546 0.08151808 0.021141734 0.016200325 0.0 0.0 0.0 0.0 0.033876497 0.0 0.0 0.006094771 0.0 0.01155589 0.04980906 0.0 0.0 0.003549083 0.013009414 0.0 0.018025449 0.0062550977 0.09839064 0.0 0.0 0.027045283 0.00893414 0.028744612 0.11542224 0.0 0.0 0.0 0.0086615635 0.023991767 0.0 0.06106953 0.046445034 0.07599827 0.0 0.0 0.008088048 0.00533109 0.012673669 0.0055472227 0.0 0.0015251609 0.0
0.013412885 0.033126645 0.0 0.05099074 0.0015082461 0.010624374 0.029203366 0.009659908 0.007397193 0.06624709 0.021141734 0.0032569058 0.01476808 0.00562648 0.0 0.014688962 0.024303406 0.0 0.089304924 0.024619387 0.06514021 0.009856934 0.022669615 0.052655824 0.0 0.013508313 0.052481286 0.022707904 0.0 0.0 0.00746972 0.035677467 0.0 0.011892227 0.010940044 0.013951502 0.01924977 0.014365348 0.0 0.0 0.0 0.016344441 0.0 0.017998599 0.04640678 0.020275692 0.0 0.0 0.0 0.0 0.0458018 0.0 0.012272129 0.0 0.027871544 0.0
0.0 0.004536889 0.0 0.05400324 0.0105910795 0.009932938 0.006877728 0.0059476 0.0 0.0 0.016200325 0.01476808 0.0 0.0 0.0037845718 0.0 0.14230904 0.008015168 0.0 0.0 0.010564421 0.0057052397 0.0033954922 0.0 0.046155434 0.060159545 0.06061555 0.01254356 0.009878409 0.059276722 0.021219373 0.0 0.007114115 0.043664712 0.0 0.0 0.011128025 0.0 0.00457413 0.0 0.006155683 0.0 0.0134259565 0.03913 0.0 0.053068396 0.01722434 0.012085433 0.018232813 0.00067233294 0.031064142 0.0 0.032605298 0.0 0.011484372 0.011772065
0.0 0.053574506 0.06845174 0.09924415 0.022977384 0.013673538 0.0 7.36396e-07 0.0 0.0 0.0 0.00562648 0.0 0.0 0.006650769 0.0 0.05428462 0.0 0.0 0.06635973 0.005774042 0.05744371 0.0 0.0 0.055517547 0.0005756265 0.0011935366 0.0 0.024374302 0.006969518 0.059500206 0.02120115 0.055336114 0.014187226 0.0 0.016887452 0.0 0.059630446 0.12546211 0.001341585 0.015193455 0.038513992 0.0 0.0004499461 0.0 0.026805826 0.0 0.044889964 0.020092867 0.0 0.0 0.0 0.06535355 0.004584959 0.0 0.006186692
0.04828866 0.0 0.048526995 0.024606634 0.008137421 0.0 0.0055950657 0.029083619 0.0 0.0 0.0 0.0 0.0037845718 0.006650769 0.0 0.0 0.011363855 0.011446323 0.0 0.0 0.0 0.0 0.009674809 0.034981914 0.0 0.025479991 0.022677202 0.06741524 0.017939365 0.04569243 0.0 0.020686649 0.0 0.0 0.0 0.009470331 0.0 1.9783919e-08 0.019892067 0.0 0.0917909 0.030477267 0.037428908 0.06502757 0.0143880425 0.026942335 0.002865474 0.021132264 0.0 0.0 0.07659446 0.042337254 0.0010609411 0.046288963 0.032260373 0.015924033
0.0 0.0 0.0 0.009149526 0.036409765 0.11971145 0.0 0.034526557 0.0 0.018887859 0.0 0.014688961 0.0 0.0 0.0 0.0 0.0 0.041697193 0.0 0.029452723 0.01762064 0.0151689695 0.080101386 0.058964655 0.028002651 0.04595629 0.0023925165 0.041208126 0.021372596 0.0 0.0 0.018625498 0.0 0.0 0.021836657 0.0 0.0 0.0 0.006815423 0.00550695 0.012011534 0.021143869 0.028673382 0.014622034 0.010775551 0.00874654 0.0011516841 0.0 0.0 0.0 0.029561566 0.0 0.0 0.001693694 0.044212073 0.025155304
0.04484328 0.041772444 0.0 0.010220812 0.0 0.0 0.029235521 0.101029545 0.038718723 0.03728791 0.0 0.024303406 0.14230904 0.054284625 0.011363855 0.0 0.0 0.0 0.0016108 0.028071398 0.020286396 0.0 0.028066574 0.01484062 0.017625326 0.032948643 0.024649194 0.057265725 0.024072211 0.023553459 0.051047318 0.0 0.0 0.029429335 0.0 0.0 0.009535466 0.0 0.0 0.021806372 0.0 0.026271297 0.0 0.034928042 0.0 0.027402077 0.0 0.033842158 0.0 0.0 0.012681767 0.005150754 0.0 0.0 0.03211187 0.0
0.0 0.0 0.01367569 0.015324134 0.037899848 0.0 0.010360572 0.010344702 0.0 0.031347193 0.033876497 0.0 0.008015168 0.0 0.011446323 0.041697197 0.0 0.0 0.0068331645 0.0 0.002122179 0.0 0.033172186 0.0 0.007950943 0.008220734 0.0 0.020260366 0.018346325 0.04013255 0.0 0.030680932 0.03594117 0.07152141 0.0 0.042478837 0.0 0.0 0.0 0.0011250493 0.0 0.033174675 0.01643245 0.015369826 0.0 0.0 0.027198423 0.088705905 0.008924068 0.014590416 0.0077717174 0.025029901 0.03275442 0.016696667 0.016485116 0.016537836
0.00084108644 0.0 0.027092485 0.017271029 0.0 0.12971993 0.0417421 0.0 0.0 0.0 0.0 0.08930492 0.0 0.0 0.0 0.0 0.0016107999 0.0068331645 0.027513826 0.012812956 0.01698483 0.0 0.03570362 0.05117381 0.016799107 0.0 0.045127273 0.0 0.043762952 0.019497836 0.0 0.008197326 0.0 0.0 0.0 0.0024301228 0.0 0.0 0.014500336 0.0 0.0 0.03426985 0.027120896 0.045995284 0.010490024 0.032596033 0.047018707 0.0 0.021031126 0.0 0.015133668 0.016671589 0.0130744185 0.015203818 0.019913279 0.0
0.0403396 0.0 0.0 0.0 0.0 0.04631657 0.0 0.0 0.013730309 0.0 0.0 0.02461939 0.0 0.06635973 0.0 0.02945272 0.028071398 0.0 0.012812956 0.0 0.0 0.0038272992 0.0040559773 0.036662504 0.0 0.03387729 0.015484325 0.069464445 0.020269103 0.0 0.0 0.021267971 0.0 0.0070303394 0.07445724 0.009914351 0.0 0.0 0.0 0.01342964 0.012694528 0.05363875 0.038018107 0.032882016 0.02027805 0.0 0.03680699 0.0 0.0 0.042286176 0.021762934 0.07395965 0.00815954 0.029974008 0.0075060837 0.05632925
0.027164934 0.0 0.0 0.0 0.0 0.06401319 0.11807042 0.0048396713 0.11587008 0.0 0.0060947714 0.06514022 0.010564421 0.005774042 0.0 0.01762064 0.020286398 0.0021221791 0.016984828 0.0 0.021538682 0.0 0.0 0.0 0.05933089 0.0 0.019786675 0.0010880264 0.0 0.013551982 0.0 0.0 0.0 0.042327818 0.00087599433 0.0 0.010839605 0.05005873 0.0 0.0 0.0 0.045362122 0.0379556 0.043053433 0.010509425 0.009337431 0.038135223 0.013848931 0.0 0.015272603 0.017880019 0.004153774 0.022273306 0.0 0.028151968 0.0
0.011159075 0.0 0.0 0.0 0.0 0.0 0.0 0.057682943 0.0 0.009078931 0.0 0.009856934 0.0057052393 0.057443712 0.0 0.0151689695 0.0 0.0 0.0 0.0038272992 0.0 0.0 0.0 0.0007707678 0.0 0.04053426 0.0 0.0656065 0.011822525 0.0 0.0 0.0073480275 0.0 0.0 0.081513725 0.009582518 0.027242072 0.0 0.018654611 0.062480986 0.035652377 0.0 0.02582045 0.08164449 0.0 0.0 0.0 0.009470242 0.0 0.04300078 0.0 0.0036609087 0.030934997 0.020376626 0.0 0.13197476
0.0 0.022304948 0.0 0.008685133 0.04826715 0.039161842 0.0026252319 0.03485809 0.041236505 0.05630574 0.01155589 0.022669615 0.0033954922 0.0 0.009674809 0.080101386 0.028066576 0.033172183 0.03570362 0.0040559773 0.0 0.0 0.0 0.0144759575 0.0004227638 0.020090418 0.0 0.0 0.019461636 0.013375011 0.0020785697 0.06418681 0.022177111 0.0 0.036101077 0.043780647 0.013778412 0.014900518 0.0 0.006521058 0.0028930625 0.012027033 0.00061340944 0.006320517 0.019918254 0.037202954 0.01888852 0.009438601 0.039975625 0.0 0.028530449 0.012325566 0.0 0.059288085 0.0 0.011179763
0.0 0.08205732 0.07469128 0.02323019 0.0076168906 0.022062441 0.031713895 0.0 0.0 0.0 0.04980906 0.052655824 0.0 0.0 0.034981914 0.05896465 0.01484062 0.0 0.05117381 0.0366625 0.0 0.0007707678 0.0144759575 0.0 0.018670766 0.004166341 0.0 0.013634922 0.006866872 0.040878814 0.027122617 0.0033500267 0.0 0.0 0.0 0.014945361 0.06523596 0.034008104 0.03616238 0.0 0.0 0.040176935 0.021147378 0.004546537 0.010544505 0.04588423 0.021370105 0.01794506 0.04410172 0.02522492 0.0009678115 0.016085736 0.002742935 0.06216252 0.0055275904 0.0
0.03524452 0.0 0.0 0.0034558615 0.0 0.0 0.037491813 0.049805816 0.0 0.0 0.0 0.0 0.04615543 0.055517547 0.0 0.028002651 0.017625326 0.007950944 0.016799107 0.0 0.059330888 0.0 0.0004227638 0.018670764 0.0 0.0 0.08157127 0.011881042 0.0 0.0 0.0 0.0068154233 0.05279345 0.049212042 0.05031767 0.0 0.0 0.00030154956 0.0 0.029357204 0.005994238 0.0 0.0055282125 0.027355595 0.020814454 0.0 0.0 0.08369202 0.0 0.032384045 0.062155943 0.0 0.0 0.0 0.030064736 0.0
0.0 0.005436116 0.037334904 0.01050423 0.0 0.0 2.4951788e-07 0.036004357 0.06060242 0.0 0.0 0.013508312 0.060159545 0.00057562644 0.025479993 0.045956295 0.032948643 0.008220733 0.0 0.03387729 0.0 0.040534258 0.020090416 0.004166341 0.0 0.016513985 0.0102030225 0.05575446 0.01765327 0.0 0.06312434 0.0 0.020901283 0.0 0.0 0.012593739 0.0 0.019244868 0.0 0.038215786 0.07156776 0.012779119 0.015829258 0.0 0.0043690572 0.010353467 0.0 0.015221676 0.005521471 0.0 0.025411066 0.051804 0.02056674 0.020162966 0.07457964 0.011578853
0.0 0.032397296 0.0 0.026987959 0.029724102 0.060927324 0.03261891 0.0 0.005583823 0.0 0.003549083 0.05248129 0.060615547 0.0011935366 0.022677204 0.0023925167 0.024649194 0.0 0.045127276 0.015484326 0.019786675 0.0 0.0 0.0 0.081571266 0.0102030225 0.008632203 8.903351e-06 0.04277448 0.004835153 0.019282058 0.04256924 0.018252743 0.020771297 0.009885039 0.0 0.0036159535 0.0213848 0.019057352 0.047762245 0.0 0.026593287 0.03906306 0.0021240807 0.01522552 0.024389096 0.021975856 0.008514466 0.034778826 0.030134043 0.0124598425 0.06038619 0.023517007 8.24535e-05 0.0 0.015228722
0.0 0.037320483 0.06641159 0.0 0.02413303 0.0109941615 0.0 0.052284196 0.0 0.0 0.013009415 0.022707904 0.01254356 0.0 0.06741524 0.041208126 0.057265725 0.020260364 0.0 0.06946445 0.0010880264 0.0656065 0.0 0.013634922 0.011881042 0.05575446 8.903351e-06 0.0 0.0 0.036270343 0.06120911 0.0 0.009204205 0.0 0.0007130428 0.017583111 0.042721428 0.0065585827 0.019108303 0.008827842 0.0048875073 0.0 0.0 0.0 0.026287599 0.028844343 0.00042316268 0.0 0.0048705833 0.021350106 0.0 0.06743906 0.048125736 0.022456363 0.0 0.023392947
0.02970833 0.0 0.0 0.09074241 0.006149452 0.0073246807 0.024187787 0.03356265 0.04093232 0.019034624 0.0 0.0 0.009878409 0.024374302 0.017939363 0.021372596 0.024072213 0.018346323 0.04376295 0.020269103 0.0 0.011822525 0.019461637 0.0068668714 0.0 0.017653272 0.04277448 0.0 0.060455553 0.0 0.052610967 0.0 0.007920156 0.007868505 0.054704115 0.033202436 0.047896378 0.0 0.011782195 0.09030316 0.040252727 0.0 0.0 0.0 0.0 0.0 0.0 0.0 0.0 0.0 0.022054903 0.0 0.07816413 0.029478854 0.024349665 0.0121349925
0.0 0.0 0.038287 0.0112054 0.0 0.0045396932 0.09635403 0.008774507 0.0 0.08348995 0.018025449 0.0 0.059276722 0.0069695176 0.04569243 0.0 0.02355346 0.040132552 0.019497836 0.0 0.013551982 0.0 0.013375011 0.04087881 0.0 0.0 0.004835153 0.03627034 0.0 0.09858123 0.0 0.037667762 0.0415936 0.057745017 0.00023403295 0.0 0.0 0.0 0.00060488976 0.0006695829 0.0 0.010785437 0.00975388 0.0 0.03596884 0.03146187 0.0 0.009876512 0.0207898 0.022576256 0.0 0.0074781794 0.022048958 0.007675511 0.027888112 0.0
0.026462827 0.008913778 0.0 0.0 0.0 0.014677959 0.0 0.006159129 0.0 0.0 0.0062550977 0.0074697207 0.021219375 0.05950021 0.0 0.0 0.051047318 0.0 0.0 0.0 0.0 0.0 0.0020785697 0.027122619 0.0 0.06312434 0.019282058 0.061209105 0.052610967 0.0 0.064808704 0.0 0.0031878024 0.02636083 0.06347137 0.0 0.0 0.0 0.0 0.041483115 0.03956336 0.0032294341 0.006309486 0.049359273 0.033295758 0.024070198 0.049620237 0.019437468 0.0 0.003279871 0.0 0.003428621 0.0 0.025396537 0.013330387 0.013026358
0.056629498 0.0 0.025729248 0.0 0.022005606 0.050248496 0.013176411 0.026172653 0.0 0.024392728 0.09839063 0.03567747 0.0 0.02120115 0.020686647 0.018625498 0.0 0.030680932 0.008197326 0.021267971 0.0 0.0073480275 0.06418681 0.0033500264 0.0068154233 0.0 0.042569242 0.0 0.0 0.037667766 0.0 0.059432633 0.025449524 0.028182987 0.025294635 0.004815025 0.016529905 0.0 0.0 0.0 0.0 0.01675788 0.021744637 0.023432357 0.03887251 0.06934472 0.029058049 0.015931673 0.0 0.0 0.0 0.008292029 0.015292297 0.018261567 0.016443264 0.0068579027
0.012024128 0.0 0.0 0.0 0.0 0.0 0.0052435547 0.036592927 0.0 0.017042186 0.0 0.0 0.0071141147 0.055336114 0.0 0.0 0.0 0.035941165 0.0 0.0 0.0 0.0 0.022177113 0.0 0.052793447 0.020901283 0.018252743 0.009204206 0.007920156 0.0415936 0.0031878024 0.025449526 0.0 0.06331814 0.043643046 0.019970136 0.021372953 0.0 0.0 0.07538841 0.03284385 0.0021367406 0.018640535 0.07407613 0.008276223 0.0 0.020963797 0.0 0.0 0.02406387 0.040031675 0.03099724 0.0 0.058979403 0.0 0.1116261
0.011065627 0.031822547 0.0 0.008712188 0.0 0.0 0.0092297485 0.0 0.023535307 0.0 0.0 0.011892227 0.043664712 0.014187227 0.0 0.0 0.029429335 0.07152142 0.0 0.0070303394 0.042327818 0.0 0.0 0.0 0.049212042 0.0 0.020771299 0.0 0.007868505 0.057745013 0.026360828 0.028182987 0.06331814 0.020653231 0.0 0.0 0.0 0.0 0.03841552 0.034791857 0.0004413043 0.041345596 0.0 0.030591471 0.0 0.03964475 0.03598974 0.0 0.048680693 0.02722696 0.0 0.0 0.033820964 0.059762567 0.011138827 0.0
0.0 0.053445373 0.093599975 0.043536656 0.04024541 0.0 0.0 0.0 0.010378061 0.0 0.027045282 0.010940044 0.0 0.0 0.0 0.021836657 0.0 0.0 0.0 0.07445724 0.00087599433 0.081513725 0.036101077 0.0 0.05031767 0.0 0.00988504 0.0007130428 0.05470412 0.00023403294 0.06347136 0.025294635 0.043643046 0.0 0.0 0.04341644 0.05119048 0.0 0.0 0.0 0.0 0.024237098 0.0 0.0 0.022493238 0.028017765 0.00694816 0.014350591 0.07176074 0.0 0.0 0.0028050041 0.031752102 0.013337065 0.04322078 0.012134886
0.018720621 0.012302839 0.0 0.0 0.0 0.06659509 0.01770859 0.014585259 0.0 0.024911314 0.00893414 0.013951502 0.0 0.01688745 0.009470331 0.0 0.0 0.042478837 0.0024301226 0.009914351 0.0 0.009582518 0.043780647 0.014945362 0.0 0.012593739 0.0 0.017583111 0.033202436 0.0 0.0 0.004815025 0.019970136 0.0 0.04341644 0.035403658 0.017144473 0.0 0.0 0.0044245566 0.020593159 0.05404153 0.00663205 0.0022874791 0.055212036 0.0067813275 0.0039007273 0.035425533 0.0 0.061581653 0.0 0.048122138 0.0 0.068880714 0.006294213 0.061513983
0.0 0.0 0.0 0.0 0.0 0.0 0.0 0.06462499 0.0 0.05279367 0.02874461 0.01924977 0.011128024 0.0 0.0 0.0 0.009535467 0.0 0.0 0.0 0.010839605 0.027242072 0.013778412 0.06523596 0.0 0.0 0.0036159535 0.042721428 0.047896378 0.0 0.0 0.016529903 0.021372953 0.0 0.051190484 0.017144471 0.0 0.03076175 0.0 0.019759208 0.0050610113 0.05783837 0.031101486 0.02497003 0.01782675 0.0076893806 0.0 0.00025136746 0.0 0.0 0.06020118 0.07519569 0.0 0.02378332 0.013622368 0.04904965
0.014437033 0.0 0.0 0.0 0.054121777 0.0 0.005054873 0.0 0.029370777 0.029552462 0.11542225 0.014365348 0.0 0.05963045 1.9783919e-08 0.0 0.0 0.0 0.0 0.0 0.05005873 0.0 0.014900518 0.034008104 0.00030154956 0.019244868 0.021384798 0.0065585827 0.0 0.0 0.0 0.0 0.0 0.0 0.0 0.0 0.030761752 0.0 0.0 0.0 0.0 0.07324966 0.043772224 0.010562166 0.033366486 0.004552563 0.042926785 0.046805594 0.0 0.06939849 0.09167557 0.025598774 0.0 0.0 0.04544544 0.0
0.024149403 0.0 0.0 0.0 0.0 0.0 0.025597956 0.12645282 0.022479283 0.018641844 0.0 0.0 0.0045741294 0.12546211 0.019892067 0.006815423 0.0 0.0 0.014500336 0.0 0.0 0.01865461 0.0 0.03616238 0.0 0.0 0.019057352 0.019108303 0.011782195 0.00060488976 0.0 0.0 0.0 0.038415525 0.0 0.0 0.0 0.0 0.0 0.064885594 0.040630054 0.020752054 0.0 0.02455679 0.036744416 0.0 0.0 0.0 0.0 0.07077793 0.020743713 0.0 0.011443297 0.0 0.0 0.061551485
0.0045458316 0.0 0.038758386 0.0 0.0 0.0 0.00020070345 0.016849713 0.0 0.009774109 0.0 0.0 0.0 0.001341585 0.0 0.00550695 0.021806372 0.0011250494 0.0 0.01342964 0.0 0.062480986 0.006521058 0.0 0.029357204 0.038215782 0.047762245 0.008827842 0.09030316 0.0006695829 0.04148311 0.0 0.07538841 0.034791853 0.0 0.0044245566 0.019759208 0.0 0.064885594 0.07037296 0.048168413 0.0 0.012767397 0.0 0.011468963 0.0 0.009623353 0.015632302 0.0 0.03349831 0.016050825 0.024019362 0.01572473 0.006594816 0.09421887 0.0
0.0 0.07422798 0.020084664 0.0 0.011796607 0.0 0.017852647 0.053963974 1.3034871e-07 0.012514695 0.0 0.0 0.006155683 0.015193454 0.0917909 0.012011534 0.0 0.0 0.0 0.012694528 0.0 0.03565238 0.0028930623 0.0 0.0059942375 0.07156775 0.0 0.0048875073 0.040252727 0.0 0.03956336 0.0 0.03284385 0.0004413043 0.0 0.020593159 0.005061011 0.0 0.040630054 0.048168417 0.0 0.0 0.0 0.07285457 0.0 0.022356557 0.008687707 0.0 0.017318178 0.03492828 0.0 0.021188064 0.009078847 0.0671105 0.0 0.04578606
0.037119906 0.015068386 0.022935633 0.048172265 0.04129406 0.0 0.017701618 0.0028410177 0.07697833 0.0066838535 0.0086615635 0.016344441 0.0 0.038513996 0.030477265 0.021143869 0.026271299 0.03317468 0.03426985 0.053638753 0.04536212 0.0 0.012027033 0.040176935 0.0 0.012779119 0.026593288 0.0 0.0 0.010785437 0.0032294341 0.01675788 0.0021367404 0.041345596 0.024237098 0.054041527 0.057838373 0.07324966 0.020752052 0.0 0.0 0.0055863503 0.0 0.0 0.0 0.039948285 0.0046180277 0.0 0.017366217 0.0060451785 0.022448951 0.011256457 0.0 0.0 0.020935278 0.0
0.017619595 0.045495603 0.0 0.02464464 0.13303286 0.0021914619 0.0 0.02036649 0.01756658 0.001011562 0.023991765 0.0 0.013425956 0.0 0.037428908 0.028673384 0.0 0.01643245 0.027120896 0.038018107 0.037955604 0.02582045 0.00061340944 0.021147378 0.0055282125 0.01582926 0.03906306 0.0 0.0 0.00975388 0.006309486 0.021744637 0.018640537 0.0 0.0 0.00663205 0.031101486 0.043772224 0.0 0.012767397 0.0 0.0 0.0 0.0 0.025146706 0.029324336 0.02351804 0.0 0.045238513 1.1495521e-06 0.0782679 0.04642633 0.005819047 0.0 0.003329466 0.0
0.0 0.007200584 0.05525665 0.055684853 0.0 0.010783624 0.018335257 0.010020827 0.0 0.022534564 0.0 0.017998599 0.03913 0.0004499461 0.06502757 0.014622034 0.034928042 0.015369825 0.045995288 0.032882016 0.043053437 0.08164448 0.006320517 0.0045465366 0.027355595 0.0 0.0021240804 0.0 0.0 0.0 0.04935927 0.02343236 0.07407613 0.03059147 0.0 0.002287479 0.02497003 0.010562166 0.024556791 0.0 0.07285457 0.0 0.0 0.00055865705 0.0 0.030137664 0.007390966 0.009660488 0.020796014 0.0 0.0010864045 0.0 0.07269552 0.002855189 0.029093249 0.0
0.002497609 0.05319929 0.0 0.0011161203 0.070577845 0.0 0.01882592 0.0 0.009528332 0.020976083 0.06106953 0.04640678 0.0 0.0 0.014388042 0.010775551 0.0 0.0 0.010490024 0.02027805 0.010509426 0.0 0.019918254 0.010544505 0.020814454 0.0043690572 0.015225521 0.026287599 0.0 0.035968844 0.033295758 0.03887251 0.008276222 0.0 0.02249324 0.055212036 0.01782675 0.033366486 0.036744412 0.011468963 0.0 0.0 0.025146706 0.0 0.006999286 0.029635534 0.04857722 0.04632821 0.047812004 0.004737641 0.036828585 0.009194046 0.0038170433 0.0025111432 0.0 0.0066694706
0.0 0.055692855 0.014953247 0.0 0.013377377 0.0075159143 0.005962136 0.007522978 0.054885045 0.0 0.04644504 0.020275693 0.053068396 0.026805826 0.026942335 0.00874654 0.027402075 0.0 0.032596033 0.0 0.009337431 0.0 0.037202958 0.04588423 0.0 0.010353467 0.024389096 0.028844343 0.0 0.03146187 0.024070198 0.06934472 0.0 0.03964475 0.028017765 0.006781327 0.0076893806 0.004552563 0.0 0.0 0.022356557 0.039948285 0.029324334 0.030137662 0.029635536 0.0 0.027245233 0.0 0.057370987 0.0 0.0 0.0020197523 0.005027054 0.0 0.0062898863 0.0
0.08359984 0.06575719 0.0 0.027107703 0.010230044 0.031108705 0.020477792 0.0008514854 0.03130182 0.05588732 0.07599827 0.0 0.01722434 0.0 0.002865474 0.0011516842 0.0 0.027198423 0.047018707 0.036806986 0.038135223 0.0 0.018888518 0.021370107 0.0 0.0 0.021975856 0.00042316268 0.0 0.0 0.049620237 0.029058049 0.020963797 0.03598974 0.00694816 0.0039007275 0.0 0.04292678 0.0 0.009623354 0.008687707 0.0046180277 0.02351804 0.0073909657 0.04857722 0.027245233 0.069849744 0.030127013 0.008932838 0.00078468793 0.0 0.0 0.019369652 0.0 0.0028339215 0.0
0.0 0.011370732 0.0 0.0 0.006584244 0.02880646 0.059434615 0.0 0.020132186 0.0 0.0 0.0 0.012085434 0.044889968 0.021132264 0.0 0.033842154 0.088705905 0.0 0.0 0.0138489315 0.009470242 0.009438602 0.01794506 0.08369203 0.015221675 0.008514466 0.0 0.0 0.009876512 0.019437468 0.015931673 0.0 0.0 0.014350591 0.035425533 0.00025136746 0.046805594 0.0 0.015632302 0.0 0.0 0.0 0.009660488 0.04632821 0.0 0.030127013 0.00983966 0.021609874 0.0 0.008614129 0.0 0.0 0.060056847 0.0 0.045519527
0.059412237 0.0 0.017687524 0.0073929015 0.029154642 0.0 0.036409285 0.0 0.03730146 0.040070247 0.0 0.0 0.018232811 0.020092867 0.0 0.0 0.0 0.008924068 0.021031126 0.0 0.0 0.0 0.039975625 0.04410172 0.0 0.005521471 0.034778826 0.0048705833 0.0 0.0207898 0.0 0.0 0.0 0.048680697 0.07176074 0.0 0.0 0.0 0.0 0.0 0.017318178 0.017366217 0.045238513 0.020796014 0.047812007 0.057370987 0.008932838 0.021609874 0.0 0.055705357 0.004046705 0.0051911515 0.0 0.0 0.028376307 0.033851534
0.009763065 0.0 0.09246385 0.024164718 0.03192956 0.01912148 0.01569175 0.038777914 0.018974908 0.0 0.008088048 0.0 0.00067233294 0.0 0.0 0.0 0.0 0.014590415 0.0 0.042286176 0.015272603 0.04300078 0.0 0.02522492 0.032384045 0.0 0.030134043 0.021350106 0.0 0.022576256 0.003279871 0.0 0.02406387 0.027226962 0.0 0.061581656 0.0 0.06939849 0.07077793 0.03349831 0.03492828 0.0060451785 1.149552e-06 0.0 0.0047376407 0.0 0.00078468793 0.0 0.055705357 0.0 0.0 0.016282491 0.100418925 0.02208691 0.0 0.0
0.0 0.02463504 0.010643966 0.028228126 0.102664374 0.014847294 0.018347 0.0 0.0 0.055423465 0.0053310907 0.0458018 0.03106414 0.0 0.07659445 0.029561566 0.012681767 0.0077717174 0.015133668 0.021762934 0.017880019 0.0 0.028530449 0.00096781144 0.06215594 0.025411066 0.012459842 0.0 0.022054903 0.0 0.0 0.0 0.040031675 0.0 0.0 0.0 0.060201183 0.09167557 0.020743713 0.016050825 0.0 0.022448951 0.07826791 0.0010864045 0.036828585 0.0 0.0 0.008614129 0.004046705 0.0 0.0 0.011909067 0.017399734 0.005141673 0.0 0.0118734315
0.0 0.025604976 0.0 0.02139662 0.029502403 0.0 0.0 0.008962655 0.0 0.0 0.0126736695 0.0 0.0 0.0 0.042337257 0.0 0.005150754 0.025029901 0.016671589 0.073959656 0.004153774 0.0036609087 0.012325566 0.016085735 0.0 0.051804002 0.060386185 0.06743906 0.0 0.0074781794 0.003428621 0.008292029 0.03099724 0.0 0.0028050041 0.048122138 0.07519569 0.025598776 0.0 0.024019362 0.021188064 0.011256457 0.04642633 0.0 0.009194045 0.0020197523 0.0 0.0 0.005191152 0.01628249 0.011909067 0.027018055 0.0 0.023229854 0.019757397 0.01991042
0.05620934 0.0 0.014786464 0.0 0.0 0.0 0.005815737 0.021517422 0.0 0.041688293 0.005547222 0.012272128 0.0326053 0.06535356 0.0010609411 0.0 0.0 0.032754425 0.0130744185 0.00815954 0.022273306 0.030934997 0.0 0.002742935 0.0 0.02056674 0.023517007 0.048125736 0.07816413 0.022048958 0.0 0.015292296 0.0 0.033820964 0.031752102 0.0 0.0 0.0 0.011443297 0.01572473 0.009078847 0.0 0.005819047 0.072695516 0.0038170435 0.005027054 0.019369654 0.0 0.0 0.100418925 0.017399734 0.0 0.0 0.023659281 0.0 0.018492185
0.09772991 0.0 0.0 0.008741619 0.0 0.0 0.0 0.05030021 0.029029097 0.0 0.0 0.0 0.0 0.004584959 0.046288963 0.001693694 0.0 0.01669667 0.015203817 0.029974004 0.0 0.020376626 0.05928809 0.062162515 0.0 0.020162968 8.2453495e-05 0.022456363 0.029478854 0.0076755104 0.025396535 0.018261567 0.058979407 0.059762564 0.013337065 0.06888072 0.02378332 0.0 0.0 0.006594816 0.0671105 0.0 0.0 0.002855189 0.002511143 0.0 0.0 0.060056843 0.0 0.02208691 0.005141673 0.023229854 0.02365928 0.021257028 0.0 0.0061560036
0.0 0.015793558 0.044451047 0.0 0.011853377 0.0 0.01659296 0.019406468 0.018704044 0.0 0.0015251609 0.027871544 0.011484372 0.0 0.032260373 0.044212073 0.03211187 0.016485116 0.019913279 0.0075060837 0.028151968 0.0 0.0 0.0055275904 0.030064732 0.07457964 0.0 0.0 0.024349665 0.027888114 0.013330386 0.016443266 0.0 0.011138827 0.043220777 0.006294213 0.013622368 0.04544544 0.0 0.09421888 0.0 0.020935278 0.003329466 0.029093247 0.0 0.006289886 0.0028339215 0.0 0.028376305 0.0 0.0 0.019757397 0.0 0.0 0.06895186 0.052829172
0.01002667 0.008691583 0.036352552 0.0030190875 0.042589154 0.0 0.021869639 0.059167795 0.009390085 0.0 0.0 0.0 0.011772065 0.0061866916 0.015924033 0.025155304 0.0 0.016537836 0.0 0.056329247 0.0 0.13197477 0.011179762 0.0 0.0 0.011578854 0.015228721 0.023392947 0.0121349925 0.0 0.013026358 0.006857903 0.1116261 0.0 0.012134887 0.06151398 0.049049653 0.0 0.06155149 0.0 0.04578606 0.0 0.0 0.0 0.006669471 0.0 0.0 0.045519527 0.03385153 0.0 0.011873432 0.01991042 0.018492185 0.0061560036 0.05282917 0.0
