0.0 0.06308022 0.0 0.05785259 0.027525822 0.03587934 0.0 0.11721719 0.020895481 0.0 0.0 0.0 0.0 0.09063979 0.042791203 0.032316446 0.0 0.06413097 0.00010198739 0.0059264796 0.0 0.0 0.0058731874 0.025390927 0.024723494 0.0188966 0.028730085 0.0 0.009149391 0.014847176 0.005349557 0.0731592 0.0 0.010981785 0.023237037 0.0087401485 0.0 0.0 0.0 0.021011949 0.043032095 0.0 0.036376286 0.0 0.006761904 0.0 0.0 0.0 0.013163167 0.0 0.024148922 0.034779437 0.0 0.004031839 0.0028532604 0.0
0.06308022 0.0 0.0 0.0 0.01631705 0.021321025 0.05584189 0.0023733214 0.0 0.04201147 0.049006794 0.0 0.0 0.009927575 0.009174974 0.0 0.01105494 0.0037009127 0.002655351 0.0011365454 0.012537019 0.010008808 0.0 0.0 0.025966028 0.0 0.03047049 0.0 0.00605975 0.0 0.011085547 0.002188915 0.0 0.06309939 0.057030305 0.0 0.026125096 0.03677735 0.025243148 0.0 0.025084719 0.034141593 0.041132458 0.0 0.018314648 0.057339884 0.049075093 0.04650858 0.0 0.0014016682 0.015533488 0.0 0.018062543 0.011381981 0.013751179 0.009407088
0.0 0.0 0.09693339 0.0 0.042612035 0.023643894 0.03710827 0.0 0.0 0.087126896 0.055609155 0.0 0.04010549 0.0 0.004628286 0.013390125 0.010562926 0.0 0.02373547 0.0 0.0264629 0.075721435 0.0 0.0 0.056532048 0.007864418 0.010946628 0.016685503 0.01475737 0.024221655 0.02794654 0.0 0.0040796143 0.010635545 0.0 0.0056434567 0.0441451 0.06351343 0.0037208064 0.0 0.0 0.07409922 0.008611604 0.021236127 0.0 0.050936807 0.02774831 0.02778363 0.0 0.0 0.009933241 0.012639652 0.0036237373 0.0 0.0 0.0
0.05785259 0.0 0.0 0.0 0.020178601 0.000415969 0.0 0.050608885 0.0 0.011329006 0.0 0.0 0.0 0.026150385 0.032722816 0.0 0.0 0.0 0.0 0.0 0.001928264 0.0071393703 0.010499269 0.0 0.0 0.07614729 0.060244642 0.03812642 0.048077893 0.02053052 0.0 0.0006186921 0.0 0.0 0.031660575 0.021367563 0.006829133 0.0 0.0 0.006569779 0.047072098 0.0 0.0 0.042374272 0.0 0.010043871 0.022981595 0.12979683 0.0 0.059726745 0.055338647 0.0 0.0014001727 0.019539945 0.03898491 0.039602503
0.027525824 0.01631705 0.04261204 0.020178601 0.0 0.0058810213 0.0 0.013876631 0.07011932 0.007682437 0.0 0.0 0.0 0.0017843763 0.01120437 0.0 0.03409565 0.028075846 0.026032105 0.0 0.0 0.0 0.0 0.04550396 0.019572554 0.0 0.03650466 0.014584627 0.0 0.0 0.056154285 0.0 0.008306581 0.0 0.041973256 0.04287233 0.04433679 0.0 0.0 0.023714878 0.006808732 0.0874149 0.066611975 0.0 0.0 0.0 0.06531822 0.06475916 0.0 0.02088386 0.0053599337 0.0 0.0 0.010680368 0.0 0.04668625
0.03587934 0.021321025 0.023643894 0.000415969 0.0058810213 0.015733533 0.0 0.0 0.0 0.033405222 0.019431546 0.034459006 0.05312368 0.0 0.0 0.036527395 0.0 0.0032717618 0.0 0.0 0.040016692 0.039248466 0.07342696 0.045521144 0.017986193 0.0 0.017273873 0.041292395 0.0 0.0 0.015644282 0.0 0.008528151 0.029603338 0.0 0.045842465 0.0012141004 0.03454796 0.008426869 0.0 0.032280125 0.0050368165 0.052909993 0.018901478 0.0 0.0042344197 0.034445558 0.014302081 0.06260375 0.0104957335 0.025855083 0.0 0.0 0.006197308 0.0 0.0
0.0 0.055841886 0.03710827 0.0 0.0 0.0 0.0017757129 0.0 0.03397543 0.0 0.04907514 0.0 0.0 0.030491984 0.0 0.053241692 0.024101721 0.0 0.080507584 0.0 0.07694086 0.0 0.0012597232 0.0 0.028080257 0.024834625 0.0 0.025154522 0.026624136 0.024473224 0.0 0.018501025 0.0010967645 0.016083311 0.045187756 0.03948784 0.037620682 0.07795839 0.0 0.03238522 0.001212921 0.0 0.0 0.007901335 0.014871695 0.05492112 0.0 0.0 0.015262291 0.0 0.0 0.0028262285 0.03233133 0.026066132 0.0 0.040291738
0.11721719 0.0023733217 0.0 0.05060889 0.01387663 0.0 0.0 0.04400316 0.003930279 0.04247878 0.0 0.0 0.040764544 0.037324212 0.0 0.0123959165 0.0 0.045493588 0.016072888 0.03971031 0.0 0.0 0.02688986 0.023362497 0.0 0.0 0.009938565 0.035098992 0.0 0.0 0.0534768 0.061041083 0.051144715 0.01739436 0.008669399 0.047630265 0.0024026895 0.011048234 0.020731803 0.07603016 0.001392884 0.0 0.021248838 0.0 0.088031925 0.0 0.0 0.0 0.0 0.013925214 0.044261254 0.0 0.0 0.00063007115 0.02485409 0.019457648
0.020895481 0.0 0.0 0.0 0.07011933 0.0 0.03397543 0.003930279 0.03795889 0.09235592 0.006129144 0.0 0.006793052 0.0 0.0 0.0 0.0 0.0063817925 0.0 0.014102406 0.01634201 0.008539344 0.015745195 0.019023888 0.0 0.0 0.01181111 0.014537186 0.0 0.0 0.0 0.069176 0.010700399 0.01119246 0.042112447 0.052170746 0.05130041 0.06714414 0.0 0.0 0.0 0.017701684 0.04490773 0.0 0.017730115 0.12084442 0.050314102 0.0634797 0.0 0.0 0.0 0.0 0.005835131 0.0 0.013130558 0.022154702
0.0 0.04201147 0.087126896 0.0113290055 0.0076824366 0.033405222 0.0 0.04247878 0.09235592 0.033617884 0.014238527 0.031937607 0.04105285 0.0 0.042331673 0.010628875 0.02212085 0.03406159 0.04690211 0.072467536 0.0 0.019394005 0.0 0.0017804424 0.02126875 0.0 0.0 0.0 0.0 0.039822597 0.0 0.0 0.0213318 0.0 0.0 0.0 0.0 0.043219138 0.029790167 0.0 0.0 0.056725956 0.0 0.0 0.0 0.0025146324 0.0029628763 0.007216448 0.016140113 0.0 0.042393625 0.0 0.05835311 0.0 0.0 0.0
0.0 0.049006794 0.055609155 0.0 0.0 0.019431546 0.04907514 0.0 0.006129144 0.014238527 0.077659674 0.0 0.0 0.022324886 0.0061353543 0.007917143 0.031006798 0.0 0.0 0.0 0.051961794 0.0020763306 0.034511674 0.02717027 0.0 0.0 0.016689517 0.0 0.0 0.02292638 0.05595432 0.0 0.0 0.0 0.026755454 0.013182261 0.07122354 0.0 0.05662163 0.002672797 0.0073794294 0.010351148 0.04917597 0.029961422 0.0 0.017518604 0.0 0.0690646 0.0 0.0 0.012238387 0.0 0.0012640709 0.0 0.018975226 0.03350907
0.0 0.0 0.0 0.0 0.0 0.034459002 0.0 0.0 0.0 0.031937607 0.0 0.0 0.06325905 0.0 0.0 0.017949192 0.045525726 0.0 0.0 0.0 0.030162653 0.019242119 0.0 0.024064288 0.006244074 0.0 0.011425318 0.0 0.07639993 0.0 0.0 0.0 3.1768435e-05 0.0 0.01059366 0.06459588 0.07383033 0.00482514 0.032544926 0.001120654 0.03519167 0.06969855 0.03825367 0.020824462 0.0023519727 0.040271692 0.0 0.002482175 0.013028548 0.057866275 0.0 0.03215163 0.033724356 0.026637046 0.023612441 0.053132724
0.0 0.0 0.04010549 0.0 0.0 0.053123675 0.0 0.040764548 0.006793052 0.04105285 0.0 0.06325905 0.018704098 0.02254129 0.0044585294 0.0 0.03880674 0.0 0.0 0.020786589 0.0 0.0073595364 0.041321717 0.0 0.03115986 0.0 0.0010269809 0.0 0.0 0.03414018 0.0 0.013666632 0.059301876 0.08534954 0.0 0.0 6.340306e-05 0.0 0.026504029 0.016682092 0.015313877 0.039474744 0.027919995 0.060061157 0.0 0.0 0.0 0.002611872 0.023012685 0.0032144452 0.001309994 0.0 0.017579682 0.019829255 0.020736635 0.018750533
0.09063979 0.009927575 0.0 0.026150385 0.0017843763 0.0 0.030491984 0.037324216 0.0 0.0 0.022324886 0.0 0.022541288 0.031497914 0.066540025 0.02030082 0.0 0.022790747 0.00050402526 0.0 0.0 0.0096761165 0.055214312 0.03811482 0.03581148 0.015872657 0.022435885 0.034365598 0.0044544963 0.0 0.0 0.0 0.02680638 0.0 0.038159054 0.0116026 0.0 0.0 0.0 0.06454381 0.0077216453 0.0 0.0 0.0 0.07411635 0.0 0.0 0.0 8.817237e-13 0.0 0.100328736 0.0058351574 0.00069782033 0.04149869 0.07216426 0.00020367552
0.042791206 0.009174974 0.0046282867 0.032722816 0.011204369 0.0 0.0 0.0 0.0 0.042331673 0.0061353547 0.0 0.004458529 0.06654003 0.0 0.0 0.0 0.004326371 0.0 0.0 0.0039709 0.0 0.07107453 0.010305967 0.0 0.07771033 0.0 0.101084135 0.022271687 0.007507535 0.026000056 0.0 0.0019551932 0.0 0.05628361 0.05055504 0.020595668 0.0 0.0 0.012900015 0.03639355 0.0 0.034491435 0.0 0.0022641777 0.0004305625 0.0 0.0 0.010263885 0.038073394 0.06831371 0.0 0.0007122876 0.005809485 0.10087829 0.048122324
0.032316443 0.0 0.013390125 0.0 0.0 0.03652739 0.053241692 0.0123959165 0.0 0.010628876 0.007917143 0.017949192 0.0 0.02030082 0.0 0.0 0.052189574 0.0033832968 0.0 0.0104720285 0.034560174 0.04008895 0.0032534928 0.045369312 0.0 0.047318026 0.06867036 0.04122459 0.09630243 0.0 0.023434244 0.0032080682 0.025135208 0.009317018 0.01901766 0.0 0.016735375 0.0 0.0 0.021812119 0.018549487 0.0 0.0 0.019703291 0.07687275 0.0139150405 0.0 0.0 0.0 0.04002775 0.018555412 0.0 0.0 0.039573815 9.91792e-15 0.040182497
0.0 0.011054939 0.010562926 0.0 0.03409565 0.0 0.024101721 0.0 0.0 0.022120852 0.031006798 0.045525726 0.038806736 0.0 0.0 0.052189574 0.017745841 0.0 0.015374972 0.0 0.052549675 0.004765773 0.0 0.0048748036 0.0 0.0 0.0048712217 0.0 0.010298152 0.06207125 0.0 0.018189818 0.056390945 0.051029176 0.0 0.0 0.0 0.12739216 0.029535627 0.0 0.036219973 0.0 0.0 0.06756188 0.0067275483 0.0071381712 0.0069855694 0.00465542 0.06549677 0.0023968094 0.00077794155 0.058990814 0.052913904 0.0 0.0 0.03360378
0.06413097 0.0037009125 0.0 0.0 0.028075846 0.0032717618 0.0 0.04549359 0.006381792 0.03406159 0.0 0.0 0.0 0.022790749 0.004326371 0.0033832965 0.0 0.0 0.0028503458 0.025050947 0.0 0.0 0.006768534 0.036078587 0.0008437964 0.06970972 0.0 0.037347373 0.0001527719 0.0 0.0 0.014604673 0.0 0.0203914 0.042974036 0.021212004 0.0 0.0 0.0 0.005123474 0.033394407 0.0013128475 0.0077019567 0.063148186 0.0 0.012091023 0.0 0.03431083 0.0 0.017614283 0.04117389 0.037381902 0.0 0.017425552 0.0 0.1124975
0.000101987396 0.002655351 0.02373547 0.0 0.026032107 0.0 0.08050758 0.016072886 0.0 0.04690211 0.0 0.0 0.0 0.0005040253 0.0 0.0 0.015374972 0.0028503458 0.018781094 0.0 0.012496044 0.0 0.0006288046 0.006857056 0.0 0.04132947 0.032525722 0.00026567758 0.06953468 0.00095284736 0.036410563 0.0 0.0 0.005066889 0.036835022 0.019242795 0.0094710225 0.0 0.0 0.069660135 0.0363681 0.002759003 0.054628152 0.0037068797 0.0 0.0 0.030778088 0.0 0.07179975 0.015609852 0.0053214887 0.0 0.051453527 0.048057396 0.03283748 0.046078812
0.0059264796 0.0011365453 0.0 0.0 0.0 0.0 0.0 0.03971031 0.014102406 0.072467536 0.0 0.0 0.020786589 0.0 0.0 0.010472029 0.0 0.025050947 0.0 0.023531677 0.00089361344 0.044617943 0.0 0.04844069 0.043366455 0.014305515 0.01847648 0.0 0.003491439 0.0 0.031861547 0.0 0.0 0.0061745923 0.020445174 0.021365894 0.06152223 0.0 0.0053916373 0.021291917 0.07601413 0.035848964 0.035154574 0.004866729 0.03433532 0.01106381 0.0 0.024114572 0.0 0.0006086239 0.0105528245 0.0074449503 0.0 0.014908928 0.0 0.09697214
0.0 0.012537019 0.0264629 0.0019282639 0.0 0.040016692 0.07694086 0.0 0.01634201 0.0 0.051961794 0.030162655 0.0 0.0 0.0039708996 0.034560174 0.052549675 0.0 0.012496044 0.0008936134 0.042554647 0.0097213555 0.0 0.0010942915 0.0 0.019438991 0.0035354956 0.02782435 0.036190506 0.024159115 0.0027778614 0.0 0.0 0.006445136 0.01636735 0.0 0.0050977706 0.03187793 0.0006210228 0.0 0.0 0.006951721 0.006463109 0.017035356 0.0 0.028914394 0.0 0.022597631 0.021832269 0.014583073 0.0 0.0 0.058816805 0.02092633 0.0 0.035783354
0.0 0.010008808 0.07572144 0.007139371 0.0 0.039248463 0.0 0.0 0.008539344 0.019394007 0.0020763304 0.019242119 0.007359536 0.0096761165 0.0 0.04008895 0.004765773 0.0 0.0 0.044617943 0.009721356 0.03955824 0.031426366 0.0 0.05447947 0.018444296 0.004747235 0.0 0.0 0.03867466 0.03997336 0.011810595 0.03255061 0.0 0.0 0.0006764031 0.022635022 0.03091977 0.038704414 0.025251472 0.0005023937 0.0070862137 0.05890301 0.016421326 0.010173111 0.023159789 0.0 0.0010821288 0.06720937 0.06798036 0.0 0.006283839 0.050389346 0.0011089806 0.005723126 0.0
0.0058731874 0.0 0.0 0.010499269 0.0 0.07342696 0.0012597232 0.026889859 0.015745195 0.0 0.034511678 0.0 0.04132172 0.055214304 0.07107454 0.0032534928 0.0 0.006768534 0.0006288046 0.0 0.0 0.031426363 0.104144335 0.05529022 0.0 0.0 0.008190026 0.0143407285 0.0 0.0 0.0 0.07163236 0.053806107 0.0 0.046779625 0.0015867273 0.015206233 0.0282798 0.043237302 0.0118237855 0.0031778272 0.0 0.033033848 0.0072945184 0.04176334 0.018265888 0.0 0.003545213 0.0 0.0 0.043353125 0.0 0.0062061637 0.0 0.053118445 0.0
0.025390927 0.0 0.0 0.0 0.04550396 0.045521144 0.0 0.023362497 0.01902389 0.0017804424 0.02717027 0.024064288 0.0 0.03811482 0.010305967 0.045369312 0.004874803 0.036078587 0.006857056 0.04844069 0.0010942915 0.0 0.05529022 0.0 0.0051775244 0.014785874 0.039509535 0.011428768 0.0060089426 0.08631856 0.0 0.12807891 0.009516285 0.0 0.07802251 0.0 0.032624066 0.0 0.0 0.0 0.029620262 0.0 0.0 0.0 0.039679404 0.021790497 0.0 0.025356974 0.0 0.0063388776 0.011117223 0.0 0.0 0.0 0.021727156 0.0
0.024723494 0.025966028 0.05653205 0.0 0.019572554 0.017986193 0.028080257 0.0 0.0 0.021268748 0.0 0.006244074 0.031159857 0.03581148 0.0 0.0 0.0 0.0008437964 0.0 0.043366455 0.0 0.05447947 0.0 0.0051775244 0.0047992156 0.02814515 0.017092252 0.063551724 0.08294659 0.0014291322 0.0 0.0 0.004274083 0.0 0.023569368 0.042693518 0.0 0.0 0.0 0.019644825 0.017774403 0.041568685 0.0 0.026047831 0.0 0.0 0.0292563 0.010882957 0.0 0.074449845 0.0 0.0 0.00040591846 0.052670598 0.0 0.050571993
0.0188966 0.0 0.0078644175 0.07614729 0.0 0.0 0.024834625 0.0 0.0 0.0 0.0 0.0 0.0 0.015872657 0.07771033 0.047318023 0.0 0.06970972 0.04132947 0.014305514 0.01943899 0.018444296 0.0 0.014785874 0.028145151 0.091014534 0.0 0.0 0.010043736 0.0 0.0068519115 0.029683188 0.029438592 0.022218317 0.0 0.031321514 0.006062253 0.0 0.0076585696 0.036200043 0.021044467 0.0 0.04504816 0.018360335 0.0 0.0 0.0 0.0 0.007719759 0.0 0.005612331 0.033744626 0.062247667 0.030834928 0.02045846 0.0
0.028730085 0.03047049 0.010946628 0.060244642 0.036504656 0.017273875 0.0 0.009938565 0.011811109 0.0 0.016689517 0.011425317 0.0010269809 0.022435887 0.0 0.06867036 0.0048712217 0.0 0.03252572 0.01847648 0.0035354956 0.0047472348 0.008190026 0.039509535 0.01709225 0.0 0.029106202 0.03463894 0.0 0.023002982 0.01565229 0.02998038 0.03858489 0.0 0.022196332 0.0043228213 0.06641322 0.00232315 0.0929452 0.025510449 0.016958477 0.0 0.04999902 0.032607906 0.008235164 0.0 0.0 0.020121295 0.018467166 0.0 0.036055733 0.016328113 0.011374025 0.0 0.07178716 0.0
0.0 0.0 0.016685504 0.03812642 0.014584627 0.0412924 0.025154524 0.035098992 0.014537186 0.0 0.0 0.0 0.0 0.034365598 0.101084135 0.04122459 0.0 0.037347373 0.00026567758 0.0 0.02782435 0.0 0.014340728 0.011428768 0.063551724 0.0 0.03463894 0.0 0.0037181852 0.0 0.0 0.026673699 0.048045687 0.034539063 0.0 0.0 0.0 0.0 0.07113294 0.0 0.0 0.013142008 0.028526114 0.0 0.03738951 0.0015557454 0.0 0.0 0.049361788 0.010064673 0.009915769 0.0 0.055960376 0.024657115 0.0 0.00071893004
0.009149391 0.00605975 0.014757371 0.04807789 0.0 0.0 0.026624136 0.0 0.0 0.0 0.0 0.07639993 0.0 0.0044544963 0.022271687 0.09630243 0.010298152 0.00015277189 0.06953468 0.003491439 0.036190502 0.0 0.0 0.0060089426 0.08294659 0.010043736 0.0 0.0037181852 0.0 0.038446996 0.0028938737 0.012868196 0.037756886 0.0 0.014413387 0.018938035 0.029174564 0.0 0.0 0.0 0.02075686 0.03280121 0.0 0.040489655 0.078702725 0.0064389077 0.0 0.0 0.01943799 0.0046144943 0.0 0.0 0.010920916 0.024126738 0.0 0.0
0.014847175 0.0 0.024221655 0.020530518 0.0 0.0 0.024473224 0.0 0.0 0.039822593 0.02292638 0.0 0.034140185 0.0 0.007507535 0.0 0.062071253 0.0 0.00095284736 0.0 0.024159115 0.03867466 0.0 0.08631856 0.0014291322 0.0 0.023002982 0.0 0.038446993 0.041755807 0.0052350806 0.0 0.0 0.0 0.0136853745 0.11026072 0.02936279 0.018237509 0.0 0.0 0.018954514 0.05007563 0.0 0.0 0.009820633 0.02176557 0.020247633 0.0 0.0 0.07707892 0.0 0.03555514 0.0 0.020873245 0.0 0.045083404
0.005349557 0.011085546 0.027946541 0.0 0.056154285 0.015644282 0.0 0.0534768 0.0 0.0 0.05595432 0.0 0.0 0.0 0.026000056 0.023434246 0.0 0.0 0.03641056 0.031861544 0.0027778614 0.03997336 0.0 0.0 0.0 0.006851911 0.01565229 0.0 0.0028938737 0.0052350806 0.0 0.0 0.02514981 0.0 0.02028071 0.039376523 0.0 0.008801161 0.0 0.02911409 0.055858217 0.067363895 0.046834376 0.0 0.0 0.049283694 0.017226454 0.010266322 0.00028471352 0.008569246 0.0 0.0 0.0 0.031590283 0.012465659 0.0
0.073159195 0.002188915 0.0 0.0006186921 0.0 0.0 0.018501027 0.061041083 0.069176 0.0 0.0 0.0 0.013666633 0.0 0.0 0.0032080682 0.01818982 0.014604673 0.0 0.0 0.0 0.011810595 0.07163237 0.12807891 0.0 0.02968319 0.029980384 0.026673699 0.012868197 0.0 0.0 0.0 0.0 0.0 0.05326672 0.0 0.009330721 0.0 0.0 0.032199718 0.06229141 0.020247774 0.031843297 0.0 0.02842141 0.0 0.00021054345 0.025676262 0.0 0.008809418 0.035796817 0.0 0.0010530528 0.005734675 0.050562967 0.037953775
0.0 0.0 0.0040796148 0.0 0.00830658 0.00852815 0.0010967645 0.05114471 0.010700399 0.021331798 0.0 3.1768435e-05 0.05930188 0.02680638 0.0019551932 0.025135206 0.056390945 0.0 0.0 0.0 0.0 0.03255061 0.053806104 0.009516285 0.004274083 0.029438594 0.03858489 0.048045687 0.03775689 0.0 0.02514981 0.0 0.0 0.04333845 0.048287414 0.0056978576 0.024915254 0.004617505 0.024213681 0.030568538 0.015153799 0.021870464 0.0027908315 0.014982165 0.0 0.0063265725 0.0 0.021369595 0.0 0.0016566287 0.02772617 0.13624786 0.0 0.018299028 0.022339316 0.011703589
0.010981786 0.06309939 0.010635545 0.0 0.0 0.02960334 0.016083311 0.017394362 0.01119246 0.0 0.0 0.0 0.08534953 0.0 0.0 0.009317017 0.051029176 0.0203914 0.005066889 0.0061745928 0.006445136 0.0 0.0 0.0 0.0 0.022218315 0.0 0.034539063 0.0 0.0 0.0 0.0 0.04333845 0.10933505 0.029348265 0.0020929733 0.03791735 0.006166542 0.0 0.009856656 0.03079959 0.0 0.0 0.024373684 0.0 0.011128522 0.0 0.0 0.033178184 0.0 0.008417077 0.05022473 0.08920039 0.005849774 0.0 0.019260991
0.023237037 0.057030305 0.0 0.031660575 0.04197326 0.0 0.045187756 0.008669399 0.042112447 0.0 0.026755454 0.01059366 0.0 0.038159054 0.05628361 0.01901766 0.0 0.042974036 0.036835022 0.020445174 0.01636735 0.0 0.046779625 0.07802251 0.023569368 0.0 0.022196332 0.0 0.014413387 0.0136853745 0.02028071 0.053266715 0.048287414 0.029348265 0.0 0.0020461627 0.047346916 0.0 0.004607912 0.04267702 0.01723549 0.0015686331 0.0 0.0052050087 0.0 0.021091301 0.0 0.0 0.047107585 0.0 0.039290708 0.03049967 0.028218755 0.0 0.0035300578 0.005090624
0.008740148 0.0 0.0056434567 0.021367563 0.04287233 0.045842465 0.03948784 0.047630265 0.052170746 0.0 0.013182261 0.06459587 0.0 0.0116026 0.050555035 0.0 0.0 0.021212004 0.019242795 0.021365894 0.0 0.0006764031 0.0015867273 0.0 0.042693514 0.031321514 0.0043228213 0.0 0.018938037 0.11026072 0.03937652 0.0 0.005697857 0.0020929733 0.0020461627 0.0436861 0.032260194 0.0 0.0029911913 0.0 0.0 0.0 0.0064995578 0.032722406 0.020080782 0.016444452 0.055673625 0.03575044 0.0 0.03734931 0.00095245225 0.0 0.0 0.008501942 0.0019673794 0.0
0.0 0.026125098 0.044145096 0.006829133 0.044336792 0.0012141004 0.037620682 0.0024026895 0.05130041 0.0 0.07122354 0.07383033 6.340306e-05 0.0 0.020595668 0.016735375 0.0 0.0 0.0094710225 0.06152223 0.00509777 0.022635022 0.0152062345 0.032624066 0.0 0.006062253 0.06641322 0.0 0.029174564 0.02936279 0.0 0.009330721 0.024915254 0.037917346 0.04734692 0.032260194 0.089121595 0.0063311146 0.049488083 0.0 0.0 0.025110971 0.0 0.0 0.0135622015 0.0 0.030662224 0.011184399 0.033556957 0.0 0.010321397 0.014883168 0.0 0.011637988 0.0 0.0
0.0 0.036777347 0.06351343 0.0 0.0 0.03454796 0.07795839 0.011048235 0.06714414 0.043219138 0.0 0.00482514 0.0 0.0 0.0 0.0 0.12739216 0.0 0.0 0.0 0.03187793 0.03091977 0.0282798 0.0 0.0 0.0 0.00232315 0.0 0.0 0.018237509 0.008801161 0.0 0.0046175052 0.006166542 0.0 0.0 0.0063311146 0.08900309 0.0 0.0 0.03551899 0.03731692 0.010392631 0.020658398 0.0 0.022840325 0.068870604 0.01385441 0.0 0.0 0.025587784 0.018578252 0.0 0.0 0.0 0.0008678057
0.0 0.025243148 0.0037208062 0.0 0.0 0.00842687 0.0 0.020731803 0.0 0.029790167 0.056621626 0.032544926 0.026504029 0.0 0.0 0.0 0.029535627 0.0 0.0 0.005391637 0.0006210228 0.038704414 0.0432373 0.0 0.0 0.0076585696 0.0929452 0.07113294 0.0 0.0 0.0 0.0 0.024213681 0.0 0.004607912 0.0029911913 0.049488083 0.0 0.0 0.03710692 0.06543307 0.0 0.008208778 0.0095016295 0.0 0.0 0.0 0.004756256 0.0 0.043036167 0.03437613 0.107042134 0.0 0.02108706 0.002352868 0.005601929
0.021011949 0.0 0.0 0.0065697785 0.023714878 0.0 0.03238522 0.07603016 0.0 0.0 0.0026727973 0.001120654 0.016682092 0.06454381 0.012900014 0.021812119 0.0 0.0051234746 0.069660135 0.021291917 0.0 0.02525147 0.0118237855 0.0 0.019644825 0.036200043 0.025510449 0.0 0.0 0.0 0.029114088 0.032199718 0.030568542 0.009856656 0.042677015 0.0 0.0 0.0 0.037106916 0.009323051 0.0 0.0040243706 0.0 0.03967715 0.11524704 0.0 0.018693464 0.0 0.011372608 0.0 0.0026408986 0.0142049305 0.0 0.0331839 0.030731289 0.0054238415
0.043032095 0.025084719 0.0 0.047072098 0.0068087326 0.032280125 0.001212921 0.001392884 0.0 0.0 0.0073794294 0.03519167 0.015313877 0.0077216458 0.036393553 0.018549487 0.036219973 0.033394407 0.036368106 0.07601413 0.0 0.00050239364 0.0031778272 0.029620264 0.017774405 0.021044467 0.016958477 0.0 0.02075686 0.018954512 0.055858217 0.062291406 0.015153799 0.030799588 0.01723549 0.0 0.0 0.03551899 0.06543306 0.0 0.0 0.0 0.0054477765 0.016764915 0.042817935 0.0 0.013040681 0.007581334 0.023011003 0.0 0.057756826 0.0 0.05920841 0.008736479 0.0 0.0
0.0 0.034141593 0.07409921 0.0 0.08741489 0.005036816 0.0 0.0 0.017701685 0.056725953 0.010351149 0.06969855 0.039474748 0.0 0.0 0.0 0.0 0.0013128474 0.0027590033 0.035848964 0.0069517205 0.0070862137 0.0 0.0 0.041568685 0.0 0.0 0.013142008 0.03280121 0.05007563 0.06736389 0.020247774 0.021870462 0.0 0.0015686331 0.0 0.025110971 0.03731692 0.0 0.004024371 0.0 0.0036843927 0.005562129 0.011230146 0.0 0.08437306 0.03910687 0.041134905 0.04683252 0.0 0.0 0.0 0.014586126 0.054550175 0.0052158614 0.0
0.036376286 0.041132458 0.008611604 0.0 0.066611975 0.05290999 0.0 0.021248838 0.044907734 0.0 0.04917597 0.038253665 0.027919995 0.0 0.034491435 0.0 0.0 0.007701957 0.05462815 0.035154577 0.0064631086 0.05890301 0.033033844 0.0 0.0 0.045048155 0.04999902 0.028526116 0.0 0.0 0.04683438 0.031843293 0.0027908315 0.0 0.0 0.0064995578 0.0 0.010392631 0.008208779 0.0 0.0054477765 0.005562129 0.0 0.0 0.0 0.022625536 0.040787175 0.0 0.0054508885 0.0 0.008857866 0.039078247 0.0 0.02243115 0.015869811 0.01691719
0.0 0.0 0.02123613 0.042374272 0.0 0.018901478 0.007901334 0.0 0.0 0.0 0.029961422 0.020824462 0.06006116 0.0 0.0 0.019703291 0.06756188 0.06314818 0.0037068797 0.004866729 0.017035358 0.016421326 0.007294518 0.0 0.026047831 0.018360337 0.0326079 0.0 0.04048966 0.0 0.0 0.0 0.014982165 0.024373684 0.005205009 0.032722406 0.0 0.020658398 0.0095016295 0.039677147 0.016764913 0.011230146 0.0 0.0 0.039536014 0.025348391 0.100020185 0.0 0.027436672 0.0 0.008024978 0.035330184 0.031673048 0.06629439 0.059365008 0.0
0.006761904 0.01831465 0.0 0.0 0.0 0.0 0.014871695 0.088031925 0.017730115 0.0 0.0 0.002351973 0.0 0.07411635 0.0022641777 0.07687275 0.0067275483 0.0 0.0 0.034335323 0.0 0.010173111 0.04176334 0.039679404 0.0 0.0 0.008235163 0.03738951 0.07870273 0.009820632 0.0 0.028421406 0.0 0.0 0.0 0.020080782 0.0135622015 0.0 0.0 0.11524704 0.04281794 0.0 0.0 0.03953601 0.013725341 0.0 0.0 0.013257281 0.0 0.0 0.0 0.056880344 0.0 0.049068905 0.015085958 0.0014641146
0.0 0.057339884 0.050936807 0.010043871 0.0 0.00423442 0.05492112 0.0 0.12084441 0.0025146322 0.017518602 0.040271692 0.0 0.0 0.00043056253 0.0139150405 0.0071381717 0.012091024 0.0 0.01106381 0.028914394 0.023159787 0.018265888 0.021790497 0.0 0.0 0.0 0.0015557454 0.0064389077 0.021765571 0.049283694 0.0 0.0063265725 0.011128522 0.021091301 0.016444452 0.0 0.022840323 0.0 0.0 0.0 0.084373064 0.022625534 0.025348391 0.0 0.0 0.0 0.054411087 0.021154638 0.0 0.0 0.008498305 0.0 0.0 0.0 0.022219384
0.0 0.049075093 0.02774831 0.022981595 0.06531822 0.034445554 0.0 0.0 0.050314102 0.0029628763 0.0 0.0 0.0 0.0 0.0 0.0 0.0069855694 0.0 0.030778088 0.0 0.0 0.0 0.0 0.0 0.0292563 0.0 0.0 0.0 0.0 0.020247633 0.017226454 0.00021054345 0.0 0.0 0.0 0.05567362 0.030662224 0.0688706 0.0 0.018693466 0.013040681 0.03910687 0.040787175 0.100020185 0.0 0.0 0.03964876 0.027348781 0.045954235 0.019202605 0.0 0.0 0.02844376 0.07152333 0.0 0.0630677
0.0 0.04650858 0.027783632 0.12979683 0.06475916 0.014302081 0.0 0.0 0.0634797 0.007216448 0.06906461 0.002482175 0.002611872 0.0 0.0 0.0 0.00465542 0.03431083 0.0 0.024114573 0.02259763 0.0010821288 0.0035452128 0.025356974 0.010882957 0.0 0.020121295 0.0 0.0 0.0 0.010266322 0.025676262 0.021369597 0.0 0.0 0.03575044 0.011184399 0.01385441 0.004756256 0.0 0.0075813336 0.04113491 0.0 0.0 0.013257281 0.05441109 0.027348783 0.0 0.050094586 0.0 0.0 0.0 0.020676076 0.008076739 0.0219768 0.0
0.013163167 0.0 0.0 0.0 0.0 0.06260374 0.015262291 0.0 0.0 0.016140113 0.0 0.013028547 0.023012685 8.817237e-13 0.010263885 0.0 0.065496765 0.0 0.07179975 0.0 0.021832267 0.06720937 0.0 0.0 0.0 0.007719759 0.018467166 0.049361788 0.01943799 0.0 0.00028471352 0.0 0.0 0.033178184 0.04710759 0.0 0.033556953 0.0 0.0 0.011372608 0.023011 0.04683252 0.005450889 0.027436672 0.0 0.021154638 0.045954235 0.050094582 0.040676296 0.08392006 0.0 0.0 0.0035472186 0.0048593855 0.03509578 0.043320797
0.0 0.0014016681 0.0 0.05972675 0.020883862 0.0104957335 0.0 0.013925215 0.0 0.0 0.0 0.05786627 0.0032144452 0.0 0.0380734 0.04002775 0.0023968094 0.017614283 0.015609852 0.0006086239 0.014583073 0.06798036 0.0 0.0063388776 0.074449845 0.0 0.0 0.010064674 0.0046144943 0.07707892 0.008569246 0.008809418 0.0016566288 0.0 0.0 0.037349306 0.0 0.0 0.043036167 0.0 0.0 0.0 0.0 0.0 0.0 0.0 0.019202605 0.0 0.08392006 0.14653157 0.0138997985 0.0 0.059115004 0.002870703 0.0 0.0
0.024148922 0.015533488 0.009933241 0.055338655 0.0053599337 0.025855083 0.0 0.044261254 0.0 0.042393625 0.012238387 0.0 0.0013099941 0.100328736 0.0683137 0.01855541 0.00077794155 0.04117389 0.0053214887 0.0105528245 0.0 0.0 0.043353125 0.011117223 0.0 0.005612331 0.036055736 0.009915769 0.0 0.0 0.0 0.035796817 0.027726172 0.008417077 0.039290708 0.00095245225 0.010321397 0.025587784 0.03437613 0.0026408986 0.057756826 0.0 0.008857866 0.008024978 0.0 0.0 0.0 0.0 0.0 0.0138997985 0.08736413 0.0 0.0 0.0 0.014254009 0.0060176514
0.034779437 0.0 0.012639653 0.0 0.0 0.0 0.0028262287 0.0 0.0 0.0 0.0 0.03215163 0.0 0.0058351574 0.0 0.0 0.058990818 0.0373819 0.0 0.0074449503 0.0 0.006283839 0.0 0.0 0.0 0.033744626 0.016328113 0.0 0.0 0.035555143 0.0 0.0 0.13624786 0.05022473 0.03049967 0.0 0.014883169 0.018578252 0.107042134 0.0142049305 0.0 0.0 0.039078247 0.03533018 0.056880344 0.008498305 0.0 0.0 0.0 0.0 0.0 0.0 0.019975727 0.023392085 0.043015137 0.040249586
0.0 0.018062543 0.0036237373 0.0014001728 0.0 0.0 0.03233133 0.0 0.005835131 0.05835311 0.0012640709 0.033724356 0.017579684 0.00069782033 0.0007122876 0.0 0.052913908 0.0 0.05145353 0.0 0.058816805 0.050389346 0.006206164 0.0 0.00040591846 0.062247664 0.011374025 0.055960376 0.010920916 0.0 0.0 0.0010530528 0.0 0.08920039 0.028218755 0.0 0.0 0.0 0.0 0.0 0.059208408 0.014586127 0.0 0.03167305 0.0 0.0 0.028443761 0.020676076 0.0035472186 0.059115008 0.0 0.019975727 0.0 0.04264313 0.0 0.004790014
0.004031839 0.01138198 0.0 0.019539945 0.010680368 0.006197308 0.026066132 0.00063007115 0.0 0.0 0.0 0.026637046 0.019829255 0.04149869 0.0058094845 0.03957382 0.0 0.017425552 0.048057396 0.014908928 0.020926328 0.0011089806 0.0 0.0 0.052670598 0.030834928 0.0 0.024657115 0.024126738 0.020873243 0.031590283 0.0057346746 0.018299028 0.005849774 0.0 0.008501942 0.011637987 0.0 0.02108706 0.033183903 0.00873648 0.05455018 0.022431148 0.06629439 0.049068905 0.0 0.07152333 0.008076739 0.004859385 0.002870703 0.0 0.023392085 0.042643134 0.0 0.025776904 0.014977243
0.0028532604 0.013751179 0.0 0.03898491 0.0 0.0 0.0 0.02485409 0.013130558 0.0 0.018975226 0.023612441 0.020736635 0.07216426 0.10087828 9.917919e-15 0.0 0.0 0.03283748 0.0 0.0 0.005723126 0.053118445 0.021727156 0.0 0.02045846 0.071787156 0.0 0.0 0.0 0.012465659 0.050562963 0.022339316 0.0 0.003530058 0.0019673794 0.0 0.0 0.002352868 0.03073129 0.0 0.005215862 0.01586981 0.05936501 0.015085957 0.0 0.0 0.0219768 0.035095785 0.0 0.014254008 0.043015137 0.0 0.025776904 0.044419564 0.0
0.0 0.009407088 0.0 0.039602507 0.046686254 0.0 0.040291738 0.019457648 0.022154704 0.0 0.033509064 0.05313272 0.018750533 0.00020367553 0.04812232 0.040182497 0.03360378 0.1124975 0.046078812 0.09697214 0.035783354 0.0 0.0 0.0 0.050571993 0.0 0.0 0.00071893 0.0 0.045083404 0.0 0.037953775 0.01170359 0.01926099 0.0050906236 0.0 0.0 0.00086780573 0.0056019286 0.0054238415 0.0 0.0 0.01691719 0.0 0.0014641146 0.022219384 0.0630677 0.0 0.043320797 0.0 0.0060176514 0.040249586 0.004790014 0.014977243 0.0 0.0
