0.0 0.0 0.0 0.0 0.031386632 0.0 0.027586631 0.0 0.04850145 0.0 0.0 0.0 0.0 0.0 0.04826249 0.003709455 0.0 0.0 0.0 0.060202777 0.0 0.0038822943 0.0 0.008766659 0.015552493 0.06977276 0.02232952 0.0 0.0086464295 0.007820058 0.0 0.0 0.020806521 0.0 0.027338965 0.0 0.0 0.0 0.028407393 0.01462751 0.04388398 0.0747796 0.0 0.0 0.0 0.04632942 0.0938592 0.02359911 0.0823726 0.06000998 0.0 0.010277764 0.09651064 0.0 0.0 0.039379746
0.0 0.0 0.04157072 0.062166605 0.080544844 0.089721836 0.034545533 0.0 0.004039602 0.010283949 0.011857305 0.03586023 0.03953998 0.0 0.01446989 0.05811462 0.06545888 0.04205129 0.008203589 0.0 0.059287418 0.028360896 0.0 0.0 0.010485049 0.0 0.0 0.0 0.011250403 0.040570147 0.03220273 0.029627325 0.02315809 0.005847714 0.0 0.013133309 0.0 0.020877918 0.0031997554 0.002690956 0.0 0.0 0.0 0.053641763 0.0 0.027123995 0.0081650885 0.0 0.007380646 0.0 0.0 0.0 0.02515795 0.0 0.0 0.0
0.0 0.041570716 0.0 0.005421991 0.0 0.06682604 0.032198258 0.021863295 0.009609996 0.004573905 0.025781797 0.0 0.018585805 0.007063831 0.0 0.0 0.0 0.00818666 0.03299328 0.0 0.05407053 0.023250984 0.0050944933 0.0 0.00044288245 0.022025978 0.0084177535 0.023993388 0.055774532 0.014620513 0.0 0.060146123 0.05433281 0.042751756 0.031931337 0.050332062 0.0 0.0 0.021477757 0.011135953 0.0 0.0 0.0 0.05766751 0.012913853 0.040268913 0.0 0.0 0.0 0.0 0.006402351 0.0070864144 0.0008037176 0.0089622205 0.0 0.0218046
0.0 0.062166605 0.0054219915 0.009676267 0.028879441 0.07404216 0.027542487 0.035802238 0.007932147 0.0 0.0 0.028829543 0.034895312 0.013172178 0.10480156 0.06479877 0.07761406 0.0 0.023937652 0.0 0.09899893 0.014382085 0.023276126 0.0 0.07228152 0.0 0.0 0.039224517 0.021368682 0.008718836 0.038235035 0.0 0.0025584898 0.002807715 0.0 0.00898855 0.0 7.899742e-05 0.006489888 0.008126253 0.008475609 0.0332584 0.0 0.0051660812 0.0 0.0 0.0 0.0 0.004340138 0.0 0.0 0.0 0.022367746 0.0 0.0 0.022701547
0.031386636 0.08054485 0.0 0.028879441 0.0 0.0 0.048041575 0.10157567 0.0 0.0072682337 0.0 0.0 0.050278008 0.05077953 0.00119922 0.0 0.0 0.0035433928 0.0 0.0 0.03907668 0.009729685 0.0 0.050385863 0.0 0.045173716 0.0 0.05821188 0.0 0.0 0.0 0.0020321552 0.0 0.0 0.0 0.0037174998 0.0 0.000104205974 0.0 0.0 0.038796782 0.0 0.0 0.023011852 0.0074777636 0.0 0.016601562 0.0 0.0 0.007168191 0.0 0.08942743 0.0 0.09586431 0.0134984385 0.0
0.0 0.089721836 0.06682603 0.07404216 0.0 0.0 0.056331366 0.0 0.0 0.02764554 0.0 0.0 0.038767207 0.0 0.0 0.046010807 0.0 0.048345417 0.0 0.0 0.028854284 0.009015448 0.0048438716 0.0 0.0012076673 0.0057030846 0.018259246 0.06973801 0.052808434 0.035396613 0.031651866 0.0 0.0 0.023407 0.011001561 0.0 0.013306725 0.0 0.01042715 0.0 0.0 0.0 0.0 0.07249398 0.0 0.042036675 0.0 0.0 0.0 0.0 0.0015033933 0.0 0.0 0.0 0.0 0.0
0.027586631 0.034545533 0.032198258 0.027542487 0.04804158 0.056331366 0.0 0.04246411 0.034089677 0.0042948206 0.033193555 0.0 0.0 0.0 0.0 0.03834936 0.0057991617 0.027317742 0.0011071411 0.03185907 0.046062898 0.0 0.021205734 0.0069752345 0.0 0.0011444438 0.006588902 0.041799672 0.0 0.0 0.0 0.038885627 0.03950013 0.023545066 0.045253128 0.0033611562 0.0 0.0067381193 0.035903495 0.026035177 0.0 0.0 0.0 0.0 0.0 0.0 0.0 0.035439618 0.0 0.0 0.044213247 0.012837378 0.02263713 0.0033463726 0.0055589406 0.0043628486
0.0 0.0 0.021863295 0.035802238 0.10157568 0.0 0.04246411 0.0 0.042908102 0.057816643 0.08000967 0.0 0.0 0.0 0.01998556 0.020504903 0.0 0.032384463 0.0056734197 0.038444053 0.0 0.0 0.055858318 0.0037544803 0.049961943 0.0 0.0 0.0 0.0 0.039890062 0.012219476 0.063612655 0.01961168 0.0013116443 0.0 0.012845287 0.019522417 0.07215773 0.07062775 0.00710532 0.0 0.0 0.0123452535 0.0 0.026213542 0.0069710435 0.097412854 0.0028210678 0.03167773 0.0 0.0 0.0 0.038382553 0.0 0.0077386447 0.0
0.04850145 0.004039602 0.009609996 0.007932147 0.0 0.0 0.03408968 0.042908102 0.0 0.04505437 0.0 0.0 0.00050832937 0.024907274 0.0056285555 0.014259256 0.05034289 0.0 0.0 0.031006588 0.027388232 0.052785005 0.0 0.039988756 0.0 0.010783749 0.0 0.087726235 0.04212064 0.01012836 0.0 0.02674951 0.018498218 0.0756558 0.0 0.0003221497 0.0034855367 0.0100680245 0.0 0.0 0.037133515 0.00448958 0.0 0.0 0.028195234 0.03067191 0.033901695 0.040253133 0.035619356 0.042743374 0.0 0.024639469 0.0245152 0.029045027 0.015583814 0.0
0.0 0.010283948 0.0045739054 0.0 0.007268233 0.02764554 0.0042948206 0.057816636 0.04505437 0.0 0.015429608 0.0037747845 0.056250434 0.0 0.00033077114 0.0 0.028955733 0.034942605 0.0 0.09074946 0.019117063 0.0 0.027362986 0.002968748 0.014873023 0.0022130033 0.0 0.034846313 0.0 0.04310371 0.032787845 0.044978756 0.0 0.0 0.0 0.0 0.0016796178 0.023068758 0.02059114 0.009304174 0.0 0.0041273655 0.0 0.0 0.032042444 0.032696784 0.07844431 0.07879525 0.03361274 0.024685562 0.0 0.0 0.072771624 0.0 0.0 0.017639676
0.0 0.011857306 0.025781797 0.0 0.0 0.0 0.033193555 0.08000967 0.0 0.015429608 0.026041012 0.0 0.043080803 0.039492868 0.0005679962 0.0 0.0043167244 0.02082305 0.0 0.046374727 0.04024611 0.047632165 0.036716767 0.0 0.01279096 0.0 0.0 0.0020127522 0.042523194 0.0 0.0 0.0014726141 0.010870852 0.010869957 0.0 0.0062381094 0.0068209004 0.0 0.018798634 0.0 0.033377413 0.0044816546 0.0 0.0 0.054312672 0.04001046 0.0 0.040873434 0.00092471176 0.09147928 0.0 0.0 0.007051386 0.05901722 0.0045979554 0.010435354
0.0 0.035860233 0.0 0.028829545 0.0 0.0 0.0 0.0 0.0 0.0037747845 0.0 0.0 0.05750232 0.048034817 0.0 0.049742028 0.016032472 0.013071877 0.020320076 0.0 0.0 0.0008077067 0.0051382743 0.031384923 0.0 0.010123787 0.0 0.049706616 0.028470583 0.021650016 0.0016532124 0.0 0.0038224473 0.021382455 0.018203368 0.0 0.0341579 0.0 0.037685595 0.05976065 0.060764235 0.0 0.017304063 0.08790335 0.004260637 0.0 0.0 0.0 0.04075126 0.0 0.052064773 0.0 0.0 0.03308657 0.0 0.0512421
0.0 0.03953998 0.018585805 0.034895312 0.050278008 0.038767204 0.0 0.0 0.0005083293 0.056250434 0.043080803 0.05750232 0.0 0.0 0.018602857 0.0 0.00937559 0.04951588 0.044776786 0.0 0.057178594 0.0 0.0005746655 0.0 0.10127934 0.0 0.0 0.0 0.0 0.011344821 0.034190804 0.038409192 0.031296063 0.0 0.0119223595 0.011703026 0.010407037 0.0637339 0.07156393 0.0 0.0 0.008327854 0.045723945 0.018056754 0.0 0.03869096 0.0 0.0 0.056954104 0.0 0.008092952 0.0 0.03112641 0.0 0.0 0.0
0.0 0.0 0.007063832 0.013172178 0.05077953 0.0 0.0 0.0 0.024907274 0.0 0.039492864 0.048034817 0.0 0.0 0.0 0.006100824 0.03070999 0.009204067 0.07827243 0.013885136 0.0 0.022421608 0.0 0.0 0.06973432 0.044053942 0.052650917 0.0 0.0 0.051754832 0.02853302 0.086024396 0.0518595 0.0 0.0 0.01758557 0.003791701 0.021683883 0.04055572 0.0 0.0 0.040726032 0.037023097 0.0 0.0 0.0 0.027407331 0.017693426 0.048580233 0.0 0.023323352 0.0 0.04049878 0.0 0.035298977 0.025038835
0.04826249 0.014469891 0.0 0.10480155 0.0011992198 0.0 0.0 0.01998556 0.0056285555 0.00033077114 0.00056799623 0.0 0.018602857 0.0 0.0 0.05704954 0.0 0.020032518 0.0 0.0 0.008356892 0.038537525 0.012461094 0.020142691 0.0 0.009670604 0.056628253 0.05453204 0.013649215 0.003029969 0.034230106 0.0 0.0 0.0 0.08999691 0.02285557 0.030703774 0.0 0.0 0.01557532 0.0 0.0 0.0 0.0 0.048582688 0.0 0.0 0.04619114 0.0 0.024572914 0.024459217 0.05360968 0.027667452 0.0 0.011065244 0.009854428
0.0037094548 0.058114626 0.0 0.06479877 0.0 0.04601081 0.03834936 0.020504901 0.014259256 0.0 0.0 0.049742028 0.0 0.0061008236 0.05704953 0.01057156 0.020063523 0.03379282 0.005633841 0.0 0.0 0.021883117 0.01618783 0.0 0.04935213 0.04586107 0.007791064 0.015716858 0.0009435975 0.0056751044 0.0520368 0.0 0.056310833 0.018632604 0.004147357 0.020391129 0.041691158 0.0 0.0 0.019450929 0.0 0.05978323 0.03523565 0.015739959 0.009093556 0.0054730074 0.0 0.039366193 0.0 0.0 0.02663627 0.0 0.013450272 0.004598548 0.0 0.0
0.0 0.06545889 0.0 0.07761406 0.0 0.0 0.005799162 0.0 0.05034289 0.028955735 0.0043167244 0.016032472 0.00937559 0.030709993 0.0 0.020063523 0.0 0.0594377 0.06294927 0.0 0.0 0.017863605 0.09436882 0.020745553 0.0 0.0 0.038809497 0.040782124 0.0154799875 0.0 0.0 0.013272908 0.024764039 0.0 0.059578095 0.002980817 0.0 0.0 0.0 0.036405496 0.03313228 0.0 0.018079069 0.008931017 0.0 0.0123949405 0.0 0.011026131 0.0 0.0 0.04990067 0.0 0.0 0.0 0.023327783 0.0
0.0 0.04205129 0.00818666 0.0 0.0035433928 0.048345417 0.02731774 0.032384463 0.0 0.034942605 0.02082305 0.013071877 0.04951588 0.009204067 0.020032518 0.03379282 0.0594377 0.0 0.0 0.03228168 0.0 0.0047398163 0.0034141839 0.0 0.024197513 0.0286405 0.0011867635 0.070454806 0.0 0.03350863 0.0 0.015772378 0.0015141033 0.03380666 0.04312036 0.0 0.006984581 0.0068507413 0.034122013 0.011313716 0.0044100373 0.0 0.00435582 0.029105524 0.016173441 0.0 0.0 0.016605338 0.005960591 0.007761007 0.0 0.0105304625 0.033831663 0.03864238 0.0 0.06670738
0.0 0.008203589 0.032993283 0.023937652 0.0 0.0 0.0011071411 0.00567342 0.0 0.0 0.0 0.020320075 0.044776786 0.07827243 0.0 0.0056338413 0.06294927 0.0 0.0 0.0 0.08010171 0.04244127 0.0 0.0 0.015091566 0.0042365794 0.0 0.021813132 0.0552026 0.0029943562 0.0 0.009149907 0.038232055 0.073340744 0.024383567 0.0 0.020618323 0.0 0.0 0.00090576685 0.06614126 0.0 0.0 0.0 0.0029172734 0.003515915 0.030518837 0.017027363 0.01674881 0.024015233 0.00016990755 0.0008380832 0.0 0.042778876 0.030071842 0.03830137
0.06020278 0.0 0.0 0.0 0.0 0.0 0.031859066 0.038444053 0.031006588 0.09074945 0.04637473 0.0 0.0 0.013885137 0.0 0.0 0.0 0.03228168 0.0 0.0 0.019415487 0.018680274 0.026569657 0.052162923 0.0 0.03292124 0.0 0.036054928 0.014341117 0.0067415517 0.0111705465 0.0060629225 0.0 0.06075054 0.0 0.0 0.0 0.0 0.0 0.051359363 0.0 0.0 0.0 0.0433553 0.08547059 0.005736278 0.001594573 0.0 0.0 0.0 0.039853223 0.04920849 0.0 0.05160093 0.0 0.0
0.0 0.05928742 0.054070525 0.09899893 0.03907668 0.028854284 0.046062898 0.0 0.02738823 0.019117063 0.040246107 0.0 0.057178594 0.0 0.008356891 0.0 0.0 0.0 0.080101706 0.019415488 0.089182414 0.0 0.0 0.0 0.014094712 0.0 0.0 0.0 0.040473986 0.019231683 0.02153948 0.0062178313 0.0014563526 0.036723193 0.019292736 0.0 0.0 0.0 0.022733474 0.0148687875 0.0 0.0 0.0023383598 0.009984396 0.0012916434 0.0033173803 0.03100932 0.025377272 0.0025689902 0.0 0.0 0.0 0.026151428 0.0 0.0 0.0
0.0038822945 0.028360896 0.023250984 0.014382085 0.009729685 0.009015448 0.0 0.0 0.052785005 0.0 0.04763217 0.0008077066 0.0 0.022421608 0.03853752 0.021883119 0.017863605 0.0047398163 0.04244127 0.018680273 0.0 0.0 0.058169715 0.043646343 0.0 0.03372885 0.036830764 0.0 0.011803819 0.020066163 0.04227858 0.0033079572 0.06675132 0.0 0.03770936 0.0023186572 0.027579917 0.020356013 0.019310672 0.063306704 0.03432189 0.026644992 0.021443075 0.0594053 0.007120178 0.0 0.0 0.036128145 0.036095638 0.0 0.052419886 0.0 0.019200481 0.0 0.019301677 0.010236281
0.0 0.0 0.0050944937 0.023276128 0.0 0.004843871 0.021205734 0.05585832 0.0 0.027362986 0.036716767 0.0051382743 0.00057466555 0.0 0.012461094 0.01618783 0.09436882 0.0034141839 0.0 0.026569657 0.0 0.05816971 0.0 0.0 0.026123673 0.0 0.0 0.0 0.0 0.04816383 0.0 0.08174707 0.0 0.021830875 2.7794982e-05 0.006817131 0.028969182 0.061659403 0.0070974263 0.037248917 0.017909314 0.03181632 0.04756656 0.004250967 0.0 0.01955707 0.028987631 0.0063134017 0.023673335 0.0 0.0 0.0 0.06844247 0.0 0.014455664 0.0
0.008766659 0.0 0.0 0.0 0.050385863 0.0 0.0069752345 0.00375448 0.039988756 0.002968748 0.0 0.031384923 0.0 0.0 0.020142693 0.0 0.020745553 0.0 0.0 0.052162923 0.0 0.04364634 0.0 0.008795711 0.0 0.029871093 0.0 0.0 0.0 0.0031117862 0.0 0.008391993 0.0 0.0050561246 0.018353488 0.013886894 0.001577297 0.01500014 0.018968299 0.010296456 0.042839646 0.05774921 0.014666514 0.0 0.042173922 0.0 0.08891694 0.017025871 0.02540013 0.040833924 0.017407963 0.026949111 0.0033370964 0.06587595 0.04598594 0.0139065515
0.015552492 0.010485049 0.00044288245 0.072281525 0.0 0.0012076673 0.0 0.049961943 0.0 0.014873024 0.01279096 0.0 0.10127935 0.06973432 0.0 0.049352136 0.0 0.024197515 0.015091566 0.0 0.014094712 0.0 0.02612367 0.0 0.00840028 0.0 0.049420685 0.018585104 0.03305061 0.011173821 0.0 0.0 0.04124019 0.033324633 0.03407128 0.019291254 0.0 0.029154144 0.0 0.028070942 0.011763208 0.0056299316 0.015309178 0.04696977 0.07017275 0.0039356276 0.0 0.0025409667 0.010872987 0.0 0.022258725 0.025005894 0.023657668 0.0 0.0 0.016313607
0.06977275 0.0 0.02202598 0.0 0.045173712 0.005703085 0.0011444438 0.0 0.010783749 0.002213003 0.0 0.010123787 0.0 0.044053942 0.009670604 0.04586107 0.0 0.0286405 0.0042365794 0.032921236 0.0 0.03372885 0.0 0.029871091 0.0 0.060639415 0.015343863 0.0 0.0 0.025555938 0.0 0.043864787 0.034986794 0.055471182 0.0041148374 0.023046713 0.037315812 0.008632536 0.010033293 0.062320385 0.045196537 0.013012617 0.011041443 0.034299612 0.035354625 0.011057292 0.018949863 0.0 0.021067593 0.033036392 0.0 0.042630717 0.009833015 0.042447694 0.02500836 0.0031529302
0.02232952 0.0 0.0084177535 0.0 0.0 0.018259246 0.006588902 0.0 0.0 0.0 0.0 0.0 0.0 0.052650914 0.05662825 0.0077910633 0.038809497 0.0011867636 0.0 0.0 0.0 0.03683076 0.0 0.0 0.049420685 0.015343863 0.037249677 0.0504592 0.0 0.042589657 0.017353417 0.0 0.0 0.016968274 0.02921389 0.021325158 0.0 0.013814298 0.0 0.034182157 0.062616214 0.0012202555 0.024343373 0.07208086 0.0 0.0 0.0016649668 0.0055330284 0.0 0.0 0.0 0.03608994 0.0059947325 0.047171127 0.059479486 0.047205888
0.0 0.0 0.023993388 0.039224517 0.05821188 0.069738 0.041799676 0.0 0.08772623 0.034846313 0.0020127522 0.049706616 0.0 0.0 0.05453204 0.015716858 0.04078212 0.0704548 0.021813134 0.03605493 0.0 0.0 0.0 0.0 0.018585104 0.0 0.0504592 0.0 0.0 0.0 0.07242558 0.012448123 0.006661403 0.0052548195 0.0 0.054147594 0.037067726 0.018085638 0.0 0.011487974 0.0 0.0054588052 0.02130006 0.0 0.014694342 0.027809596 0.0 0.010004301 0.030438662 0.0 0.020901244 0.0 0.05697178 0.0 0.0 0.0
0.0086464295 0.011250403 0.055774536 0.02136868 0.0 0.052808434 0.0 0.0 0.042120643 0.0 0.042523194 0.028470583 0.0 0.0 0.013649215 0.0009435975 0.0154799875 0.0 0.055202603 0.014341117 0.040473986 0.011803819 0.0 0.0 0.03305061 0.0 0.0 0.0 0.028866274 0.04278692 0.049592193 0.029277375 0.024647737 0.015785206 0.009891297 0.042259783 0.013767706 0.031225681 0.029203875 0.0 0.0 0.031807065 0.04149652 0.024469743 0.019420885 0.03652954 0.07601025 0.0069065187 0.027433638 0.0 0.0 0.019042443 0.06270188 0.0031916236 0.0 0.0
0.007820057 0.040570147 0.014620512 0.008718836 0.0 0.035396613 0.0 0.039890062 0.010128359 0.04310371 0.0 0.021650016 0.011344821 0.051754836 0.003029969 0.005675105 0.0 0.033508632 0.0029943562 0.006741552 0.01923168 0.020066163 0.04816383 0.0031117864 0.011173821 0.025555938 0.042589653 0.0 0.042786922 0.0 0.0 0.020447275 0.0 0.027211936 0.07155738 0.0 0.03751671 0.0 0.04034941 0.04880375 0.055288572 0.0 0.011657707 0.0028717646 0.01602232 0.0 0.0 0.00094451645 0.0 0.026813935 0.09579511 0.020756138 0.013048379 0.0 0.014102483 0.016198015
0.0 0.03220273 0.0 0.038235035 0.0 0.031651866 0.0 0.012219476 0.0 0.03278784 0.0 0.0016532124 0.034190804 0.028533017 0.034230106 0.052036803 0.0 0.0 0.0 0.0111705465 0.02153948 0.042278584 0.0 0.0 0.0 0.0 0.01735342 0.07242558 0.049592193 0.0 0.06281303 0.0027067133 0.0 0.057866924 0.0 3.4969265e-09 0.06476552 0.009047328 0.0 0.0 0.025002897 0.0026484216 0.042944256 0.007727069 0.008200586 0.0 0.0 0.031282354 0.0 0.026563775 0.005044274 0.0 0.006720157 0.0040922808 0.017413843 0.00393
0.0 0.029627327 0.06014612 0.0 0.0020321552 0.0 0.038885627 0.063612655 0.026749508 0.044978753 0.0014726141 0.0 0.038409192 0.086024396 0.0 0.0 0.013272907 0.01577238 0.009149907 0.0060629225 0.006217831 0.0033079572 0.08174707 0.008391992 0.0 0.043864787 0.0 0.012448123 0.029277373 0.020447275 0.0027067133 0.0 0.0116684 0.0094742235 0.0 0.010288222 0.0 0.0 0.0 0.01194726 0.026467558 0.0 0.021521712 0.016973017 0.03149642 0.006269575 0.0 0.0 0.022311267 0.044642977 0.008079243 0.0 0.0029947439 0.029272825 0.0 0.028763076
0.020806521 0.02315809 0.05433281 0.0025584896 0.0 0.0 0.039500132 0.01961168 0.018498216 0.0 0.0108708525 0.003822447 0.031296063 0.0518595 0.0 0.056310836 0.024764039 0.0015141033 0.03823205 0.0 0.0014563526 0.06675132 0.0 0.0 0.041240185 0.034986794 0.0 0.0066614025 0.024647737 0.0 0.0 0.0116684 0.0 0.01262992 0.005100843 0.0 0.043509625 0.0 0.0 0.024109151 0.059392408 0.023774074 0.002334385 0.070647195 0.009660916 0.010727358 0.0 0.0 0.0 0.030402286 0.017432928 0.023327777 0.0 0.029792985 0.0015449426 0.017792214
0.0 0.005847714 0.042751756 0.0028077152 0.0 0.023407001 0.023545064 0.0013116443 0.0756558 0.0 0.010869957 0.021382457 0.0 0.0 0.0 0.018632604 0.0 0.03380666 0.07334075 0.060750537 0.036723197 0.0 0.021830875 0.005056125 0.033324637 0.055471182 0.016968274 0.0052548195 0.015785206 0.027211936 0.05786692 0.0094742235 0.01262992 0.0 0.0 0.007244829 0.010826831 0.06946729 0.0 0.0018348895 0.0 0.0055648414 0.0 0.0 0.025953261 0.0010698073 0.01729099 0.017146755 0.037134886 0.0006053362 0.033823024 0.0 0.0068787383 0.019747151 0.037798878 0.0
0.027338965 0.0 0.031931337 0.0 0.0 0.011001561 0.045253128 0.0 0.0 0.0 0.0 0.018203367 0.0119223595 0.0 0.08999691 0.004147357 0.059578095 0.043120354 0.024383567 0.0 0.019292736 0.03770936 2.7794982e-05 0.018353488 0.03407128 0.0041148374 0.02921389 0.0 0.009891298 0.07155737 0.0 0.0 0.0051008426 0.0 0.0 0.014500718 0.0 0.0 0.0 0.03185686 0.00076932745 0.02817506 0.006833282 0.0 0.013947392 0.009016877 0.04915254 0.012571357 0.047773562 0.09691339 0.0 0.0 0.022433002 0.042451516 0.038555145 0.0
0.0 0.013133309 0.050332062 0.00898855 0.0037174998 0.0 0.0033611562 0.012845287 0.0003221497 0.0 0.0062381094 0.0 0.011703026 0.017585568 0.02285557 0.020391129 0.002980817 0.0 0.0 0.0 0.0 0.0023186572 0.006817131 0.013886894 0.019291254 0.023046711 0.021325158 0.054147594 0.042259783 0.0 3.4969265e-09 0.010288222 0.0 0.0072448286 0.014500718 0.0533134 0.028539604 0.0058440487 0.016578324 0.025446113 0.06734964 0.03192753 0.0 0.0 0.0048740134 0.008509286 0.011216855 0.00655263 0.03277764 0.057677213 0.037642453 0.017395565 0.0 0.08334209 0.0 0.035922635
0.0 0.0 0.0 0.0 0.0 0.013306726 0.0 0.01952242 0.0034855367 0.0016796178 0.0068209 0.034157902 0.010407037 0.0037917008 0.030703776 0.041691158 0.0 0.006984581 0.020618323 0.0 0.0 0.027579919 0.028969182 0.001577297 0.0 0.037315812 0.0 0.037067726 0.013767705 0.03751671 0.06476552 0.0 0.043509625 0.010826831 0.0 0.028539604 0.07894442 0.039517988 0.023874698 0.0 0.022976412 0.0021113046 0.0 0.014253212 0.03811941 0.063421674 0.0 0.048290458 0.014109642 0.023430936 0.0 0.024954312 0.0035973194 0.026056804 0.002906863 0.0
0.0 0.020877918 0.0 7.899742e-05 0.000104205974 0.0 0.0067381198 0.07215773 0.010068024 0.023068758 0.0 0.0 0.0637339 0.021683885 0.0 0.0 0.0 0.006850742 0.0 0.0 0.0 0.020356014 0.061659403 0.01500014 0.029154142 0.008632535 0.013814298 0.018085636 0.03122568 0.0 0.009047328 0.0 0.0 0.06946729 0.0 0.0058440487 0.039517988 0.14081515 0.0 0.00017837208 0.041722648 0.0 0.0 0.02828003 0.019893885 0.05590083 0.0 0.053707656 0.0032341166 0.0 0.0 0.024974734 0.0073002917 0.017860448 0.0 0.0027077685
0.028407393 0.0031997554 0.021477757 0.006489888 0.0 0.010427149 0.035903495 0.07062775 0.0 0.02059114 0.018798634 0.037685595 0.07156393 0.04055572 0.0 0.0 0.0 0.034122013 0.0 0.0 0.022733474 0.01931067 0.0070974263 0.018968299 0.0 0.010033293 0.0 0.0 0.029203877 0.04034941 0.0 0.0 0.0 0.0 0.0 0.016578324 0.023874698 0.0 0.0 0.062275074 0.00056782644 0.0032032332 0.076248355 0.010467167 0.028790932 0.0 0.0 0.0 0.042757846 0.0041534835 0.0 0.0075260582 0.017398855 0.0 0.0 0.04383476
0.01462751 0.002690956 0.011135952 0.008126253 0.0 0.0 0.026035178 0.0071053207 0.0 0.009304174 0.0 0.059760645 0.0 0.0 0.0155753195 0.019450929 0.036405496 0.011313717 0.00090576685 0.051359363 0.014868787 0.063306704 0.037248917 0.010296456 0.02807094 0.062320385 0.034182157 0.011487974 0.0 0.048803754 0.0 0.011947261 0.024109151 0.0018348894 0.03185686 0.025446113 0.0 0.00017837208 0.062275074 0.06358366 0.01243363 0.0154780075 0.0052873925 0.055145808 0.0 0.0013860755 0.0 0.0 0.0 0.025967035 0.0 0.013624721 0.008773697 0.005290946 0.020278832 0.09032514
0.04388398 0.0 0.0 0.008475609 0.038796782 0.0 0.0 0.0 0.037133515 0.0 0.033377413 0.06076424 0.0 0.0 0.0 0.0 0.03313228 0.0044100373 0.06614126 0.0 0.0 0.034321886 0.017909314 0.042839646 0.011763208 0.045196537 0.062616214 0.0 0.0 0.05528857 0.025002897 0.026467556 0.059392404 0.0 0.00076932745 0.06734964 0.022976413 0.041722644 0.00056782644 0.0124336295 0.07053385 0.0 0.0131503595 0.0028914833 0.00094336056 0.007733281 0.0 0.043420706 0.02645248 0.0111193145 0.016818708 0.026370294 0.002326362 0.0 0.06499449 0.008256915
0.0747796 0.0 0.0 0.033258405 0.0 0.0 0.0 0.0 0.0044895806 0.0041273655 0.0044816546 0.0 0.008327854 0.04072603 0.0 0.059783228 0.0 0.0 0.0 0.0 0.0 0.026644994 0.031816315 0.057749216 0.0056299316 0.013012617 0.0012202556 0.0054588052 0.031807065 0.0 0.0026484216 0.0 0.023774076 0.0055648414 0.028175058 0.03192753 0.0021113046 0.0 0.0032032332 0.0154780075 0.0 0.0 0.037546158 0.034428198 0.0 0.0 0.0 0.0 0.0 0.0 0.049614437 0.01904624 0.0 0.03163041 0.024089022 0.055504005
0.0 0.0 0.0 0.0 0.0 0.0 0.0 0.012345253 0.0 0.0 0.0 0.017304063 0.045723945 0.037023097 0.0 0.03523565 0.018079067 0.00435582 0.0 0.0 0.00233836 0.021443075 0.04756656 0.014666514 0.015309177 0.011041443 0.024343373 0.02130006 0.04149652 0.011657708 0.042944256 0.021521712 0.0023343852 0.0 0.006833282 0.0 0.0 0.0 0.076248355 0.0052873925 0.0131503595 0.03754616 0.0 0.052615892 0.0029273948 0.042421732 0.002802754 0.01676482 0.0 0.055293344 0.0 0.0022655171 0.0 0.05005096 0.03279946 0.07024558
0.0 0.053641763 0.05766751 0.0051660817 0.023011852 0.07249398 0.0 0.0 0.0 0.0 0.0 0.08790335 0.018056754 0.0 0.0 0.01573996 0.008931017 0.029105522 0.0 0.0433553 0.009984397 0.059405304 0.004250967 0.0 0.04696977 0.034299612 0.07208086 0.0 0.024469743 0.0028717646 0.0077270684 0.016973017 0.07064719 0.0 0.0 0.0 0.014253212 0.028280031 0.010467167 0.05514581 0.0028914835 0.034428198 0.052615892 0.037193235 0.0 0.0 0.012148895 0.0 0.018283116 0.0 0.015004421 0.0 0.0225331 0.0 0.0 0.0
0.0 0.0 0.012913852 0.0 0.0074777636 0.0 0.0 0.026213542 0.028195236 0.032042444 0.05431267 0.0042606373 0.0 0.0 0.048582688 0.009093557 0.0 0.016173441 0.0029172737 0.08547058 0.0012916434 0.0071201785 0.0 0.042173922 0.07017275 0.035354625 0.0 0.014694343 0.019420885 0.01602232 0.008200585 0.03149642 0.009660917 0.025953263 0.013947392 0.0048740134 0.038119406 0.019893885 0.028790932 0.0 0.0009433606 0.0 0.0029273948 0.0 0.031408392 0.0484135 0.02503421 0.0076389806 0.039536554 0.019137157 0.0 0.0031334762 0.052722394 1.6064613e-06 0.00013862811 0.003622606
0.046329424 0.027123995 0.04026891 0.0 0.0 0.042036675 0.0 0.006971043 0.03067191 0.032696784 0.04001046 0.0 0.038690954 0.0 0.0 0.0054730074 0.0123949405 0.0 0.0035159148 0.0057362774 0.0033173803 0.0 0.019557072 0.0 0.0039356276 0.011057292 0.0 0.027809596 0.036529545 0.0 0.0 0.006269575 0.010727358 0.0010698073 0.009016877 0.008509286 0.063421674 0.05590083 0.0 0.0013860755 0.007733281 0.0 0.042421736 0.0 0.0484135 0.14229722 0.0 0.05680815 0.0 0.0 0.019345036 0.0110433865 0.0024371636 0.0 0.0 0.0
0.0938592 0.008165088 0.0 0.0 0.016601562 0.0 0.0 0.097412854 0.033901695 0.07844431 0.0 0.0 0.0 0.027407331 0.0 0.0 0.0 0.0 0.030518837 0.001594573 0.031009322 0.0 0.028987635 0.08891694 0.0 0.01894986 0.0016649668 0.0 0.07601025 0.0 0.0 0.0 0.0 0.01729099 0.04915254 0.011216855 0.0 0.0 0.0 0.0 0.0 0.0 0.0028027538 0.012148896 0.02503421 0.0 0.0 0.013511682 0.0 0.0 0.030665029 0.014974175 0.0 0.018646125 0.0054364456 0.04699796
0.02359911 0.0 0.0 0.0 0.0 0.0 0.035439618 0.0028210676 0.040253133 0.07879525 0.04087343 0.0 0.0 0.017693426 0.046191137 0.039366193 0.011026131 0.01660534 0.017027363 0.0 0.025377272 0.036128145 0.0063134017 0.017025871 0.0025409667 0.0 0.0055330284 0.010004302 0.0069065187 0.00094451645 0.03128235 0.0 0.0 0.017146755 0.012571357 0.0065526306 0.048290458 0.05370766 0.0 0.0 0.043420706 0.0 0.01676482 0.0 0.007638981 0.05680815 0.013511682 0.051824555 0.004461228 0.042508945 0.0 0.04033782 0.03992281 0.0145655405 0.0 0.02433084
0.0823726 0.007380646 0.0 0.0043401374 0.0 0.0 0.0 0.031677727 0.035619356 0.033612743 0.0009247117 0.040751263 0.056954104 0.048580233 0.0 0.0 0.0 0.005960591 0.016748812 0.0 0.0025689902 0.036095638 0.023673335 0.025400132 0.010872987 0.021067595 0.0 0.030438658 0.027433638 0.0 0.0 0.022311267 0.0 0.037134882 0.04777356 0.03277764 0.014109643 0.0032341164 0.042757846 0.0 0.02645248 0.0 0.0 0.018283116 0.039536554 0.0 0.0 0.0044612275 0.0 0.0 0.072320096 0.06551324 0.0 0.0 0.0 0.0
0.060009975 0.0 0.0 0.0 0.007168191 0.0 0.0 0.0 0.042743377 0.02468556 0.09147928 0.0 0.0 0.0 0.024572914 0.0 0.0 0.0077610076 0.024015233 0.0 0.0 0.0 0.0 0.040833924 0.0 0.033036396 0.0 0.0 0.0 0.026813935 0.026563775 0.044642977 0.030402286 0.0006053362 0.09691338 0.057677213 0.023430938 0.0 0.0041534835 0.025967037 0.011119314 0.0 0.055293344 0.0 0.019137157 0.0 0.0 0.04250894 0.0 0.0 0.0598571 0.08524706 0.0 0.016116979 0.030149003 0.022553463
0.0 0.0 0.0064023514 0.0 0.0 0.0015033934 0.044213247 0.0 0.0 0.0 0.0 0.052064776 0.008092952 0.023323352 0.024459217 0.02663627 0.04990067 0.0 0.00016990755 0.039853223 0.0 0.052419882 0.0 0.017407963 0.022258727 0.0 0.0 0.020901244 0.0 0.09579512 0.0050442736 0.008079243 0.01743293 0.03382303 0.0 0.037642453 0.0 0.0 0.0 0.0 0.016818708 0.049614437 0.0 0.015004421 0.0 0.019345034 0.030665029 0.0 0.072320096 0.0598571 0.0 0.04205495 0.034714255 0.013175135 0.006148578 0.048730046
0.010277763 0.0 0.007086414 0.0 0.08942742 0.0 0.012837378 0.0 0.024639467 0.0 0.0 0.0 0.0 0.0 0.05360968 0.0 0.0 0.0105304625 0.0008380832 0.049208485 0.0 0.0 0.0 0.026949113 0.025005894 0.042630717 0.03608994 0.0 0.019042442 0.020756138 0.0 0.0 0.023327777 0.0 0.0 0.017395563 0.024954312 0.024974734 0.0075260582 0.01362472 0.026370296 0.01904624 0.0022655171 0.0 0.0031334762 0.0110433865 0.014974174 0.04033782 0.06551323 0.08524706 0.04205495 0.01563219 0.037630208 0.0 0.10184065 0.025664784
0.096510634 0.025157953 0.0008037176 0.022367746 0.0 0.0 0.022637133 0.038382556 0.0245152 0.072771624 0.007051386 0.0 0.03112641 0.04049878 0.027667454 0.013450273 0.0 0.033831663 0.0 0.0 0.026151428 0.01920048 0.06844247 0.0033370964 0.023657667 0.009833015 0.0059947325 0.05697178 0.06270188 0.01304838 0.006720157 0.0029947439 0.0 0.0068787388 0.022433002 0.0 0.0035973194 0.007300291 0.017398855 0.008773697 0.002326362 0.0 0.0 0.0225331 0.052722394 0.0024371634 0.0 0.03992281 0.0 0.0 0.03471426 0.037630208 0.02521345 0.0214595 0.0 0.024058307
0.0 0.0 0.0089622205 0.0 0.0958643 0.0 0.0033463726 0.0 0.029045025 0.0 0.05901722 0.03308657 0.0 0.0 0.0 0.004598548 0.0 0.03864238 0.042778872 0.05160093 0.0 0.0 0.0 0.06587594 0.0 0.042447694 0.04717113 0.0 0.0031916234 0.0 0.0040922808 0.029272825 0.029792985 0.019747151 0.04245152 0.08334209 0.026056806 0.017860448 0.0 0.005290946 0.0 0.03163041 0.050050955 0.0 1.6064613e-06 0.0 0.018646125 0.01456554 0.0 0.016116979 0.013175135 0.0 0.0214595 0.0022458052 0.09615565 0.0019279603
0.0 0.0 0.0 0.0 0.013498438 0.0 0.0055589406 0.0077386443 0.015583814 0.0 0.0045979554 0.0 0.0 0.035298977 0.011065244 0.0 0.023327783 0.0 0.030071843 0.0 0.0 0.019301675 0.014455664 0.04598594 0.0 0.025008362 0.059479482 0.0 0.0 0.014102482 0.017413843 0.0 0.0015449426 0.037798874 0.038555145 0.0 0.0029068629 0.0 0.0 0.020278832 0.0649945 0.024089022 0.03279946 0.0 0.00013862811 0.0 0.0054364456 0.0 0.0 0.030149003 0.0061485777 0.101840645 0.0 0.09615565 0.019301536 0.07819435
0.039379742 0.0 0.0218046 0.022701545 0.0 0.0 0.0043628486 0.0 0.0 0.017639676 0.010435354 0.051242102 0.0 0.025038833 0.009854428 0.0 0.0 0.06670738 0.038301367 0.0 0.0 0.010236281 0.0 0.013906551 0.016313605 0.0031529302 0.047205888 0.0 0.0 0.016198015 0.00393 0.028763076 0.017792216 0.0 0.0 0.035922635 0.0 0.0027077685 0.04383476 0.09032514 0.008256915 0.055504005 0.07024558 0.0 0.003622606 0.0 0.04699796 0.024330838 0.0 0.022553463 0.04873004 0.025664782 0.024058307 0.0019279602 0.07819435 0.069311924
