0.008065471 0.021179736 0.0037016913 0.0042954525 0.0 0.0 0.0 0.055620894 0.009460217 0.017075492 0.03466926 0.014424783 0.0538524 0.05812803 0.017300058 0.0 0.0 0.028584145 0.0043248986 0.0 0.0 0.0 0.0 0.051200353 0.00768941 0.09097248 0.08125113 0.049837455 0.034398917 0.0 0.0 0.017147632 0.07461808 0.0020466445 0.011260067 0.0036535729 0.01809268 0.0 0.03150127 0.032660075 0.024271503 0.0 0.0044451677 0.0 0.0 0.016452326 0.013269951 0.007557417 0.017679382 0.0 0.00039035076 0.0 0.010535254 0.026733954 0.07091624 0.03075884
0.021179736 0.0 0.0019897448 0.0059728073 0.05963373 0.09068052 0.0 0.0 0.047364373 0.074520364 0.015017129 0.0 0.03419948 0.0061130817 0.0 0.0 0.030264642 0.0 0.04576338 0.0 0.0046794605 0.018122246 0.0 0.0 0.05448075 0.005770398 0.0 0.0 0.0 0.0 0.0 0.03114358 0.0 0.0 0.0 0.03098811 0.02133841 0.028411593 0.0 0.029855838 0.0 0.011293534 0.007994774 0.08773619 0.02047165 0.0 0.0 0.03529274 0.021487275 0.0 0.012494931 0.0 0.05222551 0.0 0.0 0.0
0.0037016913 0.0019897448 0.07194242 0.0 0.0 0.0 0.018688858 0.0074223657 0.0 0.0 0.0 0.0071154158 0.033296153 0.0 0.022412183 0.0 0.0 0.023577156 0.0 0.13068217 0.04514016 0.052464552 0.0 0.0 0.03936461 0.0 0.04791696 0.0 0.0055389497 0.06397579 0.0 0.036100324 0.0 0.011415885 0.0 0.00244463 0.0 0.005424966 0.0 0.0 0.0 0.082536645 0.010030923 0.0076206657 0.0 0.0 0.0 0.0 0.041447904 0.009124003 0.0 0.0 0.08689551 0.013912427 0.01375102 0.02162816
0.0042954525 0.0059728073 0.0 0.0 0.0 0.030157452 0.028151238 0.0 0.060220882 0.113537915 0.0 0.0 0.0014928812 0.0 0.0011473914 0.0 0.044758257 0.013196739 0.0 0.0 0.049876865 0.021303022 0.012867895 0.024529966 0.0 0.0 0.0238896 0.0 0.0 0.017049192 0.0 0.0 0.0 0.0 0.0 0.02311294 0.015064705 0.010957526 0.001309476 0.008235597 0.017576393 0.072523996 0.11614679 0.14416419 0.009035094 0.017206218 0.0122827245 0.04909876 0.0 0.0 0.0 0.0 0.055601053 0.0 0.0 0.0
0.0 0.059633736 0.0 0.0 0.07593927 0.022188915 0.020476794 0.008563803 0.12342081 0.013762047 0.059427075 0.0 0.0007000605 0.0 0.005942061 0.0013333964 0.0 0.021147134 0.0 0.0 0.062084354 0.019270964 0.060710397 0.0 0.05585346 0.025905533 0.0 0.0 0.0 0.0 0.0 0.030097324 0.0 0.0 0.027216863 0.030737933 0.027267268 0.0 0.0 0.0 0.0 0.0074775713 0.043748073 0.01607159 0.016039217 0.0 0.0 0.012659345 0.0 0.0 0.06884688 0.044131033 0.07798848 0.0 0.0 0.008662813
0.0 0.09068052 0.0 0.030157452 0.022188917 0.028780146 0.029520622 0.0041367644 0.046317574 0.022967298 0.0 0.0 0.035914622 0.0068760007 0.01197984 0.0 0.0 0.0015477957 0.12675712 0.004535884 0.02569501 0.0 0.016026367 0.0 0.015471502 0.0 0.022234568 0.06835351 0.0 0.0 0.0 0.044249695 0.007716225 0.0 0.0 0.02277742 0.0 0.007823937 0.0 0.0 0.0 0.006459179 0.040826134 0.06930706 0.0 0.0 0.0 0.0 0.0041123377 0.0 0.0091412 0.0 0.036029648 0.0 0.0 0.0
0.0 0.0 0.018688858 0.028151238 0.020476794 0.029520622 0.08361951 0.0 0.0 0.0 0.016775995 0.0017539774 0.036622994 0.008229431 0.043151163 0.0 0.002663677 0.001775285 0.0 0.010822777 0.031472016 0.015508735 0.002909321 0.026793735 0.024517193 0.0 0.004232295 0.0 0.007614337 0.0712889 0.041603453 0.03919446 0.0 0.02418277 0.029493168 0.0 0.0 0.0078086387 0.007929927 0.024876688 0.010963398 0.047497552 0.00030352038 0.019098869 0.0 0.038946252 0.0 0.035417344 0.059945516 0.0 0.0 0.009061596 0.019081056 0.0031504086 0.025021829 0.0
0.055620894 0.0 0.0074223652 0.0 0.008563803 0.0041367644 0.0 0.07712104 0.020743234 0.022502173 0.0020627833 0.0 6.5448054e-05 0.048356377 0.03802812 0.0029552837 0.0 0.022798184 0.0 0.0 0.0022805277 0.0 0.033140913 0.05964313 0.0 0.07816394 0.010991676 0.06827302 0.0 0.0 0.0 0.0 0.021674333 0.05633391 0.051791806 0.0 0.06859186 0.0015963318 0.014996455 0.018988594 0.015405153 0.0 0.018916609 0.0 0.03512722 0.016663933 0.0036551468 0.0 0.0 0.0 0.0 0.034380622 0.0 0.031518437 0.02547145 0.057739582
0.009460216 0.047364373 0.0 0.060220882 0.123420805 0.046317577 0.0 0.020743232 0.031375807 0.0 0.050708484 0.0 0.0 0.0 0.0 0.006519463 0.019646263 0.047690697 0.038928557 0.0045329537 0.03489208 0.0 0.027464217 0.034706444 0.0030791268 0.0 0.024096714 0.0 0.0 8.16355e-05 0.034575187 0.013762686 0.008879375 0.0 0.0014137642 0.0 0.0 0.0 0.0 0.0034833348 0.03986336 0.03819445 0.0 0.0028119148 0.0 0.0 0.03451242 0.0206821 0.01268309 0.0003090104 0.04376341 0.0 0.04465785 0.0 0.004496262 0.0
0.017075492 0.074520364 0.0 0.11353792 0.0137620475 0.022967296 0.0 0.022502175 0.0 0.0 0.026955487 0.017998826 0.067602225 0.023825157 0.04469745 0.019766703 0.074632116 0.046659455 0.020138543 0.0 0.0 0.0 0.0 0.025295025 0.0 0.021915521 0.09653737 0.007390164 0.0 0.0 0.0 0.01106935 0.08827932 0.0 0.0 0.0 0.0 0.0 0.05048362 0.038938843 0.010281019 0.04001064 0.003595562 0.0 0.0 0.02675219 0.0 0.0 0.020460438 0.0 0.0 0.0 0.0044733547 0.015919628 0.007511442 0.0024507008
0.03466926 0.015017128 0.0 0.0 0.05942708 0.0 0.016775995 0.0020627836 0.050708488 0.026955485 0.121278256 0.0 0.0 0.0016817629 0.0 0.0013557444 0.039897162 0.019296777 0.041971188 0.0 0.09837289 0.0 0.01420904 0.04496889 0.0048710164 0.0 0.0047459835 0.0026674403 0.0 0.011917806 0.039845053 0.0 0.015587207 0.0014678662 0.0040765954 0.0099016605 0.005645967 0.102594465 0.0 0.0 0.0 0.015697425 0.0 0.0 0.046593353 0.0 0.025687348 0.08309796 0.008973013 0.0 0.0 0.0039748866 0.0062055658 0.0 0.01736867 0.0
0.014424783 0.0 0.0071154158 0.0 0.0 0.0 0.0017539774 0.0 0.0 0.017998826 0.0 0.0 0.008975844 0.03931767 0.034632534 0.0 0.023837935 0.0 0.0 0.0 0.0 0.012559533 0.03541369 0.01115208 0.016413808 0.0 0.010550977 0.019202381 0.0 0.00943369 0.0 0.0 0.021961838 0.018834969 0.022656953 0.120494686 0.0 0.0 0.0 0.0 0.035061847 0.029680133 0.0 0.037608884 0.0 0.008852381 0.0 0.016292008 0.0 0.07808255 0.009778786 0.042225916 0.02318513 0.0057177483 0.0 0.085309595
0.053852398 0.034199484 0.033296153 0.0014928812 0.0007000605 0.035914622 0.036622997 6.5448054e-05 0.0 0.067602225 0.0 0.008975843 0.0 0.09178521 0.0006002345 0.0 0.063187115 0.0 0.0 0.0 0.0 0.05438797 0.0 0.00335925 0.018301653 0.029665828 0.0 0.010655264 0.0989695 0.020594474 0.024930457 0.0020957077 0.013939242 0.042334653 0.0 0.0 0.0 0.0 0.02909942 0.027519746 0.031039301 0.0 0.0023950653 0.0056160446 0.0 0.0 0.0 0.0 0.0 0.028282883 0.0048280773 0.017943077 0.0 0.04993088 0.021712527 0.025559826
0.058128033 0.0061130817 0.0 0.0 0.0 0.0068760007 0.008229432 0.048356377 0.0 0.023825157 0.0016817627 0.03931767 0.091785215 0.0 0.008549268 0.0 0.0 0.0 0.0 0.00020250617 0.0 0.006420229 0.032065947 0.010248184 0.0 0.009850707 0.06631224 0.025367903 0.071695454 0.005509913 0.029415878 0.032089304 0.013735466 0.02956069 0.05398322 0.049950555 0.0066882935 0.02031767 0.0 0.0099009555 0.025242666 0.0 0.05653597 0.009632625 0.014217154 0.0 0.015928224 0.0010917655 0.054575644 0.0016663432 0.0 0.053542055 0.0 0.0087540345 0.039181374 0.016269427
0.017300056 0.0 0.02241218 0.0011473913 0.005942061 0.01197984 0.04315116 0.03802812 0.0 0.044697445 0.0 0.034632534 0.0006002345 0.008549268 0.0 0.0 0.016733306 0.0 0.0 0.0 0.025285667 0.04948619 0.0 0.0 0.00805857 0.022540316 0.0 0.06868486 0.08416012 0.0 0.0 0.0 0.015951063 0.0073072873 0.010528387 0.023893448 0.0 0.0 0.0055432916 0.032304138 0.04365005 0.011428729 0.0021879124 0.08165905 0.010361478 0.007903612 0.0 0.0 0.0 0.107177995 0.009086921 0.028639818 0.011909875 0.0 0.005233509 0.05759599
0.0 0.0 0.0 0.0 0.0013333964 0.0 0.0 0.0029552837 0.006519463 0.019766703 0.0013557444 0.0 0.0 0.0 0.0 0.0 0.0 0.0 0.01864688 0.0 0.027354022 0.0 0.0 0.00085880246 0.0 0.046676096 0.0 0.052620895 0.0 0.0 0.0 0.024153283 0.0 0.030126672 0.011764697 0.030007627 0.007602311 0.0 0.016579593 0.016404096 0.080092125 0.04193817 0.06479158 0.11102556 0.022933464 0.0 0.010769708 0.006394941 0.021199016 0.0023664052 0.016213557 0.0 0.05207693 0.0643236 0.037721794 0.046820384
0.0 0.03026464 0.0 0.04475826 0.0 0.0 0.002663677 0.0 0.01964626 0.074632116 0.039897162 0.023837933 0.06318712 0.0 0.016733306 0.0 0.006469032 0.0 0.018260457 0.04524585 0.037857614 0.028919678 0.08515242 0.018774774 0.043523688 0.0 0.021612871 0.0 0.0 0.0076284283 0.0 0.021632226 0.0 0.0 0.0 0.027694123 0.0 0.01904092 0.03851967 0.0 0.0 0.0 0.03174972 0.0 0.0 0.04971558 0.0 0.0027003873 0.035749514 0.019958336 0.04235437 0.018488025 0.024624854 0.026415398 0.0 0.0
0.028584145 0.0 0.023577156 0.01319674 0.021147134 0.0015477957 0.001775285 0.022798186 0.047690697 0.04665945 0.019296777 0.0 0.0 0.0 0.0 0.0 0.0 0.0 0.0 0.0023404185 0.04521132 0.0 0.010427689 0.0 0.08883921 0.0 0.031431332 0.008984223 0.011450746 0.05053319 0.025784755 0.008436372 0.006439308 0.0725152 0.0 0.018665774 0.032700453 0.022105671 0.0 0.0 0.0 0.0 0.023495577 0.018193828 0.010597192 0.0 0.037353933 0.0 0.04250162 0.052191198 0.020599991 0.0 0.0 0.022361618 0.0089582745 0.0022701146
0.0043248986 0.04576338 0.0 0.0 0.0 0.12675713 0.0 0.0 0.038928557 0.020138543 0.041971188 0.0 0.0 0.0 0.0 0.018646877 0.018260457 0.0 0.0 0.0 0.06623789 0.023065716 0.0 0.0 0.04961401 0.0 0.0 0.009912834 0.0 0.0 0.026631936 0.05325575 0.0 0.020461699 0.0 0.084882185 0.0 0.0048473743 0.05951543 0.010210323 0.0022473913 0.029016709 0.017346824 0.034964625 0.0 0.0 0.011274926 0.002115413 0.007280059 0.03265468 0.06521091 0.0028023575 0.0 0.03866647 0.0 0.024754057
0.0 0.0 0.13068216 0.0 0.0 0.004535884 0.010822776 0.0 0.004532954 0.0 0.0 0.0 0.0 0.00020250617 0.0 0.0 0.04524585 0.0023404185 0.0 0.0 0.012422727 0.006598641 0.023558507 0.012147219 0.0 0.0 0.0010876261 0.03560099 0.0 0.0 0.0 0.014397661 0.0 0.018390698 0.07089575 0.027630258 0.04263674 0.0064014797 0.035157293 0.0 0.0 0.029121548 0.028001856 0.034075595 0.0 0.0 0.0 0.037832364 0.0063989465 0.098499365 0.040373925 0.020403221 0.034282338 0.047269247 0.0 0.03303816
0.0 0.0046794605 0.04514016 0.04987687 0.06208436 0.025695011 0.031472012 0.0022805277 0.03489208 0.0 0.0983729 0.0 0.0 0.0 0.025285669 0.027354022 0.03785762 0.04521132 0.06623789 0.012422728 0.0370148 0.022869354 0.0 0.0 0.0 0.0053929025 0.0018122246 0.0 0.0058267936 0.0 0.06641352 0.08566115 0.0 0.0 0.0 0.0 0.0 0.0022073276 0.009834139 0.008484001 0.026699005 0.0 0.015291331 0.0 0.0 0.0 0.041325655 0.019083543 0.080492266 0.0 0.02740289 0.0044833506 0.0 0.0 0.0040292796 0.0
0.0 0.018122246 0.052464552 0.021303022 0.019270964 0.0 0.015508734 0.0 0.0 0.0 0.0 0.012559533 0.05438797 0.006420229 0.049486186 0.0 0.028919678 0.0 0.023065716 0.006598641 0.022869354 0.0 0.0 0.0 0.010537814 0.0 0.059250172 0.0 0.028871592 0.08692871 0.0 0.074397825 0.0 0.026171949 0.0 0.027669989 0.0 0.046003904 0.0021308758 0.0014725131 0.0 0.0091859475 0.015454787 0.0 0.0 0.08639268 0.0 0.036270462 0.0769392 0.005886648 0.009608208 0.0 0.027658636 0.011275612 0.0 0.0
0.0 0.0 0.0 0.012867895 0.0607104 0.016026367 0.002909321 0.033140913 0.027464217 0.0 0.01420904 0.035413694 0.0 0.032065947 0.0 0.0 0.08515242 0.010427689 0.0 0.023558507 0.0 0.0 0.0 0.043532163 0.0 0.094412394 0.022248859 0.0 0.0 0.0 0.0024632325 0.0 0.007837402 0.025947021 0.008349816 0.006102665 0.014066073 0.0 0.02277238 0.0067734993 0.01480563 0.0 0.0071878876 0.026070205 0.03262679 0.013570529 0.036793236 0.0 0.0074930135 0.0 0.0 0.0 0.024344508 0.0624249 0.040949464 0.045003884
0.051200353 0.0 0.0 0.024529964 0.0 0.0 0.026793733 0.059643134 0.034706447 0.025295025 0.04496889 0.011152081 0.00335925 0.010248184 0.0 0.00085880246 0.018774772 0.0 0.0 0.012147219 0.0 0.0 0.043532163 0.07788476 0.0 0.03217813 0.02549017 0.04128552 0.004445422 0.0 0.0 0.0 0.042839766 0.0143060265 0.023036923 0.030326331 0.038445417 0.009233349 0.043335684 0.026147366 0.02083997 0.0090015195 0.021805106 0.0 0.08541641 0.0 0.030629376 0.011872771 0.040334184 0.0 0.009529418 0.05239903 0.00547589 0.0 0.043464206 0.0062345346
0.00768941 0.054480754 0.03936461 0.0 0.05585346 0.015471502 0.024517193 0.0 0.0030791268 0.0 0.004871016 0.016413808 0.018301653 0.0 0.008058569 0.0 0.043523688 0.0888392 0.049614005 0.0 0.0 0.010537814 0.0 0.0 0.04752751 0.0 0.0 0.004353202 0.0 0.016149644 0.08843899 0.046406846 0.0 0.0 0.005600107 0.0 0.0 0.035912722 0.01397453 0.015882162 0.0 0.00788933 0.026026174 0.01363378 0.0031295524 0.028102031 0.013206526 0.0061977436 0.005309972 0.079489686 0.0129857445 0.0 0.10645526 0.00012429977 0.0 0.0
0.09097249 0.005770398 0.0 0.0 0.025905533 0.0 0.0 0.07816394 0.0 0.02191552 0.0 0.0 0.02966583 0.009850706 0.022540316 0.046676096 0.0 0.0 0.0 0.0 0.0053929025 0.0 0.094412394 0.03217813 0.0 0.0 0.04378127 0.0724688 0.0338581 0.0 0.0 0.02418711 0.0 0.022936884 0.043422237 0.034854643 0.037938435 0.006668668 0.0 0.045455635 0.026968181 0.0056911465 0.0 0.0 0.019701637 0.031745024 0.034489356 0.0 0.00977245 0.0 0.0 0.0 0.0 0.016434167 0.013737906 0.032451496
0.08125113 0.0 0.047916964 0.0238896 0.0 0.022234568 0.004232295 0.010991675 0.024096714 0.09653737 0.0047459835 0.010550977 0.0 0.06631224 0.0 0.0 0.021612871 0.031431332 0.0 0.0010876261 0.0018122246 0.059250172 0.022248859 0.025490172 0.0 0.04378127 0.0064254915 0.024123693 0.01536924 0.0 0.0 0.018615188 0.0 0.0 0.04016647 0.014971949 0.01025375 0.0 0.0 0.0 0.041376833 0.0 0.036957037 0.0034061873 0.0073275496 0.011888357 0.004616095 0.0 0.009475335 0.0069626616 0.036120538 0.033490404 0.0 0.026750412 0.007947764 0.021896467
0.049837455 0.0 0.0 0.0 0.0 0.06835351 0.0 0.06827302 0.0 0.0073901634 0.00266744 0.019202381 0.010655264 0.025367903 0.06868485 0.0526209 0.0 0.008984223 0.009912834 0.035600986 0.0 0.0 0.0 0.041285515 0.004353202 0.0724688 0.024123693 0.052652795 0.0029911045 0.0 0.0 0.0 0.03560565 0.015809363 0.02500917 0.0 0.009360241 0.032604247 0.038291626 0.045749363 0.034863066 0.0068311044 0.0 0.013166023 0.026762288 0.009438381 0.010038185 0.0 0.0 0.0 0.015613338 0.05230782 0.0 0.0 0.026229717 0.052706726
0.034398917 0.0 0.00553895 0.0 0.0 0.0 0.0076143364 0.0 0.0 0.0 0.0 0.0 0.0989695 0.071695454 0.08416012 0.0 0.0 0.011450747 0.0 0.0 0.0058267936 0.028871592 0.0 0.004445422 0.0 0.0338581 0.01536924 0.0029911047 0.036455426 0.017879728 0.0 0.0 0.0 0.064249784 0.01222764 0.013552195 0.0 0.0053801103 0.019483676 0.07815339 0.0 0.0 0.012019031 0.0 0.023718677 0.0 0.0 0.0 0.006281646 0.0 0.03251233 0.036761895 0.0 0.0 0.026934665 0.08372155
0.0 0.0 0.06397579 0.017049192 0.0 0.0 0.0712889 0.0 8.1635495e-05 0.0 0.011917806 0.00943369 0.020594474 0.005509913 0.0 0.0 0.007628429 0.050533194 0.0 0.0 0.0 0.08692871 0.0 0.0 0.016149644 0.0 0.0 0.0 0.01787973 0.0 0.00092360633 0.0 0.0 0.02070756 0.0 0.042621356 0.017523957 0.0 0.0 0.00681845 0.0 0.019124817 0.020968545 0.04224845 0.0 0.018734619 0.009910408 0.014744648 0.020489601 0.12872195 0.047413867 0.046389613 0.056058202 0.013512201 0.0076928083 0.045420192
0.0 0.0 0.0 0.0 0.0 0.0 0.041603453 0.0 0.034575187 0.0 0.039845053 0.0 0.024930457 0.029415878 0.0 0.0 0.0 0.025784757 0.026631936 0.0 0.06641352 0.0 0.0024632325 0.0 0.08843898 0.0 0.0 0.0 0.0 0.00092360633 0.0 0.01255242 0.0 0.0 0.0 0.028478762 0.0 0.0 0.013121534 0.020634826 0.0076194364 0.075523496 0.0 0.12673421 0.021555476 0.0 0.0 0.0 0.0 0.027018374 0.0021148133 0.0 0.11457878 0.02138686 0.0 0.0
0.01714763 0.03114358 0.036100324 0.0 0.030097324 0.04424969 0.03919446 0.0 0.013762687 0.011069351 0.0 0.0 0.0020957077 0.032089308 0.0 0.024153283 0.021632226 0.008436372 0.053255748 0.014397659 0.08566115 0.07439783 0.0 0.0 0.046406846 0.024187109 0.018615188 0.0 0.0 0.0 0.012552419 0.0 0.042618196 0.0 0.028286189 0.029991018 0.00045620828 0.0656607 0.019307705 0.0 0.026614409 0.03380801 0.07522431 0.022931473 0.010083565 0.0 0.0 0.0 0.007045388 0.07459538 0.034639407 0.0 0.0 0.0 0.0 0.0
0.07461808 0.0 0.0 0.0 0.0 0.0077162255 0.0 0.021674333 0.008879374 0.08827932 0.015587208 0.021961838 0.013939241 0.013735466 0.015951063 0.0 0.0 0.006439308 0.0 0.0 0.0 0.0 0.007837402 0.04283976 0.0 0.0 0.0 0.03560565 0.0 0.0 0.0 0.042618196 0.0 0.0 0.04097414 0.025242824 0.0 0.013479068 0.0 0.0 0.01829151 0.015120756 0.032152906 0.0 0.08642402 0.025496539 0.032179836 0.010171211 0.007358857 0.0 0.041093312 0.07838589 0.0 0.0 0.005370375 0.0
0.0020466442 0.0 0.011415885 0.0 0.0 0.0 0.02418277 0.056333907 0.0 0.0 0.0014678662 0.018834967 0.042334653 0.029560689 0.007307287 0.03012667 0.0 0.07251519 0.020461699 0.018390698 0.0 0.026171949 0.025947023 0.014306027 0.0 0.022936884 0.0 0.015809363 0.06424978 0.020707563 0.0 0.0 0.0 0.042302378 0.053323008 0.009651905 0.02097966 0.0 0.0 0.0 0.03849967 0.039072778 0.0 0.0 0.041122347 0.0 0.02598307 0.0022147307 0.0 0.0029580717 0.011116119 0.05121672 0.0 0.08181243 0.01624816 0.08747519
0.011260067 0.0 0.0 0.0 0.027216863 0.0 0.029493168 0.051791806 0.0014137642 0.0 0.004076596 0.022656955 0.0 0.053983215 0.010528387 0.011764698 0.0 0.0 0.0 0.07089575 0.0 0.0 0.008349815 0.023036921 0.005600107 0.043422237 0.040166467 0.025009168 0.01222764 0.0 0.0 0.028286189 0.04097414 0.05332301 0.0 0.0 0.022171393 0.0096429065 0.025407301 0.10523102 0.05704103 0.0 0.02990467 0.0 0.019152412 0.015872562 0.027427046 0.019360086 0.00054650725 0.011733527 0.00038979432 0.08268191 0.0 0.014071038 0.06949802 0.08319007
0.0036535726 0.030988108 0.00244463 0.02311294 0.030737933 0.022777418 0.0 0.0 0.0 0.0 0.0099016605 0.120494686 0.0 0.049950555 0.023893448 0.030007627 0.027694123 0.018665774 0.08488218 0.027630256 0.0 0.027669987 0.006102665 0.03032633 0.0 0.034854643 0.01497195 0.0 0.013552196 0.042621356 0.028478764 0.029991016 0.025242824 0.009651905 0.0 0.0 0.002766456 0.026444647 0.031790327 0.0 0.009920651 0.0 0.0 0.0 0.006434528 0.030538335 0.040726863 0.012788999 0.0563479 0.0 0.0 0.0 0.040636573 0.004197683 0.052522108 0.030322054
0.018092683 0.021338413 0.0 0.015064705 0.027267268 0.0 0.0 0.068591855 0.0 0.0 0.0056459666 0.0 0.0 0.0066882935 0.0 0.0076023107 0.0 0.032700453 0.0 0.04263674 0.0 0.0 0.014066073 0.038445417 0.0 0.037938435 0.01025375 0.009360241 0.0 0.017523956 0.0 0.0004562083 0.0 0.02097966 0.022171393 0.002766456 0.0 0.011955012 0.0 0.093723394 0.006290541 0.0 0.0 0.0 0.03736885 0.057951283 0.0 0.02862244 0.02622959 0.0 0.048778526 0.059865553 0.0 0.042069856 0.082289144 0.02523078
0.0 0.028411593 0.0054249656 0.010957526 0.0 0.007823937 0.0078086383 0.0015963317 0.0 0.0 0.10259446 0.0 0.0 0.02031767 0.0 0.0 0.01904092 0.02210567 0.0048473747 0.0064014792 0.0022073276 0.046003904 0.0 0.009233349 0.03591272 0.0066686673 0.0 0.032604247 0.0053801103 0.0 0.0 0.0656607 0.013479068 0.0 0.009642907 0.026444646 0.011955012 0.0 0.0062318062 0.0 0.06975897 0.014190706 0.04746003 0.034460403 0.0 0.0 0.007410732 0.077227056 0.0 0.018361095 0.026075022 0.0 0.05656325 0.043184467 0.0 0.0
0.03150127 0.0 0.0 0.001309476 0.0 0.0 0.007929927 0.014996455 0.0 0.05048362 0.0 0.0 0.02909942 0.0 0.0055432916 0.016579594 0.038519666 0.0 0.059515428 0.035157293 0.009834139 0.0021308758 0.02277238 0.043335684 0.01397453 0.0 0.0 0.038291626 0.019483678 0.0 0.013121533 0.019307703 0.0 0.0 0.025407303 0.03179033 0.0 0.0062318062 0.08517082 0.015286167 0.0 0.014693701 0.04819135 2.77545e-07 0.006598127 0.042567473 0.0 0.0 0.02082998 0.0 0.08842343 0.015805958 0.009722433 0.0024004546 0.0 0.002495841
0.032660075 0.029855838 0.0 0.008235597 0.0 0.0 0.024876688 0.018988594 0.0034833346 0.038938843 0.0 0.0 0.027519746 0.0099009555 0.032304134 0.016404096 0.0 0.0 0.010210324 0.0 0.008484 0.0014725131 0.0067734993 0.026147366 0.015882162 0.045455635 0.0 0.045749363 0.07815338 0.0068184496 0.020634826 0.0 0.0 0.0 0.10523102 0.0 0.09372339 0.0 0.015286168 0.007796989 0.008927152 0.01794453 0.024034863 0.02535859 0.016768077 0.024492398 0.0 0.0 0.0 0.0 0.024251428 0.019211914 0.0 0.040959984 0.088849895 0.015946815
0.024271503 0.0 0.0 0.017576393 0.0 0.0 0.010963399 0.015405152 0.03986336 0.010281019 0.0 0.035061847 0.0310393 0.025242666 0.04365005 0.080092125 0.0 0.0 0.0022473913 0.0 0.026699005 0.0 0.01480563 0.02083997 0.0 0.026968181 0.041376833 0.034863066 0.0 0.0 0.0076194364 0.026614407 0.018291509 0.03849967 0.057041027 0.009920651 0.006290541 0.06975897 0.0 0.0089271525 0.05184449 0.0 0.014428655 0.0 0.08581273 0.007236164 0.065960325 0.0009166318 0.03639596 0.008433872 0.012682646 0.019366724 0.0 0.038253933 0.04810608 0.02327801
0.0 0.011293534 0.082536645 0.072523996 0.0074775713 0.0064591793 0.04749755 0.0 0.03819445 0.04001064 0.015697425 0.029680133 0.0 0.0 0.011428729 0.04193817 0.0 0.0 0.02901671 0.02912155 0.0 0.0091859475 0.0 0.0090015195 0.007889331 0.0056911465 0.0 0.0068311044 0.0 0.019124817 0.075523496 0.03380801 0.015120757 0.039072778 0.0 0.0 0.0 0.014190706 0.014693702 0.01794453 0.0 0.10083857 0.014505988 0.0 0.0 0.05287242 0.03941624 0.079777494 0.0 0.0 0.009495355 0.0 0.0 0.027782734 0.0 0.0
0.0044451677 0.007994774 0.010030923 0.116146795 0.043748073 0.040826134 0.00030352038 0.018916609 0.0 0.003595562 0.0 0.0 0.0023950653 0.05653597 0.0021879124 0.06479158 0.03174972 0.023495577 0.017346824 0.028001856 0.01529133 0.015454788 0.0071878876 0.021805106 0.026026174 0.0 0.036957037 0.0 0.01201903 0.020968545 0.0 0.0752243 0.032152906 0.0 0.02990467 0.0 0.0 0.04746003 0.04819135 0.024034865 0.014428655 0.014505988 0.0 0.027641797 0.0 0.0 0.055640563 0.0 0.027739758 0.019553062 0.025407115 0.0033391102 0.0 0.014243759 0.0 0.0
0.0 0.08773619 0.0076206657 0.14416419 0.016071592 0.06930706 0.019098869 0.0 0.0028119148 0.0 0.0 0.037608888 0.0056160446 0.009632625 0.08165905 0.111025564 0.0 0.018193828 0.034964625 0.034075595 0.0 0.0 0.026070207 0.0 0.013633781 0.0 0.0034061873 0.013166023 0.0 0.04224845 0.12673421 0.022931473 0.0 0.0 0.0 0.0 0.0 0.034460403 2.77545e-07 0.02535859 0.0 0.0 0.027641796 0.0 0.0 0.014921077 0.028507624 0.0 0.0 0.0 0.0 0.0 0.051238414 0.017709227 0.0 0.0
0.0 0.02047165 0.0 0.009035095 0.016039217 0.0 0.0 0.03512722 0.0 0.0 0.046593353 0.0 0.0 0.014217155 0.010361479 0.022933466 0.0 0.010597193 0.0 0.0 0.0 0.0 0.032626785 0.08541641 0.0031295524 0.019701637 0.0073275496 0.026762288 0.023718677 0.0 0.021555478 0.010083565 0.08642402 0.041122347 0.019152412 0.006434528 0.03736885 0.0 0.006598127 0.01676808 0.08581273 0.0 0.0 0.0 0.0 0.0028222806 0.0 0.032217838 0.017676674 0.015764555 0.0 0.082625054 0.0063401028 0.012153186 0.08343536 0.026023896
0.016452326 0.0 0.0 0.017206218 0.0 0.0 0.038946252 0.016663933 0.0 0.02675219 0.0 0.008852382 0.0 0.0 0.007903612 0.0 0.04971558 0.0 0.0 0.0 0.0 0.08639267 0.013570529 0.0 0.028102031 0.031745024 0.011888357 0.00943838 0.0 0.018734619 0.0 0.0 0.025496539 0.0 0.015872564 0.030538337 0.057951286 0.0 0.042567473 0.024492398 0.007236164 0.05287242 0.0 0.014921077 0.0028222806 0.0 0.0886413 0.0068291277 0.0028057664 0.054388124 0.04850321 0.0012822113 0.029994037 0.012430766 0.0009731992 0.0
0.013269951 0.0 0.0 0.0122827245 0.0 0.0 0.0 0.003655147 0.03451242 0.0 0.025687348 0.0 0.0 0.015928226 0.0 0.010769708 0.0 0.037353937 0.011274926 0.0 0.041325655 0.0 0.03679324 0.030629374 0.013206526 0.03448936 0.0046160948 0.010038184 0.0 0.009910408 0.0 0.0 0.032179836 0.025983071 0.027427046 0.040726863 0.0 0.007410732 0.0 0.0 0.06596033 0.039416242 0.055640563 0.028507624 0.0 0.08864131 0.0 0.02073882 0.0 0.00471689 0.059935383 0.008070142 0.0 0.0006162085 0.0 0.0
0.0075574163 0.03529274 0.0 0.04909876 0.012659344 0.0 0.03541734 0.0 0.0206821 0.0 0.08309795 0.016292008 0.0 0.0010917654 0.0 0.0063949404 0.0027003873 0.0 0.0021154128 0.03783237 0.01908354 0.036270462 0.0 0.011872771 0.006197744 0.0 0.0 0.0 0.0 0.014744648 0.0 0.0 0.01017121 0.0022147307 0.019360086 0.012788999 0.028622441 0.077227056 0.0 0.0 0.0009166318 0.079777494 0.0 0.0 0.032217838 0.0068291277 0.020738821 0.07466232 0.04109807 0.0 0.023018783 0.0027448453 0.039180256 0.0018898576 0.0024617112 0.0
0.017679382 0.021487275 0.041447904 0.0 0.0 0.0041123377 0.05994552 0.0 0.01268309 0.020460436 0.008973013 0.0 0.0 0.054575644 0.0 0.021199016 0.035749517 0.04250162 0.007280058 0.0063989465 0.08049226 0.0769392 0.0074930135 0.040334184 0.005309972 0.00977245 0.009475335 0.0 0.006281646 0.020489601 0.0 0.007045388 0.0073588565 0.0 0.00054650725 0.0563479 0.02622959 0.0 0.020829977 0.0 0.03639596 0.0 0.027739761 0.0 0.017676674 0.0028057664 0.0 0.04109807 0.0 0.091399916 0.044539656 0.0 0.027773697 0.020315373 0.0 0.0
0.0 0.0 0.009124003 0.0 0.0 0.0 0.0 0.0 0.00030901036 0.0 0.0 0.07808255 0.028282883 0.0016663433 0.107177995 0.0023664052 0.019958336 0.0521912 0.03265468 0.098499365 0.0 0.0058866474 0.0 0.0 0.07948969 0.0 0.006962662 0.0 0.0 0.12872195 0.027018374 0.074595384 0.0 0.0029580717 0.011733527 0.0 0.0 0.018361095 0.0 0.0 0.008433872 0.0 0.019553062 0.0 0.015764557 0.054388124 0.00471689 0.0 0.091399916 0.0 0.0 0.0 0.0 0.009178283 0.0 0.0
0.00039035076 0.012494931 0.0 0.0 0.06884688 0.0091412 0.0 0.0 0.04376341 0.0 0.0 0.009778787 0.0048280773 0.0 0.009086921 0.016213557 0.04235437 0.020599991 0.06521091 0.040373925 0.027402893 0.009608208 0.0 0.009529417 0.012985745 0.0 0.036120534 0.015613339 0.03251233 0.047413867 0.0021148133 0.03463941 0.04109331 0.011116119 0.00038979432 0.0 0.04877853 0.026075022 0.08842343 0.024251428 0.0126826465 0.009495355 0.025407115 0.0 0.0 0.048503213 0.059935387 0.023018783 0.044539656 0.0 0.0 0.0 0.0 0.0 0.027851311 0.0
0.0 0.0 0.0 0.0 0.044131033 0.0 0.009061595 0.034380622 0.0 0.0 0.0039748866 0.042225916 0.017943077 0.053542055 0.028639818 0.0 0.018488025 0.0 0.0028023575 0.02040322 0.0044833506 0.0 0.0 0.052399028 0.0 0.0 0.033490404 0.05230782 0.036761895 0.046389613 0.0 0.0 0.07838588 0.05121672 0.08268191 0.0 0.059865557 0.0 0.015805958 0.019211916 0.019366724 0.0 0.0033391102 0.0 0.082625054 0.0012822113 0.008070141 0.0027448456 0.0 0.0 0.0 0.0 0.008767555 0.0 0.002787637 0.02296754
0.010535254 0.052225508 0.0868955 0.055601053 0.07798848 0.03602965 0.019081056 0.0 0.044657853 0.0044733547 0.0062055658 0.023185132 0.0 0.0 0.011909875 0.05207693 0.024624854 0.0 0.0 0.034282338 0.0 0.027658636 0.024344506 0.0054758894 0.10645527 0.0 0.0 0.0 0.0 0.0560582 0.11457878 0.0 0.0 0.0 0.0 0.040636573 0.0 0.05656325 0.009722433 0.0 0.0 0.0 0.0 0.051238414 0.0063401028 0.029994037 0.0 0.039180256 0.027773697 0.0 0.0 0.008767555 0.0 0.0 0.009025972 0.0
0.026733954 0.0 0.013912428 0.0 0.0 0.0 0.0031504089 0.031518437 0.0 0.015919626 0.0 0.0057177483 0.04993088 0.0087540345 0.0 0.0643236 0.026415398 0.022361618 0.03866647 0.047269244 0.0 0.011275611 0.062424894 0.0 0.00012429977 0.016434167 0.02675041 0.0 0.0 0.013512202 0.02138686 0.0 0.0 0.08181243 0.014071037 0.0041976837 0.042069856 0.043184467 0.0024004546 0.040959984 0.038253933 0.027782733 0.01424376 0.017709227 0.012153185 0.012430766 0.0006162085 0.0018898576 0.020315373 0.009178283 0.0 0.0 0.0 0.08346939 0.030708546 0.030369421
0.07091624 0.0 0.01375102 0.0 0.0 0.0 0.025021829 0.02547145 0.0044962615 0.007511442 0.017368672 0.0 0.021712527 0.039181374 0.0052335095 0.037721794 0.0 0.0089582745 0.0 0.0 0.00402928 0.0 0.04094946 0.043464206 0.0 0.013737906 0.007947764 0.026229717 0.026934663 0.007692808 0.0 0.0 0.0053703752 0.01624816 0.06949802 0.052522108 0.082289144 0.0 0.0 0.08884989 0.04810608 0.0 0.0 0.0 0.08343536 0.0009731992 0.0 0.0024617112 0.0 0.0 0.027851311 0.002787637 0.009025971 0.030708546 0.028957248 0.012397712
0.03075884 0.0 0.02162816 0.0 0.008662813 0.0 0.0 0.05773958 0.0 0.0024507008 0.0 0.085309595 0.025559828 0.016269427 0.057595994 0.046820384 0.0 0.0022701146 0.024754057 0.033038165 0.0 0.0 0.045003887 0.006234535 0.0 0.032451496 0.021896467 0.052706722 0.08372155 0.045420196 0.0 0.0 0.0 0.08747519 0.08319007 0.030322054 0.02523078 0.0 0.002495841 0.015946815 0.02327801 0.0 0.0 0.0 0.026023898 0.0 0.0 0.0 0.0 0.0 0.0 0.02296754 0.0 0.030369421 0.012397711 0.04182378
