0.0 0.0 0.049299177 0.012708801 0.0 0.0 0.0 0.046752866 0.0 0.0 0.0 0.009995642 0.008496349 0.008264834 0.058437277 0.012377369 0.005422337 0.0 0.012247101 0.05267239 0.039802972 0.0 0.028956845 0.021174772 0.0 0.017653784 0.0 0.049777955 0.014316154 0.058378704 0.0105611235 0.0 0.0 0.027815893 0.007990725 0.023385001 0.0 0.0 0.0 0.04790135 0.07423735 0.0025365865 0.042126965 0.046199422 0.03813082 0.0 0.0 0.0086257495 0.031087864 0.0 0.0 0.0 0.06382194 0.030268338 0.007998887 0.0
0.0 0.0 0.0 0.0 0.0 0.0 0.003234096 0.09595934 0.0 0.00930904 0.0 0.013605302 0.0 0.06444362 0.0 0.0037003795 0.037608426 0.003961988 0.0056192055 0.0 0.0 0.05308974 0.031686284 0.0 0.0 0.01420649 0.0 0.090259984 0.025554242 0.03337262 0.03682923 0.0 0.0 0.0 0.012560527 0.018104255 0.0574845 0.05681435 0.024817158 0.056817703 0.0327148 0.0 0.006680856 0.0 0.0 0.0035896748 0.0 0.0 0.020791046 0.064325996 0.0 0.03367008 0.0 0.0504592 0.0 0.027243083
0.04929918 0.0 0.0 0.0 0.0 0.0 0.0 0.039178573 0.017224958 0.043013208 0.0 0.0 0.0058598635 0.0 0.0 0.0020621514 0.0 0.0 0.0 0.0 0.0 0.032458805 0.044874668 0.0 0.0027381487 0.030033888 0.03432105 0.01872117 0.043729175 0.0 0.047301948 0.0 0.0 0.0 0.037228633 0.0 0.031038683 0.0 0.0 0.041043248 0.05205646 0.0 0.0026666024 0.0 0.015143624 0.0 0.0 0.0 0.0 0.037531797 0.09144595 0.04439677 0.0 0.0 0.06813868 0.029415486
0.012708801 0.0 0.0 0.0 0.0 0.0 0.0023141194 0.030139579 0.022524966 0.021185009 0.0 0.0 0.02232646 0.04844061 0.0 0.0 0.03935666 0.013819552 0.0 0.019062016 0.0036799496 0.08295408 0.019983202 0.00042663494 0.014270678 0.06387127 0.0 0.03471144 0.102344826 0.034439832 0.020560613 0.0 0.021639045 0.0 0.013421064 0.0043494864 0.03401047 0.007749631 0.038227458 0.06116123 0.010492906 0.0 0.0024570546 0.0 0.0 0.0 0.0 0.045677736 0.0 0.051584926 0.0066835517 0.008538667 0.027981078 0.038195696 0.0069067916 0.060484104
0.0 0.0 0.0 0.0 0.17606078 0.0 0.028805882 0.0 0.0 0.09697976 0.0 0.0 0.0 0.0 0.0 0.0 0.04842381 0.041942526 0.0050172135 0.0 0.0033033106 0.0 0.07487234 0.02706882 0.026287738 0.0 0.04751723 0.0 0.0 0.0 0.0519672 0.03912902 0.0 0.060342986 0.033770107 0.005103895 0.0 0.0 0.011500694 0.00733626 0.0 0.0 0.0 0.010150282 0.0066045905 0.0 0.0 0.08707683 0.0 0.0 0.0 0.027335536 0.0 0.0 0.0 0.021780211
0.0 0.0 0.0 0.0 0.0 0.0 0.0 0.02080522 0.0 0.0 0.0 0.0 0.011149773 0.044019192 0.0 0.0054615596 0.003670075 0.0 0.0 0.0 0.013388541 0.007505526 0.0486383 0.0 0.009757143 0.05813997 0.059042294 0.046446968 0.06290825 0.0 0.0 0.0 0.0015040874 0.006224935 0.012767232 0.0021804692 0.04164313 0.0051350873 0.0 0.033222944 0.05543914 0.022021754 0.0 0.0 0.007917592 0.007756803 0.0 0.020870518 0.030475205 0.024043439 0.039171737 0.09240381 0.0 0.07624768 0.008224903 0.04554616
0.0 0.003234096 0.0 0.0023141194 0.028805882 0.0 0.045700356 0.0 0.01790054 0.059107237 0.021399217 0.0 0.0 0.0 0.020246979 0.007376335 0.049191393 0.0 0.022794545 0.0 0.013562274 0.0 0.038096573 0.0 0.0 0.009107825 0.01672 0.0 0.0 0.0 0.02671588 0.06909568 0.0 0.005551643 0.0 0.024540117 0.06480129 0.060115676 0.0 0.027320148 0.0 0.0 0.0 0.0 0.04602255 0.0 0.00945731 0.026057348 0.003640311 0.0 0.07707898 0.060555007 0.03097977 0.0 0.00755424 0.0
0.046752866 0.09595934 0.039178573 0.030139579 0.0 0.02080522 0.0 0.031494237 0.032255165 0.0017833586 0.07975019 0.008942221 0.014813317 0.0 0.0 0.010826085 0.0 0.0 0.010492165 0.02332484 0.026842304 0.0 0.0 0.023156175 0.015993068 0.0 0.034218416 0.0 0.00087316154 0.06279187 0.0 0.0 0.015081487 0.009767811 0.04514548 0.023721827 0.0 0.059781034 0.011146249 0.019655097 0.0038395824 0.0007138501 0.06692253 0.037574176 0.073581465 0.043976124 0.0261304 0.009068959 0.04009562 0.0 0.002453509 0.0 0.017756848 0.0 0.0055019488 0.016218456
0.0 0.0 0.017224956 0.022524966 0.0 0.0 0.01790054 0.032255165 0.0 0.0 0.0 0.01575482 0.007984219 0.054047886 0.0 0.0 0.034612555 0.013034497 0.017695425 0.0 0.03407791 0.062069822 0.0019191207 0.0 0.026544517 0.0071023316 0.009516576 0.061634745 0.06487779 0.030486561 0.005690684 0.0 0.014964084 0.013030875 0.021247692 0.0 0.0414979 0.0 0.045768905 0.042126797 0.0031678353 0.0 0.0 0.0 0.009328553 0.017180836 0.0015758285 0.027414992 0.01143318 0.094382785 0.015416224 0.0 0.0 0.0 0.023633292 0.062229823
0.0 0.009309041 0.04301321 0.021185009 0.09697976 0.0 0.059107233 0.0017833585 0.0 0.019255582 0.000361012 0.009854347 0.007047567 0.05057272 0.035103656 0.0082375975 0.0 0.0 0.028111275 0.02886161 0.0 0.02658713 0.0138182165 0.061709944 0.051544696 0.0 0.04575647 0.016578607 0.0 0.0 0.048196346 0.035532754 0.0018290973 0.02817663 0.0 0.0 0.054767624 0.02162458 0.0 0.05649006 0.0 0.0 0.029203227 0.0 0.0 0.055791117 0.030199908 0.0 0.028249968 0.0 0.00970522 0.0 0.0 0.0 0.006706536 0.0
0.0 0.0 0.0 0.0 0.0 0.0 0.021399219 0.07975019 0.0 0.000361012 0.0 0.016157577 0.014049331 0.033581592 0.0 0.053939775 0.0 0.12881382 0.014408729 0.0 0.0 0.024882402 0.0 0.0647339 0.0 0.05309269 0.0 0.08196321 0.0 0.0 0.0 0.0 0.0 0.059367858 0.0 0.0 0.0 0.009867574 0.0 0.10274563 0.020945163 0.0 0.0 0.030974064 0.0 0.0 0.0 0.0 0.0043067243 0.0 0.0 0.024815664 0.016277583 0.0 0.0 0.04661374
0.009995642 0.013605302 0.0 0.0 0.0 0.0 0.0 0.008942221 0.01575482 0.009854347 0.016157577 0.0 0.0 0.037452888 0.011240285 0.0 0.0 0.0 0.0 0.0 0.0 0.0 0.03306172 0.0 0.0076042204 0.032030925 0.0 0.09935952 0.0 0.010855155 0.0017363477 0.013078309 0.0 0.0 0.06399314 0.020236641 0.012432879 0.0 0.006845295 0.057895668 0.051895756 0.07556677 0.00036524844 0.041343544 0.008895713 0.08102665 0.0 0.053488053 0.0 0.0 0.04442457 0.01710163 0.0 0.0 0.008202521 0.10023104
0.008496349 0.0 0.0058598635 0.02232646 0.0 0.011149772 0.0 0.014813318 0.007984219 0.007047567 0.01404933 0.0 0.0 0.031471435 0.0028926807 0.0011003613 0.0 0.0 0.04821576 0.024188293 0.027060956 0.0 0.013598177 0.051238656 0.0 0.0 0.013407488 0.0 0.0069182343 0.0 0.0 0.0044972077 0.011033859 0.0066036144 0.021005014 0.017586388 0.022608222 0.0 0.025782079 0.02694979 0.027671564 0.0050236173 0.03429018 0.059427623 0.02500858 0.0 0.085259646 0.0 0.06416065 0.05196517 0.0 0.0 0.04750853 0.027900925 0.010939441 0.0
0.008264835 0.06444362 0.0 0.04844061 0.0 0.044019192 0.0 0.0 0.054047883 0.050572716 0.033581592 0.037452888 0.031471435 0.0 0.07060066 0.031497814 0.02241802 0.0 0.023718996 0.044260286 0.05247128 0.0 0.0 0.034079302 0.010231862 0.0 0.0 4.159316e-08 0.0 0.043335997 0.011518269 0.0 0.033541854 0.0 0.009701037 0.0 0.003970147 0.099677555 0.0 0.0015694236 0.0 0.0 0.019901518 0.030690962 0.025746025 0.009842491 0.024781667 0.0 0.0 0.0 0.0 0.0 0.048798785 0.005928475 0.04569279 0.0
0.058437277 0.0 0.0 0.0 0.0 0.0 0.020246977 0.0 0.0 0.035103656 0.0 0.011240285 0.002892681 0.07060066 0.06656637 0.0 0.029888818 0.0 0.0 0.002235174 0.0 0.025441863 0.032577123 0.005755397 0.0 0.04953595 0.005416569 0.07903647 0.05350741 0.0 0.0010421199 0.0 0.0 0.046712667 0.094031826 0.0 0.023823502 0.0043587806 0.015867995 0.03831471 0.05576573 0.0 0.008705867 0.0 0.019675393 0.006720681 0.0 0.037529416 0.019090798 0.0 0.010255445 0.0 0.0 0.0116570275 0.05661481 0.0122069195
0.012377369 0.0037003795 0.0020621514 0.0 0.0 0.00546156 0.0073763346 0.010826085 0.0 0.008237597 0.053939775 0.0 0.0011003613 0.031497814 0.0 0.0 0.0 0.017193116 0.013073042 0.0 0.020671714 0.027187416 0.02696629 0.02359204 0.0 0.13313895 0.037024233 0.052907363 0.0070115146 0.004411863 0.016952854 0.0031180861 0.018577777 0.0 0.10752397 0.056220073 0.04175982 0.0 0.0 0.016830236 0.031637967 0.027688473 0.0 0.0 0.027281074 0.0 0.0 0.02436252 0.0017074684 0.0 0.045632154 0.008508814 0.010715627 0.0 0.048864804 0.018935177
0.005422337 0.037608426 0.0 0.03935666 0.048423808 0.0036700752 0.04919139 0.0 0.034612555 0.0 0.0 0.0 0.0 0.02241802 0.029888818 0.0 0.0 0.0 0.0 0.0026998785 0.0 0.0 0.020414209 0.0 0.029321078 0.07662278 0.0 0.0 0.0 0.0 0.06950981 0.122170605 0.0 0.0 0.0 0.035371147 0.009541941 0.03412959 0.09422326 0.028869214 0.00086154277 0.0715106 0.0 0.008208541 0.0 0.036774967 0.032089602 0.0 0.0004984519 0.0 0.021043397 0.024432223 0.0012848784 0.0 0.0 0.015127046
0.0 0.003961988 0.0 0.013819552 0.041942526 0.0 0.0 0.0 0.013034496 0.0 0.1288138 0.0 0.0 0.0 0.0 0.017193116 0.0 0.12860866 0.04221042 0.0 0.0 0.014649273 0.040883057 0.008386168 0.019881532 0.0 0.01626016 0.008657515 0.0 0.0 0.049465816 0.020071005 0.0 0.02322668 0.0 0.06943274 0.0 0.040491924 0.018612638 0.0 0.0 0.0 0.0041149477 0.0 0.0 0.0 2.8171197e-22 0.013450306 0.055925734 0.0 0.0 0.008771443 0.0 0.0 0.047469564 0.0
0.012247101 0.0056192055 0.0 0.0 0.0050172135 0.0 0.022794547 0.010492165 0.017695423 0.028111275 0.014408729 0.0 0.04821576 0.023718996 0.0 0.013073042 0.0 0.04221042 0.0 0.0 0.0 0.023481341 0.039686743 5.6025303e-05 0.035915352 0.06103011 0.030193103 0.0 0.0 0.0 0.062257394 0.018313698 0.0 0.03022012 0.0030196232 0.10298079 0.03585444 0.014528684 0.004619068 0.015544056 0.016598074 0.0 0.0 0.0 0.0 0.0 0.0 0.0007816868 0.027488006 0.003638043 0.05961043 0.08986072 0.0 0.041590273 0.0 0.0
0.05267239 0.0 0.0 0.019062016 0.0 0.0 0.0 0.02332484 0.0 0.028861608 0.0 0.0 0.024188295 0.04426029 0.002235174 0.0 0.0026998785 0.0 0.0 0.009615867 0.0 0.03439844 0.016602496 0.06483992 0.0 0.0077462685 0.07874323 0.022458903 0.0 0.0 0.0 0.039817758 0.0 0.005292104 0.05123244 0.0 0.004038096 0.0 0.0 0.022052167 0.02684434 0.0 0.0 0.0 0.012981197 0.023869382 0.005635038 0.05463632 0.0 0.030286409 0.04082946 0.052198496 0.0 0.0057230326 0.0 0.0
0.03980297 0.0 0.0 0.0036799493 0.0033033106 0.013388541 0.013562274 0.026842304 0.034077905 0.0 0.0 0.0 0.027060958 0.052471284 0.0 0.020671714 0.0 0.0 0.0 0.0 0.0 0.0 0.0795998 0.040615946 0.0 0.0169583 0.05153774 0.02903903 0.042310424 0.0 0.0 0.03305747 0.0 0.011503149 0.03606258 0.0 0.0006655227 0.0 0.0 0.0037798134 0.08781932 0.024011431 0.0 0.0 0.0061727376 0.0 0.0 0.002143588 0.0 0.010701317 0.060822103 0.017683635 0.0 0.0030925984 0.06607086 0.053325858
0.0 0.05308974 0.032458805 0.08295409 0.0 0.0075055263 0.0 0.0 0.06206982 0.026587129 0.024882402 0.0 0.0 0.0 0.025441863 0.027187416 0.0 0.014649273 0.023481341 0.034398437 0.0 0.07283026 0.0 0.0046243914 0.06012293 0.06826376 0.0 0.0 0.0 0.0 0.05793102 0.05357719 0.0 0.0 0.0 0.020106973 0.010366693 0.046064958 0.0067913802 0.012274163 0.0 0.008254149 0.02044626 0.0 0.02590384 0.020163873 0.0454921 0.0012610452 0.032744937 0.0 0.0047947685 0.0 0.036855888 0.0006181382 0.028093942 0.0
0.028956845 0.03168628 0.044874668 0.019983202 0.07487234 0.048638295 0.03809657 0.0 0.0019191207 0.0138182165 0.0 0.03306172 0.013598177 0.0 0.032577123 0.026966289 0.020414209 0.040883057 0.039686743 0.016602498 0.07959979 0.0 0.0 0.037013255 0.031483494 0.0 0.040143084 0.0023562685 0.00952996 0.029733777 0.0021481893 0.0 0.042164337 0.0030352862 0.0115701845 0.0 0.0 0.03743379 0.031522114 0.0 0.011137663 0.0 0.053648017 0.024192348 0.007530373 0.06511529 0.0061195684 0.020651804 0.0 0.0 0.0 0.0 0.0 0.0 0.014937447 0.0
0.021174772 0.0 0.0 0.0004266349 0.02706882 0.0 0.0 0.023156175 0.0 0.061709944 0.0647339 0.0 0.05123866 0.034079302 0.005755397 0.02359204 0.0 0.008386168 5.6025303e-05 0.06483992 0.040615946 0.004624391 0.037013255 0.09286403 0.0 0.020680696 0.041302692 0.037029132 0.014447145 0.009369595 0.02038251 0.0 0.041039832 0.026230114 0.014554874 0.02827903 0.0 0.037793078 0.0 0.0 0.022012841 0.0 0.0 0.0101381885 0.01364316 0.0019062107 0.0 0.0 0.03445137 0.0 0.031302106 0.037712567 0.0 0.0 0.04052664 0.0
0.0 0.0 0.0027381487 0.014270679 0.026287738 0.009757143 0.0 0.015993068 0.026544517 0.051544696 0.0 0.007604221 0.0 0.010231862 0.0 0.0 0.02932108 0.019881532 0.03591535 0.0 0.0 0.06012293 0.031483497 0.0 0.062340233 0.037180364 0.011288914 0.0052064387 0.0088673225 0.0 0.067228355 0.096846044 0.010659903 0.012065672 0.0 0.0 0.017772239 2.1004925e-07 0.08168218 0.020754332 0.012914377 0.018613024 0.0 0.0020316164 0.016697787 0.05629825 0.030301444 0.044132303 0.012195034 0.033961836 0.022577599 0.009310495 0.010334382 0.0 0.0 0.028190505
0.017653784 0.0142064905 0.030033888 0.063871264 0.0 0.05813997 0.009107824 0.0 0.007102332 0.0 0.05309269 0.032030925 0.0 0.0 0.04953595 0.13313895 0.076622784 0.0 0.06103011 0.007746269 0.0169583 0.06826376 0.0 0.020680696 0.037180364 0.0 0.0 0.008040147 0.0 0.0 0.008233222 0.0 0.0 0.0 0.0 0.0 0.0 0.018625513 0.0 0.0 0.0053647687 0.04697169 0.0 0.02030372 0.0074245045 0.0 0.048107047 0.02961886 0.03716299 0.0 0.0 0.0 0.05690046 0.0 0.0 0.0
0.0 0.0 0.03432105 0.0 0.04751723 0.059042297 0.016720003 0.034218416 0.009516575 0.04575647 0.0 0.0 0.013407487 0.0 0.005416569 0.03702423 0.0 0.016260158 0.030193105 0.07874323 0.05153774 0.0 0.04014308 0.041302692 0.011288915 0.0 0.040804427 0.0009981659 0.0 0.03721982 0.0 0.037980456 0.044678625 0.0 0.0123908855 0.021570388 0.009533616 0.020550428 0.01709979 0.017497562 0.0 0.0004584855 0.0 0.034350846 0.021054054 0.0 0.0 0.0032057792 0.008473674 0.0 0.03240456 0.0059074704 0.00080385373 0.0 0.0082832 0.0
0.04977796 0.090259984 0.018721173 0.03471144 0.0 0.046446968 0.0 0.0 0.061634745 0.016578607 0.08196321 0.09935952 0.0 4.159316e-08 0.07903646 0.052907366 0.0 0.008657515 0.0 0.022458903 0.029039029 0.0 0.0023562687 0.03702913 0.0052064387 0.008040147 0.0009981659 0.0 0.0 0.0 0.00018251527 0.0 0.0070350296 0.0 0.0023891353 0.0 0.0 0.01292804 0.0 0.0 0.055690892 0.0 0.05736597 0.0 0.05580635 0.0 0.040156476 0.0 0.0 0.0 0.0 0.009773503 0.029535882 0.0 0.03861996 0.0
0.014316153 0.025554242 0.04372918 0.102344826 0.0 0.06290825 0.0 0.00087316154 0.06487779 0.0 0.0 0.0 0.0069182348 0.0 0.05350741 0.0070115146 0.0 0.0 0.0 0.0 0.04231042 0.0 0.00952996 0.014447146 0.0088673225 0.0 0.0 0.0 0.0 0.0038764072 0.015522655 0.0 0.010458136 0.0 0.0 0.0 0.0055884873 0.0 0.013376694 0.013955763 0.06981154 0.04999904 0.078352064 0.012310308 0.082631506 0.016714932 0.02614097 0.04738861 0.0 0.013329965 0.0 0.0 0.025011726 0.0 0.0 0.004875457
0.058378708 0.03337262 0.0 0.034439832 0.0 0.0 0.0 0.06279187 0.030486563 0.0 0.0 0.010855155 0.0 0.043335997 0.0 0.004411863 0.0 0.0 0.0 0.0 0.0 0.0 0.029733779 0.009369595 0.0 0.0 0.03721982 0.0 0.0038764072 0.0 0.0 0.0 0.0 0.012330639 0.09434589 0.007791103 0.06698537 0.017150534 0.0 0.0045461673 0.0 0.012259447 0.0 0.0 0.039909005 0.010239527 0.007846073 0.037869606 0.0 0.041156054 0.044209287 0.11922232 0.0 0.033784814 0.07241235 0.03277798
0.0105611235 0.03682923 0.047301948 0.020560613 0.051967196 0.0 0.026715878 0.0 0.0056906836 0.048196346 0.0 0.0017363477 0.0 0.011518269 0.0010421199 0.016952854 0.069509804 0.049465816 0.062257394 0.0 0.0 0.05793102 0.0021481893 0.02038251 0.06722835 0.008233222 0.0 0.00018251526 0.015522656 0.0 0.01379451 0.052119352 0.029859852 0.0027535977 0.0 0.003850268 0.0 0.0 0.04825534 0.012891793 0.0 0.02210255 0.014887505 0.0 0.0 0.017765963 0.060707193 0.0 0.0915814 0.0 0.0 0.0 0.0 0.01842901 0.0 0.0
0.0 0.0 0.0 0.0 0.03912902 0.0 0.06909568 0.0 0.0 0.035532754 0.0 0.013078308 0.004497208 0.0 0.0 0.0031180861 0.122170605 0.020071005 0.0183137 0.039817758 0.033057466 0.053577192 0.0 0.0 0.096846044 0.0 0.037980452 0.0 0.0 0.0 0.052119356 0.0 0.026035646 0.058234055 0.0 0.0 0.0 0.0 0.030174198 0.0022423947 0.013806275 0.0 0.0 0.018487485 0.0 0.0 0.0 0.0 0.08117849 0.0 0.0448737 0.0 0.029773517 0.018791068 0.0 0.0064072157
0.0 0.0 0.0 0.021639045 0.0 0.0015040874 0.0 0.0150814885 0.014964084 0.0018290975 0.0 0.0 0.011033859 0.033541854 0.0 0.018577777 0.0 0.0 0.0 0.0 0.0 0.0 0.042164337 0.04103983 0.010659903 0.0 0.04467863 0.007035029 0.010458136 0.0 0.02985985 0.026035646 0.0 0.0 0.02151548 0.0 0.09543151 0.0 0.018166916 0.019976905 0.0026357211 0.039073907 0.0 0.066320516 0.002415765 0.036883425 0.0 0.041941147 0.0 0.04237367 0.008889758 0.051092885 0.0 0.04623141 0.086274825 0.069770426
0.027815893 0.0 0.0 0.0 0.060342986 0.0062249345 0.005551643 0.009767811 0.013030875 0.02817663 0.059367854 0.0 0.0066036144 0.0 0.046712667 0.0 0.0 0.02322668 0.030220117 0.005292104 0.011503149 0.0 0.003035286 0.026230114 0.012065672 0.0 0.0 0.0 0.0 0.012330639 0.0027535977 0.05823405 0.0 0.0 0.049694993 0.10084156 0.03831211 0.037645847 0.017199151 0.0 0.0 0.011075476 0.0026170793 0.0 0.038391493 0.053924695 0.090195306 0.00614775 0.0 0.0 0.0 0.014558684 0.0 0.0 0.105748236 0.0
0.007990725 0.012560527 0.03722863 0.013421064 0.033770107 0.012767232 0.0 0.045145478 0.021247694 0.0 0.0 0.06399315 0.021005012 0.009701037 0.094031826 0.10752397 0.0 0.0 0.0030196232 0.05123244 0.036062583 0.0 0.0115701845 0.014554875 0.0 0.0 0.0123908855 0.0023891353 0.0 0.09434589 0.0 0.0 0.021515481 0.049694993 0.0 0.0 0.0 0.0 0.0 0.0 0.072157755 0.0 0.07046738 0.007904833 0.0 0.0014349816 0.008343438 0.0 0.001300604 0.0 0.0 0.017400008 0.0021697278 0.037492357 0.0 0.0
0.023385001 0.018104253 0.0 0.0043494864 0.0051038945 0.0021804692 0.024540117 0.023721827 0.0 0.0 0.0 0.020236641 0.01758639 0.0 0.0 0.056220073 0.03537115 0.06943274 0.1029808 0.0 0.0 0.020106973 0.0 0.02827903 0.0 0.0 0.021570388 0.0 0.0 0.007791103 0.003850268 0.0 0.0 0.10084156 0.0 0.012563376 0.0 0.0 0.059380423 0.026977228 0.0 0.0 0.034030087 0.00023902304 0.0 0.0150262 0.0 0.02274889 0.0077715986 0.0 0.0 0.0 0.0442887 0.029135954 0.0 0.042256832
0.0 0.057484504 0.031038683 0.03401047 0.0 0.04164313 0.06480128 0.0 0.0414979 0.054767624 0.0 0.012432879 0.022608222 0.003970147 0.023823502 0.04175982 0.00954194 0.0 0.03585444 0.004038096 0.00066552276 0.010366693 0.0 0.0 0.017772239 0.0 0.009533617 0.0 0.0055884873 0.06698536 0.0 0.0 0.09543151 0.03831211 0.0 0.0 0.0 0.0 0.0 0.011908571 0.0 0.019166961 0.06330197 0.02631748 0.0 0.0 0.023161177 0.0 0.04738112 0.003330438 0.0 0.0 0.044398744 0.0 0.0120792175 0.011034454
0.0 0.056814346 0.0 0.0077496306 0.0 0.005135087 0.060115676 0.05978103 0.0 0.021624578 0.009867575 0.0 0.0 0.099677555 0.0043587806 0.0 0.03412959 0.040491924 0.014528684 0.0 0.0 0.046064958 0.03743379 0.037793078 2.1004924e-07 0.018625513 0.02055043 0.012928039 0.0 0.017150534 0.0 0.0 0.0 0.03764585 0.0 0.0 0.0 0.0 0.0021446936 0.064971 0.013105717 0.0 0.0 0.01513674 0.0 0.0 0.0 0.0 0.0 0.038232364 0.045789517 0.040768035 0.0 0.0 0.0015637899 0.016640892
0.0 0.024817158 0.0 0.038227458 0.011500693 0.0 0.0 0.01114625 0.045768905 0.0 0.0 0.0068452954 0.025782079 0.0 0.015867993 0.0 0.09422325 0.018612638 0.004619068 0.0 0.0 0.0067913802 0.031522118 0.0 0.08168218 0.0 0.017099788 0.0 0.013376694 0.0 0.048255336 0.0301742 0.018166915 0.017199151 0.0 0.059380427 0.0 0.0021446934 0.014126135 0.021148019 0.0 0.0666856 0.0 0.007815564 0.05292036 0.015370953 0.011591316 0.02012011 0.0 0.058395877 0.011295691 0.003914825 0.0 0.0 0.0 0.010911852
0.04790135 0.0568177 0.041043248 0.06116123 0.00733626 0.033222944 0.027320147 0.019655097 0.042126797 0.05649006 0.10274564 0.057895664 0.02694979 0.0015694236 0.038314715 0.016830236 0.028869214 0.0 0.015544057 0.022052165 0.0037798134 0.012274163 0.0 0.0 0.02075433 0.0 0.017497562 0.0 0.013955762 0.0045461673 0.012891792 0.0022423947 0.019976903 0.0 0.0 0.02697723 0.011908571 0.064971 0.021148019 0.0 0.0 0.0 0.04206524 0.023230663 0.0 0.0 0.07813001 0.0 0.034987856 0.0 0.0 0.0034303819 0.03444052 0.006071817 0.0 0.0
0.074237354 0.032714795 0.052056465 0.010492906 0.0 0.055439144 0.0 0.0038395827 0.003167835 0.0 0.020945163 0.051895756 0.027671563 0.0 0.05576573 0.031637967 0.00086154277 0.0 0.016598074 0.02684434 0.08781932 0.0 0.011137663 0.022012841 0.012914376 0.0053647687 0.0 0.05569089 0.069811545 0.0 0.0 0.013806275 0.0026357214 0.0 0.072157755 0.0 0.0 0.013105716 0.0 0.0 0.0 0.003827627 0.051652394 0.023603322 0.026734913 0.009387858 0.0058510853 0.0 0.03813884 0.05354269 0.0 0.0 0.022929698 0.029491063 0.03944889 0.0
0.0025365867 0.0 0.0 0.0 0.0 0.022021756 0.0 0.0007138501 0.0 0.0 0.0 0.07556677 0.0050236173 0.0 0.0 0.027688473 0.0715106 0.0 0.0 0.0 0.024011431 0.00825415 0.0 0.0 0.018613024 0.04697169 0.0004584855 0.0 0.04999904 0.012259447 0.02210255 0.0 0.039073907 0.011075476 0.0 0.0 0.019166961 0.0 0.06668561 0.0 0.003827627 0.04302301 0.0058804387 0.04214344 0.0 0.0 0.024654675 0.0 0.0 0.063114196 0.015218174 0.0 0.021133123 0.02776041 0.0 0.08649777
0.04212696 0.006680856 0.0026666024 0.0024570546 0.0 0.0 0.0 0.06692253 0.0 0.029203229 0.0 0.00036524844 0.03429018 0.019901518 0.008705867 0.0 0.0 0.0041149477 0.0 0.0 0.0 0.020446261 0.053648017 0.0 0.0 0.0 0.0 0.05736597 0.078352064 0.0 0.014887504 0.0 0.0 0.0026170793 0.07046738 0.034030087 0.063301966 0.0 0.0 0.04206524 0.05165239 0.0058804387 0.008096432 0.034597956 0.060447082 0.0 0.0 0.029931871 0.0 0.041680716 0.013899707 0.057870798 0.0 0.051592752 0.030381832 0.04035601
0.04619942 0.0 0.0 0.0 0.010150282 0.0 0.0 0.037574176 0.0 0.0 0.030974064 0.04134354 0.059427623 0.03069096 0.0 0.0 0.008208541 0.0 0.0 0.0 0.0 0.0 0.024192348 0.010138189 0.0020316164 0.02030372 0.03435085 0.0 0.012310308 0.0 0.0 0.018487485 0.066320516 0.0 0.007904834 0.00023902304 0.026317477 0.01513674 0.007815564 0.023230663 0.023603322 0.04214344 0.034597952 0.031852353 0.1110001 0.027814992 0.024949102 0.03185551 0.0 0.016563037 0.048399977 0.055570677 0.040130824 0.0033455936 0.0 0.028820213
0.03813082 0.0 0.015143624 0.0 0.0066045905 0.007917591 0.04602255 0.073581465 0.009328553 0.0 0.0 0.008895714 0.02500858 0.025746025 0.019675393 0.027281074 0.0 0.0 0.0 0.012981197 0.0061727376 0.02590384 0.007530373 0.01364316 0.016697787 0.0074245045 0.021054054 0.05580635 0.082631506 0.039909005 0.0 0.0 0.002415765 0.038391493 0.0 0.0 0.0 0.0 0.052920356 0.0 0.026734913 0.0 0.06044708 0.1110001 0.05351487 0.0 0.0 0.0 0.0 0.015850939 0.03783621 0.024271661 0.005248494 0.029610066 0.030453313 0.04541364
0.0 0.0035896746 0.0 0.0 0.0 0.007756803 0.0 0.043976124 0.017180836 0.05579112 0.0 0.08102665 0.0 0.009842491 0.006720681 0.0 0.036774967 0.0 0.0 0.023869382 0.0 0.020163873 0.06511529 0.0019062108 0.056298245 0.0 0.0 0.0 0.01671493 0.010239527 0.017765963 0.0 0.036883425 0.0539247 0.0014349816 0.0150262 0.0 0.0 0.015370954 0.0 0.009387858 0.0 0.0 0.027814992 0.0 0.0 0.0 0.0 0.029353013 0.029821074 0.040989954 0.04489828 0.0 0.048648838 0.0 0.025978087
0.0 0.0 0.0 0.0 0.0 0.0 0.00945731 0.0261304 0.0015758285 0.030199906 0.0 0.0 0.085259646 0.024781669 0.0 0.0 0.032089602 2.8171197e-22 0.0 0.0056350376 0.0 0.0454921 0.0061195684 0.0 0.030301446 0.048107047 0.0 0.040156476 0.02614097 0.007846073 0.060707197 0.0 0.0 0.090195306 0.008343438 0.0 0.023161177 0.0 0.011591316 0.07813001 0.0058510858 0.024654677 0.0 0.024949104 0.0 0.0 0.0 0.015648765 0.04173251 0.06424654 0.03267543 0.0 0.0 0.017053243 0.0 0.04876941
0.00862575 0.0 0.0 0.04567774 0.08707683 0.020870518 0.026057346 0.00906896 0.027414992 0.0 0.0 0.053488053 0.0 0.0 0.037529416 0.02436252 0.0 0.013450305 0.0007816868 0.05463632 0.0021435877 0.0012610452 0.020651804 0.0 0.044132303 0.029618861 0.003205779 0.0 0.04738861 0.037869606 0.0 0.0 0.041941147 0.00614775 0.0 0.022748888 0.0 0.0 0.02012011 0.0 0.0 0.0 0.029931871 0.031855505 0.0 0.0 0.015648765 0.055270832 0.0 0.010642331 0.02684576 0.001758813 0.07392692 0.03927622 0.0 0.0
0.031087866 0.020791046 0.0 0.0 0.0 0.030475203 0.003640311 0.040095616 0.01143318 0.028249968 0.0043067243 0.0 0.06416065 0.0 0.019090798 0.0017074684 0.0004984519 0.05592573 0.027488006 0.0 0.0 0.032744937 0.0 0.03445137 0.012195034 0.03716299 0.008473674 0.0 0.0 0.0 0.0915814 0.08117848 0.0 0.0 0.001300604 0.007771599 0.04738112 0.0 0.0 0.034987856 0.03813884 0.0 0.0 0.0 0.0 0.029353013 0.041732505 0.0 0.0 0.0 0.083536625 0.008643443 0.0 0.056596536 0.0057572178 0.0007737085
0.0 0.064325996 0.037531797 0.051584926 0.0 0.024043439 0.0 0.0 0.09438278 0.0 0.0 0.0 0.051965166 0.0 0.0 0.0 0.0 0.0 0.0036380433 0.03028641 0.010701318 0.0 0.0 0.0 0.03396184 0.0 0.0 0.0 0.013329966 0.041156054 0.0 0.0 0.04237367 0.0 0.0 0.0 0.003330438 0.038232364 0.058395877 0.0 0.053542685 0.063114196 0.041680716 0.01656304 0.015850939 0.029821072 0.064246535 0.01064233 0.0 0.0 0.0 0.0 0.076878995 0.0 0.0071110716 0.022049077
0.0 0.0 0.09144595 0.0066835517 0.0 0.039171737 0.07707898 0.0024535093 0.0154162245 0.009705221 0.0 0.044424567 0.0 0.0 0.010255445 0.045632154 0.021043397 0.0 0.05961043 0.04082946 0.0608221 0.0047947685 0.0 0.03130211 0.022577597 0.0 0.03240456 0.0 0.0 0.044209287 0.0 0.0448737 0.008889758 0.0 0.0 0.0 0.0 0.045789517 0.011295691 0.0 0.0 0.015218174 0.013899708 0.048399977 0.037836213 0.040989954 0.03267543 0.02684576 0.083536625 0.0 0.0 0.0 0.018752266 0.0 0.0 0.0051492164
0.0 0.033670083 0.04439677 0.008538668 0.027335536 0.09240381 0.060555007 0.0 0.0 0.0 0.024815664 0.01710163 0.0 0.0 0.0 0.008508813 0.024432223 0.008771443 0.089860715 0.052198496 0.017683635 0.0 0.0 0.037712567 0.009310496 0.0 0.0059074704 0.009773503 0.0 0.11922231 0.0 0.0 0.051092885 0.014558685 0.017400008 0.0 0.0 0.040768035 0.003914825 0.0034303819 0.0 0.0 0.0578708 0.055570673 0.024271661 0.04489828 0.0 0.0017588129 0.008643443 0.0 0.0 0.0 0.036815964 0.0 0.020770717 0.0148921115
0.06382195 0.0 0.0 0.027981078 0.0 0.0 0.030979767 0.017756848 0.0 0.0 0.016277583 0.0 0.047508527 0.04879879 0.0 0.010715627 0.0012848784 0.0 0.0 0.0 0.0 0.036855888 0.0 0.0 0.010334382 0.05690046 0.0008038537 0.029535882 0.025011726 0.0 0.0 0.029773518 0.0 0.0 0.0021697278 0.0442887 0.04439874 0.0 0.0 0.03444052 0.0229297 0.021133123 0.0 0.040130824 0.005248494 0.0 0.0 0.07392691 0.0 0.076878995 0.018752266 0.036815964 0.0 0.050869554 0.0 0.05742219
0.030268336 0.050459195 0.0 0.038195692 0.0 0.07624768 0.0 0.0 0.0 0.0 0.0 0.0 0.027900925 0.005928475 0.011657028 0.0 0.0 0.0 0.041590273 0.005723032 0.0030925986 0.0006181381 0.0 0.0 0.0 0.0 0.0 0.0 0.0 0.033784814 0.01842901 0.01879107 0.04623141 0.0 0.037492357 0.029135955 0.0 0.0 0.0 0.0060718167 0.029491063 0.02776041 0.051592752 0.0033455936 0.029610066 0.048648838 0.017053243 0.03927622 0.056596536 0.0 0.0 0.0 0.050869554 0.06709546 0.008594093 0.029022627
0.007998887 0.0 0.06813868 0.0069067925 0.0 0.008224904 0.0075542396 0.0055019488 0.023633292 0.0067065363 0.0 0.008202522 0.010939442 0.04569279 0.05661481 0.048864804 0.0 0.047469564 0.0 0.0 0.06607086 0.028093942 0.014937448 0.040526643 0.0 0.0 0.0082832 0.038619958 0.0 0.07241234 0.0 0.0 0.086274825 0.10574824 0.0 0.0 0.012079217 0.0015637898 0.0 0.0 0.03944889 0.0 0.03038183 0.0 0.030453313 0.0 0.0 0.0 0.0057572178 0.0071110725 0.0 0.02077072 0.0 0.008594093 0.0644369 0.023678312
0.0 0.027243085 0.029415488 0.060484104 0.021780211 0.04554616 0.0 0.016218456 0.06222982 0.0 0.04661374 0.100231044 0.0 0.0 0.012206919 0.018935177 0.015127046 0.0 0.0 0.0 0.053325858 0.0 0.0 0.0 0.028190503 0.0 0.0 0.0 0.004875457 0.03277798 0.0 0.006407216 0.06977042 0.0 0.0 0.042256832 0.011034454 0.016640892 0.010911852 0.0 0.0 0.086497776 0.04035601 0.028820213 0.04541364 0.025978087 0.048769414 0.0 0.0007737085 0.022049077 0.0051492164 0.0148921115 0.05742219 0.029022628 0.023678312 0.018647224
