0.0835651 0.006247653 0.0063619157 0.0 0.015375318 0.0 0.0 0.056040943 0.0 0.0 0.0 0.0 0.0 0.07845914 0.028644385 0.024380825 0.0 0.00014865909 0.0013840606 0.0 0.0037327912 0.009178236 0.04792164 0.029004138 0.02890804 0.020039035 0.0062295124 0.015097092 0.0 0.028677868 0.0017904873 0.036885493 0.008333276 0.018748246 0.12885195 0.02567944 0.035036854 0.06743189 0.021412687 0.0 0.0 0.012324442 0.017049115 0.069681756 0.04684058 0.023086527 0.0 0.0 0.0 0.0 0.063698165 0.063504145 0.0 0.007186823 0.052881427 0.0
0.006247653 0.024102328 0.003466443 0.0 0.0 0.11649291 0.0 0.0 0.0 0.0 0.0 0.015908457 0.013134991 0.0033888025 0.0009242583 0.025718136 0.025946736 0.0 0.0 0.023844458 0.005048079 0.079830535 0.00013306606 0.0 0.01895339 0.0 0.102840826 0.022040436 0.0 0.02443942 0.045509428 0.00692593 0.0 0.0 0.0 0.006219886 0.0 0.0 0.0 0.05904162 0.03776127 0.0 0.028331652 0.0 0.0 0.0 0.0 0.014817303 0.010319915 0.062071923 0.021066215 0.0 0.04358407 0.025494063 0.014709155 0.008384452
0.0063619157 0.003466443 0.017908528 0.0 0.0 0.009511085 0.03805209 0.0 0.019782716 0.051048957 0.011028633 0.027378963 0.060884956 0.0027752924 0.0 0.0 0.011870214 0.0009968838 0.0 0.0 0.025103891 0.022840697 0.008793898 0.030774511 0.02208907 0.04653138 0.009681933 0.017860154 0.009820849 0.0 0.010353449 0.0 0.030643847 0.02118532 0.00864211 0.0 0.0 0.0 0.007695095 0.013549852 0.025432328 0.038449682 0.0 0.0394133 0.008314574 0.0 0.016675193 0.0 0.057877846 0.051463727 0.0 0.0 0.0 0.11714636 0.027574522 0.11848467
0.0 0.0 0.0 0.0 0.0 0.023047585 0.0 0.0 0.011452955 0.03840915 0.016834265 0.0 0.0470607 0.0 0.0 0.0 0.1318945 0.07115616 0.0 0.0 0.0022097053 0.02414392 0.0 0.019698896 0.0 0.0 0.02798244 0.0 0.108389996 0.0 0.0063881036 0.0 0.0 0.0 0.0 0.0 0.0 0.008053928 0.0 0.043129 0.0072485204 0.0 0.0 0.0 0.04445694 0.041468937 0.055475153 0.0 0.026508588 0.0 0.0 0.0 0.0 0.04344088 0.0 0.0032719986
0.015375318 0.0 0.0 0.0 0.0 0.0 0.0 0.0 0.0 0.0014797404 0.07259823 0.0 0.088190265 0.014541848 0.0 0.04978784 0.03798987 0.08353319 0.00063347694 0.0009573204 0.020269416 0.015329022 0.036572203 0.0 0.0 0.0 0.083993025 0.0052180756 0.015597143 0.06944166 0.0 0.020180339 0.0 0.0 0.0 0.0 0.0 0.0 0.0 0.025741648 0.00057086215 0.0 0.038866695 0.0 0.0 0.029842261 0.08289556 0.0 0.049534988 0.0 0.010614533 0.0 0.06545298 0.01072984 0.0 0.0
0.0 0.11649291 0.009511086 0.023047585 0.0 0.053041544 0.030032096 0.0 0.050728083 0.0 0.0 0.032807756 0.012290125 0.0 0.0 0.0 0.021109346 0.094224975 0.0 0.057113156 0.03418893 0.02294999 0.0021076484 0.0015557178 0.005525728 0.0 0.0 0.0 0.015350078 0.046027254 0.041859914 0.037812255 0.046184845 0.013396493 0.0 0.0 0.0 0.04344734 0.0 0.032375515 0.0 0.007822511 0.0 0.0 0.013978682 0.0 0.04906703 0.0019395063 0.053229034 0.0 0.0 0.0 0.0 0.0 0.0 0.0
0.0 0.0 0.03805209 0.0 0.0 0.030032098 0.0 0.0 7.780117e-09 0.0 0.0 0.0 0.014221414 0.04616164 0.0 0.0 0.011928538 0.035104632 0.0 0.015012006 0.019932877 0.008598962 0.021072984 0.019367997 0.0 0.0 0.0055172704 0.08982783 0.095897056 0.07256948 0.00071853324 0.00866038 0.0 0.06988373 0.05049366 0.0 0.0 0.0 0.0 0.004176441 0.0069360426 0.006959253 0.0 0.0025343024 0.015675815 0.0 0.004311058 0.0 0.0 0.022697685 0.0 0.021229312 0.0 0.01692544 0.08593348 0.08970948
0.056040946 0.0 0.0 0.0 0.0 0.0 0.0 0.118350275 0.0 0.051726542 0.0 0.0 0.0 0.02534786 0.004401891 0.0 0.0 0.0 0.006163888 0.0 0.020107929 0.0 0.051069405 0.07660873 0.0009181815 0.02147799 0.0 0.0 0.07190676 0.0 0.0 0.0 0.0 0.0 0.07290604 0.0038698402 0.067275904 0.0 0.0586029 0.0032835123 0.0126678785 0.0337364 0.0 0.027939627 0.089962065 0.012941031 0.0 0.059913706 0.0 0.0 0.08346289 0.026518676 0.0 0.0 0.026500106 0.015369139
0.0 0.0 0.019782716 0.011452954 0.0 0.050728083 7.780117e-09 0.0 0.042370968 0.011107195 0.036538284 0.004225631 0.01550715 0.011437975 0.024805479 0.07462274 0.07060992 0.0 0.0 0.0 0.0 0.0808749 0.010112015 0.049463414 0.0 0.0 0.053233173 0.0 0.10028465 0.03138119 0.004931263 0.0 0.0 0.030597419 0.0 0.0 0.0 0.016886044 0.006519952 0.0 0.047548197 0.0 0.027760526 0.0 0.0 0.0 0.07614678 0.042187605 0.048758112 0.034661923 0.008154687 0.0 0.03027236 0.0037893346 0.0 0.0
0.0 0.0 0.051048953 0.03840915 0.0014797403 0.0 0.0 0.051726542 0.011107195 0.0 0.0 0.0 0.07681923 0.0066000554 0.022342388 0.0 0.0 0.0 0.010735869 0.011010472 0.0 0.0 0.095081344 0.0 0.0 0.0 0.0 0.0 0.014067946 0.018155158 0.0 0.015515505 0.027656294 0.0239616 0.0 0.0485155 0.0 0.08842526 0.0025398172 0.0042581884 0.024399599 0.013469724 0.04701349 0.015892114 0.0 0.06745925 0.006229803 0.007948894 0.0 0.0 0.078189835 0.0473439 0.01569779 0.0 0.014823441 0.0
0.0 0.0 0.011028633 0.016834266 0.07259823 0.0 0.0 0.0 0.036538288 0.0 0.032421608 0.045125224 0.005242836 0.0 0.017669985 0.05992909 0.0030686113 0.026426496 0.0009164693 0.0 0.033979945 0.0 0.0 0.0015959291 0.007215588 0.0 0.0025707236 0.0 0.01215089 0.12084758 0.05998666 0.048413653 0.0 0.0 0.0 0.018047435 0.0 0.009723073 0.0 0.0 0.0 0.014416262 0.093279645 0.0 0.0 0.10578573 0.024035197 0.0 0.06019195 0.0 0.0 0.0 0.076944254 0.0 0.0 0.0
0.0 0.015908457 0.027378963 0.0 0.0 0.032807756 0.0 0.0 0.004225631 0.0 0.045125224 0.0 0.036625635 0.052238837 0.0035669701 0.0 0.0 0.0018275409 0.0 0.013335386 0.0 0.0 0.0 0.0 0.012303772 0.03862188 0.0098351855 0.018710678 0.0 0.0421926 0.0 0.009567711 0.0 0.006449106 0.010018909 0.0 0.0 0.0 0.0 0.030953467 0.12514663 0.027915545 0.0 0.021344393 0.0 0.0014398644 0.007538152 0.042574916 0.042952858 0.0 0.0 0.011961136 0.019722253 0.0 0.0018150319 0.02994525
0.0 0.01313499 0.06088495 0.0470607 0.088190265 0.012290125 0.014221413 0.0 0.01550715 0.07681923 0.005242836 0.036625635 0.0 0.0 0.019185498 0.022976018 0.0 0.03445567 0.07632117 0.057254646 0.04819824 0.020828301 0.0 0.0 0.0 0.0 0.029850956 0.0 0.0 0.038835827 0.013093033 0.07186779 0.043679893 0.0 0.013481985 0.0 0.0 0.08612759 0.0 0.0 0.0 0.025359323 0.0 0.0 0.0 0.0 0.063207485 0.0 0.037904866 0.016661717 0.00094765663 0.014156644 0.0 0.0 0.0 0.0
0.078459136 0.0033888025 0.0027752926 0.0 0.014541849 0.0 0.04616164 0.02534786 0.011437975 0.0066000554 0.0 0.052238837 0.0 0.0029143244 0.024584454 0.0 0.010230198 0.015073765 0.022056524 0.046473116 0.01728865 0.008841397 0.048473846 0.0034168002 0.014420518 0.06755365 0.0 0.025489448 0.030464012 0.0 0.0 0.0 0.09051659 0.012519828 0.0066499803 0.0103156995 0.0547586 0.031153476 0.07590093 0.0 0.001136686 0.0 0.0 0.0 0.06351111 0.0 0.008279562 0.0 0.0 0.019163053 0.023583224 0.016305054 0.005927308 0.0 0.017382264 0.03927629
0.028644387 0.0009242583 0.0 0.0 0.0 0.0 0.0 0.004401891 0.024805477 0.022342388 0.017669983 0.0035669701 0.019185496 0.024584455 0.0 0.0 0.0 0.0 0.0 0.0 0.0 0.0015352517 0.052948706 0.104037136 0.0 0.0 0.019705012 0.077097476 0.035137303 0.0 0.0 0.0 0.0 0.0 0.042780444 0.0 0.0701713 0.0 0.007106996 0.0029169184 0.018367486 0.0 0.0 0.0 0.0 0.009848372 0.0 0.0008716632 0.0 0.0 0.0 0.101298705 0.04046336 0.040999174 0.006608354 0.05638926
0.024380825 0.025718134 0.0 0.0 0.04978784 0.0 0.0 0.0 0.07462274 0.0 0.059929084 0.0 0.022976018 0.0 0.0 0.013394246 0.0 0.044114403 0.020524649 0.011369199 0.0 0.0 0.055926017 0.10343482 0.0 0.02382667 0.02969778 0.038246814 0.0 0.0 0.004995439 0.0027013535 0.022266112 0.013112261 0.0 0.029210526 0.008395541 0.0 0.0 0.019663386 0.009976639 0.0 0.0 0.008579123 0.0024818764 0.0030885593 0.016198175 0.018639714 0.0 0.008960395 0.033246122 0.096977994 0.0 0.0 0.0 0.025687855
0.0 0.025946736 0.011870213 0.1318945 0.037989866 0.021109346 0.011928538 0.0 0.07060993 0.0 0.0030686113 0.0 0.0 0.010230197 0.0 0.0 0.0 0.03848954 0.0268273 0.124678575 0.101013884 0.0052510584 0.0068700463 0.021987448 0.030298015 0.012613901 0.04881666 0.0024666756 0.009377538 0.0 0.09250678 0.040822383 0.021657186 0.019954668 0.0 0.0 0.01235865 0.01813379 0.0 0.0 0.015129541 0.020201366 0.01104147 0.0 0.004288902 0.0112012895 0.0 0.013459149 0.020408852 0.0 0.012295853 0.0 0.0011500379 0.06470898 0.031543218 0.0
0.00014865909 0.0 0.0009968838 0.07115617 0.0835332 0.09422498 0.035104632 0.0 0.0 0.0 0.026426496 0.001827541 0.03445567 0.015073766 0.0 0.044114403 0.03848954 0.0 0.0 0.0 0.025571417 0.0484599 0.0 0.007179342 0.0 0.031720653 0.043273725 0.0 0.0 0.03144097 0.0 0.09905952 0.008121493 0.0 0.0 0.0 0.0 0.055276006 0.0 0.0 0.0083088735 0.006795617 0.019383015 0.0058797803 0.0 0.0 0.0 0.00566622 0.054625124 0.0015469597 0.0 0.0 0.09905665 0.04038969 0.0 0.0
0.0013840605 0.0 0.0 0.0 0.00063347694 0.0 0.0 0.006163888 0.0 0.010735869 0.0009164693 0.0 0.07632117 0.022056526 0.0 0.020524647 0.026827298 0.0 0.0 0.0055879997 0.0 0.02662311 0.0 0.004177065 0.0 0.0 0.0 0.096013926 0.04968949 0.0 0.0 0.0 0.0 0.020405145 0.0 0.026392046 0.030788444 0.0 0.00013418445 0.055244494 0.02815159 0.0 0.0071072597 0.0 0.008991936 0.015755719 0.013036515 0.0 6.976286e-05 0.10632379 0.0 0.014033831 0.033733666 0.10100447 0.0 0.16399877
0.0 0.023844458 0.0 0.0 0.0009573204 0.057113152 0.015012007 0.0 0.0 0.011010471 0.0 0.013335385 0.057254646 0.046473116 0.0 0.011369199 0.12467858 0.0 0.0055879997 0.0 0.05391807 0.1300731 0.0 0.009687604 0.0 0.009248113 0.007700274 0.0 0.04438655 0.0 0.0 0.0 0.0 0.0 0.0 0.0 0.0 0.0 0.0 0.1082242 0.045906153 0.038908154 0.0036273964 0.0 0.0 0.0 0.0 0.0 0.0 0.018305788 0.0 0.0 0.061806746 0.036139406 0.024049537 0.0
0.0037327912 0.0050480785 0.025103891 0.002209705 0.020269416 0.03418893 0.01993288 0.020107927 0.0 0.0 0.03397994 0.0 0.04819824 0.01728865 0.0 0.0 0.101013884 0.025571417 0.0 0.05391807 0.0 0.031617794 0.008468944 0.006050692 0.0 0.0059518144 0.0065434026 0.0 0.04282453 0.014661977 0.006635635 0.012523079 0.026074316 0.0017877251 0.0 0.002807802 0.0 0.0 0.0 0.052692857 0.023303939 0.033860177 0.0 0.019176895 0.02499206 0.0 0.13532355 0.0 0.022645894 0.0 0.0 0.0 0.059474405 0.06431371 0.0 0.0
0.009178235 0.079830535 0.022840697 0.02414392 0.015329022 0.022949992 0.008598962 0.0 0.0808749 0.0 0.0 0.0 0.020828301 0.008841397 0.0015352517 0.0 0.0052510584 0.0484599 0.02662311 0.1300731 0.031617794 0.0 0.0 0.0 0.0 0.0 0.008126357 0.029830515 6.5405934e-09 0.024068417 0.051662058 0.112347685 0.0 0.0 0.027747177 0.0 0.025396049 0.0006230718 0.0 0.0 0.0 0.002431065 0.0 0.0063864915 0.030053604 0.0 0.0 0.040642336 0.056582138 0.0 0.0 0.0 0.0 0.02176616 0.04330999 0.0
0.04792164 0.00013306607 0.008793897 0.0 0.036572207 0.0021076484 0.021072984 0.05106941 0.010112015 0.09508135 0.0 0.0 0.0 0.048473846 0.052948706 0.055926017 0.0068700467 0.0 0.0 0.0 0.008468945 0.0 0.0 0.0 0.0 0.0 0.015736002 0.030972239 0.0149863465 0.0 0.0 0.0013361038 0.048959363 0.0 0.0 0.07865372 0.07487282 0.034995068 0.02496115 0.042262033 0.030462887 0.022489434 0.020241085 0.0 0.026689505 0.011719333 0.0 0.049764693 0.0 0.017125206 0.014779874 0.021688841 0.0 0.0108232135 0.00798869 0.024232404
0.02900414 0.0 0.030774511 0.019698896 0.0 0.0015557178 0.019367997 0.07660873 0.049463414 0.0 0.0015959291 0.0 0.0 0.0034168002 0.10403714 0.10343482 0.021987448 0.0071793427 0.004177065 0.009687604 0.006050692 0.0 0.0 0.007967237 0.0 7.898655e-05 0.046026256 0.0 0.024003435 0.0 0.0 0.03723563 0.0 0.009848901 0.016876811 0.0138922315 0.016320271 0.08958716 0.0113287 0.0 0.0 0.018798659 0.110250495 0.040189564 0.011683055 0.022196062 0.009793883 0.015156066 0.0 0.014518907 0.014580336 0.0 0.0 0.0 0.04576085 0.0
0.028908039 0.01895339 0.022089068 0.0 0.0 0.005525728 0.0 0.00091818144 0.0 0.0 0.007215588 0.012303771 0.0 0.014420517 0.0 0.0 0.030298015 0.0 0.0 0.0 0.0 0.0 0.0 0.0 0.0 0.0016657223 0.041000642 0.051322706 0.042314008 0.052978456 0.0 0.0030578463 0.0 0.0057811956 0.0 0.020602737 0.02476622 0.0 0.0 0.019671297 0.10166858 0.027913393 0.0 0.05678946 0.008853476 0.0 0.0 0.040727507 0.0 0.10725654 0.0 0.023517082 0.03542353 0.07336596 0.0049584624 0.042621776
0.020039035 0.0 0.04653138 0.0 0.0 0.0 0.0 0.021477992 0.0 0.0 0.0 0.038621884 0.0 0.06755365 0.0 0.02382667 0.012613901 0.031720653 0.0 0.009248113 0.0059518144 0.0 0.0 7.898655e-05 0.0016657223 0.079056814 0.0 0.0024283528 0.0 0.0 0.0 0.0 0.0036601482 0.022043 0.0845681 0.06967043 0.007329739 0.0 0.0 0.0 0.0 0.011764862 0.037425365 0.019139713 0.0890986 0.015446476 0.0 0.0 0.0 0.057381906 0.0140022095 0.026072567 0.0 0.0 0.036068995 0.0
0.006229513 0.102840826 0.009681932 0.027982442 0.083993025 0.0 0.00551727 0.0 0.053233173 0.0 0.0025707236 0.0098351855 0.029850958 0.0 0.019705014 0.029697778 0.04881666 0.043273725 0.0 0.007700274 0.006543403 0.008126358 0.015736004 0.046026256 0.041000642 0.0 0.013124944 0.0 0.0 0.0 0.0 0.0 0.07108812 0.021234885 0.0 0.052097816 0.0 0.013212444 0.0 0.05615695 0.0 0.0 0.035210785 0.0 0.0 0.07239143 0.062319383 0.03877261 0.022194516 0.0 0.0109497085 0.0 0.055339534 0.0 0.0 0.0
0.015097093 0.022040434 0.017860154 0.0 0.0052180756 0.0 0.08982783 0.0 0.0 0.0 0.0 0.018710677 0.0 0.025489448 0.077097476 0.038246814 0.0024666756 0.0 0.09601393 0.0 0.0 0.029830517 0.030972237 0.0 0.051322706 0.002428353 0.0 0.0 0.026898168 0.0 0.0 0.0 0.023799226 0.05273063 0.024544518 0.020088257 0.0 0.012486347 0.04756049 0.0 0.0 0.16126238 0.01169753 0.02537532 0.014336471 0.009677077 0.0 0.0 0.0 0.036294658 0.08207635 0.0 0.012294864 0.0 0.011343935 0.015417707
0.0 0.0 0.009820849 0.108389996 0.015597142 0.015350079 0.095897056 0.07190676 0.10028465 0.014067945 0.01215089 0.0 0.0 0.03046401 0.0351373 0.0 0.009377538 0.0 0.04968949 0.04438655 0.04282453 6.5405934e-09 0.0149863465 0.024003437 0.04231401 0.0 0.0 0.026898168 0.0 0.00411218 0.04058254 0.018682323 0.033466864 0.0 0.0 0.0016361155 0.008908891 0.013433089 0.010377997 0.0 0.0 0.035567585 0.0 0.019636003 0.0 0.0015953562 0.0073316228 0.0 0.02292373 0.0 0.032895505 0.0 0.0 0.0 0.0 0.0
0.02867787 0.02443942 0.0 0.0 0.06944166 0.046027254 0.07256948 0.0 0.03138119 0.018155158 0.120847575 0.042192604 0.038835827 0.0 0.0 0.0 0.0 0.03144097 0.0 0.0 0.014661976 0.024068417 0.0 0.0 0.052978456 0.0 0.0 0.0 0.0041121794 0.01876428 0.06362336 0.01624715 0.0 0.021369794 0.0 0.040922068 0.0 0.016736383 0.0 0.0 0.0 0.01074327 0.0 0.0 0.021541657 8.460215e-07 0.0063459394 0.0018485201 0.09665748 0.0 0.0 0.0 0.033773884 0.02386271 0.0018133238 0.0
0.0017904873 0.045509428 0.010353448 0.006388104 0.0 0.041859914 0.0007185333 0.0 0.0049312627 0.0 0.05998666 0.0 0.013093033 0.0 0.0 0.0049954387 0.09250678 0.0 0.0 0.0 0.006635635 0.051662058 0.0 0.0 0.0 0.0 0.0 0.0 0.04058254 0.06362336 0.034829214 0.0032812916 0.013172607 0.0061196005 0.0 0.00293094 0.0 0.0 0.025398687 0.047054663 0.0018967268 0.0 0.067027695 0.035210073 0.0 0.0 0.026894636 0.0 0.046328958 0.067366205 0.013633127 0.0 0.0 0.015387318 0.0 0.0
0.036885493 0.00692593 0.0 0.0 0.020180339 0.03781225 0.008660379 0.0 0.0 0.015515505 0.048413653 0.00956771 0.07186779 0.0 0.0 0.0027013535 0.040822383 0.09905952 0.0 0.0 0.01252308 0.11234769 0.0013361038 0.03723563 0.0030578463 0.0 0.0 0.0 0.018682323 0.016247148 0.0032812916 0.02873939 0.0 0.0 0.022257445 0.009215478 0.0 0.008522619 0.0046672034 0.0010688746 0.02679354 0.0 0.016835772 0.0 0.0 0.0 0.022426078 0.033285107 0.02841892 0.0 0.0 0.017233584 0.0534476 0.0 0.0 0.0
0.008333276 0.0 0.030643847 0.0 0.0 0.046184845 0.0 0.0 0.0 0.027656294 0.0 0.0 0.043679893 0.09051659 0.0 0.022266114 0.021657186 0.008121493 0.0 0.0 0.026074316 0.0 0.048959367 0.0 0.0 0.0036601482 0.07108813 0.023799228 0.033466864 0.0 0.013172607 0.0 0.0 0.0 0.0 0.0 0.014701356 0.016199296 0.0389449 0.10264681 0.0542169 0.0 0.014751315 0.024407892 0.0 0.013477233 0.0 0.01305169 0.0 0.028965041 0.0 0.0 0.0 0.053314906 0.012124978 0.015745478
0.018748246 0.0 0.02118532 0.0 0.0 0.013396493 0.06988373 0.0 0.03059742 0.0239616 0.0 0.0064491057 0.0 0.012519828 0.0 0.013112262 0.019954668 0.0 0.020405145 0.0 0.0017877253 0.0 0.0 0.009848901 0.0057811956 0.022043 0.021234885 0.052730627 0.0 0.021369796 0.0061196005 0.0 0.0 0.049825143 0.0 0.019231986 0.0 0.0049263407 0.0055797775 0.014394783 0.036771245 0.03392041 0.0 0.028125364 0.0 0.0 0.011582177 0.0020982926 0.0075873877 0.11186958 0.033347286 0.0464328 0.0 0.027733974 0.074534476 0.07928103
0.12885195 0.0 0.008642111 0.0 0.0 0.0 0.05049366 0.07290604 0.0 0.0 0.0 0.010018908 0.013481986 0.0066499803 0.04278044 0.0 0.0 0.0 0.0 0.0 0.0 0.027747177 0.0 0.016876813 0.0 0.084568106 0.0 0.024544517 0.0 0.0 0.0 0.022257445 0.0 0.0 0.084201664 0.03230443 0.03631273 0.0 0.041650075 0.0 0.009576136 0.0 0.013246014 0.026235122 0.10421766 0.08905027 0.0 0.0 0.0 0.0073798834 0.05844606 0.043400757 0.0 0.0 0.02552223 0.016138475
0.02567944 0.0062198862 0.0 0.0 0.0 0.0 0.0 0.00386984 0.0 0.0485155 0.018047435 0.0 0.0 0.010315699 0.0 0.029210526 0.0 0.0 0.026392044 0.0 0.002807802 0.0 0.07865372 0.013892232 0.020602737 0.06967043 0.052097816 0.020088257 0.0016361155 0.040922068 0.0029309397 0.009215478 0.0 0.019231984 0.03230443 0.040411852 0.030157166 0.010245865 0.0 0.07797706 0.035795964 0.033358283 0.0020964288 0.0 0.00890734 0.0031834096 0.0109250145 0.035340313 0.0 0.020295195 0.035971623 0.03934205 0.0 0.0038277917 0.08576693 0.0
0.035036854 0.0 0.0 0.0 0.0 0.0 0.0 0.067275904 0.0 0.0 0.0 0.0 0.0 0.0547586 0.0701713 0.008395541 0.01235865 0.0 0.030788446 0.0 0.0 0.025396047 0.07487283 0.016320271 0.02476622 0.007329739 0.0 0.0 0.00890889 0.0 0.0 0.0 0.014701355 0.0 0.036312733 0.030157166 0.035355024 0.011993783 0.0029811498 0.057056084 0.0 0.0 0.115247935 0.03168132 0.092628226 0.0023416018 0.0 0.034469888 0.0 0.015657824 0.053497296 0.051236663 0.0009928558 0.0 0.0 0.0
0.06743189 0.0 0.0 0.008053929 0.0 0.04344734 0.0 0.0 0.016886044 0.08842526 0.009723073 0.0 0.08612759 0.031153474 0.0 0.0 0.01813379 0.055276006 0.0 0.0 0.0 0.0006230718 0.03499507 0.08958716 0.0 0.0 0.013212444 0.012486347 0.013433089 0.016736383 0.0 0.008522619 0.016199296 0.0049263407 0.0 0.010245864 0.011993783 0.0 0.0 0.0 0.010914883 0.0 0.0006295553 0.0027492177 0.0 0.0 0.014283948 0.011868654 0.009313907 0.0 0.009090315 0.09865222 0.013560275 0.0 0.05025544 0.040046155
0.021412687 0.0 0.0076950947 0.0 0.0 0.0 0.0 0.0586029 0.006519952 0.0025398172 0.0 0.0 0.0 0.07590093 0.007106996 0.0 0.0 0.0 0.00013418445 0.0 0.0 0.0 0.024961147 0.011328701 0.0 0.0 0.0 0.04756049 0.010377997 0.0 0.025398685 0.004667204 0.0389449 0.005579778 0.041650075 0.0 0.0029811498 0.0 0.0026109861 0.08574763 0.110923745 0.004284144 0.0042611067 0.029933568 0.020286836 0.0 0.0 0.023762517 0.0 0.034449752 0.041393667 0.007865029 0.0 0.022075502 0.044306736 0.08755671
0.0 0.05904161 0.013549852 0.043129005 0.025741646 0.032375515 0.0041764406 0.0032835123 0.0 0.0042581884 0.0 0.030953465 0.0 0.0 0.0029169184 0.019663386 0.0 0.0 0.055244498 0.108224206 0.05269286 0.0 0.042262033 0.0 0.019671299 0.0 0.056156952 0.0 0.0 0.0 0.047054663 0.0010688746 0.10264681 0.014394783 0.0 0.07797706 0.057056084 0.0 0.08574763 0.0 0.002096435 0.0 0.0 0.0 0.03443644 0.0 0.0 0.015118149 0.0 0.0 0.018839465 0.0 0.0 0.0 0.021606471 0.0
0.0 0.03776127 0.025432328 0.0072485204 0.00057086215 0.0 0.0069360426 0.012667879 0.047548197 0.024399599 0.0 0.12514663 0.0 0.0011366861 0.018367486 0.009976639 0.015129541 0.0083088735 0.028151589 0.045906153 0.023303939 0.0 0.030462885 0.0 0.101668574 0.0 0.0 0.0 0.0 0.0 0.0018967267 0.02679354 0.0542169 0.036771245 0.009576136 0.035795964 0.0 0.010914884 0.11092375 0.0020964348 0.0 0.0015423212 0.0012311604 0.053447284 0.036620624 0.02228485 0.0 0.0 0.0 0.035029482 0.019031761 0.0 0.0322723 0.0 0.0028329147 0.0
0.012324442 0.0 0.038449682 0.0 0.0 0.007822511 0.006959253 0.0337364 0.0 0.013469724 0.0144162625 0.027915545 0.025359321 0.0 0.0 0.0 0.020201366 0.006795617 0.0 0.03890815 0.03386018 0.0024310648 0.022489436 0.018798659 0.027913393 0.011764861 0.0 0.1612624 0.035567585 0.01074327 0.0 0.0 0.0 0.03392041 0.0 0.033358283 0.0 0.0 0.004284144 0.0 0.0015423212 0.0 0.001954148 0.022552794 0.00036432946 0.014959447 0.0552849 0.038419362 0.06880315 0.0043082726 0.0015449887 0.0 0.043770548 0.0026246428 0.0 0.0
0.017049115 0.028331654 0.0 0.0 0.038866695 0.0 0.0 0.0 0.027760528 0.04701349 0.093279645 0.0 0.0 0.0 0.0 0.0 0.01104147 0.019383013 0.00710726 0.0036273967 0.0 0.0 0.020241084 0.110250495 0.0 0.037425365 0.035210785 0.01169753 0.0 0.0 0.067027695 0.016835772 0.014751316 0.0 0.013246013 0.0020964288 0.11524794 0.0006295553 0.0042611067 0.0 0.0012311605 0.0019541483 0.0 0.0 0.0 0.0 0.032873258 0.06001249 0.017140038 0.0 0.0 0.022480153 0.0 0.01091261 0.08154131 0.0151883485
0.069681756 0.0 0.0394133 0.0 0.0 0.0 0.0025343024 0.027939629 0.0 0.015892113 0.0 0.021344393 0.0 0.0 0.0 0.008579123 0.0 0.0058797803 0.0 0.0 0.019176897 0.0063864915 0.0 0.040189564 0.05678946 0.019139713 0.0 0.02537532 0.019636003 0.0 0.03521007 0.0 0.024407892 0.028125364 0.02623512 0.0 0.03168132 0.0027492177 0.029933568 0.0 0.05344728 0.022552794 0.0 0.0083293365 0.056284226 0.028301578 0.0 0.0 0.0 0.009268668 0.0 0.037494116 0.0003181254 0.08102006 0.012090276 0.09232917
0.046840582 0.0 0.008314574 0.04445694 0.0 0.013978682 0.015675813 0.089962065 0.0 0.0 0.0 0.0 0.0 0.06351111 0.0 0.0024818764 0.004288902 0.0 0.008991936 0.0 0.02499206 0.030053606 0.026689505 0.011683055 0.008853476 0.0890986 0.0 0.014336471 0.0 0.021541657 0.0 0.0 0.0 0.0 0.10421766 0.00890734 0.092628226 0.0 0.020286836 0.034436442 0.036620624 0.00036432946 0.0 0.056284226 0.0 0.004573752 0.0 0.0 0.0 0.0 0.0073092747 0.021022428 0.019539924 0.0 0.0 0.03682454
0.023086527 0.0 0.0 0.04146894 0.02984226 0.0 0.0 0.012941032 0.0 0.06745925 0.10578573 0.0014398645 0.0 0.0 0.009848373 0.0030885593 0.0112012895 0.0 0.01575572 0.0 0.0 0.0 0.011719333 0.022196062 0.0 0.015446476 0.07239143 0.009677077 0.0015953563 8.460216e-07 0.0 0.0 0.013477233 0.0 0.08905027 0.0031834096 0.0023416018 0.0 0.0 0.0 0.02228485 0.014959448 0.0 0.02830158 0.004573752 0.0 0.016229965 0.009399175 0.0008149001 0.0067236284 0.016659886 0.034184165 0.0 0.012060396 0.07217072 0.017060244
0.0 0.0 0.016675191 0.055475153 0.08289556 0.049067028 0.004311058 0.0 0.07614678 0.006229803 0.024035197 0.007538152 0.063207485 0.008279562 0.0 0.016198175 0.0 0.0 0.013036515 0.0 0.13532355 0.0 0.0 0.009793883 0.0 0.0 0.06231938 0.0 0.007331623 0.0063459394 0.026894638 0.022426078 0.0 0.011582178 0.0 0.0109250145 0.0 0.014283947 0.0 0.0 0.0 0.0552849 0.032873258 0.0 0.0 0.016229965 0.0 0.0 0.093293816 0.006338908 0.0 0.0 0.0 0.0015595829 0.026252393 0.0
0.0 0.014817304 0.0 0.0 0.0 0.0019395062 0.0 0.05991371 0.042187605 0.007948894 0.0 0.042574916 0.0 0.0 0.0008716633 0.018639712 0.01345915 0.00566622 0.0 0.0 0.0 0.040642336 0.049764693 0.015156066 0.040727507 0.0 0.038772613 0.0 0.0 0.0018485201 0.0 0.033285107 0.013051689 0.0020982926 0.0 0.03534031 0.03446989 0.011868654 0.023762515 0.015118149 0.0 0.038419362 0.06001249 0.0 0.0 0.009399176 0.0 0.0 0.0 0.02121723 0.049191922 0.052451584 0.0 0.0068812766 0.0 0.02575106
0.0 0.010319914 0.057877846 0.026508588 0.049534984 0.053229034 0.0 0.0 0.048758112 0.0 0.060191955 0.042952854 0.037904866 0.0 0.0 0.0 0.020408852 0.054625124 6.976286e-05 0.0 0.022645894 0.056582134 0.0 0.0 0.0 0.0 0.022194516 0.0 0.02292373 0.09665748 0.046328958 0.028418921 0.0 0.007587387 0.0 0.0 0.0 0.009313907 0.0 0.0 0.0 0.068803154 0.017140038 0.0 0.0 0.0008149001 0.093293816 0.0 0.03271 0.023710458 0.0 0.0 0.048794143 0.0 0.0 0.0
0.0 0.062071923 0.051463727 0.0 0.0 0.0 0.022697685 0.0 0.034661923 0.0 0.0 0.0 0.016661717 0.019163052 0.0 0.008960394 0.0 0.0015469597 0.10632379 0.018305788 0.0 0.0 0.017125206 0.014518905 0.10725654 0.057381906 0.0 0.03629466 0.0 0.0 0.067366205 0.0 0.028965041 0.11186958 0.0073798834 0.020295195 0.015657824 0.0 0.034449752 0.0 0.035029482 0.0043082726 0.0 0.009268668 0.0 0.0067236284 0.0063389074 0.021217233 0.023710456 0.0 0.015233145 0.0024228962 0.0 0.028928122 0.027787954 0.0
0.06369816 0.021066215 0.0 0.0 0.010614533 0.0 0.0 0.08346289 0.008154687 0.07818983 0.0 0.0 0.0009476566 0.023583226 0.0 0.033246122 0.012295853 0.0 0.0 0.0 0.0 0.0 0.014779873 0.0145803355 0.0 0.0140022095 0.0109497085 0.08207635 0.032895505 0.0 0.013633127 0.0 0.0 0.033347286 0.058446057 0.03597162 0.053497292 0.009090316 0.041393667 0.018839465 0.019031761 0.0015449886 0.0 0.0 0.007309275 0.016659884 0.0 0.049191922 0.0 0.015233145 0.05519966 0.12198121 0.0 0.0 0.038809676 0.03042421
0.06350415 0.0 0.0 0.0 0.0 0.0 0.021229314 0.026518675 0.0 0.0473439 0.0 0.011961135 0.014156644 0.016305054 0.101298705 0.096977994 0.0 0.0 0.014033831 0.0 0.0 0.0 0.021688841 0.0 0.023517082 0.02607257 0.0 0.0 0.0 0.0 0.0 0.017233584 0.0 0.0464328 0.043400757 0.039342053 0.05123666 0.09865222 0.007865028 0.0 0.0 0.0 0.022480153 0.037494116 0.021022428 0.034184165 0.0 0.052451584 0.0 0.002422896 0.12198122 0.020096146 0.0 0.0 0.0 0.0020716586
0.0 0.043584075 0.0 0.0 0.06545297 0.0 0.0 0.0 0.030272363 0.01569779 0.07694426 0.019722253 0.0 0.005927308 0.040463362 0.0 0.0011500379 0.09905665 0.033733666 0.061806746 0.059474405 0.0 0.0 0.0 0.035423532 0.0 0.055339538 0.012294864 0.0 0.033773884 0.0 0.0534476 0.0 0.0 0.0 0.0 0.0009928556 0.013560275 0.0 0.0 0.0322723 0.04377055 0.0 0.0003181254 0.019539924 0.0 0.0 0.0 0.048794143 0.0 0.0 0.0 0.0 0.030504186 0.0 0.0
0.007186823 0.025494061 0.117146365 0.043440882 0.01072984 0.0 0.016925437 0.0 0.0037893346 0.0 0.0 0.0 0.0 0.0 0.040999174 0.0 0.06470898 0.04038969 0.10100447 0.036139406 0.06431371 0.021766162 0.0108232135 0.0 0.07336595 0.0 0.0 0.0 0.0 0.02386271 0.015387319 0.0 0.053314902 0.027733972 0.0 0.003827792 0.0 0.0 0.022075502 0.0 0.0 0.0026246428 0.01091261 0.08102006 0.0 0.012060395 0.0015595829 0.0068812766 0.0 0.028928122 0.0 0.0 0.030504184 0.0 0.0 0.0
0.052881427 0.014709156 0.02757452 0.0 0.0 0.0 0.08593348 0.026500104 0.0 0.014823441 0.0 0.0018150319 0.0 0.017382264 0.0066083544 0.0 0.031543218 0.0 0.0 0.024049537 0.0 0.04330999 0.007988691 0.045760855 0.0049584624 0.03606899 0.0 0.011343935 0.0 0.0018133237 0.0 0.0 0.012124978 0.074534476 0.02552223 0.08576693 0.0 0.05025544 0.044306736 0.021606471 0.0028329147 0.0 0.08154131 0.012090276 0.0 0.07217072 0.026252393 0.0 0.0 0.027787954 0.038809676 0.0 0.0 0.0 0.0 0.039487295
0.0 0.008384451 0.11848466 0.0032719986 0.0 0.0 0.089709476 0.015369139 0.0 0.0 0.0 0.029945252 0.0 0.03927629 0.05638926 0.025687857 0.0 0.0 0.16399877 0.0 0.0 0.0 0.024232402 0.0 0.042621776 0.0 0.0 0.015417708 0.0 0.0 0.0 0.0 0.015745476 0.07928103 0.016138475 0.0 0.0 0.04004616 0.08755672 0.0 0.0 0.0 0.015188348 0.09232917 0.03682454 0.017060244 0.0 0.02575106 0.0 0.0 0.03042421 0.0020716586 0.0 0.0 0.039487295 0.0
